switch-indicator 304 695 357 725
track-sign-front 561 849 650 912
switch-indicator 658 618 680 640
track-sign-front 715 588 730 600
track-sign-front 918 594 939 613
switch-indicator 1838 717 1889 775
switch-indicator 1512 637 1540 663
track-sign-front 1268 537 1284 559
switch-indicator 1297 600 1312 615
switch-static 1310 1029 1562 1079
track-signal-front 311 501 321 516
track-signal-front 377 494 389 511
switch-static 847 690 923 709
switch-unknown 799 642 890 675
switch-left 324 790 467 840
switch-right 360 642 416 663
switch-unknown 348 617 392 634
switch-unknown 367 615 412 627
switch-unknown 407 635 451 656
switch-unknown 482 615 510 631
switch-unknown 483 607 514 620
switch-unknown 578 588 612 599
switch-unknown 348 595 385 607
switch-left 998 710 1129 747
switch-left 1534 1006 1862 1078
switch-unknown 1152 717 1331 773
switch-unknown 508 621 547 634
switch-unknown 508 611 543 622
switch-unknown 355 602 397 616
switch-unknown 424 588 450 596
switch-unknown 411 582 435 590
switch-unknown 394 574 420 583
switch-unknown 1319 783 1470 854
switch-unknown 1131 655 1199 696
switch-unknown 1052 640 1093 668
pole 262 61 323 766
pole 72 582 132 851
pole 876 469 885 599
pole 1236 306 1278 609
pole 1275 558 1281 609
pole 1679 0 1806 718
rail-occluder 1435 640 1453 700
rail-occluder 1448 683 1483 744
rail-occluder 657 618 680 636
rail-occluder 1837 717 1887 774
rail-occluder 1511 636 1541 677
rail-occluder 1294 595 1318 615
fence 868 585 964 638
rail-occluder 839 588 875 629
rail-occluder 715 578 729 606
rail-occluder 686 562 697 579
rail-occluder 774 579 788 595
rail-occluder 695 582 705 599
train-car 829 521 851 550
train-car 945 520 997 550
train-car 1109 516 1147 540
rail-occluder 321 636 348 654
rail-occluder 592 559 612 586
pole 148 565 153 633
rail-occluder 147 574 175 618
rail 1009 597 1918 678
rail 1 583 169 638
rail 835 554 877 561
rail 914 666 1919 1004
rail 1007 574 1919 655
rail 412 570 743 623
rail 369 572 743 625
rail 742 547 848 572
rail 1110 565 1654 620
rail 848 557 1919 754
rail 386 613 521 653
rail 354 576 464 610
rail 765 564 1919 833
rail 931 561 1052 591
rail 191 795 461 1079
rail 396 565 1061 1078
rail 955 564 1919 1079
rail 385 557 415 579
rail 391 578 465 608
rail 669 567 894 665
rail 1 563 489 1079
rail 3 640 427 794
rail 3 561 381 681
rail 3 615 398 713
guard-rail 0 1038 38 1068
guard-rail 439 1022 448 1077
rail 581 592 1637 1077
rail 609 593 952 676
rail 1078 715 1912 1068
guard-rail 1351 870 1427 924
guard-rail 738 640 776 649
guard-rail 793 632 821 641
guard-rail 1269 847 1346 889
guard-rail 1107 676 1127 695
guard-rail 1058 630 1069 637
guard-rail 1112 640 1128 651
guard-rail 1005 644 1034 652
guard-rail 1126 629 1159 633
guard-rail 1024 605 1033 611
guard-rail 1065 609 1075 616
guard-rail 1063 602 1078 604
guard-rail 995 597 1008 599
rail 1 589 169 650
