track-sign-front 797 759 847 813
pole 1517 0 1696 836
rail-occluder 1646 488 1716 659
pole 1235 449 1258 609
fence 1156 560 1160 591
pole 1173 527 1183 587
pole 1140 540 1146 588
pole 1112 525 1122 597
pole 1103 482 1110 580
pole 1083 420 1098 605
rail-occluder 939 572 944 577
rail-occluder 1772 664 1785 678
rail-occluder 1054 566 1087 603
rail-occluder 1007 567 1050 599
rail-occluder 1473 595 1606 789
rail-occluder 1376 669 1409 729
rail-occluder 1653 682 1878 874
rail 1116 577 1919 676
rail 1115 581 1919 704
rail 1000 571 1919 790
rail 1252 587 1919 720
rail 1027 569 1919 744
rail 935 563 1918 1079
rail 181 564 921 1079
rail 874 565 1138 1079
rail 1023 866 1106 1079
rail 1097 588 1614 698
