track-signal-front 347 511 378 565
track-signal-back 346 564 376 615
track-sign-front 224 898 260 926
track-signal-front 1137 783 1161 800
track-signal-back 1034 612 1040 627
track-signal-back 1114 615 1120 631
rail-occluder 156 752 229 880
rail-occluder 249 741 314 849
pole 367 672 384 785
pole 516 578 544 743
pole 582 527 599 762
pole 634 596 640 701
pole 1029 522 1062 741
pole 1163 596 1170 668
pole 1202 589 1215 680
pole 1440 519 1464 724
rail-occluder 1219 576 1275 692
rail-occluder 1812 759 1831 789
rail 1131 645 1919 797
rail 0 688 671 859
rail 0 683 664 815
rail 1097 648 1919 905
rail 152 657 877 1078
rail 1025 651 1919 1079
rail 705 659 979 1079
