switch-static 963 625 1107 683
switch-right 732 472 800 487
switch-static 1424 701 1672 795
switch-right 763 645 944 695
switch-static 1162 552 1271 645
rail-occluder 1110 510 1134 625
rail-occluder 1169 554 1214 618
pole 1015 300 1151 532
rail-occluder 1284 471 1305 503
pole 1327 319 1519 546
rail 873 439 1918 586
rail 858 443 1919 624
rail 726 443 1918 844
rail 726 451 791 483
rail 777 438 1919 690
rail 688 462 1092 1079
rail 546 650 959 1079
guard-rail 881 476 1169 567
guard-rail 902 477 1182 557
guard-rail 1152 503 1472 572
guard-rail 1154 507 1445 572
guard-rail 1218 492 1730 582
guard-rail 1215 494 1700 579
rail 967 440 1911 552
