switch-static 1285 854 1408 908
switch-right 1060 639 1145 692
switch-unknown 1009 547 1033 558
switch-unknown 1032 530 1045 537
track-sign-front 1315 335 1341 362
track-signal-front 643 429 663 473
track-sign-front 646 420 657 432
track-sign-front 537 433 546 442
track-signal-front 534 441 551 481
pole 790 285 824 626
train-car 0 508 932 628
train-car 945 508 987 530
pole 386 211 407 618
fence 431 493 444 612
pole 541 481 564 618
pole 650 475 673 623
pole 714 333 727 570
pole 845 373 859 554
pole 930 404 938 544
pole 970 422 978 538
rail-occluder 742 566 779 648
rail-occluder 422 590 437 612
pole 1076 457 1080 525
pole 982 490 986 536
train-car 927 510 947 527
rail-occluder 575 585 584 595
rail-occluder 674 576 680 580
rail 9 528 1008 666
rail 0 553 798 638
rail 9 531 1014 740
rail 9 533 1043 820
rail 1112 522 1919 792
rail 1083 520 1917 1079
rail 81 524 1047 1079
rail 8 533 1001 695
rail 1010 549 1129 661
rail 1042 519 1327 1078
guard-rail 1032 576 1042 587
guard-rail 1094 571 1099 583
guard-rail 990 560 998 566
rail 1072 852 1079 1079
guard-rail 1033 559 1038 563
