switch-left 687 696 767 723
switch-left 625 729 721 764
switch-indicator 805 684 845 740
switch-right 923 595 944 601
track-signal-back 618 408 647 492
pole 983 370 995 621
pole 949 488 952 581
platform 959 563 1919 873
pole 1341 499 1355 652
pole 1609 502 1622 698
pole 1879 536 1896 776
platform 1172 578 1919 647
pole 941 528 946 576
rail-occluder 1376 615 1479 650
rail 953 573 1918 1078
rail 63 570 917 1079
rail 858 569 1115 1079
rail 402 595 938 1079
rail 1320 611 1919 679
guard-rail 811 620 832 632
guard-rail 868 623 891 633
guard-rail 944 606 945 612
guard-rail 894 606 910 612
rail 141 734 652 1078
