track-signal-front 515 189 585 389
track-sign-front 493 448 519 868
track-signal-front 417 502 462 587
track-signal-front 549 508 589 583
track-signal-back 213 610 244 680
pole 489 195 524 917
pole 206 403 237 758
pole 385 481 401 715
pole 411 527 427 692
pole 515 561 534 694
train-car 502 629 642 667
pole 652 377 685 756
train-car 682 636 706 653
platform 281 662 497 679
platform 677 648 739 660
rail 1 661 550 748
rail 5 677 627 858
rail 6 667 713 1060
rail 745 660 1027 1079
guard-rail 829 769 983 1043
