switch-left 1525 829 1742 942
track-sign-front 1133 507 1153 703
track-sign-front 289 423 307 647
track-signal-back 608 254 655 303
track-signal-back 657 231 672 303
track-signal-back 677 231 692 303
track-signal-front 808 261 849 309
track-signal-back 855 238 871 310
track-signal-front 875 238 892 309
track-signal-back 1032 512 1040 521
track-signal-front 1032 488 1040 508
train-car 527 485 747 757
pole 1115 133 1162 787
pole 1283 0 1314 929
pole 923 387 940 659
pole 882 370 904 626
pole 1099 684 1111 819
pole 957 289 1021 749
rail-occluder 1049 605 1060 632
train-car 918 554 1084 628
rail 897 597 1919 1068
rail 1039 621 1917 972
rail 70 743 655 1079
rail 774 568 1055 1078
