switch-right 946 667 1146 774
switch-unknown 959 547 1020 563
track-sign-front 800 495 816 510
track-signal-back 697 416 710 440
switch-indicator 773 531 779 542
switch-static 384 671 453 709
switch-static 142 733 284 789
switch-static 590 619 651 639
switch-static 21 671 92 691
switch-unknown 826 543 895 562
track-signal-back 1024 446 1031 459
track-sign-front 1071 480 1084 495
switch-static 1221 741 1299 808
rail-occluder 158 633 209 755
rail-occluder 129 579 162 659
pole 33 440 102 670
rail 6 559 687 736
rail 431 549 1012 755
rail 380 552 613 628
rail 7 523 908 1078
rail 970 545 1036 565
rail 6 621 805 922
rail 829 536 1126 763
rail 965 511 1365 1077
rail 6 527 702 640
guard-rail 348 780 524 898
guard-rail 1026 580 1044 610
rail 326 622 734 746
rail 607 621 761 699
