switch-left 1366 638 1419 676
switch-unknown 1400 615 1435 626
switch-static 675 845 751 873
switch-static 1629 841 1698 888
switch-indicator 1185 628 1197 643
switch-static 1308 626 1318 645
switch-unknown 932 636 997 663
track-signal-back 1120 513 1130 546
track-signal-back 1051 514 1063 543
track-signal-back 979 517 997 549
switch-left 352 792 548 886
switch-right 919 696 1025 741
switch-right 997 690 1090 738
switch-right 816 808 984 884
switch-right 926 798 1114 893
switch-right 1235 803 1421 886
switch-right 1348 802 1531 892
switch-right 1271 702 1378 760
switch-right 1324 700 1438 748
switch-static 1096 705 1154 734
switch-static 1199 706 1260 730
switch-static 1444 659 1470 678
pole 874 511 911 648
pole 1009 521 1024 605
pole 1111 545 1124 600
pole 1134 547 1138 590
pole 1241 543 1249 601
rail-occluder 1263 592 1274 611
rail-occluder 1458 624 1469 644
rail-occluder 1500 615 1505 651
rail-occluder 1511 618 1517 657
pole 1573 518 1609 684
pole 1740 513 1761 712
pole 1861 501 1899 754
pole 977 482 992 596
pole 1249 513 1261 603
rail 1345 595 1918 731
rail 4 572 1154 1041
rail 1270 638 1843 1078
rail 6 579 1047 954
rail 943 596 1001 614
rail 1270 592 1424 1079
rail 924 592 985 1078
rail 871 716 1029 863
rail 1369 613 1435 666
rail 522 573 1170 1079
rail 924 592 1239 1079
rail 1104 592 1424 1079
rail 1231 645 1843 1079
guard-rail 766 714 806 730
guard-rail 708 879 793 942
rail 989 642 1077 855
rail 954 594 988 656
rail 1265 698 1341 814
guard-rail 1567 881 1664 954
rail 1237 584 1362 693
rail 1322 736 1364 845
