switch-right 909 422 954 450
switch-left 912 417 960 453
switch-unknown 925 390 954 406
switch-unknown 1085 444 1160 477
switch-unknown 1061 423 1125 446
switch-unknown 920 377 951 384
switch-indicator 361 483 384 562
switch-indicator 814 404 826 442
switch-indicator 1225 420 1235 457
pole 1298 0 1404 835
rail 1389 502 1655 591
rail 3 567 506 776
rail 5 560 588 907
rail 8 426 970 835
rail 7 430 805 900
rail 1042 401 1648 855
rail 912 400 1017 445
rail 654 388 1075 1079
rail 927 395 1651 610
rail 928 393 1126 446
