switch-left 848 590 1035 687
switch-static 706 636 807 721
switch-right 983 451 1050 473
track-signal-front 878 292 889 313
track-signal-front 991 294 1002 314
track-signal-front 1053 298 1063 316
switch-left 243 472 364 523
pole 389 0 433 605
pole 1611 79 1650 466
pole 1714 201 1753 485
pole 1429 282 1444 449
train-car 1031 363 1083 388
pole 461 243 477 496
rail 1350 408 1919 470
rail 1134 416 1919 597
rail 1048 409 1919 667
rail 1024 414 1917 807
rail 4 430 510 615
rail 922 388 1915 1079
rail 3 416 387 705
rail 869 453 1042 674
rail 797 387 1173 1079
rail 1061 391 1919 546
guard-rail 887 490 890 521
rail 1526 476 1917 539
