switch-right 1063 725 1248 813
switch-unknown 987 542 1030 557
switch-indicator 1198 519 1204 540
switch-indicator 1075 513 1079 530
switch-left 989 569 1063 606
switch-indicator 1470 531 1478 552
switch-left 1624 529 1634 555
track-sign-front 1317 493 1325 502
switch-static 1265 717 1463 793
switch-right 991 722 1196 830
switch-unknown 996 575 1060 604
switch-unknown 437 637 583 686
switch-static 288 718 460 782
pole 859 429 875 572
pole 281 515 293 780
rail 417 545 1020 666
rail 8 517 878 798
rail 994 578 1066 598
rail 462 527 1120 785
rail 1465 557 1919 957
rail 1345 574 1919 816
rail 858 525 1382 1078
rail 886 521 1420 1079
rail 1679 715 1919 833
rail 1690 729 1917 928
guard-rail 1231 665 1233 702
rail 1124 723 1240 1079
rail 1039 750 1084 1079
guard-rail 1003 659 1006 699
rail 1000 746 1010 1079
rail 1229 730 1275 1079
