switch-left 833 453 920 488
switch-static 928 461 975 486
track-signal-back 370 223 399 277
track-signal-back 605 258 630 309
track-signal-back 710 297 725 325
track-sign-front 782 394 794 410
track-sign-front 599 384 617 409
track-sign-front 709 424 734 448
track-sign-front 687 422 712 440
track-sign-front 678 416 699 435
track-sign-front 470 431 494 450
track-signal-back 814 303 830 338
pole 376 278 411 488
pole 403 235 412 438
pole 462 277 471 417
pole 494 297 504 412
pole 516 310 526 406
train-car 202 351 562 447
pole 588 168 606 448
rail 1 442 266 494
rail 1 436 224 488
rail 4 399 570 592
rail 5 395 594 894
rail 627 386 1152 1079
rail 757 395 1205 1079
rail 641 384 914 1078
rail 4 401 528 526
guard-rail 926 515 939 546
guard-rail 741 520 760 552
