track-signal-front 1665 0 1874 129
track-signal-front 1194 420 1222 480
switch-left 935 548 957 558
switch-right 930 543 950 549
switch-indicator 1048 554 1058 568
switch-indicator 1216 579 1229 603
track-sign-front 1067 533 1074 540
switch-static 1032 583 1042 597
buffer-stop 953 531 965 537
switch-indicator 1012 547 1020 558
switch-indicator 968 546 978 557
track-sign-front 1726 95 1781 137
train-car 0 345 923 1079
pole 1091 221 1113 664
pole 1684 102 1784 1079
pole 1200 476 1213 618
person 1113 564 1135 620
rail-occluder 1189 566 1195 574
pole 1128 432 1135 572
rail-occluder 1086 547 1110 606
pole 1066 558 1070 589
rail-occluder 1436 608 1441 630
rail-occluder 971 546 976 554
rail 1078 548 1919 704
rail 912 545 945 550
rail 935 549 1918 799
rail 962 540 1919 1043
rail 931 533 1309 1078
