track-signal-front 376 334 417 413
track-signal-front 1021 482 1032 505
track-signal-front 990 459 1007 497
switch-indicator 1203 568 1213 587
switch-indicator 1129 580 1140 606
switch-indicator 1050 554 1057 567
switch-unknown 950 548 972 556
switch-unknown 900 541 915 547
buffer-stop 910 527 922 536
track-sign-front 988 530 994 535
switch-indicator 917 538 921 544
train-car 567 421 888 639
rail-occluder 1392 600 1397 616
rail-occluder 1400 607 1410 621
rail-occluder 1098 554 1109 593
person 1000 544 1010 573
pole 993 487 1002 590
pole 967 426 971 571
pole 974 471 980 560
rail-occluder 956 553 960 563
rail-occluder 1128 564 1131 576
rail-occluder 1062 551 1066 557
pole 1011 359 1029 594
pole 404 289 443 677
rail 1171 561 1918 709
rail 1035 548 1919 757
rail 965 548 1918 765
rail 5 599 573 720
rail 5 643 672 894
rail 885 536 1917 998
rail 894 532 1327 1079
