switch-left 900 601 928 609
switch-right 813 609 840 616
track-signal-front 985 554 988 558
track-signal-front 1050 550 1053 554
track-signal-back 1212 508 1222 531
track-signal-back 884 516 893 540
pole 1157 553 1165 728
pole 1055 354 1078 615
platform 909 569 967 582
platform 991 570 1010 578
rail 824 583 851 606
rail 1053 582 1919 1079
rail 892 574 1164 1079
rail 929 569 1197 1079
rail 8 582 881 1079
rail 8 605 921 1079
guard-rail 784 653 829 678
guard-rail 903 659 914 689
guard-rail 1007 652 1022 689
guard-rail 919 619 921 625
