switch-unknown 1060 428 1160 468
switch-unknown 1024 399 1073 421
pole 1157 76 1187 436
rail-occluder 989 386 1001 397
pole 1408 0 1500 508
rail-occluder 1543 422 1652 553
rail-occluder 1690 480 1795 601
rail-occluder 1206 411 1335 480
rail 1092 393 1919 554
rail 999 386 1919 960
rail 8 378 945 842
rail 1065 425 1692 1079
rail 798 376 1271 1079
rail 1054 390 1066 408
rail 1030 376 1050 409
guard-rail 1365 719 1666 1079
guard-rail 1110 494 1122 536
guard-rail 829 734 898 1079
guard-rail 1246 493 1345 537
