switch-left 696 494 792 529
switch-static 787 504 864 543
switch-left 964 442 999 457
switch-static 1006 451 1037 462
switch-left 974 430 1000 441
switch-left 831 441 881 463
switch-left 758 443 805 470
switch-indicator 799 506 818 566
switch-indicator 1027 436 1035 460
switch-static 708 455 755 470
switch-static 1003 435 1024 443
switch-unknown 899 427 927 435
switch-unknown 909 425 937 433
pole 838 353 843 415
train-car 725 399 752 411
platform 751 404 845 415
rail-occluder 1354 672 1397 968
rail 1083 425 1915 1064
rail 878 418 924 430
rail 975 423 1031 439
rail 8 414 941 976
rail 691 425 1086 1079
rail 703 418 803 463
rail 757 415 763 471
rail 770 415 808 512
rail 698 417 845 520
rail 832 421 923 460
rail 823 416 879 458
rail 966 423 980 454
rail 933 425 997 451
