switch-right 931 795 1181 961
switch-left 453 898 849 1079
switch-indicator 1365 912 1505 990
pole 1602 339 1649 778
pole 1711 315 1745 698
pole 1848 337 1876 643
pole 1492 350 1522 639
pole 1317 392 1340 685
pole 1056 465 1077 635
pole 1162 466 1173 616
pole 1277 434 1295 625
pole 735 493 747 620
rail-occluder 759 590 768 628
pole 975 479 990 617
pole 961 466 974 614
pole 1076 516 1120 637
pole 474 454 486 646
pole 435 457 452 638
pole 819 512 835 607
rail-occluder 832 592 842 609
rail-occluder 1227 547 1233 615
rail 421 608 812 1079
rail 405 604 812 1079
rail 538 604 1256 1078
rail 524 603 1308 1079
rail 758 596 1919 1068
rail 783 592 1919 778
rail 882 592 1919 613
guard-rail 584 656 594 667
guard-rail 695 645 711 664
