switch-right 685 661 782 694
switch-unknown 306 682 449 745
switch-right 951 554 972 562
switch-left 766 584 818 601
track-sign-front 827 543 832 548
switch-indicator 922 562 928 574
switch-left 592 702 713 753
switch-static 755 687 806 718
track-signal-back 985 503 992 513
track-signal-front 685 499 695 512
rail-occluder 311 647 317 659
rail-occluder 328 661 334 691
pole 626 366 641 616
rail-occluder 640 456 665 598
pole 831 472 836 587
pole 840 516 843 564
pole 904 516 908 558
pole 952 516 954 558
pole 958 501 961 548
pole 964 506 967 547
pole 972 514 976 545
pole 981 528 983 548
pole 985 469 990 561
pole 994 449 998 552
rail 7 560 844 752
rail 690 545 994 681
rail 3 613 571 697
rail 826 547 1125 1079
rail 6 586 808 864
rail 6 543 986 799
rail 7 588 775 1079
rail 75 551 945 1079
rail 739 544 995 696
rail 396 666 567 722
rail 8 558 841 681
