switch-unknown 895 609 959 634
switch-unknown 993 571 1019 584
track-signal-front 878 521 884 528
switch-indicator 1315 619 1340 633
switch-indicator 1078 581 1093 592
switch-unknown 747 601 790 619
pole 594 0 678 829
pole 1233 11 1280 763
train-car 1329 505 1528 623
rail-occluder 675 163 755 717
rail-occluder 1273 278 1451 885
rail 0 799 374 951
rail 1491 621 1917 707
rail 281 625 683 703
rail 1 605 716 736
rail 7 588 774 909
rail 992 566 1919 1041
rail 9 567 1013 1078
rail 880 561 1159 1079
guard-rail 4 828 492 1060
guard-rail 178 843 362 934
rail 9 564 818 940
