crossing 785 616 869 642
track-signal-front 820 479 833 504
track-signal-front 1618 274 1663 340
track-sign-front 1048 577 1069 613
track-sign-front 1048 553 1069 575
track-sign-front 1231 567 1249 588
track-sign-front 726 489 755 519
track-sign-front 662 496 668 513
train-car 1122 340 1768 869
rail-occluder 879 576 889 617
pole 947 17 980 649
pole 862 193 880 613
pole 721 517 738 607
rail-occluder 979 609 1214 838
platform 0 643 776 1079
fence 1228 719 1919 1079
platform 1761 759 1919 908
rail 804 577 1133 714
rail 1531 891 1917 1079
rail 715 575 1085 1079
