switch-left 1050 385 1108 445
track-signal-back 40 283 76 309
track-signal-back 536 265 565 282
track-sign-front 445 340 455 356
switch-indicator 1335 359 1356 391
track-sign-front 1851 390 1902 433
track-sign-front 1679 153 1699 173
track-signal-front 1680 176 1697 212
switch-left 1079 323 1103 346
crossing 1208 815 1585 1039
crossing 852 826 1147 1041
switch-static 981 376 1036 405
switch-right 1080 308 1121 325
switch-indicator 1196 381 1210 404
switch-indicator 1413 391 1441 415
track-sign-front 394 255 417 273
switch-unknown 1146 304 1172 309
pole 57 313 79 512
pole 365 121 382 398
pole 407 287 421 418
pole 488 398 493 446
pole 494 372 508 407
pole 548 348 559 439
train-car 1 294 248 393
train-car 303 277 563 375
train-car 594 270 935 348
rail-occluder 993 305 1006 334
pole 1062 202 1067 308
pole 1119 264 1123 306
train-car 1326 243 1919 399
pole 1863 436 1879 689
pole 1338 332 1343 361
pole 931 0 954 454
pole 448 359 457 478
person 733 309 756 347
rail-occluder 101 487 195 1024
rail-occluder 1263 321 1266 337
rail 808 299 1158 1075
rail 1051 299 1680 1079
rail 1080 323 1919 599
rail 1085 308 1919 494
rail 1145 305 1341 334
rail 1064 296 1327 326
rail 9 304 1004 593
rail 9 294 1014 514
rail 5 369 607 482
rail 5 354 626 457
rail 2 413 226 449
rail 3 381 367 439
guard-rail 935 584 994 769
guard-rail 1218 574 1365 749
guard-rail 1123 340 1137 347
guard-rail 1073 341 1075 349
