switch-right 791 713 895 780
switch-static 623 756 742 827
switch-static 632 809 737 867
switch-left 796 810 970 888
switch-right 886 589 924 613
switch-left 867 573 894 586
switch-right 792 576 817 590
switch-static 1236 694 1316 720
switch-static 910 578 926 588
switch-static 922 587 945 593
switch-static 606 887 667 916
pole 827 521 832 568
rail 781 543 915 1079
rail 740 562 920 764
rail 791 592 1101 1078
rail 798 543 1056 1079
rail 820 550 1919 1079
rail 735 551 902 588
guard-rail 888 634 894 643
