switch-left 650 475 714 507
track-sign-front 652 447 660 466
track-sign-front 918 461 937 476
track-sign-front 763 444 775 459
switch-static 1013 555 1068 595
track-sign-front 1224 488 1246 516
switch-static 1000 723 1210 815
switch-static 1408 629 1554 692
switch-static 632 464 651 473
switch-right 1262 658 1406 717
pole 916 461 938 491
pole 374 190 398 538
rail 2 486 501 625
rail 616 761 786 1079
rail 833 778 1134 1079
rail 1312 660 1919 1079
rail 831 434 1919 1079
rail 0 429 746 925
rail 691 431 1088 1079
rail 570 477 1018 1079
guard-rail 632 639 635 713
guard-rail 910 642 937 717
guard-rail 532 518 585 543
guard-rail 688 519 697 544
