switch-right 1091 662 1183 707
switch-static 1165 658 1208 674
switch-left 966 585 1002 599
switch-static 965 606 984 616
switch-unknown 1073 594 1129 613
switch-unknown 902 564 926 573
pole 1773 348 1841 748
rail-occluder 1842 653 1872 739
rail-occluder 1308 588 1311 598
rail 741 564 1038 1078
rail 1156 715 1914 1079
rail 934 559 1889 1079
rail 903 565 994 593
rail 1214 590 1918 729
rail 1120 567 1919 684
rail 1227 576 1919 671
rail 975 559 1919 869
rail 1131 568 1919 855
rail 1050 576 1085 593
