switch-right 1002 386 1077 425
switch-right 803 334 849 350
switch-unknown 1031 344 1063 355
switch-static 892 463 965 489
switch-indicator 866 430 921 478
switch-indicator 863 386 894 420
switch-static 903 399 935 414
switch-indicator 1127 405 1165 455
switch-indicator 837 350 860 375
switch-right 966 470 1078 538
switch-unknown 1118 355 1148 367
switch-unknown 1208 362 1236 372
switch-unknown 815 319 842 328
switch-unknown 551 386 581 403
switch-static 492 380 524 394
switch-unknown 935 337 961 348
switch-unknown 1723 496 1772 515
switch-static 1771 495 1788 509
switch-indicator 592 334 612 376
switch-indicator 622 320 646 375
pole 713 14 746 347
pole 927 187 940 317
pole 944 175 958 321
pole 161 0 198 386
pole 0 0 28 448
pole 1572 249 1611 481
pole 1479 0 1595 587
pole 1361 0 1482 531
pole 1168 39 1202 380
pole 1191 94 1219 369
pole 1212 87 1264 403
pole 1243 29 1291 411
rail-occluder 595 339 608 373
rail-occluder 700 336 710 350
rail-occluder 1338 415 1374 459
rail-occluder 866 387 880 400
rail 1244 339 1919 520
rail 8 296 914 485
rail 1 408 568 581
rail 10 348 1089 616
rail 247 474 1067 1079
rail 732 305 1171 1079
rail 1 321 819 380
rail 5 323 831 429
rail 1016 307 1915 705
rail 1166 321 1919 594
rail 805 293 827 340
rail 835 292 842 333
rail 7 349 1029 484
rail 607 336 1009 407
rail 1008 348 1155 411
rail 746 304 967 372
rail 946 310 992 338
rail 1058 313 1064 428
rail 1145 328 1377 400
rail 1249 333 1919 488
rail 1272 334 1567 397
rail 10 353 1135 563
guard-rail 410 771 662 967
guard-rail 1085 815 1104 1059
rail 1621 466 1919 550
rail 1129 317 1169 346
rail 1156 319 1679 494
guard-rail 220 508 385 549
