track-sign-front 656 877 694 902
switch-static 1622 719 1655 735
track-sign-front 1847 630 1875 677
switch-static 1020 791 1080 822
train-car 0 480 400 927
pole 745 424 767 761
train-car 767 623 892 670
train-car 1023 626 1249 662
train-car 990 621 1289 661
pole 1163 457 1176 692
pole 1391 495 1410 701
pole 1545 576 1551 681
rail-occluder 1538 636 1549 680
rail-occluder 1573 648 1597 684
rail-occluder 1872 663 1887 722
pole 1821 400 1841 714
pole 691 577 696 687
rail-occluder 526 683 553 720
rail-occluder 1237 661 1246 670
rail-occluder 1326 663 1335 675
rail-occluder 1387 662 1394 676
rail-occluder 1623 710 1640 733
rail 1406 660 1919 709
rail 1206 656 1919 742
rail 1015 650 1919 755
rail 1413 704 1919 790
rail 988 650 1919 835
rail 391 662 692 709
rail 389 675 773 783
rail 951 647 1919 994
rail 936 649 1705 1079
rail 706 667 999 1078
rail 394 668 693 730
rail 384 710 602 755
rail 6 671 834 1079
rail 7 664 835 1028
