crossing 1196 564 1255 574
crossing 1055 562 1104 573
track-signal-front 1423 440 1477 518
track-signal-back 1404 289 1455 365
switch-unknown 1249 518 1282 526
switch-static 1092 612 1113 631
switch-unknown 1174 519 1202 529
switch-unknown 1207 547 1258 560
switch-indicator 1056 578 1078 632
track-sign-front 955 695 990 759
track-sign-front 1381 116 1420 414
track-sign-front 1391 467 1439 488
platform 1354 638 1919 1079
pole 52 60 94 689
pole 721 279 737 573
platform 0 557 969 886
fence 804 518 1003 565
rail-occluder 202 582 236 625
rail-occluder 748 543 762 568
rail-occluder 222 623 248 645
rail 56 504 1230 1079
rail 2 559 228 639
rail 1160 512 1254 557
rail 1095 494 1442 1077
rail 1004 509 1178 542
rail 5 581 610 671
rail 8 545 869 661
