switch-left 827 812 1003 875
switch-right 899 673 984 710
switch-static 784 715 864 754
switch-static 718 774 842 818
switch-unknown 923 572 943 582
switch-left 884 596 918 608
pole 653 467 690 681
train-car 943 530 981 558
train-car 1013 180 1919 1079
pole 387 638 408 791
pole 843 451 860 604
rail-occluder 860 621 885 653
rail 909 569 993 586
rail 9 562 958 1079
rail 7 567 894 912
rail 885 597 976 710
rail 726 542 1036 1079
rail 897 566 925 578
rail 760 807 866 1079
rail 983 833 1003 1079
rail 989 781 1052 1079
guard-rail 982 622 983 634
rail 917 563 928 570
rail 924 562 941 578
