crossing 992 682 1033 691
switch-unknown 996 624 1030 632
track-sign-front 1136 655 1159 669
platform 1 670 896 1079
platform 1077 684 1919 1079
pole 81 1 152 1079
pole 501 485 546 861
pole 567 496 610 829
pole 618 504 655 797
pole 695 513 723 752
pole 661 505 692 771
pole 722 518 745 737
pole 747 523 771 721
pole 767 525 789 709
pole 784 527 803 700
pole 803 530 817 695
pole 823 480 829 679
pole 858 481 864 675
rail 9 629 1026 896
rail 881 603 1093 1078
person 1562 705 1686 1011
person 1678 790 1760 1061
person 1178 623 1207 741
