track-sign-front 822 668 859 727
track-sign-front 1658 468 1690 493
switch-static 1367 738 1436 802
track-signal-back 1235 366 1255 423
track-signal-back 1456 398 1471 426
track-signal-back 1574 397 1591 429
track-signal-back 1739 415 1753 447
track-signal-back 1776 365 1797 420
track-signal-back 1482 454 1498 463
switch-right 1090 761 1325 868
train-car 1192 469 1239 505
pole 1395 324 1404 538
pole 1445 352 1457 538
pole 1488 461 1494 555
pole 1605 177 1618 602
pole 1659 198 1682 605
pole 1769 367 1777 548
pole 1570 433 1574 527
pole 1497 250 1521 583
train-car 1821 457 1919 506
train-car 1404 464 1825 504
rail 1398 505 1919 583
rail 1402 512 1919 619
rail 1084 786 1420 1079
rail 1028 493 1477 1077
rail 1240 504 1919 920
rail 1454 507 1919 550
