switch-indicator 939 714 962 729
switch-right 1041 712 1182 763
switch-left 1088 507 1111 513
switch-unknown 1077 500 1095 505
switch-unknown 1050 494 1061 499
track-sign-front 1112 501 1117 507
track-sign-front 1296 496 1312 522
switch-indicator 1290 677 1343 773
switch-static 1228 733 1286 765
track-signal-back 932 461 938 472
buffer-stop 903 504 923 523
buffer-stop 819 516 851 540
buffer-stop 590 546 658 591
switch-static 1141 647 1213 672
switch-static 932 739 1042 769
rail-occluder 318 788 557 1059
rail-occluder 794 538 833 779
rail-occluder 590 547 617 582
rail-occluder 630 549 655 586
pole 511 246 541 591
pole 270 237 293 662
pole 459 399 479 544
pole 490 435 501 527
train-car 283 500 449 532
train-car 446 499 509 528
train-car 529 488 718 543
pole 704 389 715 546
train-car 715 476 960 543
pole 862 414 876 537
pole 946 213 981 570
pole 988 319 1001 543
pole 1009 365 1025 520
pole 1025 416 1030 507
rail-occluder 866 580 900 668
rail-occluder 175 564 186 578
rail-occluder 211 577 222 588
pole 215 448 220 550
rail-occluder 203 406 215 549
rail-occluder 361 540 367 551
rail-occluder 404 475 412 551
rail 2 531 286 564
rail 0 534 523 603
rail 4 527 463 583
rail 0 522 501 596
rail 4 539 543 623
rail 6 524 722 640
rail 6 531 731 709
rail 353 540 765 673
rail 10 482 1036 1033
rail 1057 483 1919 1073
rail 812 498 909 544
rail 1039 490 1091 502
rail 940 493 970 520
rail 900 495 929 523
rail 1023 484 1311 1077
rail 1050 509 1093 676
rail 1052 483 1134 680
rail 4 530 499 592
guard-rail 1102 534 1104 543
