track-signal-front 1549 58 1635 232
crossing 810 667 1094 757
crossing 910 588 1032 624
track-signal-front 1098 422 1117 460
track-signal-front 1611 387 1637 433
track-signal-front 1511 341 1531 399
track-signal-back 1557 334 1587 404
track-signal-front 1239 259 1288 350
track-signal-front 1223 278 1258 356
track-signal-front 1646 355 1676 431
train-car 0 0 697 961
pole 879 241 895 579
pole 915 326 922 560
pole 931 371 939 553
pole 943 399 949 542
pole 950 416 955 532
pole 961 425 965 515
pole 974 429 977 503
pole 983 432 986 494
pole 989 435 992 487
rail 603 480 1208 1079
rail 676 482 990 645
