buffer-stop 959 601 1013 659
pole 493 401 556 827
pole 327 516 344 706
rail-occluder 233 631 372 712
pole 385 550 419 709
rail-occluder 417 522 487 655
pole 572 514 591 635
pole 671 527 685 612
pole 719 537 725 612
pole 697 521 707 614
train-car 0 487 737 669
train-car 1082 131 1919 1072
platform 0 568 943 1079
pole 52 0 174 1016
person 111 605 177 829
person 234 576 284 769
person 381 581 471 863
rail-occluder 0 643 59 797
rail-occluder 183 655 253 780
pole 177 512 197 768
person 478 573 506 692
person 687 554 714 634
rail 6 584 744 721
rail 855 623 1122 1079
