switch-left 1006 538 1031 553
switch-unknown 1012 564 1048 580
switch-indicator 1687 715 1744 786
switch-indicator 1366 576 1382 598
switch-unknown 1318 561 1380 579
switch-indicator 894 540 902 549
switch-indicator 1132 534 1139 543
switch-left 1057 540 1085 552
switch-unknown 954 527 972 533
switch-unknown 926 526 939 538
switch-indicator 981 525 985 530
switch-right 1018 590 1069 613
switch-indicator 839 538 847 550
pole 64 0 509 1079
pole 472 61 529 657
pole 625 301 661 565
pole 747 311 760 560
pole 931 193 959 618
pole 887 407 901 537
pole 862 376 875 544
pole 968 362 976 559
pole 1196 375 1204 556
rail-occluder 1365 576 1382 600
pole 1468 117 1523 634
pole 1217 537 1221 565
pole 20 508 27 548
pole 849 420 859 533
rail-occluder 981 526 985 529
rail 0 533 26 562
rail 8 528 886 581
rail 8 521 922 567
rail 8 521 931 592
rail 1115 531 1919 716
rail 0 529 25 560
rail 9 547 937 857
rail 1054 525 1919 797
rail 7 554 831 690
rail 1012 519 1230 641
rail 9 519 1004 704
rail 9 521 969 1079
rail 974 519 1065 574
rail 983 518 1028 550
rail 831 528 1104 1079
rail 1014 528 1284 1079
rail 1011 553 1919 1079
rail 1047 527 1919 1068
guard-rail 1453 595 1546 618
rail 959 518 1016 573
rail 4 594 542 643
guard-rail 1156 631 1227 670
guard-rail 1052 594 1069 624
guard-rail 903 574 917 583
guard-rail 1264 628 1338 661
