crossing 343 491 546 546
crossing 761 494 936 561
switch-unknown 737 330 779 347
track-signal-front 1300 255 1317 276
track-signal-front 1297 276 1316 301
track-signal-front 918 257 929 278
track-signal-front 917 279 929 294
track-signal-front 801 203 814 231
track-signal-front 798 238 814 258
track-sign-front 800 294 807 329
track-sign-front 920 295 927 320
track-sign-front 853 297 860 302
switch-static 782 341 793 345
switch-static 780 344 791 350
switch-static 793 323 800 328
pole 1596 45 1745 684
pole 1204 180 1260 501
pole 1077 216 1111 409
pole 1019 238 1038 377
pole 981 246 997 371
pole 957 256 970 354
pole 942 258 954 345
pole 917 256 929 333
pole 798 202 814 350
train-car 136 157 648 470
rail 927 308 1919 546
rail 638 302 795 352
rail 7 320 781 881
rail 669 324 1116 1079
rail 744 317 899 338
rail 772 324 832 338
rail 898 305 1919 618
person 294 372 383 520
