track-signal-front 194 201 263 391
track-signal-back 190 389 266 481
track-signal-front 1602 346 1649 466
track-signal-back 1601 445 1658 506
train-car 1146 518 1919 725
pole 1430 263 1447 757
pole 1627 500 1670 824
pole 1215 465 1227 676
pole 212 465 261 997
pole 860 577 874 690
rail-occluder 265 801 426 992
pole 1156 524 1164 658
pole 1128 549 1135 643
rail-occluder 1626 736 1636 811
rail-occluder 1575 715 1592 805
rail-occluder 1311 645 1317 671
rail-occluder 1296 646 1302 671
rail-occluder 1244 634 1249 661
rail-occluder 1208 632 1214 660
rail-occluder 1184 632 1190 653
rail-occluder 1259 649 1265 665
rail 1153 633 1919 771
rail 1095 634 1919 858
rail 8 661 905 968
rail 1072 635 1919 1079
rail 171 648 1005 1079
rail 984 637 1260 1079
