switch-right 189 815 588 961
switch-right 943 881 1331 1038
switch-indicator 672 706 985 1031
switch-left 1059 583 1185 658
train-car 1128 458 1324 529
platform 1208 526 1512 681
pole 846 125 864 640
pole 894 273 904 576
pole 989 350 994 546
fence 1245 507 1437 581
rail 70 537 820 1079
rail 346 532 1015 1079
rail 1074 536 1255 624
rail 948 526 1271 1079
rail 947 530 1341 1079
guard-rail 561 621 576 634
guard-rail 726 624 750 642
guard-rail 954 630 955 646
guard-rail 1134 634 1139 651
guard-rail 1109 558 1120 569
person 1360 553 1398 700
