track-signal-front 1072 449 1108 522
track-sign-front 1080 436 1099 451
track-sign-front 1296 551 1312 584
track-signal-front 917 543 926 564
track-signal-front 865 544 873 563
switch-unknown 984 597 1002 604
switch-left 1080 651 1129 666
switch-unknown 929 626 984 652
track-sign-front 1081 559 1092 639
switch-indicator 1140 639 1151 661
switch-static 982 642 1014 656
pole 1068 523 1100 727
pole 1285 321 1308 710
pole 869 564 872 604
rail 1206 640 1919 814
rail 6 592 823 739
rail 8 579 899 851
rail 0 583 923 1079
rail 880 579 1148 1079
rail 1142 671 1919 1035
rail 957 577 1919 1076
rail 1071 655 1512 854
guard-rail 1266 777 1466 897
rail 935 601 985 642
rail 948 580 967 644
