track-signal-back 387 128 542 323
track-signal-back 1669 62 1859 258
track-sign-front 1465 508 1489 549
switch-indicator 1146 606 1164 641
switch-static 1303 629 1326 643
switch-static 1778 835 1892 890
switch-static 1274 582 1301 595
switch-left 1059 554 1076 563
switch-unknown 1057 545 1072 551
switch-unknown 1115 555 1132 565
pole 1167 436 1187 563
pole 1388 354 1417 609
pole 1434 133 1491 690
pole 1783 0 1919 1064
rail 1151 545 1919 684
rail 1114 555 1919 771
rail 1059 537 1080 549
rail 1034 535 1301 1079
rail 1083 539 1917 951
rail 1059 535 1884 1079
guard-rail 1550 665 1751 720
rail 1343 601 1915 702
rail 1789 703 1919 729
rail 1308 602 1919 731
