platform 1031 573 1919 1079
pole 605 259 624 680
pole 790 426 797 623
pole 803 384 815 613
pole 875 469 880 600
pole 1711 116 1741 828
pole 1487 0 1550 754
pole 1369 335 1383 697
pole 889 467 894 590
pole 1189 460 1199 631
pole 1181 546 1188 636
rail-occluder 1197 603 1214 633
pole 1228 548 1235 637
pole 1250 427 1263 651
pole 1324 515 1337 673
pole 1272 554 1288 651
rail-occluder 1243 590 1345 671
pole 319 0 367 779
rail 7 585 804 696
rail 0 579 888 752
rail 43 569 980 1078
rail 998 573 1324 1079
rail 0 579 909 794
rail 1 739 329 832
rail 1161 595 1918 763
