switch-left 304 751 426 808
switch-left 509 646 592 669
switch-static 245 746 358 769
switch-unknown 331 650 403 679
switch-unknown 764 595 799 611
switch-unknown 602 600 640 615
switch-unknown 696 591 722 608
track-sign-front 1554 616 1615 703
switch-unknown 581 584 606 593
switch-right 1027 789 1198 886
track-sign-front 521 539 535 555
pole 268 187 308 739
pole 466 603 480 655
rail 0 572 612 798
rail 515 600 785 671
rail 387 596 718 648
rail 742 576 1661 1079
rail 1024 793 1580 1079
rail 642 580 901 1079
rail 1 576 642 1029
rail 1 584 634 1078
rail 591 591 611 604
rail 625 578 659 617
