switch-left 1306 639 1455 661
pole 0 0 146 993
pole 115 562 134 684
rail-occluder 400 557 463 633
train-car 480 470 1083 564
pole 728 511 736 552
rail-occluder 736 528 749 551
pole 637 208 677 568
rail-occluder 17 580 82 695
pole 814 300 851 557
rail 1158 467 1919 1036
rail 1059 496 1919 1078
rail 5 577 689 821
rail 0 607 434 713
rail 919 495 1223 1079
rail 200 498 1023 1079
rail 5 524 857 821
guard-rail 1229 646 1350 725
rail 1052 495 1752 1079
rail 2 588 673 852
rail 0 525 794 692
rail 3 612 436 723
