track-sign-front 385 466 394 584
switch-right 981 596 1041 616
switch-left 986 561 1035 579
track-signal-back 1138 405 1167 421
track-sign-front 1527 577 1546 606
pole 841 480 846 571
pole 576 481 585 616
pole 521 387 528 568
pole 536 482 542 565
pole 385 466 395 621
pole 466 454 471 557
train-car 615 468 914 582
rail 948 532 1224 1079
rail 88 595 1033 1078
rail 8 522 960 1078
rail 3 522 918 898
rail 5 578 644 746
rail 5 558 619 667
rail 5 538 599 629
rail 988 550 1056 572
guard-rail 879 647 936 678
guard-rail 1050 648 1060 681
