track-sign-front 693 799 734 835
track-sign-front 688 785 723 799
switch-left 834 689 905 714
track-sign-front 970 655 994 681
switch-left 828 604 854 620
buffer-stop 800 576 823 590
track-sign-front 817 572 823 578
track-sign-front 881 569 888 580
switch-static 914 701 980 720
switch-indicator 929 671 958 703
switch-indicator 871 614 882 627
track-sign-front 974 573 982 591
track-sign-front 1117 573 1122 582
train-car 0 517 757 870
pole 879 495 899 612
pole 949 440 975 637
pole 1418 0 1612 910
pole 1121 387 1127 607
pole 1150 449 1173 609
rail-occluder 971 643 995 699
rail 841 572 1054 585
rail 876 567 1919 605
rail 825 571 1919 727
rail 824 575 1919 821
rail 0 582 851 1079
rail 823 582 865 642
rail 803 588 1201 1079
rail 837 694 942 1079
rail 907 713 1063 1079
rail 816 618 820 634
guard-rail 772 643 786 655
guard-rail 855 643 864 655
