track-signal-front 707 503 727 551
track-signal-front 815 505 834 553
track-signal-front 908 515 927 557
track-signal-front 982 518 999 555
switch-unknown 708 597 728 607
pole 714 493 720 640
pole 677 444 684 597
pole 587 268 607 639
rail-occluder 556 637 579 714
rail-occluder 621 583 625 593
train-car 685 561 975 596
pole 988 515 992 623
pole 914 506 920 630
pole 821 497 827 633
rail-occluder 1093 630 1114 708
rail 45 596 788 1079
rail 7 589 726 876
rail 0 587 659 701
rail 707 592 1164 1079
rail 862 602 1919 770
rail 619 591 646 603
rail 1155 636 1919 756
