switch-right 971 787 1083 852
switch-right 1025 787 1157 859
switch-left 1013 623 1061 661
switch-unknown 1027 580 1050 593
switch-static 1165 786 1242 816
switch-static 1174 660 1215 681
switch-static 1184 639 1211 651
rail-occluder 1122 568 1135 584
platform 1060 552 1132 575
platform 1066 552 1148 587
platform 1120 550 1169 603
rail 904 548 1176 1078
rail 931 552 1140 1078
rail 287 570 1131 1079
rail 269 580 1059 1076
rail 1021 607 1077 642
rail 877 764 1046 1078
rail 1074 797 1141 1079
guard-rail 994 736 1003 778
guard-rail 1146 739 1151 777
guard-rail 682 740 742 781
guard-rail 806 737 884 790
guard-rail 1088 795 1099 851
