switch-static 771 637 842 689
track-sign-front 855 470 870 481
switch-right 760 455 797 467
switch-right 618 506 691 522
switch-unknown 681 483 731 497
switch-unknown 560 469 596 483
fence 1015 444 1919 1079
pole 1096 0 1121 574
pole 1802 0 1855 796
pole 1046 191 1058 504
pole 404 159 419 503
pole 484 244 492 461
train-car 919 395 1310 480
train-car 0 376 219 437
pole 652 231 666 470
rail 1084 463 1919 666
rail 933 440 1918 760
rail 5 424 573 583
rail 3 487 519 625
rail 7 419 749 1069
rail 767 429 1199 1079
rail 8 423 830 1077
rail 4 447 796 797
rail 5 420 671 727
rail 673 422 773 492
guard-rail 527 589 581 638
rail 439 425 669 519
