switch-static 1609 689 1634 697
track-sign-front 1125 546 1130 616
pole 1124 406 1130 615
train-car 989 553 1137 584
train-car 1170 564 1919 690
train-car 1209 548 1345 568
pole 1793 0 1910 573
pole 1855 687 1908 954
rail-occluder 1638 657 1681 698
rail-occluder 1610 654 1635 695
rail-occluder 1146 584 1152 593
rail-occluder 1044 577 1048 586
train-car 0 501 680 643
rail-occluder 1754 647 1797 686
train-car 824 554 933 574
rail-occluder 1103 583 1109 593
rail 8 586 877 752
rail 9 581 996 897
rail 86 578 1061 1079
rail 903 575 1164 1079
rail 1071 580 1913 1079
rail 1112 579 1918 896
rail 1142 575 1919 775
rail 1248 607 1919 724
