track-signal-back 1087 428 1109 493
track-signal-back 1084 496 1108 553
track-sign-front 1018 576 1030 595
switch-unknown 893 586 912 595
track-sign-front 871 582 877 587
track-signal-back 838 497 855 519
track-sign-front 1248 590 1262 610
switch-unknown 726 658 779 677
switch-static 660 655 710 680
pole 1325 137 1389 938
pole 1086 491 1101 690
rail-occluder 1084 621 1102 647
pole 1060 617 1064 675
pole 1016 472 1035 640
pole 966 483 980 610
pole 836 520 847 672
pole 899 524 904 585
pole 872 525 879 585
rail 904 578 1919 890
rail 847 571 1919 1043
rail 8 587 908 1077
rail 7 573 866 1079
rail 840 573 1185 1079
