track-sign-front 1463 572 1527 872
track-signal-front 1436 27 1610 259
track-signal-back 658 363 695 427
track-signal-back 655 429 691 481
track-signal-back 910 437 938 474
track-signal-back 910 476 936 506
switch-right 949 605 1020 643
track-sign-front 1454 308 1551 357
train-car 1108 520 1622 587
train-car 1611 526 1727 597
train-car 1807 503 1919 606
pole 1420 213 1566 1079
pole 638 468 674 658
rail 1278 580 1917 672
rail 1041 555 1915 807
rail 993 544 1919 1074
rail 882 542 1187 1077
rail 248 574 891 902
rail 59 618 1003 1078
rail 247 580 655 729
rail 250 617 678 764
guard-rail 552 794 755 918
rail 1045 548 1915 706
rail 1377 613 1918 724
rail 201 622 957 1078
