switch-right 992 611 1028 628
switch-left 871 563 897 573
switch-right 851 575 876 586
switch-static 36 789 239 859
track-sign-front 557 618 583 655
switch-indicator 1108 605 1123 630
switch-static 1120 633 1144 647
track-signal-back 918 498 927 513
track-signal-back 878 502 886 515
track-signal-back 856 514 862 524
switch-static 399 643 447 662
switch-indicator 722 725 763 839
track-sign-front 273 645 318 684
track-sign-front 824 550 830 558
track-sign-front 731 702 758 720
switch-left 940 585 989 600
switch-right 969 602 1024 618
switch-right 934 599 976 616
rail-occluder 557 618 582 693
rail-occluder 746 556 751 578
rail-occluder 814 558 822 580
rail-occluder 874 545 878 552
pole 921 499 923 558
pole 1058 460 1072 612
rail-occluder 1140 573 1145 579
rail-occluder 1171 558 1182 579
pole 1207 352 1218 612
rail-occluder 1228 630 1249 643
rail-occluder 1235 584 1274 653
pole 877 515 884 559
rail-occluder 1277 585 1324 623
rail-occluder 1098 547 1101 550
rail 7 553 817 711
rail 1015 563 1919 955
rail 1064 547 1919 739
rail 1096 547 1919 690
rail 9 547 965 1078
rail 8 545 888 816
rail 940 548 1310 1079
rail 829 552 1919 1053
rail 8 577 875 775
rail 1 659 548 789
rail 829 554 862 571
rail 872 564 942 613
guard-rail 945 587 960 606
guard-rail 960 591 988 616
guard-rail 1500 844 1781 972
guard-rail 947 612 949 630
guard-rail 833 594 847 604
