switch-unknown 677 558 773 597
switch-static 970 507 1011 524
switch-left 1039 489 1128 520
switch-left 1425 482 1509 514
switch-static 1462 526 1522 560
switch-unknown 1143 423 1180 437
track-sign-front 934 480 961 507
buffer-stop 534 444 673 532
train-car 588 328 1010 499
pole 1538 229 1627 588
rail-occluder 1390 434 1429 446
rail-occluder 1224 404 1232 414
rail 716 405 1123 1079
rail 1189 405 1916 634
rail 1049 426 1176 506
rail 1124 395 1919 1079
rail 707 442 895 551
rail 10 399 1071 1001
rail 1365 440 1919 686
rail 1213 404 1917 568
rail 1138 524 1228 1075
rail 1183 491 1568 1079
rail 1294 418 1919 546
