switch-unknown 819 676 850 686
switch-static 241 718 267 728
track-signal-back 398 572 410 602
track-sign-front 40 681 48 696
platform 906 647 1919 1048
platform 709 652 856 680
platform 572 657 730 679
rail-occluder 254 713 263 724
pole 350 559 357 719
rail-occluder 370 689 377 727
pole 384 573 410 717
pole 513 396 555 816
rail-occluder 511 719 533 752
train-car 562 641 652 668
train-car 756 637 810 664
train-car 970 615 1163 684
train-car 1158 520 1919 822
rail 0 676 525 755
rail 520 645 889 1077
rail 706 654 974 1079
rail 6 679 700 888
rail 7 680 839 914
rail 5 684 624 832
rail 3 683 526 805
rail 4 683 506 772
guard-rail 577 864 671 1012
guard-rail 931 862 948 999
