track-signal-back 622 360 640 427
track-signal-back 373 360 384 405
track-signal-back 470 362 480 396
platform 881 488 933 503
pole 207 27 304 606
pole 454 397 477 544
pole 610 395 634 551
pole 716 374 727 508
pole 798 375 816 517
pole 844 375 853 498
pole 565 342 594 535
rail-occluder 533 493 619 568
rail-occluder 0 553 523 1079
train-car 956 464 1351 567
platform 760 495 797 498
rail-occluder 633 495 660 555
rail 2 495 758 602
rail 222 499 796 602
rail 381 513 800 662
rail 867 500 1172 1078
rail 13 574 228 618
