switch-left 990 372 1046 398
switch-indicator 668 426 685 446
switch-indicator 1070 365 1088 387
switch-right 1019 326 1039 340
switch-static 1046 363 1111 380
switch-unknown 1021 311 1046 327
switch-unknown 707 429 810 477
pole 1262 108 1280 352
rail 3 425 376 562
rail 10 303 1081 847
rail 994 382 1800 1077
rail 1151 294 1919 502
rail 747 295 1093 1074
rail 5 482 609 706
rail 7 427 821 764
guard-rail 2 684 292 836
guard-rail 930 497 960 587
guard-rail 1122 494 1199 571
guard-rail 963 349 987 357
