track-signal-front 1044 509 1051 519
track-signal-front 1073 512 1078 522
track-signal-front 980 511 987 524
track-signal-front 1008 519 1011 524
track-signal-front 1026 518 1029 524
track-signal-front 917 515 922 526
track-signal-front 946 514 952 527
track-signal-front 895 510 902 523
track-signal-front 624 508 631 521
platform 1181 539 1879 625
train-car 0 532 683 651
pole 592 237 615 624
pole 882 412 895 566
pole 965 454 970 552
rail-occluder 868 553 871 559
rail-occluder 875 554 881 568
rail-occluder 896 553 903 563
pole 917 515 923 554
pole 895 510 901 553
pole 947 514 952 552
pole 979 511 986 556
pole 986 493 991 547
pole 1026 517 1029 547
pole 1044 484 1054 548
pole 1073 513 1078 545
pole 1086 469 1090 546
pole 1108 519 1111 547
platform 1082 542 1919 1079
platform 1275 536 1879 564
pole 869 479 875 559
pole 1851 426 1919 896
rail-occluder 1468 630 1548 715
rail-occluder 1128 512 1155 570
pole 1169 514 1177 580
pole 1193 509 1200 579
pole 1203 508 1210 594
pole 1219 506 1225 592
pole 1231 504 1240 592
pole 1260 500 1272 620
pole 1302 496 1313 619
pole 1390 489 1408 678
pole 1424 484 1436 676
pole 1453 483 1471 675
rail 673 539 1068 575
rail 1132 535 1919 683
rail 9 546 1019 714
rail 9 547 1016 815
rail 0 537 1101 974
rail 267 540 1097 1079
rail 8 540 1076 684
rail 1030 534 1298 1079
rail 1180 557 1919 733
