switch-left 876 713 982 739
switch-unknown 967 631 1005 645
switch-static 1019 700 1061 726
switch-static 975 668 999 684
switch-left 873 660 933 680
train-car 1017 486 1216 712
rail-occluder 1070 681 1089 739
rail-occluder 1282 669 1299 717
pole 1480 143 1525 796
pole 1362 510 1384 686
rail-occluder 1388 647 1426 686
pole 743 528 767 734
pole 770 507 806 713
pole 650 527 663 640
pole 703 528 715 630
rail-occluder 747 560 869 648
pole 945 528 989 637
train-car 396 565 459 624
rail-occluder 388 676 413 745
rail-occluder 64 674 94 747
pole 549 426 567 666
pole 313 532 338 736
pole 1202 396 1228 701
rail-occluder 862 532 893 636
rail 1204 631 1919 813
rail 1202 635 1919 842
rail 1725 722 1919 766
rail 4 621 454 726
rail 973 633 1919 1068
rail 5 617 749 846
rail 878 620 1026 685
rail 885 718 1599 1079
rail 220 611 1021 1079
rail 871 619 1221 1079
guard-rail 906 877 926 1035
