track-signal-back 745 437 763 485
track-signal-back 873 435 891 481
track-signal-back 1091 489 1097 509
track-signal-back 1204 473 1211 501
track-signal-back 1350 456 1363 478
pole 872 492 880 595
pole 743 501 753 605
pole 1009 463 1015 556
rail-occluder 1428 569 1451 594
pole 1198 437 1209 553
rail-occluder 804 545 822 588
pole 1355 485 1367 571
train-car 923 519 980 559
rail 7 556 928 743
rail 9 543 1041 855
rail 1184 535 1919 719
rail 1151 540 1919 937
rail 10 541 1091 1079
rail 1029 538 1398 1079
rail 1293 551 1620 626
rail 1688 640 1919 687
rail 1327 553 1919 671
