crossing 0.0030 797 474 853 505
crossing 0.0023 779 476 827 506
train-car 0.0133 802 468 866 498
train-car 0.0018 838 468 876 499
train-car 0.0015 838 459 863 494
train-car 0.0011 798 476 856 504
rail 0.9559 2 488 829 1077
rail 0.9501 789 488 1346 1074
rail 0.0021 939 536 1209 1039
track-sign-front 0.1378 989 496 1004 522
track-sign-front 0.0309 989 489 1004 512
track-sign-front 0.0172 984 496 1001 515
track-sign-front 0.0129 749 478 777 519
track-sign-front 0.0120 757 483 788 512
track-sign-front 0.0089 991 501 1006 541
track-sign-front 0.0050 840 469 873 498
track-sign-front 0.0039 789 464 829 502
track-sign-front 0.0035 839 462 862 491
track-sign-front 0.0030 1031 497 1056 517
track-sign-front 0.0020 745 490 765 548
track-sign-front 0.0017 983 495 1010 526
track-sign-front 0.0017 977 495 1002 550
track-sign-front 0.0017 7 214 68 259
track-sign-front 0.0016 989 442 1006 484
track-sign-front 0.0012 1494 512 1558 696
track-sign-front 0.0012 1038 495 1065 520
track-sign-front 0.0010 994 441 1013 471
track-signal-back 0.0082 0 235 73 395
track-signal-back 0.0013 0 203 113 434
pole 0.0681 752 363 770 536
pole 0.0089 752 403 787 560
pole 0.0074 745 420 774 536
pole 0.0051 751 441 794 527
pole 0.0050 780 405 813 516
pole 0.0021 790 463 825 506
pole 0.0010 733 364 761 545
rail-occluder 0.0057 755 481 786 513
rail-occluder 0.0017 817 466 876 510
