crossing 0.7191 942 700 1210 871
crossing 0.3764 376 728 728 850
crossing 0.2781 104 637 1063 940
crossing 0.2620 841 651 1207 941
crossing 0.1383 1127 602 1212 627
crossing 0.0275 346 747 595 841
crossing 0.0235 922 796 1171 869
crossing 0.0234 187 739 624 853
crossing 0.0167 405 678 841 847
crossing 0.0092 25 739 627 992
crossing 0.0091 452 746 639 840
crossing 0.0088 1058 535 1124 562
crossing 0.0062 508 731 690 847
crossing 0.0059 975 676 1214 799
crossing 0.0057 967 715 1146 842
crossing 0.0057 929 824 1125 874
crossing 0.0048 1031 748 1212 869
crossing 0.0045 412 771 675 852
crossing 0.0043 494 560 950 882
crossing 0.0042 15 846 607 1073
crossing 0.0041 1016 536 1075 561
crossing 0.0039 1070 645 1207 690
crossing 0.0028 33 869 383 1048
crossing 0.0022 81 735 553 898
crossing 0.0019 55 812 345 984
crossing 0.0019 903 566 1342 999
crossing 0.0015 598 583 817 851
crossing 0.0013 1118 599 1223 652
crossing 0.0012 511 651 772 822
crossing 0.0012 229 750 502 837
crossing 0.0011 1103 620 1213 659
crossing 0.0010 1058 663 1207 711
crossing 0.0010 1001 825 1168 872
crossing 0.0010 1009 552 1071 583
platform 0.6855 1284 823 1839 1078
platform 0.0765 723 541 1053 652
platform 0.0097 708 549 862 737
platform 0.0058 624 541 929 693
platform 0.0041 648 442 905 794
platform 0.0021 1397 851 1708 1056
platform 0.0021 768 561 1006 696
platform 0.0020 691 514 1141 791
rail 0.9223 781 531 1235 1073
rail 0.8402 8 534 1150 1067
rail 0.1404 1151 542 1229 575
rail 0.0711 1158 547 1238 589
rail 0.0268 1144 530 1229 560
rail 0.0268 1139 536 1204 565
rail 0.0199 1098 532 1192 562
rail 0.0109 1131 553 1234 623
rail 0.0082 1039 526 1211 574
rail 0.0064 1175 534 1268 573
rail 0.0057 1185 554 1259 597
rail 0.0047 1135 521 1236 582
rail 0.0039 1133 518 1257 633
rail 0.0030 15 723 620 972
rail 0.0028 986 535 1250 656
rail 0.0018 880 543 1183 696
rail 0.0017 1184 524 1277 552
rail 0.0015 349 554 1049 890
rail 0.0013 42 853 228 1012
rail 0.0012 1098 540 1192 586
rail 0.0012 1155 536 1315 644
rail 0.0011 1226 527 1286 562
rail 0.0011 1196 573 1263 615
rail 0.0011 1005 523 1186 594
rail 0.0010 1212 560 1285 604
switch-indicator 0.0084 1321 651 1349 748
switch-indicator 0.0062 1261 659 1317 686
switch-indicator 0.0044 1312 607 1351 710
switch-indicator 0.0033 1282 652 1344 739
switch-indicator 0.0025 1307 606 1342 677
switch-indicator 0.0014 1263 688 1318 738
switch-right 0.0249 1130 601 1212 629
switch-right 0.0033 1154 568 1248 617
switch-unknown 0.1400 1153 549 1225 574
switch-unknown 0.0483 1142 539 1201 565
switch-unknown 0.0213 1113 535 1181 561
switch-unknown 0.0195 1147 530 1222 558
switch-unknown 0.0100 1136 530 1193 556
switch-unknown 0.0064 1076 532 1153 561
switch-unknown 0.0038 1191 556 1256 592
switch-unknown 0.0028 1112 514 1169 560
switch-unknown 0.0017 1115 547 1178 576
switch-unknown 0.0016 1198 575 1262 615
switch-unknown 0.0013 1090 511 1145 561
switch-static 0.0269 1260 659 1312 687
switch-static 0.0188 1262 685 1312 722
switch-static 0.0104 1258 695 1295 730
switch-static 0.0030 1220 585 1288 619
switch-static 0.0027 1254 655 1327 706
switch-static 0.0022 1228 682 1307 720
switch-static 0.0020 1270 659 1340 734
switch-static 0.0017 1249 591 1301 620
switch-static 0.0014 1263 599 1310 627
track-sign-front 0.0538 958 478 979 517
track-sign-front 0.0439 725 541 779 590
track-sign-front 0.0282 1752 290 1852 374
track-sign-front 0.0244 1310 603 1340 635
track-sign-front 0.0192 706 769 739 810
track-sign-front 0.0114 96 853 223 942
track-sign-front 0.0084 1804 287 1846 367
track-sign-front 0.0071 607 199 630 227
track-sign-front 0.0068 554 216 602 241
track-sign-front 0.0061 716 508 789 620
track-sign-front 0.0055 779 423 834 477
track-sign-front 0.0055 702 763 743 865
track-sign-front 0.0052 569 472 591 511
track-sign-front 0.0048 891 374 909 401
track-sign-front 0.0039 528 430 592 465
track-sign-front 0.0034 1497 176 1529 209
track-sign-front 0.0029 453 962 498 1007
track-sign-front 0.0028 699 759 735 802
track-sign-front 0.0025 1293 598 1339 629
track-sign-front 0.0024 77 855 175 936
track-sign-front 0.0022 1318 604 1354 643
track-sign-front 0.0021 727 557 777 612
track-sign-front 0.0020 653 950 717 1014
track-sign-front 0.0015 598 192 636 224
track-sign-front 0.0015 1245 521 1271 553
track-sign-front 0.0014 954 507 1000 557
track-sign-front 0.0014 965 474 1014 549
track-sign-front 0.0013 892 366 910 393
track-sign-front 0.0013 429 953 501 1014
track-sign-front 0.0012 554 466 592 513
track-sign-front 0.0011 945 454 978 518
track-sign-front 0.0011 588 206 632 249
track-sign-front 0.0010 804 341 829 368
track-sign-front 0.0010 774 410 841 504
track-signal-front 0.0046 945 399 971 426
track-signal-front 0.0029 1502 176 1529 208
track-signal-front 0.0018 1500 174 1530 236
track-signal-front 0.0014 889 374 910 409
track-signal-front 0.0013 952 403 988 441
person 0.5390 22 525 65 626
person 0.0780 990 516 1012 553
person 0.0071 2 524 48 623
person 0.0042 983 507 1019 562
person 0.0037 0 518 26 601
person 0.0027 29 530 102 623
person 0.0016 24 514 56 585
person 0.0012 -10 508 103 648
person 0.0010 619 554 650 617
pole 0.3877 1063 198 1093 607
pole 0.3807 727 -26 786 865
pole 0.2213 1109 340 1129 579
pole 0.1998 1119 352 1139 571
pole 0.1088 1084 308 1113 605
pole 0.0950 726 553 782 866
pole 0.0715 1075 277 1104 605
pole 0.0501 1199 433 1210 538
pole 0.0276 1065 336 1086 614
pole 0.0256 1124 402 1140 550
pole 0.0238 687 0 819 930
pole 0.0161 1138 363 1161 554
pole 0.0149 1122 367 1150 555
pole 0.0129 1140 412 1157 542
pole 0.0123 692 -67 763 825
pole 0.0100 1055 225 1119 606
pole 0.0096 1114 401 1132 552
pole 0.0092 1191 437 1211 555
pole 0.0089 718 422 787 694
pole 0.0076 1110 389 1125 541
pole 0.0071 1096 263 1124 576
pole 0.0061 1147 327 1169 551
pole 0.0050 1316 247 1332 571
pole 0.0048 755 614 785 874
pole 0.0047 717 513 819 837
pole 0.0045 730 484 782 658
pole 0.0033 1841 -21 1926 1055
pole 0.0028 1052 -71 1109 648
pole 0.0027 1263 427 1275 534
pole 0.0023 1310 220 1336 623
pole 0.0023 1260 370 1277 548
pole 0.0022 1186 411 1214 525
pole 0.0022 680 327 704 635
pole 0.0020 1064 435 1085 574
pole 0.0020 737 -22 778 605
pole 0.0019 765 -4 858 867
pole 0.0019 656 117 771 986
pole 0.0018 1070 76 1110 576
pole 0.0017 1126 303 1162 564
pole 0.0017 1067 424 1106 573
pole 0.0015 1066 469 1190 594
pole 0.0014 1129 253 1146 529
pole 0.0013 1081 387 1113 538
pole 0.0013 1045 407 1127 611
pole 0.0013 1259 304 1283 563
pole 0.0013 1083 340 1152 588
pole 0.0010 1083 224 1137 552
pole 0.0010 1264 403 1279 521
pole 0.0010 741 -112 799 693
rail-occluder 0.2302 962 618 990 695
rail-occluder 0.0161 969 610 993 676
rail-occluder 0.0111 78 850 223 995
rail-occluder 0.0084 963 614 1014 696
rail-occluder 0.0057 953 638 984 694
rail-occluder 0.0048 927 611 1036 695
rail-occluder 0.0039 989 515 1021 558
rail-occluder 0.0031 897 585 1068 707
rail-occluder 0.0023 702 764 737 864
rail-occluder 0.0023 1241 523 1270 563
rail-occluder 0.0013 58 847 325 1034
rail-occluder 0.0010 709 778 745 891
