crossing 0.4125 1740 676 1831 701
crossing 0.3599 1439 675 1526 695
crossing 0.1215 1144 659 1228 677
crossing 0.0657 1714 617 1900 741
crossing 0.0575 1636 594 1686 610
crossing 0.0206 1473 673 1540 696
crossing 0.0154 1728 649 1886 712
crossing 0.0132 1435 656 1536 701
crossing 0.0093 1704 672 1796 703
crossing 0.0058 1529 673 1584 695
crossing 0.0053 1150 651 1264 678
crossing 0.0036 1685 658 1815 702
crossing 0.0031 1644 589 1710 618
crossing 0.0026 1139 643 1271 692
crossing 0.0024 1387 644 1546 739
crossing 0.0016 1627 596 1672 615
crossing 0.0013 1099 653 1176 675
crossing 0.0011 1188 655 1256 677
train-car 0.0447 1507 495 1586 530
train-car 0.0185 1540 498 1589 526
train-car 0.0026 1622 483 1660 532
train-car 0.0015 1513 491 1644 539
train-car 0.0014 1542 501 1631 527
train-car 0.0013 1621 508 1663 534
train-car 0.0011 1599 500 1651 527
train-car 0.0010 1554 486 1620 533
train-car 0.0010 1496 484 1556 531
platform 0.6823 21 512 1485 927
platform 0.3828 1572 527 1916 1067
platform 0.0308 1720 553 1919 851
platform 0.0029 1780 574 1920 769
platform 0.0023 649 516 1500 805
platform 0.0014 1827 601 1922 831
rail 0.9411 1259 515 1613 1077
rail 0.8070 37 514 1553 1078
rail 0.7988 1583 513 1922 1059
rail 0.2985 1651 530 1920 846
rail 0.0290 1642 514 1933 695
rail 0.0207 1719 566 1918 772
rail 0.0056 1763 553 1920 1058
rail 0.0049 1834 582 1921 734
rail 0.0038 1817 600 1925 806
rail 0.0027 1723 551 1937 674
rail 0.0026 1843 585 1920 1033
rail 0.0015 1615 555 1877 737
rail 0.0012 1467 511 1613 1085
rail 0.0011 1882 579 1920 715
rail 0.0010 1237 535 1558 686
rail 0.0010 1474 510 1550 542
switch-indicator 0.0720 1332 594 1366 665
switch-indicator 0.0106 1343 612 1381 657
switch-unknown 0.0015 1599 507 1646 535
switch-static 0.0244 1874 846 1920 909
switch-static 0.0058 1877 874 1920 926
switch-static 0.0023 1881 837 1921 878
switch-static 0.0022 1542 674 1584 696
switch-static 0.0020 1240 586 1277 605
switch-static 0.0016 1861 827 1924 938
switch-static 0.0013 1828 791 1920 924
switch-static 0.0011 1240 716 1291 741
switch-static 0.0011 1090 651 1145 676
switch-static 0.0010 1855 832 1919 882
track-sign-front 0.0221 1808 501 1823 523
track-sign-front 0.0132 1818 497 1852 519
track-sign-front 0.0073 1337 584 1358 612
track-sign-front 0.0072 1846 497 1861 516
track-sign-front 0.0020 1807 498 1835 537
track-sign-front 0.0020 1845 499 1863 526
track-sign-front 0.0015 581 623 604 665
track-sign-front 0.0014 1251 473 1264 496
track-sign-front 0.0012 69 596 86 697
track-signal-front 0.0939 1402 509 1414 527
track-signal-front 0.0097 1417 459 1437 486
track-signal-front 0.0041 1630 481 1650 506
track-signal-front 0.0028 64 463 92 506
track-signal-front 0.0023 1400 452 1430 503
track-signal-front 0.0021 1351 444 1375 468
track-signal-front 0.0017 1421 455 1447 499
track-signal-front 0.0015 54 466 89 537
track-signal-front 0.0014 1598 484 1651 535
track-signal-front 0.0010 47 445 97 528
pole 0.0027 66 520 85 737
pole 0.0018 1502 457 1543 541
pole 0.0014 1499 423 1523 544
pole 0.0010 56 484 91 742
rail-occluder 0.3811 1333 592 1359 654
rail-occluder 0.0741 1334 590 1355 619
rail-occluder 0.0388 1337 595 1379 657
rail-occluder 0.0163 1507 496 1551 534
rail-occluder 0.0066 1305 584 1394 676
rail-occluder 0.0032 1492 509 1533 542
rail-occluder 0.0027 1336 581 1381 626
rail-occluder 0.0013 1503 481 1534 537
rail-occluder 0.0010 1297 574 1422 635
