crossing 0.0057 892 634 927 667
crossing 0.0043 883 649 918 669
crossing 0.0010 863 650 901 675
guard-rail 0.6096 809 755 840 805
guard-rail 0.0999 993 757 1005 799
guard-rail 0.0794 820 736 850 790
guard-rail 0.0378 842 711 868 762
guard-rail 0.0319 830 715 859 772
guard-rail 0.0219 996 753 1008 820
guard-rail 0.0149 806 766 836 821
guard-rail 0.0064 847 696 874 749
guard-rail 0.0064 971 754 995 791
guard-rail 0.0044 835 755 885 793
guard-rail 0.0027 985 752 1013 801
guard-rail 0.0024 735 705 918 889
guard-rail 0.0023 775 707 878 849
guard-rail 0.0021 1021 675 1057 700
guard-rail 0.0018 993 719 1007 787
guard-rail 0.0015 792 764 836 838
guard-rail 0.0012 824 717 873 811
guard-rail 0.0011 963 757 999 806
guard-rail 0.0010 996 668 1036 702
rail 0.9498 939 636 1699 1073
rail 0.9356 642 632 929 1074
rail 0.9261 773 641 1066 1074
rail 0.0022 918 635 980 666
rail 0.0018 940 648 986 682
rail 0.0010 911 646 1083 1069
switch-indicator 0.0018 1022 650 1056 685
switch-left 0.0040 958 663 1009 689
switch-right 0.1996 960 657 1002 681
switch-right 0.0104 959 663 1009 688
switch-unknown 0.1024 958 654 995 676
switch-unknown 0.0036 915 626 979 666
switch-unknown 0.0033 902 626 940 660
switch-unknown 0.0026 942 646 986 683
switch-static 0.0018 967 650 1038 690
track-sign-front 0.0023 1031 648 1054 673
track-sign-front 0.0016 1007 609 1029 629
track-sign-front 0.0015 838 628 864 670
track-signal-back 0.4715 847 560 863 587
track-signal-back 0.3416 929 576 943 593
track-signal-back 0.0683 926 573 941 600
track-signal-back 0.0040 843 562 868 596
track-signal-back 0.0036 923 574 950 596
track-signal-back 0.0032 959 550 988 660
track-signal-back 0.0023 842 560 879 620
track-signal-back 0.0023 840 558 860 590
track-signal-back 0.0022 946 550 978 619
track-signal-back 0.0010 860 560 910 594
track-signal-back 0.0010 876 571 909 625
pole 0.0088 924 571 948 671
pole 0.0049 1035 519 1045 645
pole 0.0012 962 531 983 680
pole 0.0011 1033 532 1051 658
