train-car 0.4936 1 505 791 707
train-car 0.0019 787 555 861 590
train-car 0.0013 163 569 817 657
train-car 0.0012 191 536 782 625
train-car 0.0010 808 553 893 593
rail 0.9550 884 571 1146 1074
rail 0.9376 5 577 890 1077
rail 0.8817 939 575 1914 1081
rail 0.7679 0 582 855 828
rail 0.0701 5 592 712 713
rail 0.0171 8 619 654 770
rail 0.0092 1211 637 1913 940
rail 0.0037 1117 560 1248 794
rail 0.0034 220 577 853 659
rail 0.0025 579 584 791 625
rail 0.0019 625 597 786 640
rail 0.0015 321 585 861 714
rail 0.0014 558 576 835 641
rail 0.0014 10 646 424 736
rail 0.0013 1020 573 1491 966
rail 0.0012 729 576 892 734
rail 0.0011 938 577 1009 610
rail 0.0011 7 659 523 825
switch-unknown 0.0035 948 577 1000 606
switch-unknown 0.0017 920 557 975 594
switch-unknown 0.0015 964 581 1015 610
switch-unknown 0.0013 945 555 990 601
switch-unknown 0.0012 885 553 949 600
switch-unknown 0.0011 922 572 973 610
switch-unknown 0.0010 882 585 899 634
switch-static 0.0065 1016 660 1051 680
switch-static 0.0042 759 812 801 851
switch-static 0.0013 1023 652 1059 677
track-sign-front 0.2968 1193 504 1224 536
track-sign-front 0.2294 1154 119 1221 171
track-sign-front 0.1079 1208 830 1309 931
track-sign-front 0.0366 474 501 491 548
track-sign-front 0.0244 1183 487 1226 532
track-sign-front 0.0201 1188 586 1223 710
track-sign-front 0.0116 760 515 781 561
track-sign-front 0.0092 1190 569 1224 647
track-sign-front 0.0087 1204 606 1232 691
track-sign-front 0.0084 1188 629 1215 761
track-sign-front 0.0066 471 474 490 543
track-sign-front 0.0060 1339 365 1361 393
track-sign-front 0.0046 729 496 783 563
track-sign-front 0.0036 1151 95 1227 188
track-sign-front 0.0035 1194 521 1226 571
track-sign-front 0.0033 1178 415 1228 601
track-sign-front 0.0030 1193 548 1227 618
track-sign-front 0.0024 473 522 488 568
track-sign-front 0.0023 1160 354 1183 401
track-sign-front 0.0022 1204 565 1233 637
track-sign-front 0.0021 1195 511 1224 658
track-sign-front 0.0016 1329 364 1365 399
track-sign-front 0.0014 1138 105 1193 177
track-sign-front 0.0014 1196 609 1237 723
track-sign-front 0.0013 1158 379 1186 439
track-sign-front 0.0013 1308 573 1330 598
track-sign-front 0.0012 1197 658 1241 733
track-sign-front 0.0011 1150 439 1184 484
track-sign-front 0.0010 1203 549 1234 605
track-sign-front 0.0010 723 455 777 552
track-sign-front 0.0010 1226 826 1293 890
track-sign-front 0.0010 1313 570 1340 596
track-signal-front 0.8094 1155 161 1234 367
track-signal-front 0.6956 1180 390 1281 475
track-signal-front 0.3933 884 492 896 531
track-signal-front 0.2869 1178 458 1232 497
track-signal-front 0.1597 1177 422 1249 496
track-signal-front 0.1415 1220 394 1280 462
track-signal-front 0.0703 885 489 897 511
track-signal-front 0.0631 885 519 897 568
track-signal-front 0.0154 1165 265 1236 380
track-signal-front 0.0128 1186 353 1228 411
track-signal-front 0.0119 1176 449 1245 528
track-signal-front 0.0068 1149 100 1227 214
track-signal-front 0.0064 1158 332 1291 604
track-signal-front 0.0064 1166 323 1275 502
track-signal-front 0.0062 1162 202 1233 487
track-signal-front 0.0051 1189 364 1276 439
track-signal-front 0.0049 1167 347 1218 410
track-signal-front 0.0048 1169 382 1249 543
track-signal-front 0.0045 716 462 750 539
track-signal-front 0.0043 878 484 899 510
track-signal-front 0.0040 1178 325 1230 405
track-signal-front 0.0039 1192 484 1238 532
track-signal-front 0.0034 1168 387 1236 478
track-signal-front 0.0032 725 484 750 561
track-signal-front 0.0026 1148 157 1214 292
track-signal-front 0.0018 1166 370 1216 446
track-signal-front 0.0015 877 485 905 539
track-signal-front 0.0014 1156 215 1206 398
track-signal-front 0.0014 1120 140 1253 415
track-signal-front 0.0013 1225 379 1278 421
track-signal-front 0.0011 696 459 737 503
track-signal-front 0.0011 1181 163 1282 379
track-signal-front 0.0010 709 474 736 525
pole 0.6250 738 -10 814 750
pole 0.3211 1174 537 1224 864
pole 0.1071 1185 506 1215 794
pole 0.0900 885 516 897 630
pole 0.0580 1547 137 1602 740
pole 0.0479 884 521 896 575
pole 0.0455 1147 475 1260 912
pole 0.0381 1175 309 1240 829
pole 0.0250 469 338 492 634
pole 0.0158 472 432 493 597
pole 0.0152 1201 557 1232 735
pole 0.0118 1192 504 1221 718
pole 0.0116 883 567 897 616
pole 0.0095 767 35 827 710
pole 0.0059 1158 273 1297 910
pole 0.0054 478 545 489 643
pole 0.0048 722 364 782 732
pole 0.0040 746 469 781 620
pole 0.0036 728 437 749 606
pole 0.0031 1508 169 1587 753
pole 0.0030 1192 568 1242 819
pole 0.0030 725 284 830 746
pole 0.0029 730 381 773 626
pole 0.0029 870 502 901 644
pole 0.0029 1116 570 1298 989
pole 0.0025 1332 138 1383 701
pole 0.0022 1199 544 1269 770
pole 0.0022 720 465 761 689
pole 0.0017 1141 521 1207 772
pole 0.0016 770 485 831 643
pole 0.0015 1091 549 1265 834
pole 0.0014 680 5 772 744
pole 0.0014 867 445 907 610
pole 0.0014 858 536 902 709
pole 0.0012 750 41 929 744
pole 0.0012 470 523 492 639
pole 0.0011 778 403 813 652
pole 0.0011 694 55 829 835
pole 0.0010 1554 193 1624 917
pole 0.0010 1174 521 1304 887
rail-occluder 0.0584 1170 754 1227 854
rail-occluder 0.0072 1182 778 1305 910
rail-occluder 0.0018 1266 627 1289 672
rail-occluder 0.0013 1244 628 1285 676
rail-occluder 0.0012 589 629 621 651
rail-occluder 0.0011 585 612 627 648
