guard-rail 0.0198 777 669 873 712
guard-rail 0.0149 712 634 959 719
guard-rail 0.0136 714 661 874 724
guard-rail 0.0092 763 657 897 705
guard-rail 0.0075 435 763 666 889
guard-rail 0.0060 724 684 832 735
guard-rail 0.0054 732 670 831 716
guard-rail 0.0030 805 646 885 700
guard-rail 0.0025 788 681 854 728
guard-rail 0.0023 488 698 724 838
guard-rail 0.0021 664 686 742 718
guard-rail 0.0018 742 709 805 750
guard-rail 0.0018 723 667 794 702
guard-rail 0.0015 406 763 687 987
guard-rail 0.0014 689 675 773 711
guard-rail 0.0013 831 629 906 698
guard-rail 0.0012 547 731 682 795
guard-rail 0.0011 554 719 674 773
rail 0.9521 898 587 1166 1075
rail 0.9124 51 580 1042 1078
rail 0.2713 704 591 1054 716
rail 0.0363 76 727 746 1071
rail 0.0298 699 628 963 724
rail 0.0192 500 590 1026 855
rail 0.0096 372 625 998 964
rail 0.0060 409 662 760 1014
rail 0.0043 803 591 1045 653
rail 0.0033 680 557 1087 831
rail 0.0027 857 597 1030 638
rail 0.0027 403 754 696 924
rail 0.0026 916 601 1027 629
rail 0.0025 973 598 1030 623
rail 0.0020 560 645 850 808
rail 0.0015 745 568 1181 738
switch-left 0.0104 546 705 781 813
switch-left 0.0103 718 667 850 719
switch-left 0.0095 381 794 653 908
switch-left 0.0067 614 729 757 786
switch-left 0.0053 449 724 734 889
switch-left 0.0020 695 685 825 738
switch-left 0.0014 565 743 745 838
switch-left 0.0012 682 674 785 714
switch-left 0.0010 340 766 666 1004
switch-right 0.0144 628 716 776 771
switch-right 0.0123 619 655 888 764
switch-right 0.0120 595 708 792 790
switch-right 0.0068 395 798 642 900
switch-right 0.0054 648 697 765 747
switch-right 0.0042 719 659 852 707
switch-right 0.0025 531 678 798 843
switch-right 0.0022 573 734 749 800
switch-right 0.0014 680 672 787 714
switch-right 0.0013 543 736 756 867
switch-unknown 0.0131 980 602 1018 620
switch-unknown 0.0064 983 589 1041 619
switch-unknown 0.0043 934 604 1010 627
switch-unknown 0.0038 912 606 978 627
switch-unknown 0.0025 895 606 955 628
switch-unknown 0.0020 1009 573 1069 613
switch-unknown 0.0017 639 723 745 771
switch-static 0.0023 403 759 636 886
switch-static 0.0011 904 649 930 671
track-sign-front 0.0467 1062 564 1079 590
track-sign-front 0.0238 1062 567 1080 612
track-sign-front 0.0145 1059 474 1080 612
track-sign-front 0.0133 1065 599 1077 623
track-sign-front 0.0026 1066 605 1081 631
track-sign-front 0.0024 1053 565 1086 591
track-sign-front 0.0022 1024 555 1081 599
track-sign-front 0.0010 902 537 914 607
pole 0.2775 1061 425 1078 622
pole 0.0212 982 492 996 600
pole 0.0170 945 484 955 609
pole 0.0111 972 482 996 608
pole 0.0078 1056 460 1071 604
pole 0.0053 900 445 916 618
pole 0.0050 982 406 1002 622
pole 0.0045 1062 478 1084 614
pole 0.0031 840 403 856 652
pole 0.0023 1037 420 1084 693
pole 0.0019 1066 443 1081 580
pole 0.0018 1055 396 1085 602
pole 0.0016 981 526 1001 611
pole 0.0015 984 452 1000 582
pole 0.0014 1032 489 1081 614
pole 0.0013 942 530 958 611
