crossing 0.8591 636 807 934 1078
crossing 0.6029 -1 755 537 1074
crossing 0.0908 -3 789 164 933
crossing 0.0422 341 784 508 840
crossing 0.0395 -3 770 263 1016
crossing 0.0268 669 782 895 923
crossing 0.0177 271 783 517 875
crossing 0.0142 0 764 243 896
crossing 0.0107 -5 793 130 868
crossing 0.0097 25 844 391 1071
crossing 0.0061 -1 796 83 915
crossing 0.0054 112 712 604 950
crossing 0.0054 137 795 465 1038
crossing 0.0047 212 764 574 919
crossing 0.0045 402 737 539 792
crossing 0.0043 629 963 943 1078
crossing 0.0040 20 703 338 781
crossing 0.0035 394 777 527 816
crossing 0.0032 -1 835 72 941
crossing 0.0024 -1 716 320 868
crossing 0.0018 388 788 497 830
crossing 0.0016 -4 812 118 1001
crossing 0.0015 25 746 240 833
crossing 0.0015 311 729 513 834
crossing 0.0014 5 762 163 830
crossing 0.0013 -1 852 44 955
crossing 0.0013 778 807 916 1072
crossing 0.0013 426 760 537 801
crossing 0.0010 -4 795 55 885
guard-rail 0.0019 824 811 913 1067
train-car 0.8883 427 435 768 733
platform 0.0013 784 559 962 639
rail 0.9246 640 561 935 1075
rail 0.7284 -6 713 563 1074
rail 0.3186 0 686 450 955
rail 0.0276 -1 549 797 1073
rail 0.0037 1 676 432 802
rail 0.0033 2 589 689 880
rail 0.0022 1 789 306 984
rail 0.0019 13 697 330 847
rail 0.0016 726 552 778 590
rail 0.0016 82 724 412 837
rail 0.0014 756 549 801 582
rail 0.0013 1263 926 1895 1074
rail 0.0012 43 701 354 779
track-sign-front 0.0867 1404 331 1498 414
track-sign-front 0.0369 1261 323 1301 371
track-sign-front 0.0039 1255 318 1311 387
track-signal-front 0.3660 1217 396 1256 551
track-signal-front 0.0496 1288 323 1378 417
track-signal-front 0.0333 1403 329 1497 417
track-signal-front 0.0260 1341 121 1388 193
track-signal-front 0.0234 1340 322 1467 418
track-signal-front 0.0049 1219 393 1252 457
track-signal-front 0.0046 1360 15 1498 194
track-signal-front 0.0044 1270 327 1363 390
track-signal-front 0.0022 1437 483 1473 562
track-signal-front 0.0022 1382 0 1502 114
track-signal-front 0.0018 1040 465 1076 549
track-signal-front 0.0018 776 537 810 571
track-signal-front 0.0014 1437 485 1499 535
track-signal-front 0.0012 1331 80 1389 201
track-signal-front 0.0011 769 530 796 561
track-signal-front 0.0011 1345 117 1415 206
track-signal-back 0.2271 1430 7 1502 171
track-signal-back 0.0466 1021 643 1092 693
track-signal-back 0.0205 1436 7 1500 97
track-signal-back 0.0142 1443 2 1497 54
track-signal-back 0.0058 1039 412 1065 484
track-signal-back 0.0053 1355 -3 1497 172
track-signal-back 0.0025 1038 407 1063 442
track-signal-back 0.0024 1437 91 1502 169
track-signal-back 0.0022 1014 645 1039 683
track-signal-back 0.0022 1040 436 1063 509
track-signal-back 0.0015 1040 404 1075 536
track-signal-back 0.0015 1340 23 1415 193
track-signal-back 0.0011 1426 -4 1498 28
track-signal-back 0.0010 1040 464 1068 537
track-signal-back 0.0010 1341 91 1387 175
person 0.0051 1881 612 1920 730
pole 0.0029 865 280 889 593
pole 0.0028 927 78 965 660
pole 0.0019 1234 -22 1314 582
pole 0.0013 1415 21 1495 439
pole 0.0012 819 414 847 596
pole 0.0011 837 310 888 629
rail-occluder 0.0133 278 741 295 783
rail-occluder 0.0020 263 741 304 785
rail-occluder 0.0012 230 750 278 783
