guard-rail 0.0092 866 597 901 625
guard-rail 0.0027 833 593 883 627
guard-rail 0.0026 813 595 858 629
guard-rail 0.0012 871 617 898 658
guard-rail 0.0012 814 633 843 680
rail 0.9515 863 575 1130 1074
rail 0.9009 13 573 911 1076
rail 0.7758 7 577 863 770
rail 0.0488 859 580 902 604
rail 0.0064 744 463 844 734
rail 0.0058 -3 611 587 745
rail 0.0058 842 583 891 608
rail 0.0057 20 589 698 676
rail 0.0050 800 567 918 601
rail 0.0037 772 574 880 617
rail 0.0030 14 605 710 883
rail 0.0029 676 547 751 624
rail 0.0026 652 578 768 637
rail 0.0019 852 579 911 623
rail 0.0018 867 596 901 629
rail 0.0015 727 537 860 668
rail 0.0015 832 551 887 609
rail 0.0015 782 509 1236 983
rail 0.0013 642 557 804 671
rail 0.0010 782 543 871 625
rail 0.0010 760 550 909 660
switch-right 0.0253 862 583 900 609
switch-right 0.0140 861 594 898 619
switch-unknown 0.1497 863 585 899 605
switch-unknown 0.0537 863 573 907 601
switch-unknown 0.0305 864 595 895 618
switch-unknown 0.0164 843 581 893 611
switch-unknown 0.0033 797 575 863 613
switch-unknown 0.0033 832 542 885 614
switch-unknown 0.0023 890 533 919 595
track-sign-front 0.8475 1690 536 1742 654
track-sign-front 0.5784 1216 185 1251 214
track-sign-front 0.2375 1213 387 1248 410
track-sign-front 0.1993 757 282 790 302
track-sign-front 0.0841 1648 830 1673 863
track-sign-front 0.0540 1246 806 1286 929
track-sign-front 0.0334 1220 386 1267 408
track-sign-front 0.0291 757 274 788 297
track-sign-front 0.0279 750 423 797 447
track-sign-front 0.0239 752 283 795 312
track-sign-front 0.0185 1697 582 1739 657
track-sign-front 0.0090 1214 175 1252 204
track-sign-front 0.0083 1209 179 1261 220
track-sign-front 0.0076 108 198 143 228
track-sign-front 0.0042 1022 560 1036 601
track-sign-front 0.0042 1021 574 1034 605
track-sign-front 0.0039 1219 457 1237 522
track-sign-front 0.0038 1690 530 1748 599
track-sign-front 0.0036 764 473 779 548
track-sign-front 0.0031 1664 500 1706 660
track-sign-front 0.0030 1161 572 1191 617
track-sign-front 0.0025 1660 712 1683 754
track-sign-front 0.0024 1678 404 1740 687
track-sign-front 0.0024 1652 828 1692 863
track-sign-front 0.0022 1210 525 1238 569
track-sign-front 0.0020 1217 473 1239 601
track-sign-front 0.0020 1648 522 1723 667
track-sign-front 0.0020 1271 601 1299 630
track-sign-front 0.0019 1647 818 1684 882
track-sign-front 0.0017 1673 482 1740 614
track-sign-front 0.0015 1647 796 1681 851
track-sign-front 0.0014 754 664 779 775
track-sign-front 0.0013 1200 200 1275 321
track-sign-front 0.0012 1019 511 1035 598
track-sign-front 0.0011 1213 401 1240 447
track-sign-front 0.0011 1642 216 1759 911
track-sign-front 0.0011 645 538 675 602
track-sign-front 0.0010 1721 533 1781 663
track-signal-front 0.8628 740 299 802 414
track-signal-front 0.8472 1198 210 1283 364
track-signal-front 0.4728 708 501 724 530
track-signal-front 0.1874 846 528 857 546
track-signal-front 0.0350 848 527 859 541
track-signal-front 0.0286 842 527 854 543
track-signal-front 0.0186 750 422 790 446
track-signal-front 0.0120 702 499 730 533
track-signal-front 0.0096 840 526 854 570
track-signal-front 0.0076 846 518 858 533
track-signal-front 0.0028 1238 200 1285 373
track-signal-front 0.0026 841 517 856 554
track-signal-front 0.0021 760 475 781 539
track-signal-front 0.0020 736 331 803 455
track-signal-front 0.0020 843 527 873 584
track-signal-front 0.0018 755 465 786 596
track-signal-front 0.0018 745 301 850 420
track-signal-front 0.0016 1200 284 1279 360
track-signal-front 0.0014 684 500 714 527
pole 0.3417 754 397 786 802
pole 0.2522 708 504 723 628
pole 0.1170 764 393 782 715
pole 0.0485 754 545 778 794
pole 0.0416 937 479 947 589
pole 0.0410 706 486 725 691
pole 0.0265 703 545 724 623
pole 0.0175 742 484 799 811
pole 0.0133 1209 362 1245 860
pole 0.0113 916 482 952 607
pole 0.0080 706 483 736 624
pole 0.0070 756 506 785 643
pole 0.0070 759 634 783 792
pole 0.0064 764 487 782 622
pole 0.0056 734 289 793 779
pole 0.0045 845 526 859 554
pole 0.0044 753 275 803 669
pole 0.0042 1637 -43 1757 1003
pole 0.0039 1021 406 1039 664
pole 0.0030 668 515 716 624
pole 0.0028 672 529 761 653
pole 0.0026 756 605 776 741
pole 0.0023 771 400 810 709
pole 0.0020 759 418 780 596
pole 0.0020 758 439 789 676
pole 0.0019 655 520 679 596
pole 0.0019 840 527 854 578
pole 0.0018 759 445 833 728
pole 0.0018 700 483 728 586
pole 0.0018 701 508 742 718
pole 0.0017 23 415 50 641
pole 0.0017 1197 116 1260 927
pole 0.0016 692 553 733 639
pole 0.0016 884 531 939 605
pole 0.0012 1169 406 1234 808
pole 0.0012 755 564 780 685
rail-occluder 0.0107 701 592 720 621
rail-occluder 0.0020 751 632 791 797
rail-occluder 0.0013 673 571 719 625
rail-occluder 0.0010 751 734 781 800
