guard-rail 0.2032 1644 840 1918 1049
guard-rail 0.0304 855 619 909 653
guard-rail 0.0213 1619 832 1891 959
guard-rail 0.0205 1731 847 1920 994
guard-rail 0.0139 1746 872 1924 1078
guard-rail 0.0065 873 598 959 641
guard-rail 0.0065 1629 830 1806 908
guard-rail 0.0049 1828 900 1921 1071
guard-rail 0.0044 845 621 888 655
guard-rail 0.0033 867 638 939 674
guard-rail 0.0024 843 630 962 686
guard-rail 0.0022 1658 847 1830 939
guard-rail 0.0022 1700 808 1921 933
guard-rail 0.0020 864 666 1008 1078
guard-rail 0.0018 1828 829 1922 990
guard-rail 0.0016 1834 897 1919 983
guard-rail 0.0014 859 632 899 682
guard-rail 0.0013 1881 903 1920 1023
guard-rail 0.0010 1203 654 1302 689
guard-rail 0.0010 1196 662 1334 708
train-car 0.7857 990 379 1918 765
train-car 0.0023 827 431 1810 658
train-car 0.0015 1039 504 1292 614
rail 0.9062 829 586 1394 1079
rail 0.8632 845 566 1920 1053
rail 0.3787 814 587 1005 649
rail 0.0588 1635 836 1917 1065
rail 0.0474 818 607 977 666
rail 0.0294 854 585 1073 628
rail 0.0229 809 577 1041 681
rail 0.0222 790 581 934 620
rail 0.0220 837 608 1133 1076
rail 0.0196 839 613 932 659
rail 0.0172 826 580 973 610
rail 0.0140 1136 623 1918 942
rail 0.0123 814 596 922 646
rail 0.0122 1000 607 1046 635
rail 0.0094 911 613 1023 661
rail 0.0092 853 587 942 623
rail 0.0089 839 594 1371 798
rail 0.0086 943 822 1391 1078
rail 0.0071 974 656 1271 1030
rail 0.0066 839 620 992 1071
rail 0.0059 814 584 1162 742
rail 0.0054 947 609 1040 645
rail 0.0048 1056 617 1314 683
rail 0.0043 815 582 899 615
rail 0.0043 1648 792 1921 927
rail 0.0040 905 589 1116 644
rail 0.0040 838 574 913 607
rail 0.0032 921 593 1346 693
rail 0.0032 849 574 1093 607
rail 0.0030 1785 886 1926 1071
rail 0.0025 795 561 1617 837
rail 0.0024 849 628 958 687
rail 0.0020 1496 735 1940 1068
rail 0.0019 873 582 1274 653
rail 0.0013 1038 586 1391 750
rail 0.0013 783 570 911 603
rail 0.0012 1763 747 1925 914
rail 0.0011 1114 641 1322 705
rail 0.0011 1822 820 1922 1007
rail 0.0011 795 554 1238 890
rail 0.0010 1457 726 1906 916
rail 0.0010 -1 618 157 960
switch-indicator 0.1517 1020 615 1039 636
switch-indicator 0.0136 1022 606 1043 634
switch-indicator 0.0053 1008 615 1039 643
switch-left 0.2014 942 897 1384 1074
switch-left 0.0240 968 980 1417 1081
switch-left 0.0138 894 725 1366 1058
switch-left 0.0044 1120 635 1307 688
switch-left 0.0037 966 775 1288 1013
switch-left 0.0022 1188 651 1321 693
switch-left 0.0012 974 1014 1315 1085
switch-right 0.1412 935 627 1007 656
switch-right 0.0083 882 625 949 650
switch-right 0.0078 1161 640 1258 675
switch-right 0.0052 935 638 1011 665
switch-right 0.0030 1183 650 1326 693
switch-right 0.0019 1130 632 1304 692
switch-unknown 0.0180 1147 639 1271 677
switch-unknown 0.0118 907 607 995 646
switch-unknown 0.0106 1125 633 1244 670
switch-unknown 0.0058 830 602 899 641
switch-unknown 0.0039 1125 631 1210 658
switch-unknown 0.0026 858 573 938 609
switch-unknown 0.0021 899 590 987 624
switch-unknown 0.0020 926 586 1010 620
switch-unknown 0.0012 1106 626 1182 652
switch-static 0.0170 1009 618 1038 639
switch-static 0.0099 954 611 1037 647
switch-static 0.0011 1125 622 1194 652
track-sign-front 0.0143 456 118 529 168
track-sign-front 0.0123 805 581 828 615
track-sign-front 0.0058 805 562 838 608
track-sign-front 0.0028 804 590 826 640
track-sign-front 0.0026 1253 465 1267 592
track-sign-front 0.0024 1700 304 1717 329
track-sign-front 0.0022 1252 545 1268 616
track-signal-back 0.0172 974 415 991 442
track-signal-back 0.0048 781 502 799 534
track-signal-back 0.0029 784 495 823 540
pole 0.1414 922 464 933 595
pole 0.0420 1146 309 1163 605
pole 0.0367 802 85 837 728
pole 0.0302 1251 326 1269 642
pole 0.0253 984 468 994 593
pole 0.0199 979 426 995 591
pole 0.0194 816 406 840 645
pole 0.0149 1088 333 1103 629
pole 0.0116 1246 282 1275 612
pole 0.0083 824 438 859 614
pole 0.0065 809 343 845 687
pole 0.0057 1127 323 1166 619
pole 0.0045 1016 445 1030 571
pole 0.0040 844 468 880 586
pole 0.0038 973 490 997 597
pole 0.0036 979 425 990 548
pole 0.0029 1232 370 1272 676
pole 0.0027 814 481 845 616
pole 0.0025 1332 336 1355 628
pole 0.0022 977 385 995 527
pole 0.0021 1148 374 1174 625
pole 0.0020 797 206 855 818
pole 0.0019 1146 393 1161 531
pole 0.0019 807 554 836 616
pole 0.0018 1001 459 1032 590
pole 0.0017 800 441 837 663
pole 0.0015 1255 302 1279 554
pole 0.0015 913 465 943 598
pole 0.0015 840 495 896 597
pole 0.0014 1090 396 1102 531
pole 0.0014 810 457 835 571
pole 0.0013 1253 447 1278 610
pole 0.0013 1016 447 1043 569
pole 0.0013 1224 366 1301 651
pole 0.0011 1251 506 1269 655
pole 0.0011 832 452 869 572
pole 0.0011 1077 352 1107 595
pole 0.0010 970 445 1009 586
rail-occluder 0.0341 1013 610 1038 632
rail-occluder 0.0082 806 583 829 612
rail-occluder 0.0039 1253 592 1267 641
rail-occluder 0.0026 805 591 828 637
rail-occluder 0.0024 1026 613 1077 635
rail-occluder 0.0021 956 586 1035 625
rail-occluder 0.0015 976 559 1007 605
rail-occluder 0.0010 814 554 873 606
