guard-rail 0.0546 437 1017 455 1076
guard-rail 0.0525 1079 746 1198 788
guard-rail 0.0334 1026 725 1154 766
guard-rail 0.0187 1097 758 1188 796
guard-rail 0.0183 916 669 1026 707
guard-rail 0.0172 1280 837 1655 1052
guard-rail 0.0170 1298 848 1526 957
guard-rail 0.0164 1263 815 1573 982
guard-rail 0.0120 1337 868 1476 944
guard-rail 0.0117 1179 704 1289 753
guard-rail 0.0108 1090 736 1185 773
guard-rail 0.0106 1082 660 1151 705
guard-rail 0.0106 1051 737 1139 773
guard-rail 0.0094 1198 673 1279 706
guard-rail 0.0090 476 737 494 792
guard-rail 0.0081 423 617 499 653
guard-rail 0.0081 1112 770 1252 821
guard-rail 0.0077 996 719 1107 759
guard-rail 0.0071 975 709 1199 785
guard-rail 0.0064 1149 786 1237 826
guard-rail 0.0062 465 738 488 787
guard-rail 0.0055 1172 674 1250 711
guard-rail 0.0054 1207 716 1303 761
guard-rail 0.0054 442 1005 460 1074
guard-rail 0.0054 526 622 581 647
guard-rail 0.0053 1145 653 1220 685
guard-rail 0.0052 306 785 383 827
guard-rail 0.0050 451 671 497 710
guard-rail 0.0050 373 663 409 717
guard-rail 0.0048 965 678 1053 711
guard-rail 0.0044 457 709 489 789
guard-rail 0.0044 1011 624 1083 657
guard-rail 0.0044 1284 851 1432 928
guard-rail 0.0040 290 803 378 856
guard-rail 0.0039 422 1015 455 1077
guard-rail 0.0039 1031 710 1150 752
guard-rail 0.0038 1228 804 1342 872
guard-rail 0.0036 387 659 463 704
guard-rail 0.0034 1032 732 1110 770
guard-rail 0.0034 1172 788 1286 847
guard-rail 0.0032 1210 747 1307 783
guard-rail 0.0032 1078 694 1152 746
guard-rail 0.0031 939 687 1051 724
guard-rail 0.0030 997 707 1086 748
guard-rail 0.0030 1102 690 1194 736
guard-rail 0.0030 1349 880 1511 989
guard-rail 0.0029 1136 734 1229 790
guard-rail 0.0029 1195 808 1276 851
guard-rail 0.0028 436 847 459 1069
guard-rail 0.0028 1234 708 1330 749
guard-rail 0.0028 1477 983 1660 1074
guard-rail 0.0027 1170 732 1257 781
guard-rail 0.0027 1114 719 1211 766
guard-rail 0.0025 1217 808 1301 857
guard-rail 0.0024 434 954 458 1079
guard-rail 0.0023 428 644 496 698
guard-rail 0.0022 1249 832 1367 893
guard-rail 0.0021 481 772 512 808
guard-rail 0.0021 1239 786 1333 840
guard-rail 0.0021 975 625 1063 657
guard-rail 0.0020 1427 916 1683 1061
guard-rail 0.0019 1254 764 1356 809
guard-rail 0.0019 1197 669 1333 760
guard-rail 0.0018 465 665 504 700
guard-rail 0.0018 1283 856 1374 910
guard-rail 0.0017 371 685 404 730
guard-rail 0.0017 469 677 501 742
guard-rail 0.0016 1125 780 1209 821
guard-rail 0.0016 1265 846 1489 1027
guard-rail 0.0016 575 638 641 668
guard-rail 0.0015 583 649 639 675
guard-rail 0.0015 1221 798 1436 979
guard-rail 0.0015 1400 856 1544 916
guard-rail 0.0015 544 630 621 661
guard-rail 0.0014 407 633 516 705
guard-rail 0.0013 1007 647 1086 685
guard-rail 0.0012 328 782 424 831
guard-rail 0.0012 1315 874 1403 931
guard-rail 0.0011 391 790 472 841
guard-rail 0.0011 899 665 1061 725
guard-rail 0.0011 601 625 665 657
guard-rail 0.0010 1189 757 1276 814
guard-rail 0.0010 1392 888 1557 1028
guard-rail 0.0010 1036 665 1105 713
train-car 0.0968 945 518 1007 554
train-car 0.0734 972 520 1002 551
train-car 0.0494 919 524 1013 567
train-car 0.0457 839 574 870 621
train-car 0.0397 861 528 1034 569
train-car 0.0388 840 505 1022 580
train-car 0.0375 2 470 208 675
train-car 0.0356 811 523 853 551
train-car 0.0296 797 529 863 562
train-car 0.0260 816 523 880 575
train-car 0.0194 571 554 613 583
train-car 0.0187 593 554 614 586
train-car 0.0125 584 552 624 588
train-car 0.0119 777 563 858 602
train-car 0.0104 742 539 866 581
train-car 0.0096 802 567 895 631
train-car 0.0095 824 508 871 563
train-car 0.0093 1 338 218 731
train-car 0.0086 4 503 204 604
train-car 0.0086 884 508 964 587
train-car 0.0070 24 511 292 642
train-car 0.0068 843 454 1017 626
train-car 0.0059 702 472 735 577
train-car 0.0055 562 477 612 580
train-car 0.0050 769 500 834 565
train-car 0.0047 828 448 913 594
train-car 0.0046 -1 555 83 639
train-car 0.0046 936 525 1079 554
train-car 0.0046 526 536 607 579
train-car 0.0045 10 547 194 612
train-car 0.0045 576 484 639 580
train-car 0.0043 76 532 210 587
train-car 0.0038 164 459 210 609
train-car 0.0035 766 521 846 586
train-car 0.0035 1092 464 1160 584
train-car 0.0033 903 492 1038 556
train-car 0.0030 946 517 1087 578
train-car 0.0029 83 464 258 606
train-car 0.0028 653 500 726 568
train-car 0.0027 127 491 197 566
train-car 0.0024 858 445 964 586
train-car 0.0022 1000 504 1092 564
train-car 0.0021 302 531 435 587
train-car 0.0021 499 535 584 585
train-car 0.0019 970 508 1050 561
train-car 0.0018 793 472 856 562
train-car 0.0014 45 454 167 611
train-car 0.0014 583 500 688 593
train-car 0.0014 935 478 1008 566
train-car 0.0014 0 464 79 586
train-car 0.0012 492 509 584 571
train-car 0.0012 93 541 205 614
train-car 0.0012 909 452 985 587
train-car 0.0011 620 490 689 574
train-car 0.0011 267 516 377 594
train-car 0.0011 673 459 751 596
train-car 0.0011 6 514 65 578
train-car 0.0011 -3 488 125 620
train-car 0.0010 -1 399 81 652
train-car 0.0010 1011 463 1078 563
train-car 0.0010 968 473 1014 568
train-car 0.0010 739 481 833 587
rail 0.8683 390 566 1069 1078
rail 0.7863 0 587 503 1078
rail 0.7675 884 567 1910 1084
rail 0.6999 939 569 1913 819
rail 0.6638 -1 596 356 795
rail 0.4775 171 791 472 1077
rail 0.4222 -3 599 272 722
rail 0.3678 1175 751 1911 1080
rail 0.3108 -1 595 147 745
rail 0.2245 637 563 981 682
rail 0.2004 -1 621 86 770
rail 0.1669 321 559 690 665
rail 0.1574 346 571 574 655
rail 0.1502 780 577 1226 695
rail 0.1490 -1 605 117 689
rail 0.1339 957 557 1070 590
rail 0.1263 1175 649 1918 850
rail 0.1148 691 572 1530 804
rail 0.1125 813 566 1162 657
rail 0.1114 0 620 172 828
rail 0.1090 0 593 82 663
rail 0.1050 -4 583 396 691
rail 0.0891 -2 635 378 953
rail 0.0871 911 567 1081 610
rail 0.0858 -8 589 167 667
rail 0.0836 1151 591 1924 692
rail 0.0824 834 573 872 641
rail 0.0813 684 554 816 596
rail 0.0740 690 606 952 687
rail 0.0721 598 555 709 595
rail 0.0700 928 584 1206 677
rail 0.0697 901 559 1052 598
rail 0.0692 286 576 447 653
rail 0.0635 383 578 553 632
rail 0.0633 357 605 466 671
rail 0.0624 500 559 701 623
rail 0.0614 919 589 961 634
rail 0.0594 971 578 1113 628
rail 0.0592 601 554 773 607
rail 0.0587 637 592 888 669
rail 0.0574 979 553 1057 580
rail 0.0571 366 564 635 629
rail 0.0560 820 508 1047 615
rail 0.0553 841 558 1819 696
rail 0.0552 1375 669 1927 780
rail 0.0543 956 589 1140 650
rail 0.0527 360 576 472 624
rail 0.0521 1488 716 1925 848
rail 0.0515 663 561 757 600
rail 0.0511 686 552 873 610
rail 0.0510 521 574 1576 951
rail 0.0510 589 555 614 594
rail 0.0509 3 627 96 707
rail 0.0504 -2 789 395 1079
rail 0.0503 0 621 48 720
rail 0.0495 485 576 639 625
rail 0.0493 812 588 985 635
rail 0.0480 746 562 858 599
rail 0.0453 110 567 581 692
rail 0.0440 254 676 512 980
rail 0.0439 584 569 687 616
rail 0.0429 16 662 124 844
rail 0.0427 2 588 107 632
rail 0.0422 -1 659 68 813
rail 0.0404 9 584 592 823
rail 0.0401 335 581 411 624
rail 0.0398 452 592 532 628
rail 0.0398 912 587 951 620
rail 0.0387 378 618 492 664
rail 0.0382 45 597 359 664
rail 0.0368 1355 622 1929 703
rail 0.0365 996 604 1182 691
rail 0.0353 65 590 153 810
rail 0.0347 359 567 524 606
rail 0.0344 304 599 442 686
rail 0.0342 487 586 587 630
rail 0.0342 535 569 635 612
rail 0.0342 359 613 431 656
rail 0.0324 378 594 507 654
rail 0.0322 1217 631 1911 749
rail 0.0313 343 568 451 605
rail 0.0311 1044 630 1198 696
rail 0.0294 879 540 1092 618
rail 0.0278 733 633 1021 728
rail 0.0273 700 606 859 663
rail 0.0259 931 535 1058 582
rail 0.0250 898 573 989 641
rail 0.0246 429 571 607 609
rail 0.0245 340 596 415 640
rail 0.0242 620 569 757 621
rail 0.0242 148 546 730 778
rail 0.0241 836 557 962 612
rail 0.0241 587 561 1247 770
rail 0.0237 738 565 1002 645
rail 0.0230 585 551 676 585
rail 0.0222 846 581 959 621
rail 0.0222 296 561 534 684
rail 0.0221 589 567 724 647
rail 0.0217 40 711 333 836
rail 0.0215 0 700 74 870
rail 0.0215 584 564 633 609
rail 0.0204 35 720 118 861
rail 0.0203 322 562 499 631
rail 0.0187 541 831 655 936
rail 0.0186 290 735 495 907
rail 0.0186 925 576 1007 612
rail 0.0179 -29 664 221 921
rail 0.0177 651 600 803 642
rail 0.0177 1346 606 1928 665
rail 0.0171 1217 783 1621 1009
rail 0.0170 345 550 865 713
rail 0.0169 935 563 1015 595
rail 0.0167 990 597 1108 643
rail 0.0163 868 588 1033 649
rail 0.0158 18 572 249 641
rail 0.0158 995 567 1129 603
rail 0.0158 -1 664 45 763
rail 0.0157 1084 702 1565 985
rail 0.0157 974 590 1271 730
rail 0.0156 998 546 1075 575
rail 0.0156 547 544 667 614
rail 0.0152 704 541 851 584
rail 0.0150 314 614 381 653
rail 0.0147 307 627 349 655
rail 0.0146 542 559 607 602
rail 0.0145 1038 585 1705 660
rail 0.0142 241 581 409 628
rail 0.0138 13 706 106 787
rail 0.0138 340 623 420 663
rail 0.0132 1557 762 1927 920
rail 0.0130 619 577 697 637
rail 0.0127 680 528 776 585
rail 0.0127 1327 881 1895 1077
rail 0.0127 525 775 687 960
rail 0.0118 944 572 1395 668
rail 0.0118 819 627 974 676
rail 0.0118 1 716 148 950
rail 0.0117 300 562 399 614
rail 0.0109 1137 750 1511 931
rail 0.0106 635 542 731 580
rail 0.0105 200 577 391 670
rail 0.0099 407 614 517 655
rail 0.0097 963 523 1025 578
rail 0.0097 1157 738 1383 862
rail 0.0095 1025 668 1320 842
rail 0.0095 857 593 938 629
rail 0.0095 701 513 755 591
rail 0.0091 873 618 1301 764
rail 0.0091 167 509 440 736
rail 0.0091 1049 666 1399 929
rail 0.0089 280 593 582 1077
rail 0.0083 746 625 895 670
rail 0.0082 549 548 853 666
rail 0.0081 462 513 1176 854
rail 0.0080 1055 623 1685 779
rail 0.0079 267 557 385 648
rail 0.0077 964 545 1174 610
rail 0.0076 908 559 989 612
rail 0.0076 761 641 1206 742
rail 0.0074 803 638 945 722
rail 0.0074 1288 857 1653 1075
rail 0.0071 44 561 161 697
rail 0.0070 626 537 691 586
rail 0.0068 1551 687 1934 769
rail 0.0066 909 579 947 611
rail 0.0066 1126 749 1318 836
rail 0.0066 431 560 503 610
rail 0.0062 452 610 582 647
rail 0.0061 -1 587 49 628
rail 0.0061 905 596 982 668
rail 0.0061 35 617 122 717
rail 0.0060 1243 622 1631 709
rail 0.0060 422 585 659 678
rail 0.0060 498 559 581 604
rail 0.0059 918 591 1080 642
rail 0.0059 779 664 1305 812
rail 0.0059 526 591 633 635
rail 0.0057 1785 733 1911 824
rail 0.0056 1660 754 1921 854
rail 0.0056 241 807 406 1066
rail 0.0056 478 564 557 607
rail 0.0055 1447 802 1936 1034
rail 0.0054 1598 713 1914 807
rail 0.0054 257 533 334 711
rail 0.0054 396 557 484 605
rail 0.0051 976 617 1115 665
rail 0.0050 277 501 371 664
rail 0.0049 656 534 904 651
rail 0.0048 829 606 1089 682
rail 0.0047 787 577 878 656
rail 0.0047 1028 596 1522 714
rail 0.0047 1118 645 1420 780
rail 0.0047 339 641 415 684
rail 0.0044 190 795 318 1077
rail 0.0043 190 621 883 1118
rail 0.0043 405 688 770 1024
rail 0.0042 336 540 496 583
rail 0.0041 737 608 1347 882
rail 0.0041 0 684 46 841
rail 0.0040 1050 554 1496 626
rail 0.0040 1241 658 1640 814
rail 0.0036 1025 587 1193 632
rail 0.0036 257 478 466 704
rail 0.0035 166 568 350 646
rail 0.0035 499 520 716 643
rail 0.0035 1108 740 1346 914
rail 0.0035 1006 534 1119 579
rail 0.0034 676 509 990 631
rail 0.0034 212 496 304 710
rail 0.0034 1855 728 1912 816
rail 0.0032 783 635 915 678
rail 0.0031 3 545 163 618
rail 0.0031 1758 629 1928 685
rail 0.0031 308 642 386 683
rail 0.0030 376 497 677 636
rail 0.0029 574 610 1036 754
rail 0.0029 456 558 524 612
rail 0.0027 950 638 1141 691
rail 0.0027 1231 761 1487 886
rail 0.0027 1681 617 1921 676
rail 0.0026 1568 862 1921 1056
rail 0.0026 727 600 1003 802
rail 0.0026 1615 934 1916 1079
rail 0.0026 285 573 364 625
rail 0.0025 740 520 817 589
rail 0.0025 1809 650 1919 691
rail 0.0025 1732 714 1896 786
rail 0.0024 1516 992 1668 1073
rail 0.0024 80 622 235 764
rail 0.0024 1288 695 1731 884
rail 0.0024 225 796 451 924
rail 0.0024 435 811 460 1068
rail 0.0023 1483 965 1707 1080
rail 0.0023 1734 779 1927 919
rail 0.0023 210 589 475 816
rail 0.0022 1046 579 1288 661
rail 0.0022 674 614 797 653
rail 0.0022 129 740 243 808
rail 0.0022 596 516 861 624
rail 0.0021 1096 615 1213 648
rail 0.0021 630 635 842 1024
rail 0.0021 1759 658 1937 793
rail 0.0021 80 612 234 696
rail 0.0021 -9 727 255 1046
rail 0.0021 1871 728 1920 787
rail 0.0021 479 614 556 643
rail 0.0020 261 609 350 682
rail 0.0020 707 634 857 679
rail 0.0020 0 731 37 893
rail 0.0019 1044 552 1173 592
rail 0.0019 162 606 289 647
rail 0.0019 433 528 599 584
rail 0.0018 562 591 665 633
rail 0.0017 307 571 516 792
rail 0.0017 608 569 1086 916
rail 0.0017 148 625 363 803
rail 0.0017 678 624 1059 1071
rail 0.0017 1035 575 1283 624
rail 0.0017 1360 663 1575 920
rail 0.0016 1825 636 1923 679
rail 0.0016 -54 563 275 850
rail 0.0016 1620 663 1727 699
rail 0.0016 373 525 460 592
rail 0.0015 45 744 229 872
rail 0.0015 361 567 839 827
rail 0.0015 926 620 1077 662
rail 0.0014 -1 560 83 623
rail 0.0014 266 628 324 711
rail 0.0013 1133 775 1316 880
rail 0.0013 1028 499 1198 597
rail 0.0013 256 412 580 675
rail 0.0013 473 576 721 722
rail 0.0013 1500 633 1944 820
rail 0.0013 1761 605 1926 667
rail 0.0013 1053 559 1264 602
rail 0.0013 1126 615 1313 693
rail 0.0013 377 615 520 750
rail 0.0013 1068 500 1137 586
rail 0.0013 1119 434 1832 676
rail 0.0012 664 616 745 647
rail 0.0012 286 543 361 615
rail 0.0012 196 593 313 692
rail 0.0012 1418 821 1700 1013
rail 0.0012 1445 956 1859 1084
rail 0.0012 1669 828 1916 967
rail 0.0012 401 522 533 586
rail 0.0012 404 641 563 722
rail 0.0012 1717 892 1926 1069
rail 0.0012 1461 503 1765 620
rail 0.0012 1841 708 1917 859
rail 0.0011 300 525 806 999
rail 0.0011 143 658 257 833
rail 0.0011 285 773 449 988
rail 0.0011 1675 739 1901 792
rail 0.0011 1694 674 1972 915
rail 0.0010 97 527 242 624
rail 0.0010 1504 685 1831 744
rail 0.0010 1789 775 1929 854
rail 0.0010 115 606 245 663
rail 0.0010 1593 595 1917 667
switch-indicator 0.4066 1514 631 1541 674
switch-indicator 0.3793 1856 726 1890 773
switch-indicator 0.2606 564 840 645 915
switch-indicator 0.2330 924 592 947 634
switch-indicator 0.2094 317 696 350 723
switch-indicator 0.1853 662 616 678 640
switch-indicator 0.1728 920 588 943 619
switch-indicator 0.1658 1295 594 1315 616
switch-indicator 0.1036 840 577 868 627
switch-indicator 0.0685 591 556 611 592
switch-indicator 0.0566 941 596 958 639
switch-indicator 0.0564 1839 721 1884 761
switch-indicator 0.0526 1193 615 1217 633
switch-indicator 0.0444 1262 651 1299 678
switch-indicator 0.0396 916 581 939 610
switch-indicator 0.0265 1865 723 1910 771
switch-indicator 0.0257 317 630 346 658
switch-indicator 0.0225 702 573 745 600
switch-indicator 0.0202 1554 652 1587 674
switch-indicator 0.0159 942 578 984 610
switch-indicator 0.0128 1385 674 1427 701
switch-indicator 0.0118 1292 582 1317 612
switch-indicator 0.0092 306 637 341 674
switch-indicator 0.0087 1288 594 1322 620
switch-indicator 0.0084 863 582 938 622
switch-indicator 0.0082 655 614 688 643
switch-indicator 0.0079 753 571 808 599
switch-indicator 0.0077 639 581 681 637
switch-indicator 0.0077 1186 613 1227 636
switch-indicator 0.0076 290 689 327 733
switch-indicator 0.0064 289 666 361 752
switch-indicator 0.0059 1563 657 1593 680
switch-indicator 0.0059 921 562 974 609
switch-indicator 0.0058 1321 730 1367 759
switch-indicator 0.0054 1879 727 1920 787
switch-indicator 0.0047 313 678 361 738
switch-indicator 0.0037 1535 648 1591 678
switch-indicator 0.0033 1268 649 1335 676
switch-indicator 0.0028 1522 627 1547 657
switch-indicator 0.0023 1821 653 1919 867
switch-indicator 0.0020 934 625 979 668
switch-indicator 0.0019 1325 734 1374 772
switch-indicator 0.0019 280 676 311 725
switch-indicator 0.0018 799 583 867 647
switch-indicator 0.0010 1333 724 1403 760
switch-left 0.2508 301 788 463 860
switch-left 0.0464 1090 721 1251 783
switch-left 0.0317 377 640 454 676
switch-left 0.0293 1056 651 1211 714
switch-left 0.0288 1061 645 1167 692
switch-left 0.0192 263 723 504 955
switch-left 0.0192 1149 718 1275 759
switch-left 0.0184 273 801 455 899
switch-left 0.0144 1224 808 1690 1016
switch-left 0.0127 516 618 568 642
switch-left 0.0115 1215 775 1528 944
switch-left 0.0114 343 767 488 856
switch-left 0.0109 1113 680 1315 767
switch-left 0.0108 903 668 994 703
switch-left 0.0089 1089 746 1261 814
switch-left 0.0076 1095 668 1192 708
switch-left 0.0073 1213 759 1356 811
switch-left 0.0068 394 648 466 681
switch-left 0.0066 1073 659 1160 705
switch-left 0.0059 1186 744 1328 787
switch-left 0.0051 1236 783 1377 836
switch-left 0.0050 1184 716 1321 766
switch-left 0.0047 358 643 463 705
switch-left 0.0045 274 800 397 860
switch-left 0.0033 1149 730 1279 784
switch-left 0.0027 1004 638 1178 743
switch-left 0.0022 445 614 526 645
switch-left 0.0021 1389 854 1553 918
switch-left 0.0018 1390 826 1641 1014
switch-left 0.0017 1372 865 1576 946
switch-left 0.0016 343 757 481 812
switch-left 0.0014 1275 806 1438 869
switch-left 0.0013 396 663 478 706
switch-left 0.0013 367 665 412 716
switch-left 0.0012 1301 827 1464 901
switch-left 0.0011 368 789 485 843
switch-left 0.0010 1474 924 1734 1058
switch-right 0.2728 312 786 470 852
switch-right 0.0944 370 629 432 661
switch-right 0.0445 377 641 453 675
switch-right 0.0415 1098 681 1228 721
switch-right 0.0359 1075 650 1191 694
switch-right 0.0328 1089 720 1252 787
switch-right 0.0249 1141 717 1281 760
switch-right 0.0219 1105 695 1249 743
switch-right 0.0144 326 765 477 830
switch-right 0.0108 1204 758 1365 813
switch-right 0.0093 280 792 376 841
switch-right 0.0091 1163 711 1361 815
switch-right 0.0086 1178 743 1334 787
switch-right 0.0080 268 799 402 863
switch-right 0.0080 392 646 471 682
switch-right 0.0076 515 615 569 644
switch-right 0.0075 1236 801 1496 919
switch-right 0.0075 1227 781 1386 838
switch-right 0.0069 1127 687 1303 763
switch-right 0.0069 1330 857 1578 974
switch-right 0.0068 300 784 390 830
switch-right 0.0040 1138 653 1224 689
switch-right 0.0038 1360 855 1540 925
switch-right 0.0036 1146 769 1274 830
switch-right 0.0033 525 620 584 648
switch-right 0.0032 734 614 825 655
switch-right 0.0030 1221 706 1346 751
switch-right 0.0029 1200 762 1428 869
switch-right 0.0026 1233 802 1380 876
switch-right 0.0022 1252 784 1456 848
switch-right 0.0018 1296 829 1505 905
switch-right 0.0017 1244 825 1417 906
switch-right 0.0017 1334 809 1573 942
switch-right 0.0014 1416 854 1573 915
switch-right 0.0012 311 724 493 864
switch-right 0.0012 337 753 462 809
switch-right 0.0011 1397 836 1546 904
switch-right 0.0011 396 662 478 707
switch-unknown 0.1363 1046 618 1121 647
switch-unknown 0.0797 1052 626 1126 661
switch-unknown 0.0735 1033 606 1112 640
switch-unknown 0.0628 480 607 546 631
switch-unknown 0.0547 1025 595 1105 625
switch-unknown 0.0513 459 595 530 625
switch-unknown 0.0503 345 587 402 618
switch-unknown 0.0493 503 610 565 635
switch-unknown 0.0446 1075 650 1191 693
switch-unknown 0.0377 1052 633 1163 678
switch-unknown 0.0367 363 615 429 655
switch-unknown 0.0323 343 598 412 641
switch-unknown 0.0308 1009 587 1079 620
switch-unknown 0.0274 497 590 576 630
switch-unknown 0.0260 1022 602 1080 634
switch-unknown 0.0250 325 584 387 616
switch-unknown 0.0247 523 581 600 621
switch-unknown 0.0197 675 572 740 606
switch-unknown 0.0193 589 565 626 609
switch-unknown 0.0179 973 576 1061 611
switch-unknown 0.0177 950 574 1039 603
switch-unknown 0.0177 650 555 715 599
switch-unknown 0.0171 561 567 616 613
switch-unknown 0.0157 395 622 472 662
switch-unknown 0.0154 429 583 512 625
switch-unknown 0.0128 400 582 481 621
switch-unknown 0.0120 343 624 417 663
switch-unknown 0.0113 757 631 842 660
switch-unknown 0.0111 520 605 575 639
switch-unknown 0.0106 823 660 922 698
switch-unknown 0.0104 426 598 515 643
switch-unknown 0.0101 1061 611 1148 644
switch-unknown 0.0099 340 568 403 610
switch-unknown 0.0098 402 600 480 650
switch-unknown 0.0075 1100 616 1173 642
switch-unknown 0.0070 849 651 938 684
switch-unknown 0.0065 653 567 719 622
switch-unknown 0.0060 1127 679 1225 718
switch-unknown 0.0058 347 643 408 684
switch-unknown 0.0056 1120 634 1193 665
switch-unknown 0.0055 656 531 714 583
switch-unknown 0.0052 1008 636 1140 690
switch-unknown 0.0052 316 554 383 615
switch-unknown 0.0051 717 572 790 603
switch-unknown 0.0051 682 606 767 637
switch-unknown 0.0050 976 597 1063 633
switch-unknown 0.0050 716 625 804 655
switch-unknown 0.0048 1142 720 1238 756
switch-unknown 0.0039 710 610 801 645
switch-unknown 0.0039 1040 640 1112 687
switch-unknown 0.0034 546 595 615 631
switch-unknown 0.0033 485 615 551 641
switch-unknown 0.0029 1257 765 1394 817
switch-unknown 0.0028 580 594 648 629
switch-unknown 0.0027 606 597 672 638
switch-unknown 0.0023 814 636 889 672
switch-unknown 0.0022 697 620 765 648
switch-unknown 0.0017 1234 762 1336 807
switch-unknown 0.0017 266 590 326 655
switch-unknown 0.0016 1291 678 1421 717
switch-unknown 0.0015 1287 783 1465 843
switch-unknown 0.0013 744 642 821 673
switch-unknown 0.0011 1300 654 1415 691
switch-static 0.2628 842 688 916 727
switch-static 0.2458 207 790 278 828
switch-static 0.2321 315 696 352 725
switch-static 0.2236 20 629 487 978
switch-static 0.1891 182 762 270 827
switch-static 0.1481 829 677 891 725
switch-static 0.1076 318 632 348 654
switch-static 0.0723 202 755 282 796
switch-static 0.0661 158 753 258 808
switch-static 0.0516 1271 726 1350 760
switch-static 0.0511 805 672 859 699
switch-static 0.0449 1387 677 1425 696
switch-static 0.0420 566 834 644 908
switch-static 0.0405 1258 653 1303 678
switch-static 0.0384 196 746 301 870
switch-static 0.0357 206 770 324 832
switch-static 0.0252 262 794 335 829
switch-static 0.0221 812 669 896 699
switch-static 0.0191 320 615 374 655
switch-static 0.0159 143 760 233 819
switch-static 0.0158 1194 660 1276 687
switch-static 0.0151 128 784 229 827
switch-static 0.0141 292 788 360 822
switch-static 0.0141 787 665 869 695
switch-static 0.0135 327 695 387 727
switch-static 0.0127 829 662 918 696
switch-static 0.0124 1323 733 1366 756
switch-static 0.0120 1285 734 1366 777
switch-static 0.0119 1652 660 1704 687
switch-static 0.0117 1180 620 1234 651
switch-static 0.0115 1252 976 1395 1062
switch-static 0.0109 854 654 935 682
switch-static 0.0108 926 666 1007 699
switch-static 0.0104 911 661 976 693
switch-static 0.0098 886 656 961 683
switch-static 0.0090 1153 634 1219 662
switch-static 0.0090 1172 655 1250 683
switch-static 0.0090 1251 941 1473 1062
switch-static 0.0090 793 671 841 696
switch-static 0.0088 903 756 959 783
switch-static 0.0087 287 792 369 838
switch-static 0.0084 854 639 938 670
switch-static 0.0080 1253 718 1365 754
switch-static 0.0079 341 680 404 722
switch-static 0.0075 121 789 189 827
switch-static 0.0074 103 769 208 834
switch-static 0.0068 1271 651 1333 675
switch-static 0.0065 773 650 845 684
switch-static 0.0064 299 679 382 734
switch-static 0.0064 1240 722 1334 763
switch-static 0.0062 877 669 967 707
switch-static 0.0060 818 661 1018 722
switch-static 0.0055 1239 643 1293 673
switch-static 0.0053 1209 671 1297 706
switch-static 0.0053 1262 995 1348 1066
switch-static 0.0052 1193 641 1275 669
switch-static 0.0051 314 639 382 683
switch-static 0.0048 1111 874 1187 935
switch-static 0.0042 1185 616 1222 637
switch-static 0.0039 1117 621 1190 644
switch-static 0.0038 1199 688 1414 835
switch-static 0.0038 1283 656 1367 681
switch-static 0.0037 676 619 733 644
switch-static 0.0035 1243 659 1317 702
switch-static 0.0034 494 765 682 955
switch-static 0.0034 1345 676 1422 703
switch-static 0.0033 1224 874 1617 1076
switch-static 0.0032 279 676 311 728
switch-static 0.0032 186 798 277 844
switch-static 0.0031 1328 736 1371 769
switch-static 0.0031 130 724 313 792
switch-static 0.0031 189 743 257 775
switch-static 0.0030 1658 664 1722 698
switch-static 0.0029 1268 996 1447 1074
switch-static 0.0028 286 690 333 733
switch-static 0.0027 863 691 953 727
switch-static 0.0025 1338 665 1417 696
switch-static 0.0025 888 760 965 799
switch-static 0.0023 1261 667 1347 700
switch-static 0.0022 1307 956 1451 1010
switch-static 0.0021 483 774 521 807
switch-static 0.0021 298 637 347 677
switch-static 0.0021 1118 870 1174 913
switch-static 0.0020 1391 766 1471 801
switch-static 0.0017 972 659 1057 692
switch-static 0.0017 998 676 1075 712
switch-static 0.0017 210 743 286 776
switch-static 0.0016 1294 946 1506 1023
switch-static 0.0016 1233 720 1378 808
switch-static 0.0015 540 804 639 918
switch-static 0.0015 944 653 1090 694
switch-static 0.0014 1337 728 1394 757
switch-static 0.0014 811 686 866 729
switch-static 0.0014 161 726 243 770
switch-static 0.0014 1318 709 1391 752
switch-static 0.0013 1295 895 1530 1060
switch-static 0.0013 1285 1025 1430 1079
switch-static 0.0013 1168 609 1273 640
switch-static 0.0012 853 750 954 787
switch-static 0.0012 139 796 269 856
switch-static 0.0011 1287 968 1420 1045
switch-static 0.0010 1269 922 1445 1011
switch-static 0.0010 928 738 958 776
track-sign-front 0.3928 1430 642 1460 692
track-sign-front 0.3488 1267 534 1283 557
track-sign-front 0.2366 565 841 643 914
track-sign-front 0.0217 138 542 159 599
track-sign-front 0.0176 135 543 157 575
track-sign-front 0.0118 1601 482 1647 537
track-sign-front 0.0111 1266 532 1287 603
track-sign-front 0.0075 1262 534 1288 562
track-sign-front 0.0033 326 517 365 577
track-sign-front 0.0029 262 517 300 596
track-sign-front 0.0027 141 499 185 556
track-sign-front 0.0023 1262 523 1312 577
track-sign-front 0.0017 1755 604 1791 642
track-sign-front 0.0012 125 530 175 593
track-sign-front 0.0012 227 538 289 603
track-sign-front 0.0011 4 515 60 574
track-sign-front 0.0010 1463 559 1482 593
track-signal-front 0.4353 374 487 386 509
track-signal-front 0.3141 306 494 323 517
track-signal-front 0.1519 868 459 886 501
track-signal-front 0.0714 462 493 475 513
track-signal-front 0.0181 300 491 330 520
track-signal-front 0.0145 394 422 428 447
track-signal-front 0.0139 823 513 865 558
track-signal-front 0.0124 332 517 359 556
track-signal-front 0.0123 275 481 324 554
track-signal-front 0.0123 364 484 395 555
track-signal-front 0.0118 458 474 490 538
track-signal-front 0.0081 274 443 325 526
track-signal-front 0.0061 459 482 477 518
track-signal-front 0.0058 442 457 471 550
track-signal-front 0.0057 296 484 360 526
track-signal-front 0.0051 281 410 317 555
track-signal-front 0.0032 367 487 397 515
track-signal-front 0.0028 397 413 438 472
track-signal-front 0.0027 271 480 304 579
track-signal-front 0.0024 423 398 443 473
track-signal-front 0.0020 867 422 900 506
track-signal-front 0.0019 384 423 424 472
track-signal-front 0.0018 983 438 1003 463
track-signal-front 0.0016 1282 497 1317 536
track-signal-front 0.0015 384 452 452 567
track-signal-front 0.0014 138 493 179 543
track-signal-front 0.0014 168 469 201 565
track-signal-front 0.0013 834 445 887 569
track-signal-front 0.0010 1165 466 1189 546
track-signal-back 0.0415 867 456 890 498
track-signal-back 0.0063 392 416 435 449
track-signal-back 0.0054 504 471 519 512
track-signal-back 0.0037 276 439 306 497
track-signal-back 0.0021 392 392 441 459
track-signal-back 0.0018 102 227 199 343
track-signal-back 0.0013 37 230 204 366
track-signal-back 0.0011 211 451 240 532
track-signal-back 0.0011 894 444 920 534
person 0.3939 839 575 868 628
pole 0.3920 265 178 311 741
pole 0.2888 1704 8 1807 712
pole 0.1778 1093 452 1111 590
pole 0.1155 1685 26 1758 702
pole 0.1136 716 448 732 580
pole 0.0963 1242 308 1262 607
pole 0.0907 773 438 790 575
pole 0.0882 865 450 893 610
pole 0.0806 90 583 132 848
pole 0.0655 192 444 216 611
pole 0.0490 202 437 236 616
pole 0.0464 866 445 889 534
pole 0.0382 869 438 926 608
pole 0.0339 460 475 479 585
pole 0.0339 258 454 302 770
pole 0.0297 768 462 798 581
pole 0.0253 833 487 949 637
pole 0.0237 498 465 518 586
pole 0.0224 71 723 106 850
pole 0.0218 276 351 299 657
pole 0.0182 851 427 899 605
pole 0.0177 903 478 938 585
pole 0.0174 1094 402 1127 593
pole 0.0164 567 434 593 590
pole 0.0163 271 443 308 711
pole 0.0159 253 389 324 743
pole 0.0159 629 447 647 580
pole 0.0150 142 565 162 633
pole 0.0149 223 175 341 793
pole 0.0147 258 -19 325 799
pole 0.0146 281 429 317 617
pole 0.0145 1247 366 1270 621
pole 0.0141 59 592 149 719
pole 0.0141 704 434 751 606
pole 0.0139 152 494 394 755
pole 0.0139 463 453 508 593
pole 0.0137 1096 488 1120 594
pole 0.0136 431 364 451 609
pole 0.0130 454 499 483 597
pole 0.0122 171 441 205 621
pole 0.0117 444 390 469 616
pole 0.0114 1047 453 1099 582
pole 0.0099 1661 57 1724 679
pole 0.0098 868 358 897 568
pole 0.0098 894 432 928 595
pole 0.0095 1240 330 1279 658
pole 0.0091 736 438 785 577
pole 0.0090 138 542 159 608
pole 0.0088 220 397 254 662
pole 0.0086 615 463 659 588
pole 0.0086 196 206 247 742
pole 0.0086 460 475 477 534
pole 0.0085 775 481 828 577
pole 0.0084 580 470 634 589
pole 0.0084 81 608 132 731
pole 0.0083 554 473 591 588
pole 0.0073 899 514 948 578
pole 0.0071 635 474 673 582
pole 0.0068 1097 457 1156 586
pole 0.0065 427 377 445 542
pole 0.0062 1225 336 1265 658
pole 0.0059 226 552 318 771
pole 0.0056 427 464 465 589
pole 0.0056 459 447 488 568
pole 0.0052 185 354 267 707
pole 0.0051 75 478 246 661
pole 0.0051 97 546 173 663
pole 0.0050 1739 122 1820 774
pole 0.0050 432 440 489 590
pole 0.0049 561 459 621 602
pole 0.0049 270 244 292 578
pole 0.0049 268 551 300 744
pole 0.0046 835 551 911 619
pole 0.0044 134 445 227 621
pole 0.0044 91 597 161 749
pole 0.0044 683 509 736 590
pole 0.0044 292 463 352 639
pole 0.0043 210 449 242 578
pole 0.0043 272 504 313 596
pole 0.0043 259 547 302 655
pole 0.0042 1072 443 1124 594
pole 0.0041 278 405 304 532
pole 0.0039 219 429 282 677
pole 0.0039 253 37 303 625
pole 0.0039 361 510 426 594
pole 0.0038 276 196 382 749
pole 0.0037 146 516 196 628
pole 0.0036 878 337 903 531
pole 0.0035 1261 397 1296 620
pole 0.0035 658 478 721 582
pole 0.0034 47 229 173 716
pole 0.0033 1034 500 1127 642
pole 0.0031 1104 329 1135 593
pole 0.0031 1111 371 1150 603
pole 0.0031 775 426 800 554
pole 0.0031 1651 87 1781 789
pole 0.0030 334 505 406 598
pole 0.0030 179 486 224 651
pole 0.0030 373 491 401 574
pole 0.0029 1143 465 1182 585
pole 0.0029 1778 119 1849 720
pole 0.0029 485 501 547 596
pole 0.0027 1022 451 1062 568
pole 0.0026 383 516 450 594
pole 0.0026 49 567 154 650
pole 0.0025 1212 266 1273 613
pole 0.0024 1234 264 1258 566
pole 0.0024 708 424 730 567
pole 0.0024 158 459 280 630
pole 0.0023 1713 318 1792 706
pole 0.0023 325 509 368 596
pole 0.0023 102 635 139 754
pole 0.0023 1013 479 1075 578
pole 0.0023 390 402 451 616
pole 0.0022 1755 317 1819 710
pole 0.0022 1250 309 1292 605
pole 0.0022 559 398 601 589
pole 0.0022 293 510 353 589
pole 0.0021 421 395 443 475
pole 0.0021 228 498 291 649
pole 0.0020 1 146 231 697
pole 0.0020 563 417 586 563
pole 0.0020 758 417 784 568
pole 0.0019 769 416 783 521
pole 0.0018 668 450 708 573
pole 0.0018 168 125 262 743
pole 0.0017 532 170 592 659
pole 0.0017 802 449 848 580
pole 0.0017 487 466 529 586
pole 0.0017 510 -35 609 682
pole 0.0017 198 480 262 662
pole 0.0017 709 479 792 575
pole 0.0016 97 208 222 725
pole 0.0016 289 403 384 639
pole 0.0016 1014 465 1042 552
pole 0.0016 217 466 257 593
pole 0.0016 1119 334 1141 527
pole 0.0015 1158 462 1196 592
pole 0.0015 593 478 678 608
pole 0.0015 1733 -19 1865 672
pole 0.0015 1232 222 1276 548
pole 0.0014 415 512 481 594
pole 0.0014 510 498 566 580
pole 0.0013 274 629 294 709
pole 0.0013 95 449 178 610
pole 0.0013 1224 357 1303 642
pole 0.0013 276 614 312 723
pole 0.0013 275 652 298 736
pole 0.0012 1247 514 1306 650
pole 0.0012 0 246 57 694
pole 0.0012 247 513 332 650
pole 0.0011 93 648 129 791
pole 0.0011 1109 451 1205 591
pole 0.0011 1244 391 1261 537
pole 0.0011 412 427 508 606
pole 0.0011 102 383 127 515
pole 0.0011 1192 373 1282 634
pole 0.0010 746 450 826 604
rail-occluder 0.4894 1432 643 1471 752
rail-occluder 0.4842 1441 669 1493 776
rail-occluder 0.3804 1511 633 1542 674
rail-occluder 0.3564 1429 641 1462 690
rail-occluder 0.2490 70 730 88 846
rail-occluder 0.2073 932 591 957 641
rail-occluder 0.0951 1830 720 1876 769
rail-occluder 0.0871 932 611 955 652
rail-occluder 0.0838 61 732 106 842
rail-occluder 0.0691 71 727 96 792
rail-occluder 0.0640 1290 594 1313 617
rail-occluder 0.0578 1455 687 1502 787
rail-occluder 0.0552 24 674 117 835
rail-occluder 0.0484 39 620 192 850
rail-occluder 0.0429 841 573 868 621
rail-occluder 0.0420 1495 643 1541 678
rail-occluder 0.0253 66 720 108 799
rail-occluder 0.0237 1417 645 1466 725
rail-occluder 0.0234 1390 671 1430 697
rail-occluder 0.0229 1419 643 1489 765
rail-occluder 0.0226 1850 720 1900 775
rail-occluder 0.0177 23 709 96 785
rail-occluder 0.0177 77 630 122 862
rail-occluder 0.0172 916 628 955 663
rail-occluder 0.0150 1655 661 1701 686
rail-occluder 0.0121 1707 669 1727 704
rail-occluder 0.0111 1298 593 1320 619
rail-occluder 0.0110 1691 662 1727 704
rail-occluder 0.0109 1283 600 1315 628
rail-occluder 0.0104 1242 646 1292 672
rail-occluder 0.0076 1663 664 1719 697
rail-occluder 0.0076 870 556 929 614
rail-occluder 0.0073 1097 545 1122 594
rail-occluder 0.0051 1449 640 1508 677
rail-occluder 0.0049 447 556 490 604
rail-occluder 0.0047 100 603 158 697
rail-occluder 0.0047 910 660 978 696
rail-occluder 0.0041 1456 729 1510 795
rail-occluder 0.0038 1188 613 1249 639
rail-occluder 0.0037 1711 666 1737 712
rail-occluder 0.0037 80 699 123 801
rail-occluder 0.0037 132 583 173 657
rail-occluder 0.0035 1717 640 1745 709
rail-occluder 0.0034 76 583 131 665
rail-occluder 0.0034 40 587 117 655
rail-occluder 0.0034 1650 653 1693 681
rail-occluder 0.0034 882 654 964 686
rail-occluder 0.0033 1171 605 1243 634
rail-occluder 0.0030 145 566 188 630
rail-occluder 0.0030 1267 538 1286 604
rail-occluder 0.0030 1297 603 1328 630
rail-occluder 0.0028 280 627 333 665
rail-occluder 0.0028 1508 650 1542 708
rail-occluder 0.0027 1763 606 1795 650
rail-occluder 0.0026 1428 721 1497 796
rail-occluder 0.0023 1453 661 1514 734
rail-occluder 0.0023 62 713 123 895
rail-occluder 0.0021 102 582 162 662
rail-occluder 0.0021 179 614 229 644
rail-occluder 0.0021 146 603 218 656
rail-occluder 0.0020 1076 587 1141 626
rail-occluder 0.0020 1732 628 1753 681
rail-occluder 0.0020 68 661 106 788
rail-occluder 0.0018 1757 611 1807 669
rail-occluder 0.0017 1061 551 1126 605
rail-occluder 0.0016 174 624 224 655
rail-occluder 0.0016 1170 591 1223 631
rail-occluder 0.0016 1399 698 1485 779
rail-occluder 0.0015 277 631 312 704
rail-occluder 0.0015 1738 613 1789 671
rail-occluder 0.0015 269 618 298 681
rail-occluder 0.0014 1283 581 1322 613
rail-occluder 0.0014 89 675 150 864
rail-occluder 0.0014 1669 644 1791 708
rail-occluder 0.0013 1801 686 1924 796
rail-occluder 0.0013 1659 651 1714 683
rail-occluder 0.0013 1333 664 1423 697
rail-occluder 0.0013 75 751 114 856
rail-occluder 0.0013 1128 579 1187 618
rail-occluder 0.0013 276 660 295 730
rail-occluder 0.0012 1730 611 1834 669
rail-occluder 0.0011 1080 499 1136 590
rail-occluder 0.0011 1233 580 1287 623
rail-occluder 0.0011 1396 724 1541 852
rail-occluder 0.0011 1223 611 1292 645
rail-occluder 0.0011 1224 622 1325 692
rail-occluder 0.0011 275 683 297 747
rail-occluder 0.0010 1101 589 1174 626
rail-occluder 0.0010 94 719 147 821
rail-occluder 0.0010 1101 515 1166 585
