rail 0.9505 895 491 1196 1072
rail 0.8054 3 505 842 894
rail 0.0895 7 525 713 751
rail 0.0032 29 464 812 669
rail 0.0019 700 496 847 555
rail 0.0019 9 594 525 789
rail 0.0011 630 509 783 561
track-sign-front 0.2490 1034 508 1051 541
track-sign-front 0.0520 810 478 823 501
track-sign-front 0.0126 846 468 867 504
track-sign-front 0.0080 750 489 770 539
track-sign-front 0.0044 1031 507 1060 544
track-sign-front 0.0031 851 475 883 508
track-sign-front 0.0026 912 484 936 519
track-sign-front 0.0023 1030 480 1046 525
track-sign-front 0.0018 907 468 937 509
track-sign-front 0.0018 620 469 641 537
track-sign-front 0.0017 919 490 940 517
track-sign-front 0.0014 1142 488 1157 514
track-sign-front 0.0013 786 480 852 510
track-sign-front 0.0010 748 463 771 522
track-signal-back 0.0046 1070 383 1105 417
track-signal-back 0.0021 782 408 797 475
fence 0.0087 395 511 832 1004
fence 0.0053 81 513 909 1091
pole 0.0085 619 319 638 549
pole 0.0035 783 415 796 494
pole 0.0028 844 467 867 504
pole 0.0028 781 402 815 511
pole 0.0020 844 446 892 511
pole 0.0019 617 326 650 591
pole 0.0018 837 418 865 515
pole 0.0015 750 479 789 539
pole 0.0015 762 444 802 526
pole 0.0011 622 389 637 520
rail-occluder 0.1069 545 537 749 797
rail-occluder 0.0554 571 516 775 708
rail-occluder 0.0369 486 536 740 939
rail-occluder 0.0268 563 563 707 730
rail-occluder 0.0174 588 544 734 663
rail-occluder 0.0117 662 526 700 589
rail-occluder 0.0113 747 496 771 550
rail-occluder 0.0110 375 487 829 1015
rail-occluder 0.0097 652 529 714 634
rail-occluder 0.0087 622 500 840 621
rail-occluder 0.0069 808 479 824 510
rail-occluder 0.0058 744 496 791 557
rail-occluder 0.0057 652 518 754 580
rail-occluder 0.0040 648 494 844 569
rail-occluder 0.0038 727 502 787 585
rail-occluder 0.0035 720 498 817 557
rail-occluder 0.0035 569 591 663 708
rail-occluder 0.0030 584 569 686 680
rail-occluder 0.0029 657 500 697 567
rail-occluder 0.0024 427 490 844 781
rail-occluder 0.0024 650 530 694 576
rail-occluder 0.0022 749 479 789 534
rail-occluder 0.0020 693 514 765 578
rail-occluder 0.0014 674 501 793 556
rail-occluder 0.0013 530 586 661 805
rail-occluder 0.0012 772 493 821 557
rail-occluder 0.0011 662 508 747 558
