crossing 0.5593 858 590 906 609
crossing 0.5402 1089 590 1144 610
crossing 0.1202 878 588 941 610
crossing 0.1121 868 585 914 605
crossing 0.0535 1129 590 1201 608
crossing 0.0360 904 589 959 609
crossing 0.0347 1047 589 1098 608
crossing 0.0327 841 588 897 613
crossing 0.0287 1062 583 1136 604
crossing 0.0231 821 589 859 606
crossing 0.0104 1097 593 1160 615
crossing 0.0088 896 589 948 623
crossing 0.0088 822 573 892 607
crossing 0.0081 1044 578 1096 605
crossing 0.0071 890 562 956 614
crossing 0.0063 1158 591 1240 610
crossing 0.0054 889 577 956 638
crossing 0.0039 1047 597 1089 614
crossing 0.0031 1073 576 1161 618
crossing 0.0029 1144 581 1221 605
crossing 0.0014 1149 594 1217 616
crossing 0.0013 1115 591 1206 620
crossing 0.0012 923 583 999 610
crossing 0.0012 909 547 971 611
crossing 0.0012 1089 582 1168 606
train-car 0.0114 815 537 831 567
train-car 0.0055 814 536 852 566
train-car 0.0018 810 538 842 583
platform 0.0095 825 537 925 572
platform 0.0041 845 548 1092 600
platform 0.0040 849 575 1081 614
platform 0.0034 843 526 946 589
platform 0.0019 834 560 929 609
platform 0.0011 836 558 1144 619
rail 0.9523 4 551 905 1076
rail 0.9363 1022 556 1526 1076
rail 0.0022 1133 606 1404 1031
rail 0.0022 1066 560 1911 1022
rail 0.0012 -5 586 735 859
switch-indicator 0.0205 1355 655 1381 687
switch-indicator 0.0087 1305 640 1323 670
switch-indicator 0.0054 1302 640 1349 690
switch-indicator 0.0044 1303 637 1329 683
switch-indicator 0.0019 1348 655 1382 703
switch-indicator 0.0016 1331 644 1380 697
switch-static 0.0062 596 655 634 685
track-sign-front 0.2478 781 537 792 558
track-sign-front 0.1085 781 537 813 563
track-sign-front 0.1027 816 539 830 563
track-sign-front 0.0598 782 535 792 591
track-sign-front 0.0527 1001 535 1020 560
track-sign-front 0.0400 1325 506 1344 540
track-sign-front 0.0259 815 538 832 580
track-sign-front 0.0258 1161 493 1173 513
track-sign-front 0.0217 1355 655 1381 686
track-sign-front 0.0215 480 545 498 570
track-sign-front 0.0208 1002 506 1028 563
track-sign-front 0.0200 1327 510 1345 579
track-sign-front 0.0158 1002 516 1018 558
track-sign-front 0.0140 815 537 850 563
track-sign-front 0.0128 653 522 666 571
track-sign-front 0.0108 1331 538 1345 584
track-sign-front 0.0087 654 509 670 541
track-sign-front 0.0060 1005 459 1024 555
track-sign-front 0.0058 596 654 627 683
track-sign-front 0.0056 654 535 665 592
track-sign-front 0.0043 1160 494 1174 529
track-sign-front 0.0041 997 540 1015 587
track-sign-front 0.0032 1159 464 1175 533
track-sign-front 0.0028 1398 493 1425 553
track-sign-front 0.0026 59 488 99 572
track-sign-front 0.0023 1347 655 1382 702
track-sign-front 0.0018 482 542 507 571
track-sign-front 0.0015 1336 484 1393 562
track-sign-front 0.0015 1323 480 1379 542
track-sign-front 0.0014 1316 506 1338 541
track-sign-front 0.0014 1002 529 1050 569
track-sign-front 0.0012 970 532 1048 574
track-sign-front 0.0010 760 534 837 570
track-sign-front 0.0010 466 543 503 572
track-signal-front 0.0977 652 494 672 524
track-signal-front 0.0416 817 536 832 560
track-signal-front 0.0318 653 500 668 538
track-signal-front 0.0178 828 483 839 512
track-signal-front 0.0162 826 481 838 530
track-signal-front 0.0101 647 483 675 517
track-signal-front 0.0075 621 484 667 525
track-signal-front 0.0056 616 450 645 508
track-signal-front 0.0028 612 439 643 486
track-signal-front 0.0026 620 488 637 521
track-signal-front 0.0013 827 460 839 514
track-signal-front 0.0010 619 487 660 557
track-signal-back 0.0040 1013 480 1032 535
pole 0.4189 1391 24 1431 709
pole 0.2295 898 27 942 687
pole 0.1778 998 328 1016 590
pole 0.0542 956 353 971 591
pole 0.0286 1005 374 1020 618
pole 0.0273 1075 440 1085 574
pole 0.0259 949 324 970 627
pole 0.0220 892 116 962 796
pole 0.0120 935 305 997 651
pole 0.0096 780 531 793 598
pole 0.0076 915 267 965 721
pole 0.0075 777 520 817 614
pole 0.0063 958 409 969 553
pole 0.0061 1401 26 1447 635
pole 0.0057 824 471 840 545
pole 0.0052 996 367 1029 640
pole 0.0045 815 533 834 564
pole 0.0042 1000 412 1013 557
pole 0.0038 946 398 965 665
pole 0.0037 910 19 981 715
pole 0.0036 948 513 976 591
pole 0.0033 1000 504 1020 571
pole 0.0032 954 492 969 567
pole 0.0030 652 519 668 581
pole 0.0029 906 238 935 583
pole 0.0027 919 220 1009 734
pole 0.0026 1069 401 1084 576
pole 0.0023 954 454 969 607
pole 0.0023 883 467 963 653
pole 0.0022 915 438 974 670
pole 0.0021 636 501 663 598
pole 0.0020 932 275 963 605
pole 0.0020 883 290 939 723
pole 0.0020 1358 40 1454 717
pole 0.0019 946 409 970 555
pole 0.0017 905 384 944 674
pole 0.0016 690 365 709 608
pole 0.0015 852 11 990 738
pole 0.0015 781 550 793 622
pole 0.0014 667 367 697 604
pole 0.0014 815 481 868 580
pole 0.0014 1002 372 1015 512
pole 0.0014 897 346 919 620
pole 0.0013 944 483 969 578
pole 0.0013 1071 511 1095 578
pole 0.0012 997 373 1009 515
pole 0.0011 1160 386 1177 576
pole 0.0011 1014 466 1031 548
pole 0.0010 893 439 920 570
pole 0.0010 43 10 112 830
rail-occluder 0.0059 995 540 1009 591
