crossing 0.1321 1436 715 1920 1073
crossing 0.0557 1345 711 1842 846
crossing 0.0476 830 844 1319 1076
crossing 0.0409 1602 812 1923 1070
crossing 0.0278 1450 727 1739 809
crossing 0.0092 1645 805 1920 931
crossing 0.0057 1753 900 1920 1079
crossing 0.0048 1494 742 1792 839
crossing 0.0028 1551 734 1921 939
crossing 0.0025 1527 764 1857 868
crossing 0.0010 1726 830 1931 1004
crossing 0.0010 1164 536 1206 556
crossing 0.0010 1821 880 1922 1051
guard-rail 0.0013 1823 903 1923 1064
guard-rail 0.0010 854 945 894 1074
rail 0.8821 850 556 1319 1072
rail 0.8677 1106 553 1911 1070
rail 0.5525 697 603 1091 788
rail 0.2929 1055 576 1637 781
rail 0.1410 870 647 1188 923
rail 0.1247 1026 578 1846 874
rail 0.0789 685 599 1151 1073
rail 0.0465 982 588 1492 716
rail 0.0421 1242 654 1872 847
rail 0.0320 822 594 1049 1074
rail 0.0282 896 681 1144 808
rail 0.0209 875 593 1281 830
rail 0.0146 1289 641 1640 781
rail 0.0133 749 588 1102 690
rail 0.0112 752 555 1206 868
rail 0.0095 895 570 1136 786
rail 0.0080 1340 677 1763 803
rail 0.0078 703 623 924 1060
rail 0.0063 550 596 1051 891
rail 0.0038 1236 653 1520 737
rail 0.0028 722 591 1033 654
rail 0.0025 1156 620 1462 714
rail 0.0024 924 592 1057 650
rail 0.0024 935 581 1326 679
rail 0.0022 1257 609 1565 754
rail 0.0022 671 621 939 765
rail 0.0021 920 593 1101 701
rail 0.0017 944 567 1042 604
rail 0.0016 481 572 996 735
rail 0.0013 73 529 1171 1054
rail 0.0013 1414 782 1916 1082
rail 0.0012 725 656 961 795
rail 0.0011 829 727 1153 1043
rail 0.0011 1074 601 1380 704
rail 0.0011 940 581 1074 630
rail 0.0011 1006 592 1270 664
rail 0.0011 914 629 1089 772
rail 0.0011 950 557 1068 591
rail 0.0010 868 536 1339 741
rail 0.0010 789 581 1004 619
switch-left 0.2922 904 701 1136 797
switch-left 0.2785 893 721 1149 842
switch-left 0.0732 1401 704 1720 799
switch-left 0.0319 1374 689 1646 778
switch-left 0.0071 1336 678 1579 758
switch-left 0.0070 1460 712 1638 777
switch-left 0.0025 933 757 1118 845
switch-left 0.0024 1487 731 1665 798
switch-left 0.0018 940 588 1073 645
switch-left 0.0017 1443 722 1691 842
switch-left 0.0016 1398 701 1563 771
switch-left 0.0015 940 613 1044 657
switch-left 0.0015 1372 675 1539 733
switch-left 0.0012 897 785 1185 875
switch-right 0.3341 896 710 1143 832
switch-right 0.0530 1432 716 1697 791
switch-right 0.0232 1382 695 1636 775
switch-right 0.0226 861 685 1120 790
switch-right 0.0219 1336 680 1785 826
switch-right 0.0216 936 599 1054 635
switch-right 0.0128 884 661 1205 890
switch-right 0.0079 942 587 1038 627
switch-right 0.0079 930 612 1068 661
switch-unknown 0.0035 946 567 1034 600
switch-static 0.0036 858 780 894 807
switch-static 0.0027 1284 806 1431 855
switch-static 0.0027 823 777 892 808
switch-static 0.0012 1242 778 1475 858
switch-static 0.0010 1281 800 1385 843
track-sign-front 0.0190 1091 530 1107 546
track-sign-front 0.0056 1107 494 1129 547
track-sign-front 0.0045 1151 464 1165 487
track-sign-front 0.0035 1089 523 1123 551
track-sign-front 0.0013 1452 457 1470 483
track-signal-front 0.0315 1150 470 1166 520
track-signal-front 0.0044 1099 473 1121 507
track-signal-front 0.0024 1096 471 1108 489
track-signal-front 0.0020 1451 459 1472 503
track-signal-front 0.0015 1457 457 1475 483
track-signal-back 0.0022 1862 189 1905 288
track-signal-back 0.0014 1859 198 1887 239
person 0.0171 1150 475 1166 523
person 0.0044 1114 488 1132 530
person 0.0040 1119 477 1170 531
person 0.0022 1107 484 1144 544
person 0.0019 1107 497 1129 545
person 0.0012 1455 463 1492 533
pole 0.0485 1866 2 1922 751
pole 0.0154 575 303 606 738
pole 0.0039 562 230 624 763
pole 0.0011 1857 52 1909 598
rail-occluder 0.0016 682 590 735 637
rail-occluder 0.0011 663 592 713 637
