rail 0.9502 226 520 832 1075
rail 0.0013 384 583 628 1026
track-sign-front 0.2141 1532 831 1616 1042
track-sign-front 0.0464 1537 382 1602 492
track-sign-front 0.0331 1177 616 1231 820
track-sign-front 0.0310 977 558 1017 700
track-sign-front 0.0060 874 489 922 617
track-sign-front 0.0059 604 394 631 424
track-sign-front 0.0030 1426 173 1623 409
track-sign-front 0.0026 1453 373 1609 493
track-sign-front 0.0017 1199 615 1238 792
track-sign-front 0.0016 1177 652 1207 759
track-sign-front 0.0016 1307 650 1357 886
track-sign-front 0.0014 498 450 526 482
track-sign-front 0.0013 1488 204 1620 556
track-sign-front 0.0012 981 608 1012 711
track-sign-front 0.0010 981 557 1026 645
track-sign-front 0.0010 873 481 921 552
person 0.4709 761 452 821 618
person 0.0609 707 443 821 617
person 0.0285 874 484 926 639
person 0.0131 702 464 773 619
person 0.0012 780 465 833 591
pole 0.3114 258 16 300 647
pole 0.0243 262 243 295 588
pole 0.0070 219 6 324 648
pole 0.0032 243 279 305 697
pole 0.0026 201 25 282 622
pole 0.0022 188 367 220 598
pole 0.0022 1478 100 1615 1035
pole 0.0018 247 245 285 578
pole 0.0012 192 222 259 638
pole 0.0011 189 456 219 565
rail-occluder 0.0249 192 533 223 614
rail-occluder 0.0159 196 530 252 588
rail-occluder 0.0075 190 530 261 622
rail-occluder 0.0043 191 489 216 587
rail-occluder 0.0029 191 503 238 597
rail-occluder 0.0026 195 497 262 565
rail-occluder 0.0022 205 529 271 567
rail-occluder 0.0011 181 534 212 617
