guard-rail 0.1800 1209 437 1251 471
guard-rail 0.0502 1039 422 1103 465
guard-rail 0.0459 1215 444 1256 480
guard-rail 0.0372 1198 432 1238 460
guard-rail 0.0286 1052 430 1115 476
guard-rail 0.0196 1203 434 1266 481
guard-rail 0.0183 1192 445 1236 482
guard-rail 0.0182 1065 446 1117 489
guard-rail 0.0181 1226 453 1276 490
guard-rail 0.0180 960 324 1035 410
guard-rail 0.0168 1174 444 1218 475
guard-rail 0.0137 1015 398 1095 452
guard-rail 0.0113 1168 452 1212 490
guard-rail 0.0078 990 370 1054 422
guard-rail 0.0076 1039 390 1123 437
guard-rail 0.0074 1076 449 1141 498
guard-rail 0.0072 1062 447 1097 481
guard-rail 0.0063 1080 407 1142 447
guard-rail 0.0056 1061 338 1124 438
guard-rail 0.0056 1174 418 1217 454
guard-rail 0.0043 932 329 1010 384
guard-rail 0.0040 1094 476 1136 524
guard-rail 0.0040 1140 443 1181 478
guard-rail 0.0039 1146 454 1182 493
guard-rail 0.0037 1245 465 1292 500
guard-rail 0.0034 1066 437 1148 479
guard-rail 0.0031 1080 383 1135 437
guard-rail 0.0028 1112 412 1147 450
guard-rail 0.0027 1254 481 1306 521
guard-rail 0.0022 1107 435 1165 479
guard-rail 0.0017 1099 450 1168 498
guard-rail 0.0017 1169 475 1203 516
guard-rail 0.0016 1103 479 1153 528
guard-rail 0.0015 1293 650 1538 878
guard-rail 0.0014 943 339 1015 414
guard-rail 0.0014 1083 473 1122 516
guard-rail 0.0014 1131 435 1189 489
guard-rail 0.0012 1037 333 1096 393
guard-rail 0.0011 1248 556 1506 941
guard-rail 0.0010 1105 498 1137 532
guard-rail 0.0010 1271 489 1332 527
train-car 0.3502 1037 272 1097 334
train-car 0.3335 950 275 1084 333
train-car 0.2600 1087 275 1194 322
train-car 0.0923 929 277 951 300
train-car 0.0436 1107 289 1265 328
train-car 0.0364 932 272 1117 399
train-car 0.0252 1527 316 1791 355
train-car 0.0243 924 280 963 326
train-car 0.0129 1545 282 1724 348
train-car 0.0120 547 244 750 324
train-car 0.0112 1489 301 1647 340
train-car 0.0111 613 248 776 340
train-car 0.0106 1452 298 1736 342
train-car 0.0087 1093 281 1351 335
train-car 0.0084 1618 308 1705 341
train-car 0.0080 711 261 749 350
train-car 0.0077 1583 312 1706 364
train-car 0.0073 575 252 699 308
train-car 0.0070 1112 302 1271 342
train-car 0.0070 1646 308 1681 339
train-car 0.0068 986 266 1143 375
train-car 0.0067 361 236 749 335
train-car 0.0064 612 256 681 313
train-car 0.0062 32 233 806 423
train-car 0.0061 1011 253 1129 344
train-car 0.0051 1529 298 1607 339
train-car 0.0050 1273 302 1429 349
train-car 0.0046 1359 293 1626 344
train-car 0.0046 1001 209 1077 342
train-car 0.0045 1046 297 1095 339
train-car 0.0041 1018 194 1060 350
train-car 0.0036 682 255 783 354
train-car 0.0035 614 258 656 304
train-car 0.0033 1138 281 1217 322
train-car 0.0029 1547 291 1642 343
train-car 0.0026 477 245 640 323
train-car 0.0025 1083 297 1198 347
train-car 0.0024 1586 307 1780 339
train-car 0.0022 1019 245 1272 401
train-car 0.0020 531 250 678 349
train-car 0.0020 573 220 829 333
train-car 0.0020 1174 282 1248 322
train-car 0.0020 27 235 928 590
train-car 0.0017 1176 262 1402 336
train-car 0.0017 895 274 931 302
train-car 0.0014 998 230 1048 324
train-car 0.0012 1150 305 1233 339
train-car 0.0012 663 246 875 351
train-car 0.0012 453 209 806 381
train-car 0.0011 473 249 564 322
train-car 0.0010 671 251 784 306
train-car 0.0010 566 225 733 302
platform 0.9498 2 292 895 1071
platform 0.4060 952 286 1076 335
platform 0.1458 942 289 1029 325
platform 0.1008 1135 298 1386 333
platform 0.0504 1137 307 1283 348
platform 0.0376 995 270 1091 338
platform 0.0362 931 278 1013 315
platform 0.0256 1148 316 1319 365
platform 0.0223 1210 310 1399 346
platform 0.0176 1100 284 1359 343
platform 0.0138 1161 298 1256 329
platform 0.0114 924 303 1014 352
platform 0.0104 965 300 1101 344
platform 0.0073 1191 321 1279 362
platform 0.0030 1183 289 1278 332
platform 0.0021 909 237 1102 364
platform 0.0020 1234 289 1331 340
platform 0.0019 1106 285 1437 378
platform 0.0013 951 252 1054 304
rail 0.9519 695 300 1070 1076
rail 0.8978 938 315 1908 1077
rail 0.8809 1110 309 1915 739
rail 0.7301 1372 326 1916 506
rail 0.6067 925 310 1114 433
rail 0.3431 1356 322 1793 434
rail 0.3123 1479 334 1898 415
rail 0.1152 1551 347 1914 469
rail 0.0941 1395 324 1697 400
rail 0.0789 1565 381 1927 513
rail 0.0741 1491 331 1798 382
rail 0.0714 -4 400 489 718
rail 0.0499 1343 316 1593 389
rail 0.0497 1441 318 1749 361
rail 0.0354 1 292 818 687
rail 0.0352 1154 305 1798 518
rail 0.0349 1379 320 1613 364
rail 0.0309 1732 407 1919 516
rail 0.0292 1202 307 1656 405
rail 0.0268 1357 320 1497 356
rail 0.0253 974 324 1061 417
rail 0.0247 995 331 1131 461
rail 0.0217 1694 396 1924 475
rail 0.0214 958 349 1090 440
rail 0.0198 1640 350 1888 432
rail 0.0183 1347 353 1931 629
rail 0.0181 1671 339 1832 395
rail 0.0180 1471 356 1761 457
rail 0.0176 1013 340 1105 435
rail 0.0168 1780 335 1921 518
rail 0.0164 914 314 960 350
rail 0.0159 899 319 944 350
rail 0.0154 1579 324 1857 371
rail 0.0110 1378 314 1524 341
rail 0.0110 1402 332 1553 371
rail 0.0110 883 309 1053 415
rail 0.0107 1480 336 1614 388
rail 0.0100 1301 659 1872 1076
rail 0.0098 1055 335 1126 442
rail 0.0093 897 313 997 381
rail 0.0090 -4 454 348 675
rail 0.0088 1748 357 1865 426
rail 0.0088 1149 310 1382 369
rail 0.0079 1580 338 1709 375
rail 0.0073 1209 311 1523 361
rail 0.0072 1285 680 1589 1063
rail 0.0058 1347 308 1455 340
rail 0.0055 1525 338 1659 382
rail 0.0054 1157 323 1284 380
rail 0.0053 913 310 1535 925
rail 0.0051 -2 490 241 642
rail 0.0051 1460 350 1593 397
rail 0.0051 1488 484 1776 712
rail 0.0049 1154 442 1594 1050
rail 0.0047 1301 410 1830 787
rail 0.0046 1503 352 1638 410
rail 0.0044 1390 349 1646 444
rail 0.0043 1759 374 1915 462
rail 0.0043 904 292 951 342
rail 0.0042 996 318 1192 502
rail 0.0042 1515 312 1623 359
rail 0.0040 1385 296 1573 343
rail 0.0039 889 285 1012 357
rail 0.0039 1104 299 1512 422
rail 0.0038 1390 332 1468 364
rail 0.0037 1330 310 1420 347
rail 0.0037 4 356 425 561
rail 0.0034 1670 316 1895 378
rail 0.0033 1528 372 1668 425
rail 0.0031 1478 323 1570 364
rail 0.0031 1815 448 1915 545
rail 0.0028 1566 375 1720 437
rail 0.0026 1454 317 1538 362
rail 0.0026 1622 417 1921 659
rail 0.0026 1197 337 1303 402
rail 0.0025 1326 323 1424 361
rail 0.0024 1252 545 1787 967
rail 0.0024 893 303 928 341
rail 0.0023 0 508 243 782
rail 0.0023 1090 308 1277 407
rail 0.0022 1578 316 1669 372
rail 0.0022 0 520 144 688
rail 0.0021 1678 314 1795 383
rail 0.0020 1704 427 1916 565
rail 0.0020 1378 291 1470 347
rail 0.0019 1315 330 1590 424
rail 0.0019 1040 366 1145 457
rail 0.0018 1825 373 1941 508
rail 0.0017 1211 343 1695 874
rail 0.0016 1489 368 1613 426
rail 0.0016 1144 352 1603 571
rail 0.0015 1759 438 1929 645
rail 0.0015 968 292 1412 699
rail 0.0015 1704 421 1867 483
rail 0.0015 15 471 415 819
rail 0.0014 1261 319 1486 391
rail 0.0013 1520 380 1790 497
rail 0.0013 1503 394 1687 456
rail 0.0013 1406 305 1493 344
rail 0.0013 1452 807 1913 1079
rail 0.0012 1588 356 1746 415
rail 0.0012 1614 340 1764 379
rail 0.0012 0 552 82 670
rail 0.0012 1770 289 1913 423
rail 0.0011 1653 787 1915 1058
rail 0.0011 2 514 86 632
rail 0.0011 1406 345 1550 402
rail 0.0011 1112 320 1529 504
rail 0.0010 889 329 928 357
rail 0.0010 1667 326 1770 367
rail 0.0010 849 237 1270 554
rail 0.0010 1615 385 1762 437
rail 0.0010 1629 302 1852 349
switch-indicator 0.0657 1584 558 1648 637
switch-left 0.0827 1029 402 1114 443
switch-left 0.0414 988 369 1109 434
switch-left 0.0137 1042 413 1114 458
switch-left 0.0033 1032 368 1153 456
switch-left 0.0013 1314 662 1607 862
switch-right 0.0756 1016 390 1115 436
switch-right 0.0561 1032 405 1122 445
switch-right 0.0306 994 375 1105 429
switch-right 0.0031 1064 438 1151 478
switch-right 0.0028 1077 410 1144 446
switch-right 0.0011 1043 415 1176 507
switch-unknown 0.0561 900 323 942 347
switch-unknown 0.0106 903 333 939 350
switch-unknown 0.0086 900 287 953 345
switch-unknown 0.0061 1491 356 1562 392
switch-unknown 0.0061 893 305 927 338
switch-unknown 0.0060 921 333 969 356
switch-unknown 0.0060 1416 335 1487 362
switch-unknown 0.0055 1460 341 1539 373
switch-unknown 0.0055 1437 337 1514 366
switch-unknown 0.0051 1509 357 1587 395
switch-unknown 0.0045 1490 339 1552 378
switch-unknown 0.0028 1552 362 1634 405
switch-unknown 0.0027 1465 354 1537 389
switch-unknown 0.0025 894 332 924 351
switch-unknown 0.0024 1553 379 1639 419
switch-unknown 0.0016 1596 385 1685 427
switch-unknown 0.0013 1645 393 1733 427
switch-unknown 0.0010 1511 377 1588 417
switch-unknown 0.0010 1621 403 1710 442
switch-static 0.2479 977 441 1042 474
switch-static 0.0909 972 424 1030 460
switch-static 0.0548 1580 555 1651 636
switch-static 0.0338 1555 557 1636 606
switch-static 0.0218 988 432 1068 472
switch-static 0.0210 1554 552 1618 591
switch-static 0.0162 1498 544 1531 572
switch-static 0.0162 965 388 1027 440
switch-static 0.0093 1454 519 1481 547
switch-static 0.0073 944 376 1052 442
switch-static 0.0064 1371 476 1759 710
switch-static 0.0062 961 407 1010 446
switch-static 0.0046 954 389 998 423
switch-static 0.0046 1304 480 1399 518
switch-static 0.0035 961 432 1014 471
switch-static 0.0029 1548 531 1700 629
switch-static 0.0024 1523 542 1619 650
switch-static 0.0022 1455 518 1491 558
switch-static 0.0014 1490 532 1594 582
switch-static 0.0013 1528 520 1610 610
switch-static 0.0013 1441 499 1553 564
switch-static 0.0012 990 448 1065 483
switch-static 0.0012 1249 402 1704 693
track-sign-front 0.0548 1581 562 1650 620
track-sign-front 0.0038 1902 384 1919 445
track-signal-front 0.0333 933 272 950 297
track-signal-front 0.0065 858 261 880 287
track-signal-front 0.0040 853 267 881 295
track-signal-front 0.0017 834 246 870 297
track-signal-front 0.0017 912 267 953 300
track-signal-front 0.0013 831 257 866 324
person 0.0573 183 368 222 475
person 0.0451 712 269 743 361
person 0.0150 723 266 754 357
person 0.0057 161 364 253 491
person 0.0036 828 276 855 335
person 0.0031 705 276 732 368
person 0.0022 688 255 747 342
person 0.0021 814 274 850 338
person 0.0013 164 284 255 529
person 0.0012 454 286 485 478
person 0.0011 733 259 806 352
person 0.0011 517 312 545 365
person 0.0011 719 252 776 341
person 0.0010 759 269 799 344
pole 0.1775 235 -16 316 643
pole 0.1639 1333 202 1345 347
pole 0.1549 1619 218 1631 360
pole 0.0411 1826 247 1920 521
pole 0.0365 6 -24 88 754
pole 0.0326 1480 232 1489 341
pole 0.0187 1327 191 1353 353
pole 0.0159 1288 221 1326 344
pole 0.0159 1604 254 1667 368
pole 0.0110 1298 205 1316 341
pole 0.0104 1901 355 1921 522
pole 0.0096 1412 229 1432 337
pole 0.0090 1026 138 1044 356
pole 0.0079 1336 188 1349 323
pole 0.0078 1317 267 1353 359
pole 0.0072 1262 234 1316 348
pole 0.0069 266 178 331 664
pole 0.0065 122 215 484 640
pole 0.0063 1623 210 1634 344
pole 0.0051 1590 218 1623 356
pole 0.0051 180 101 351 619
pole 0.0047 1 -31 53 621
pole 0.0046 1613 221 1642 369
pole 0.0046 1279 208 1298 338
pole 0.0046 1456 266 1502 356
pole 0.0038 457 249 482 480
pole 0.0027 1344 228 1395 346
pole 0.0027 1383 228 1433 344
pole 0.0023 6 254 694 629
pole 0.0022 1331 175 1363 330
pole 0.0020 212 -3 287 564
pole 0.0019 1260 290 1350 347
pole 0.0018 0 205 125 782
pole 0.0017 0 89 189 691
pole 0.0017 1824 276 1914 407
pole 0.0016 1020 204 1061 334
pole 0.0015 1398 206 1425 336
pole 0.0014 1480 205 1494 349
pole 0.0014 1230 249 1284 342
pole 0.0013 1506 235 1538 350
pole 0.0013 1871 214 1920 507
pole 0.0012 254 339 367 614
pole 0.0012 1025 59 1049 328
pole 0.0012 1816 93 1911 476
pole 0.0011 1075 166 1098 334
pole 0.0011 1239 212 1269 331
pole 0.0010 1232 222 1252 325
pole 0.0010 1537 248 1600 357
pole 0.0010 1234 242 1380 336
rail-occluder 0.3293 1743 350 1778 405
rail-occluder 0.2987 1591 565 1651 670
rail-occluder 0.1086 1741 352 1820 411
rail-occluder 0.0942 1901 455 1920 552
rail-occluder 0.0884 1237 343 1259 366
rail-occluder 0.0470 1714 345 1790 399
rail-occluder 0.0441 1783 357 1820 414
rail-occluder 0.0414 1352 323 1384 353
rail-occluder 0.0396 1892 417 1920 547
rail-occluder 0.0318 1820 262 1918 485
rail-occluder 0.0207 1576 558 1648 629
rail-occluder 0.0207 1239 328 1263 360
rail-occluder 0.0160 1865 407 1920 546
rail-occluder 0.0154 1363 331 1385 353
rail-occluder 0.0145 1330 319 1388 351
rail-occluder 0.0132 1578 569 1689 709
rail-occluder 0.0117 1223 354 1255 381
rail-occluder 0.0111 1601 339 1643 375
rail-occluder 0.0107 1224 340 1265 369
rail-occluder 0.0101 1344 330 1373 352
rail-occluder 0.0090 1798 359 1834 412
rail-occluder 0.0087 1399 335 1453 363
rail-occluder 0.0087 1692 352 1750 402
rail-occluder 0.0084 1238 311 1374 346
rail-occluder 0.0084 1227 325 1277 360
rail-occluder 0.0084 1607 340 1674 375
rail-occluder 0.0083 1307 314 1363 354
rail-occluder 0.0082 1353 305 1395 349
rail-occluder 0.0072 1235 350 1264 386
rail-occluder 0.0071 1691 337 1744 383
rail-occluder 0.0069 1192 334 1251 376
rail-occluder 0.0059 1387 333 1429 362
rail-occluder 0.0059 1499 320 1551 362
rail-occluder 0.0053 1538 344 1602 379
rail-occluder 0.0047 1366 317 1443 358
rail-occluder 0.0046 1668 340 1770 384
rail-occluder 0.0045 1670 317 1871 455
rail-occluder 0.0044 1510 338 1581 381
rail-occluder 0.0042 1770 351 1867 419
rail-occluder 0.0042 1322 279 1384 364
rail-occluder 0.0040 1633 309 1689 350
rail-occluder 0.0040 1595 311 1650 371
rail-occluder 0.0040 1870 468 1919 562
rail-occluder 0.0040 1552 340 1628 379
rail-occluder 0.0037 1431 318 1513 357
rail-occluder 0.0037 1517 315 1579 361
rail-occluder 0.0034 1600 304 1691 363
rail-occluder 0.0032 1814 443 1918 550
rail-occluder 0.0032 1657 623 1722 728
rail-occluder 0.0030 1200 361 1237 382
rail-occluder 0.0024 1529 308 1609 358
rail-occluder 0.0024 1196 343 1280 395
rail-occluder 0.0023 1321 330 1351 358
rail-occluder 0.0023 1703 372 1769 432
rail-occluder 0.0021 1738 308 1785 402
rail-occluder 0.0020 1689 323 1744 365
rail-occluder 0.0019 1615 603 1719 711
rail-occluder 0.0018 1695 306 1779 384
rail-occluder 0.0017 1647 339 1732 378
rail-occluder 0.0015 1700 315 1891 403
rail-occluder 0.0015 1241 340 1292 370
rail-occluder 0.0014 1580 359 1652 408
rail-occluder 0.0014 1601 356 1681 407
rail-occluder 0.0012 1783 286 1900 424
rail-occluder 0.0012 1269 297 1459 370
rail-occluder 0.0012 1553 568 1751 733
rail-occluder 0.0010 1645 309 1720 355
rail-occluder 0.0010 1677 392 1748 426
rail-occluder 0.0010 1886 461 1920 610
rail-occluder 0.0010 1647 360 1733 405
