guard-rail 0.0044 772 691 824 719
guard-rail 0.0038 776 674 837 712
guard-rail 0.0020 754 696 812 726
rail 0.9557 138 654 872 1075
rail 0.9525 702 651 979 1078
rail 0.0025 781 671 851 707
rail 0.0020 788 661 870 699
switch-unknown 0.0028 798 659 854 694
switch-unknown 0.0016 815 659 878 686
track-sign-front 0.3742 461 652 487 672
track-sign-front 0.0147 1704 643 1762 791
track-sign-front 0.0019 444 652 481 674
track-sign-front 0.0017 1616 474 1735 580
track-sign-front 0.0011 767 604 784 640
track-sign-front 0.0011 185 722 204 798
track-sign-front 0.0010 800 631 823 680
track-signal-front 0.0207 869 632 885 651
track-signal-front 0.0127 875 636 889 652
track-signal-front 0.0024 878 621 895 654
track-signal-back 0.0044 189 715 206 794
pole 0.0064 1853 422 1871 724
pole 0.0010 1848 434 1882 690
