guard-rail 0.5723 862 645 939 1074
guard-rail 0.5591 953 622 1029 1076
guard-rail 0.4090 843 588 1014 1083
guard-rail 0.0154 953 689 1000 1042
guard-rail 0.0025 969 649 1016 955
guard-rail 0.0025 968 575 1029 602
guard-rail 0.0024 676 629 1046 1087
guard-rail 0.0019 939 681 1071 1105
guard-rail 0.0018 909 686 986 1039
guard-rail 0.0014 986 557 1051 597
guard-rail 0.0014 810 571 936 1055
rail 0.9282 785 562 1088 1073
rail 0.0012 1013 558 1074 592
switch-unknown 0.0022 1020 557 1067 590
track-sign-front 0.0331 914 552 927 580
track-sign-front 0.0051 901 554 928 591
track-sign-front 0.0045 912 573 937 611
track-sign-front 0.0041 905 532 925 580
track-sign-front 0.0025 915 479 929 591
track-sign-front 0.0023 913 554 952 605
track-sign-front 0.0016 919 579 963 613
track-sign-front 0.0015 824 622 845 659
track-sign-front 0.0013 654 607 752 678
pole 0.0064 913 426 930 633
pole 0.0012 904 405 943 617
pole 0.0010 1102 309 1128 557
rail-occluder 0.0027 1038 549 1087 595
