rail 0.9346 177 699 920 1080
rail 0.8208 126 685 1886 1084
rail 0.0015 164 429 1857 987
rail 0.0012 117 581 1908 1535
rail 0.0012 389 678 1439 1014
track-signal-back 0.0078 423 295 450 384
pole 0.0778 425 451 451 703
pole 0.0051 998 11 1064 830
pole 0.0030 431 446 465 705
pole 0.0012 403 446 459 703
rail-occluder 0.0109 1 597 192 789
rail-occluder 0.0043 64 638 196 753
rail-occluder 0.0029 115 669 188 750
rail-occluder 0.0012 -8 436 181 811
rail-occluder 0.0011 136 665 196 728
rail-occluder 0.0010 113 629 186 729
