guard-rail 0.2297 860 629 933 1074
guard-rail 0.1155 990 628 1112 1073
guard-rail 0.0059 903 613 956 685
guard-rail 0.0023 802 531 935 1076
guard-rail 0.0010 863 690 909 1031
rail 0.9592 1011 455 1916 1076
rail 0.8643 753 469 1212 1074
rail 0.3778 951 623 1106 1074
rail 0.2403 809 524 1163 913
rail 0.2378 916 465 988 500
rail 0.2291 848 613 986 1078
rail 0.0720 962 473 996 495
rail 0.0408 945 462 993 490
rail 0.0389 982 464 1065 496
rail 0.0224 899 460 963 490
rail 0.0142 962 465 1070 520
rail 0.0131 770 495 983 1074
rail 0.0108 872 457 953 498
rail 0.0105 910 469 953 509
rail 0.0083 1017 463 1064 487
rail 0.0069 998 630 1190 1075
rail 0.0052 1013 468 1069 509
rail 0.0044 990 463 1050 485
rail 0.0035 961 450 1016 489
rail 0.0034 1014 447 1097 525
rail 0.0022 886 449 932 491
rail 0.0016 861 469 961 518
rail 0.0015 1040 466 1100 528
rail 0.0012 888 472 935 515
rail 0.0011 743 523 947 796
rail 0.0010 1038 362 1118 552
switch-indicator 0.1602 1076 550 1098 591
switch-indicator 0.0028 731 641 766 686
switch-indicator 0.0026 739 636 774 676
switch-indicator 0.0017 895 476 929 513
switch-indicator 0.0011 1064 549 1114 591
switch-left 0.2878 906 617 1040 695
switch-left 0.0408 883 630 1061 736
switch-left 0.0031 904 611 959 687
switch-left 0.0017 908 607 1000 664
switch-right 0.3397 895 615 1044 695
switch-right 0.0822 955 474 995 496
switch-right 0.0303 875 609 1069 740
switch-right 0.0084 919 610 1028 670
switch-right 0.0030 901 611 961 687
switch-right 0.0010 832 507 1113 773
switch-unknown 0.0264 1015 466 1058 484
switch-unknown 0.0049 992 454 1050 487
switch-unknown 0.0012 1020 450 1092 517
switch-static 0.4495 791 604 893 648
switch-static 0.1346 793 647 880 696
switch-static 0.0478 797 614 900 670
switch-static 0.0349 837 603 907 636
switch-static 0.0151 782 584 912 689
switch-static 0.0148 911 472 949 508
switch-static 0.0130 777 667 833 707
switch-static 0.0069 771 678 810 711
switch-static 0.0060 777 657 866 709
switch-static 0.0054 775 595 840 632
switch-static 0.0050 745 566 941 715
switch-static 0.0046 1071 547 1102 599
switch-static 0.0039 765 644 811 704
switch-static 0.0037 863 611 939 673
switch-static 0.0036 856 597 922 630
switch-static 0.0034 769 688 824 734
switch-static 0.0030 749 623 803 676
switch-static 0.0030 770 619 853 678
switch-static 0.0021 900 532 937 556
switch-static 0.0020 760 610 802 658
switch-static 0.0020 1015 588 1056 617
switch-static 0.0019 789 578 896 638
switch-static 0.0018 1013 603 1058 639
switch-static 0.0017 787 686 864 722
switch-static 0.0016 768 556 793 618
switch-static 0.0015 1006 592 1045 623
switch-static 0.0014 692 677 750 720
switch-static 0.0012 734 634 779 678
switch-static 0.0012 705 695 793 741
switch-static 0.0011 994 603 1044 639
track-sign-front 0.6789 1383 458 1413 497
track-sign-front 0.0623 662 602 700 658
track-sign-front 0.0524 1389 24 1450 94
track-sign-front 0.0126 767 554 793 584
track-sign-front 0.0067 102 268 147 303
track-sign-front 0.0056 1374 455 1423 504
track-sign-front 0.0050 1530 488 1545 514
track-sign-front 0.0045 891 447 927 488
track-sign-front 0.0028 1390 -11 1462 111
track-sign-front 0.0022 854 430 885 484
track-sign-front 0.0018 1378 469 1410 511
track-sign-front 0.0017 1366 22 1433 128
track-sign-front 0.0011 840 439 877 486
track-sign-front 0.0011 1403 39 1462 100
track-sign-front 0.0010 100 269 152 332
track-signal-front 0.5697 1331 274 1372 328
track-signal-front 0.4899 1072 282 1105 335
track-signal-front 0.0814 1327 231 1372 331
track-signal-front 0.0551 1101 399 1115 424
track-signal-front 0.0220 1331 292 1367 339
track-signal-front 0.0117 1289 250 1329 330
track-signal-front 0.0097 1093 391 1110 429
track-signal-front 0.0059 1104 394 1118 416
track-signal-front 0.0036 1328 227 1368 279
track-signal-front 0.0023 1107 396 1129 423
track-signal-front 0.0015 1067 241 1110 315
track-signal-front 0.0012 1072 307 1098 338
track-signal-front 0.0012 1340 224 1380 311
track-signal-back 0.1801 1075 280 1109 337
track-signal-back 0.0011 1069 243 1108 314
pole 0.1505 1078 287 1099 576
pole 0.0127 1091 311 1112 513
pole 0.0119 1062 326 1096 580
pole 0.0101 859 288 885 530
pole 0.0052 935 373 966 487
pole 0.0048 1079 365 1098 501
pole 0.0040 1029 368 1057 488
pole 0.0033 900 375 939 492
pole 0.0028 882 302 919 517
pole 0.0023 938 366 990 490
pole 0.0022 1034 327 1053 514
pole 0.0020 1007 375 1041 488
pole 0.0018 1523 -14 1592 645
pole 0.0018 1065 283 1116 568
pole 0.0014 662 -10 734 749
pole 0.0012 1076 422 1097 543
pole 0.0011 1036 282 1092 562
pole 0.0011 972 382 1009 489
pole 0.0011 1057 390 1100 523
pole 0.0010 888 378 924 490
