rail 0.9338 552 566 839 1077
track-sign-front 0.0061 548 554 563 593
track-sign-front 0.0050 758 552 771 595
track-sign-front 0.0022 761 524 776 595
track-sign-front 0.0017 757 555 772 626
track-signal-front 0.4860 763 482 780 522
track-signal-front 0.0271 553 493 566 512
track-signal-front 0.0096 763 480 799 523
track-signal-front 0.0081 555 488 586 523
track-signal-front 0.0013 752 460 782 527
track-signal-front 0.0011 587 481 600 527
track-signal-back 0.2429 554 496 565 520
track-signal-back 0.0355 551 494 567 535
track-signal-back 0.0021 557 486 583 527
pole 0.1126 550 492 564 598
pole 0.0239 585 472 600 598
pole 0.0123 548 536 562 593
pole 0.0023 588 503 605 598
pole 0.0020 543 495 572 601
pole 0.0010 551 499 589 612
