guard-rail 0.7594 1615 857 1907 1068
guard-rail 0.4243 1269 558 1341 606
guard-rail 0.0682 1256 554 1308 585
guard-rail 0.0600 1012 708 1028 881
guard-rail 0.0391 1750 823 1918 1074
guard-rail 0.0324 873 544 922 590
guard-rail 0.0274 605 526 786 586
guard-rail 0.0216 1232 548 1285 580
guard-rail 0.0193 931 541 967 585
guard-rail 0.0178 995 714 1017 874
guard-rail 0.0145 1026 598 1041 655
guard-rail 0.0145 1270 546 1323 572
guard-rail 0.0144 1679 783 1916 946
guard-rail 0.0139 758 592 860 671
guard-rail 0.0124 1224 539 1264 572
guard-rail 0.0112 1232 562 1283 616
guard-rail 0.0100 1226 548 1267 589
guard-rail 0.0096 694 677 880 1029
guard-rail 0.0094 1825 802 1920 1015
guard-rail 0.0092 1023 599 1038 694
guard-rail 0.0091 1307 575 1375 616
guard-rail 0.0076 938 543 992 591
guard-rail 0.0072 1585 842 1817 1011
guard-rail 0.0070 1031 589 1044 634
guard-rail 0.0059 1119 509 1201 559
guard-rail 0.0058 1018 709 1035 877
guard-rail 0.0058 1229 577 1265 624
guard-rail 0.0057 1834 769 1919 934
guard-rail 0.0051 637 537 736 591
guard-rail 0.0051 546 545 683 593
guard-rail 0.0050 856 533 910 587
guard-rail 0.0047 557 529 717 584
guard-rail 0.0045 1286 561 1381 607
guard-rail 0.0044 1224 625 1248 689
guard-rail 0.0043 968 527 1027 581
guard-rail 0.0042 977 548 1003 592
guard-rail 0.0042 1302 538 1349 562
guard-rail 0.0041 1776 735 1918 901
guard-rail 0.0040 887 532 955 586
guard-rail 0.0036 722 735 847 996
guard-rail 0.0035 681 524 824 575
guard-rail 0.0035 1229 594 1259 635
guard-rail 0.0032 724 608 849 696
guard-rail 0.0032 863 536 940 595
guard-rail 0.0031 680 600 841 730
guard-rail 0.0031 1235 600 1267 628
guard-rail 0.0028 1023 581 1041 635
guard-rail 0.0026 674 564 903 850
guard-rail 0.0022 1007 696 1033 964
guard-rail 0.0022 916 484 995 523
guard-rail 0.0021 1231 540 1378 653
guard-rail 0.0020 944 492 1005 543
guard-rail 0.0018 1372 560 1435 599
guard-rail 0.0018 1114 546 1131 597
guard-rail 0.0017 923 500 986 538
guard-rail 0.0017 1846 858 1919 1088
guard-rail 0.0017 1116 545 1146 593
guard-rail 0.0016 1002 639 1041 909
guard-rail 0.0016 982 706 1024 1002
guard-rail 0.0016 1211 523 1251 558
guard-rail 0.0015 1197 492 1409 675
guard-rail 0.0015 676 539 779 592
guard-rail 0.0014 1617 742 1911 904
guard-rail 0.0014 1811 813 1912 917
guard-rail 0.0013 1019 590 1039 744
guard-rail 0.0013 1174 506 1228 553
guard-rail 0.0012 1591 817 1894 966
guard-rail 0.0012 713 539 931 702
guard-rail 0.0012 884 597 966 689
guard-rail 0.0011 618 520 752 564
guard-rail 0.0011 636 529 834 625
guard-rail 0.0011 1187 524 1236 569
guard-rail 0.0011 795 592 886 646
guard-rail 0.0010 1150 513 1207 572
guard-rail 0.0010 1208 619 1243 686
guard-rail 0.0010 1319 539 1385 565
guard-rail 0.0010 815 522 971 660
guard-rail 0.0010 720 514 837 557
guard-rail 0.0010 1029 619 1042 708
guard-rail 0.0010 975 506 1043 575
guard-rail 0.0010 1886 775 1920 899
guard-rail 0.0010 854 512 934 543
train-car 0.0017 968 418 1023 450
train-car 0.0015 962 410 1023 436
rail 0.9123 1089 440 1477 1076
rail 0.9012 1117 448 1919 1076
rail 0.8748 172 460 1056 1073
rail 0.8520 642 456 1082 1080
rail 0.8082 4 418 1033 814
rail 0.4450 10 431 958 627
rail 0.2604 1074 438 1146 476
rail 0.0605 1078 448 1164 485
rail 0.0348 1069 437 1122 465
rail 0.0302 -11 487 778 662
rail 0.0279 1072 428 1172 493
rail 0.0186 534 502 856 593
rail 0.0155 680 525 927 1078
rail 0.0134 316 445 1036 676
rail 0.0131 1186 446 1216 484
rail 0.0130 1096 429 1170 468
rail 0.0128 -2 522 753 790
rail 0.0105 497 446 929 618
rail 0.0100 1100 447 1193 506
rail 0.0094 5 524 535 623
rail 0.0079 1174 447 1213 495
rail 0.0077 876 436 1008 486
rail 0.0068 1046 433 1105 470
rail 0.0059 1102 439 1201 482
rail 0.0054 1194 448 1867 799
rail 0.0049 800 444 996 515
rail 0.0046 26 544 249 660
rail 0.0046 1427 488 1923 694
rail 0.0045 580 523 801 627
rail 0.0042 608 516 792 581
rail 0.0039 60 505 736 599
rail 0.0039 705 669 1037 1018
rail 0.0033 957 459 1059 521
rail 0.0030 732 463 951 556
rail 0.0026 642 477 944 638
rail 0.0026 3 566 150 725
rail 0.0026 1094 468 1216 566
rail 0.0022 1635 541 1923 781
rail 0.0022 1658 696 1923 955
rail 0.0021 509 494 877 672
rail 0.0021 -5 546 244 763
rail 0.0021 679 476 907 576
rail 0.0020 1031 391 1215 563
rail 0.0020 1365 514 1912 911
rail 0.0019 888 452 1003 499
rail 0.0019 1280 445 1890 651
rail 0.0018 939 433 1053 482
rail 0.0017 675 442 1009 588
rail 0.0017 1615 800 1918 976
rail 0.0017 1840 737 1919 866
rail 0.0016 1600 529 1907 683
rail 0.0015 -31 504 314 706
rail 0.0015 1153 472 1608 747
rail 0.0014 845 444 970 488
rail 0.0014 779 424 1018 543
rail 0.0014 0 593 75 712
rail 0.0014 1299 641 1904 1049
rail 0.0013 946 418 1019 456
rail 0.0013 359 424 950 556
rail 0.0013 37 547 362 615
rail 0.0013 1012 426 1087 459
rail 0.0012 845 466 1012 556
rail 0.0012 632 802 1034 1072
rail 0.0012 512 473 971 959
rail 0.0012 0 573 88 669
rail 0.0012 1766 630 1919 826
rail 0.0012 21 419 482 636
rail 0.0012 18 588 157 678
rail 0.0011 1123 416 1222 486
rail 0.0011 337 515 776 618
rail 0.0011 457 523 738 664
rail 0.0011 659 517 808 563
rail 0.0011 1584 604 1933 1007
rail 0.0010 267 463 844 586
rail 0.0010 1208 488 1394 616
rail 0.0010 973 446 1071 489
rail 0.0010 3 612 449 888
rail 0.0010 1518 711 1892 919
switch-indicator 0.0323 1181 447 1212 493
switch-indicator 0.0050 1153 418 1173 440
switch-indicator 0.0023 1253 430 1288 474
switch-indicator 0.0020 1155 419 1198 457
switch-indicator 0.0017 1115 431 1190 484
switch-left 0.0758 977 474 1062 519
switch-left 0.0611 1108 498 1192 545
switch-left 0.0230 1032 478 1134 517
switch-left 0.0062 967 487 1054 533
switch-left 0.0033 1117 510 1205 559
switch-left 0.0019 1065 464 1202 554
switch-left 0.0017 1029 488 1142 539
switch-left 0.0016 1009 468 1112 525
switch-left 0.0012 938 470 1073 571
switch-right 0.1976 980 475 1059 514
switch-right 0.1415 1115 497 1186 533
switch-right 0.0985 1108 485 1183 522
switch-right 0.0599 1106 466 1168 500
switch-right 0.0297 1033 479 1134 516
switch-right 0.0082 1072 476 1172 516
switch-right 0.0055 968 485 1053 534
switch-right 0.0022 1130 500 1213 551
switch-right 0.0020 1031 489 1141 538
switch-unknown 0.1660 1071 439 1132 470
switch-unknown 0.1615 985 474 1063 511
switch-unknown 0.0728 1086 449 1158 483
switch-unknown 0.0614 1107 465 1167 498
switch-unknown 0.0242 1050 434 1101 466
switch-unknown 0.0188 1055 449 1134 494
switch-unknown 0.0154 1024 470 1091 503
switch-unknown 0.0137 1108 429 1162 464
switch-unknown 0.0114 1020 445 1080 489
switch-unknown 0.0065 946 480 1013 518
switch-unknown 0.0048 967 415 1020 446
switch-unknown 0.0043 886 445 965 479
switch-unknown 0.0038 864 448 988 494
switch-unknown 0.0036 944 468 1013 504
switch-unknown 0.0022 794 483 905 532
switch-unknown 0.0021 1025 411 1078 463
switch-unknown 0.0017 856 455 942 492
switch-unknown 0.0017 929 431 1008 475
switch-unknown 0.0017 986 412 1039 455
switch-unknown 0.0015 961 431 1028 476
switch-unknown 0.0015 986 436 1061 491
switch-unknown 0.0015 806 467 893 501
switch-unknown 0.0014 914 486 997 524
switch-unknown 0.0011 822 461 926 502
switch-unknown 0.0011 826 483 968 531
switch-static 0.0040 1838 747 1920 842
switch-static 0.0031 1882 756 1920 840
switch-static 0.0028 1878 737 1921 802
switch-static 0.0023 1800 759 1916 877
switch-static 0.0014 1851 723 1919 784
switch-static 0.0013 1884 718 1921 782
switch-static 0.0012 1805 731 1917 822
switch-static 0.0010 1179 468 1216 520
track-sign-front 0.0641 875 414 886 436
track-sign-front 0.0059 1158 417 1173 435
track-sign-front 0.0057 110 544 147 602
track-sign-front 0.0044 1275 422 1297 473
track-sign-front 0.0034 1520 312 1542 338
track-sign-front 0.0018 1253 427 1282 470
pole 0.0062 65 276 152 647
pole 0.0042 26 162 167 657
pole 0.0011 64 165 406 627
rail-occluder 0.5457 94 548 147 647
rail-occluder 0.0251 108 552 145 623
rail-occluder 0.0208 1189 447 1213 491
rail-occluder 0.0141 70 552 135 648
rail-occluder 0.0058 77 562 153 682
rail-occluder 0.0048 120 559 156 663
rail-occluder 0.0040 67 548 206 679
rail-occluder 0.0033 1275 422 1297 475
rail-occluder 0.0025 1539 461 1588 570
rail-occluder 0.0020 84 531 176 645
rail-occluder 0.0018 34 553 300 640
rail-occluder 0.0015 136 563 198 630
rail-occluder 0.0015 1254 429 1289 474
rail-occluder 0.0012 128 538 160 591
rail-occluder 0.0010 1513 459 1609 564
