crossing 0.6566 930 734 1068 791
crossing 0.4865 633 740 769 783
crossing 0.2629 866 793 1178 1076
crossing 0.0612 577 743 769 799
crossing 0.0531 466 768 730 868
crossing 0.0350 900 720 1058 813
crossing 0.0256 583 706 813 783
crossing 0.0171 654 709 810 764
crossing 0.0168 930 697 1065 779
crossing 0.0143 320 659 893 969
crossing 0.0111 554 763 723 840
crossing 0.0079 613 746 725 781
crossing 0.0076 417 713 845 908
crossing 0.0045 984 735 1069 780
crossing 0.0044 531 742 700 795
crossing 0.0042 908 644 1090 845
crossing 0.0041 507 682 884 852
crossing 0.0033 878 605 922 632
crossing 0.0032 680 734 801 778
crossing 0.0029 700 693 843 751
crossing 0.0029 840 632 911 656
crossing 0.0028 481 758 653 842
crossing 0.0027 563 727 720 782
crossing 0.0026 928 603 970 625
crossing 0.0025 893 604 934 629
crossing 0.0022 652 752 751 792
crossing 0.0020 946 601 989 627
crossing 0.0017 845 616 916 643
crossing 0.0017 921 774 1102 848
crossing 0.0013 868 952 1188 1084
crossing 0.0012 743 685 857 740
crossing 0.0012 976 745 1079 828
crossing 0.0011 971 600 1019 627
crossing 0.0011 591 650 876 804
crossing 0.0010 796 621 910 669
crossing 0.0010 818 553 1198 918
crossing 0.0010 929 570 978 625
crossing 0.0010 933 627 1057 774
guard-rail 0.0075 891 794 940 1078
guard-rail 0.0050 904 741 1181 1072
guard-rail 0.0044 532 759 727 901
guard-rail 0.0043 408 812 672 1060
guard-rail 0.0038 355 724 824 1039
guard-rail 0.0025 459 764 719 1003
guard-rail 0.0017 880 737 978 1077
guard-rail 0.0014 348 895 554 1068
guard-rail 0.0012 368 698 649 973
guard-rail 0.0010 444 877 574 996
train-car 0.0072 954 553 973 588
train-car 0.0010 893 556 919 596
platform 0.1311 1010 602 1252 750
platform 0.0163 868 587 1177 1040
platform 0.0139 451 613 879 776
platform 0.0088 23 734 728 1076
platform 0.0054 87 598 936 884
platform 0.0035 1035 616 1366 772
platform 0.0032 517 596 902 721
platform 0.0016 969 550 1356 823
platform 0.0014 1039 559 1291 715
platform 0.0013 733 603 924 651
platform 0.0010 609 611 900 689
rail 0.9458 866 597 1186 1077
rail 0.9114 38 602 948 1077
rail 0.0217 139 776 704 1071
rail 0.0156 398 741 775 938
rail 0.0143 329 667 917 998
rail 0.0024 90 887 552 1080
rail 0.0015 413 786 769 1081
rail 0.0011 260 917 593 1099
switch-left 0.0356 450 759 720 908
switch-left 0.0163 336 809 659 990
switch-left 0.0097 258 824 624 1064
switch-left 0.0083 446 815 632 901
switch-left 0.0056 496 783 672 889
switch-left 0.0021 399 833 621 941
switch-left 0.0019 283 897 531 1067
switch-left 0.0014 338 852 590 968
switch-left 0.0014 276 877 559 999
switch-right 0.0304 469 777 702 894
switch-right 0.0133 426 808 670 963
switch-right 0.0040 420 821 617 909
switch-right 0.0036 484 778 641 860
switch-right 0.0034 314 826 599 988
switch-right 0.0015 386 845 602 937
track-sign-front 0.0038 75 547 140 607
track-sign-front 0.0032 77 460 101 507
track-sign-front 0.0027 887 564 911 619
track-sign-front 0.0024 62 549 113 613
track-sign-front 0.0014 70 457 104 525
track-sign-front 0.0011 1417 120 1458 227
track-sign-front 0.0010 50 547 127 643
track-signal-front 0.0993 958 553 975 574
track-signal-front 0.0475 1376 122 1435 231
track-signal-front 0.0377 955 555 972 582
track-signal-front 0.0373 890 555 904 581
track-signal-front 0.0097 1291 524 1314 556
track-signal-front 0.0075 1014 558 1031 580
track-signal-front 0.0073 964 551 989 571
track-signal-front 0.0073 882 552 904 594
track-signal-front 0.0071 1012 559 1035 591
track-signal-front 0.0063 892 555 918 592
track-signal-front 0.0059 958 552 1004 589
track-signal-front 0.0032 1286 522 1312 577
track-signal-front 0.0019 1293 444 1332 496
track-signal-front 0.0018 868 535 904 576
track-signal-front 0.0013 1283 468 1327 568
track-signal-front 0.0013 1050 527 1081 563
track-signal-front 0.0012 954 550 983 576
track-signal-front 0.0011 1280 511 1320 590
track-signal-front 0.0010 962 535 978 562
track-signal-front 0.0010 1350 109 1470 248
pole 0.0018 31 -43 118 798
