crossing 0.0048 456 609 634 708
crossing 0.0036 741 614 859 671
crossing 0.0016 721 585 848 660
crossing 0.0010 543 560 739 624
train-car 0.4252 691 429 878 637
train-car 0.0140 608 472 672 546
train-car 0.0119 590 437 828 612
train-car 0.0082 578 468 750 598
train-car 0.0055 604 478 710 560
train-car 0.0036 580 400 918 647
train-car 0.0021 570 460 689 569
train-car 0.0018 435 481 493 526
train-car 0.0017 422 448 502 522
train-car 0.0014 515 510 724 617
train-car 0.0013 527 473 793 643
platform 0.1548 983 571 1200 627
platform 0.0060 1401 588 1918 740
platform 0.0056 975 581 1199 665
platform 0.0025 999 554 1274 644
platform 0.0019 923 547 1180 623
platform 0.0018 1345 553 1883 693
platform 0.0015 1410 605 1914 905
platform 0.0010 980 478 1210 631
rail 0.9333 0 528 641 1079
rail 0.7928 581 558 1047 1077
rail 0.1543 788 613 1239 1076
rail 0.0640 954 622 1617 1075
rail 0.0060 527 535 786 626
rail 0.0059 819 630 1050 1067
rail 0.0037 1230 650 1487 1055
rail 0.0033 1198 588 1953 1116
rail 0.0022 192 601 433 1020
rail 0.0022 380 519 872 1075
rail 0.0021 508 513 995 825
rail 0.0018 1151 660 1397 1047
rail 0.0017 557 548 749 1056
rail 0.0015 572 491 808 616
rail 0.0015 574 562 740 624
rail 0.0011 977 574 1205 706
rail 0.0010 629 564 862 1061
switch-indicator 0.0239 726 591 750 619
switch-indicator 0.0100 720 587 754 629
switch-indicator 0.0059 860 592 882 616
switch-indicator 0.0024 723 583 764 646
switch-indicator 0.0015 855 587 889 620
track-sign-front 0.0037 1624 294 1649 324
track-sign-front 0.0010 420 486 442 517
track-sign-front 0.0010 470 503 510 535
track-signal-front 0.0100 608 473 669 546
track-signal-front 0.0055 599 462 617 506
track-signal-front 0.0039 601 456 619 488
track-signal-front 0.0032 857 587 881 619
track-signal-front 0.0026 596 463 646 546
