guard-rail 0.1367 741 721 829 785
guard-rail 0.0452 990 559 1042 593
guard-rail 0.0415 907 559 964 591
guard-rail 0.0397 877 568 926 595
guard-rail 0.0318 872 575 915 604
guard-rail 0.0313 913 554 946 580
guard-rail 0.0172 898 571 948 610
guard-rail 0.0146 920 573 972 609
guard-rail 0.0138 915 543 973 579
guard-rail 0.0121 389 748 615 840
guard-rail 0.0100 550 684 633 716
guard-rail 0.0100 1275 643 1370 684
guard-rail 0.0092 923 602 960 634
guard-rail 0.0087 940 578 981 606
guard-rail 0.0076 1299 668 1412 723
guard-rail 0.0075 940 533 991 566
guard-rail 0.0071 1446 748 1594 832
guard-rail 0.0071 1273 655 1479 747
guard-rail 0.0061 407 762 525 817
guard-rail 0.0056 934 560 992 598
guard-rail 0.0054 977 568 1043 610
guard-rail 0.0051 1293 658 1376 705
guard-rail 0.0050 825 583 881 611
guard-rail 0.0047 1278 648 1410 698
guard-rail 0.0043 642 709 841 837
guard-rail 0.0041 976 618 1071 671
guard-rail 0.0041 684 729 819 819
guard-rail 0.0033 923 624 960 660
guard-rail 0.0032 870 561 944 605
guard-rail 0.0030 1041 661 1072 728
guard-rail 0.0030 1326 683 1399 732
guard-rail 0.0028 752 708 843 753
guard-rail 0.0028 460 732 620 808
guard-rail 0.0028 440 711 660 827
guard-rail 0.0027 416 772 486 816
guard-rail 0.0027 978 630 1074 702
guard-rail 0.0025 1431 741 1571 801
guard-rail 0.0022 428 744 561 811
guard-rail 0.0021 545 648 939 916
guard-rail 0.0020 363 728 560 872
guard-rail 0.0020 545 682 669 737
guard-rail 0.0020 1459 754 1551 813
guard-rail 0.0020 890 552 972 597
guard-rail 0.0019 1052 677 1077 765
guard-rail 0.0017 804 587 864 614
guard-rail 0.0014 1335 652 1413 695
guard-rail 0.0014 876 590 920 629
guard-rail 0.0014 901 624 962 667
guard-rail 0.0013 999 650 1073 727
guard-rail 0.0013 1300 633 1390 673
guard-rail 0.0012 461 665 722 849
guard-rail 0.0012 898 640 940 682
guard-rail 0.0011 1056 696 1081 792
guard-rail 0.0011 699 656 891 796
guard-rail 0.0011 847 585 904 634
guard-rail 0.0010 1482 767 1606 847
guard-rail 0.0010 516 666 692 767
guard-rail 0.0010 1311 639 1444 714
guard-rail 0.0010 1419 723 1573 781
rail 0.9411 12 527 1013 1074
rail 0.8640 944 515 1250 1073
rail 0.8500 1061 523 1919 1063
rail 0.8228 822 514 1132 1075
rail 0.3891 1180 573 1911 862
rail 0.1221 1267 606 1641 801
rail 0.0829 1098 539 1663 792
rail 0.0654 950 601 1124 1083
rail 0.0334 1004 536 1045 566
rail 0.0281 1255 676 1810 903
rail 0.0145 1014 527 1062 556
rail 0.0119 1015 527 1098 561
rail 0.0101 -8 543 924 812
rail 0.0101 912 613 1086 825
rail 0.0101 991 542 1045 600
rail 0.0080 994 530 1060 577
rail 0.0068 24 704 686 1074
rail 0.0060 1330 683 1615 806
rail 0.0058 1351 659 1929 1045
rail 0.0056 350 592 953 911
rail 0.0047 1359 640 1922 814
rail 0.0047 977 516 1037 547
rail 0.0041 1033 516 1131 561
rail 0.0032 1248 611 1508 742
rail 0.0027 1002 521 1131 578
rail 0.0026 433 657 756 949
rail 0.0024 1080 556 1424 742
rail 0.0022 1245 627 1406 732
rail 0.0021 1063 526 1140 583
rail 0.0021 1521 691 1925 899
rail 0.0020 959 510 1082 649
rail 0.0020 476 713 709 891
rail 0.0020 989 508 1045 534
rail 0.0018 1275 626 1416 683
rail 0.0015 242 646 868 1047
rail 0.0014 1419 659 1682 789
rail 0.0014 16 528 684 725
rail 0.0013 978 508 1027 531
rail 0.0013 1290 645 1523 823
rail 0.0012 947 520 1005 558
rail 0.0012 941 506 1508 850
rail 0.0012 339 697 654 994
rail 0.0011 1023 503 1065 539
rail 0.0010 1112 560 1338 676
switch-indicator 0.1133 1350 589 1372 616
switch-indicator 0.0885 1098 553 1111 578
switch-indicator 0.0113 1094 534 1112 576
switch-indicator 0.0063 1350 591 1385 622
switch-indicator 0.0017 1089 550 1119 581
switch-left 0.1981 964 620 1061 676
switch-left 0.0477 992 561 1043 599
switch-left 0.0432 965 636 1063 704
switch-left 0.0397 1233 613 1350 671
switch-left 0.0338 1181 596 1270 632
switch-left 0.0292 1256 633 1369 680
switch-left 0.0074 1149 587 1240 620
switch-left 0.0070 1192 595 1292 651
switch-left 0.0036 989 534 1040 570
switch-left 0.0027 978 568 1042 610
switch-left 0.0019 942 549 1089 727
switch-right 0.2147 963 620 1059 669
switch-right 0.1797 997 553 1042 588
switch-right 0.1490 1000 543 1044 575
switch-right 0.1087 1243 624 1356 668
switch-right 0.0977 1232 618 1329 655
switch-right 0.0538 1210 610 1308 645
switch-right 0.0528 1187 602 1277 635
switch-right 0.0335 1262 633 1377 678
switch-right 0.0334 1176 591 1254 625
switch-right 0.0290 970 614 1049 652
switch-right 0.0275 959 634 1063 692
switch-right 0.0096 988 534 1041 570
switch-right 0.0056 1152 589 1237 620
switch-right 0.0031 977 570 1043 608
switch-right 0.0031 1444 743 1592 799
switch-right 0.0015 1132 575 1457 737
switch-right 0.0010 1136 572 1231 608
switch-unknown 0.0798 1005 537 1045 563
switch-unknown 0.0402 1017 525 1059 554
switch-unknown 0.0112 1024 515 1093 548
switch-unknown 0.0108 975 510 1040 545
switch-unknown 0.0068 989 504 1044 534
switch-unknown 0.0053 981 506 1022 529
switch-unknown 0.0042 1059 505 1113 562
switch-unknown 0.0042 1024 495 1063 541
switch-unknown 0.0020 955 516 997 556
switch-unknown 0.0015 1105 551 1165 583
switch-unknown 0.0012 1035 478 1090 548
switch-static 0.2901 1071 619 1115 641
switch-static 0.0213 1101 665 1151 692
switch-static 0.0145 1145 603 1190 624
switch-static 0.0132 1044 613 1123 664
switch-static 0.0118 1233 663 1278 688
switch-static 0.0088 540 687 637 721
switch-static 0.0075 1141 598 1221 626
switch-static 0.0060 1022 527 1087 562
switch-static 0.0050 1072 604 1116 636
switch-static 0.0039 1039 619 1104 653
switch-static 0.0039 1285 617 1361 651
switch-static 0.0030 1204 613 1277 647
switch-static 0.0029 1233 668 1264 692
switch-static 0.0022 1061 616 1147 676
switch-static 0.0016 1062 604 1143 652
switch-static 0.0015 1112 605 1188 633
switch-static 0.0013 679 909 782 953
track-sign-front 0.0042 930 490 941 519
track-sign-front 0.0021 926 472 950 535
track-sign-front 0.0021 1274 452 1307 505
track-sign-front 0.0013 927 503 943 549
track-signal-back 0.0430 1339 246 1409 374
track-signal-back 0.0048 1014 400 1025 438
track-signal-back 0.0020 1271 452 1301 498
track-signal-back 0.0011 1097 415 1131 450
track-signal-back 0.0011 1324 253 1441 402
track-signal-back 0.0010 1123 411 1161 450
track-signal-back 0.0010 1095 418 1112 448
pole 0.0061 1109 418 1135 549
pole 0.0059 1122 420 1136 548
pole 0.0021 826 288 845 573
pole 0.0014 1118 377 1140 545
pole 0.0013 1083 417 1115 547
pole 0.0013 955 429 973 537
pole 0.0012 1088 479 1134 585
rail-occluder 0.0740 1098 553 1114 579
rail-occluder 0.0029 1093 551 1121 581
