crossing 0.0031 1060 663 1114 722
guard-rail 0.0478 1080 740 1095 789
guard-rail 0.0347 1081 763 1095 823
guard-rail 0.0228 1082 733 1100 775
guard-rail 0.0153 1069 742 1087 782
guard-rail 0.0065 1060 727 1085 767
guard-rail 0.0046 1070 760 1090 812
guard-rail 0.0041 1088 739 1105 786
guard-rail 0.0035 945 725 964 776
guard-rail 0.0025 1060 985 1076 1074
guard-rail 0.0022 1073 736 1102 793
guard-rail 0.0020 1052 693 1104 733
guard-rail 0.0017 1088 764 1106 816
guard-rail 0.0016 910 988 933 1074
guard-rail 0.0013 1074 760 1102 826
guard-rail 0.0012 1089 720 1110 764
train-car 0.4333 966 551 1083 627
train-car 0.0098 933 504 1103 748
train-car 0.0046 897 566 1054 622
train-car 0.0024 1013 558 1102 632
train-car 0.0024 953 527 1092 662
train-car 0.0020 1057 586 1127 628
train-car 0.0020 1076 592 1110 624
train-car 0.0019 947 581 1055 641
train-car 0.0019 933 539 1114 605
train-car 0.0018 978 538 1123 711
train-car 0.0017 941 559 1009 624
train-car 0.0015 957 502 1194 622
train-car 0.0010 1077 591 1142 623
rail 0.9458 304 586 928 1075
rail 0.8929 893 602 1111 1072
rail 0.0079 893 851 1093 1071
rail 0.0013 480 665 724 1014
rail 0.0012 975 691 1151 1069
rail 0.0012 888 700 1032 1071
switch-left 0.0111 883 985 1104 1080
switch-unknown 0.0018 1064 655 1113 708
track-sign-front 0.0154 1135 602 1150 628
track-sign-front 0.0015 1076 593 1102 627
track-signal-back 0.0018 1130 550 1153 587
track-signal-back 0.0010 966 543 980 591
pole 0.0011 959 547 990 613
