guard-rail 0.2548 1100 663 1176 705
guard-rail 0.1359 1090 656 1159 696
guard-rail 0.0385 1077 628 1147 669
guard-rail 0.0316 1058 625 1131 661
guard-rail 0.0222 1080 624 1140 650
guard-rail 0.0210 1130 668 1221 715
guard-rail 0.0206 1071 648 1138 687
guard-rail 0.0159 1052 619 1126 648
guard-rail 0.0150 1200 663 1276 695
guard-rail 0.0115 1313 642 1438 683
guard-rail 0.0111 1041 621 1166 688
guard-rail 0.0110 1222 671 1290 700
guard-rail 0.0109 1133 657 1227 695
guard-rail 0.0105 1120 681 1197 725
guard-rail 0.0091 1120 637 1191 668
guard-rail 0.0087 1176 660 1249 693
guard-rail 0.0086 1309 648 1398 679
guard-rail 0.0086 1218 626 1308 661
guard-rail 0.0068 1275 665 1344 700
guard-rail 0.0062 1240 632 1328 665
guard-rail 0.0051 1198 620 1279 660
guard-rail 0.0048 1006 607 1143 668
guard-rail 0.0038 1243 671 1319 703
guard-rail 0.0038 1165 668 1255 706
guard-rail 0.0035 1249 649 1336 686
guard-rail 0.0028 1278 623 1442 685
guard-rail 0.0028 1143 638 1218 671
guard-rail 0.0027 1099 612 1174 653
guard-rail 0.0026 1174 625 1251 666
guard-rail 0.0025 990 554 1288 794
guard-rail 0.0022 1292 669 1410 712
guard-rail 0.0022 1349 635 1451 673
guard-rail 0.0016 1380 645 1471 686
guard-rail 0.0016 1046 638 1387 729
guard-rail 0.0015 1335 663 1428 707
guard-rail 0.0013 1276 693 1343 720
guard-rail 0.0012 1278 691 1384 726
guard-rail 0.0012 1072 662 1133 701
guard-rail 0.0010 1050 653 1155 709
train-car 0.0030 866 504 992 550
train-car 0.0023 23 539 154 697
train-car 0.0014 908 497 975 554
train-car 0.0012 904 499 1034 561
train-car 0.0012 882 445 1007 561
rail 0.9445 884 548 1193 1075
rail 0.9113 919 560 1915 1079
rail 0.8787 0 545 817 870
rail 0.7061 1099 554 1911 774
rail 0.0883 1088 560 1272 627
rail 0.0827 1358 598 1917 733
rail 0.0782 1466 637 1919 757
rail 0.0506 1387 629 1916 842
rail 0.0385 1114 562 1251 604
rail 0.0313 1054 551 1337 652
rail 0.0210 1147 579 1264 627
rail 0.0166 1079 552 1501 683
rail 0.0149 1558 664 1924 806
rail 0.0134 1136 568 1384 660
rail 0.0134 1642 661 1922 745
rail 0.0120 965 569 1198 673
rail 0.0116 1211 622 1907 970
rail 0.0115 1062 554 1226 602
rail 0.0102 1035 566 1361 703
rail 0.0084 1155 571 1343 628
rail 0.0077 1141 597 1412 687
rail 0.0067 956 541 1205 605
rail 0.0061 970 541 1621 742
rail 0.0053 1262 620 1467 686
rail 0.0047 1136 560 1357 609
rail 0.0038 1736 669 1928 731
rail 0.0038 1158 566 1781 682
rail 0.0034 1187 572 1545 738
rail 0.0034 1607 642 1914 717
rail 0.0027 1120 555 1206 582
rail 0.0027 904 559 1168 719
rail 0.0026 0 655 143 780
rail 0.0025 1076 546 1204 581
rail 0.0024 1070 528 1307 621
rail 0.0024 1729 681 1926 827
rail 0.0023 1200 580 1297 621
rail 0.0023 950 532 1141 580
rail 0.0021 1120 491 1854 655
rail 0.0021 1564 699 1934 875
rail 0.0020 -1 649 236 846
rail 0.0020 1119 595 1202 636
rail 0.0020 0 576 526 801
rail 0.0018 1137 555 1490 631
rail 0.0018 0 599 213 780
rail 0.0017 1239 608 1683 789
rail 0.0017 1098 578 1201 614
rail 0.0015 -1 673 78 806
rail 0.0015 1299 650 1618 950
rail 0.0014 -13 570 741 1104
rail 0.0013 1616 733 1921 965
rail 0.0012 2 547 149 748
rail 0.0011 931 524 1230 636
rail 0.0011 1083 631 1461 739
rail 0.0011 938 556 1102 599
rail 0.0010 1029 571 1200 624
switch-indicator 0.0166 321 625 339 657
switch-right 0.0083 1292 634 1415 674
switch-right 0.0015 1363 635 1485 672
switch-unknown 0.0257 1142 565 1223 598
switch-unknown 0.0234 1164 585 1248 623
switch-unknown 0.0233 1175 601 1249 628
switch-unknown 0.0218 883 553 918 573
switch-unknown 0.0157 1197 604 1264 634
switch-unknown 0.0141 1143 578 1231 617
switch-unknown 0.0095 887 558 940 580
switch-unknown 0.0077 1151 596 1232 625
switch-unknown 0.0065 1130 554 1195 579
switch-unknown 0.0058 1028 608 1104 641
switch-unknown 0.0057 1015 604 1085 631
switch-unknown 0.0056 1213 612 1295 648
switch-unknown 0.0056 881 541 948 578
switch-unknown 0.0052 1105 555 1182 595
switch-unknown 0.0052 1230 628 1337 665
switch-unknown 0.0048 871 541 904 571
switch-unknown 0.0039 1151 554 1212 583
switch-unknown 0.0037 1216 583 1281 620
switch-unknown 0.0036 1236 620 1325 655
switch-unknown 0.0029 872 552 906 578
switch-unknown 0.0029 1232 612 1378 660
switch-unknown 0.0029 1113 548 1167 573
switch-unknown 0.0025 1115 583 1181 615
switch-unknown 0.0022 1074 556 1157 593
switch-unknown 0.0020 1288 620 1375 654
switch-unknown 0.0020 1014 592 1114 636
switch-unknown 0.0020 908 559 972 588
switch-unknown 0.0015 912 524 971 575
switch-unknown 0.0014 988 589 1054 616
switch-unknown 0.0012 1397 643 1505 682
switch-unknown 0.0012 1365 635 1483 672
switch-unknown 0.0012 998 598 1057 627
switch-unknown 0.0010 1078 543 1153 575
switch-static 0.0420 1277 655 1342 682
switch-static 0.0095 1290 641 1376 676
switch-static 0.0065 1252 649 1333 685
switch-static 0.0041 1132 598 1190 631
switch-static 0.0029 1414 639 1490 668
switch-static 0.0025 1430 651 1513 681
switch-static 0.0024 1477 656 1526 683
switch-static 0.0016 1484 657 1552 688
switch-static 0.0010 1389 673 1461 705
track-sign-front 0.0122 1234 550 1246 569
track-sign-front 0.0089 321 626 339 657
track-sign-front 0.0063 91 549 133 659
track-sign-front 0.0034 1235 531 1248 563
track-sign-front 0.0020 94 553 128 611
track-sign-front 0.0012 68 542 152 677
track-signal-front 0.0830 996 437 1009 465
track-signal-front 0.0256 998 428 1012 481
track-signal-front 0.0118 790 443 822 485
track-signal-front 0.0050 1046 449 1061 523
track-signal-front 0.0018 813 427 842 529
pole 0.5427 1065 328 1082 593
pole 0.4838 667 54 727 731
pole 0.1480 998 372 1016 591
pole 0.0638 1049 335 1069 595
pole 0.0544 997 437 1011 578
pole 0.0436 1042 339 1086 596
pole 0.0232 938 395 953 565
pole 0.0196 1058 368 1077 621
pole 0.0085 821 402 841 602
pole 0.0075 933 437 958 563
pole 0.0073 1067 324 1100 606
pole 0.0071 1056 457 1078 589
pole 0.0068 923 411 948 551
pole 0.0055 645 47 751 832
pole 0.0051 1364 380 1379 588
pole 0.0047 1067 389 1081 537
pole 0.0039 989 426 1026 590
pole 0.0027 1507 353 1524 614
pole 0.0025 985 497 1014 581
pole 0.0022 1038 440 1068 568
pole 0.0020 824 445 846 563
pole 0.0018 827 429 842 535
pole 0.0016 819 472 839 574
pole 0.0016 903 439 958 565
pole 0.0016 940 390 967 572
pole 0.0014 1051 407 1066 529
pole 0.0014 1358 438 1375 571
pole 0.0013 897 423 921 546
pole 0.0012 1042 516 1090 586
pole 0.0011 1058 459 1103 590
pole 0.0011 570 74 733 853
pole 0.0010 1009 309 1072 573
rail-occluder 0.0078 1224 552 1249 593
rail-occluder 0.0057 1651 661 1671 689
rail-occluder 0.0022 1652 667 1674 698
rail-occluder 0.0020 1221 559 1271 600
rail-occluder 0.0019 1233 548 1248 574
rail-occluder 0.0011 1036 549 1099 593
rail-occluder 0.0011 988 510 1039 582
