crossing 0.3650 881 621 921 638
crossing 0.1355 855 619 914 637
crossing 0.1227 830 621 869 636
crossing 0.1029 883 628 925 646
crossing 0.0991 817 623 851 637
crossing 0.0773 771 629 830 644
crossing 0.0286 755 631 818 648
crossing 0.0258 851 624 918 645
crossing 0.0137 799 623 853 644
crossing 0.0112 878 603 917 631
crossing 0.0016 876 639 927 668
crossing 0.0015 843 582 906 630
crossing 0.0012 912 626 967 646
rail 0.9220 68 597 857 1073
rail 0.9086 701 591 1019 1073
rail 0.0015 3 946 304 1068
switch-static 0.1413 306 804 378 847
switch-static 0.0011 7 947 315 1060
track-sign-front 0.0557 757 595 770 620
track-sign-front 0.0112 962 577 985 618
track-sign-front 0.0086 748 606 799 647
track-sign-front 0.0074 968 590 989 620
track-sign-front 0.0068 823 567 843 594
track-sign-front 0.0054 955 565 979 600
track-sign-front 0.0043 961 591 992 633
track-sign-front 0.0037 750 569 774 607
track-sign-front 0.0033 641 569 675 597
track-sign-front 0.0029 758 563 778 607
track-sign-front 0.0026 937 560 975 591
track-sign-front 0.0021 970 600 997 634
track-sign-front 0.0011 894 567 946 617
track-sign-front 0.0011 935 565 979 627
track-sign-front 0.0010 908 610 972 645
track-sign-front 0.0010 318 540 361 661
track-signal-front 0.3500 830 561 841 579
track-signal-front 0.0700 834 560 844 577
track-signal-front 0.0487 886 558 897 573
track-signal-front 0.0178 874 561 896 578
track-signal-front 0.0143 594 552 612 578
track-signal-front 0.0067 640 567 675 594
track-signal-front 0.0063 708 556 735 579
track-signal-front 0.0028 883 557 898 580
track-signal-front 0.0015 589 551 620 584
track-signal-front 0.0011 821 558 852 587
track-signal-front 0.0010 637 557 678 586
