train-car 0.8589 882 313 1914 1071
rail 0.9494 857 571 1131 1074
rail 0.8042 1 570 811 856
rail 0.3882 0 571 723 726
rail 0.0102 -6 605 546 762
rail 0.0035 -2 620 364 738
rail 0.0015 202 570 793 667
rail 0.0012 -25 590 751 1096
rail 0.0012 0 591 441 694
rail 0.0011 304 568 880 744
track-sign-front 0.0171 683 555 695 577
track-signal-front 0.0077 872 542 891 568
track-signal-front 0.0016 872 532 889 560
track-signal-front 0.0010 869 549 893 579
pole 0.0068 282 243 335 668
pole 0.0011 259 240 322 625
pole 0.0011 298 246 353 611
