crossing 0.5889 859 517 937 553
crossing 0.0270 834 509 890 544
crossing 0.0169 846 505 903 535
crossing 0.0075 831 501 888 526
crossing 0.0052 850 504 931 543
crossing 0.0013 806 498 864 528
crossing 0.0011 803 508 865 538
crossing 0.0010 823 463 977 601
rail 0.9192 729 455 1156 1075
rail 0.0010 753 470 933 1057
track-sign-front 0.4101 1213 686 1259 815
track-sign-front 0.1839 1151 455 1183 486
track-sign-front 0.1606 1219 682 1262 755
track-sign-front 0.1139 967 477 984 495
track-sign-front 0.0745 701 414 727 450
track-sign-front 0.0737 1225 682 1266 723
track-sign-front 0.0712 1159 410 1189 439
track-sign-front 0.0281 1096 404 1149 442
track-sign-front 0.0051 968 466 984 488
track-sign-front 0.0041 1109 407 1176 452
track-sign-front 0.0036 962 475 991 499
track-sign-front 0.0036 815 436 831 459
track-sign-front 0.0032 845 391 864 417
track-sign-front 0.0026 707 410 731 437
track-sign-front 0.0025 695 412 728 473
track-sign-front 0.0020 688 417 718 450
track-sign-front 0.0018 1214 674 1245 781
track-sign-front 0.0015 1214 655 1272 784
track-sign-front 0.0014 1222 676 1262 706
track-sign-front 0.0014 1204 725 1250 825
track-sign-front 0.0012 990 435 1017 469
track-sign-front 0.0011 685 441 717 512
track-sign-front 0.0010 1209 663 1268 734
track-signal-front 0.0241 1097 403 1150 440
track-signal-front 0.0059 1130 407 1177 465
track-signal-front 0.0014 1151 434 1185 494
