guard-rail 0.0141 1221 677 1290 713
guard-rail 0.0122 1210 672 1266 702
guard-rail 0.0121 1198 661 1262 693
guard-rail 0.0104 1180 648 1241 686
guard-rail 0.0086 1200 670 1236 694
guard-rail 0.0073 1158 640 1223 670
guard-rail 0.0045 1234 688 1292 722
guard-rail 0.0036 1217 665 1294 697
guard-rail 0.0014 1243 666 1316 694
guard-rail 0.0010 1197 659 1331 719
rail 0.9344 944 582 1210 1076
rail 0.9268 108 566 1011 1075
rail 0.9042 1071 591 1917 1075
rail 0.7510 6 563 857 726
rail 0.6628 1006 598 1111 728
rail 0.3117 1365 582 1922 669
rail 0.2087 1213 588 1915 719
rail 0.1549 1001 656 1098 736
rail 0.1208 945 584 1059 1075
rail 0.1030 1184 594 1923 855
rail 0.0641 1777 583 1919 664
rail 0.0458 1653 584 1922 669
rail 0.0258 -2 601 574 723
rail 0.0194 1814 590 1920 716
rail 0.0158 1073 598 1119 629
rail 0.0117 1804 575 1906 627
rail 0.0105 1792 603 1918 781
rail 0.0104 1797 575 1876 612
rail 0.0081 1009 593 1085 674
rail 0.0071 1248 566 1891 642
rail 0.0070 1832 595 1920 653
rail 0.0067 20 675 277 816
rail 0.0067 157 555 998 673
rail 0.0067 1549 592 1932 701
rail 0.0053 289 566 887 647
rail 0.0051 1118 620 1173 645
rail 0.0050 1679 587 1922 775
rail 0.0048 884 581 974 639
rail 0.0044 1151 571 1672 678
rail 0.0043 912 613 1036 969
rail 0.0043 1356 597 1482 671
rail 0.0040 1024 595 1061 632
rail 0.0038 1355 691 1927 896
rail 0.0038 1036 585 1106 626
rail 0.0034 1016 594 1340 718
rail 0.0034 46 498 801 648
rail 0.0033 1 623 346 709
rail 0.0031 1334 586 1593 653
rail 0.0029 18 608 280 884
rail 0.0029 1774 531 1924 733
rail 0.0027 998 611 1071 738
rail 0.0027 1880 591 1921 749
rail 0.0026 152 538 618 611
rail 0.0026 902 663 1014 756
rail 0.0026 1100 608 1233 661
rail 0.0025 1506 593 1869 657
rail 0.0025 1024 624 1135 750
rail 0.0024 -3 595 427 672
rail 0.0022 -14 628 442 758
rail 0.0021 1646 623 1922 880
rail 0.0021 1389 592 1496 652
rail 0.0020 1871 589 1921 666
rail 0.0020 1094 587 1491 729
rail 0.0019 1734 611 1896 670
rail 0.0019 4 607 674 813
rail 0.0018 1766 560 1877 618
rail 0.0018 9 650 321 740
rail 0.0018 948 584 1010 620
rail 0.0017 904 585 1025 646
rail 0.0017 1058 598 1175 652
rail 0.0016 1032 594 1183 684
rail 0.0016 92 538 1075 791
rail 0.0016 1131 620 1301 684
rail 0.0016 30 716 244 1069
rail 0.0016 1223 579 1516 665
rail 0.0015 1788 593 1884 643
rail 0.0015 1114 595 1317 670
rail 0.0015 1427 588 1691 650
rail 0.0014 1852 642 1920 835
rail 0.0014 1334 588 1508 711
rail 0.0013 1284 599 1474 688
rail 0.0012 841 571 972 652
rail 0.0011 828 571 1018 684
rail 0.0011 1479 599 1914 785
rail 0.0010 905 636 988 724
rail 0.0010 1169 634 1351 703
rail 0.0010 1034 535 1788 724
rail 0.0010 1821 545 1926 632
rail 0.0010 973 591 1013 618
rail 0.0010 1070 584 1112 607
rail 0.0010 1322 471 1846 643
switch-indicator 0.1582 940 651 961 677
switch-indicator 0.1420 722 833 787 983
switch-indicator 0.1418 731 840 771 930
switch-indicator 0.0483 986 594 1001 612
switch-indicator 0.0471 747 841 786 942
switch-indicator 0.0053 988 584 1009 607
switch-indicator 0.0046 983 592 1005 622
switch-indicator 0.0043 1382 647 1420 680
switch-indicator 0.0028 1372 656 1411 682
switch-indicator 0.0025 1382 631 1436 681
switch-indicator 0.0021 764 839 805 941
switch-indicator 0.0016 714 843 880 988
switch-indicator 0.0015 944 590 1002 636
switch-indicator 0.0012 683 815 777 1013
switch-indicator 0.0012 926 631 979 724
switch-left 0.2253 998 684 1085 740
switch-left 0.0052 970 674 1164 798
switch-left 0.0019 1001 703 1109 748
switch-left 0.0017 1048 698 1122 743
switch-right 0.3207 998 684 1085 741
switch-right 0.0313 1003 647 1100 742
switch-right 0.0169 1130 618 1198 647
switch-right 0.0136 1144 623 1211 653
switch-right 0.0081 1156 631 1238 665
switch-right 0.0048 961 671 1171 801
switch-unknown 0.1607 1088 602 1127 623
switch-unknown 0.0985 1079 597 1118 620
switch-unknown 0.0630 1140 626 1204 648
switch-unknown 0.0479 1132 620 1195 643
switch-unknown 0.0437 1102 611 1167 636
switch-unknown 0.0224 1025 597 1059 627
switch-unknown 0.0175 1098 602 1155 626
switch-unknown 0.0124 968 592 998 613
switch-unknown 0.0111 1037 585 1103 622
switch-unknown 0.0107 1160 633 1235 660
switch-unknown 0.0076 1016 603 1067 647
switch-unknown 0.0061 986 583 1034 624
switch-unknown 0.0053 1018 594 1105 662
switch-unknown 0.0052 1074 581 1109 607
switch-unknown 0.0041 921 583 978 623
switch-unknown 0.0039 916 595 969 636
switch-unknown 0.0022 895 583 966 631
switch-unknown 0.0021 1191 632 1261 663
switch-unknown 0.0018 1013 573 1063 601
switch-unknown 0.0018 1041 575 1092 606
switch-unknown 0.0010 995 568 1041 600
switch-static 0.1760 903 714 983 751
switch-static 0.1299 706 866 798 994
switch-static 0.1238 930 705 997 741
switch-static 0.0892 706 901 881 1000
switch-static 0.0880 753 910 921 989
switch-static 0.0668 903 689 1006 748
switch-static 0.0528 695 923 804 992
switch-static 0.0440 1100 703 1153 732
switch-static 0.0200 956 702 1008 739
switch-static 0.0134 943 692 1001 732
switch-static 0.0126 844 911 945 972
switch-static 0.0121 808 1033 924 1076
switch-static 0.0100 777 918 877 983
switch-static 0.0099 677 902 786 1006
switch-static 0.0090 650 1011 840 1071
switch-static 0.0081 820 919 942 1001
switch-static 0.0067 934 660 970 720
switch-static 0.0061 691 939 861 1023
switch-static 0.0059 1167 624 1234 649
switch-static 0.0055 901 774 1046 1018
switch-static 0.0053 911 734 979 777
switch-static 0.0043 1089 688 1140 726
switch-static 0.0043 659 981 799 1034
switch-static 0.0043 1089 712 1145 746
switch-static 0.0041 786 906 912 956
switch-static 0.0041 674 964 925 1062
switch-static 0.0040 668 1035 830 1083
switch-static 0.0034 882 696 967 749
switch-static 0.0031 740 960 865 1013
switch-static 0.0031 721 980 875 1023
switch-static 0.0026 644 951 791 1046
switch-static 0.0023 941 643 978 671
switch-static 0.0023 683 996 869 1055
switch-static 0.0023 1053 697 1122 746
switch-static 0.0021 838 911 916 951
switch-static 0.0019 873 915 951 959
switch-static 0.0019 874 658 1018 776
switch-static 0.0017 645 1029 761 1078
switch-static 0.0017 775 942 920 1011
switch-static 0.0016 730 943 824 1017
switch-static 0.0015 758 985 840 1021
switch-static 0.0014 677 860 827 1032
switch-static 0.0013 657 1023 707 1070
switch-static 0.0013 1213 620 1251 649
switch-static 0.0012 1056 681 1153 737
switch-static 0.0011 965 676 1021 732
switch-static 0.0010 919 699 995 820
switch-static 0.0010 690 844 916 1012
switch-static 0.0010 1118 704 1172 731
switch-static 0.0010 876 718 945 754
switch-static 0.0010 1308 677 1365 700
track-sign-front 0.0831 59 724 225 876
track-sign-front 0.0532 731 838 770 917
track-sign-front 0.0276 52 740 100 832
track-sign-front 0.0131 734 838 766 878
track-sign-front 0.0059 141 730 217 868
track-sign-front 0.0035 80 734 181 855
track-sign-front 0.0026 40 723 127 891
track-sign-front 0.0018 933 518 947 590
track-sign-front 0.0017 931 561 957 597
track-sign-front 0.0013 8 636 56 703
track-sign-front 0.0012 916 560 951 601
track-sign-front 0.0012 1758 526 1780 590
track-sign-front 0.0012 1755 551 1786 603
track-sign-front 0.0012 1761 355 1783 381
track-sign-front 0.0010 733 567 774 595
pole 0.4316 741 290 758 635
pole 0.2336 0 -46 64 1057
pole 0.1365 831 399 852 603
pole 0.1175 1353 317 1369 657
pole 0.0939 1291 396 1307 634
pole 0.0714 1228 396 1242 621
pole 0.0228 744 289 775 628
pole 0.0191 -4 -21 121 1111
pole 0.0138 1297 372 1339 654
pole 0.0105 2 153 51 849
pole 0.0086 1268 391 1312 641
pole 0.0070 753 343 817 650
pole 0.0063 1293 463 1306 602
pole 0.0062 1230 442 1240 587
pole 0.0056 827 468 848 622
pole 0.0052 850 396 889 599
pole 0.0050 1759 439 1776 607
pole 0.0050 883 389 905 588
pole 0.0048 1354 277 1390 662
pole 0.0044 803 392 831 612
pole 0.0041 818 402 869 613
pole 0.0038 1326 285 1383 658
pole 0.0031 1212 380 1243 634
pole 0.0030 1286 452 1315 651
pole 0.0029 1230 485 1241 614
pole 0.0023 786 303 814 615
pole 0.0021 1671 241 1717 614
pole 0.0021 1231 410 1247 645
pole 0.0020 1651 345 1675 621
pole 0.0018 1310 358 1356 651
pole 0.0018 738 410 767 629
pole 0.0017 1686 386 1709 618
pole 0.0016 1290 519 1312 636
pole 0.0016 715 290 757 632
pole 0.0016 822 325 851 601
pole 0.0015 1355 435 1368 583
pole 0.0015 741 411 757 561
pole 0.0015 11 24 180 825
pole 0.0015 744 451 759 599
pole 0.0014 1348 375 1376 633
pole 0.0011 1655 296 1699 626
pole 0.0011 723 312 783 657
pole 0.0011 1761 467 1787 588
pole 0.0010 1694 512 1706 592
pole 0.0010 3 440 69 1089
rail-occluder 0.1528 38 729 218 904
rail-occluder 0.0162 1800 575 1872 612
rail-occluder 0.0153 56 738 96 833
rail-occluder 0.0062 35 731 186 837
rail-occluder 0.0053 1785 570 1842 610
rail-occluder 0.0047 1834 576 1867 608
rail-occluder 0.0039 17 709 227 1063
rail-occluder 0.0034 345 535 449 592
rail-occluder 0.0024 44 732 117 839
rail-occluder 0.0017 1766 553 1874 622
rail-occluder 0.0015 302 545 491 605
rail-occluder 0.0013 1499 581 1536 615
rail-occluder 0.0012 1754 554 1816 606
rail-occluder 0.0010 826 534 849 601
rail-occluder 0.0010 1310 606 1337 656
