guard-rail 0.0194 775 680 840 726
guard-rail 0.0175 794 669 855 721
guard-rail 0.0113 737 685 777 712
guard-rail 0.0095 751 682 801 713
guard-rail 0.0076 718 689 781 726
guard-rail 0.0065 795 654 869 705
guard-rail 0.0064 751 687 822 741
guard-rail 0.0062 815 663 862 715
guard-rail 0.0048 697 690 768 733
guard-rail 0.0028 740 692 818 781
guard-rail 0.0028 773 662 842 700
guard-rail 0.0019 672 669 704 705
guard-rail 0.0019 691 684 799 752
guard-rail 0.0016 761 671 805 698
guard-rail 0.0012 764 697 827 767
train-car 0.0021 908 565 1028 596
train-car 0.0012 924 553 959 599
rail 0.9521 936 589 1206 1075
rail 0.8626 184 592 970 1078
rail 0.1944 -1 599 689 706
rail 0.0879 -2 625 446 701
rail 0.0446 -3 572 882 744
rail 0.0094 1805 679 1920 1071
rail 0.0053 19 642 315 709
rail 0.0038 1858 542 1919 1074
rail 0.0021 104 637 402 692
rail 0.0020 -5 632 274 683
rail 0.0019 421 593 522 710
rail 0.0019 3 630 473 790
rail 0.0015 -39 513 761 860
rail 0.0015 41 667 181 714
rail 0.0014 -10 652 180 703
rail 0.0013 155 623 486 686
switch-indicator 0.0024 671 669 694 704
track-sign-front 0.0638 1024 546 1040 584
track-sign-front 0.0601 1093 492 1134 529
track-sign-front 0.0462 1129 595 1158 652
track-sign-front 0.0327 1109 539 1131 566
track-sign-front 0.0259 1120 584 1161 665
track-sign-front 0.0235 1022 574 1037 608
track-sign-front 0.0218 1112 549 1129 571
track-sign-front 0.0108 823 602 833 620
track-sign-front 0.0065 457 607 494 706
track-sign-front 0.0060 1115 572 1139 674
track-sign-front 0.0045 1102 493 1138 550
track-sign-front 0.0039 1133 581 1161 631
track-sign-front 0.0038 860 539 870 613
track-sign-front 0.0035 671 671 694 704
track-sign-front 0.0025 1110 553 1144 589
track-sign-front 0.0024 1111 559 1134 653
track-sign-front 0.0022 1113 520 1135 695
track-sign-front 0.0022 1148 535 1179 565
track-sign-front 0.0019 1108 546 1133 578
track-sign-front 0.0019 1127 605 1156 721
track-sign-front 0.0016 913 572 940 603
track-sign-front 0.0016 1082 592 1106 642
track-sign-front 0.0012 622 547 642 584
track-sign-front 0.0012 844 563 870 632
track-sign-front 0.0012 1036 577 1085 622
track-sign-front 0.0012 460 537 496 715
track-sign-front 0.0011 461 564 496 639
track-sign-front 0.0010 859 553 874 629
track-sign-front 0.0010 1075 589 1104 625
track-signal-front 0.4498 668 491 699 528
track-signal-front 0.1095 1093 491 1132 527
track-signal-front 0.0950 892 544 904 561
track-signal-front 0.0918 1023 544 1037 570
track-signal-front 0.0618 1022 521 1037 593
track-signal-front 0.0120 890 524 922 584
track-signal-front 0.0066 862 526 903 576
track-signal-front 0.0055 1019 504 1034 576
track-signal-front 0.0011 855 497 882 582
track-signal-back 0.1021 1092 492 1128 525
track-signal-back 0.0047 661 493 697 535
track-signal-back 0.0045 1094 482 1136 540
track-signal-back 0.0030 669 540 688 568
track-signal-back 0.0017 663 528 685 575
track-signal-back 0.0016 1091 459 1142 555
track-signal-back 0.0011 626 483 656 521
track-signal-back 0.0010 683 329 729 395
pole 0.1953 667 523 685 690
pole 0.0475 452 103 519 840
pole 0.0285 1019 486 1029 596
pole 0.0266 661 500 692 704
pole 0.0190 1020 516 1038 599
pole 0.0184 459 369 504 815
pole 0.0163 932 492 946 614
pole 0.0103 1023 544 1041 594
pole 0.0049 1099 404 1147 694
pole 0.0046 434 24 552 804
pole 0.0027 443 507 509 727
pole 0.0026 916 544 946 609
pole 0.0023 854 437 873 627
pole 0.0019 890 540 906 583
pole 0.0019 668 514 706 688
pole 0.0018 853 525 878 625
pole 0.0013 642 451 700 705
pole 0.0011 893 518 919 593
pole 0.0010 867 483 900 622
pole 0.0010 1112 547 1167 708
rail-occluder 0.0242 103 679 119 709
rail-occluder 0.0034 101 679 123 725
rail-occluder 0.0026 670 671 695 704
rail-occluder 0.0016 88 675 134 714
rail-occluder 0.0011 62 671 162 717
rail-occluder 0.0011 917 572 966 602
