crossing 0.0069 907 591 988 618
crossing 0.0012 886 661 1063 735
train-car 0.0096 925 424 953 448
train-car 0.0033 927 421 975 446
train-car 0.0021 998 411 1018 439
platform 0.0022 668 442 902 610
rail 0.9279 762 468 1155 1078
rail 0.8889 -1 457 819 1076
rail 0.7803 1398 605 1904 1074
rail 0.5059 1652 595 1919 1074
rail 0.2385 1295 576 1729 985
rail 0.0627 1793 756 1919 1076
rail 0.0238 1389 841 1719 1077
rail 0.0136 311 419 780 599
rail 0.0083 -34 449 761 750
rail 0.0072 1601 577 1905 844
rail 0.0067 1830 571 1918 1068
rail 0.0034 -4 445 699 615
rail 0.0033 1773 451 1921 1090
rail 0.0033 1646 592 1914 745
rail 0.0028 1853 146 1919 1174
rail 0.0022 274 409 816 815
rail 0.0020 382 478 589 635
rail 0.0020 29 687 591 1073
rail 0.0019 349 451 678 559
rail 0.0017 1485 584 1723 1055
rail 0.0017 672 435 891 606
rail 0.0016 993 453 1387 636
rail 0.0016 1035 613 1785 1076
rail 0.0013 1881 762 1919 1062
rail 0.0012 689 417 820 465
rail 0.0012 1402 655 1653 1043
rail 0.0011 1593 583 1887 675
rail 0.0011 911 455 1714 947
rail 0.0011 -21 495 525 708
track-sign-front 0.8328 651 598 734 686
track-sign-front 0.8025 599 523 683 612
track-sign-front 0.3309 1134 22 1182 61
track-sign-front 0.2983 1639 195 1672 224
track-sign-front 0.1067 1625 158 1658 184
track-sign-front 0.0934 792 424 822 477
track-sign-front 0.0750 1631 165 1670 208
track-sign-front 0.0721 928 426 951 448
track-sign-front 0.0674 1800 527 1829 566
track-sign-front 0.0482 705 527 745 623
track-sign-front 0.0380 1277 404 1307 440
track-sign-front 0.0368 1315 431 1357 487
track-sign-front 0.0339 166 9 213 54
track-sign-front 0.0257 483 431 503 457
track-sign-front 0.0235 1279 431 1321 488
track-sign-front 0.0229 1651 462 1671 483
track-sign-front 0.0209 1288 428 1350 489
track-sign-front 0.0190 1275 415 1307 492
track-sign-front 0.0162 651 454 666 525
track-sign-front 0.0110 645 257 667 279
track-sign-front 0.0082 628 491 705 645
track-sign-front 0.0074 795 414 839 477
track-sign-front 0.0067 173 -11 226 56
track-sign-front 0.0064 999 413 1017 435
track-sign-front 0.0058 529 393 794 774
track-sign-front 0.0056 482 429 512 468
track-sign-front 0.0056 1138 -11 1190 65
track-sign-front 0.0049 154 -13 209 59
track-sign-front 0.0047 620 519 747 702
track-sign-front 0.0046 681 485 751 643
track-sign-front 0.0039 649 423 667 513
track-sign-front 0.0034 637 524 700 617
track-sign-front 0.0034 600 537 680 694
track-sign-front 0.0033 1632 176 1672 231
track-sign-front 0.0033 529 466 542 485
track-sign-front 0.0028 826 407 860 471
track-sign-front 0.0027 1796 374 1831 467
track-sign-front 0.0027 925 422 976 447
track-sign-front 0.0021 1785 244 1806 319
track-sign-front 0.0019 516 462 543 491
track-sign-front 0.0018 639 449 664 511
track-sign-front 0.0015 642 254 674 292
track-sign-front 0.0014 767 408 811 477
track-sign-front 0.0014 1620 154 1664 212
track-sign-front 0.0013 619 488 690 594
track-sign-front 0.0012 1304 581 1350 661
track-sign-front 0.0011 642 559 731 659
track-sign-front 0.0011 1098 -61 1211 155
track-sign-front 0.0011 1656 461 1688 487
track-sign-front 0.0010 827 368 864 457
track-sign-front 0.0010 474 429 496 467
track-sign-front 0.0010 620 571 701 691
track-signal-front 0.3357 1065 260 1081 313
track-signal-front 0.3067 1122 263 1141 313
track-signal-front 0.1736 1787 274 1806 327
track-signal-front 0.0656 1729 275 1748 327
track-signal-front 0.0254 1749 272 1788 330
track-signal-front 0.0226 0 0 156 111
track-signal-front 0.0146 666 126 713 184
track-signal-front 0.0100 1005 411 1020 433
track-signal-front 0.0080 660 75 720 182
track-signal-front 0.0061 60 481 78 507
track-signal-front 0.0043 1458 438 1488 490
track-signal-front 0.0041 1467 433 1498 485
track-signal-front 0.0040 1727 270 1764 326
track-signal-front 0.0033 1125 265 1158 314
track-signal-front 0.0023 60 489 78 544
track-signal-front 0.0022 644 255 670 291
track-signal-front 0.0018 -14 -55 158 153
track-signal-front 0.0017 1445 446 1473 491
track-signal-front 0.0012 1726 255 1752 310
track-signal-front 0.0011 1788 233 1817 302
track-signal-back 0.2808 437 265 455 318
track-signal-back 0.2803 495 265 513 316
track-signal-back 0.0110 657 21 719 136
track-signal-back 0.0102 661 73 720 184
track-signal-back 0.0041 1588 269 1620 356
track-signal-back 0.0015 1248 357 1275 424
track-signal-back 0.0014 642 226 694 302
track-signal-back 0.0012 1251 321 1295 431
track-signal-back 0.0010 500 266 538 314
car 0.7921 1288 580 1701 900
person 0.4205 409 508 465 643
person 0.0058 418 516 455 561
person 0.0043 349 480 539 623
person 0.0020 405 559 445 652
person 0.0017 423 510 475 604
person 0.0013 401 495 455 590
pole 0.3297 650 32 741 691
pole 0.2590 783 7 823 621
pole 0.1388 695 6 744 643
pole 0.0395 789 395 823 481
pole 0.0362 642 105 704 696
pole 0.0224 1844 -15 1922 1049
pole 0.0195 792 216 821 534
pole 0.0194 649 227 674 540
pole 0.0119 805 225 835 525
pole 0.0095 611 233 748 748
pole 0.0082 872 263 892 454
pole 0.0052 778 177 837 579
pole 0.0051 651 222 696 544
pole 0.0050 812 260 844 559
pole 0.0047 825 241 858 517
pole 0.0043 1549 55 1599 591
pole 0.0041 649 367 668 567
pole 0.0036 792 415 826 605
pole 0.0033 712 192 739 533
pole 0.0023 662 156 789 794
pole 0.0022 160 189 189 575
pole 0.0021 692 193 733 532
pole 0.0020 674 -3 830 633
pole 0.0018 636 -50 716 548
pole 0.0016 779 227 813 536
pole 0.0015 1535 112 1583 606
pole 0.0014 636 210 668 516
pole 0.0014 790 127 816 462
pole 0.0014 661 412 750 644
pole 0.0013 589 320 607 499
pole 0.0013 590 354 602 469
pole 0.0012 806 291 835 437
pole 0.0012 1829 236 1917 792
pole 0.0012 1782 91 1933 1035
pole 0.0011 857 254 898 493
pole 0.0011 647 372 675 496
pole 0.0011 803 444 839 572
pole 0.0011 1861 282 1918 933
pole 0.0010 792 396 843 554
rail-occluder 0.0700 712 527 747 628
rail-occluder 0.0554 793 424 822 476
rail-occluder 0.0242 657 662 714 758
rail-occluder 0.0127 801 522 844 593
rail-occluder 0.0080 650 451 668 528
rail-occluder 0.0077 686 415 768 640
rail-occluder 0.0073 711 410 735 559
rail-occluder 0.0064 688 534 740 656
rail-occluder 0.0063 766 509 857 598
rail-occluder 0.0045 701 432 872 613
rail-occluder 0.0043 694 488 756 659
rail-occluder 0.0039 651 610 684 778
rail-occluder 0.0035 659 389 800 662
rail-occluder 0.0034 652 615 726 776
rail-occluder 0.0033 648 408 702 567
rail-occluder 0.0028 688 377 737 593
rail-occluder 0.0027 694 418 752 553
rail-occluder 0.0022 649 458 699 542
rail-occluder 0.0022 636 317 756 715
rail-occluder 0.0020 622 459 731 548
rail-occluder 0.0019 719 509 756 604
rail-occluder 0.0017 787 451 864 604
rail-occluder 0.0016 643 333 713 590
rail-occluder 0.0014 822 420 858 476
rail-occluder 0.0014 631 418 726 639
rail-occluder 0.0014 626 448 693 533
rail-occluder 0.0013 644 437 772 582
rail-occluder 0.0013 710 420 800 486
rail-occluder 0.0013 658 663 685 766
rail-occluder 0.0011 644 644 700 782
rail-occluder 0.0010 601 445 809 616
rail-occluder 0.0010 580 460 805 840
