crossing 0.0286 795 566 867 602
crossing 0.0136 768 625 879 686
crossing 0.0060 799 552 861 574
crossing 0.0039 771 610 878 653
crossing 0.0019 780 566 883 633
crossing 0.0012 825 458 876 480
guard-rail 0.0010 1664 1022 1769 1077
rail 0.9591 609 456 954 1074
rail 0.9381 841 454 1791 1077
switch-static 0.0070 737 558 781 581
track-sign-front 0.0257 726 465 740 492
track-sign-front 0.0056 667 432 700 457
track-sign-front 0.0049 797 442 818 473
track-sign-front 0.0022 801 456 820 477
track-sign-front 0.0018 842 438 900 483
track-sign-front 0.0014 871 433 919 484
track-sign-front 0.0014 368 627 399 660
track-sign-front 0.0014 1565 599 1614 627
track-sign-front 0.0012 799 443 855 479
track-sign-front 0.0012 718 459 747 493
track-sign-front 0.0010 724 466 742 510
track-signal-front 0.0018 795 411 813 429
track-signal-front 0.0013 795 409 816 454
