crossing 0.7245 917 589 1027 627
crossing 0.7213 821 660 1075 773
crossing 0.0268 923 568 1020 617
crossing 0.0172 824 658 951 773
crossing 0.0158 871 638 1061 739
crossing 0.0087 671 572 811 613
crossing 0.0086 801 674 998 826
crossing 0.0040 862 540 1073 691
crossing 0.0036 700 542 799 605
crossing 0.0035 752 531 1195 876
crossing 0.0023 895 615 1040 667
crossing 0.0018 673 582 767 622
crossing 0.0017 927 664 1100 766
crossing 0.0015 835 464 1110 723
crossing 0.0015 788 712 1099 794
crossing 0.0011 910 586 963 621
guard-rail 0.0045 1019 663 1061 762
guard-rail 0.0017 836 660 894 774
guard-rail 0.0012 831 650 935 765
guard-rail 0.0011 923 531 996 580
train-car 0.8911 3 35 703 1000
train-car 0.0031 6 307 691 708
platform 0.0074 1020 494 1115 531
platform 0.0026 1009 489 1132 546
platform 0.0015 1012 483 1090 521
platform 0.0012 1069 474 1112 544
rail 0.9518 610 485 1208 1074
rail 0.6308 674 486 958 629
rail 0.1792 732 478 951 578
rail 0.0390 648 531 913 646
rail 0.0361 675 507 897 588
rail 0.0342 683 531 839 619
rail 0.0293 702 517 799 578
rail 0.0108 680 517 775 605
rail 0.0066 710 517 764 572
rail 0.0057 688 552 786 613
rail 0.0051 772 486 876 568
rail 0.0036 734 532 901 594
rail 0.0033 691 492 1059 686
rail 0.0029 622 526 1068 775
rail 0.0029 778 473 1070 582
rail 0.0027 672 579 772 622
rail 0.0022 643 557 791 636
rail 0.0020 809 300 979 595
rail 0.0017 653 381 999 704
rail 0.0011 951 518 1068 580
rail 0.0010 724 393 869 606
switch-right 0.0126 941 535 1011 576
switch-unknown 0.0099 955 525 1006 557
switch-static 0.0105 773 655 836 681
track-sign-front 0.0181 1292 449 1315 482
track-sign-front 0.0053 1071 479 1110 538
track-sign-front 0.0045 877 472 892 552
track-sign-front 0.0038 907 470 935 532
track-sign-front 0.0034 1120 480 1139 538
track-sign-front 0.0024 1029 499 1105 533
track-sign-front 0.0024 1096 460 1139 541
track-sign-front 0.0018 1102 491 1141 553
track-sign-front 0.0018 1012 477 1086 521
track-sign-front 0.0017 878 464 917 545
track-sign-front 0.0017 1237 468 1260 502
track-sign-front 0.0015 1256 379 1281 425
track-sign-front 0.0014 877 432 894 536
track-sign-front 0.0012 874 480 904 564
track-sign-front 0.0010 989 512 1034 544
track-signal-front 0.8375 1221 264 1288 358
track-signal-front 0.5849 1096 421 1117 460
track-signal-front 0.5607 1555 61 1642 233
track-signal-front 0.5063 723 384 753 429
track-signal-front 0.0269 1094 413 1116 442
track-signal-front 0.0172 1092 409 1112 433
track-signal-front 0.0162 1605 364 1651 451
track-signal-front 0.0156 1093 412 1120 479
track-signal-front 0.0149 736 425 754 475
track-signal-front 0.0149 727 377 755 455
track-signal-front 0.0090 1607 370 1633 438
track-signal-front 0.0067 1095 452 1114 512
track-signal-front 0.0031 1633 358 1679 455
track-signal-front 0.0030 741 440 756 489
track-signal-front 0.0029 1237 246 1283 306
track-signal-front 0.0028 1511 331 1581 401
track-signal-front 0.0020 1098 423 1139 475
track-signal-front 0.0016 1593 376 1635 450
track-signal-front 0.0013 712 378 762 438
track-signal-front 0.0011 1500 26 1627 234
track-signal-back 0.0022 1487 2 1553 97
pole 0.2432 883 248 916 582
pole 0.2226 876 236 898 579
pole 0.2016 908 308 926 549
pole 0.1538 899 267 924 582
pole 0.0718 915 327 933 554
pole 0.0690 923 325 948 544
pole 0.0530 935 342 954 547
pole 0.0124 910 364 924 514
pole 0.0120 866 264 925 618
pole 0.0112 941 383 986 524
pole 0.0052 912 358 941 592
pole 0.0047 930 404 964 538
pole 0.0044 864 222 894 557
pole 0.0037 944 316 978 554
pole 0.0029 869 481 892 572
pole 0.0029 970 401 995 510
pole 0.0024 827 288 960 606
pole 0.0020 893 361 925 510
pole 0.0017 727 373 758 529
pole 0.0015 907 413 943 544
pole 0.0015 739 423 757 508
pole 0.0013 886 320 956 580
pole 0.0010 744 302 780 521
