rail 0.9585 1148 505 1480 1074
track-sign-front 0.6311 1750 614 1818 821
track-sign-front 0.0570 1796 589 1841 840
track-sign-front 0.0091 1771 620 1840 896
track-sign-front 0.0056 1436 509 1454 540
track-sign-front 0.0049 1431 509 1449 533
track-sign-front 0.0049 1737 609 1822 972
track-sign-front 0.0025 1727 462 1764 500
track-sign-front 0.0025 1435 498 1457 534
track-sign-front 0.0018 1805 579 1883 857
track-sign-front 0.0016 1724 583 1850 854
track-sign-front 0.0011 1415 480 1448 537
track-sign-front 0.0011 1790 598 1875 996
track-sign-front 0.0010 1439 526 1456 551
track-sign-front 0.0010 1774 629 1821 776
pole 0.0012 1716 624 1877 1047
