guard-rail 0.0011 865 591 962 709
platform 0.6270 867 591 998 695
platform 0.0186 850 561 1034 677
platform 0.0035 865 599 1146 697
platform 0.0014 742 487 1210 904
platform 0.0014 814 589 961 723
platform 0.0014 899 563 986 667
platform 0.0010 879 538 1014 629
rail 0.8947 807 596 1119 1074
rail 0.0019 -78 539 759 1170
rail 0.0016 65 646 611 1056
rail 0.0014 897 533 1899 1065
rail 0.0010 883 617 1366 1073
track-sign-front 0.0515 859 540 878 564
track-sign-front 0.0033 687 636 713 681
track-signal-front 0.4302 865 487 879 518
track-signal-front 0.0683 862 485 880 533
track-signal-front 0.0025 858 484 886 518
