guard-rail 0.8226 638 865 844 1066
guard-rail 0.6044 927 718 976 753
guard-rail 0.3817 1068 716 1085 754
guard-rail 0.2631 1073 717 1092 756
guard-rail 0.2566 448 845 600 940
guard-rail 0.0561 381 845 603 1004
guard-rail 0.0473 693 858 865 997
guard-rail 0.0348 959 699 989 743
guard-rail 0.0283 1083 717 1104 758
guard-rail 0.0207 737 859 861 952
guard-rail 0.0200 478 790 986 1105
guard-rail 0.0166 378 790 711 960
guard-rail 0.0109 1048 715 1075 759
guard-rail 0.0104 963 716 989 758
guard-rail 0.0103 437 730 710 1040
guard-rail 0.0096 298 822 638 1052
guard-rail 0.0090 922 729 972 762
guard-rail 0.0081 1012 662 1082 703
guard-rail 0.0072 892 639 951 682
guard-rail 0.0060 481 804 676 921
guard-rail 0.0053 905 665 940 705
guard-rail 0.0051 881 734 931 767
guard-rail 0.0051 917 636 975 670
guard-rail 0.0047 772 863 854 930
guard-rail 0.0046 523 846 815 1073
guard-rail 0.0045 1023 669 1082 736
guard-rail 0.0035 957 667 1015 708
guard-rail 0.0033 221 772 810 1098
guard-rail 0.0031 863 743 920 776
guard-rail 0.0030 886 652 938 680
guard-rail 0.0030 921 675 978 733
guard-rail 0.0017 1080 700 1115 751
guard-rail 0.0017 885 663 933 710
guard-rail 0.0016 723 734 782 773
guard-rail 0.0016 530 798 684 879
guard-rail 0.0016 399 834 558 958
guard-rail 0.0015 866 611 1040 846
guard-rail 0.0014 851 752 912 792
guard-rail 0.0014 501 842 646 923
guard-rail 0.0014 1065 658 1106 711
guard-rail 0.0013 586 908 791 1087
guard-rail 0.0012 564 781 699 858
guard-rail 0.0010 1056 690 1110 818
guard-rail 0.0010 611 869 763 1031
rail 0.9480 996 590 1240 1075
rail 0.9245 225 593 1040 1081
rail 0.1996 401 737 983 1076
rail 0.0080 917 626 977 659
rail 0.0075 913 606 1029 654
rail 0.0023 896 617 960 653
rail 0.0021 410 867 813 1078
rail 0.0020 573 619 1083 1018
rail 0.0016 916 617 1067 679
rail 0.0014 894 614 1002 666
switch-indicator 0.0028 1090 652 1117 682
switch-indicator 0.0025 896 602 950 657
switch-left 0.0624 1007 653 1073 702
switch-right 0.3470 1005 657 1068 688
switch-right 0.2322 1008 650 1065 677
switch-right 0.0115 903 631 970 662
switch-unknown 0.0273 907 631 972 660
switch-unknown 0.0027 1008 612 1049 649
switch-unknown 0.0026 1016 621 1058 652
switch-unknown 0.0016 935 608 1004 652
switch-unknown 0.0015 893 638 935 666
switch-static 0.0527 1013 654 1080 686
switch-static 0.0398 933 639 980 663
switch-static 0.0365 1067 653 1117 678
switch-static 0.0216 1019 644 1086 673
switch-static 0.0133 1092 655 1117 678
switch-static 0.0114 956 643 991 670
switch-static 0.0048 969 650 1026 684
switch-static 0.0047 957 642 1016 673
track-sign-front 0.3577 1097 592 1112 613
track-sign-front 0.1826 878 591 905 610
track-sign-front 0.0786 892 594 915 612
track-sign-front 0.0603 875 594 889 612
track-sign-front 0.0469 1059 554 1075 579
track-sign-front 0.0291 872 589 897 614
track-sign-front 0.0242 941 539 953 555
track-sign-front 0.0197 883 592 919 618
track-sign-front 0.0188 1259 813 1276 854
track-sign-front 0.0093 1057 578 1089 606
track-sign-front 0.0092 1062 571 1115 617
track-sign-front 0.0077 944 541 958 559
track-sign-front 0.0070 1883 1012 1919 1078
track-sign-front 0.0051 1097 639 1117 680
track-sign-front 0.0040 1090 591 1119 617
track-sign-front 0.0039 1000 576 1014 601
track-sign-front 0.0030 935 538 950 561
track-sign-front 0.0024 940 523 955 568
track-sign-front 0.0015 1156 630 1192 663
track-sign-front 0.0015 1165 591 1186 622
track-sign-front 0.0015 978 578 1021 620
track-sign-front 0.0014 1167 595 1191 643
track-sign-front 0.0010 995 581 1037 614
track-sign-front 0.0010 1094 584 1148 622
track-signal-front 0.0415 1057 556 1073 576
track-signal-front 0.0109 1052 547 1070 569
track-signal-front 0.0065 1050 550 1074 593
track-signal-front 0.0014 1056 538 1089 574
track-signal-front 0.0014 998 560 1025 608
track-signal-front 0.0013 1052 510 1077 571
