rail 0.9428 723 601 1035 1073
rail 0.8886 14 605 878 1076
rail 0.0042 1446 666 1909 1064
rail 0.0021 1270 591 1701 997
rail 0.0020 -5 608 736 882
rail 0.0013 1331 598 1844 839
rail 0.0012 1297 571 1511 967
rail 0.0010 1323 612 1550 780
track-sign-front 0.7422 1084 594 1127 633
track-sign-front 0.7414 1373 641 1428 727
track-sign-front 0.0179 1372 543 1415 654
track-sign-front 0.0163 664 578 676 597
track-sign-front 0.0055 1365 524 1423 691
track-sign-front 0.0039 1084 608 1130 662
track-sign-front 0.0039 1369 769 1413 909
track-sign-front 0.0020 1373 690 1424 794
track-sign-front 0.0015 1061 580 1130 634
track-sign-front 0.0014 1058 524 1155 721
track-sign-front 0.0013 1365 718 1414 776
track-sign-front 0.0013 1363 586 1419 731
track-sign-front 0.0011 1367 615 1439 878
track-signal-front 0.7942 1259 101 1392 296
track-signal-front 0.1866 894 583 909 604
track-signal-front 0.0730 889 583 902 602
track-signal-front 0.0468 125 487 168 544
track-signal-front 0.0238 666 578 679 594
track-signal-front 0.0213 539 581 552 601
track-signal-front 0.0185 854 547 868 569
track-signal-front 0.0137 893 579 915 607
track-signal-front 0.0103 892 575 931 602
track-signal-front 0.0099 280 588 310 619
track-signal-front 0.0077 787 570 802 592
track-signal-front 0.0069 848 546 871 584
track-signal-front 0.0067 1226 554 1244 579
track-signal-front 0.0043 661 571 678 597
track-signal-front 0.0030 1318 102 1405 313
track-signal-front 0.0029 1650 528 1683 579
track-signal-front 0.0024 281 585 353 623
track-signal-front 0.0023 1645 522 1689 629
track-signal-front 0.0021 142 583 169 622
track-signal-front 0.0019 1653 527 1679 560
track-signal-front 0.0018 851 537 909 617
track-signal-front 0.0018 916 566 956 600
track-signal-front 0.0017 1227 552 1257 588
track-signal-front 0.0016 540 576 556 598
track-signal-front 0.0016 873 541 909 596
track-signal-front 0.0013 890 586 911 622
track-signal-front 0.0011 95 475 172 541
track-signal-front 0.0010 850 534 867 557
track-signal-front 0.0010 1215 554 1243 587
track-signal-front 0.0010 103 491 173 571
pole 0.0051 1346 85 1437 945
pole 0.0011 1291 8 1457 835
