guard-rail 0.0017 434 966 594 1069
guard-rail 0.0016 491 990 564 1069
platform 0.7286 1036 741 1861 1076
platform 0.0026 1055 736 1491 965
platform 0.0017 1237 794 1674 1063
rail 0.9179 238 747 973 1076
rail 0.9085 880 746 1069 1076
rail 0.6998 1117 759 1922 1032
rail 0.2661 1241 786 1929 941
rail 0.0151 1448 814 1920 981
rail 0.0143 1083 743 1654 956
rail 0.0074 458 986 570 1073
rail 0.0072 1584 862 1919 1041
rail 0.0059 1132 730 1495 914
rail 0.0053 1568 821 1915 915
rail 0.0043 1660 849 1920 943
rail 0.0032 1366 855 1864 1085
rail 0.0031 1797 829 1920 890
rail 0.0025 1148 773 1785 882
rail 0.0025 1767 838 1922 934
rail 0.0021 1274 775 1432 905
rail 0.0020 1524 881 1796 1069
rail 0.0018 1108 671 1331 881
rail 0.0017 1667 878 1920 996
rail 0.0016 333 981 567 1082
rail 0.0015 433 1014 558 1079
rail 0.0013 199 873 706 1072
rail 0.0013 1239 131 1775 1045
rail 0.0013 1625 933 1915 1085
rail 0.0012 1847 837 1920 945
rail 0.0012 1836 819 1923 871
rail 0.0011 1197 760 1405 872
rail 0.0010 1594 692 1904 944
track-sign-front 0.0770 897 734 906 749
track-sign-front 0.0223 638 778 664 804
track-sign-front 0.0216 751 780 768 808
track-sign-front 0.0092 750 753 767 806
track-sign-front 0.0082 907 703 937 789
track-sign-front 0.0059 971 713 989 764
track-sign-front 0.0052 889 733 902 752
track-sign-front 0.0051 1218 666 1243 786
track-sign-front 0.0050 642 784 666 812
track-sign-front 0.0047 894 734 909 773
track-sign-front 0.0046 749 746 765 772
track-sign-front 0.0044 895 732 909 756
track-sign-front 0.0014 1548 731 1579 799
track-sign-front 0.0010 1552 712 1590 788
track-signal-front 0.0071 1006 696 1031 742
track-signal-front 0.0040 1572 698 1600 738
track-signal-front 0.0019 1056 670 1076 749
track-signal-front 0.0016 1009 675 1059 761
track-signal-back 0.2687 356 316 454 447
track-signal-back 0.0014 333 269 479 468
pole 0.5055 927 572 947 808
pole 0.2354 1212 545 1246 901
pole 0.2179 1633 54 1717 1071
pole 0.1434 1148 704 1163 814
pole 0.0981 1104 681 1121 791
pole 0.0971 1219 541 1238 863
pole 0.0779 1148 631 1166 810
pole 0.0531 1204 659 1235 882
pole 0.0440 1129 675 1166 812
pole 0.0328 901 583 930 802
pole 0.0282 1086 680 1118 783
pole 0.0260 1568 -40 1726 1083
pole 0.0210 966 657 985 783
pole 0.0201 1790 483 1824 901
pole 0.0196 1107 702 1127 806
pole 0.0189 1226 527 1258 862
pole 0.0153 1265 766 1285 922
pole 0.0153 1593 381 1721 1094
pole 0.0152 763 491 783 809
pole 0.0143 1655 206 1715 911
pole 0.0139 912 578 945 812
pole 0.0139 970 702 985 779
pole 0.0133 1166 625 1231 874
pole 0.0132 1212 724 1247 914
pole 0.0132 938 591 985 797
pole 0.0131 931 625 948 772
pole 0.0124 1137 725 1164 836
pole 0.0118 1602 716 1696 1065
pole 0.0116 1201 554 1269 935
pole 0.0096 1063 699 1080 767
pole 0.0090 1678 878 1710 1084
pole 0.0090 1336 575 1395 861
pole 0.0083 1202 745 1232 933
pole 0.0080 971 735 984 777
pole 0.0071 1245 757 1287 932
pole 0.0065 928 710 947 804
pole 0.0065 1484 757 1838 933
pole 0.0065 1209 644 1295 971
pole 0.0063 1214 702 1242 846
pole 0.0061 919 586 967 808
pole 0.0061 973 638 1003 766
pole 0.0061 1585 773 1654 1014
pole 0.0058 1154 640 1167 778
pole 0.0052 895 704 910 772
pole 0.0051 1534 614 1765 1034
pole 0.0050 928 612 942 761
pole 0.0050 1603 798 1645 1071
pole 0.0049 1199 747 1263 936
pole 0.0042 1655 723 1732 1001
pole 0.0040 914 654 935 841
pole 0.0039 1168 558 1204 847
pole 0.0037 1261 589 1300 864
pole 0.0036 354 366 450 1043
pole 0.0035 1187 733 1243 903
pole 0.0035 1269 682 1297 855
pole 0.0035 1140 705 1173 815
pole 0.0034 1577 468 1667 1024
pole 0.0033 1225 514 1245 805
pole 0.0033 1263 584 1380 933
pole 0.0033 1673 778 1710 1047
pole 0.0033 923 642 944 790
pole 0.0033 1462 269 1670 1041
pole 0.0030 1158 700 1217 832
pole 0.0029 1226 655 1268 876
pole 0.0029 1641 70 1790 1063
pole 0.0029 1780 483 1814 815
pole 0.0027 902 626 924 768
pole 0.0023 1145 578 1255 869
pole 0.0023 1216 657 1239 794
pole 0.0021 1528 364 1597 946
pole 0.0021 1781 488 1846 911
pole 0.0021 1192 518 1387 906
pole 0.0021 1257 808 1282 923
pole 0.0021 1120 618 1151 798
pole 0.0020 1093 659 1129 793
pole 0.0020 1317 730 1398 907
pole 0.0020 1332 672 1378 868
pole 0.0018 1870 728 1896 860
pole 0.0017 933 592 945 731
pole 0.0016 1145 610 1177 810
pole 0.0016 1154 558 1171 810
pole 0.0014 1379 583 1416 808
pole 0.0013 1110 735 1133 825
pole 0.0012 970 740 999 783
pole 0.0012 1437 32 1782 1108
pole 0.0010 1223 611 1240 756
pole 0.0010 1083 708 1125 802
pole 0.0010 925 663 956 817
pole 0.0010 1272 445 1491 938
pole 0.0010 1289 775 1443 925
pole 0.0010 1549 197 1688 832
rail-occluder 0.3233 1511 829 1530 865
rail-occluder 0.0270 1147 730 1163 829
rail-occluder 0.0098 1670 842 1709 1081
rail-occluder 0.0081 1512 832 1541 879
rail-occluder 0.0079 1265 750 1288 894
rail-occluder 0.0068 1505 833 1533 872
rail-occluder 0.0064 1596 772 1707 1101
rail-occluder 0.0058 1642 862 1735 1063
rail-occluder 0.0056 1585 808 1658 1048
rail-occluder 0.0048 1652 760 1738 1029
rail-occluder 0.0043 1180 789 1206 833
rail-occluder 0.0042 1169 738 1211 851
rail-occluder 0.0039 1511 810 1553 896
rail-occluder 0.0035 1241 744 1313 902
rail-occluder 0.0033 1512 819 1534 858
rail-occluder 0.0028 1135 729 1179 833
rail-occluder 0.0026 1164 691 1358 932
rail-occluder 0.0024 1231 716 1266 875
rail-occluder 0.0022 1232 779 1280 852
rail-occluder 0.0021 1607 782 1645 1003
rail-occluder 0.0021 1250 706 1392 930
rail-occluder 0.0021 1151 770 1185 840
rail-occluder 0.0019 1501 806 1596 914
rail-occluder 0.0018 1679 916 1708 1051
rail-occluder 0.0016 1511 863 1809 1082
rail-occluder 0.0016 1678 882 1726 1082
rail-occluder 0.0016 1448 822 1605 971
rail-occluder 0.0015 1312 781 1367 850
rail-occluder 0.0014 1321 781 1384 898
rail-occluder 0.0012 1621 889 1784 1076
rail-occluder 0.0011 1208 722 1290 873
rail-occluder 0.0011 1892 968 1920 1061
rail-occluder 0.0011 1243 702 1321 838
rail-occluder 0.0011 1229 795 1325 935
rail-occluder 0.0011 1307 797 1365 883
rail-occluder 0.0010 1314 726 1365 862
