rail 0.8582 0 657 768 1078
rail 0.0138 230 778 791 1072
rail 0.0033 380 876 812 1078
rail 0.0026 128 711 1252 1076
rail 0.0021 328 823 1046 1079
rail 0.0016 2 664 57 1046
rail 0.0010 362 809 653 1069
rail 0.0010 185 494 1637 1082
switch-static 0.0010 408 784 470 819
track-sign-front 0.5038 976 625 1028 681
track-sign-front 0.0128 62 703 95 737
track-sign-front 0.0073 982 634 1037 705
track-sign-front 0.0057 60 704 100 758
track-sign-front 0.0044 1827 558 1919 650
track-sign-front 0.0042 87 755 138 819
track-sign-front 0.0037 959 605 1044 722
track-sign-front 0.0033 978 609 1032 658
track-sign-front 0.0033 66 691 127 756
track-sign-front 0.0028 1843 464 1923 659
track-sign-front 0.0026 1006 627 1073 691
track-sign-front 0.0019 1802 566 1919 738
track-sign-front 0.0014 980 597 1018 633
track-sign-front 0.0012 1777 562 1916 864
track-sign-front 0.0011 104 775 152 854
track-sign-front 0.0010 109 809 153 856
track-signal-front 0.0195 1863 338 1921 589
track-signal-front 0.0020 1871 440 1923 563
track-signal-front 0.0010 1819 347 1923 656
track-signal-back 0.0089 1864 319 1921 583
pole 0.2280 63 115 130 924
pole 0.1490 46 -94 114 941
pole 0.0215 25 -35 161 1017
pole 0.0145 53 126 103 818
pole 0.0128 30 62 87 968
pole 0.0053 77 334 143 966
pole 0.0042 74 91 189 948
pole 0.0033 27 335 129 1076
pole 0.0023 38 513 118 906
pole 0.0016 19 417 76 898
rail-occluder 0.0058 91 716 131 774
rail-occluder 0.0052 102 723 136 821
rail-occluder 0.0035 69 696 123 753
rail-occluder 0.0033 78 733 150 825
rail-occluder 0.0017 75 556 142 891
rail-occluder 0.0016 53 677 126 820
rail-occluder 0.0016 38 729 139 868
rail-occluder 0.0013 95 605 130 800
rail-occluder 0.0012 103 680 137 770
rail-occluder 0.0011 93 752 204 827
rail-occluder 0.0010 24 702 185 879
