rail 0.9499 946 583 1222 1075
rail 0.9488 1069 576 1911 1070
rail 0.9139 1 587 1070 1080
rail 0.4631 8 604 954 883
rail 0.1037 0 611 694 740
rail 0.0490 8 630 427 707
rail 0.0307 -1 639 373 760
rail 0.0242 -13 644 264 702
rail 0.0137 -8 651 174 692
rail 0.0123 0 661 418 821
rail 0.0099 8 600 616 689
rail 0.0093 -4 638 129 708
rail 0.0089 -2 653 84 692
rail 0.0086 -3 658 217 719
rail 0.0075 -9 679 254 797
rail 0.0067 -1 656 144 769
rail 0.0059 18 576 1020 763
rail 0.0047 -3 661 79 730
rail 0.0047 -2 689 72 768
rail 0.0043 30 638 304 681
rail 0.0036 -3 717 417 874
rail 0.0035 -4 747 248 861
rail 0.0026 1 687 167 842
rail 0.0026 31 712 83 765
rail 0.0022 -2 630 71 684
rail 0.0019 -3 614 76 820
rail 0.0017 -3 723 125 879
rail 0.0017 1043 581 1095 605
rail 0.0016 177 594 714 670
rail 0.0014 13 731 289 814
rail 0.0013 10 718 74 801
rail 0.0012 884 579 1100 624
rail 0.0012 139 623 760 831
rail 0.0011 -7 644 42 695
rail 0.0011 1063 582 1116 604
rail 0.0011 10 682 632 885
rail 0.0010 -3 725 295 951
rail 0.0010 0 774 80 919
switch-indicator 0.0595 1088 655 1108 673
switch-indicator 0.0060 1082 654 1114 677
switch-unknown 0.1136 1054 595 1094 615
switch-unknown 0.0028 1041 569 1091 612
switch-unknown 0.0024 1064 575 1114 607
switch-unknown 0.0023 1029 585 1087 619
switch-unknown 0.0021 1030 599 1083 623
switch-static 0.0442 1088 659 1108 676
switch-static 0.0095 1090 651 1115 668
switch-static 0.0012 341 789 390 812
track-sign-front 0.0440 1088 655 1109 674
track-sign-front 0.0216 1140 549 1169 606
track-sign-front 0.0184 1174 567 1205 601
track-sign-front 0.0160 1143 567 1164 603
track-sign-front 0.0101 0 572 17 676
track-sign-front 0.0076 1139 576 1159 606
track-sign-front 0.0062 16 713 73 776
track-sign-front 0.0053 1174 527 1197 578
track-sign-front 0.0050 8 787 44 907
track-sign-front 0.0048 0 685 19 750
track-sign-front 0.0045 1138 518 1173 601
track-sign-front 0.0030 -2 538 18 620
track-sign-front 0.0030 1 707 20 766
track-sign-front 0.0029 -4 574 48 677
track-sign-front 0.0029 -1 639 26 697
track-sign-front 0.0026 -2 561 24 655
track-sign-front 0.0025 -5 622 70 686
track-sign-front 0.0017 -3 605 29 685
track-sign-front 0.0016 499 516 520 600
track-sign-front 0.0015 1133 476 1165 583
track-sign-front 0.0013 498 465 520 650
track-sign-front 0.0013 7 838 57 932
track-sign-front 0.0012 -1 672 29 732
track-sign-front 0.0011 543 630 571 655
track-sign-front 0.0011 1179 529 1206 568
track-sign-front 0.0010 1091 540 1136 608
track-signal-front 0.1399 0 138 32 286
track-signal-front 0.0190 0 173 38 349
track-signal-front 0.0174 0 142 29 219
track-signal-front 0.0047 1176 528 1194 558
track-signal-front 0.0035 5 230 39 329
track-signal-front 0.0021 0 137 57 327
track-signal-front 0.0020 0 224 32 394
track-signal-front 0.0016 1 287 27 390
track-signal-front 0.0010 0 128 26 183
track-signal-front 0.0010 1 400 22 455
track-signal-back 0.0018 2 323 26 398
pole 0.4303 0 160 65 944
pole 0.2310 980 475 992 613
pole 0.0972 1043 495 1053 598
pole 0.0938 485 254 518 669
pole 0.0702 1110 427 1130 608
pole 0.0524 1116 407 1149 617
pole 0.0269 792 417 808 629
pole 0.0191 -7 80 114 975
pole 0.0121 1128 388 1154 599
pole 0.0102 974 468 997 619
pole 0.0084 1121 449 1160 635
pole 0.0069 1041 527 1058 601
pole 0.0031 2 598 117 740
pole 0.0031 454 543 467 649
pole 0.0030 1099 468 1119 595
pole 0.0026 977 485 1015 623
pole 0.0026 -2 552 73 871
pole 0.0026 -1 701 58 928
pole 0.0024 985 479 1041 613
pole 0.0024 1100 406 1166 626
pole 0.0024 1140 512 1169 608
pole 0.0019 1297 228 1344 648
pole 0.0018 -1 429 124 917
pole 0.0017 795 415 822 637
pole 0.0016 495 299 535 714
pole 0.0016 444 514 464 639
pole 0.0016 910 530 940 617
pole 0.0015 1103 456 1137 624
pole 0.0014 498 407 522 666
pole 0.0013 933 483 966 613
pole 0.0013 1083 489 1122 602
pole 0.0011 783 391 816 605
pole 0.0011 0 299 40 436
pole 0.0011 37 300 132 828
pole 0.0011 922 534 954 614
pole 0.0010 466 307 509 702
rail-occluder 0.0437 151 649 165 681
rail-occluder 0.0205 37 719 71 777
rail-occluder 0.0074 7 706 81 787
rail-occluder 0.0063 244 639 265 685
rail-occluder 0.0060 152 641 178 673
rail-occluder 0.0047 33 714 97 780
rail-occluder 0.0036 145 658 170 704
rail-occluder 0.0035 119 648 166 687
rail-occluder 0.0029 16 723 134 797
rail-occluder 0.0026 1077 583 1118 612
rail-occluder 0.0026 11 653 101 688
rail-occluder 0.0025 0 678 96 819
rail-occluder 0.0021 1138 537 1173 609
rail-occluder 0.0018 -1 713 118 887
rail-occluder 0.0018 200 640 310 690
rail-occluder 0.0017 240 634 282 672
rail-occluder 0.0017 0 768 50 934
rail-occluder 0.0017 97 650 188 688
rail-occluder 0.0016 0 591 76 915
rail-occluder 0.0016 1154 554 1190 609
rail-occluder 0.0015 243 641 286 697
rail-occluder 0.0015 1138 573 1160 607
rail-occluder 0.0013 246 654 265 727
rail-occluder 0.0011 0 736 34 906
rail-occluder 0.0010 372 618 418 680
rail-occluder 0.0010 611 634 651 657
