crossing 0.0084 993 564 1048 584
crossing 0.0037 963 559 1037 582
crossing 0.0026 906 556 973 581
crossing 0.0022 903 559 944 579
crossing 0.0020 937 553 1007 580
crossing 0.0020 998 565 1068 592
crossing 0.0011 877 558 938 582
rail 0.9508 777 541 1090 1074
rail 0.9182 969 552 1913 1075
rail 0.9141 12 563 902 1073
rail 0.0024 0 675 293 840
rail 0.0014 3 655 459 904
rail 0.0014 1140 618 1682 1064
rail 0.0011 1 696 211 790
rail 0.0010 15 587 639 841
track-sign-front 0.0363 727 537 743 573
track-sign-front 0.0020 719 537 748 581
track-sign-front 0.0015 720 543 761 592
track-signal-front 0.1759 836 480 851 517
track-signal-front 0.0504 927 481 949 520
track-signal-front 0.0109 837 491 852 532
track-signal-front 0.0090 866 508 891 528
track-signal-front 0.0062 845 494 895 534
track-signal-front 0.0032 930 480 972 527
track-signal-front 0.0030 871 509 903 531
track-signal-front 0.0010 876 493 917 535
track-signal-back 0.1233 925 482 950 525
track-signal-back 0.0887 835 480 851 516
track-signal-back 0.0027 836 492 853 532
track-signal-back 0.0011 846 475 910 538
pole 0.0018 505 45 594 799
pole 0.0012 544 406 589 616
pole 0.0010 451 28 626 944
