guard-rail 0.0024 776 694 826 725
guard-rail 0.0016 170 942 372 1076
guard-rail 0.0015 1069 676 1146 708
guard-rail 0.0010 761 702 811 732
rail 0.9513 706 651 979 1078
rail 0.9450 149 652 876 1076
rail 0.9238 1035 656 1915 1079
rail 0.7144 16 679 689 929
rail 0.6889 1085 656 1910 863
rail 0.2103 1266 665 1924 799
rail 0.0798 22 644 434 847
rail 0.0505 157 641 559 818
rail 0.0382 34 728 312 867
rail 0.0318 1 694 325 762
rail 0.0245 802 661 870 697
rail 0.0131 7 707 353 806
rail 0.0111 1083 645 1154 682
rail 0.0086 27 717 503 1051
rail 0.0068 1133 656 1819 754
rail 0.0060 -10 710 170 770
rail 0.0055 266 619 484 807
rail 0.0055 833 658 905 691
rail 0.0046 1056 650 1130 693
rail 0.0044 326 672 697 746
rail 0.0043 -5 574 83 857
rail 0.0040 0 722 169 876
rail 0.0038 0 782 162 937
rail 0.0037 99 744 270 833
rail 0.0036 -41 694 196 755
rail 0.0035 -7 673 117 827
rail 0.0035 224 805 410 1029
rail 0.0034 1169 565 1809 777
rail 0.0034 186 658 322 840
rail 0.0032 845 668 909 699
rail 0.0032 772 668 849 715
rail 0.0030 0 780 163 857
rail 0.0030 791 651 893 709
rail 0.0027 1570 703 1929 827
rail 0.0027 -5 729 169 797
rail 0.0026 756 656 866 702
rail 0.0025 0 762 165 820
rail 0.0024 1097 640 1175 677
rail 0.0022 248 719 623 877
rail 0.0021 826 654 879 679
rail 0.0019 459 705 599 748
rail 0.0019 1036 648 1086 705
rail 0.0018 1059 668 1160 717
rail 0.0015 -10 680 275 738
rail 0.0015 140 860 388 987
rail 0.0015 1357 696 1925 905
rail 0.0015 279 685 732 778
rail 0.0014 19 525 485 922
rail 0.0014 399 726 608 1013
rail 0.0014 -15 664 267 788
rail 0.0014 164 680 734 844
rail 0.0014 1051 672 1127 708
rail 0.0013 1243 703 1682 866
rail 0.0013 -8 659 357 961
rail 0.0013 1807 758 1917 807
rail 0.0012 1 699 61 787
rail 0.0012 -2 656 178 949
rail 0.0011 786 634 873 678
rail 0.0011 443 618 613 753
rail 0.0010 492 623 768 747
rail 0.0010 707 633 845 695
switch-right 0.0036 876 672 911 693
switch-unknown 0.0317 838 661 904 686
switch-unknown 0.0298 828 664 872 687
switch-unknown 0.0181 872 665 909 687
switch-unknown 0.0083 1053 676 1094 698
switch-unknown 0.0065 797 667 860 707
switch-unknown 0.0048 830 649 874 680
switch-unknown 0.0048 1056 677 1119 703
switch-unknown 0.0038 850 668 910 697
switch-unknown 0.0033 1060 649 1127 693
switch-unknown 0.0031 783 674 840 713
switch-unknown 0.0023 1039 655 1083 697
switch-unknown 0.0019 847 635 907 684
switch-unknown 0.0012 871 634 920 680
switch-unknown 0.0010 799 615 860 686
switch-static 0.0482 994 734 1058 755
switch-static 0.0217 989 737 1031 756
switch-static 0.0142 279 918 346 956
switch-static 0.0136 1025 729 1064 748
switch-static 0.0095 273 866 360 958
switch-static 0.0067 934 707 964 724
switch-static 0.0034 263 909 366 982
switch-static 0.0020 304 914 360 955
switch-static 0.0019 1014 736 1065 762
switch-static 0.0014 934 704 983 730
switch-static 0.0013 925 690 966 727
switch-static 0.0012 693 720 728 741
track-sign-front 0.2426 223 898 258 923
track-sign-front 0.1085 367 671 381 713
track-sign-front 0.0991 0 681 8 717
track-sign-front 0.0970 366 661 381 777
track-sign-front 0.0963 1135 780 1163 801
track-sign-front 0.0669 0 798 16 900
track-sign-front 0.0422 -1 671 10 727
track-sign-front 0.0328 368 721 380 768
track-sign-front 0.0255 0 662 13 748
track-sign-front 0.0181 215 882 259 928
track-sign-front 0.0099 660 624 695 712
track-sign-front 0.0084 365 625 384 723
track-sign-front 0.0061 3 682 47 743
track-sign-front 0.0060 514 711 542 746
track-sign-front 0.0042 341 618 369 684
track-sign-front 0.0041 1651 675 1682 703
track-sign-front 0.0040 3 616 38 785
track-sign-front 0.0032 348 596 388 706
track-sign-front 0.0030 -1 756 14 834
track-sign-front 0.0027 333 630 381 749
track-sign-front 0.0025 -2 738 15 799
track-sign-front 0.0015 1136 783 1163 819
track-sign-front 0.0012 223 889 289 930
track-sign-front 0.0012 360 631 389 761
track-sign-front 0.0012 -4 704 22 787
track-signal-front 0.2225 344 508 375 593
track-signal-front 0.0126 339 526 374 698
track-signal-front 0.0074 339 573 373 654
track-signal-back 0.4340 344 508 378 624
track-signal-back 0.1619 345 510 376 571
track-signal-back 0.0243 0 457 13 543
track-signal-back 0.0079 990 479 1005 507
track-signal-back 0.0046 990 476 1033 521
track-signal-back 0.0045 1029 506 1055 547
track-signal-back 0.0044 1027 479 1054 529
track-signal-back 0.0034 1030 475 1051 511
track-signal-back 0.0029 953 546 980 593
track-signal-back 0.0021 342 567 383 675
track-signal-back 0.0020 347 528 404 613
track-signal-back 0.0019 307 506 396 637
track-signal-back 0.0017 1021 516 1057 578
track-signal-back 0.0015 951 546 969 605
track-signal-back 0.0014 982 539 1010 606
track-signal-back 0.0013 327 491 369 581
track-signal-back 0.0012 1274 544 1294 582
track-signal-back 0.0012 343 507 369 540
track-signal-back 0.0011 996 471 1039 506
track-signal-back 0.0011 952 535 969 581
track-signal-back 0.0010 1005 498 1052 552
pole 0.4923 579 480 600 742
pole 0.3797 697 577 746 714
pole 0.3497 219 541 305 883
pole 0.2777 632 590 644 711
pole 0.2654 520 556 537 741
pole 0.2412 1 443 39 948
pole 0.2359 1232 573 1287 698
pole 0.2242 1441 531 1462 734
pole 0.1715 556 485 602 752
pole 0.1660 1025 482 1055 734
pole 0.1311 256 450 311 856
pole 0.1246 349 506 391 809
pole 0.1028 630 554 646 725
pole 0.0948 364 644 381 786
pole 0.0917 158 630 380 845
pole 0.0889 511 488 539 746
pole 0.0774 765 583 777 690
pole 0.0649 1201 586 1213 690
pole 0.0618 443 590 454 715
pole 0.0542 0 456 15 763
pole 0.0532 247 740 297 928
pole 0.0459 1006 500 1048 739
pole 0.0456 1036 523 1061 720
pole 0.0421 222 576 286 783
pole 0.0406 278 447 303 769
pole 0.0396 740 582 775 703
pole 0.0347 339 534 373 766
pole 0.0329 515 538 559 751
pole 0.0309 364 576 385 767
pole 0.0285 1160 572 1171 684
pole 0.0257 1437 577 1457 717
pole 0.0240 272 525 307 818
pole 0.0228 339 511 387 651
pole 0.0225 667 579 716 718
pole 0.0210 8 436 64 898
pole 0.0200 661 604 695 729
pole 0.0195 0 426 26 841
pole 0.0189 1434 448 1464 736
pole 0.0172 584 562 611 756
pole 0.0171 1189 585 1217 689
pole 0.0167 584 592 598 738
pole 0.0165 518 630 532 741
pole 0.0157 632 600 680 725
pole 0.0154 1262 565 1293 690
pole 0.0149 55 589 71 762
pole 0.0143 -1 561 11 804
pole 0.0135 694 510 728 721
pole 0.0134 586 497 644 749
pole 0.0122 215 752 288 956
pole 0.0118 993 463 1025 737
pole 0.0103 1165 566 1203 689
pole 0.0100 -1 715 29 923
pole 0.0084 618 492 644 728
pole 0.0082 1427 519 1478 732
pole 0.0079 337 619 371 735
pole 0.0078 216 424 278 842
pole 0.0077 276 605 474 830
pole 0.0075 138 780 168 1019
pole 0.0068 303 566 349 815
pole 0.0065 200 451 327 847
pole 0.0064 623 588 656 714
pole 0.0058 1026 529 1071 763
pole 0.0056 436 602 453 789
pole 0.0050 342 615 383 805
pole 0.0049 320 661 394 854
pole 0.0049 632 578 651 692
pole 0.0049 255 801 286 926
pole 0.0047 1142 593 1178 681
pole 0.0047 0 607 24 881
pole 0.0045 436 650 453 736
pole 0.0043 581 538 597 689
pole 0.0041 270 616 316 883
pole 0.0039 474 629 566 774
pole 0.0034 1445 603 1470 722
pole 0.0034 344 666 430 846
pole 0.0033 520 541 533 678
pole 0.0031 1270 590 1303 698
pole 0.0031 349 644 400 790
pole 0.0031 778 577 804 688
pole 0.0031 496 490 552 750
pole 0.0030 -1 669 17 867
pole 0.0030 442 536 457 728
pole 0.0027 581 665 599 749
pole 0.0027 1200 599 1281 713
pole 0.0027 1029 538 1056 679
pole 0.0027 221 604 260 746
pole 0.0027 42 480 73 774
pole 0.0027 580 643 613 751
pole 0.0025 -2 504 118 893
pole 0.0023 983 507 1010 637
pole 0.0023 12 531 51 817
pole 0.0023 230 458 392 822
pole 0.0022 1074 610 1121 685
pole 0.0022 1174 588 1245 694
pole 0.0021 759 617 790 703
pole 0.0020 237 602 301 748
pole 0.0019 1405 543 1503 734
pole 0.0019 1259 605 1288 706
pole 0.0018 0 558 13 697
pole 0.0018 543 577 653 749
pole 0.0017 1220 553 1274 683
pole 0.0016 1094 592 1128 674
pole 0.0016 766 536 787 690
pole 0.0016 1068 575 1108 688
pole 0.0016 274 607 309 747
pole 0.0016 1197 559 1313 697
pole 0.0016 430 585 469 751
pole 0.0015 -3 615 57 1008
pole 0.0015 299 474 356 767
pole 0.0015 659 543 766 722
pole 0.0015 1017 504 1094 796
pole 0.0014 745 585 799 695
pole 0.0013 951 503 981 695
pole 0.0013 943 514 970 693
pole 0.0013 726 625 858 714
pole 0.0013 303 640 350 744
pole 0.0013 1023 517 1056 580
pole 0.0012 1727 131 1881 903
pole 0.0012 683 615 760 736
pole 0.0012 963 472 1038 706
pole 0.0012 142 835 165 970
pole 0.0012 54 533 85 765
pole 0.0011 616 568 701 749
pole 0.0011 1015 460 1072 710
pole 0.0011 722 609 779 709
pole 0.0011 222 452 255 757
pole 0.0011 981 522 1034 758
pole 0.0011 1680 49 1821 804
pole 0.0010 358 520 399 736
pole 0.0010 680 509 717 701
pole 0.0010 318 643 704 777
pole 0.0010 -1 443 23 583
rail-occluder 0.6927 147 750 220 951
rail-occluder 0.3520 248 740 303 861
rail-occluder 0.2896 1808 752 1829 788
rail-occluder 0.1087 236 598 307 942
rail-occluder 0.0660 309 860 345 922
rail-occluder 0.0647 139 770 170 983
rail-occluder 0.0612 220 737 301 905
rail-occluder 0.0564 -1 804 16 908
rail-occluder 0.0546 367 730 380 777
rail-occluder 0.0497 258 674 313 865
rail-occluder 0.0483 189 561 285 918
rail-occluder 0.0419 258 750 347 914
rail-occluder 0.0272 666 658 689 743
rail-occluder 0.0266 365 707 381 783
rail-occluder 0.0265 228 743 301 818
rail-occluder 0.0210 214 745 254 858
rail-occluder 0.0209 183 744 258 903
rail-occluder 0.0182 301 763 339 927
rail-occluder 0.0158 513 723 540 745
rail-occluder 0.0144 296 745 323 842
rail-occluder 0.0129 219 749 250 803
rail-occluder 0.0129 223 836 414 959
rail-occluder 0.0126 440 729 464 752
rail-occluder 0.0125 86 738 262 989
rail-occluder 0.0112 632 645 643 724
rail-occluder 0.0098 131 729 505 1057
rail-occluder 0.0094 -2 801 24 951
rail-occluder 0.0078 669 618 709 736
rail-occluder 0.0075 69 715 267 837
rail-occluder 0.0074 1803 748 1836 801
rail-occluder 0.0063 249 778 292 941
rail-occluder 0.0061 100 774 187 1009
rail-occluder 0.0059 261 787 393 992
rail-occluder 0.0056 214 618 258 886
rail-occluder 0.0053 220 896 257 942
rail-occluder 0.0050 151 742 218 834
rail-occluder 0.0046 267 743 421 919
rail-occluder 0.0039 501 720 557 747
rail-occluder 0.0038 433 694 456 754
rail-occluder 0.0038 1234 599 1284 707
rail-occluder 0.0035 -1 803 146 977
rail-occluder 0.0034 416 743 475 840
rail-occluder 0.0034 428 731 470 808
rail-occluder 0.0031 117 746 275 827
rail-occluder 0.0031 297 715 500 892
rail-occluder 0.0029 436 726 478 753
rail-occluder 0.0029 -1 797 34 888
rail-occluder 0.0028 649 664 694 740
rail-occluder 0.0026 41 671 77 761
rail-occluder 0.0025 283 854 343 924
rail-occluder 0.0025 273 860 348 964
rail-occluder 0.0024 480 711 571 746
rail-occluder 0.0024 350 716 380 775
rail-occluder 0.0023 -1 720 16 872
rail-occluder 0.0022 259 824 288 932
rail-occluder 0.0022 -2 781 20 881
rail-occluder 0.0021 7 703 103 779
rail-occluder 0.0020 137 667 334 841
rail-occluder 0.0020 242 739 384 813
rail-occluder 0.0020 4 649 57 833
rail-occluder 0.0018 371 738 498 855
rail-occluder 0.0018 1774 743 1853 798
rail-occluder 0.0017 14 804 220 1063
rail-occluder 0.0017 679 708 719 741
rail-occluder 0.0017 308 837 358 917
rail-occluder 0.0016 326 724 389 804
rail-occluder 0.0016 0 807 42 1063
rail-occluder 0.0015 173 792 220 1013
rail-occluder 0.0015 144 758 208 877
rail-occluder 0.0015 245 790 328 939
rail-occluder 0.0014 362 698 388 871
rail-occluder 0.0013 221 791 285 929
rail-occluder 0.0013 630 685 657 740
rail-occluder 0.0012 134 819 163 958
rail-occluder 0.0012 1800 752 1906 796
rail-occluder 0.0012 0 708 59 773
rail-occluder 0.0012 380 701 508 752
rail-occluder 0.0012 180 836 266 1017
rail-occluder 0.0012 397 706 507 806
rail-occluder 0.0012 312 792 360 890
rail-occluder 0.0011 47 854 125 1019
rail-occluder 0.0011 -1 847 17 963
rail-occluder 0.0011 76 821 363 1033
rail-occluder 0.0011 40 714 111 764
rail-occluder 0.0011 363 734 382 832
rail-occluder 0.0010 618 668 716 744
rail-occluder 0.0010 436 710 490 751
rail-occluder 0.0010 1179 643 1215 693
