train-car 0.7632 1175 -22 1917 1086
train-car 0.0016 1209 310 1912 714
platform 0.0010 391 505 1058 1072
rail 0.9374 891 515 1212 1076
rail 0.1326 1037 507 1104 539
rail 0.0808 1035 508 1101 579
rail 0.0133 1042 528 1094 599
rail 0.0048 1044 519 1131 604
rail 0.0040 1039 497 1117 530
rail 0.0031 1024 474 1105 597
rail 0.0028 1024 492 1089 535
rail 0.0028 657 534 1027 1061
rail 0.0027 1027 479 1110 542
rail 0.0015 986 500 1107 622
rail 0.0013 768 518 1093 807
track-sign-front 0.0022 956 474 976 495
track-sign-front 0.0010 1007 453 1031 513
car 0.0029 3 561 278 880
