rail 0.8699 793 524 1166 1076
rail 0.0013 856 504 1449 1075
track-sign-front 0.5774 1194 462 1215 539
track-sign-front 0.4308 1193 511 1213 677
track-sign-front 0.0892 1015 484 1029 502
track-sign-front 0.0537 1189 454 1219 515
track-sign-front 0.0182 1195 585 1212 676
track-sign-front 0.0155 1116 451 1128 485
track-sign-front 0.0128 1196 476 1234 678
track-sign-front 0.0122 1188 451 1214 484
track-sign-front 0.0107 1016 477 1032 497
track-sign-front 0.0079 1188 457 1218 665
track-sign-front 0.0066 1191 461 1236 541
track-sign-front 0.0018 1114 420 1128 503
track-sign-front 0.0017 1170 453 1228 556
track-sign-front 0.0016 996 485 1025 509
track-sign-front 0.0015 642 673 669 747
track-sign-front 0.0015 1162 510 1230 680
track-sign-front 0.0014 1001 479 1024 500
track-sign-front 0.0012 1114 455 1130 544
track-sign-front 0.0010 1008 483 1036 508
pole 0.0069 1113 329 1127 549
