train-car 0.0029 9 546 676 827
platform 0.0010 1012 624 1314 686
rail 0.9536 724 626 1026 1076
rail 0.9221 1003 628 1922 1071
rail 0.0217 1217 675 1910 902
rail 0.0052 -2 878 469 1073
rail 0.0027 1405 666 1587 924
rail 0.0026 0 933 276 1078
rail 0.0020 311 858 528 1050
rail 0.0020 1353 637 1520 989
rail 0.0018 1073 632 1678 804
rail 0.0018 181 810 540 1037
rail 0.0016 1396 628 1927 781
rail 0.0015 -2 744 42 845
rail 0.0015 94 755 617 1067
rail 0.0013 1391 707 1648 1061
rail 0.0013 -4 937 161 1061
rail 0.0012 -1 767 286 1061
rail 0.0010 -6 864 187 1082
rail 0.0010 3 608 663 883
switch-indicator 0.0019 332 873 469 988
switch-unknown 0.0014 921 625 957 649
switch-static 0.0275 718 855 773 888
switch-static 0.0028 728 852 811 891
switch-static 0.0024 717 847 783 903
track-sign-front 0.0166 1259 599 1276 647
track-sign-front 0.0165 371 859 398 896
track-sign-front 0.0123 1449 607 1478 732
track-sign-front 0.0095 1442 632 1477 769
track-sign-front 0.0091 1441 688 1473 747
track-sign-front 0.0080 766 623 777 649
track-sign-front 0.0074 349 856 401 909
track-sign-front 0.0064 333 866 450 966
track-sign-front 0.0050 494 587 544 615
track-sign-front 0.0040 1260 651 1274 688
track-sign-front 0.0033 1441 557 1473 595
track-sign-front 0.0015 1442 526 1482 622
track-sign-front 0.0012 31 618 260 833
track-sign-front 0.0012 1315 628 1339 647
track-sign-front 0.0010 761 611 779 651
track-sign-front 0.0010 489 663 536 724
track-signal-front 0.0016 909 583 932 634
track-signal-back 0.8871 1420 226 1524 390
track-signal-back 0.8345 520 240 632 403
track-signal-back 0.1181 1182 503 1216 557
track-signal-back 0.0471 1053 513 1067 541
track-signal-back 0.0369 537 661 589 755
track-signal-back 0.0077 1170 500 1221 578
track-signal-back 0.0066 526 398 584 459
track-signal-back 0.0062 1020 507 1043 612
track-signal-back 0.0048 519 510 595 851
track-signal-back 0.0048 1443 383 1496 434
track-signal-back 0.0037 181 623 230 703
track-signal-back 0.0029 548 608 595 656
track-signal-back 0.0028 501 251 576 401
track-signal-back 0.0028 1195 506 1238 560
track-signal-back 0.0021 1191 542 1223 592
track-signal-back 0.0021 1250 507 1275 611
track-signal-back 0.0014 1207 525 1254 577
track-signal-back 0.0013 1052 514 1071 554
track-signal-back 0.0013 1469 230 1534 384
track-signal-back 0.0012 1177 537 1214 589
track-signal-back 0.0011 1046 511 1076 544
track-signal-back 0.0010 164 624 252 769
track-signal-back 0.0010 537 588 596 675
pole 0.3575 1429 357 1500 973
pole 0.3313 988 475 1004 671
pole 0.2417 1017 468 1039 692
pole 0.1034 1027 526 1039 671
pole 0.0496 1439 579 1483 1026
pole 0.0420 1399 234 1540 994
pole 0.0396 1256 445 1277 711
pole 0.0373 473 302 567 908
pole 0.0210 992 548 1010 677
pole 0.0209 1004 545 1047 689
pole 0.0191 1080 543 1089 654
pole 0.0168 1424 525 1549 980
pole 0.0156 1403 536 1484 971
pole 0.0147 946 530 968 660
pole 0.0138 962 516 993 663
pole 0.0130 1111 584 1787 886
pole 0.0121 975 506 1001 654
pole 0.0114 1027 584 1042 694
pole 0.0114 1444 285 1521 869
pole 0.0102 1023 515 1053 695
pole 0.0094 1494 443 1541 875
pole 0.0089 1393 614 1578 903
pole 0.0086 1259 599 1276 688
pole 0.0080 513 423 598 914
pole 0.0075 1209 568 1224 683
pole 0.0071 1500 538 1526 797
pole 0.0069 982 488 1014 684
pole 0.0058 1215 597 1226 684
pole 0.0056 1472 516 1519 812
pole 0.0055 1451 659 1540 1051
pole 0.0053 1213 573 1231 685
pole 0.0047 1061 533 1089 663
pole 0.0041 1200 525 1222 686
pole 0.0035 1473 412 1567 910
pole 0.0032 1020 496 1038 627
pole 0.0030 1437 742 1480 973
pole 0.0028 1454 498 1486 771
pole 0.0028 488 242 544 820
pole 0.0027 1406 174 1487 872
pole 0.0024 1219 504 1269 714
pole 0.0021 449 349 528 866
pole 0.0021 1442 502 1475 767
pole 0.0018 1497 741 1536 946
pole 0.0018 989 484 1001 607
pole 0.0017 1446 651 1484 829
pole 0.0017 1503 607 1526 733
pole 0.0017 993 470 1060 692
pole 0.0015 1364 616 1507 1007
pole 0.0015 1260 518 1275 638
pole 0.0013 1414 377 1489 767
pole 0.0012 1596 495 1615 702
pole 0.0012 345 347 616 865
pole 0.0012 966 471 1031 686
pole 0.0011 1424 718 1503 1039
pole 0.0011 1043 558 1096 677
pole 0.0010 945 556 997 670
rail-occluder 0.0520 1396 713 1415 732
rail-occluder 0.0241 1394 708 1420 736
rail-occluder 0.0046 338 862 441 965
rail-occluder 0.0038 29 610 218 842
rail-occluder 0.0029 1388 713 1411 734
rail-occluder 0.0026 1440 675 1474 792
rail-occluder 0.0016 326 791 554 1025
rail-occluder 0.0015 1258 644 1275 691
rail-occluder 0.0015 331 866 472 1009
rail-occluder 0.0014 1513 746 1539 784
rail-occluder 0.0011 1472 729 1554 1038
