rail 0.9505 741 629 1037 1075
rail 0.8361 147 641 980 1074
rail 0.2119 1 656 881 860
rail 0.0060 -2 683 701 961
rail 0.0058 2 707 539 867
rail 0.0017 321 659 874 745
rail 0.0017 -1 731 323 875
switch-static 0.0080 1141 991 1324 1056
switch-static 0.0038 1156 987 1285 1037
switch-static 0.0011 1169 998 1262 1054
switch-static 0.0010 1147 979 1363 1086
track-sign-front 0.8713 1298 701 1402 803
track-sign-front 0.7507 1202 578 1264 616
track-sign-front 0.7354 1288 580 1397 694
track-sign-front 0.6875 1565 782 1654 846
track-sign-front 0.0846 1512 499 1568 617
track-sign-front 0.0242 1509 495 1588 670
track-sign-front 0.0150 1283 531 1410 866
track-sign-front 0.0089 1191 569 1219 624
track-sign-front 0.0057 1012 648 1026 666
track-sign-front 0.0049 1540 491 1605 656
track-sign-front 0.0036 1203 567 1297 620
track-sign-front 0.0035 1566 713 1631 828
track-sign-front 0.0035 1556 482 1612 750
track-sign-front 0.0034 1580 837 1630 884
track-sign-front 0.0030 1295 526 1396 642
track-sign-front 0.0029 1500 528 1562 666
track-sign-front 0.0029 1165 446 1301 734
track-sign-front 0.0023 1246 556 1318 633
track-sign-front 0.0021 1468 580 1533 645
track-sign-front 0.0018 1180 577 1247 621
track-sign-front 0.0015 1578 841 1625 915
track-sign-front 0.0014 1561 536 1628 896
track-sign-front 0.0013 1530 374 1621 928
track-sign-front 0.0011 1497 374 1625 685
track-sign-front 0.0010 1263 555 1350 654
track-signal-front 0.7642 1331 2 1557 125
track-signal-front 0.0323 1015 499 1054 526
track-signal-front 0.0040 1354 -42 1551 94
track-signal-front 0.0037 1399 5 1505 114
track-signal-front 0.0014 1005 493 1060 536
track-signal-back 0.1576 692 531 725 556
track-signal-back 0.0248 1014 497 1056 526
track-signal-back 0.0169 1375 62 1539 181
track-signal-back 0.0117 1427 116 1518 181
track-signal-back 0.0068 1446 186 1558 241
track-signal-back 0.0032 1443 146 1550 227
track-signal-back 0.0029 1458 120 1539 189
track-signal-back 0.0023 692 514 731 570
track-signal-back 0.0012 1015 487 1067 548
track-signal-back 0.0011 1387 83 1569 244
pole 0.4372 787 510 816 688
pole 0.3271 141 63 202 954
pole 0.2298 689 535 712 731
pole 0.0394 553 523 571 730
pole 0.0154 885 549 908 660
pole 0.0141 796 555 819 684
pole 0.0138 1004 511 1021 673
pole 0.0087 694 559 729 731
pole 0.0080 108 61 239 1001
pole 0.0040 677 511 731 735
pole 0.0038 880 565 900 657
pole 0.0036 999 479 1046 669
pole 0.0029 557 560 579 731
pole 0.0024 891 548 927 659
pole 0.0024 692 525 727 600
pole 0.0019 558 606 572 721
pole 0.0018 123 136 187 806
pole 0.0017 1002 563 1028 669
pole 0.0017 775 542 824 715
pole 0.0015 543 511 577 713
pole 0.0011 992 511 1028 687
pole 0.0011 1011 508 1064 682
pole 0.0010 550 595 592 749
pole 0.0010 138 298 213 749
