crossing 0.0031 846 563 871 583
guard-rail 0.0477 552 642 655 684
guard-rail 0.0259 619 626 683 655
guard-rail 0.0152 597 626 676 666
guard-rail 0.0111 485 641 519 667
guard-rail 0.0108 492 638 538 663
guard-rail 0.0106 436 651 497 685
guard-rail 0.0104 453 642 516 675
guard-rail 0.0083 516 627 611 668
guard-rail 0.0068 524 643 619 684
guard-rail 0.0067 540 658 633 704
guard-rail 0.0055 575 598 658 645
guard-rail 0.0053 550 615 623 652
guard-rail 0.0048 553 594 703 686
guard-rail 0.0038 501 630 575 661
guard-rail 0.0023 625 638 678 677
guard-rail 0.0023 649 620 693 665
guard-rail 0.0019 412 641 518 696
guard-rail 0.0014 501 639 584 681
guard-rail 0.0012 369 617 632 705
rail 0.9583 652 535 950 1074
rail 0.9259 6 538 822 1076
rail 0.9233 902 552 1919 1078
rail 0.0863 531 549 751 655
rail 0.0479 660 534 711 649
rail 0.0438 593 570 692 631
rail 0.0437 1161 594 1920 775
rail 0.0348 615 548 707 626
rail 0.0213 630 507 732 681
rail 0.0082 561 593 668 647
rail 0.0077 489 591 655 665
rail 0.0070 19 518 630 667
rail 0.0058 333 552 748 744
rail 0.0058 549 596 702 682
rail 0.0053 596 542 792 692
rail 0.0051 523 632 636 684
rail 0.0045 509 616 619 655
rail 0.0033 441 559 704 687
rail 0.0027 658 530 783 631
rail 0.0023 704 553 807 601
rail 0.0021 1217 598 1896 931
rail 0.0019 21 520 460 773
rail 0.0019 12 516 269 740
rail 0.0018 591 567 654 611
rail 0.0017 650 455 699 668
rail 0.0017 151 535 854 833
rail 0.0016 916 489 1900 806
rail 0.0016 45 481 265 644
rail 0.0015 603 571 644 604
rail 0.0014 200 660 453 979
rail 0.0013 -1 576 544 960
rail 0.0012 698 535 805 581
rail 0.0012 3 512 188 683
rail 0.0011 383 586 648 680
rail 0.0010 620 601 722 679
rail 0.0010 32 476 477 611
switch-right 0.0116 505 627 621 670
switch-right 0.0012 494 638 591 683
switch-unknown 0.0337 605 581 678 620
switch-unknown 0.0203 610 574 673 604
switch-unknown 0.0181 628 566 692 609
switch-unknown 0.0161 598 593 683 642
switch-unknown 0.0029 639 575 706 659
switch-unknown 0.0021 723 558 787 595
switch-unknown 0.0016 746 554 808 590
switch-unknown 0.0014 720 577 776 600
switch-unknown 0.0012 695 549 755 606
switch-unknown 0.0012 775 552 817 585
switch-unknown 0.0011 700 579 761 609
switch-static 0.0037 972 689 1030 715
switch-static 0.0011 682 675 721 707
switch-static 0.0010 265 670 336 714
switch-static 0.0010 300 1022 404 1077
track-sign-front 0.0020 1005 542 1030 598
track-sign-front 0.0017 569 503 588 554
track-sign-front 0.0014 540 569 557 590
track-sign-front 0.0011 538 566 564 593
track-sign-front 0.0010 301 1022 404 1078
track-signal-front 0.0652 578 464 593 496
track-signal-front 0.0013 1364 500 1382 532
track-signal-back 0.8048 692 340 734 424
track-signal-back 0.5598 953 438 976 473
track-signal-back 0.4314 579 464 594 496
track-signal-back 0.1015 897 455 921 503
track-signal-back 0.0393 888 452 922 539
track-signal-back 0.0236 695 471 715 499
track-signal-back 0.0220 694 405 716 565
track-signal-back 0.0158 952 445 973 488
track-signal-back 0.0140 574 485 589 509
track-signal-back 0.0115 939 445 974 501
track-signal-back 0.0099 692 439 716 497
track-signal-back 0.0096 945 428 1003 481
track-signal-back 0.0085 956 460 972 569
track-signal-back 0.0072 703 343 770 422
track-signal-back 0.0048 575 502 587 557
track-signal-back 0.0038 940 455 978 565
track-signal-back 0.0038 693 418 720 470
track-signal-back 0.0031 595 472 622 535
track-signal-back 0.0030 573 475 590 524
track-signal-back 0.0029 573 467 600 503
track-signal-back 0.0028 874 459 900 553
track-signal-back 0.0022 809 493 827 529
track-signal-back 0.0021 777 468 787 526
track-signal-back 0.0015 778 469 818 548
track-signal-back 0.0014 717 396 749 522
track-signal-back 0.0013 690 402 724 487
track-signal-back 0.0011 943 415 980 491
track-signal-back 0.0010 718 385 767 423
pole 0.6349 1003 220 1034 715
pole 0.4440 685 338 717 703
pole 0.2407 954 443 972 633
pole 0.1920 678 432 709 706
pole 0.0446 888 475 906 587
pole 0.0396 957 326 1013 693
pole 0.0368 954 517 968 632
pole 0.0353 656 492 710 702
pole 0.0322 666 380 727 692
pole 0.0271 714 336 737 633
pole 0.0262 777 474 786 556
pole 0.0256 986 225 1048 716
pole 0.0222 424 204 472 607
pole 0.0190 738 347 753 617
pole 0.0123 935 440 978 602
pole 0.0091 688 374 744 675
pole 0.0086 1005 410 1030 711
pole 0.0084 873 470 904 583
pole 0.0083 737 420 753 553
pole 0.0075 687 489 711 630
pole 0.0071 1009 280 1030 632
pole 0.0064 678 507 707 646
pole 0.0055 862 498 900 592
pole 0.0055 734 440 760 569
pole 0.0050 948 468 976 664
pole 0.0040 885 452 919 540
pole 0.0038 890 501 931 598
pole 0.0037 709 432 741 543
pole 0.0034 576 509 586 575
pole 0.0032 1000 271 1025 601
pole 0.0025 535 335 559 588
pole 0.0023 660 521 755 669
pole 0.0018 674 570 717 664
pole 0.0018 940 425 998 685
pole 0.0018 405 249 462 669
pole 0.0015 728 420 788 618
pole 0.0013 616 474 631 575
pole 0.0011 574 498 588 561
pole 0.0011 689 397 720 601
pole 0.0010 905 430 985 632
pole 0.0010 362 178 503 611
pole 0.0010 409 116 493 571
pole 0.0010 884 519 912 603
pole 0.0010 210 591 230 701
rail-occluder 0.0122 126 483 236 697
rail-occluder 0.0050 141 456 210 665
rail-occluder 0.0034 61 479 267 710
rail-occluder 0.0030 202 494 244 703
rail-occluder 0.0022 172 500 273 700
rail-occluder 0.0014 187 528 233 712
rail-occluder 0.0012 222 490 258 658
rail-occluder 0.0011 1151 598 1176 637
