rail 0.9183 981 542 1347 1073
rail 0.0231 590 543 983 1074
rail 0.0085 1027 550 1886 1074
rail 0.0027 787 558 987 1057
rail 0.0017 931 533 1179 1066
rail 0.0014 346 552 914 1061
rail 0.0012 16 591 836 1119
track-sign-front 0.1998 1116 518 1136 543
track-sign-front 0.0543 890 519 907 542
track-sign-front 0.0323 592 522 658 596
track-sign-front 0.0199 1052 526 1064 545
track-sign-front 0.0162 1043 524 1066 544
track-sign-front 0.0033 1201 520 1216 543
track-sign-front 0.0033 885 517 914 545
track-sign-front 0.0028 573 493 656 586
track-sign-front 0.0021 1126 520 1149 633
track-sign-front 0.0017 1052 524 1067 555
track-sign-front 0.0013 600 521 655 659
track-sign-front 0.0013 891 516 928 569
track-sign-front 0.0011 1010 520 1038 545
track-sign-front 0.0010 1117 502 1141 544
track-signal-front 0.1282 773 512 803 552
track-signal-front 0.0027 1437 498 1495 561
track-signal-front 0.0027 762 502 811 559
track-signal-front 0.0016 770 457 805 553
