rail 0.9566 700 420 1082 1073
rail 0.8874 1107 415 1917 1055
rail 0.8323 1131 411 1917 745
rail 0.3926 1214 422 1919 590
rail 0.0039 1452 459 1925 576
rail 0.0016 1185 406 1784 527
rail 0.0016 1098 417 1174 450
rail 0.0015 1083 410 1152 444
rail 0.0014 1137 419 1282 461
rail 0.0013 959 435 1083 1066
rail 0.0013 1059 413 1121 443
rail 0.0011 1580 480 1941 650
rail 0.0010 1361 479 1919 828
switch-indicator 0.0090 886 469 920 516
switch-indicator 0.0015 889 483 920 549
switch-indicator 0.0010 881 468 938 530
switch-unknown 0.0039 1107 416 1164 445
switch-unknown 0.0037 1093 410 1141 437
switch-unknown 0.0037 1093 400 1134 426
switch-unknown 0.0026 1059 410 1117 438
switch-unknown 0.0025 1122 419 1191 446
switch-unknown 0.0023 1046 414 1088 440
switch-unknown 0.0021 1071 402 1124 427
switch-unknown 0.0016 1099 395 1157 434
switch-unknown 0.0015 1149 423 1217 448
switch-static 0.0067 890 470 936 519
switch-static 0.0016 892 496 941 546
switch-static 0.0013 909 510 968 539
track-sign-front 0.7450 684 500 745 543
track-sign-front 0.2393 1476 416 1493 450
track-sign-front 0.0597 693 454 737 498
track-sign-front 0.0188 886 470 919 504
track-sign-front 0.0120 978 391 988 416
track-sign-front 0.0098 891 467 944 502
track-sign-front 0.0068 1470 415 1497 441
track-sign-front 0.0057 915 463 941 495
track-sign-front 0.0047 673 445 757 601
track-sign-front 0.0038 686 495 743 582
track-sign-front 0.0036 979 386 991 406
track-sign-front 0.0035 881 466 906 496
track-sign-front 0.0034 1830 960 1877 1024
track-sign-front 0.0033 1826 989 1875 1021
track-sign-front 0.0017 885 461 926 525
track-sign-front 0.0016 685 449 744 560
track-sign-front 0.0013 977 403 990 447
track-sign-front 0.0013 1466 416 1498 476
track-sign-front 0.0013 882 457 913 492
pole 0.0133 1282 300 1292 430
pole 0.0020 1400 267 1415 446
pole 0.0015 1402 279 1412 409
pole 0.0011 1680 275 1700 497
rail-occluder 0.1032 1477 419 1493 463
rail-occluder 0.0047 1471 417 1500 468
rail-occluder 0.0024 1248 426 1271 447
rail-occluder 0.0018 1474 431 1495 500
