crossing 0.0778 739 682 804 701
crossing 0.0128 651 739 730 762
crossing 0.0051 725 676 795 698
crossing 0.0035 396 703 601 776
crossing 0.0032 750 678 825 703
crossing 0.0030 429 701 559 748
crossing 0.0023 702 676 755 696
crossing 0.0021 399 672 613 756
crossing 0.0020 378 703 500 745
crossing 0.0015 321 644 595 761
crossing 0.0010 835 609 875 631
crossing 0.0010 745 687 800 719
train-car 0.1885 1028 490 1338 614
train-car 0.1572 1050 479 1576 639
train-car 0.0196 1040 451 1719 734
train-car 0.0064 1152 479 1364 601
train-car 0.0059 1051 515 1344 676
train-car 0.0045 962 538 1002 567
train-car 0.0032 999 534 1194 610
train-car 0.0031 1017 525 1122 570
train-car 0.0029 992 386 1378 696
train-car 0.0024 1017 500 1256 586
train-car 0.0011 1180 512 1332 621
train-car 0.0010 1210 497 1422 630
train-car 0.0010 1128 304 1819 757
platform 0.9142 979 570 1919 1070
platform 0.0239 1569 642 1924 750
platform 0.0049 427 564 875 638
platform 0.0045 1567 592 1926 718
platform 0.0038 641 553 897 639
platform 0.0014 517 578 810 630
platform 0.0011 1302 650 1912 824
platform 0.0010 1425 524 1926 753
rail 0.9472 958 551 1242 1076
rail 0.9317 121 556 946 1078
rail 0.6724 13 570 891 769
rail 0.2500 1575 678 1920 792
rail 0.0814 347 572 855 673
rail 0.0692 2 629 565 765
rail 0.0525 1 603 786 943
rail 0.0493 1215 611 1919 772
rail 0.0212 349 604 667 690
rail 0.0159 1000 547 1254 774
rail 0.0157 1021 511 1351 639
rail 0.0138 -1 669 362 771
rail 0.0138 987 545 1291 659
rail 0.0118 1 654 519 890
rail 0.0112 1802 714 1919 1069
rail 0.0112 371 559 924 732
rail 0.0084 1726 677 1910 874
rail 0.0070 1010 523 1857 761
rail 0.0065 -1 680 218 755
rail 0.0062 1527 612 1921 752
rail 0.0060 978 537 1210 611
rail 0.0054 572 544 855 667
rail 0.0044 1567 618 1928 944
rail 0.0043 40 591 673 707
rail 0.0042 405 595 730 659
rail 0.0039 1404 658 1928 812
rail 0.0030 1682 649 1920 774
rail 0.0025 1748 834 1919 1078
rail 0.0023 1566 702 1910 868
rail 0.0023 281 598 830 795
rail 0.0022 1796 933 1919 1075
rail 0.0021 1068 577 1240 677
rail 0.0020 399 621 541 680
rail 0.0018 641 543 888 628
rail 0.0016 -5 689 177 803
rail 0.0013 500 577 781 649
rail 0.0013 -5 705 380 1017
rail 0.0012 341 640 547 693
rail 0.0012 672 560 933 612
rail 0.0012 1306 532 1905 713
rail 0.0010 1851 627 1921 998
rail 0.0010 1570 564 1924 702
rail 0.0010 1689 675 1919 1027
switch-unknown 0.0038 960 540 994 567
switch-unknown 0.0021 958 548 990 574
switch-unknown 0.0010 924 553 969 591
switch-static 0.0024 691 659 741 690
switch-static 0.0021 705 651 747 687
switch-static 0.0014 683 674 739 694
track-sign-front 0.0068 676 559 690 606
track-sign-front 0.0066 709 385 746 422
track-sign-front 0.0036 1134 598 1176 657
track-sign-front 0.0015 475 602 495 646
track-sign-front 0.0011 478 598 493 632
track-signal-front 0.7313 707 458 737 520
track-signal-front 0.0033 710 509 735 561
track-signal-front 0.0032 705 455 734 490
track-signal-front 0.0027 689 455 748 523
track-signal-front 0.0022 956 519 993 566
track-signal-front 0.0015 740 507 762 555
track-signal-front 0.0011 706 439 742 638
track-signal-back 0.0725 714 387 739 428
track-signal-back 0.0208 712 396 742 448
track-signal-back 0.0027 828 483 841 540
track-signal-back 0.0013 829 477 841 512
track-signal-back 0.0013 717 410 758 460
person 0.0955 1147 605 1186 680
person 0.0466 1125 563 1219 678
person 0.0103 994 541 1356 683
person 0.0067 1045 565 1285 667
person 0.0042 1141 594 1188 639
person 0.0038 1150 600 1218 687
person 0.0017 1184 570 1219 677
person 0.0015 1168 571 1217 643
pole 0.3797 721 505 743 667
pole 0.0283 711 520 758 666
pole 0.0199 828 475 841 586
pole 0.0192 709 471 737 654
pole 0.0141 1047 478 1883 745
pole 0.0095 725 455 755 671
pole 0.0088 584 533 844 678
pole 0.0085 862 477 874 577
pole 0.0083 821 464 860 590
pole 0.0053 677 492 692 614
pole 0.0046 1203 372 1731 716
pole 0.0044 713 545 737 695
pole 0.0038 675 554 691 610
pole 0.0035 1527 369 1577 755
pole 0.0030 699 418 735 630
pole 0.0029 255 325 293 695
pole 0.0028 663 553 814 682
pole 0.0028 709 585 751 677
pole 0.0026 1335 312 1579 751
pole 0.0023 1011 451 1033 568
pole 0.0022 1494 366 1612 758
pole 0.0021 829 497 855 592
pole 0.0020 674 438 697 624
pole 0.0017 850 502 890 592
pole 0.0016 596 419 615 640
pole 0.0013 1084 502 1136 612
pole 0.0012 739 420 762 639
pole 0.0011 1265 441 1570 691
pole 0.0011 743 533 789 627
pole 0.0010 671 535 874 643
pole 0.0010 998 484 1041 576
rail-occluder 0.0157 711 629 735 662
rail-occluder 0.0052 674 570 691 610
rail-occluder 0.0042 1218 431 1673 703
rail-occluder 0.0038 406 612 426 662
rail-occluder 0.0036 1321 380 1585 747
rail-occluder 0.0035 698 625 746 664
rail-occluder 0.0030 720 626 764 661
rail-occluder 0.0028 712 579 736 670
rail-occluder 0.0016 676 614 807 668
rail-occluder 0.0012 642 562 807 680
rail-occluder 0.0012 1191 570 1218 641
