crossing 0.3607 938 675 984 691
crossing 0.0106 894 672 954 689
crossing 0.0064 889 593 963 618
crossing 0.0045 883 598 960 631
crossing 0.0038 951 675 1006 693
crossing 0.0038 859 597 932 640
crossing 0.0037 878 663 934 685
crossing 0.0026 864 591 930 619
crossing 0.0015 911 600 971 641
crossing 0.0010 886 672 933 693
crossing 0.0010 909 620 991 680
platform 0.6703 727 599 893 682
platform 0.5634 963 618 1150 690
platform 0.0734 751 570 897 646
platform 0.0199 765 584 926 629
platform 0.0196 774 539 830 662
platform 0.0167 758 596 852 667
platform 0.0150 695 546 863 660
platform 0.0125 926 604 1091 685
platform 0.0122 742 584 820 674
platform 0.0111 783 554 867 653
platform 0.0103 992 624 1097 688
platform 0.0102 806 574 887 637
platform 0.0056 822 589 912 621
platform 0.0046 855 596 937 643
platform 0.0044 959 602 1155 749
platform 0.0041 1033 640 1135 691
platform 0.0040 927 615 1014 680
platform 0.0038 859 594 935 621
platform 0.0035 885 595 968 620
platform 0.0034 789 595 937 653
platform 0.0024 959 608 1047 684
platform 0.0023 704 590 899 740
platform 0.0016 946 646 1041 688
platform 0.0014 988 607 1229 675
platform 0.0014 660 619 864 695
platform 0.0011 849 602 939 678
platform 0.0011 946 552 1191 715
rail 0.9488 896 603 1098 1072
rail 0.9344 184 600 800 1077
rail 0.0023 389 678 610 1027
rail 0.0010 1140 892 1517 1080
track-sign-front 0.2473 751 552 768 585
track-sign-front 0.1860 507 581 533 624
track-sign-front 0.0182 752 488 775 614
track-sign-front 0.0127 940 553 953 570
track-sign-front 0.0126 745 553 762 586
track-sign-front 0.0077 941 549 959 575
track-sign-front 0.0038 746 545 776 602
track-sign-front 0.0020 950 556 979 577
track-sign-front 0.0019 954 554 988 586
track-sign-front 0.0017 1084 540 1113 568
track-sign-front 0.0015 1088 588 1113 622
track-sign-front 0.0014 968 559 996 601
track-sign-front 0.0013 511 600 526 687
track-sign-front 0.0011 806 484 833 515
track-signal-front 0.0010 917 538 950 576
person 0.0017 1188 586 1229 673
pole 0.0572 798 530 813 642
pole 0.0477 751 438 774 662
pole 0.0297 753 542 768 648
pole 0.0231 754 584 772 674
pole 0.0188 750 527 801 669
pole 0.0152 782 536 822 660
pole 0.0126 757 445 781 628
pole 0.0125 790 518 836 651
pole 0.0061 753 479 772 599
pole 0.0058 750 465 846 697
pole 0.0050 801 491 831 621
pole 0.0039 827 547 865 624
pole 0.0035 735 600 783 684
pole 0.0034 784 447 818 635
pole 0.0025 774 508 872 665
pole 0.0014 823 490 858 628
rail-occluder 0.6255 438 873 843 1074
rail-occluder 0.0083 697 655 723 683
rail-occluder 0.0027 696 655 721 709
rail-occluder 0.0025 425 907 675 1073
rail-occluder 0.0022 697 650 739 685
rail-occluder 0.0011 686 653 727 718
