guard-rail 0.0040 240 882 494 1079
guard-rail 0.0011 279 785 584 1074
rail 0.9462 914 546 1183 1074
rail 0.9291 3 540 921 1072
rail 0.7053 -3 743 618 1076
rail 0.4406 805 557 945 613
rail 0.0398 757 562 900 642
rail 0.0351 862 552 934 585
rail 0.0278 741 584 864 657
rail 0.0234 831 462 870 641
rail 0.0194 901 557 945 584
rail 0.0192 334 653 780 941
rail 0.0186 792 553 886 624
rail 0.0157 793 548 958 651
rail 0.0137 846 565 936 607
rail 0.0133 830 533 909 603
rail 0.0101 713 557 894 678
rail 0.0093 424 675 751 861
rail 0.0077 748 534 922 625
rail 0.0060 0 845 402 1079
rail 0.0058 247 838 533 1075
rail 0.0050 917 547 952 576
rail 0.0040 240 712 673 1006
rail 0.0027 599 566 887 729
rail 0.0027 874 557 963 612
rail 0.0023 764 562 861 617
rail 0.0023 174 798 460 1038
rail 0.0022 521 648 697 816
rail 0.0021 821 607 881 680
rail 0.0019 774 581 913 702
rail 0.0018 326 698 592 878
rail 0.0017 759 585 817 627
rail 0.0017 425 593 858 1037
rail 0.0017 696 538 947 720
rail 0.0012 820 473 914 623
rail 0.0011 756 574 803 602
switch-indicator 0.0051 765 579 789 597
switch-indicator 0.0030 839 609 869 680
switch-indicator 0.0016 262 627 306 781
switch-indicator 0.0010 556 617 576 669
switch-left 0.0875 730 620 817 654
switch-left 0.0455 742 590 863 652
switch-left 0.0431 492 753 673 824
switch-left 0.0207 408 747 624 843
switch-left 0.0181 532 714 686 786
switch-left 0.0153 753 614 835 650
switch-left 0.0065 364 746 630 912
switch-left 0.0047 464 771 617 836
switch-left 0.0023 718 637 796 671
switch-left 0.0022 535 739 645 800
switch-left 0.0020 378 788 598 886
switch-left 0.0019 470 742 618 810
switch-left 0.0019 562 692 701 768
switch-left 0.0014 424 755 548 811
switch-right 0.1262 743 614 831 648
switch-right 0.0555 728 626 803 657
switch-right 0.0555 483 752 675 826
switch-right 0.0402 502 730 671 804
switch-right 0.0213 769 599 844 632
switch-right 0.0191 414 750 616 839
switch-right 0.0068 549 707 703 779
switch-right 0.0036 375 764 615 895
switch-right 0.0033 571 701 695 752
switch-right 0.0022 719 636 796 672
switch-right 0.0020 419 753 552 812
switch-right 0.0018 541 716 643 776
switch-right 0.0015 475 744 613 809
switch-right 0.0010 327 758 592 962
switch-unknown 0.1554 906 560 944 578
switch-unknown 0.0502 852 558 939 587
switch-unknown 0.0364 919 550 950 571
switch-unknown 0.0247 822 567 894 619
switch-unknown 0.0180 786 578 865 628
switch-unknown 0.0079 800 608 850 660
switch-unknown 0.0064 806 554 868 619
switch-unknown 0.0033 898 568 950 598
switch-unknown 0.0016 907 516 940 571
switch-unknown 0.0010 923 573 961 602
switch-static 0.2080 674 632 722 657
switch-static 0.1892 426 754 486 789
switch-static 0.1189 414 744 499 795
switch-static 0.0987 552 691 604 722
switch-static 0.0767 601 805 669 842
switch-static 0.0397 680 629 756 657
switch-static 0.0335 583 800 701 854
switch-static 0.0302 625 807 735 839
switch-static 0.0201 536 683 616 737
switch-static 0.0164 733 623 802 651
switch-static 0.0115 675 638 732 665
switch-static 0.0115 542 692 636 758
switch-static 0.0103 561 701 645 738
switch-static 0.0096 507 698 587 729
switch-static 0.0088 745 705 797 727
switch-static 0.0065 435 713 536 774
switch-static 0.0050 564 686 630 722
switch-static 0.0048 759 581 810 621
switch-static 0.0038 388 753 479 791
switch-static 0.0031 457 713 521 748
switch-static 0.0029 151 649 676 966
switch-static 0.0028 452 745 784 904
switch-static 0.0027 563 672 598 710
switch-static 0.0027 654 633 701 658
switch-static 0.0026 463 706 571 748
switch-static 0.0019 377 702 538 823
switch-static 0.0018 659 626 740 670
switch-static 0.0017 725 695 788 730
switch-static 0.0014 367 756 488 809
switch-static 0.0013 773 567 845 609
switch-static 0.0012 1838 819 1912 912
switch-static 0.0012 436 710 506 753
switch-static 0.0011 763 703 808 730
switch-static 0.0011 835 577 906 644
switch-static 0.0011 453 737 584 807
track-sign-front 0.0041 985 546 1007 587
track-sign-front 0.0025 1841 819 1902 909
track-sign-front 0.0023 992 560 1010 591
track-sign-front 0.0018 929 537 982 571
track-sign-front 0.0015 266 627 306 763
track-sign-front 0.0012 557 613 575 667
track-signal-front 0.4318 833 432 856 462
track-signal-front 0.0071 837 432 867 466
track-signal-front 0.0026 833 427 862 485
track-signal-front 0.0010 833 406 856 531
track-signal-back 0.0235 576 399 635 450
track-signal-back 0.0052 581 411 622 474
track-signal-back 0.0045 595 406 653 453
track-signal-back 0.0017 314 455 342 500
track-signal-back 0.0012 764 389 780 467
pole 0.0861 840 430 858 635
pole 0.0219 830 434 861 666
pole 0.0196 842 463 855 605
pole 0.0136 849 422 880 627
pole 0.0133 836 485 864 621
pole 0.0043 836 464 851 606
pole 0.0039 561 173 610 656
pole 0.0026 759 396 781 609
pole 0.0022 857 439 888 576
pole 0.0010 819 421 883 654
rail-occluder 0.1549 832 615 856 674
rail-occluder 0.0142 803 608 848 660
