rail 0.7012 319 671 1386 1081
rail 0.5206 939 653 1643 1078
rail 0.0081 936 698 1274 1079
rail 0.0067 1075 613 1840 900
rail 0.0023 1289 636 1582 752
rail 0.0015 1075 719 1362 1050
switch-static 0.0012 554 839 604 884
track-sign-front 0.8420 1639 749 1733 1054
track-sign-front 0.5222 1390 634 1412 695
track-sign-front 0.0287 1604 620 1629 661
track-sign-front 0.0185 1391 623 1431 688
track-sign-front 0.0101 1491 633 1507 658
track-sign-front 0.0042 1652 838 1723 986
track-sign-front 0.0037 1385 610 1418 678
track-sign-front 0.0016 859 760 880 782
track-sign-front 0.0011 1630 735 1721 871
pole 0.1181 1389 635 1417 707
pole 0.0261 1296 585 1312 703
pole 0.0243 1323 561 1338 695
pole 0.0134 1315 582 1336 701
pole 0.0046 1388 460 1421 748
pole 0.0046 1307 531 1342 709
pole 0.0043 1331 502 1379 730
pole 0.0038 1392 644 1432 817
pole 0.0038 1319 451 1341 716
pole 0.0038 1290 548 1308 704
pole 0.0031 1406 467 1437 741
pole 0.0030 1387 565 1416 723
pole 0.0029 1412 562 1435 714
pole 0.0024 1319 618 1341 703
pole 0.0021 1327 533 1348 712
pole 0.0020 1379 626 1425 723
pole 0.0019 1292 559 1322 703
pole 0.0018 1490 626 1508 664
pole 0.0017 1380 558 1435 735
pole 0.0016 1376 484 1401 727
pole 0.0014 1480 569 1515 712
pole 0.0013 1290 617 1306 713
pole 0.0012 1424 528 1483 732
pole 0.0010 1282 492 1306 716
rail-occluder 0.2829 1389 636 1410 723
rail-occluder 0.1611 1395 629 1441 741
rail-occluder 0.0645 1388 637 1422 779
rail-occluder 0.0575 1490 640 1509 698
rail-occluder 0.0556 1436 680 1505 729
rail-occluder 0.0550 1394 658 1499 745
rail-occluder 0.0299 1445 656 1522 737
rail-occluder 0.0288 1492 638 1507 668
rail-occluder 0.0198 1397 668 1438 775
rail-occluder 0.0122 1472 639 1528 729
rail-occluder 0.0098 1391 626 1429 688
rail-occluder 0.0085 1602 622 1626 717
rail-occluder 0.0079 1386 652 1407 767
rail-occluder 0.0070 1359 645 1571 743
rail-occluder 0.0069 1481 638 1516 707
rail-occluder 0.0058 1399 623 1479 723
rail-occluder 0.0057 1486 632 1505 672
rail-occluder 0.0049 1467 644 1609 746
rail-occluder 0.0043 1481 648 1548 745
rail-occluder 0.0043 1610 623 1634 661
rail-occluder 0.0038 1406 638 1669 741
rail-occluder 0.0034 1595 632 1633 738
rail-occluder 0.0030 1419 608 1458 688
rail-occluder 0.0023 1371 636 1433 752
rail-occluder 0.0021 1443 676 1565 774
rail-occluder 0.0021 1378 635 1427 709
rail-occluder 0.0015 1408 674 1491 787
rail-occluder 0.0013 1370 650 1419 826
rail-occluder 0.0012 1376 642 1770 878
rail-occluder 0.0010 1216 599 1715 816
rail-occluder 0.0010 1473 627 1516 678
