platform 0.9118 1 415 1150 1080
platform 0.9052 1207 421 1919 801
platform 0.0028 1269 425 1919 622
platform 0.0010 1512 522 1675 706
rail 0.9544 1154 424 1912 1077
rail 0.9477 708 428 1207 1071
track-sign-front 0.0238 1074 377 1098 398
track-sign-front 0.0074 395 362 441 454
track-sign-front 0.0055 955 351 975 384
track-sign-front 0.0034 1081 376 1106 397
track-sign-front 0.0023 39 431 92 562
track-sign-front 0.0011 1070 376 1098 425
track-sign-front 0.0010 1072 367 1103 396
track-signal-front 0.0165 1076 377 1098 400
track-signal-front 0.0019 956 350 975 388
person 0.3712 1317 387 1351 476
person 0.3621 1334 387 1371 476
person 0.3199 593 411 633 528
person 0.0199 1430 402 1473 487
person 0.0091 1301 373 1336 466
person 0.0046 1406 389 1464 483
person 0.0043 1273 384 1301 447
person 0.0042 1279 402 1306 449
person 0.0028 1345 370 1376 464
person 0.0022 1310 362 1343 443
person 0.0018 558 398 613 531
person 0.0016 1282 382 1321 466
