crossing 0.0099 447 820 638 871
crossing 0.0016 727 667 876 722
crossing 0.0015 702 679 895 760
crossing 0.0010 666 661 899 735
train-car 0.8998 916 482 1155 790
train-car 0.0024 916 488 1137 630
train-car 0.0022 823 605 918 657
train-car 0.0018 795 603 876 670
train-car 0.0010 600 456 1236 912
platform 0.0654 20 645 910 873
platform 0.0201 1153 656 1649 759
platform 0.0049 263 675 765 848
platform 0.0039 1136 657 1891 943
platform 0.0020 1179 652 1458 746
platform 0.0013 783 612 912 671
platform 0.0011 381 696 643 830
platform 0.0011 1108 597 1578 783
rail 0.8448 404 648 926 881
rail 0.7271 808 752 1168 1081
rail 0.0384 98 626 949 916
rail 0.0207 919 784 1081 1077
rail 0.0034 579 648 928 806
rail 0.0030 518 681 1174 1084
rail 0.0028 816 619 924 671
rail 0.0028 -1 729 147 1047
rail 0.0025 2 694 151 862
rail 0.0023 1 751 133 842
rail 0.0020 0 740 62 863
rail 0.0019 0 727 60 1078
rail 0.0014 0 804 232 1081
rail 0.0012 1844 802 1920 1072
rail 0.0011 15 745 208 833
rail 0.0011 1209 762 1924 1078
rail 0.0010 972 754 1143 1065
rail 0.0010 -8 678 474 862
rail 0.0010 -1 651 231 887
rail 0.0010 540 680 851 846
rail 0.0010 -1 701 80 834
rail 0.0010 1629 819 1924 1077
rail 0.0010 1889 801 1921 1070
track-sign-front 0.1157 78 663 133 758
track-sign-front 0.0374 1285 487 1338 556
track-sign-front 0.0110 658 524 675 551
track-sign-front 0.0070 753 530 774 564
track-sign-front 0.0039 1293 468 1333 508
track-sign-front 0.0034 891 547 908 584
track-sign-front 0.0026 325 818 358 843
track-sign-front 0.0017 1294 451 1342 547
track-sign-front 0.0016 91 748 118 804
track-sign-front 0.0015 1301 462 1331 493
track-sign-front 0.0015 944 764 1016 821
track-sign-front 0.0013 77 659 180 759
track-sign-front 0.0011 25 690 141 815
track-sign-front 0.0011 84 737 124 812
track-sign-front 0.0010 1267 482 1315 555
track-sign-front 0.0010 758 528 779 553
track-signal-front 0.0105 924 482 938 508
track-signal-front 0.0071 1230 398 1304 464
track-signal-front 0.0063 659 520 679 551
track-signal-front 0.0028 893 553 908 590
track-signal-front 0.0022 926 477 940 502
track-signal-back 0.0020 76 327 108 368
track-signal-back 0.0010 84 307 116 366
person 0.6380 626 588 672 719
person 0.6113 535 587 580 730
person 0.5851 39 574 68 655
person 0.3350 566 584 606 726
person 0.2103 342 568 368 639
person 0.1986 1493 626 1536 734
person 0.1578 307 568 334 638
person 0.1479 0 578 23 665
person 0.1119 318 568 357 639
person 0.0603 143 575 178 650
person 0.0501 380 567 408 641
person 0.0438 357 568 391 643
person 0.0346 595 595 702 767
person 0.0343 672 583 691 672
person 0.0341 9 576 46 667
person 0.0281 188 571 222 628
person 0.0270 798 605 826 673
person 0.0226 641 591 683 694
person 0.0210 271 567 302 633
person 0.0179 819 700 1144 1066
person 0.0175 156 569 213 634
person 0.0143 291 567 328 648
person 0.0132 766 597 796 670
person 0.0104 391 566 420 648
person 0.0102 720 594 748 663
person 0.0100 551 610 634 752
person 0.0100 581 581 607 694
person 0.0097 30 572 78 670
person 0.0096 50 567 82 650
person 0.0095 776 602 822 672
person 0.0094 130 566 157 650
person 0.0082 285 565 312 628
person 0.0058 871 753 1087 899
person 0.0058 234 568 266 633
person 0.0058 1505 638 1552 740
person 0.0058 682 582 725 671
person 0.0057 348 554 380 639
person 0.0055 84 649 139 755
person 0.0054 736 592 773 667
person 0.0052 1474 602 1523 748
person 0.0052 505 565 544 683
person 0.0050 335 584 374 656
person 0.0048 405 573 434 656
person 0.0043 510 575 555 718
person 0.0041 543 572 581 647
person 0.0039 1240 605 1265 673
person 0.0036 581 583 603 632
person 0.0036 638 579 670 662
person 0.0032 242 561 296 625
person 0.0031 327 564 385 643
person 0.0029 475 564 506 671
person 0.0029 203 561 245 623
person 0.0029 419 577 449 665
person 0.0028 305 582 340 669
person 0.0026 632 590 658 649
person 0.0024 1223 605 1268 679
person 0.0022 805 600 894 667
person 0.0021 1 573 65 684
person 0.0019 1 562 17 628
person 0.0018 952 765 1024 831
person 0.0018 1419 593 1567 747
person 0.0017 1507 618 1551 691
person 0.0016 129 568 185 663
person 0.0016 1181 614 1362 707
person 0.0016 778 623 833 702
person 0.0016 716 593 810 689
person 0.0016 146 566 173 626
person 0.0015 1489 645 1527 762
person 0.0014 391 587 434 672
person 0.0014 161 569 191 622
person 0.0013 78 562 110 651
person 0.0013 1163 584 1204 658
person 0.0013 1229 627 1400 724
person 0.0013 704 599 755 669
person 0.0012 526 568 562 646
person 0.0012 1363 630 1624 757
person 0.0012 1190 592 1275 673
person 0.0011 796 635 843 690
person 0.0011 300 557 371 657
person 0.0011 667 571 698 656
person 0.0010 743 599 847 676
person 0.0010 1306 601 1348 701
person 0.0010 1229 596 1296 671
pole 0.0213 1431 11 1488 907
pole 0.0050 416 44 458 685
pole 0.0023 1427 65 1474 675
pole 0.0020 394 18 463 806
pole 0.0012 724 310 765 695
pole 0.0010 1336 158 1526 969
pole 0.0010 1440 -18 1514 768
pole 0.0010 1411 247 1476 774
