rail 0.8849 950 627 1412 1077
rail 0.7330 324 616 1337 1076
track-sign-front 0.0363 1171 519 1187 543
track-sign-front 0.0103 1197 581 1211 601
track-sign-front 0.0020 1193 578 1212 610
track-sign-front 0.0020 1169 522 1186 557
track-sign-front 0.0014 1190 565 1211 603
pole 0.0034 1408 444 1439 624
pole 0.0027 1389 407 1444 709
pole 0.0017 1368 357 1455 765
pole 0.0012 1351 330 1428 713
pole 0.0010 1299 325 1475 855
rail-occluder 0.0145 1278 633 1332 705
rail-occluder 0.0137 1274 629 1369 713
rail-occluder 0.0051 1291 625 1365 675
rail-occluder 0.0023 1273 618 1414 730
rail-occluder 0.0020 1272 626 1315 685
rail-occluder 0.0015 1311 626 1386 663
