crossing 0.0015 826 577 878 597
crossing 0.0014 845 581 895 599
rail 0.9398 864 574 1139 1075
rail 0.9367 411 573 844 1075
rail 0.8377 0 578 787 971
rail 0.7403 0 584 728 793
rail 0.0399 140 568 598 718
rail 0.0151 1 627 445 779
rail 0.0059 -1 667 310 836
rail 0.0034 0 651 246 768
rail 0.0033 5 619 327 720
rail 0.0030 3 691 235 802
rail 0.0019 287 567 735 698
rail 0.0019 3 650 429 943
rail 0.0018 -9 579 451 695
rail 0.0013 690 578 874 1061
rail 0.0012 467 579 734 654
rail 0.0011 0 708 270 993
rail 0.0011 483 598 640 638
rail 0.0010 213 610 414 732
switch-unknown 0.0014 724 574 781 604
switch-unknown 0.0012 703 578 763 609
track-sign-front 0.8581 1334 558 1387 643
track-sign-front 0.0426 903 537 914 554
track-sign-front 0.0120 907 534 921 552
track-sign-front 0.0089 371 553 415 584
track-sign-front 0.0038 394 555 422 581
track-sign-front 0.0020 889 536 912 592
track-sign-front 0.0020 1356 555 1413 649
track-sign-front 0.0020 1336 620 1380 698
track-sign-front 0.0017 1293 556 1344 635
track-sign-front 0.0014 1289 551 1398 661
track-sign-front 0.0012 1337 527 1384 618
track-sign-front 0.0011 1307 553 1364 626
track-signal-front 0.1323 124 385 145 426
track-signal-front 0.0207 901 537 912 554
track-signal-front 0.0035 838 527 854 549
track-signal-front 0.0032 902 535 916 561
track-signal-front 0.0026 837 521 857 575
track-signal-front 0.0012 123 389 150 458
track-signal-back 0.0015 754 522 771 560
track-signal-back 0.0015 793 512 812 564
pole 0.6259 351 121 444 802
pole 0.0270 350 449 405 809
pole 0.0215 343 262 414 841
pole 0.0173 174 522 564 757
pole 0.0038 791 505 813 604
pole 0.0024 372 157 523 800
pole 0.0022 626 422 648 636
pole 0.0018 263 105 410 835
pole 0.0017 746 515 775 598
pole 0.0014 1308 7 1433 938
pole 0.0011 354 571 398 776
pole 0.0011 627 500 647 604
pole 0.0011 689 516 717 598
pole 0.0011 754 504 802 607
rail-occluder 0.0071 214 657 235 683
rail-occluder 0.0016 213 654 273 686
rail-occluder 0.0010 175 645 277 689
