train-car 0.8227 4 341 931 1072
rail 0.9520 893 572 1159 1072
rail 0.1636 905 573 946 603
rail 0.0280 887 573 941 612
rail 0.0199 916 552 954 588
rail 0.0037 856 576 910 628
track-sign-front 0.3475 1039 570 1058 591
track-sign-front 0.0371 1041 564 1057 584
track-sign-front 0.0097 1040 569 1062 603
track-sign-front 0.0026 1108 633 1130 672
track-sign-front 0.0016 1102 579 1126 630
track-sign-front 0.0013 1104 594 1130 648
track-sign-front 0.0012 1035 562 1062 586
track-sign-front 0.0010 1057 567 1104 596
track-sign-front 0.0010 1108 625 1147 670
track-signal-front 0.1378 929 546 944 561
track-signal-front 0.0380 934 541 945 556
track-signal-front 0.0229 924 539 937 557
track-signal-front 0.0114 928 544 945 568
track-signal-front 0.0064 938 541 971 567
track-signal-front 0.0019 905 542 927 565
track-signal-front 0.0011 992 505 1009 561
track-signal-front 0.0010 920 543 955 569
