crossing 0.7106 762 687 942 774
crossing 0.2469 1 693 344 847
crossing 0.2311 848 533 890 549
crossing 0.1197 -2 646 504 918
crossing 0.0864 845 526 890 544
crossing 0.0193 -1 684 360 1018
crossing 0.0169 -4 701 186 829
crossing 0.0160 95 700 395 810
crossing 0.0063 757 645 954 807
crossing 0.0056 866 496 921 537
crossing 0.0037 849 499 901 533
crossing 0.0026 126 686 414 770
crossing 0.0022 297 670 440 727
crossing 0.0017 8 677 304 790
crossing 0.0016 -2 697 97 824
crossing 0.0015 -6 732 175 887
crossing 0.0014 832 603 902 625
crossing 0.0010 842 683 933 767
crossing 0.0010 244 682 453 749
crossing 0.0010 673 529 1079 890
guard-rail 0.0035 768 687 799 772
guard-rail 0.0015 759 686 813 787
rail 0.9479 621 508 1004 1073
rail 0.5239 2 551 676 998
rail 0.0525 -8 662 547 926
rail 0.0205 -2 685 350 1025
rail 0.0048 13 574 630 803
rail 0.0040 1210 643 1926 920
rail 0.0036 -44 668 536 1154
rail 0.0033 1102 593 2027 1137
rail 0.0025 127 519 856 860
rail 0.0024 -5 697 185 1005
rail 0.0023 400 548 675 692
rail 0.0016 210 560 690 759
rail 0.0014 1051 577 1908 841
switch-static 0.0020 759 532 799 555
track-sign-front 0.0320 906 499 918 518
track-sign-front 0.0018 905 481 920 507
track-sign-front 0.0010 584 447 609 511
track-signal-front 0.0202 885 462 899 480
track-signal-front 0.0202 880 464 895 482
track-signal-front 0.0120 876 460 905 485
track-signal-front 0.0031 582 463 597 493
track-signal-front 0.0021 577 442 600 497
track-signal-front 0.0011 578 408 603 530
track-signal-back 0.1285 259 286 289 342
track-signal-back 0.1277 735 381 751 402
track-signal-back 0.0374 613 259 643 343
track-signal-back 0.0313 220 316 245 372
track-signal-back 0.0236 732 380 756 409
track-signal-back 0.0213 673 235 737 336
track-signal-back 0.0157 761 403 778 425
track-signal-back 0.0150 218 301 261 366
track-signal-back 0.0074 234 298 278 383
track-signal-back 0.0049 673 211 734 299
track-signal-back 0.0025 685 354 717 429
track-signal-back 0.0024 609 281 647 368
track-signal-back 0.0019 611 307 646 421
track-signal-back 0.0019 240 284 293 352
track-signal-back 0.0013 253 300 288 426
track-signal-back 0.0012 225 337 272 418
track-signal-back 0.0012 606 328 639 390
track-signal-back 0.0012 619 260 644 299
track-signal-back 0.0011 649 225 761 358
track-signal-back 0.0010 228 371 272 450
pole 0.0103 598 274 634 641
pole 0.0044 584 343 608 613
pole 0.0015 680 302 720 519
pole 0.0011 594 241 666 609
