guard-rail 0.0731 1056 585 1070 623
guard-rail 0.0501 949 582 961 622
guard-rail 0.0419 1047 584 1065 622
guard-rail 0.0169 1029 542 1077 579
guard-rail 0.0164 943 590 957 628
guard-rail 0.0129 1040 533 1082 589
guard-rail 0.0113 1046 593 1059 624
guard-rail 0.0078 1064 580 1079 618
guard-rail 0.0043 948 568 970 598
guard-rail 0.0031 928 606 946 646
guard-rail 0.0027 926 625 942 670
guard-rail 0.0018 1049 581 1076 625
guard-rail 0.0017 526 677 681 754
guard-rail 0.0015 1058 541 1110 580
guard-rail 0.0015 1064 596 1080 632
guard-rail 0.0014 921 568 951 610
guard-rail 0.0014 1004 527 1054 569
guard-rail 0.0012 1084 552 1133 585
guard-rail 0.0011 941 580 966 624
guard-rail 0.0011 382 725 608 842
guard-rail 0.0011 1003 548 1050 585
train-car 0.0010 992 502 1035 529
platform 0.0026 974 499 1023 523
platform 0.0023 936 495 1010 523
rail 0.9635 1021 512 1915 1074
rail 0.9365 -1 506 950 1077
rail 0.9222 825 512 1159 1076
rail 0.4191 4 512 846 652
rail 0.2610 0 682 594 1074
rail 0.0448 3 531 543 640
rail 0.0081 234 514 849 595
rail 0.0065 3 564 342 646
rail 0.0044 10 541 609 724
rail 0.0027 389 531 812 637
rail 0.0027 10 493 617 612
rail 0.0025 -12 468 781 760
rail 0.0022 886 509 960 544
rail 0.0021 824 528 997 1061
rail 0.0019 827 866 1140 1074
rail 0.0019 254 487 964 722
rail 0.0018 -11 553 276 614
rail 0.0018 -8 572 231 634
rail 0.0017 566 506 822 567
rail 0.0014 909 506 973 540
rail 0.0014 6 582 322 690
rail 0.0012 499 500 928 656
rail 0.0012 -9 522 391 698
rail 0.0012 7 758 361 1033
rail 0.0012 628 507 802 552
rail 0.0011 349 562 838 804
rail 0.0010 358 688 635 898
rail 0.0010 -5 590 175 656
switch-indicator 0.0462 670 524 684 540
switch-indicator 0.0197 698 518 712 533
switch-indicator 0.0142 597 568 628 632
switch-indicator 0.0038 584 574 621 635
switch-indicator 0.0029 702 517 723 536
switch-indicator 0.0025 577 601 613 636
switch-indicator 0.0016 560 565 651 636
switch-indicator 0.0016 694 517 714 538
switch-indicator 0.0011 1148 641 1185 690
switch-indicator 0.0010 672 501 703 544
switch-left 0.0093 826 911 1152 1076
switch-left 0.0048 499 662 695 737
switch-left 0.0045 383 714 613 791
switch-left 0.0038 418 726 572 776
switch-left 0.0015 1025 530 1080 579
switch-left 0.0015 605 649 716 689
switch-left 0.0014 507 683 661 751
switch-left 0.0014 328 702 579 886
switch-left 0.0012 834 762 1143 1046
switch-left 0.0010 392 736 547 792
switch-right 0.0814 1034 534 1076 558
switch-right 0.0057 407 724 582 777
switch-right 0.0038 502 663 689 739
switch-right 0.0024 363 718 565 802
switch-right 0.0022 436 702 643 787
switch-right 0.0019 550 639 737 718
switch-right 0.0013 342 728 565 861
switch-right 0.0012 605 642 717 681
switch-unknown 0.1030 1039 535 1082 558
switch-unknown 0.0387 1030 529 1071 553
switch-unknown 0.0100 1048 536 1101 563
switch-unknown 0.0037 993 495 1032 529
switch-unknown 0.0035 902 506 944 542
switch-unknown 0.0028 1001 504 1040 538
switch-unknown 0.0015 878 513 933 541
switch-unknown 0.0010 1046 523 1106 556
switch-unknown 0.0010 1013 494 1063 539
switch-static 0.3107 496 648 577 680
switch-static 0.0668 907 559 940 576
switch-static 0.0368 434 671 477 702
switch-static 0.0245 486 641 586 696
switch-static 0.0147 913 561 954 586
switch-static 0.0070 447 655 547 692
switch-static 0.0069 422 652 593 718
switch-static 0.0050 420 663 494 709
switch-static 0.0029 483 641 678 718
switch-static 0.0029 912 527 960 576
switch-static 0.0024 882 539 935 575
switch-static 0.0018 603 649 717 688
switch-static 0.0015 464 610 644 685
switch-static 0.0014 436 665 533 712
track-sign-front 0.1504 1594 546 1614 594
track-sign-front 0.0720 672 527 684 544
track-sign-front 0.0574 1148 642 1167 686
track-sign-front 0.0138 701 516 713 530
track-sign-front 0.0079 1118 505 1129 528
track-sign-front 0.0068 1582 534 1617 609
track-sign-front 0.0030 1116 505 1131 543
track-sign-front 0.0024 1595 533 1633 607
track-sign-front 0.0023 1595 568 1615 603
track-sign-front 0.0014 1148 641 1185 689
track-sign-front 0.0013 1594 554 1617 620
track-signal-front 0.0052 1000 445 1026 472
track-signal-back 0.2396 925 424 937 454
track-signal-back 0.1098 927 426 941 462
track-signal-back 0.0285 925 413 938 443
track-signal-back 0.0104 919 450 939 512
track-signal-back 0.0051 1001 450 1017 472
track-signal-back 0.0044 918 441 952 524
track-signal-back 0.0036 919 421 946 457
pole 0.0275 822 320 838 545
pole 0.0044 924 475 968 543
pole 0.0034 909 467 944 548
pole 0.0023 824 386 837 516
pole 0.0022 921 439 940 528
pole 0.0012 815 354 843 537
rail-occluder 0.0093 668 524 684 546
rail-occluder 0.0077 598 567 628 623
rail-occluder 0.0046 925 503 961 539
rail-occluder 0.0013 699 513 715 533
