crossing 0.0194 1212 689 1419 768
crossing 0.0047 1270 710 1436 774
crossing 0.0022 1178 666 1397 750
crossing 0.0017 1738 660 1894 729
crossing 0.0014 1077 567 1583 942
crossing 0.0012 1689 642 1842 692
crossing 0.0012 1746 656 1876 700
crossing 0.0010 1638 623 1843 684
guard-rail 0.1992 647 769 840 1077
guard-rail 0.0123 907 475 958 509
guard-rail 0.0077 1015 469 1068 535
guard-rail 0.0069 1021 476 1114 533
guard-rail 0.0069 823 791 956 1077
guard-rail 0.0046 1045 495 1134 542
guard-rail 0.0045 753 824 1002 1074
guard-rail 0.0030 849 832 927 1070
guard-rail 0.0025 1253 607 1361 699
guard-rail 0.0024 1077 513 1140 544
guard-rail 0.0020 925 483 988 516
guard-rail 0.0016 973 769 1025 1069
guard-rail 0.0012 1189 602 1373 718
guard-rail 0.0010 997 790 1027 1084
rail 0.9102 624 428 1022 1073
rail 0.9014 897 441 1863 1072
rail 0.7920 1085 448 1911 772
rail 0.6776 644 767 1018 1075
rail 0.0914 821 434 955 498
rail 0.0860 1198 459 1923 648
rail 0.0525 667 751 830 1085
rail 0.0345 1575 511 1920 647
rail 0.0218 866 449 962 492
rail 0.0148 1670 527 1920 621
rail 0.0141 819 422 935 474
rail 0.0094 725 599 1024 967
rail 0.0084 1735 551 1922 651
rail 0.0078 1668 555 1922 757
rail 0.0077 1486 481 1915 601
rail 0.0072 1746 605 1921 784
rail 0.0069 1415 514 1929 776
rail 0.0057 786 416 926 494
rail 0.0055 845 425 994 488
rail 0.0044 775 447 883 500
rail 0.0044 1760 665 1910 768
rail 0.0044 827 452 915 505
rail 0.0040 1125 458 1413 550
rail 0.0036 807 419 998 520
rail 0.0035 852 433 1085 525
rail 0.0035 1247 472 1410 567
rail 0.0033 1061 446 1542 601
rail 0.0029 890 432 1050 1075
rail 0.0024 811 435 1415 1073
rail 0.0024 1027 454 1393 707
rail 0.0024 1791 562 1922 632
rail 0.0021 990 461 1050 527
rail 0.0019 950 435 1213 549
rail 0.0019 1161 457 1402 512
rail 0.0019 927 430 1678 651
rail 0.0018 804 746 1049 1037
rail 0.0018 776 799 932 1066
rail 0.0017 1834 564 1919 659
rail 0.0017 1758 546 1909 608
rail 0.0017 1706 627 1927 869
rail 0.0015 817 430 897 484
rail 0.0014 1761 645 1907 714
rail 0.0013 1847 586 1920 720
rail 0.0013 977 752 1016 1067
rail 0.0012 1047 436 1302 521
rail 0.0012 996 445 1371 556
rail 0.0012 1160 515 1373 700
rail 0.0011 775 407 888 454
rail 0.0011 1635 618 1874 700
rail 0.0010 4 575 294 794
rail 0.0010 1035 505 1517 1011
rail 0.0010 761 430 937 553
rail 0.0010 1008 460 1117 533
switch-indicator 0.2411 778 528 813 593
switch-indicator 0.1148 471 685 554 776
switch-indicator 0.0814 711 552 746 637
switch-indicator 0.0163 817 466 874 511
switch-indicator 0.0141 644 604 692 695
switch-indicator 0.0102 700 542 766 631
switch-indicator 0.0085 812 456 854 509
switch-indicator 0.0083 764 530 819 613
switch-indicator 0.0079 680 550 754 654
switch-indicator 0.0050 581 658 636 703
switch-indicator 0.0050 697 577 744 650
switch-indicator 0.0045 484 705 546 799
switch-indicator 0.0032 712 540 738 583
switch-indicator 0.0032 802 452 892 511
switch-indicator 0.0027 780 540 811 626
switch-indicator 0.0022 63 819 165 1053
switch-indicator 0.0022 782 529 828 576
switch-indicator 0.0021 804 453 836 503
switch-indicator 0.0016 775 514 811 571
switch-indicator 0.0014 77 836 144 1000
switch-indicator 0.0013 599 652 659 703
switch-indicator 0.0011 438 683 548 810
switch-left 0.1890 689 764 1023 985
switch-left 0.0891 736 755 1014 890
switch-left 0.0030 797 752 1035 844
switch-left 0.0023 759 780 916 901
switch-left 0.0015 863 768 1016 834
switch-right 0.1644 751 762 1023 881
switch-right 0.0773 700 717 991 914
switch-right 0.0099 906 475 959 509
switch-right 0.0013 680 780 947 899
switch-right 0.0012 862 618 987 669
switch-right 0.0011 721 757 933 846
switch-unknown 0.0300 891 462 959 501
switch-unknown 0.0213 875 450 957 490
switch-unknown 0.0036 1003 455 1049 490
switch-unknown 0.0028 927 459 1009 497
switch-unknown 0.0019 925 480 989 516
switch-unknown 0.0018 899 451 984 488
switch-unknown 0.0017 1009 450 1070 488
switch-unknown 0.0013 932 448 1014 484
switch-unknown 0.0010 938 456 1051 501
switch-static 0.1510 473 688 549 759
switch-static 0.0394 462 683 562 791
switch-static 0.0269 828 477 879 511
switch-static 0.0107 1118 671 1219 731
switch-static 0.0082 813 466 866 515
switch-static 0.0045 584 664 631 706
switch-static 0.0041 1874 769 1920 817
switch-static 0.0031 62 954 371 1050
switch-static 0.0028 1147 686 1214 730
switch-static 0.0026 840 459 900 509
switch-static 0.0022 1853 730 1919 815
switch-static 0.0018 873 468 941 514
switch-static 0.0018 1187 992 1291 1040
switch-static 0.0018 491 713 585 800
switch-static 0.0017 20 848 277 1069
switch-static 0.0014 604 663 656 709
switch-static 0.0013 1056 676 1175 730
switch-static 0.0013 1890 710 1921 780
switch-static 0.0011 1377 566 1460 632
switch-static 0.0010 786 479 830 525
track-sign-front 0.0089 1300 -1 1341 31
track-sign-front 0.0039 211 621 271 713
track-sign-front 0.0029 804 456 835 502
track-sign-front 0.0028 1185 430 1206 466
track-sign-front 0.0023 1389 326 1425 368
track-sign-front 0.0021 1221 779 1263 876
track-sign-front 0.0021 824 390 863 431
track-sign-front 0.0020 713 540 736 569
track-sign-front 0.0019 739 458 788 488
track-sign-front 0.0015 1192 423 1225 467
track-sign-front 0.0010 1507 460 1540 520
track-signal-front 0.6771 1238 -1 1298 104
track-signal-front 0.6674 825 0 879 95
track-signal-front 0.4499 751 -1 823 100
track-signal-front 0.1761 1159 33 1229 106
track-signal-front 0.1462 827 41 930 136
track-signal-front 0.0743 1164 15 1253 123
track-signal-front 0.0552 1249 34 1298 133
track-signal-front 0.0435 774 10 922 127
track-signal-front 0.0261 750 5 876 110
track-signal-front 0.0187 1259 4 1339 103
track-signal-front 0.0168 1295 24 1342 113
track-signal-front 0.0154 1161 9 1225 60
track-signal-front 0.0095 1209 -1 1317 118
track-signal-front 0.0076 753 38 853 123
track-signal-front 0.0071 743 30 806 105
track-signal-front 0.0054 1153 50 1232 134
track-signal-front 0.0054 1263 118 1285 144
track-signal-front 0.0053 851 78 928 137
track-signal-front 0.0049 825 -9 877 54
track-signal-front 0.0044 792 38 874 136
track-signal-front 0.0040 1899 116 1920 179
track-signal-front 0.0039 1287 0 1344 40
track-signal-front 0.0039 1339 226 1392 347
track-signal-front 0.0038 749 -4 819 39
track-signal-front 0.0036 876 50 943 137
track-signal-front 0.0034 1154 21 1209 91
track-signal-front 0.0033 847 10 920 98
track-signal-front 0.0030 1307 28 1361 125
track-signal-front 0.0029 808 84 895 137
track-signal-front 0.0024 1181 32 1287 139
track-signal-front 0.0019 1278 41 1338 128
track-signal-front 0.0019 1233 -8 1293 48
track-signal-front 0.0019 1252 107 1287 142
track-signal-front 0.0018 1158 -3 1222 36
track-signal-front 0.0014 727 -50 902 153
track-signal-front 0.0014 787 -39 951 165
track-signal-front 0.0014 1221 783 1263 885
track-signal-front 0.0014 1323 34 1385 116
track-signal-front 0.0013 858 0 921 49
track-signal-back 0.0041 1898 115 1920 180
pole 0.0038 1004 281 1043 535
pole 0.0022 505 54 604 700
pole 0.0017 538 57 655 683
pole 0.0017 1018 248 1052 527
pole 0.0014 597 104 670 633
pole 0.0013 1004 168 1058 516
rail-occluder 0.1445 1017 473 1040 526
rail-occluder 0.0219 1353 517 1386 580
rail-occluder 0.0112 1323 501 1391 589
rail-occluder 0.0101 1187 442 1211 468
rail-occluder 0.0098 1022 480 1045 540
rail-occluder 0.0073 1307 497 1351 553
rail-occluder 0.0047 1006 467 1060 529
rail-occluder 0.0041 1299 491 1415 582
rail-occluder 0.0035 1294 500 1340 542
rail-occluder 0.0030 1307 508 1370 580
rail-occluder 0.0030 1266 481 1457 620
rail-occluder 0.0026 1095 439 1128 475
rail-occluder 0.0025 1348 529 1404 602
rail-occluder 0.0024 1273 473 1388 568
rail-occluder 0.0021 1085 445 1117 474
rail-occluder 0.0020 1340 532 1384 593
rail-occluder 0.0016 822 406 885 464
rail-occluder 0.0016 1339 509 1448 619
rail-occluder 0.0015 1279 481 1345 534
rail-occluder 0.0014 1350 487 1396 535
rail-occluder 0.0014 1509 463 1542 532
rail-occluder 0.0013 1324 540 1433 645
rail-occluder 0.0013 1379 567 1458 631
rail-occluder 0.0012 790 445 855 505
rail-occluder 0.0011 1325 481 1386 538
rail-occluder 0.0011 998 442 1070 543
rail-occluder 0.0010 1006 455 1112 538
