crossing 0.0026 811 801 985 841
guard-rail 0.2827 863 610 984 791
guard-rail 0.1227 871 592 1084 790
guard-rail 0.0802 972 602 1093 775
guard-rail 0.0305 738 566 1113 910
guard-rail 0.0282 831 606 1018 851
guard-rail 0.0238 989 611 1099 707
guard-rail 0.0156 951 634 1042 791
guard-rail 0.0103 863 664 933 792
guard-rail 0.0083 1018 616 1095 678
guard-rail 0.0075 907 576 1153 899
guard-rail 0.0061 918 603 1077 699
guard-rail 0.0055 1003 628 1076 762
guard-rail 0.0040 889 590 1006 720
guard-rail 0.0038 1004 574 1125 959
guard-rail 0.0025 995 593 1141 675
guard-rail 0.0024 946 685 1001 790
guard-rail 0.0016 867 621 954 742
guard-rail 0.0015 948 613 1045 685
guard-rail 0.0014 918 629 1017 767
guard-rail 0.0013 908 591 1026 677
guard-rail 0.0011 893 605 963 706
guard-rail 0.0010 950 719 985 794
rail 0.8517 660 557 1214 1075
rail 0.0100 943 538 1268 1074
rail 0.0097 986 564 1156 1062
rail 0.0021 860 599 1097 1049
rail 0.0018 847 539 1263 823
track-sign-front 0.0163 930 588 971 638
track-sign-front 0.0042 886 531 910 557
track-sign-front 0.0040 1186 553 1228 654
track-sign-front 0.0031 905 585 960 641
track-sign-front 0.0031 901 590 984 657
track-sign-front 0.0010 932 564 965 612
track-signal-front 0.2777 1336 345 1362 381
track-signal-front 0.2598 1335 390 1360 440
track-signal-front 0.0480 1334 354 1363 424
track-signal-front 0.0042 1333 393 1364 470
track-signal-front 0.0037 1338 384 1377 437
track-signal-front 0.0024 1209 410 1229 456
track-signal-front 0.0015 1341 349 1387 401
track-signal-front 0.0012 1330 336 1378 389
track-signal-front 0.0012 1313 380 1375 450
track-signal-back 0.0029 1337 417 1359 465
rail-occluder 0.0469 1120 559 1234 681
rail-occluder 0.0066 1183 551 1226 661
rail-occluder 0.0028 1111 574 1189 672
rail-occluder 0.0017 1161 555 1226 623
