guard-rail 0.0035 864 655 946 1077
guard-rail 0.0017 821 715 887 1029
guard-rail 0.0016 872 685 912 721
guard-rail 0.0013 813 724 855 869
rail 0.9529 107 657 868 1076
rail 0.9229 704 651 978 1079
rail 0.0042 817 738 877 1066
rail 0.0022 847 654 954 1078
rail 0.0013 689 693 858 1078
switch-right 0.0146 873 681 910 701
switch-unknown 0.0089 879 676 911 698
switch-unknown 0.0015 866 669 907 695
track-sign-front 0.0110 936 640 954 673
track-sign-front 0.0068 939 652 953 682
track-sign-front 0.0038 461 665 504 722
track-sign-front 0.0038 806 632 829 657
track-sign-front 0.0032 812 616 844 661
track-sign-front 0.0017 937 625 957 656
track-sign-front 0.0016 944 636 961 662
track-sign-front 0.0016 943 657 962 684
track-sign-front 0.0014 911 624 949 666
track-sign-front 0.0012 916 649 952 694
track-sign-front 0.0010 809 613 830 644
track-signal-front 0.1444 835 612 848 631
track-signal-front 0.0473 831 607 841 625
track-signal-front 0.0040 837 608 877 636
track-signal-front 0.0033 828 612 854 653
track-signal-back 0.0012 894 568 920 632
rail-occluder 0.0015 456 673 513 750
