guard-rail 0.0212 718 643 787 671
guard-rail 0.0143 875 637 934 676
guard-rail 0.0035 902 735 1004 793
guard-rail 0.0033 913 655 962 691
rail 0.9574 4 605 861 1077
rail 0.8987 861 600 1219 1079
rail 0.7429 664 738 1002 1080
rail 0.0877 826 637 931 684
rail 0.0858 790 625 905 677
rail 0.0568 1083 622 1918 785
rail 0.0263 852 740 1101 1079
rail 0.0242 788 628 853 670
rail 0.0234 726 624 871 676
rail 0.0222 661 569 1151 1074
rail 0.0216 853 720 998 828
rail 0.0213 874 633 937 680
rail 0.0162 800 608 893 650
rail 0.0161 775 626 831 656
rail 0.0111 845 607 903 646
rail 0.0107 1350 661 1932 773
rail 0.0081 824 703 1056 846
rail 0.0070 887 760 1005 1076
rail 0.0069 767 595 1025 1039
rail 0.0062 868 623 917 657
rail 0.0041 749 613 931 696
rail 0.0033 787 600 972 724
rail 0.0023 940 593 1889 868
rail 0.0022 788 638 917 703
rail 0.0021 1250 581 1900 740
rail 0.0020 855 597 885 623
rail 0.0019 1092 487 1867 807
rail 0.0017 711 622 809 673
rail 0.0017 736 630 799 657
rail 0.0017 876 614 961 679
rail 0.0016 664 592 934 720
rail 0.0010 813 572 989 800
switch-indicator 0.0086 794 630 838 671
switch-indicator 0.0030 797 638 856 677
switch-left 0.2927 871 733 1005 793
switch-left 0.0658 873 655 935 688
switch-left 0.0185 837 648 936 683
switch-left 0.0182 716 642 790 672
switch-left 0.0141 872 665 950 698
switch-left 0.0059 866 716 986 759
switch-left 0.0034 873 739 1036 828
switch-right 0.3248 872 734 999 795
switch-right 0.1799 870 652 933 681
switch-right 0.0284 732 635 801 668
switch-right 0.0218 844 634 920 670
switch-right 0.0139 871 665 948 698
switch-right 0.0079 714 641 776 667
switch-right 0.0047 866 716 986 759
switch-unknown 0.0835 753 632 814 658
switch-unknown 0.0554 778 628 829 652
switch-unknown 0.0508 732 637 799 664
switch-unknown 0.0230 789 615 850 647
switch-unknown 0.0216 811 603 886 647
switch-unknown 0.0207 847 603 900 646
switch-unknown 0.0190 856 600 884 617
switch-unknown 0.0188 841 598 881 622
switch-unknown 0.0100 870 624 914 654
switch-unknown 0.0059 809 594 850 636
switch-unknown 0.0014 861 592 909 618
switch-static 0.0181 968 691 1014 717
switch-static 0.0175 969 698 1020 725
switch-static 0.0121 958 684 1000 711
switch-static 0.0088 1013 732 1068 759
switch-static 0.0084 995 723 1053 754
switch-static 0.0081 826 740 871 772
switch-static 0.0068 817 643 886 678
switch-static 0.0067 979 707 1044 738
switch-static 0.0062 1030 738 1098 764
switch-static 0.0058 1038 745 1102 781
switch-static 0.0045 806 743 863 782
switch-static 0.0044 803 734 861 767
switch-static 0.0043 1014 741 1066 780
switch-static 0.0025 1012 714 1062 746
switch-static 0.0022 942 670 988 696
switch-static 0.0020 737 627 794 657
switch-static 0.0018 950 696 1005 728
switch-static 0.0015 697 647 741 666
switch-static 0.0015 996 743 1054 785
switch-static 0.0015 765 728 839 762
switch-static 0.0013 963 713 1027 760
switch-static 0.0013 831 664 875 696
switch-static 0.0013 978 684 1040 722
switch-static 0.0010 1050 741 1109 769
track-sign-front 0.0098 741 584 755 603
track-sign-front 0.0081 983 585 1001 616
track-sign-front 0.0024 939 586 964 616
track-sign-front 0.0024 982 590 1005 632
track-sign-front 0.0024 1048 584 1077 644
track-sign-front 0.0023 953 576 1001 622
track-sign-front 0.0017 737 568 753 595
track-sign-front 0.0016 990 587 1025 618
track-sign-front 0.0011 385 675 410 747
track-sign-front 0.0010 1033 585 1070 627
track-sign-front 0.0010 741 574 760 609
track-signal-back 0.0012 827 536 845 592
pole 0.0640 1703 -2 1774 848
pole 0.0094 1721 207 1768 816
pole 0.0029 1391 62 1535 791
pole 0.0029 1716 -16 1826 858
pole 0.0016 1042 346 1083 766
pole 0.0016 1305 64 1513 881
pole 0.0015 1659 0 1799 807
pole 0.0012 1731 233 1801 804
pole 0.0012 1420 220 1497 812
pole 0.0011 1240 -11 1394 768
pole 0.0010 825 533 847 617
rail-occluder 0.0152 790 637 821 674
