crossing 0.7122 778 493 920 545
crossing 0.2246 383 484 544 544
crossing 0.0955 402 496 502 541
crossing 0.0294 22 302 799 818
crossing 0.0271 421 453 596 585
crossing 0.0100 1122 373 1211 404
crossing 0.0094 750 468 950 585
crossing 0.0086 1115 391 1209 422
crossing 0.0083 1149 370 1212 393
crossing 0.0074 392 468 544 633
crossing 0.0067 846 499 921 548
crossing 0.0052 334 357 684 684
crossing 0.0037 316 445 566 602
crossing 0.0034 1137 383 1216 417
crossing 0.0032 775 471 925 531
crossing 0.0026 820 332 882 359
crossing 0.0025 459 461 561 541
crossing 0.0023 784 495 854 546
crossing 0.0022 1154 344 1218 386
crossing 0.0020 810 509 927 553
crossing 0.0019 788 448 965 555
crossing 0.0019 1124 403 1208 432
crossing 0.0017 431 435 643 540
crossing 0.0017 387 498 508 585
crossing 0.0014 342 483 457 537
crossing 0.0012 652 392 1034 703
crossing 0.0012 626 327 693 357
crossing 0.0010 376 462 514 525
crossing 0.0010 1071 366 1214 410
guard-rail 0.0256 -2 640 282 1061
guard-rail 0.0080 0 733 183 974
guard-rail 0.0015 -3 688 257 905
guard-rail 0.0013 0 809 82 976
guard-rail 0.0010 1 788 124 942
train-car 0.2357 149 172 644 449
train-car 0.0054 672 285 713 316
train-car 0.0054 395 248 643 412
train-car 0.0038 532 308 617 383
train-car 0.0036 685 279 722 317
train-car 0.0034 656 289 752 317
train-car 0.0021 630 286 691 323
train-car 0.0017 743 274 956 321
train-car 0.0013 265 214 534 421
train-car 0.0011 593 245 660 342
platform 0.8014 948 316 1914 1076
platform 0.0410 1054 306 1887 449
platform 0.0119 878 312 1296 482
platform 0.0098 963 299 1501 631
platform 0.0094 -4 453 277 742
platform 0.0044 819 303 1596 902
platform 0.0033 813 311 1216 586
platform 0.0027 -2 446 154 662
platform 0.0021 -1 407 449 769
platform 0.0020 -1 505 200 831
platform 0.0019 963 254 1177 579
platform 0.0010 438 444 633 551
rail 0.9556 666 325 1119 1069
rail 0.7807 1001 307 1914 647
rail 0.7285 5 308 808 1043
rail 0.2303 632 308 746 350
rail 0.1267 724 307 931 352
rail 0.1115 626 307 841 354
rail 0.0583 1216 372 1913 565
rail 0.0527 649 314 909 371
rail 0.0495 -1 419 85 498
rail 0.0489 650 304 795 334
rail 0.0446 630 305 700 343
rail 0.0440 598 311 675 358
rail 0.0286 657 295 744 335
rail 0.0275 57 398 189 484
rail 0.0270 713 312 816 350
rail 0.0224 -4 423 55 485
rail 0.0208 732 318 795 348
rail 0.0178 1301 178 1907 915
rail 0.0173 2 403 119 521
rail 0.0171 -1 428 78 561
rail 0.0159 795 318 937 353
rail 0.0131 3 584 334 1044
rail 0.0112 -4 410 105 467
rail 0.0109 685 309 773 347
rail 0.0107 600 303 892 414
rail 0.0106 670 290 930 340
rail 0.0095 1073 305 1507 522
rail 0.0091 755 291 817 351
rail 0.0088 1 465 500 981
rail 0.0087 727 295 788 339
rail 0.0086 757 294 887 344
rail 0.0086 1478 280 1836 825
rail 0.0080 1061 284 1203 376
rail 0.0079 -1 433 51 519
rail 0.0074 75 318 648 672
rail 0.0065 609 311 756 371
rail 0.0062 440 343 736 614
rail 0.0061 60 376 402 507
rail 0.0057 835 306 1228 444
rail 0.0056 493 324 702 541
rail 0.0056 -1 500 297 885
rail 0.0055 1306 376 1902 722
rail 0.0055 784 312 875 351
rail 0.0053 387 345 756 799
rail 0.0050 56 414 139 483
rail 0.0050 1057 325 1693 437
rail 0.0048 724 327 836 358
rail 0.0047 897 277 1054 384
rail 0.0045 235 405 637 1067
rail 0.0044 932 258 1118 384
rail 0.0042 823 301 1020 349
rail 0.0042 -5 439 120 610
rail 0.0040 757 298 981 363
rail 0.0038 1 404 74 448
rail 0.0037 1062 305 1265 359
rail 0.0036 767 327 896 362
rail 0.0035 535 295 689 381
rail 0.0032 989 316 1234 416
rail 0.0031 13 435 168 508
rail 0.0030 814 284 1084 357
rail 0.0030 1595 440 1924 697
rail 0.0029 115 387 295 488
rail 0.0028 580 274 698 353
rail 0.0028 563 302 918 493
rail 0.0028 492 323 892 596
rail 0.0028 1141 273 1268 463
rail 0.0028 705 304 1063 399
rail 0.0027 1 387 181 594
rail 0.0025 734 306 1125 475
rail 0.0024 630 282 824 312
rail 0.0023 671 318 801 384
rail 0.0023 -1 459 42 534
rail 0.0023 1089 255 1274 409
rail 0.0023 1696 474 1920 576
rail 0.0023 192 608 341 1057
rail 0.0023 1035 328 1246 379
rail 0.0022 1295 279 1822 424
rail 0.0019 1186 268 1434 387
rail 0.0019 1177 353 1744 486
rail 0.0019 855 265 988 332
rail 0.0019 50 438 199 492
rail 0.0019 707 245 918 336
rail 0.0017 643 322 723 360
rail 0.0017 0 728 255 1086
rail 0.0017 646 269 842 362
rail 0.0017 0 447 37 599
rail 0.0016 663 313 998 522
rail 0.0014 1730 499 1923 677
rail 0.0014 -11 432 226 556
rail 0.0014 1516 383 1845 635
rail 0.0013 524 275 784 429
rail 0.0012 1095 335 1223 375
rail 0.0012 476 314 972 1058
rail 0.0012 -57 336 360 677
rail 0.0011 4 462 98 533
rail 0.0011 5 424 315 626
rail 0.0011 266 412 393 559
rail 0.0010 137 582 431 1090
rail 0.0010 1695 420 1913 526
rail 0.0010 850 293 1102 415
rail 0.0010 851 310 934 351
switch-indicator 0.0015 97 405 197 484
switch-unknown 0.0103 834 324 899 346
switch-unknown 0.0068 732 335 781 352
switch-unknown 0.0021 709 340 768 360
switch-unknown 0.0016 843 286 906 347
switch-unknown 0.0014 860 307 926 349
switch-static 0.0058 754 331 804 352
switch-static 0.0040 771 334 826 353
switch-static 0.0011 204 531 255 574
track-sign-front 0.0586 796 284 807 332
track-sign-front 0.0128 1674 517 1704 552
track-sign-front 0.0070 613 109 640 130
track-sign-front 0.0042 219 174 255 201
track-sign-front 0.0036 151 325 185 400
track-sign-front 0.0020 248 337 287 398
track-sign-front 0.0017 1776 339 1806 429
track-sign-front 0.0014 1623 507 1771 554
track-signal-front 0.6092 798 202 812 232
track-signal-front 0.3500 797 208 812 257
track-signal-front 0.3063 915 258 927 288
track-signal-front 0.2695 797 234 812 262
track-signal-front 0.1399 914 260 926 307
track-signal-front 0.1244 1298 273 1314 302
track-signal-front 0.0391 799 224 814 299
track-signal-front 0.0343 1297 263 1315 317
track-signal-front 0.0321 913 251 929 269
track-signal-front 0.0197 787 237 811 273
track-signal-front 0.0144 910 244 949 295
track-signal-front 0.0121 727 213 740 233
track-signal-front 0.0086 724 205 740 276
track-signal-front 0.0081 729 208 747 230
track-signal-front 0.0044 1290 254 1322 327
track-signal-front 0.0038 794 198 819 230
track-signal-front 0.0037 603 251 627 348
track-signal-front 0.0035 844 252 892 322
track-signal-front 0.0029 793 213 819 268
track-signal-front 0.0028 791 174 819 289
track-signal-front 0.0024 145 157 507 439
track-signal-front 0.0021 223 254 313 431
track-signal-front 0.0019 199 202 318 335
track-signal-front 0.0017 146 230 385 453
track-signal-front 0.0015 690 226 732 325
track-signal-front 0.0013 262 327 294 374
track-signal-front 0.0011 727 203 761 286
track-signal-back 0.0032 1255 205 1311 264
fence 0.0598 40 297 862 1057
fence 0.0466 403 437 578 724
fence 0.0379 315 379 661 806
fence 0.0191 3 510 480 1064
person 0.3484 290 363 360 515
person 0.0366 549 304 610 378
person 0.0299 247 339 308 470
person 0.0293 590 307 640 369
person 0.0239 545 310 583 379
person 0.0189 253 340 293 417
person 0.0189 74 381 215 480
person 0.0180 277 347 335 481
person 0.0135 65 363 307 487
person 0.0110 598 285 630 365
person 0.0094 306 356 377 473
person 0.0090 300 415 376 522
person 0.0076 325 349 390 515
person 0.0063 260 342 317 431
person 0.0056 540 315 570 370
person 0.0054 99 221 622 512
person 0.0036 338 354 380 438
person 0.0035 311 272 395 474
person 0.0032 160 382 251 482
person 0.0030 334 437 380 521
person 0.0028 184 363 269 467
person 0.0025 225 350 289 464
person 0.0024 290 409 342 528
person 0.0024 287 354 343 437
person 0.0022 603 250 628 350
person 0.0022 230 366 343 484
person 0.0022 263 379 310 472
person 0.0021 147 338 194 428
person 0.0020 533 300 648 405
person 0.0018 189 366 371 524
person 0.0016 355 331 379 401
person 0.0016 508 284 624 376
person 0.0013 119 333 224 435
person 0.0013 262 335 314 393
person 0.0012 137 358 216 467
person 0.0012 166 375 323 477
person 0.0010 64 347 188 453
person 0.0010 525 319 581 387
pole 0.6396 1081 208 1110 407
pole 0.4995 1605 32 1735 757
pole 0.3533 1195 152 1264 582
pole 0.2909 1012 252 1027 386
pole 0.2381 1034 243 1048 344
pole 0.2275 1016 274 1032 380
pole 0.1614 978 243 1001 383
pole 0.1579 797 232 809 348
pole 0.1437 955 238 986 374
pole 0.1398 1161 230 1177 345
pole 0.1343 1545 233 1577 411
pole 0.1308 1407 251 1432 387
pole 0.1275 1029 239 1051 388
pole 0.1024 1003 232 1029 364
pole 0.0978 945 238 969 357
pole 0.0801 1126 255 1142 354
pole 0.0793 1056 216 1103 406
pole 0.0694 546 448 568 646
pole 0.0639 914 259 928 331
pole 0.0468 1293 259 1314 372
pole 0.0433 1771 240 1807 447
pole 0.0336 480 478 516 722
pole 0.0333 927 243 963 350
pole 0.0326 977 237 1020 391
pole 0.0305 250 568 293 987
pole 0.0299 1043 222 1089 368
pole 0.0263 994 237 1045 389
pole 0.0253 1018 305 1036 397
pole 0.0248 947 283 965 364
pole 0.0233 952 253 1000 400
pole 0.0226 1306 251 1341 377
pole 0.0215 1200 166 1240 500
pole 0.0215 1337 160 1887 787
pole 0.0214 1068 216 1124 414
pole 0.0206 793 286 808 338
pole 0.0205 794 218 830 349
pole 0.0205 1170 249 1291 561
pole 0.0195 1375 271 1389 353
pole 0.0185 1120 272 1148 381
pole 0.0182 1289 295 1307 371
pole 0.0180 475 434 536 706
pole 0.0173 1004 246 1074 386
pole 0.0167 720 208 741 329
pole 0.0158 403 552 434 831
pole 0.0157 798 221 815 304
pole 0.0154 981 293 995 396
pole 0.0148 620 405 638 543
pole 0.0142 1533 209 1596 445
pole 0.0141 618 104 643 377
pole 0.0122 907 281 927 331
pole 0.0121 1206 180 1293 387
pole 0.0118 771 222 815 347
pole 0.0115 1287 207 1331 377
pole 0.0113 1154 285 1182 365
pole 0.0113 586 396 610 651
pole 0.0107 593 390 638 558
pole 0.0104 1298 244 1322 342
pole 0.0101 1160 193 1205 348
pole 0.0100 568 444 603 637
pole 0.0088 1086 214 1109 336
pole 0.0086 1574 224 1676 701
pole 0.0083 1211 143 1262 438
pole 0.0082 1099 260 1170 350
pole 0.0081 1115 245 1344 588
pole 0.0071 836 254 868 325
pole 0.0070 1553 143 1731 569
pole 0.0069 760 286 814 350
pole 0.0066 1229 228 1268 438
pole 0.0065 1132 149 1243 493
pole 0.0062 980 260 1202 455
pole 0.0061 252 603 282 887
pole 0.0061 1161 219 1389 477
pole 0.0061 1023 255 1127 399
pole 0.0058 912 235 947 306
pole 0.0053 909 299 933 342
pole 0.0052 1250 167 1318 350
pole 0.0050 1153 209 1185 345
pole 0.0050 790 211 810 306
pole 0.0049 1121 238 1153 349
pole 0.0048 1192 157 1230 418
pole 0.0048 921 242 995 384
pole 0.0047 573 418 621 548
pole 0.0046 1529 266 1598 386
pole 0.0046 600 108 639 378
pole 0.0045 980 228 1012 332
pole 0.0043 727 208 773 329
pole 0.0042 514 403 580 663
pole 0.0041 554 443 597 682
pole 0.0041 608 217 644 364
pole 0.0040 400 548 474 831
pole 0.0038 583 438 609 556
pole 0.0037 1496 263 1790 593
pole 0.0036 1523 267 1541 363
pole 0.0036 954 250 1096 394
pole 0.0035 1541 354 1760 664
pole 0.0033 1326 261 1360 358
pole 0.0033 1410 302 1428 387
pole 0.0033 540 483 564 631
pole 0.0032 838 215 860 332
pole 0.0031 1082 299 1119 410
pole 0.0029 1161 253 1218 405
pole 0.0029 583 466 604 603
pole 0.0028 1225 192 1322 309
pole 0.0028 590 461 609 593
pole 0.0028 1633 0 1789 635
pole 0.0027 1391 239 1433 367
pole 0.0026 378 548 439 836
pole 0.0026 1279 255 1319 367
pole 0.0026 232 577 280 868
pole 0.0024 588 195 636 392
pole 0.0024 786 287 859 341
pole 0.0024 618 367 651 516
pole 0.0023 1308 261 1810 447
pole 0.0023 1122 264 1216 342
pole 0.0022 489 550 515 690
pole 0.0022 526 418 595 587
pole 0.0022 959 282 1106 455
pole 0.0021 1525 263 1549 391
pole 0.0021 1364 261 1474 398
pole 0.0021 1328 259 1413 402
pole 0.0020 1231 286 1272 378
pole 0.0020 697 249 758 325
pole 0.0020 1171 214 1267 410
pole 0.0020 1011 306 1039 463
pole 0.0019 909 254 978 344
pole 0.0019 1744 262 1815 479
pole 0.0018 629 274 688 330
pole 0.0018 1401 268 1441 434
pole 0.0017 1292 281 1355 376
pole 0.0017 1163 284 1210 370
pole 0.0015 1134 187 1218 363
pole 0.0015 1553 243 1578 368
pole 0.0015 1014 323 1033 433
pole 0.0014 1421 260 1855 1054
pole 0.0014 769 252 875 373
pole 0.0014 1183 254 1435 401
pole 0.0014 623 366 661 578
pole 0.0014 730 263 779 322
pole 0.0014 938 310 968 383
pole 0.0013 1218 221 1279 349
pole 0.0013 1194 248 1238 370
pole 0.0013 1171 268 1243 498
pole 0.0013 1044 286 1107 420
pole 0.0012 1455 269 1476 348
pole 0.0012 1597 299 1710 797
pole 0.0012 1023 236 1058 329
pole 0.0011 1438 256 1470 363
pole 0.0011 630 398 662 520
pole 0.0011 1476 253 1622 404
pole 0.0010 1211 170 1344 341
pole 0.0010 1016 328 1049 429
pole 0.0010 1201 278 1293 394
pole 0.0010 859 239 952 354
pole 0.0010 551 449 642 640
pole 0.0010 1591 289 1866 650
rail-occluder 0.1106 65 387 187 482
rail-occluder 0.0450 434 462 556 696
rail-occluder 0.0346 253 591 290 1009
rail-occluder 0.0310 407 427 544 810
rail-occluder 0.0213 305 376 613 940
rail-occluder 0.0198 512 439 578 677
rail-occluder 0.0176 569 384 660 554
rail-occluder 0.0135 556 396 629 599
rail-occluder 0.0126 397 511 455 881
rail-occluder 0.0115 372 450 520 932
rail-occluder 0.0110 482 422 614 633
rail-occluder 0.0103 239 516 327 999
rail-occluder 0.0094 82 531 456 1016
rail-occluder 0.0093 458 422 588 771
rail-occluder 0.0088 530 365 682 571
rail-occluder 0.0088 540 455 585 660
rail-occluder 0.0079 774 302 822 352
rail-occluder 0.0077 473 480 521 723
rail-occluder 0.0073 580 387 612 603
rail-occluder 0.0069 417 396 665 655
rail-occluder 0.0056 54 339 213 500
rail-occluder 0.0046 467 420 645 552
rail-occluder 0.0037 609 325 647 361
rail-occluder 0.0036 59 312 324 495
rail-occluder 0.0036 1290 308 1314 383
rail-occluder 0.0028 21 374 241 566
rail-occluder 0.0025 116 586 325 1017
rail-occluder 0.0025 624 350 664 562
rail-occluder 0.0024 371 464 456 1017
rail-occluder 0.0020 255 492 445 1011
rail-occluder 0.0018 1272 304 1306 404
rail-occluder 0.0017 352 389 481 848
rail-occluder 0.0016 812 283 887 341
rail-occluder 0.0016 151 407 261 486
rail-occluder 0.0014 64 386 135 440
rail-occluder 0.0013 405 473 531 624
rail-occluder 0.0013 394 565 483 815
rail-occluder 0.0013 1265 297 1328 371
rail-occluder 0.0011 66 276 228 466
rail-occluder 0.0010 -8 231 479 550
rail-occluder 0.0010 197 609 335 839
rail-occluder 0.0010 1232 314 1376 383
rail-occluder 0.0010 237 626 284 863
