crossing 0.0031 1091 556 1140 578
crossing 0.0021 1089 548 1140 569
train-car 0.8796 1214 233 1922 996
train-car 0.0014 1524 366 1655 846
train-car 0.0011 1208 317 1865 729
rail 0.9504 1091 557 1507 1077
rail 0.9155 4 537 1058 1082
rail 0.1778 1136 556 1218 588
rail 0.0409 1127 543 1206 576
rail 0.0329 12 518 1000 829
rail 0.0212 1115 560 1215 610
rail 0.0198 -1 607 761 900
rail 0.0144 1111 554 1185 582
rail 0.0137 1117 543 1178 567
rail 0.0076 933 565 1132 1068
rail 0.0041 1173 533 1230 585
rail 0.0032 2 722 460 956
rail 0.0024 1 760 296 941
rail 0.0023 1109 574 1179 602
rail 0.0022 12 676 664 1047
rail 0.0021 1148 562 1253 604
rail 0.0017 403 708 998 1077
rail 0.0016 1087 549 1142 570
rail 0.0016 1091 555 1143 582
rail 0.0012 586 564 1088 1059
rail 0.0012 1118 547 1233 641
rail 0.0010 1078 529 1269 665
rail 0.0010 320 582 874 738
switch-static 0.0098 1468 778 1557 812
switch-static 0.0013 1489 779 1598 820
switch-static 0.0012 1461 778 1520 806
track-sign-front 0.0016 737 612 767 663
track-sign-front 0.0014 1590 504 1611 568
track-signal-front 0.0049 1351 330 1375 363
track-signal-front 0.0018 1153 451 1184 579
track-signal-front 0.0017 926 1 962 34
pole 0.4943 1031 352 1049 613
pole 0.3168 942 31 973 699
pole 0.0879 1035 364 1058 599
pole 0.0464 948 284 978 706
pole 0.0440 722 397 740 622
pole 0.0327 950 359 967 689
pole 0.0292 719 340 759 787
pole 0.0245 944 328 963 639
pole 0.0244 1038 390 1074 597
pole 0.0231 1072 435 1092 576
pole 0.0215 738 370 762 649
pole 0.0143 1028 442 1051 591
pole 0.0136 938 150 988 767
pole 0.0121 735 452 777 774
pole 0.0109 1025 397 1045 635
pole 0.0099 945 450 965 596
pole 0.0061 714 385 748 644
pole 0.0057 988 326 1020 645
pole 0.0056 912 452 933 593
pole 0.0052 703 389 737 626
pole 0.0051 1019 347 1065 598
pole 0.0049 946 219 963 560
pole 0.0046 904 460 920 587
pole 0.0045 724 440 737 586
pole 0.0043 1034 396 1046 548
pole 0.0041 727 590 769 852
pole 0.0038 752 400 770 656
pole 0.0037 722 316 782 913
pole 0.0035 1142 486 1187 583
pole 0.0031 1160 477 1206 582
pole 0.0029 726 354 759 619
pole 0.0028 917 335 944 626
pole 0.0026 1166 441 1196 577
pole 0.0023 724 432 753 708
pole 0.0021 690 429 761 801
pole 0.0020 720 475 744 611
pole 0.0019 1060 391 1099 590
pole 0.0018 739 461 765 596
pole 0.0016 1021 483 1067 598
pole 0.0016 1193 468 1226 583
pole 0.0015 720 524 785 714
pole 0.0014 894 352 919 615
pole 0.0014 1017 438 1060 648
pole 0.0013 948 471 982 673
pole 0.0013 907 477 942 606
pole 0.0012 697 360 758 673
pole 0.0012 608 456 824 782
pole 0.0011 1004 252 1059 646
pole 0.0011 918 -113 980 709
pole 0.0011 753 473 770 585
pole 0.0010 882 32 1013 747
pole 0.0010 1118 486 1168 579
pole 0.0010 1031 457 1084 582
pole 0.0010 865 -15 959 759
rail-occluder 0.5255 484 696 555 757
rail-occluder 0.1273 764 612 800 646
rail-occluder 0.0379 528 694 555 753
rail-occluder 0.0125 909 574 932 595
rail-occluder 0.0122 722 647 767 964
rail-occluder 0.0103 758 602 794 655
rail-occluder 0.0081 726 698 757 922
rail-occluder 0.0066 1029 585 1042 619
rail-occluder 0.0042 642 600 837 1015
rail-occluder 0.0030 900 576 930 603
rail-occluder 0.0029 730 706 765 834
rail-occluder 0.0024 734 503 763 697
rail-occluder 0.0022 726 668 783 856
rail-occluder 0.0021 538 621 946 1055
rail-occluder 0.0020 734 750 761 876
rail-occluder 0.0020 723 730 755 852
rail-occluder 0.0014 927 556 964 600
rail-occluder 0.0013 1025 596 1040 626
rail-occluder 0.0013 1026 547 1059 602
rail-occluder 0.0013 673 625 776 995
rail-occluder 0.0012 735 565 766 638
rail-occluder 0.0011 737 606 767 672
