guard-rail 0.8511 1208 915 1318 1074
guard-rail 0.5116 917 719 951 769
guard-rail 0.4992 770 730 811 777
guard-rail 0.2132 926 807 943 861
guard-rail 0.1728 909 710 940 762
guard-rail 0.1167 782 714 822 768
guard-rail 0.0860 890 906 906 1079
guard-rail 0.0811 748 740 799 786
guard-rail 0.0340 900 922 920 1078
guard-rail 0.0329 916 805 953 865
guard-rail 0.0267 1243 955 1324 1076
guard-rail 0.0227 892 703 932 750
guard-rail 0.0156 845 717 867 774
guard-rail 0.0152 884 939 895 1072
guard-rail 0.0104 913 717 972 780
guard-rail 0.0103 881 898 897 1079
guard-rail 0.0101 838 670 886 757
guard-rail 0.0097 1023 916 1099 1076
guard-rail 0.0083 844 741 864 788
guard-rail 0.0065 928 804 982 864
guard-rail 0.0063 804 663 849 693
guard-rail 0.0051 931 739 969 786
guard-rail 0.0046 930 780 1005 864
guard-rail 0.0040 895 711 958 766
guard-rail 0.0038 906 960 924 1079
guard-rail 0.0036 881 879 911 1068
guard-rail 0.0036 837 763 859 803
guard-rail 0.0034 737 699 839 821
guard-rail 0.0034 890 653 943 690
guard-rail 0.0030 902 676 937 716
guard-rail 0.0030 850 737 873 785
guard-rail 0.0028 1200 907 1282 1035
guard-rail 0.0027 781 732 841 782
guard-rail 0.0026 787 666 840 700
guard-rail 0.0025 730 731 801 817
guard-rail 0.0024 879 899 892 1035
guard-rail 0.0024 839 650 1033 874
guard-rail 0.0021 766 691 823 780
guard-rail 0.0018 814 770 858 803
guard-rail 0.0016 1271 1011 1332 1078
guard-rail 0.0015 710 652 883 840
guard-rail 0.0015 780 689 845 763
guard-rail 0.0014 1059 914 1118 1068
guard-rail 0.0014 885 728 923 778
guard-rail 0.0014 885 886 903 1006
guard-rail 0.0014 875 827 896 1062
guard-rail 0.0014 912 931 947 1077
guard-rail 0.0013 844 663 919 711
guard-rail 0.0012 922 745 968 815
guard-rail 0.0011 809 759 863 815
guard-rail 0.0011 918 654 966 689
guard-rail 0.0010 920 673 949 705
guard-rail 0.0010 965 797 1445 1155
guard-rail 0.0010 946 824 1105 1065
guard-rail 0.0010 1009 878 1134 1068
rail 0.9496 401 634 894 1079
rail 0.9104 797 616 1341 1076
rail 0.0254 853 660 1154 1079
rail 0.0072 733 595 1085 1044
rail 0.0031 835 612 877 634
rail 0.0022 770 630 841 668
rail 0.0019 976 877 1170 1068
rail 0.0016 781 610 893 644
rail 0.0014 1873 922 1921 1084
rail 0.0013 763 613 842 648
rail 0.0013 651 633 923 1072
rail 0.0013 892 813 1254 1078
rail 0.0011 1019 935 1149 1082
switch-indicator 0.0388 848 612 866 629
switch-indicator 0.0020 754 620 799 662
switch-left 0.0318 829 655 894 697
switch-right 0.1996 834 662 896 691
switch-right 0.0303 797 656 856 682
switch-right 0.0139 829 648 885 681
switch-right 0.0022 834 673 898 738
switch-right 0.0021 800 663 852 696
switch-unknown 0.0427 837 648 894 676
switch-unknown 0.0113 796 646 858 678
switch-unknown 0.0042 855 635 920 664
switch-unknown 0.0022 842 653 918 687
switch-unknown 0.0012 773 610 831 646
switch-static 0.0343 798 659 841 682
switch-static 0.0021 773 623 839 674
switch-static 0.0016 762 642 806 692
track-sign-front 0.0275 850 609 864 628
track-sign-front 0.0210 1242 607 1264 638
track-sign-front 0.0112 1242 577 1264 628
track-sign-front 0.0049 320 746 342 785
track-sign-front 0.0036 1245 563 1267 615
track-sign-front 0.0034 852 597 868 629
track-sign-front 0.0030 749 619 778 651
track-sign-front 0.0029 1244 611 1266 655
track-sign-front 0.0020 1685 707 1720 731
track-sign-front 0.0014 1006 623 1024 648
track-sign-front 0.0014 1249 606 1277 640
track-sign-front 0.0013 619 572 640 619
track-sign-front 0.0013 620 640 645 680
track-sign-front 0.0010 1886 707 1919 752
track-sign-front 0.0010 620 566 640 600
track-sign-front 0.0010 1871 1016 1918 1082
pole 0.5542 767 397 787 663
pole 0.0973 758 442 783 655
pole 0.0500 774 422 803 659
pole 0.0229 742 498 776 648
pole 0.0184 806 463 829 645
pole 0.0182 815 517 829 632
pole 0.0113 751 531 779 672
pole 0.0106 846 522 865 630
pole 0.0076 751 413 799 656
pole 0.0072 728 513 754 639
pole 0.0059 745 569 782 648
pole 0.0048 769 464 784 615
pole 0.0037 726 499 742 627
pole 0.0032 791 504 823 639
pole 0.0027 848 606 866 631
pole 0.0017 776 463 795 610
pole 0.0014 809 548 843 637
pole 0.0013 776 396 831 654
rail-occluder 0.0204 737 574 774 648
rail-occluder 0.0038 749 588 788 654
rail-occluder 0.0036 846 610 868 635
rail-occluder 0.0018 815 610 862 640
rail-occluder 0.0011 750 617 780 652
