crossing 0.7312 866 699 1102 860
crossing 0.4721 305 699 760 861
crossing 0.3437 559 705 786 797
crossing 0.3090 66 658 872 973
crossing 0.0805 808 722 1098 941
crossing 0.0515 315 747 636 853
crossing 0.0428 917 703 1101 806
crossing 0.0378 628 709 822 779
crossing 0.0267 470 696 811 832
crossing 0.0210 844 777 1099 886
crossing 0.0146 208 739 697 887
crossing 0.0101 742 590 1192 1007
crossing 0.0084 669 710 794 760
crossing 0.0076 479 683 756 785
crossing 0.0053 1007 622 1084 654
crossing 0.0032 971 661 1106 722
crossing 0.0032 605 706 716 790
crossing 0.0026 448 725 717 863
crossing 0.0022 990 652 1098 696
crossing 0.0019 512 574 884 839
crossing 0.0015 1002 610 1096 645
crossing 0.0015 879 685 991 813
crossing 0.0014 815 677 1024 871
crossing 0.0011 361 571 1011 1012
crossing 0.0010 278 768 521 855
guard-rail 0.0069 786 705 1049 885
guard-rail 0.0035 1059 708 1084 819
guard-rail 0.0026 843 711 982 868
guard-rail 0.0017 863 772 908 867
guard-rail 0.0013 868 736 930 874
train-car 0.7888 656 449 940 716
train-car 0.0161 608 364 895 770
train-car 0.0132 1021 588 1103 639
train-car 0.0066 1043 585 1115 625
train-car 0.0054 628 206 759 927
train-car 0.0029 1029 561 1126 632
train-car 0.0017 619 435 739 814
train-car 0.0014 937 565 968 632
train-car 0.0010 738 504 908 716
platform 0.0411 1102 636 1274 701
platform 0.0322 1154 589 1239 689
platform 0.0074 1107 600 1312 711
platform 0.0047 1224 597 1311 674
platform 0.0020 1133 642 1235 697
platform 0.0020 1099 610 1251 685
platform 0.0018 1245 600 1286 765
platform 0.0014 1212 577 1322 718
rail 0.9368 736 634 1118 1077
rail 0.7863 10 616 921 1072
rail 0.0096 3 758 632 1075
rail 0.0093 768 668 1072 927
rail 0.0018 13 689 642 930
rail 0.0012 213 684 886 946
rail 0.0012 1001 610 1098 646
track-sign-front 0.2863 1307 621 1337 661
track-sign-front 0.1023 1251 610 1285 642
track-sign-front 0.1011 577 519 616 563
track-sign-front 0.0984 1261 376 1294 418
track-sign-front 0.0481 1246 598 1287 653
track-sign-front 0.0199 1269 398 1303 423
track-sign-front 0.0083 1874 410 1914 449
track-sign-front 0.0072 600 389 616 419
track-sign-front 0.0053 943 568 966 595
track-sign-front 0.0043 582 454 620 521
track-sign-front 0.0037 1252 618 1283 711
track-sign-front 0.0033 1295 617 1346 666
track-sign-front 0.0032 562 522 621 576
track-sign-front 0.0022 572 483 615 565
track-sign-front 0.0021 603 392 628 424
track-sign-front 0.0017 939 565 965 625
track-sign-front 0.0016 1871 415 1909 469
track-sign-front 0.0016 1888 384 1920 454
track-sign-front 0.0012 1250 656 1278 715
track-signal-front 0.7457 1234 419 1285 536
track-signal-front 0.4640 1272 422 1325 536
track-signal-front 0.3651 1685 52 1730 174
track-signal-front 0.2803 1258 354 1295 403
track-signal-front 0.1486 32 312 88 392
track-signal-front 0.1152 1245 352 1299 433
track-signal-front 0.0440 1229 418 1333 533
track-signal-front 0.0255 582 455 619 510
track-signal-front 0.0163 1242 354 1306 492
track-signal-front 0.0034 639 425 665 490
track-signal-front 0.0030 1277 395 1321 495
track-signal-front 0.0029 1214 414 1277 509
track-signal-front 0.0025 598 391 619 453
track-signal-front 0.0024 1693 50 1732 120
track-signal-front 0.0023 1290 427 1332 562
track-signal-front 0.0021 1189 424 1238 489
track-signal-front 0.0020 34 310 88 354
track-signal-front 0.0019 1293 416 1328 504
track-signal-front 0.0018 597 440 659 515
track-signal-front 0.0013 568 429 613 513
track-signal-front 0.0013 1237 411 1282 477
track-signal-front 0.0011 1204 416 1247 449
person 0.2620 1174 578 1213 664
person 0.1376 1216 586 1246 665
person 0.0458 1150 597 1269 700
person 0.0302 1232 599 1268 664
person 0.0126 1249 597 1287 669
person 0.0021 284 557 324 642
person 0.0019 1164 572 1194 633
person 0.0014 300 564 328 630
person 0.0010 1121 608 1229 687
pole 0.1717 956 23 988 694
pole 0.0769 667 -18 730 781
pole 0.0176 945 -1 999 801
pole 0.0140 983 64 1019 685
pole 0.0088 1007 302 1023 613
pole 0.0064 998 245 1025 680
pole 0.0045 654 57 711 682
pole 0.0044 993 270 1018 601
pole 0.0039 631 356 709 868
pole 0.0035 959 292 986 620
pole 0.0033 965 -10 1033 677
pole 0.0027 954 273 997 720
pole 0.0016 1005 394 1027 662
pole 0.0016 613 86 742 887
pole 0.0011 942 316 983 705
