train-car 0.0903 1193 432 1290 564
train-car 0.0107 441 473 553 554
train-car 0.0105 379 469 540 566
train-car 0.0084 1216 476 1275 558
train-car 0.0066 1197 407 1346 568
train-car 0.0063 1195 446 1248 549
train-car 0.0043 436 340 558 685
train-car 0.0035 347 477 482 570
train-car 0.0023 382 496 454 568
train-car 0.0021 1210 485 1329 565
train-car 0.0020 423 472 510 545
train-car 0.0020 1166 337 1317 570
train-car 0.0013 418 430 520 570
train-car 0.0013 447 501 554 588
train-car 0.0011 393 455 595 530
rail 0.9250 919 561 1457 1076
rail 0.8751 13 561 1271 1075
rail 0.4911 -1 574 477 833
rail 0.2152 -1 585 510 1063
rail 0.1292 0 562 503 699
rail 0.0775 -4 592 373 729
rail 0.0175 -1 629 272 781
rail 0.0168 13 529 761 868
rail 0.0168 195 584 505 657
rail 0.0121 -3 548 440 645
rail 0.0116 50 549 645 750
rail 0.0088 7 628 327 968
rail 0.0081 238 554 543 1063
rail 0.0070 127 511 672 674
rail 0.0061 -1 654 222 855
rail 0.0060 1456 551 1920 1064
rail 0.0042 52 590 400 668
rail 0.0041 302 589 490 646
rail 0.0039 -1 581 270 675
rail 0.0037 79 629 403 764
rail 0.0030 291 586 514 697
rail 0.0026 148 598 410 650
rail 0.0024 1076 594 1365 1044
rail 0.0023 1330 547 1592 1067
rail 0.0022 -1 644 172 756
rail 0.0020 0 627 217 712
rail 0.0019 258 597 452 679
rail 0.0019 207 535 520 617
rail 0.0018 186 599 426 716
rail 0.0017 206 610 391 678
rail 0.0015 109 621 395 889
rail 0.0014 358 489 642 619
rail 0.0014 249 595 403 634
rail 0.0013 144 651 355 741
rail 0.0013 328 571 562 946
rail 0.0012 225 547 570 695
rail 0.0012 1176 593 1458 1069
rail 0.0012 1587 562 1920 835
rail 0.0011 1413 587 1697 1086
rail 0.0011 207 481 522 596
rail 0.0011 346 510 468 582
rail 0.0010 1111 541 1625 1072
rail 0.0010 27 534 325 622
switch-indicator 0.0219 1318 520 1338 543
switch-indicator 0.0038 1310 517 1336 548
switch-indicator 0.0026 310 515 331 557
switch-indicator 0.0025 -1 552 11 606
switch-indicator 0.0019 829 470 856 492
switch-indicator 0.0018 1317 510 1360 549
switch-indicator 0.0017 1292 513 1351 551
switch-indicator 0.0016 356 520 388 572
switch-indicator 0.0012 824 472 847 509
switch-indicator 0.0011 361 510 422 571
switch-indicator 0.0011 1314 501 1340 544
switch-left 0.0027 381 587 529 643
switch-unknown 0.0107 286 603 412 637
switch-unknown 0.0058 440 587 549 629
switch-unknown 0.0043 330 600 457 636
switch-unknown 0.0021 358 591 481 631
switch-unknown 0.0016 224 603 380 643
switch-unknown 0.0016 418 594 525 637
switch-unknown 0.0012 428 584 513 623
switch-unknown 0.0011 255 607 348 638
track-sign-front 0.0167 1788 256 1809 320
track-sign-front 0.0046 0 551 11 585
track-sign-front 0.0044 1605 449 1696 497
track-sign-front 0.0012 1222 405 1243 446
track-sign-front 0.0011 988 436 1014 485
track-signal-front 0.0194 1221 425 1239 448
track-signal-front 0.0183 1192 425 1290 559
track-signal-front 0.0138 1219 424 1238 464
track-signal-front 0.0136 1201 456 1232 501
track-signal-front 0.0135 1199 444 1255 523
track-signal-front 0.0127 1318 521 1336 546
track-signal-front 0.0101 1212 441 1233 495
track-signal-front 0.0084 405 507 429 551
track-signal-front 0.0064 309 516 328 546
track-signal-front 0.0042 1234 505 1269 549
track-signal-front 0.0030 377 498 432 566
track-signal-front 0.0024 531 217 585 506
track-signal-front 0.0020 355 495 383 566
track-signal-front 0.0019 309 506 329 538
track-signal-front 0.0019 1222 484 1278 566
track-signal-front 0.0011 1215 420 1249 482
track-signal-front 0.0010 324 486 414 566
track-signal-front 0.0010 1234 499 1304 556
pole 0.1388 486 -67 551 834
pole 0.0135 493 72 573 691
pole 0.0084 452 -20 594 808
pole 0.0043 944 77 984 591
pole 0.0033 542 73 627 762
pole 0.0033 938 9 1011 809
pole 0.0032 573 174 627 661
pole 0.0019 595 197 638 635
pole 0.0016 436 -99 531 773
pole 0.0014 455 44 518 695
pole 0.0013 594 236 626 536
pole 0.0012 0 209 34 644
pole 0.0012 523 210 573 511
pole 0.0010 557 212 608 513
rail-occluder 0.0020 1208 435 1368 563
rail-occluder 0.0015 238 681 263 705
rail-occluder 0.0010 233 668 277 703
