crossing 0.1765 1171 575 1294 611
crossing 0.0987 972 543 1044 565
crossing 0.0049 979 534 1049 559
crossing 0.0025 965 543 1009 565
crossing 0.0019 1140 566 1254 600
crossing 0.0014 1127 565 1284 622
crossing 0.0013 963 532 1057 576
rail 0.9589 1059 415 1868 1079
rail 0.9464 680 417 1059 1072
switch-static 0.0078 1303 603 1351 625
switch-static 0.0010 1292 596 1348 632
track-sign-front 0.0162 1147 367 1158 397
track-sign-front 0.0136 1724 415 1743 462
track-sign-front 0.0096 656 409 678 446
track-sign-front 0.0065 1148 379 1160 411
track-sign-front 0.0012 1722 413 1751 477
track-signal-front 0.0012 1143 360 1159 384
track-signal-back 0.0038 1149 365 1162 387
track-signal-back 0.0010 1720 403 1750 468
