rail 0.9496 1033 450 1918 1065
rail 0.9491 7 465 908 1080
rail 0.9334 858 457 1214 1076
rail 0.0027 876 463 1013 492
rail 0.0027 1054 448 1125 512
rail 0.0026 1037 454 1105 493
rail 0.0023 1069 407 1155 563
rail 0.0022 1060 467 1199 603
rail 0.0012 862 459 937 490
rail 0.0012 1001 452 1089 492
rail 0.0011 879 449 1153 582
rail 0.0010 1033 440 1143 536
rail 0.0010 877 457 1078 511
switch-unknown 0.0016 902 462 951 485
switch-unknown 0.0014 873 458 928 487
switch-unknown 0.0014 918 463 966 483
track-sign-front 0.5687 486 593 522 631
track-sign-front 0.0900 1085 522 1110 552
track-sign-front 0.0243 1124 516 1170 549
track-sign-front 0.0133 1029 393 1050 492
track-sign-front 0.0124 1213 430 1224 454
track-sign-front 0.0095 1726 506 1759 530
track-sign-front 0.0078 1129 470 1165 569
track-sign-front 0.0075 1004 424 1041 474
track-sign-front 0.0060 999 434 1020 475
track-sign-front 0.0057 841 482 853 500
track-sign-front 0.0048 838 451 856 508
track-sign-front 0.0035 1343 499 1364 535
track-sign-front 0.0032 1210 460 1223 495
track-sign-front 0.0031 1212 435 1225 469
track-sign-front 0.0025 1212 418 1226 450
track-sign-front 0.0021 464 593 531 640
track-sign-front 0.0021 793 491 805 519
track-sign-front 0.0020 784 426 806 478
track-sign-front 0.0017 1211 400 1225 497
track-sign-front 0.0015 1211 468 1230 493
track-sign-front 0.0014 790 434 810 515
track-signal-back 0.8158 1137 278 1173 344
track-signal-back 0.0663 1151 351 1174 378
track-signal-back 0.0336 931 397 941 413
track-signal-back 0.0056 933 392 946 409
track-signal-back 0.0042 1130 258 1179 371
track-signal-back 0.0037 926 391 940 409
track-signal-back 0.0022 929 393 943 420
track-signal-back 0.0013 1149 365 1174 456
track-signal-back 0.0011 850 373 862 426
track-signal-back 0.0010 931 387 948 414
pole 0.4735 1151 347 1173 615
pole 0.1763 1032 356 1046 496
pole 0.0531 1129 402 1166 629
pole 0.0442 1131 302 1183 626
pole 0.0409 846 372 862 496
pole 0.0395 797 295 815 526
pole 0.0376 1012 352 1052 493
pole 0.0227 999 361 1014 486
pole 0.0107 798 298 832 522
pole 0.0086 993 357 1009 484
pole 0.0078 1141 284 1169 595
pole 0.0077 845 400 887 503
pole 0.0067 1034 366 1063 497
pole 0.0067 1153 426 1170 572
pole 0.0065 1086 391 1107 487
pole 0.0063 791 393 813 516
pole 0.0042 922 380 943 490
pole 0.0041 1715 -18 1779 761
pole 0.0037 883 383 906 488
pole 0.0036 1062 413 1113 498
pole 0.0036 1068 382 1156 585
pole 0.0035 1084 358 1134 560
pole 0.0034 800 385 862 516
pole 0.0034 848 371 867 461
pole 0.0030 1091 362 1115 514
pole 0.0029 910 410 946 492
pole 0.0029 1153 429 1183 627
pole 0.0026 1157 439 1177 571
pole 0.0024 868 415 918 489
pole 0.0023 1033 425 1091 493
pole 0.0020 798 324 811 463
pole 0.0019 1145 393 1169 530
pole 0.0017 923 412 959 495
pole 0.0016 1039 418 1128 550
pole 0.0016 1209 281 1225 546
pole 0.0016 837 448 857 503
pole 0.0015 1086 411 1130 498
pole 0.0014 1147 303 1224 629
pole 0.0012 846 448 896 495
pole 0.0012 841 352 874 495
pole 0.0011 1018 337 1075 506
pole 0.0011 1153 288 1188 574
pole 0.0010 814 438 860 514
rail-occluder 0.3426 1116 512 1166 607
rail-occluder 0.0862 1087 522 1107 547
rail-occluder 0.0620 1085 516 1128 543
rail-occluder 0.0080 1081 483 1111 555
rail-occluder 0.0052 1076 415 1166 584
rail-occluder 0.0049 487 603 518 679
rail-occluder 0.0040 1054 458 1133 588
rail-occluder 0.0035 1080 516 1128 614
rail-occluder 0.0034 1033 447 1058 490
rail-occluder 0.0034 1070 472 1120 565
rail-occluder 0.0031 1086 449 1154 553
rail-occluder 0.0027 1057 447 1119 506
rail-occluder 0.0022 1043 451 1097 492
rail-occluder 0.0019 1061 484 1185 618
rail-occluder 0.0013 1065 516 1103 547
rail-occluder 0.0012 998 447 1042 488
rail-occluder 0.0011 1109 524 1177 638
