crossing 0.0014 1006 602 1040 626
rail 0.9538 996 589 1240 1073
track-sign-front 0.7315 1107 592 1128 622
track-sign-front 0.1207 1109 588 1126 608
track-sign-front 0.0359 1879 1015 1920 1082
track-sign-front 0.0045 1111 598 1131 686
track-sign-front 0.0030 1034 537 1057 575
track-sign-front 0.0024 1100 586 1129 639
track-sign-front 0.0024 1043 536 1059 568
track-sign-front 0.0022 1023 547 1060 602
track-sign-front 0.0019 1866 993 1921 1096
track-sign-front 0.0017 1013 577 1059 618
track-sign-front 0.0016 1039 582 1064 612
track-sign-front 0.0013 1108 591 1138 664
track-sign-front 0.0012 1042 557 1062 596
track-sign-front 0.0011 1038 526 1056 555
