crossing 0.7039 1125 617 1200 638
crossing 0.6019 947 610 1013 628
crossing 0.1214 1012 610 1071 629
crossing 0.0448 972 609 1049 628
crossing 0.0334 941 615 1008 636
crossing 0.0256 1121 609 1206 645
crossing 0.0088 1085 613 1143 629
crossing 0.0076 1116 606 1188 629
crossing 0.0060 1171 616 1233 636
crossing 0.0045 930 605 1031 643
rail 0.9518 1116 545 1528 1077
rail 0.9298 87 539 1086 1077
rail 0.0026 -1 586 929 870
rail 0.0014 -13 656 708 1070
switch-static 0.0037 1214 610 1249 632
switch-static 0.0033 896 609 954 628
switch-static 0.0017 901 580 938 626
switch-static 0.0010 1223 608 1276 636
track-sign-front 0.8182 400 433 451 488
track-sign-front 0.6413 832 568 853 599
track-sign-front 0.5767 905 546 923 569
track-sign-front 0.1695 784 627 808 660
track-sign-front 0.0273 905 540 924 561
track-sign-front 0.0226 394 228 457 672
track-sign-front 0.0180 684 504 702 593
track-sign-front 0.0159 835 570 853 648
track-sign-front 0.0150 687 519 700 622
track-sign-front 0.0107 1436 528 1447 624
track-sign-front 0.0099 899 543 927 573
track-sign-front 0.0084 686 449 703 471
track-sign-front 0.0068 1741 640 1771 686
track-sign-front 0.0048 822 591 854 663
track-sign-front 0.0045 1480 518 1493 633
track-sign-front 0.0045 1162 534 1185 571
track-sign-front 0.0044 783 617 816 669
track-sign-front 0.0039 899 544 952 568
track-sign-front 0.0034 829 560 857 624
track-sign-front 0.0034 780 623 834 661
track-sign-front 0.0033 1433 491 1467 530
track-sign-front 0.0025 1051 494 1063 539
track-sign-front 0.0024 1482 504 1501 607
track-sign-front 0.0017 1483 551 1499 638
track-sign-front 0.0017 824 562 885 594
track-sign-front 0.0015 1167 550 1187 575
track-sign-front 0.0015 1475 482 1497 632
track-sign-front 0.0015 829 560 857 590
track-sign-front 0.0014 1150 544 1182 591
track-sign-front 0.0013 1437 595 1448 631
track-sign-front 0.0013 420 433 474 486
track-sign-front 0.0012 1431 489 1449 625
track-sign-front 0.0012 1512 536 1540 626
track-sign-front 0.0010 826 573 862 648
track-sign-front 0.0010 399 414 447 594
track-signal-front 0.4269 1054 492 1063 510
track-signal-front 0.4235 1141 490 1151 510
track-signal-front 0.1839 1486 488 1516 520
track-signal-front 0.1101 677 507 701 539
track-signal-front 0.1034 1055 498 1064 518
track-signal-front 0.0955 1450 488 1518 525
track-signal-front 0.0836 1141 496 1152 520
track-signal-front 0.0362 1143 488 1158 505
track-signal-front 0.0338 1441 491 1491 525
track-signal-front 0.0282 1051 492 1060 506
track-signal-front 0.0082 1052 487 1087 514
track-signal-front 0.0063 1052 494 1066 526
track-signal-front 0.0054 1480 475 1521 527
track-signal-front 0.0047 679 498 705 559
track-signal-front 0.0043 687 449 706 483
track-signal-front 0.0019 1049 487 1061 511
track-signal-front 0.0013 1132 484 1175 553
track-signal-front 0.0010 1515 388 1531 411
pole 0.0149 1531 -42 1606 980
pole 0.0016 410 478 461 837
pole 0.0014 390 -40 457 809
pole 0.0014 399 324 471 896
pole 0.0011 1548 153 1604 779
pole 0.0010 1509 88 1664 1020
pole 0.0010 369 91 501 880
rail-occluder 0.0037 784 629 808 677
