crossing 0.0159 918 613 989 639
crossing 0.0085 933 624 993 648
crossing 0.0056 897 584 954 606
crossing 0.0047 906 593 969 620
crossing 0.0032 871 580 934 601
crossing 0.0027 765 576 837 643
crossing 0.0012 922 595 1063 641
train-car 0.0444 767 535 870 635
train-car 0.0067 813 535 868 625
train-car 0.0017 832 524 862 613
train-car 0.0014 745 550 830 627
platform 0.0021 943 593 1092 633
rail 0.9268 869 579 1177 1074
rail 0.0026 -2 619 275 936
rail 0.0024 1386 585 1914 730
rail 0.0018 -4 660 172 896
rail 0.0015 1083 524 1880 728
rail 0.0012 2 566 450 1016
rail 0.0011 1572 598 1925 765
rail 0.0010 938 427 1864 784
switch-static 0.0011 1047 690 1101 713
track-sign-front 0.0015 718 478 743 510
track-sign-front 0.0014 704 487 731 516
track-sign-front 0.0013 932 381 953 414
track-signal-front 0.0097 1038 515 1066 540
track-signal-front 0.0013 929 383 948 419
track-signal-back 0.0069 1199 543 1217 573
track-signal-back 0.0043 1288 539 1323 582
track-signal-back 0.0042 1037 512 1066 542
track-signal-back 0.0027 707 483 743 516
track-signal-back 0.0025 1185 538 1216 571
track-signal-back 0.0018 1141 526 1168 566
track-signal-back 0.0014 1134 518 1161 558
track-signal-back 0.0012 723 504 748 553
track-signal-back 0.0012 1036 520 1059 550
track-signal-back 0.0010 1061 504 1099 549
track-signal-back 0.0010 1204 539 1240 574
car 0.0232 761 553 851 640
car 0.0021 800 556 880 628
