crossing 0.0017 910 442 976 468
crossing 0.0013 947 430 988 466
crossing 0.0010 957 439 1021 468
guard-rail 0.7659 1151 627 1268 709
guard-rail 0.4444 982 628 995 708
guard-rail 0.0890 1194 651 1299 726
guard-rail 0.0655 988 632 1006 708
guard-rail 0.0256 1147 619 1232 692
guard-rail 0.0175 984 508 1061 545
guard-rail 0.0149 1219 665 1318 736
guard-rail 0.0142 978 634 1001 716
guard-rail 0.0048 906 515 1508 904
guard-rail 0.0046 988 603 997 681
guard-rail 0.0034 1039 523 1082 556
guard-rail 0.0033 1133 611 1208 666
guard-rail 0.0032 1079 653 1103 714
guard-rail 0.0024 1044 524 1373 780
guard-rail 0.0019 999 514 1064 560
guard-rail 0.0016 1127 597 1172 637
guard-rail 0.0010 1100 595 1308 718
train-car 0.0044 888 432 931 465
train-car 0.0013 910 447 978 471
rail 0.9339 898 458 1229 1073
rail 0.9331 957 478 1727 1074
rail 0.1140 -6 440 522 570
rail 0.0151 1382 628 1920 868
rail 0.0139 -4 466 385 603
rail 0.0098 1046 525 1910 879
rail 0.0088 12 391 752 589
rail 0.0057 -12 454 380 542
rail 0.0045 1567 673 1919 845
rail 0.0040 929 612 1433 1074
rail 0.0032 969 483 1012 517
rail 0.0024 -8 412 507 690
rail 0.0024 1322 584 1903 762
rail 0.0020 1720 713 1920 868
rail 0.0020 1646 708 1921 969
rail 0.0020 948 467 1004 502
rail 0.0016 1464 663 1916 992
rail 0.0014 1603 663 1909 768
rail 0.0012 1109 475 1859 747
rail 0.0012 1065 501 1343 1031
switch-indicator 0.0377 1082 497 1100 524
switch-indicator 0.0052 1086 492 1105 525
switch-indicator 0.0022 768 534 805 619
switch-indicator 0.0011 1088 499 1127 541
switch-left 0.0433 975 504 1044 544
switch-left 0.0063 966 502 1007 531
switch-right 0.2891 978 505 1042 537
switch-right 0.0628 967 497 1009 519
switch-right 0.0116 971 499 1046 554
switch-right 0.0106 969 502 1005 531
switch-right 0.0104 984 509 1061 546
switch-right 0.0054 970 486 1010 512
switch-static 0.0566 1065 501 1093 525
switch-static 0.0338 1051 506 1090 532
switch-static 0.0057 1071 498 1105 526
switch-static 0.0042 927 497 971 519
switch-static 0.0041 939 503 979 526
switch-static 0.0039 1000 501 1069 526
switch-static 0.0020 897 494 947 525
track-sign-front 0.0476 889 434 912 463
track-sign-front 0.0197 765 474 785 536
track-sign-front 0.0148 886 431 932 464
track-sign-front 0.0082 902 424 920 450
track-sign-front 0.0059 771 532 808 615
track-sign-front 0.0051 889 447 910 486
track-sign-front 0.0047 767 516 801 596
track-sign-front 0.0037 762 493 786 553
track-sign-front 0.0029 902 412 914 434
track-sign-front 0.0026 1086 483 1102 519
track-sign-front 0.0016 883 431 902 457
track-sign-front 0.0011 764 454 794 542
track-sign-front 0.0011 761 468 782 505
track-sign-front 0.0011 769 477 796 531
track-signal-front 0.0073 964 431 978 448
track-signal-front 0.0017 964 431 994 453
track-signal-back 0.0043 905 414 918 435
pole 0.0271 102 503 118 598
rail-occluder 0.0874 440 441 460 481
rail-occluder 0.0151 101 502 119 599
rail-occluder 0.0100 424 435 460 489
rail-occluder 0.0049 90 502 130 599
rail-occluder 0.0022 35 505 136 600
rail-occluder 0.0017 404 432 454 484
rail-occluder 0.0017 273 422 580 502
rail-occluder 0.0014 103 469 120 567
rail-occluder 0.0012 1523 479 1559 519
rail-occluder 0.0010 31 491 207 590
