crossing 0.1346 242 646 332 684
crossing 0.0574 299 644 437 682
crossing 0.0360 189 604 312 649
crossing 0.0074 220 610 370 673
crossing 0.0052 270 613 434 679
crossing 0.0046 290 637 471 695
crossing 0.0038 156 606 520 781
crossing 0.0033 482 599 600 652
crossing 0.0028 495 618 618 658
crossing 0.0018 300 596 512 669
crossing 0.0017 370 593 510 649
crossing 0.0014 256 657 335 693
crossing 0.0013 171 578 353 689
crossing 0.0012 256 599 387 661
crossing 0.0012 155 593 259 644
crossing 0.0010 486 583 589 632
crossing 0.0010 213 603 358 723
guard-rail 0.0017 571 814 603 1024
guard-rail 0.0015 576 888 600 981
guard-rail 0.0013 327 665 429 711
guard-rail 0.0010 576 879 606 1047
rail 0.7379 168 592 644 1077
rail 0.0222 387 597 670 1058
rail 0.0219 9 586 446 1082
rail 0.0086 326 820 655 1076
rail 0.0059 197 623 446 1056
rail 0.0056 293 651 536 1073
rail 0.0028 -5 582 148 954
rail 0.0027 0 595 131 804
rail 0.0013 -8 592 89 745
rail 0.0011 -2 583 74 921
rail 0.0011 0 566 133 707
switch-left 0.1906 329 872 649 1073
switch-left 0.0046 394 818 639 998
switch-left 0.0024 318 969 627 1080
switch-right 0.1191 342 863 650 1067
track-sign-front 0.0063 523 502 540 555
track-signal-front 0.0397 545 388 568 426
track-signal-front 0.0048 542 390 575 440
track-signal-front 0.0042 551 380 586 433
track-signal-front 0.0041 523 477 543 556
track-signal-front 0.0040 545 350 587 484
track-signal-front 0.0012 542 377 565 419
rail-occluder 0.0760 154 564 183 605
rail-occluder 0.0070 144 561 196 615
rail-occluder 0.0033 151 586 284 644
rail-occluder 0.0028 100 563 198 638
rail-occluder 0.0014 151 551 175 594
