platform 0.9017 965 597 1916 1078
platform 0.8938 0 645 752 1075
rail 0.9346 278 578 937 1073
rail 0.8956 929 573 1185 1071
rail 0.0850 299 617 592 683
rail 0.0465 373 592 672 677
rail 0.0454 171 608 699 706
rail 0.0348 12 620 641 749
rail 0.0144 503 589 635 661
rail 0.0095 335 627 505 673
rail 0.0091 467 580 803 653
rail 0.0086 47 594 823 805
rail 0.0081 268 634 536 696
rail 0.0046 389 618 542 681
rail 0.0044 477 606 679 672
rail 0.0034 11 598 484 869
rail 0.0033 281 537 930 847
rail 0.0026 190 591 509 681
rail 0.0019 429 579 849 699
rail 0.0018 309 648 521 733
rail 0.0017 314 526 732 729
rail 0.0013 522 668 741 1008
rail 0.0013 665 584 795 611
rail 0.0013 220 630 461 713
rail 0.0011 1091 564 1873 872
rail 0.0010 455 628 709 699
rail 0.0010 281 624 596 743
track-sign-front 0.6540 1859 477 1920 553
track-sign-front 0.1636 690 595 705 615
track-sign-front 0.0622 602 553 620 589
track-sign-front 0.0342 602 529 619 602
track-sign-front 0.0300 1144 543 1164 567
track-sign-front 0.0291 863 565 874 579
track-sign-front 0.0234 813 550 833 580
track-sign-front 0.0205 1195 532 1227 571
track-sign-front 0.0134 812 558 831 589
track-sign-front 0.0134 854 561 874 583
track-sign-front 0.0070 594 526 621 632
track-sign-front 0.0057 1143 549 1161 574
track-sign-front 0.0044 701 585 762 612
track-sign-front 0.0041 811 547 857 572
track-sign-front 0.0034 739 581 767 606
track-sign-front 0.0034 813 572 830 601
track-sign-front 0.0031 687 573 707 618
track-sign-front 0.0030 1142 522 1191 562
track-sign-front 0.0024 669 589 723 622
track-sign-front 0.0022 605 503 622 608
track-sign-front 0.0022 1836 467 1929 568
track-sign-front 0.0020 1176 525 1232 577
track-sign-front 0.0015 1863 479 1925 612
track-sign-front 0.0015 1101 540 1119 569
track-sign-front 0.0013 1040 546 1064 587
track-sign-front 0.0011 1089 532 1119 570
track-signal-front 0.0357 1020 548 1032 567
track-signal-front 0.0350 979 565 992 579
track-signal-front 0.0310 1025 546 1052 568
track-signal-front 0.0256 979 560 997 577
track-signal-front 0.0165 1037 546 1053 571
track-signal-front 0.0090 967 562 989 579
track-signal-front 0.0046 1015 528 1028 565
track-signal-front 0.0025 1034 528 1054 566
track-signal-front 0.0022 976 563 992 587
track-signal-front 0.0014 1015 545 1032 574
person 0.0020 1299 632 1330 715
pole 0.2113 488 371 506 693
pole 0.0823 484 539 504 686
pole 0.0730 599 480 621 650
pole 0.0167 447 572 581 681
pole 0.0162 603 541 619 650
pole 0.0161 482 553 523 682
pole 0.0116 317 359 363 749
pole 0.0109 596 408 616 664
pole 0.0070 515 552 563 670
pole 0.0068 475 376 498 687
pole 0.0053 475 543 496 667
pole 0.0050 477 388 525 702
pole 0.0045 603 411 626 650
pole 0.0042 464 568 502 679
pole 0.0040 477 464 509 694
pole 0.0038 345 518 364 676
pole 0.0036 487 479 576 696
pole 0.0030 311 519 389 733
pole 0.0030 602 469 616 611
pole 0.0027 588 438 625 672
pole 0.0026 598 582 621 660
pole 0.0026 1878 542 1918 1053
pole 0.0024 291 492 361 758
pole 0.0023 564 542 625 664
pole 0.0021 334 530 362 698
pole 0.0020 488 441 500 584
pole 0.0017 574 492 639 667
pole 0.0015 340 405 366 711
pole 0.0015 222 351 325 773
pole 0.0014 181 511 453 749
pole 0.0014 537 497 587 673
pole 0.0014 489 509 518 652
pole 0.0012 302 548 359 685
pole 0.0012 534 450 666 672
pole 0.0011 604 553 641 649
pole 0.0010 505 419 545 690
pole 0.0010 590 600 627 668
pole 0.0010 484 485 506 625
rail-occluder 0.0393 506 590 606 666
rail-occluder 0.0077 484 618 506 706
rail-occluder 0.0061 482 596 532 689
rail-occluder 0.0059 452 579 663 684
rail-occluder 0.0053 517 559 564 663
rail-occluder 0.0032 52 530 394 769
rail-occluder 0.0025 487 623 524 704
rail-occluder 0.0021 179 550 321 788
rail-occluder 0.0020 444 622 646 693
rail-occluder 0.0016 492 625 598 691
rail-occluder 0.0016 349 635 535 716
rail-occluder 0.0013 427 633 506 689
rail-occluder 0.0012 737 582 767 609
rail-occluder 0.0011 604 591 650 649
rail-occluder 0.0011 330 638 475 692
rail-occluder 0.0011 738 581 791 608
rail-occluder 0.0011 695 584 768 611
rail-occluder 0.0010 359 641 437 688
