rail 0.8891 9 435 1173 915
rail 0.8838 913 454 1244 1076
rail 0.8666 684 465 1194 1077
rail 0.2386 1087 456 1233 495
rail 0.0526 1107 460 1186 489
rail 0.0121 1121 439 1243 491
rail 0.0110 1090 476 1166 524
rail 0.0073 1086 446 1249 529
rail 0.0055 1154 433 1217 491
rail 0.0050 872 504 1108 1063
rail 0.0047 1137 412 1233 512
rail 0.0042 1182 443 1218 504
rail 0.0027 1049 418 1270 560
rail 0.0027 1082 456 1170 485
rail 0.0015 82 416 1139 705
rail 0.0014 1068 472 1142 510
rail 0.0013 997 422 1218 619
rail 0.0013 1091 454 1270 599
switch-indicator 0.1111 1147 511 1184 535
switch-indicator 0.0113 1190 478 1209 521
switch-indicator 0.0109 1150 480 1205 539
switch-indicator 0.0046 1230 508 1258 589
switch-indicator 0.0020 1237 471 1258 533
switch-indicator 0.0014 1228 545 1258 593
switch-indicator 0.0014 1178 490 1223 553
switch-indicator 0.0014 1189 452 1259 577
switch-left 0.1941 1042 519 1124 567
switch-left 0.0228 1055 486 1156 546
switch-left 0.0025 1019 492 1154 586
switch-right 0.3146 1043 522 1122 564
switch-right 0.1090 1080 487 1140 517
switch-right 0.1052 1071 498 1138 529
switch-right 0.0390 1061 504 1131 543
switch-right 0.0298 1092 473 1153 512
switch-right 0.0115 1033 530 1119 583
switch-right 0.0010 988 458 1180 624
switch-unknown 0.0943 1103 460 1179 501
switch-unknown 0.0802 1093 474 1151 510
switch-unknown 0.0389 1115 461 1171 487
switch-unknown 0.0161 1123 457 1203 487
switch-unknown 0.0025 1095 458 1155 481
switch-unknown 0.0010 893 485 945 507
switch-static 0.4014 1140 510 1179 535
switch-static 0.0542 1138 518 1183 544
switch-static 0.0292 1093 477 1164 527
switch-static 0.0078 1111 518 1173 553
switch-static 0.0054 1145 482 1206 531
switch-static 0.0039 1002 510 1047 530
switch-static 0.0038 1126 504 1202 554
switch-static 0.0036 895 477 929 499
switch-static 0.0030 1012 508 1078 541
switch-static 0.0015 1012 502 1073 524
track-sign-front 0.0080 1195 369 1217 442
track-sign-front 0.0042 1238 470 1258 529
track-sign-front 0.0041 1240 466 1257 499
track-sign-front 0.0027 892 476 918 498
track-sign-front 0.0023 1056 402 1074 423
track-sign-front 0.0018 1240 406 1258 441
track-sign-front 0.0017 1205 377 1243 445
track-sign-front 0.0016 1235 479 1259 575
track-sign-front 0.0016 1239 438 1258 488
track-sign-front 0.0013 1231 455 1259 504
track-sign-front 0.0012 1208 387 1254 466
track-sign-front 0.0010 1055 405 1072 441
pole 0.0714 1204 227 1220 489
pole 0.0273 1199 374 1213 487
pole 0.0151 1196 271 1215 515
pole 0.0115 1193 207 1212 471
pole 0.0081 1191 410 1214 492
pole 0.0073 1208 248 1227 516
pole 0.0069 1193 185 1227 543
pole 0.0049 1204 272 1214 417
pole 0.0041 1203 147 1242 525
pole 0.0036 1195 334 1211 450
pole 0.0036 1201 205 1215 439
pole 0.0025 1241 12 1270 538
pole 0.0015 1211 293 1229 434
pole 0.0013 1193 274 1209 409
pole 0.0011 1206 337 1239 484
pole 0.0010 1245 161 1266 466
rail-occluder 0.0097 1144 451 1213 499
rail-occluder 0.0047 1189 444 1215 504
