crossing 0.6828 825 554 915 577
crossing 0.4913 546 552 634 569
crossing 0.3390 1057 539 1136 560
crossing 0.1959 1077 545 1192 585
crossing 0.1870 1108 567 1199 591
crossing 0.0756 1049 539 1146 573
crossing 0.0537 1129 573 1222 594
crossing 0.0360 1050 513 1261 602
crossing 0.0318 815 550 926 591
crossing 0.0242 826 531 913 561
crossing 0.0240 951 472 1252 606
crossing 0.0127 1012 527 1136 556
crossing 0.0108 578 551 665 568
crossing 0.0095 1036 536 1114 552
crossing 0.0083 815 555 864 573
crossing 0.0039 602 555 664 573
crossing 0.0033 550 528 669 557
crossing 0.0032 502 549 575 567
crossing 0.0029 1080 553 1205 605
crossing 0.0028 985 516 1108 558
crossing 0.0027 518 529 658 601
crossing 0.0026 1019 528 1070 551
crossing 0.0022 461 511 682 610
crossing 0.0020 783 551 834 573
crossing 0.0016 1010 529 1085 559
crossing 0.0016 818 521 918 582
crossing 0.0013 948 426 997 453
crossing 0.0012 896 554 955 580
crossing 0.0012 624 551 679 570
crossing 0.0012 1163 530 1272 610
crossing 0.0012 477 542 561 566
crossing 0.0010 1101 521 1248 583
crossing 0.0010 1136 566 1262 616
train-car 0.8234 1222 59 1919 1058
train-car 0.7070 97 301 315 563
train-car 0.5764 879 395 948 449
train-car 0.3232 281 361 609 497
train-car 0.1719 476 388 759 460
train-car 0.1249 153 335 583 526
train-car 0.0370 399 392 791 490
train-car 0.0192 881 392 1009 449
train-car 0.0148 82 260 791 618
train-car 0.0111 314 370 485 486
train-car 0.0103 552 392 711 452
train-car 0.0100 255 418 593 487
train-car 0.0085 870 373 961 486
train-car 0.0069 849 390 891 422
train-car 0.0061 62 262 418 539
train-car 0.0059 440 409 649 478
train-car 0.0031 99 269 209 556
train-car 0.0029 440 378 582 448
train-car 0.0027 375 335 735 464
train-car 0.0026 929 407 1010 450
train-car 0.0025 491 359 800 439
train-car 0.0024 428 339 811 535
train-car 0.0024 886 347 950 463
train-car 0.0024 103 313 160 542
train-car 0.0019 528 370 596 460
train-car 0.0018 492 326 563 480
train-car 0.0018 -2 405 524 619
train-car 0.0018 487 368 534 454
train-car 0.0017 855 403 909 442
train-car 0.0015 1250 367 1905 751
train-car 0.0014 251 284 624 468
train-car 0.0014 376 372 460 480
train-car 0.0013 977 390 1006 441
train-car 0.0013 842 396 875 417
train-car 0.0012 873 382 940 429
platform 0.1452 64 434 848 1072
platform 0.0801 952 469 1280 609
platform 0.0414 255 422 814 570
platform 0.0068 1091 457 1222 560
platform 0.0065 433 413 785 477
platform 0.0048 929 410 1009 448
platform 0.0026 12 510 610 774
platform 0.0025 1000 448 1214 539
platform 0.0020 1143 536 1276 607
platform 0.0017 345 413 836 707
platform 0.0017 450 445 744 539
platform 0.0013 1072 483 1281 583
platform 0.0011 507 396 826 523
platform 0.0010 943 425 1003 456
rail 0.9528 712 424 1117 1074
rail 0.8477 17 428 832 1007
rail 0.7017 20 428 784 673
rail 0.6884 930 448 1283 721
rail 0.2254 249 419 734 505
rail 0.1520 199 424 773 574
rail 0.0184 903 446 1903 1073
rail 0.0137 921 452 1367 885
rail 0.0101 1274 714 1855 1075
rail 0.0081 415 417 757 477
rail 0.0078 1602 826 1907 1074
rail 0.0066 1009 489 1273 621
rail 0.0066 316 428 653 484
rail 0.0053 -27 499 561 685
rail 0.0051 550 406 798 454
rail 0.0046 245 442 598 511
rail 0.0026 412 434 763 515
rail 0.0015 -6 469 564 844
rail 0.0015 306 462 589 550
rail 0.0013 360 444 715 552
rail 0.0012 -8 219 353 929
rail 0.0010 1639 907 1912 1136
switch-static 0.0020 1604 797 1792 911
switch-static 0.0010 1613 811 1731 901
track-sign-front 0.0039 1250 556 1280 611
track-sign-front 0.0023 934 408 1006 453
track-sign-front 0.0020 979 391 1006 437
track-sign-front 0.0020 707 370 725 404
track-sign-front 0.0014 102 295 151 524
track-sign-front 0.0014 702 372 723 419
track-sign-front 0.0011 1228 559 1267 620
track-signal-front 0.0155 844 391 866 410
track-signal-front 0.0083 186 316 208 340
track-signal-front 0.0031 511 349 521 379
track-signal-front 0.0028 389 346 403 369
track-signal-front 0.0021 812 384 843 409
track-signal-front 0.0019 179 312 215 348
track-signal-front 0.0017 175 310 204 340
track-signal-front 0.0015 870 378 938 428
track-signal-front 0.0015 390 342 419 373
track-signal-front 0.0014 851 387 888 412
track-signal-front 0.0013 438 339 449 364
track-signal-front 0.0013 661 304 677 323
track-signal-front 0.0010 701 362 725 410
track-signal-front 0.0010 711 335 723 359
track-signal-back 0.0032 596 348 616 377
track-signal-back 0.0026 589 351 610 380
track-signal-back 0.0011 600 345 618 365
person 0.1224 1057 431 1080 492
person 0.1134 1143 440 1173 521
person 0.1089 1092 454 1113 503
person 0.0432 1061 432 1094 496
person 0.0263 1120 453 1194 557
person 0.0156 1039 431 1078 491
person 0.0054 1197 441 1227 542
person 0.0049 1094 453 1121 529
person 0.0046 1011 437 1037 484
person 0.0042 1127 449 1172 537
person 0.0027 1082 446 1209 542
person 0.0022 1017 440 1061 494
person 0.0019 1188 456 1251 557
person 0.0018 1132 426 1165 513
person 0.0015 1239 554 1277 624
person 0.0013 1146 447 1216 545
person 0.0011 1200 484 1230 553
person 0.0011 987 412 1039 477
pole 0.1172 543 238 559 476
pole 0.0448 655 315 664 448
pole 0.0197 537 405 552 479
pole 0.0166 124 25 171 612
pole 0.0051 547 291 560 440
pole 0.0050 535 290 568 492
pole 0.0049 544 272 554 417
pole 0.0042 463 379 482 483
pole 0.0038 141 63 162 374
pole 0.0037 524 357 560 469
pole 0.0034 537 385 573 476
pole 0.0027 634 361 677 456
pole 0.0025 104 129 156 621
pole 0.0024 509 340 525 443
pole 0.0023 485 365 532 458
pole 0.0019 658 302 669 391
pole 0.0015 464 383 510 477
pole 0.0013 657 269 671 426
pole 0.0012 504 294 592 477
pole 0.0010 919 328 962 451
rail-occluder 0.0483 539 424 551 478
rail-occluder 0.0068 462 424 484 482
rail-occluder 0.0049 463 423 506 482
rail-occluder 0.0039 461 448 485 491
rail-occluder 0.0037 484 420 541 480
rail-occluder 0.0032 413 419 686 485
rail-occluder 0.0027 466 449 504 493
rail-occluder 0.0026 538 438 553 495
rail-occluder 0.0017 540 440 564 498
rail-occluder 0.0011 416 426 472 479
