rail 0.9501 6 479 613 1073
rail 0.8706 483 475 912 1075
rail 0.0039 100 439 947 1044
rail 0.0011 183 548 431 1019
track-sign-front 0.7289 1032 433 1069 566
track-sign-front 0.0612 232 455 304 567
track-sign-front 0.0507 682 405 705 446
track-sign-front 0.0344 682 432 703 472
track-sign-front 0.0132 536 461 546 491
track-sign-front 0.0093 686 446 703 492
track-sign-front 0.0088 259 442 317 558
track-sign-front 0.0064 271 375 301 446
track-sign-front 0.0059 294 437 352 528
track-sign-front 0.0059 678 442 702 506
track-sign-front 0.0056 1053 428 1091 577
track-sign-front 0.0031 676 406 710 479
track-sign-front 0.0024 680 476 697 508
track-sign-front 0.0022 1033 414 1073 664
track-sign-front 0.0021 282 422 368 555
track-sign-front 0.0019 695 330 727 384
track-sign-front 0.0015 229 472 289 610
track-sign-front 0.0015 1896 677 1918 795
track-sign-front 0.0014 196 460 327 598
track-sign-front 0.0012 290 435 327 497
track-signal-front 0.0012 514 112 549 172
track-signal-back 0.0031 822 342 844 407
track-signal-back 0.0018 821 298 846 432
track-signal-back 0.0016 824 349 852 423
track-signal-back 0.0012 818 327 841 376
track-signal-back 0.0011 1891 669 1920 792
pole 0.1191 534 361 544 498
pole 0.0935 428 71 466 566
pole 0.0447 447 278 478 541
pole 0.0347 535 415 545 491
pole 0.0197 271 21 311 629
pole 0.0138 439 234 468 540
pole 0.0114 524 360 541 500
pole 0.0100 429 263 487 558
pole 0.0063 461 280 489 538
pole 0.0060 407 133 475 608
pole 0.0043 441 72 491 577
pole 0.0037 534 324 553 499
pole 0.0030 534 459 548 496
pole 0.0024 452 358 477 505
pole 0.0018 273 268 308 556
pole 0.0017 535 347 546 454
pole 0.0015 820 144 854 529
pole 0.0015 315 275 488 577
pole 0.0013 536 397 549 509
pole 0.0012 441 341 506 575
pole 0.0012 1029 162 1068 582
pole 0.0011 394 276 463 544
pole 0.0011 262 88 333 751
pole 0.0010 824 311 848 490
pole 0.0010 276 130 310 444
rail-occluder 0.0066 286 414 431 556
rail-occluder 0.0056 307 367 475 575
rail-occluder 0.0033 362 274 480 577
rail-occluder 0.0030 287 434 390 529
rail-occluder 0.0029 536 468 549 506
rail-occluder 0.0014 414 314 496 581
