crossing 0.0617 638 662 712 679
crossing 0.0093 604 659 687 679
crossing 0.0025 657 656 724 682
crossing 0.0010 621 665 700 689
platform 0.5935 8 569 857 1077
platform 0.0116 2 628 518 848
platform 0.0103 -1 681 345 906
platform 0.0086 -9 684 261 805
platform 0.0076 63 566 848 781
platform 0.0034 0 702 223 875
platform 0.0030 2 665 497 1024
platform 0.0012 151 608 638 879
platform 0.0010 252 695 823 1069
rail 0.9580 726 561 1023 1075
rail 0.9465 916 570 1871 1077
rail 0.8405 989 574 1919 840
rail 0.5737 4 566 854 1078
rail 0.4682 5 573 796 747
rail 0.1111 1361 627 1925 745
rail 0.0625 6 610 524 715
rail 0.0268 6 632 422 767
rail 0.0253 1557 658 1922 739
rail 0.0099 1222 589 1916 695
rail 0.0062 1351 646 1935 839
rail 0.0062 -5 636 323 714
rail 0.0047 69 586 734 682
rail 0.0046 0 677 253 768
rail 0.0035 1569 673 1932 800
rail 0.0032 1668 662 1920 720
rail 0.0027 233 579 768 650
rail 0.0025 1743 679 1923 742
rail 0.0023 1540 641 1890 710
rail 0.0018 28 613 373 687
rail 0.0016 990 581 1417 706
rail 0.0016 1087 597 1751 735
rail 0.0015 -2 666 177 731
rail 0.0014 1739 695 1928 819
rail 0.0013 1456 579 1935 672
rail 0.0012 412 574 778 632
rail 0.0011 978 571 1266 652
rail 0.0011 1276 510 1853 634
rail 0.0010 1782 676 1871 712
track-signal-front 0.0014 1161 448 1177 473
track-signal-back 0.0040 1038 479 1051 546
track-signal-back 0.0018 1160 450 1176 474
track-signal-back 0.0015 1160 452 1175 495
fence 0.0362 4 631 485 841
fence 0.0310 0 670 308 830
fence 0.0054 0 673 203 785
pole 0.0170 1039 470 1051 575
pole 0.0117 1337 283 1390 654
pole 0.0077 1117 411 1133 600
pole 0.0066 391 547 411 648
pole 0.0020 1030 487 1057 600
pole 0.0015 395 515 419 641
pole 0.0015 1312 314 1381 695
pole 0.0014 392 548 427 694
pole 0.0013 914 490 928 574
pole 0.0013 1160 438 1177 619
pole 0.0010 716 506 735 594
rail-occluder 0.0186 0 687 243 807
rail-occluder 0.0089 1 649 317 772
rail-occluder 0.0084 1625 650 1658 678
rail-occluder 0.0040 476 571 501 631
rail-occluder 0.0040 505 603 568 638
rail-occluder 0.0038 506 575 555 637
rail-occluder 0.0036 1607 648 1652 679
rail-occluder 0.0035 0 697 12 791
rail-occluder 0.0030 93 650 368 743
rail-occluder 0.0029 1636 653 1671 681
rail-occluder 0.0028 225 658 273 729
rail-occluder 0.0027 1786 672 1842 710
rail-occluder 0.0027 166 686 194 752
rail-occluder 0.0025 205 661 259 730
rail-occluder 0.0022 0 691 78 799
rail-occluder 0.0021 478 588 585 631
rail-occluder 0.0017 241 660 303 722
rail-occluder 0.0015 463 572 495 636
rail-occluder 0.0014 45 688 169 771
rail-occluder 0.0014 167 634 436 738
rail-occluder 0.0013 268 663 313 715
rail-occluder 0.0013 144 615 373 715
rail-occluder 0.0013 152 660 201 748
rail-occluder 0.0012 78 686 134 768
rail-occluder 0.0012 141 685 186 754
rail-occluder 0.0010 491 604 617 635
rail-occluder 0.0010 1598 641 1652 669
rail-occluder 0.0010 1756 666 1864 708
rail-occluder 0.0010 460 577 522 631
