crossing 0.2138 893 327 929 343
crossing 0.0929 988 330 1048 355
crossing 0.0709 974 323 1030 343
crossing 0.0460 968 310 1020 336
crossing 0.0438 897 332 932 348
crossing 0.0346 897 306 940 333
crossing 0.0311 998 337 1072 367
crossing 0.0309 891 314 928 335
crossing 0.0292 941 318 1013 340
crossing 0.0180 898 317 985 344
crossing 0.0168 837 325 914 349
crossing 0.0046 884 329 929 353
crossing 0.0020 837 289 915 340
crossing 0.0020 837 333 902 354
crossing 0.0018 910 331 979 351
crossing 0.0010 1003 293 1078 347
guard-rail 0.0803 1033 441 1048 491
guard-rail 0.0263 1166 436 1288 487
guard-rail 0.0210 1147 430 1222 482
guard-rail 0.0156 969 572 1008 774
guard-rail 0.0135 1141 417 1192 449
guard-rail 0.0134 1152 420 1218 454
guard-rail 0.0115 1027 446 1044 500
guard-rail 0.0105 1210 441 1301 492
guard-rail 0.0086 1166 418 1255 459
guard-rail 0.0080 879 521 919 777
guard-rail 0.0066 1171 442 1243 492
guard-rail 0.0053 1131 403 1185 434
guard-rail 0.0050 1035 433 1070 486
guard-rail 0.0048 1122 411 1246 474
guard-rail 0.0046 1220 443 1364 503
guard-rail 0.0043 1027 438 1055 493
guard-rail 0.0039 1016 364 1094 420
guard-rail 0.0035 1067 373 1137 416
guard-rail 0.0033 1115 430 1160 482
guard-rail 0.0032 1031 394 1054 475
guard-rail 0.0029 1124 408 1169 454
guard-rail 0.0028 958 530 1012 861
guard-rail 0.0027 890 523 940 774
guard-rail 0.0027 1237 451 1324 492
guard-rail 0.0026 976 570 1034 769
guard-rail 0.0026 1118 386 1169 425
guard-rail 0.0023 1152 416 1368 492
guard-rail 0.0021 1100 436 1137 489
guard-rail 0.0017 1033 550 1054 754
guard-rail 0.0016 1149 404 1212 438
guard-rail 0.0016 1004 372 1041 428
guard-rail 0.0015 1015 398 1041 452
guard-rail 0.0014 1136 438 1314 516
guard-rail 0.0014 1142 445 1193 490
guard-rail 0.0013 1114 443 1151 500
guard-rail 0.0012 1037 381 1128 450
guard-rail 0.0012 813 474 845 533
guard-rail 0.0012 577 578 781 1047
guard-rail 0.0011 1091 394 1364 531
guard-rail 0.0011 931 526 964 774
guard-rail 0.0010 1255 445 1343 486
guard-rail 0.0010 1055 430 1131 488
guard-rail 0.0010 854 501 915 754
train-car 0.0156 902 262 929 288
train-car 0.0103 899 265 932 305
train-car 0.0061 1233 273 1380 355
train-car 0.0016 918 241 969 289
train-car 0.0011 898 231 946 282
train-car 0.0011 943 221 968 267
train-car 0.0010 1198 260 1324 352
rail 0.9075 958 325 1920 1066
rail 0.9069 886 291 1355 1084
rail 0.9000 539 288 981 1077
rail 0.0337 931 295 1012 325
rail 0.0331 912 296 984 324
rail 0.0258 1019 331 1901 500
rail 0.0257 964 308 1022 337
rail 0.0179 898 306 946 335
rail 0.0142 933 315 1018 342
rail 0.0134 928 311 1899 626
rail 0.0103 893 316 989 344
rail 0.0090 869 412 1005 1077
rail 0.0083 887 313 930 338
rail 0.0081 972 320 1031 349
rail 0.0073 734 337 1032 1076
rail 0.0068 1234 356 1803 477
rail 0.0063 924 294 1049 354
rail 0.0049 975 314 1044 341
rail 0.0049 890 417 1111 1084
rail 0.0046 988 330 1080 381
rail 0.0046 958 277 1022 324
rail 0.0040 891 292 1002 345
rail 0.0033 1332 368 1880 543
rail 0.0033 860 477 972 842
rail 0.0032 990 332 1132 437
rail 0.0031 814 458 971 1029
rail 0.0029 1071 298 1656 436
rail 0.0027 936 483 1043 852
rail 0.0026 1078 418 1356 1074
rail 0.0024 127 813 504 1011
rail 0.0022 1032 356 1148 416
rail 0.0021 921 283 1032 330
rail 0.0021 941 320 1065 384
rail 0.0018 829 299 921 337
rail 0.0017 917 272 1251 758
rail 0.0016 882 469 1329 868
rail 0.0016 207 773 522 955
rail 0.0015 548 645 878 1068
rail 0.0015 893 274 997 328
rail 0.0014 891 501 941 755
rail 0.0013 952 291 1107 400
rail 0.0013 830 300 951 355
rail 0.0013 275 801 619 981
rail 0.0012 884 313 996 373
rail 0.0012 901 326 989 358
rail 0.0012 636 448 939 1015
rail 0.0011 827 328 869 355
rail 0.0011 990 293 1344 363
rail 0.0011 868 490 927 763
rail 0.0011 896 661 1034 1069
rail 0.0011 958 552 1090 765
rail 0.0010 74 884 467 1063
rail 0.0010 564 840 917 1071
rail 0.0010 958 482 1026 767
rail 0.0010 1024 326 1353 467
rail 0.0010 962 256 1781 468
rail 0.0010 987 301 1094 345
switch-left 0.1085 1032 368 1113 408
switch-left 0.0126 990 352 1055 388
switch-left 0.0021 1059 372 1141 419
switch-left 0.0020 1038 373 1156 444
switch-left 0.0014 992 329 1148 473
switch-right 0.2904 1028 363 1100 399
switch-right 0.0786 1003 350 1088 389
switch-right 0.0620 993 336 1058 373
switch-right 0.0391 986 331 1049 359
switch-right 0.0374 1033 369 1123 421
switch-right 0.0107 989 352 1054 387
switch-static 0.4020 211 805 536 994
switch-static 0.0784 203 878 441 1003
switch-static 0.0441 1083 359 1136 384
switch-static 0.0287 279 801 504 909
switch-static 0.0228 1079 365 1134 394
switch-static 0.0166 983 363 1021 389
switch-static 0.0158 973 327 1039 385
switch-static 0.0143 834 333 856 356
switch-static 0.0110 1038 345 1122 395
switch-static 0.0105 1097 369 1149 395
switch-static 0.0090 156 889 566 1026
switch-static 0.0055 300 819 474 955
switch-static 0.0049 336 844 582 975
switch-static 0.0035 1098 343 1156 377
switch-static 0.0030 974 364 1002 389
switch-static 0.0027 821 334 858 361
switch-static 0.0021 1075 319 1142 364
switch-static 0.0021 275 812 688 974
switch-static 0.0016 942 323 1010 371
switch-static 0.0015 1034 323 1095 356
switch-static 0.0011 269 912 370 985
switch-static 0.0010 172 826 446 966
track-sign-front 0.0041 833 330 859 354
track-sign-front 0.0034 895 267 930 306
track-sign-front 0.0022 829 253 867 335
track-sign-front 0.0018 794 261 823 301
track-sign-front 0.0011 796 249 853 318
track-signal-front 0.0128 807 222 835 254
track-signal-front 0.0043 899 257 929 285
track-signal-front 0.0032 803 221 840 285
track-signal-front 0.0025 800 248 826 292
track-signal-front 0.0017 830 201 872 278
track-signal-front 0.0013 847 185 869 265
track-signal-back 0.0039 944 219 972 259
track-signal-back 0.0025 943 219 963 244
track-signal-back 0.0014 1022 170 1044 272
person 0.0013 1660 281 1718 347
person 0.0012 1656 279 1690 353
pole 0.1152 1212 12 1250 392
pole 0.1075 1030 153 1051 337
pole 0.0213 1038 145 1063 340
pole 0.0178 1019 167 1042 336
pole 0.0088 1162 221 1181 352
pole 0.0085 1069 223 1105 351
pole 0.0062 1040 169 1084 350
pole 0.0042 1052 227 1095 348
pole 0.0039 851 134 876 342
pole 0.0038 1016 164 1072 345
pole 0.0033 1164 168 1187 373
pole 0.0032 1167 252 1191 360
pole 0.0020 1181 43 1236 393
pole 0.0019 1082 228 1130 349
pole 0.0016 1201 226 1310 380
pole 0.0016 1024 180 1113 360
pole 0.0015 990 246 1042 333
pole 0.0013 829 251 865 340
pole 0.0013 1126 272 1153 351
pole 0.0013 1199 167 1263 387
pole 0.0013 1146 216 1203 365
pole 0.0012 853 169 878 281
pole 0.0011 1019 287 1117 402
pole 0.0011 1142 250 1186 360
pole 0.0010 1059 221 1161 357
pole 0.0010 937 214 989 316
rail-occluder 0.0105 1073 316 1101 353
rail-occluder 0.0099 1525 392 1555 463
rail-occluder 0.0098 1524 392 1547 435
rail-occluder 0.0060 1526 398 1560 506
rail-occluder 0.0054 1074 279 1097 356
rail-occluder 0.0043 1038 317 1097 357
rail-occluder 0.0030 1057 273 1095 353
rail-occluder 0.0029 1504 393 1567 454
rail-occluder 0.0018 1474 385 1595 438
rail-occluder 0.0014 1034 282 1137 352
rail-occluder 0.0012 1495 399 1581 507
rail-occluder 0.0011 1116 304 1157 359
