crossing 0.0096 1518 863 1674 926
crossing 0.0067 708 742 801 772
crossing 0.0053 738 745 820 776
crossing 0.0034 741 769 793 787
crossing 0.0033 698 940 898 1070
crossing 0.0031 675 742 757 770
crossing 0.0027 670 729 763 759
crossing 0.0026 1408 848 1726 969
crossing 0.0017 1543 867 1722 946
crossing 0.0016 1551 856 1683 904
crossing 0.0016 715 760 811 798
crossing 0.0013 656 744 701 777
crossing 0.0012 1271 829 1783 987
crossing 0.0011 638 741 684 774
guard-rail 0.0013 558 858 605 899
platform 0.1506 639 729 824 765
platform 0.0288 652 738 896 775
platform 0.0071 691 724 940 768
platform 0.0071 731 742 854 776
platform 0.0039 684 729 782 759
platform 0.0034 624 730 859 808
platform 0.0025 728 732 824 765
platform 0.0025 578 742 628 771
platform 0.0020 756 729 842 771
platform 0.0013 577 695 913 836
platform 0.0011 586 702 825 783
rail 0.9423 148 739 687 1076
rail 0.8806 629 737 892 1077
rail 0.0062 630 735 805 774
rail 0.0036 1026 825 1812 1083
rail 0.0023 628 729 854 810
rail 0.0021 607 733 866 872
rail 0.0015 1797 851 1922 1060
rail 0.0011 1800 652 1918 1065
track-sign-front 0.0648 599 743 629 767
track-sign-front 0.0331 858 617 898 669
track-sign-front 0.0131 575 734 629 767
track-sign-front 0.0104 555 701 573 734
track-sign-front 0.0093 608 741 635 765
track-sign-front 0.0087 919 756 938 780
track-sign-front 0.0035 558 676 581 740
track-sign-front 0.0034 551 707 580 756
track-sign-front 0.0028 558 662 606 765
track-sign-front 0.0024 548 705 567 738
track-sign-front 0.0012 718 712 790 760
track-sign-front 0.0010 413 734 439 771
track-sign-front 0.0010 967 773 1000 800
track-sign-front 0.0010 407 744 441 785
track-signal-front 0.0233 628 691 645 713
track-signal-front 0.0121 857 613 895 671
track-signal-front 0.0069 631 688 653 711
track-signal-front 0.0032 628 681 647 703
track-signal-front 0.0024 851 584 882 629
pole 0.1553 582 569 601 775
pole 0.0112 622 683 648 742
pole 0.0050 632 677 665 759
pole 0.0045 676 640 697 759
pole 0.0041 570 569 594 777
pole 0.0040 583 656 640 776
pole 0.0032 576 633 616 764
pole 0.0021 585 590 599 716
pole 0.0017 561 655 603 775
pole 0.0012 565 567 621 781
pole 0.0012 633 710 677 769
pole 0.0010 665 663 695 776
rail-occluder 0.0056 608 743 631 769
