crossing 0.0445 517 797 594 816
crossing 0.0030 529 797 618 823
crossing 0.0010 543 795 618 813
guard-rail 0.6639 501 793 609 1072
guard-rail 0.4138 431 763 672 1075
guard-rail 0.0228 541 827 662 1073
guard-rail 0.0129 517 796 586 821
guard-rail 0.0062 493 809 751 1068
guard-rail 0.0047 526 845 596 988
guard-rail 0.0043 518 804 563 865
guard-rail 0.0029 556 869 606 1073
guard-rail 0.0027 527 808 589 854
guard-rail 0.0027 504 802 548 833
guard-rail 0.0027 475 761 577 1029
guard-rail 0.0026 639 855 726 960
guard-rail 0.0023 460 759 538 1057
guard-rail 0.0018 501 792 585 964
guard-rail 0.0016 619 816 750 1039
guard-rail 0.0015 656 857 705 942
guard-rail 0.0012 724 954 774 1073
guard-rail 0.0011 568 854 719 1085
rail 0.8850 329 720 786 1075
rail 0.0011 384 731 569 1073
switch-static 0.0112 607 802 657 821
switch-static 0.0018 617 803 676 825
track-sign-front 0.4211 735 718 756 744
track-sign-front 0.0289 836 746 871 809
track-sign-front 0.0128 734 662 757 717
track-sign-front 0.0099 837 748 871 779
track-sign-front 0.0044 730 687 757 762
track-sign-front 0.0040 646 694 680 724
track-sign-front 0.0020 735 665 766 757
track-sign-front 0.0012 524 640 554 700
track-sign-front 0.0011 530 595 556 708
track-sign-front 0.0010 524 668 555 729
pole 0.0806 534 482 558 771
pole 0.0338 426 572 456 775
pole 0.0257 735 386 768 844
pole 0.0122 409 572 449 773
pole 0.0108 422 650 453 778
pole 0.0073 405 535 466 803
pole 0.0049 438 513 472 785
pole 0.0039 1112 12 1223 1020
pole 0.0039 395 453 446 807
pole 0.0033 499 494 559 802
pole 0.0031 384 571 419 776
pole 0.0014 521 487 573 768
pole 0.0012 369 677 426 762
pole 0.0010 433 631 479 763
rail-occluder 0.0128 417 722 465 800
rail-occluder 0.0066 396 693 453 792
rail-occluder 0.0062 435 732 497 799
rail-occluder 0.0026 384 731 462 811
rail-occluder 0.0023 407 698 476 811
rail-occluder 0.0021 366 704 428 778
rail-occluder 0.0020 371 734 427 798
rail-occluder 0.0019 431 716 484 787
rail-occluder 0.0017 453 742 509 792
rail-occluder 0.0012 395 715 511 841
rail-occluder 0.0011 299 698 440 805
