rail 0.9327 67 563 736 1077
rail 0.9239 612 558 1160 1075
rail 0.8190 677 561 1882 1081
rail 0.0059 589 558 689 589
rail 0.0033 723 588 987 1050
rail 0.0028 575 549 657 584
rail 0.0017 619 564 732 594
rail 0.0014 623 544 1628 905
rail 0.0014 1753 595 1920 753
rail 0.0014 436 552 740 1059
rail 0.0011 573 545 713 602
rail 0.0010 273 639 530 1015
rail 0.0010 1693 576 1910 669
switch-unknown 0.0100 605 562 671 585
switch-unknown 0.0025 624 574 694 604
switch-unknown 0.0019 638 558 714 594
switch-static 0.0038 780 653 811 678
track-sign-front 0.0071 556 519 602 577
track-sign-front 0.0063 689 536 708 563
track-sign-front 0.0040 688 522 703 558
track-sign-front 0.0036 683 509 701 564
track-sign-front 0.0029 277 513 328 619
track-sign-front 0.0028 581 498 626 574
track-sign-front 0.0021 626 512 651 557
track-sign-front 0.0011 1711 722 1740 765
pole 0.1439 561 280 596 617
pole 0.0146 569 391 597 613
pole 0.0103 559 400 587 600
pole 0.0085 1776 44 1895 775
pole 0.0064 559 489 586 588
pole 0.0042 729 443 744 571
pole 0.0038 -11 -25 80 1064
pole 0.0033 580 315 617 609
pole 0.0029 583 419 610 589
pole 0.0019 554 344 610 650
pole 0.0018 727 399 748 580
pole 0.0017 584 489 624 583
pole 0.0015 557 510 600 594
pole 0.0013 682 501 701 570
pole 0.0010 625 512 650 560
rail-occluder 0.0048 558 524 584 576
rail-occluder 0.0046 588 533 630 574
rail-occluder 0.0037 591 552 639 580
rail-occluder 0.0020 599 522 655 583
rail-occluder 0.0013 707 557 742 581
rail-occluder 0.0012 552 526 589 599
rail-occluder 0.0012 678 554 732 587
rail-occluder 0.0011 560 533 610 595
