crossing 0.0159 705 587 756 609
crossing 0.0096 714 589 786 610
crossing 0.0056 745 592 803 617
crossing 0.0043 810 611 940 644
crossing 0.0014 696 575 761 605
crossing 0.0013 684 595 1149 978
crossing 0.0011 707 594 758 618
crossing 0.0010 830 622 922 645
platform 0.2622 -11 567 780 1068
platform 0.0010 199 583 723 720
rail 0.9324 635 568 1162 1076
rail 0.0014 734 629 1042 1032
track-sign-front 0.0129 999 472 1019 500
track-sign-front 0.0032 1094 479 1120 535
track-sign-front 0.0010 741 454 763 479
track-signal-front 0.0017 698 427 715 463
