guard-rail 0.0387 863 574 922 599
guard-rail 0.0135 874 556 949 600
guard-rail 0.0103 874 578 938 604
guard-rail 0.0055 852 587 920 638
guard-rail 0.0050 903 511 956 599
guard-rail 0.0046 854 568 928 621
guard-rail 0.0032 921 538 955 599
guard-rail 0.0012 879 538 933 595
rail 0.9580 6 506 952 1074
rail 0.9353 936 504 1321 1074
rail 0.0049 899 506 957 605
rail 0.0023 858 559 936 618
switch-left 0.0348 866 573 924 597
switch-right 0.0383 867 575 923 596
switch-unknown 0.0028 972 508 1014 528
switch-unknown 0.0018 952 505 991 532
switch-unknown 0.0010 927 498 964 562
switch-static 0.0165 860 573 919 596
switch-static 0.0076 751 590 778 610
track-sign-front 0.6146 1336 547 1365 604
track-sign-front 0.4764 529 469 556 523
track-sign-front 0.2597 1173 500 1193 524
track-sign-front 0.1250 760 474 779 497
track-sign-front 0.0168 1339 473 1364 584
track-sign-front 0.0136 539 450 560 476
track-sign-front 0.0078 517 467 567 530
track-sign-front 0.0049 1057 493 1076 518
track-sign-front 0.0045 1325 542 1375 611
track-sign-front 0.0044 1177 495 1203 522
track-sign-front 0.0038 1337 556 1361 686
track-sign-front 0.0028 878 473 897 496
track-sign-front 0.0026 886 469 919 522
track-sign-front 0.0024 832 528 843 566
track-sign-front 0.0023 889 433 925 520
track-sign-front 0.0020 879 479 897 508
track-sign-front 0.0019 533 480 558 562
track-sign-front 0.0019 831 516 844 551
track-sign-front 0.0014 537 408 561 474
track-sign-front 0.0014 763 467 803 498
track-sign-front 0.0013 1308 519 1385 632
track-sign-front 0.0012 535 434 565 482
track-sign-front 0.0012 1332 476 1360 540
track-sign-front 0.0012 1330 573 1369 706
track-sign-front 0.0012 1061 485 1091 528
track-sign-front 0.0011 1035 491 1070 525
track-sign-front 0.0010 1162 527 1183 621
track-sign-front 0.0010 534 459 581 546
track-signal-front 0.0507 1164 438 1191 481
track-signal-front 0.0046 1166 413 1197 495
track-signal-back 0.5430 775 338 802 433
track-signal-back 0.2829 1167 360 1196 449
track-signal-back 0.1506 774 411 797 448
track-signal-back 0.0139 1164 381 1194 488
track-signal-back 0.0091 763 429 794 476
track-signal-back 0.0045 762 332 811 448
track-signal-back 0.0044 1155 362 1204 471
track-signal-back 0.0029 1173 363 1194 396
track-signal-back 0.0017 1176 362 1204 411
track-signal-back 0.0014 776 337 799 371
track-signal-back 0.0010 784 344 831 426
pole 0.0230 906 376 926 542
pole 0.0028 900 362 919 523
pole 0.0021 908 409 933 591
pole 0.0016 904 446 938 552
pole 0.0015 904 485 948 597
pole 0.0014 895 397 924 555
pole 0.0013 914 388 950 570
pole 0.0012 903 359 937 526
