crossing 0.0635 1035 690 1128 711
crossing 0.0172 968 669 1123 707
crossing 0.0074 1033 687 1179 716
crossing 0.0067 834 693 926 715
crossing 0.0024 775 678 931 716
crossing 0.0021 1013 681 1228 764
crossing 0.0019 984 672 1166 727
crossing 0.0018 678 646 923 693
crossing 0.0017 960 651 1086 689
crossing 0.0017 901 678 1101 713
crossing 0.0016 688 628 914 670
crossing 0.0016 1027 688 1303 809
crossing 0.0013 761 686 887 721
crossing 0.0013 994 666 1097 696
crossing 0.0013 806 654 938 696
crossing 0.0010 692 682 928 742
crossing 0.0010 1055 693 1160 727
platform 0.0376 0 695 788 1071
platform 0.0025 -6 729 224 857
rail 0.8674 961 648 1700 1077
rail 0.7427 583 656 996 1076
rail 0.0102 530 650 1400 1078
rail 0.0093 214 638 1062 1086
rail 0.0064 484 648 999 896
rail 0.0022 741 688 1080 1075
rail 0.0014 648 686 862 1064
rail 0.0013 493 651 988 777
rail 0.0013 1222 732 1887 1071
rail 0.0013 -3 725 185 877
rail 0.0012 782 668 1455 913
track-sign-front 0.1238 787 516 804 552
track-sign-front 0.0503 252 348 322 423
track-sign-front 0.0421 1088 137 1127 175
track-sign-front 0.0102 786 513 808 634
track-sign-front 0.0100 867 559 881 583
track-sign-front 0.0069 1454 509 1479 540
track-sign-front 0.0049 289 314 309 345
track-sign-front 0.0045 1116 545 1132 604
track-sign-front 0.0044 1117 532 1132 574
track-sign-front 0.0025 811 563 835 599
track-sign-front 0.0025 847 557 883 595
track-sign-front 0.0023 277 318 307 355
track-sign-front 0.0022 239 342 337 449
track-sign-front 0.0017 1080 120 1124 181
track-sign-front 0.0014 1180 467 1201 513
track-sign-front 0.0014 871 560 895 607
track-sign-front 0.0010 288 311 321 359
track-signal-front 0.2105 787 513 803 549
track-signal-front 0.0119 487 491 519 527
track-signal-front 0.0059 785 503 802 535
track-signal-front 0.0021 782 515 810 556
track-signal-front 0.0013 781 491 810 578
track-signal-front 0.0012 508 485 534 525
track-signal-front 0.0011 788 510 826 547
car 0.0350 883 575 977 644
person 0.8004 1597 574 1691 856
person 0.7938 1347 559 1430 760
person 0.0226 1373 556 1465 766
person 0.0126 1194 581 1219 640
person 0.0047 1190 533 1219 634
person 0.0036 1355 552 1414 653
person 0.0035 1358 554 1405 602
person 0.0029 1318 573 1378 743
person 0.0024 881 572 938 639
person 0.0024 1172 536 1206 617
person 0.0017 866 557 883 591
person 0.0014 1631 610 1708 867
person 0.0014 1603 633 1685 781
person 0.0010 870 563 896 610
person 0.0010 1563 565 1650 827
pole 0.0058 787 506 807 639
pole 0.0012 2 456 51 883
pole 0.0010 0 545 29 852
pole 0.0010 965 435 984 688
