guard-rail 0.0057 1063 390 1104 459
guard-rail 0.0030 1086 395 1119 456
guard-rail 0.0010 1085 369 1128 447
train-car 0.0026 1037 341 1099 401
rail 0.9072 1067 392 1872 1075
rail 0.8061 655 389 1079 1078
rail 0.0055 1079 396 1312 1080
rail 0.0012 1007 428 1236 1074
track-sign-front 0.4558 676 491 716 533
track-sign-front 0.1300 1583 498 1620 540
track-sign-front 0.0390 1290 443 1302 474
track-sign-front 0.0080 1110 354 1130 384
track-sign-front 0.0065 684 487 736 533
track-sign-front 0.0051 676 484 709 518
track-sign-front 0.0034 1588 493 1636 545
track-sign-front 0.0031 1033 344 1080 388
track-sign-front 0.0030 1564 563 1595 650
track-sign-front 0.0028 1578 499 1606 546
track-sign-front 0.0027 1291 430 1305 471
track-sign-front 0.0024 1114 360 1130 396
track-sign-front 0.0022 753 488 778 545
track-sign-front 0.0015 1582 509 1613 561
track-sign-front 0.0015 506 303 621 344
track-sign-front 0.0013 642 416 754 596
track-sign-front 0.0011 1576 488 1605 530
track-sign-front 0.0011 1579 480 1614 518
track-signal-front 0.0056 1041 345 1095 388
track-signal-front 0.0014 1045 345 1115 408
rail-occluder 0.0024 1044 375 1093 462
