platform 0.0311 221 658 868 1066
rail 0.9271 844 645 1199 1077
rail 0.2976 1306 662 1921 1072
rail 0.0201 1237 670 1903 893
rail 0.0070 954 622 1896 969
rail 0.0033 1561 565 1923 1051
rail 0.0015 1752 566 1921 1024
rail 0.0015 734 643 967 1072
rail 0.0014 1314 610 1903 825
rail 0.0011 1181 667 1660 1040
track-sign-front 0.3452 856 609 872 657
track-sign-front 0.0333 859 608 873 635
track-sign-front 0.0127 982 556 1007 584
track-sign-front 0.0121 850 610 878 665
track-sign-front 0.0079 855 592 870 643
track-sign-front 0.0022 772 548 794 651
track-sign-front 0.0020 777 558 792 611
track-sign-front 0.0018 977 554 1001 629
track-sign-front 0.0017 974 587 988 656
track-signal-front 0.0052 786 506 803 538
track-signal-front 0.0036 1606 469 1639 516
track-signal-front 0.0017 778 549 796 601
track-signal-front 0.0010 1604 454 1672 545
track-signal-front 0.0010 1608 465 1655 528
pole 0.0136 855 605 876 710
pole 0.0025 768 558 792 671
pole 0.0022 777 552 793 648
pole 0.0015 854 584 872 652
rail-occluder 0.0034 852 608 881 711
