crossing 0.4253 511 645 673 709
crossing 0.2742 941 646 1137 723
crossing 0.1365 945 649 1027 700
crossing 0.0534 948 627 1190 773
crossing 0.0269 488 632 710 750
crossing 0.0268 993 656 1101 726
crossing 0.0111 617 653 710 702
crossing 0.0097 945 647 1038 677
crossing 0.0085 1038 611 1157 650
crossing 0.0073 594 576 690 607
crossing 0.0061 510 597 698 708
crossing 0.0046 1022 636 1145 696
crossing 0.0040 943 636 1058 739
crossing 0.0029 606 643 754 706
crossing 0.0024 521 652 628 699
crossing 0.0024 418 589 833 805
crossing 0.0023 497 665 659 760
crossing 0.0022 903 622 1053 710
crossing 0.0018 945 615 1050 655
crossing 0.0016 576 657 688 711
crossing 0.0014 453 646 638 723
crossing 0.0012 926 549 1147 739
crossing 0.0010 942 604 1086 706
guard-rail 0.0074 1054 605 1151 650
guard-rail 0.0043 1158 551 1217 629
guard-rail 0.0040 651 579 701 618
guard-rail 0.0040 634 652 713 702
guard-rail 0.0036 1107 544 1196 638
guard-rail 0.0033 1190 559 1225 630
guard-rail 0.0025 191 843 363 977
guard-rail 0.0021 348 604 832 1065
guard-rail 0.0017 1122 610 1152 657
guard-rail 0.0017 130 689 522 1019
guard-rail 0.0016 1053 538 1148 630
guard-rail 0.0016 700 604 762 639
guard-rail 0.0015 210 731 434 977
guard-rail 0.0014 666 579 740 625
guard-rail 0.0014 202 895 308 970
guard-rail 0.0013 492 648 679 1019
guard-rail 0.0013 1564 979 1668 1072
guard-rail 0.0013 1198 583 1222 646
guard-rail 0.0011 670 596 746 632
guard-rail 0.0011 684 646 770 695
guard-rail 0.0011 552 747 618 849
guard-rail 0.0011 662 592 704 631
guard-rail 0.0010 702 628 763 671
train-car 0.7008 1132 458 1330 528
train-car 0.0320 1124 483 1346 557
train-car 0.0227 1149 466 1453 540
train-car 0.0132 1133 497 1427 576
train-car 0.0049 1183 461 1287 523
train-car 0.0042 1085 431 1365 607
train-car 0.0039 1142 411 1370 524
train-car 0.0035 1126 467 1221 527
train-car 0.0029 1238 426 1423 539
train-car 0.0023 1198 491 1318 575
train-car 0.0018 1243 464 1315 532
train-car 0.0012 1124 383 1330 567
train-car 0.0011 1009 334 1410 730
train-car 0.0011 1215 389 1303 537
train-car 0.0010 1108 476 1186 530
platform 0.0073 1145 529 1916 1068
platform 0.0066 1264 497 1435 556
platform 0.0036 1186 531 1803 757
platform 0.0020 1302 517 1672 717
platform 0.0019 1202 506 1493 716
rail 0.8706 84 514 1016 1080
rail 0.8294 955 516 1361 1083
rail 0.3548 1061 528 1308 629
rail 0.1131 1061 558 1186 632
rail 0.0688 201 767 589 989
rail 0.0669 113 643 705 1053
rail 0.0461 945 752 1237 1023
rail 0.0430 1085 483 1421 602
rail 0.0334 934 536 1160 1068
rail 0.0244 1091 536 1192 593
rail 0.0224 1115 528 1299 592
rail 0.0202 630 534 826 577
rail 0.0150 1053 507 1467 691
rail 0.0121 1025 528 1204 624
rail 0.0096 623 538 780 596
rail 0.0090 951 527 1752 1077
rail 0.0085 1264 496 1431 561
rail 0.0084 194 539 827 912
rail 0.0078 575 545 803 636
rail 0.0077 1150 541 1264 581
rail 0.0062 1012 527 1169 576
rail 0.0062 861 523 1057 1079
rail 0.0062 1072 508 1310 568
rail 0.0056 605 525 996 638
rail 0.0055 637 674 913 961
rail 0.0046 630 527 928 596
rail 0.0044 638 546 737 581
rail 0.0043 968 527 1117 570
rail 0.0037 1015 504 1497 914
rail 0.0036 1239 515 1452 700
rail 0.0036 1122 543 1248 641
rail 0.0035 1185 526 1298 574
rail 0.0031 522 525 860 684
rail 0.0028 1074 553 1341 678
rail 0.0028 1003 523 1129 556
rail 0.0024 429 602 960 1076
rail 0.0024 952 531 1141 600
rail 0.0022 582 562 714 622
rail 0.0022 718 515 1186 1081
rail 0.0021 742 815 927 990
rail 0.0020 1090 522 1191 559
rail 0.0019 301 735 589 914
rail 0.0019 1061 498 1204 582
rail 0.0017 1174 553 1237 638
rail 0.0017 495 606 958 862
rail 0.0017 1133 518 1251 558
rail 0.0016 402 589 686 944
rail 0.0016 1011 440 1419 755
rail 0.0015 1288 646 1903 1063
rail 0.0014 1128 514 1379 1024
rail 0.0013 802 525 1055 602
rail 0.0013 475 555 720 752
rail 0.0012 1025 554 1204 700
rail 0.0011 1339 498 1449 546
rail 0.0011 948 979 1292 1069
rail 0.0011 681 540 772 565
rail 0.0011 946 565 1138 692
rail 0.0010 1320 505 1485 607
rail 0.0010 1172 537 1603 747
rail 0.0010 559 507 1044 693
rail 0.0010 902 583 1004 1086
switch-indicator 0.1975 744 857 883 973
switch-indicator 0.0806 722 723 816 910
switch-indicator 0.0591 853 565 893 627
switch-indicator 0.0128 701 848 840 975
switch-indicator 0.0094 730 789 819 949
switch-indicator 0.0055 845 592 877 641
switch-indicator 0.0012 820 550 925 657
switch-left 0.3908 943 835 1286 1044
switch-left 0.2591 206 811 576 986
switch-left 0.1944 1060 586 1168 637
switch-left 0.0479 238 878 540 983
switch-left 0.0191 954 746 1235 995
switch-left 0.0182 163 907 542 1007
switch-left 0.0171 949 946 1294 1050
switch-left 0.0099 296 762 589 930
switch-left 0.0096 310 702 653 990
switch-left 0.0083 1048 606 1158 649
switch-left 0.0067 531 594 702 667
switch-left 0.0062 185 888 434 979
switch-left 0.0028 576 569 704 629
switch-left 0.0016 134 941 542 1064
switch-left 0.0013 1015 890 1599 1068
switch-left 0.0011 142 880 639 1051
switch-left 0.0010 567 597 672 633
switch-right 0.3405 1060 587 1172 636
switch-right 0.2849 948 807 1267 1044
switch-right 0.0583 249 786 577 969
switch-right 0.0177 580 581 695 617
switch-right 0.0070 569 591 690 629
switch-right 0.0035 192 860 473 980
switch-right 0.0031 302 706 607 933
switch-unknown 0.0248 579 581 695 617
switch-unknown 0.0091 599 571 706 607
switch-unknown 0.0065 1169 544 1240 574
switch-unknown 0.0059 1120 539 1193 576
switch-unknown 0.0051 668 545 745 568
switch-unknown 0.0046 1169 551 1234 589
switch-unknown 0.0034 651 548 726 574
switch-unknown 0.0032 645 551 724 590
switch-unknown 0.0014 1156 519 1220 551
switch-unknown 0.0011 993 536 1054 561
switch-unknown 0.0011 1108 514 1175 554
switch-unknown 0.0010 1024 521 1106 552
switch-static 0.2663 740 849 893 978
switch-static 0.0802 721 723 814 801
switch-static 0.0722 557 910 813 981
switch-static 0.0668 612 877 900 985
switch-static 0.0643 801 881 943 985
switch-static 0.0618 713 723 818 901
switch-static 0.0562 662 765 882 958
switch-static 0.0193 775 882 877 960
switch-static 0.0158 613 917 761 973
switch-static 0.0095 741 873 962 1027
switch-static 0.0085 1284 952 1539 1041
switch-static 0.0072 736 700 815 753
switch-static 0.0059 806 917 960 1015
switch-static 0.0058 818 958 941 1023
switch-static 0.0043 727 901 884 991
switch-static 0.0036 704 697 808 785
switch-static 0.0031 518 919 708 989
switch-static 0.0027 744 876 831 978
switch-static 0.0025 508 863 798 997
switch-static 0.0021 530 912 768 1019
switch-static 0.0020 784 853 958 948
switch-static 0.0015 760 694 800 721
switch-static 0.0012 807 864 1018 971
switch-static 0.0011 632 886 780 962
switch-static 0.0010 809 873 887 941
track-sign-front 0.0133 835 83 865 121
track-sign-front 0.0023 846 478 865 584
track-sign-front 0.0011 630 450 648 480
track-sign-front 0.0010 1179 384 1196 418
track-signal-front 0.0062 1266 397 1284 469
track-signal-front 0.0041 1074 381 1096 498
track-signal-front 0.0024 1069 399 1094 467
track-signal-front 0.0012 1070 394 1090 439
track-signal-front 0.0011 1260 364 1288 472
track-signal-back 0.0065 1262 392 1275 472
track-signal-back 0.0042 1176 391 1196 430
track-signal-back 0.0026 1270 403 1284 496
track-signal-back 0.0021 1166 396 1187 432
person 0.6598 1344 552 1399 706
person 0.0135 1505 504 1585 731
person 0.0119 1328 521 1403 653
person 0.0048 1460 500 1616 735
person 0.0047 1489 498 1574 644
person 0.0027 1448 514 1504 610
person 0.0020 1504 519 1553 628
person 0.0019 1279 551 1419 717
person 0.0018 1519 503 1646 720
person 0.0015 1336 546 1382 613
person 0.0012 1283 526 1434 642
person 0.0012 1465 519 1529 620
person 0.0011 1287 503 1410 582
person 0.0010 1522 485 1610 658
person 0.0010 1517 502 1575 602
person 0.0010 1339 503 1464 609
pole 0.3100 842 117 871 623
pole 0.2345 852 133 894 629
pole 0.0771 877 174 908 590
pole 0.0753 843 259 860 604
pole 0.0596 1255 223 1267 554
pole 0.0455 973 329 989 539
pole 0.0432 830 32 881 640
pole 0.0392 1366 419 1375 541
pole 0.0285 1358 412 1376 546
pole 0.0142 1075 378 1098 539
pole 0.0131 976 387 993 530
pole 0.0130 845 376 865 644
pole 0.0101 1261 267 1283 566
pole 0.0096 1242 187 1268 562
pole 0.0090 1325 394 1340 529
pole 0.0090 980 408 1001 541
pole 0.0089 884 201 903 534
pole 0.0085 942 326 957 541
pole 0.0084 892 445 909 612
pole 0.0081 1320 414 1344 545
pole 0.0077 1338 446 1383 562
pole 0.0070 1249 203 1263 531
pole 0.0069 845 168 864 513
pole 0.0065 833 263 857 600
pole 0.0061 843 329 889 626
pole 0.0059 847 492 865 612
pole 0.0054 888 351 910 614
pole 0.0048 1314 493 1387 558
pole 0.0046 966 406 997 540
pole 0.0036 1065 418 1093 535
pole 0.0036 944 373 953 502
pole 0.0032 975 352 986 486
pole 0.0030 1309 470 1350 558
pole 0.0028 1317 341 1336 542
pole 0.0027 1089 423 1126 536
pole 0.0026 840 235 912 653
pole 0.0026 1009 333 1027 543
pole 0.0024 1346 491 1401 550
pole 0.0023 844 416 862 551
pole 0.0022 844 471 876 592
pole 0.0021 1365 349 1381 535
pole 0.0020 971 311 1003 547
pole 0.0018 939 355 966 552
pole 0.0016 957 365 1011 548
pole 0.0016 937 396 962 516
pole 0.0015 1182 322 1292 583
pole 0.0015 1301 398 1329 519
pole 0.0015 1235 209 1283 626
pole 0.0015 840 368 861 503
pole 0.0014 888 425 912 544
pole 0.0014 1255 326 1266 462
pole 0.0014 1367 388 1380 501
pole 0.0014 968 254 993 531
pole 0.0013 1227 491 1294 578
pole 0.0012 1492 -28 1614 848
pole 0.0012 875 301 929 618
pole 0.0011 883 396 909 521
pole 0.0010 843 434 896 573
pole 0.0010 1245 397 1286 519
pole 0.0010 1412 401 1438 523
rail-occluder 0.0371 855 565 896 612
rail-occluder 0.0240 1219 507 1400 579
rail-occluder 0.0210 1306 511 1342 568
rail-occluder 0.0162 1257 510 1354 575
rail-occluder 0.0141 869 560 899 596
rail-occluder 0.0122 1243 518 1317 579
rail-occluder 0.0048 1295 496 1406 556
rail-occluder 0.0044 1173 485 1441 613
rail-occluder 0.0044 890 526 907 587
rail-occluder 0.0037 1240 536 1276 582
rail-occluder 0.0023 846 531 877 632
rail-occluder 0.0021 1215 529 1269 575
rail-occluder 0.0020 844 515 897 614
rail-occluder 0.0020 1170 528 1349 590
rail-occluder 0.0018 1296 477 1364 553
rail-occluder 0.0016 1283 473 1331 532
rail-occluder 0.0014 820 537 925 649
rail-occluder 0.0011 1264 528 1393 609
rail-occluder 0.0011 979 517 1012 550
