crossing 0.0030 1055 533 1110 555
guard-rail 0.0014 1078 480 1116 505
platform 0.9120 -2 539 989 1077
rail 0.9479 756 467 1144 1078
switch-static 0.0010 1139 558 1178 581
track-sign-front 0.2272 1738 541 1830 636
track-sign-front 0.1037 1016 477 1035 497
track-sign-front 0.0124 869 453 892 491
track-sign-front 0.0105 835 391 858 450
track-sign-front 0.0088 911 446 944 485
track-sign-front 0.0062 872 445 903 470
track-sign-front 0.0050 1014 464 1035 487
track-sign-front 0.0029 836 391 870 472
track-sign-front 0.0023 836 383 860 418
track-sign-front 0.0023 835 422 858 483
track-sign-front 0.0022 1012 477 1043 507
track-sign-front 0.0021 914 440 939 464
track-sign-front 0.0014 847 417 885 493
track-sign-front 0.0013 1772 548 1843 643
track-sign-front 0.0010 833 455 874 501
person 0.1648 910 442 944 552
person 0.0072 911 446 944 489
person 0.0059 865 445 902 513
person 0.0043 531 501 580 670
person 0.0026 914 442 970 558
person 0.0011 539 506 577 596
person 0.0011 925 492 950 551
