rail 0.9367 151 560 846 1075
rail 0.8969 813 572 1119 1072
rail 0.8418 882 562 1892 1062
rail 0.1529 3 559 683 857
rail 0.0743 522 554 656 661
rail 0.0296 558 563 647 639
rail 0.0289 228 558 657 733
rail 0.0201 457 555 660 719
rail 0.0124 500 550 614 644
rail 0.0046 573 560 676 674
rail 0.0044 1047 554 1268 1014
rail 0.0036 532 579 632 702
rail 0.0034 570 552 757 661
rail 0.0026 586 544 675 633
rail 0.0026 235 533 771 826
rail 0.0025 1060 561 1442 1072
rail 0.0018 622 544 682 653
rail 0.0017 862 562 1339 1022
rail 0.0016 850 573 1023 632
rail 0.0015 84 507 615 750
rail 0.0014 851 573 956 605
rail 0.0013 1031 524 1255 817
rail 0.0012 628 543 728 656
rail 0.0011 882 580 945 611
rail 0.0011 602 558 824 723
rail 0.0011 1273 700 1928 1014
rail 0.0010 535 504 678 633
rail 0.0010 669 560 799 659
switch-indicator 0.0015 695 649 716 678
switch-indicator 0.0014 692 623 718 679
track-sign-front 0.0610 908 588 921 604
track-sign-front 0.0439 522 544 545 642
track-sign-front 0.0421 507 467 543 504
track-sign-front 0.0324 1104 605 1117 628
track-sign-front 0.0221 252 657 266 676
track-sign-front 0.0094 1175 542 1229 574
track-sign-front 0.0084 1157 424 1235 462
track-sign-front 0.0049 1099 592 1117 624
track-sign-front 0.0048 1186 549 1240 580
track-sign-front 0.0045 518 500 553 604
track-sign-front 0.0044 1187 518 1219 705
track-sign-front 0.0041 886 560 925 609
track-sign-front 0.0037 1187 567 1220 657
track-sign-front 0.0037 554 612 608 664
track-sign-front 0.0025 247 673 262 710
track-sign-front 0.0024 1206 557 1254 586
track-sign-front 0.0024 1176 509 1211 621
track-sign-front 0.0023 405 617 423 645
track-sign-front 0.0021 741 525 775 621
track-sign-front 0.0017 1824 650 1869 742
track-sign-front 0.0017 718 518 757 568
track-sign-front 0.0017 1194 436 1240 468
track-sign-front 0.0016 1827 657 1852 760
track-sign-front 0.0015 1168 473 1248 565
track-sign-front 0.0013 533 504 571 580
track-sign-front 0.0012 406 619 431 662
track-sign-front 0.0012 242 692 259 720
track-sign-front 0.0010 1169 552 1213 660
track-signal-front 0.1226 950 494 969 533
track-signal-front 0.0459 507 465 548 509
track-signal-front 0.0152 702 497 717 517
track-signal-front 0.0116 1022 511 1035 547
track-signal-front 0.0112 945 488 962 509
track-signal-front 0.0071 539 508 566 544
track-signal-front 0.0066 708 484 741 531
track-signal-front 0.0057 542 472 566 536
track-signal-front 0.0051 1020 517 1034 567
track-signal-front 0.0048 536 464 561 514
track-signal-front 0.0029 706 486 720 514
track-signal-front 0.0027 695 490 724 547
track-signal-front 0.0021 523 496 567 557
track-signal-front 0.0021 652 514 672 550
track-signal-front 0.0014 507 448 559 559
track-signal-front 0.0013 537 448 568 565
track-signal-front 0.0012 652 509 672 534
track-signal-front 0.0012 948 483 977 511
track-signal-front 0.0011 947 489 975 548
track-signal-back 0.2483 1149 418 1198 463
track-signal-back 0.2201 1145 421 1216 485
track-signal-back 0.1912 1154 459 1225 511
track-signal-back 0.0154 1148 440 1210 505
track-signal-back 0.0127 1160 429 1233 473
track-signal-back 0.0105 393 481 420 527
track-signal-back 0.0093 392 455 420 516
track-signal-back 0.0080 1021 506 1035 535
track-signal-back 0.0060 1141 428 1242 517
track-signal-back 0.0039 1149 409 1189 445
track-signal-back 0.0031 1187 459 1254 547
track-signal-back 0.0027 399 454 420 485
track-signal-back 0.0025 1154 443 1238 560
track-signal-back 0.0021 1025 504 1040 534
track-signal-back 0.0017 1136 389 1200 489
track-signal-back 0.0013 701 490 720 526
pole 0.3568 1167 529 1227 979
pole 0.3097 748 367 773 609
pole 0.2200 1128 426 1251 984
pole 0.0995 785 420 807 605
pole 0.0854 1122 550 1309 1066
pole 0.0692 522 548 543 645
pole 0.0547 517 528 554 650
pole 0.0454 770 423 803 610
pole 0.0195 518 427 552 676
pole 0.0186 743 392 794 616
pole 0.0171 891 472 905 594
pole 0.0162 1168 398 1239 869
pole 0.0131 814 464 835 593
pole 0.0130 524 416 568 638
pole 0.0100 536 465 566 585
pole 0.0100 748 431 769 579
pole 0.0090 511 513 574 667
pole 0.0074 1179 578 1214 907
pole 0.0073 514 451 553 551
pole 0.0070 744 437 771 655
pole 0.0064 710 426 744 591
pole 0.0046 1140 538 1208 854
pole 0.0039 326 466 347 684
pole 0.0037 826 495 853 599
pole 0.0037 1039 453 1247 884
pole 0.0034 1170 486 1213 728
pole 0.0030 1144 496 1179 706
pole 0.0028 1182 489 1223 818
pole 0.0025 732 357 770 606
pole 0.0025 806 452 829 576
pole 0.0021 899 499 935 610
pole 0.0021 724 442 760 613
pole 0.0018 950 491 988 609
pole 0.0018 932 492 969 604
pole 0.0017 1194 556 1246 836
pole 0.0016 752 529 803 612
pole 0.0015 979 533 1007 622
pole 0.0015 866 491 903 602
pole 0.0015 751 400 770 539
pole 0.0015 1019 512 1035 578
pole 0.0014 504 530 608 643
pole 0.0014 1135 340 1231 792
pole 0.0013 825 476 843 586
pole 0.0013 1142 550 1180 653
pole 0.0013 741 513 777 634
pole 0.0011 1007 517 1039 627
pole 0.0011 319 492 360 751
pole 0.0011 798 540 848 599
pole 0.0011 724 451 787 649
pole 0.0011 697 495 723 547
pole 0.0010 646 513 676 579
pole 0.0010 537 422 584 609
pole 0.0010 775 481 818 608
pole 0.0010 636 534 676 626
rail-occluder 0.0952 909 587 921 605
rail-occluder 0.0698 508 553 579 694
rail-occluder 0.0653 517 546 549 687
rail-occluder 0.0644 522 548 544 648
rail-occluder 0.0483 458 579 592 718
rail-occluder 0.0374 411 558 650 711
rail-occluder 0.0271 490 581 561 707
rail-occluder 0.0098 909 594 926 620
rail-occluder 0.0093 506 552 608 643
rail-occluder 0.0075 438 600 545 689
rail-occluder 0.0058 404 613 600 738
rail-occluder 0.0045 910 581 950 617
rail-occluder 0.0035 296 602 619 760
rail-occluder 0.0033 369 583 576 699
rail-occluder 0.0033 512 613 592 709
rail-occluder 0.0028 539 589 625 691
rail-occluder 0.0026 413 625 522 706
rail-occluder 0.0025 552 575 629 652
rail-occluder 0.0023 907 590 931 628
rail-occluder 0.0018 468 626 570 740
rail-occluder 0.0015 985 577 1007 618
rail-occluder 0.0014 410 607 488 686
rail-occluder 0.0013 427 597 508 667
rail-occluder 0.0013 919 594 966 632
rail-occluder 0.0010 1824 638 1916 764
rail-occluder 0.0010 1222 871 1276 954
