crossing 0.0114 834 582 875 600
crossing 0.0068 843 581 893 600
guard-rail 0.7651 602 763 717 861
guard-rail 0.1209 650 761 726 853
guard-rail 0.0744 278 700 814 929
guard-rail 0.0520 316 724 610 874
guard-rail 0.0475 518 756 711 871
guard-rail 0.0416 297 762 537 864
guard-rail 0.0308 489 766 641 863
guard-rail 0.0234 309 592 972 1099
guard-rail 0.0141 463 685 725 956
guard-rail 0.0106 440 759 595 867
guard-rail 0.0098 733 643 797 671
guard-rail 0.0061 418 935 575 1070
guard-rail 0.0055 777 642 841 673
guard-rail 0.0051 142 692 681 981
guard-rail 0.0049 468 745 635 916
guard-rail 0.0045 387 751 545 849
guard-rail 0.0042 499 790 584 864
guard-rail 0.0031 297 784 450 868
guard-rail 0.0027 241 780 649 1066
guard-rail 0.0026 569 760 672 861
guard-rail 0.0025 663 750 732 824
guard-rail 0.0024 477 769 566 860
guard-rail 0.0022 434 694 675 860
guard-rail 0.0020 608 811 702 877
guard-rail 0.0018 818 630 853 657
guard-rail 0.0016 235 764 487 930
guard-rail 0.0013 381 841 630 1064
guard-rail 0.0013 412 900 614 1119
guard-rail 0.0011 497 670 759 842
guard-rail 0.0010 548 698 810 985
guard-rail 0.0010 17 748 519 1063
rail 0.9419 866 570 1169 1074
rail 0.8929 121 589 874 1078
rail 0.0098 374 659 814 990
rail 0.0028 33 685 618 1027
rail 0.0028 831 581 878 603
rail 0.0027 783 612 853 656
rail 0.0022 173 763 705 1072
rail 0.0015 807 579 865 616
rail 0.0014 863 550 889 594
rail 0.0014 453 551 925 1051
rail 0.0011 850 559 899 592
rail 0.0010 811 568 862 604
switch-indicator 0.0109 740 598 760 649
switch-indicator 0.0085 734 627 757 658
switch-left 0.0896 764 639 836 673
switch-left 0.0204 775 629 833 656
switch-left 0.0023 733 632 821 676
switch-right 0.1435 765 637 837 671
switch-right 0.0246 777 630 830 655
switch-right 0.0030 783 615 852 655
switch-unknown 0.0011 813 580 861 609
switch-static 0.0159 732 619 782 665
switch-static 0.0100 753 623 814 654
switch-static 0.0019 729 627 761 658
track-sign-front 0.0745 974 571 988 590
track-sign-front 0.0717 742 598 752 621
track-sign-front 0.0400 741 598 758 647
track-sign-front 0.0177 916 557 931 575
track-sign-front 0.0176 976 572 990 604
track-sign-front 0.0089 870 549 894 570
track-sign-front 0.0077 740 593 754 629
track-sign-front 0.0063 863 547 891 587
track-sign-front 0.0029 961 548 984 589
track-sign-front 0.0025 865 550 915 587
track-sign-front 0.0020 928 553 973 588
track-sign-front 0.0014 857 536 878 575
track-sign-front 0.0014 741 575 759 614
track-sign-front 0.0011 967 570 997 595
track-signal-front 0.0270 871 551 882 566
track-signal-front 0.0039 868 533 881 560
track-signal-front 0.0010 869 545 884 576
