crossing 0.3798 967 645 1056 703
crossing 0.0184 964 613 1084 701
crossing 0.0168 964 562 1031 597
crossing 0.0071 959 626 1054 747
crossing 0.0065 1034 575 1102 596
crossing 0.0035 1057 569 1108 592
crossing 0.0033 961 534 1029 582
crossing 0.0020 942 550 1010 590
guard-rail 0.0106 902 597 983 1078
guard-rail 0.0019 985 594 1074 676
guard-rail 0.0011 1030 688 1133 1070
platform 0.0012 1238 658 1884 1053
rail 0.8648 863 572 1162 1074
rail 0.1449 970 584 1092 642
rail 0.0597 965 600 1084 695
rail 0.0249 970 593 1045 653
rail 0.0225 1009 578 1100 627
rail 0.0187 963 576 1040 627
rail 0.0177 988 574 1092 610
rail 0.0130 1017 590 1080 641
rail 0.0107 920 544 1118 870
rail 0.0097 892 589 994 1080
rail 0.0079 960 567 1065 610
rail 0.0074 963 560 1034 602
rail 0.0042 1021 572 1109 602
rail 0.0029 984 552 1141 635
rail 0.0026 903 569 1052 633
rail 0.0017 1049 573 1117 618
rail 0.0014 885 573 1070 671
rail 0.0011 954 536 1101 714
rail 0.0010 942 522 1055 665
switch-right 0.0243 969 630 1061 692
switch-unknown 0.0142 1021 582 1093 619
switch-unknown 0.0068 1026 594 1074 639
switch-unknown 0.0011 1052 575 1112 610
track-sign-front 0.0121 1000 463 1015 526
track-sign-front 0.0104 863 502 876 520
track-sign-front 0.0059 1162 546 1177 602
track-sign-front 0.0043 1004 500 1024 566
track-sign-front 0.0039 1161 521 1176 586
track-sign-front 0.0038 857 506 877 537
track-sign-front 0.0038 1149 563 1175 619
track-sign-front 0.0026 1109 563 1150 637
track-sign-front 0.0023 821 381 835 410
track-sign-front 0.0022 947 545 968 572
track-sign-front 0.0020 1158 471 1175 532
track-sign-front 0.0018 1112 568 1135 653
track-sign-front 0.0013 823 388 839 425
track-sign-front 0.0013 0 601 20 668
track-sign-front 0.0011 979 520 1036 581
track-signal-front 0.0509 759 418 772 455
track-signal-front 0.0461 998 466 1012 501
track-signal-front 0.0236 866 503 877 522
track-signal-front 0.0125 757 412 771 442
track-signal-front 0.0101 823 422 837 452
track-signal-front 0.0038 821 384 836 430
track-signal-front 0.0023 864 501 878 533
track-signal-front 0.0018 962 491 984 542
track-signal-front 0.0014 959 508 980 555
track-signal-front 0.0012 1001 434 1015 510
track-signal-front 0.0010 757 360 774 400
track-signal-back 0.0015 824 425 844 455
track-signal-back 0.0015 828 432 864 464
car 0.0028 962 539 1027 578
car 0.0010 945 528 1002 582
person 0.0050 739 540 762 583
person 0.0037 731 541 755 585
person 0.0024 669 525 688 580
person 0.0016 1813 433 1910 699
person 0.0014 947 552 967 582
person 0.0012 946 542 969 574
pole 0.0074 915 343 928 578
pole 0.0021 1033 324 1051 593
pole 0.0019 916 396 926 530
pole 0.0015 1000 381 1016 560
