guard-rail 0.2097 866 532 901 560
guard-rail 0.0777 879 530 912 556
guard-rail 0.0457 855 543 894 571
guard-rail 0.0277 956 493 1007 534
guard-rail 0.0214 990 522 1004 566
guard-rail 0.0116 889 517 938 546
guard-rail 0.0100 887 525 923 557
guard-rail 0.0072 952 510 996 562
guard-rail 0.0062 827 555 892 592
guard-rail 0.0061 995 533 1012 571
guard-rail 0.0040 858 521 927 572
guard-rail 0.0036 994 544 1008 579
guard-rail 0.0030 784 569 901 632
guard-rail 0.0028 975 476 1023 513
guard-rail 0.0024 664 682 797 796
guard-rail 0.0021 635 637 826 808
guard-rail 0.0020 859 540 911 578
guard-rail 0.0019 926 503 985 544
guard-rail 0.0013 999 544 1017 587
guard-rail 0.0011 940 521 972 563
guard-rail 0.0010 983 498 1025 563
rail 0.9576 828 448 1165 1074
rail 0.8316 4 487 1028 1080
rail 0.0196 975 462 1029 485
rail 0.0158 995 458 1043 483
rail 0.0102 288 584 887 1049
rail 0.0083 507 591 904 825
rail 0.0068 396 470 1014 951
rail 0.0054 947 467 1008 505
rail 0.0047 953 474 1018 528
rail 0.0043 613 619 871 785
rail 0.0038 591 525 941 775
rail 0.0036 939 459 1011 487
rail 0.0022 630 507 791 627
rail 0.0016 455 494 858 735
rail 0.0015 755 565 957 676
rail 0.0013 529 424 1080 785
rail 0.0012 502 608 797 1010
rail 0.0012 968 451 1045 498
rail 0.0012 89 654 735 1060
rail 0.0011 1007 443 1052 478
switch-indicator 0.6664 687 538 729 612
switch-indicator 0.0019 692 520 723 581
switch-indicator 0.0013 857 475 871 509
switch-left 0.1089 762 594 896 644
switch-left 0.0812 719 600 872 663
switch-left 0.0150 751 585 847 632
switch-left 0.0109 951 486 1013 535
switch-left 0.0102 718 621 863 694
switch-left 0.0055 698 563 912 687
switch-left 0.0053 686 609 835 680
switch-left 0.0019 671 604 791 665
switch-left 0.0010 797 574 927 620
switch-right 0.1831 958 490 1006 517
switch-right 0.1195 734 592 879 653
switch-right 0.0649 771 590 897 637
switch-right 0.0491 714 609 861 680
switch-right 0.0144 752 586 847 633
switch-right 0.0062 696 580 897 703
switch-right 0.0031 674 625 876 729
switch-right 0.0010 976 479 1023 511
switch-unknown 0.0946 982 462 1033 484
switch-unknown 0.0761 970 469 1020 496
switch-unknown 0.0561 998 459 1040 481
switch-unknown 0.0083 1007 446 1052 473
switch-unknown 0.0040 940 459 1008 486
switch-static 0.2062 709 582 800 614
switch-static 0.0430 684 562 784 618
switch-static 0.0282 678 590 783 634
switch-static 0.0226 947 467 1008 502
switch-static 0.0126 931 461 986 495
switch-static 0.0047 715 574 829 628
switch-static 0.0044 681 535 795 652
switch-static 0.0041 674 548 850 677
switch-static 0.0036 670 553 732 622
switch-static 0.0020 654 605 770 664
switch-static 0.0019 650 590 740 643
switch-static 0.0018 930 482 993 517
switch-static 0.0017 768 574 835 605
track-sign-front 0.6027 432 522 473 647
track-sign-front 0.0497 856 447 868 474
track-sign-front 0.0327 458 516 490 637
track-sign-front 0.0273 949 413 962 429
track-sign-front 0.0237 856 450 869 496
track-sign-front 0.0117 900 294 925 344
track-sign-front 0.0081 953 414 968 428
track-sign-front 0.0049 855 436 866 460
track-sign-front 0.0032 418 523 461 630
track-sign-front 0.0029 855 476 868 511
track-sign-front 0.0020 464 512 511 612
track-sign-front 0.0014 900 277 926 319
track-sign-front 0.0013 948 413 966 437
track-sign-front 0.0011 890 278 927 353
