crossing 0.1101 954 580 991 600
crossing 0.0311 942 572 999 598
crossing 0.0252 951 567 1032 597
crossing 0.0249 954 568 1127 602
crossing 0.0216 981 575 1054 597
crossing 0.0205 1002 578 1083 597
crossing 0.0186 1033 579 1104 599
crossing 0.0068 919 562 996 598
crossing 0.0057 1019 565 1111 594
crossing 0.0039 1048 581 1119 606
crossing 0.0010 1072 585 1145 614
rail 0.9437 785 560 1091 1071
rail 0.7413 981 564 1816 1076
rail 0.0681 932 552 1146 594
rail 0.0060 916 561 997 596
rail 0.0048 921 540 1148 623
rail 0.0045 921 558 1071 606
rail 0.0045 911 551 1028 584
rail 0.0038 927 542 1459 894
rail 0.0035 1010 561 1151 596
rail 0.0021 917 545 1281 806
rail 0.0010 1022 543 1198 598
switch-unknown 0.0016 930 551 1009 581
track-sign-front 0.0399 1135 526 1156 551
track-sign-front 0.0113 1239 513 1270 544
track-sign-front 0.0111 1246 510 1270 588
track-sign-front 0.0069 1248 533 1268 626
track-sign-front 0.0052 1218 498 1253 543
track-sign-front 0.0047 734 536 754 603
track-sign-front 0.0043 1132 527 1167 560
track-sign-front 0.0020 1162 530 1189 568
track-sign-front 0.0019 1215 503 1254 592
track-sign-front 0.0017 1231 533 1263 622
track-sign-front 0.0016 1420 538 1452 617
track-sign-front 0.0016 1249 506 1282 548
track-sign-front 0.0012 1252 533 1278 618
track-sign-front 0.0012 1029 383 1059 420
track-sign-front 0.0012 1237 516 1275 617
track-signal-front 0.5161 1222 468 1242 506
track-signal-front 0.4381 788 423 821 489
track-signal-front 0.2684 788 363 818 478
track-signal-front 0.0504 1219 446 1244 508
track-signal-front 0.0119 774 371 829 487
track-signal-front 0.0056 782 359 813 412
track-signal-front 0.0053 1221 474 1257 516
track-signal-front 0.0041 794 361 819 414
track-signal-front 0.0037 1218 498 1254 541
track-signal-front 0.0036 1226 429 1253 494
track-signal-front 0.0034 1217 467 1249 537
track-signal-front 0.0026 1223 427 1245 476
track-signal-front 0.0018 1038 389 1061 425
track-signal-front 0.0015 785 404 833 515
track-signal-front 0.0010 1204 457 1258 516
track-signal-back 0.0012 1022 386 1060 429
