crossing 0.0059 983 630 1026 669
crossing 0.0032 938 633 1006 664
crossing 0.0031 1005 627 1064 664
crossing 0.0024 1034 631 1081 653
crossing 0.0020 939 646 1000 672
train-car 0.6601 1210 523 1917 752
train-car 0.0559 1135 589 1920 865
train-car 0.0368 1535 518 1723 804
train-car 0.0212 1589 425 1673 806
train-car 0.0050 1528 597 1926 779
train-car 0.0023 1406 343 1798 731
train-car 0.0017 1237 255 1918 831
train-car 0.0017 1567 533 1821 771
train-car 0.0012 1462 554 1659 710
train-car 0.0011 1160 610 1384 669
platform 0.0761 -1 659 859 869
platform 0.0102 992 639 1054 672
platform 0.0069 1000 638 1031 676
platform 0.0024 965 637 1042 667
rail 0.9538 981 633 1258 1077
rail 0.9495 1084 637 1916 1075
rail 0.9264 193 648 995 1076
rail 0.5893 1181 645 1917 848
rail 0.0754 -3 662 815 935
rail 0.0352 1470 681 1923 828
rail 0.0156 1398 584 1871 794
rail 0.0073 1564 710 1922 883
rail 0.0051 1137 630 1801 778
rail 0.0047 70 782 487 948
rail 0.0046 1557 684 1929 774
rail 0.0037 1645 703 1922 808
rail 0.0029 1108 618 1408 670
rail 0.0019 1398 701 1906 957
rail 0.0018 131 772 348 958
rail 0.0012 1112 637 1406 686
rail 0.0012 1193 595 1664 735
rail 0.0010 -4 805 312 982
track-sign-front 0.1292 241 569 297 624
track-sign-front 0.0383 221 557 296 639
track-sign-front 0.0130 210 354 305 801
track-sign-front 0.0043 236 517 305 628
track-sign-front 0.0035 1125 598 1150 642
track-sign-front 0.0021 217 476 300 561
track-sign-front 0.0020 218 807 251 924
track-sign-front 0.0017 748 581 763 603
track-sign-front 0.0017 983 618 1023 657
track-sign-front 0.0017 1619 506 1655 588
track-sign-front 0.0012 221 741 271 796
track-signal-front 0.7759 194 195 260 388
track-signal-front 0.5436 188 381 269 478
track-signal-front 0.0274 1036 591 1049 625
track-signal-front 0.0179 153 458 186 512
track-signal-front 0.0109 183 292 268 491
track-signal-front 0.0090 194 312 258 384
track-signal-front 0.0085 158 214 295 786
track-signal-front 0.0083 145 443 195 515
track-signal-front 0.0073 1124 607 1140 635
track-signal-front 0.0069 1030 593 1058 649
track-signal-front 0.0054 189 356 264 442
track-signal-front 0.0048 1036 576 1051 605
track-signal-front 0.0035 222 475 302 533
track-signal-front 0.0027 1120 568 1164 651
track-signal-front 0.0025 1036 566 1074 637
track-signal-front 0.0024 130 393 212 540
track-signal-front 0.0020 101 413 192 510
track-signal-front 0.0019 202 197 261 292
track-signal-front 0.0017 147 386 231 481
track-signal-front 0.0015 1014 572 1049 645
track-signal-front 0.0015 746 583 764 607
track-signal-front 0.0014 61 376 181 483
track-signal-front 0.0013 151 322 286 531
track-signal-front 0.0012 57 374 97 429
track-signal-front 0.0012 990 597 1048 668
track-signal-front 0.0012 1143 535 1166 633
track-signal-front 0.0011 146 174 283 436
track-signal-front 0.0011 165 199 241 381
track-signal-front 0.0010 1033 599 1080 655
track-signal-front 0.0010 7 371 128 474
track-signal-front 0.0010 153 442 229 518
track-signal-back 0.6669 1599 341 1655 505
track-signal-back 0.1501 1601 343 1652 425
track-signal-back 0.0845 1602 458 1656 503
track-signal-back 0.0073 1153 573 1166 613
track-signal-back 0.0034 1608 459 1695 503
track-signal-back 0.0023 1622 457 1660 609
track-signal-back 0.0020 1620 508 1663 560
track-signal-back 0.0012 1607 337 1723 508
track-signal-back 0.0012 1624 471 1693 526
track-signal-back 0.0010 1610 454 1645 618
pole 0.2892 1427 253 1455 747
pole 0.2553 1626 509 1649 827
pole 0.2423 1613 346 1654 872
pole 0.1905 201 447 255 950
pole 0.1472 184 241 272 983
pole 0.1135 1208 491 1226 679
pole 0.0876 1431 538 1449 750
pole 0.0756 1346 443 1878 798
pole 0.0534 1211 559 1224 672
pole 0.0397 1556 499 1703 818
pole 0.0358 1592 367 1667 807
pole 0.0340 1429 629 1442 753
pole 0.0282 1434 562 1445 700
pole 0.0267 1433 391 1449 726
pole 0.0198 1428 467 1453 774
pole 0.0193 862 590 871 691
pole 0.0166 1153 564 1169 652
pole 0.0107 1316 565 1334 676
pole 0.0104 1204 454 1233 670
pole 0.0084 1209 521 1223 641
pole 0.0081 1215 593 1238 676
pole 0.0076 1627 510 1671 824
pole 0.0061 1296 559 1327 682
pole 0.0057 1419 524 1464 734
pole 0.0056 162 578 348 946
pole 0.0055 45 647 685 852
pole 0.0049 209 760 252 962
pole 0.0045 1405 294 1462 809
pole 0.0040 1430 288 1450 627
pole 0.0039 1624 418 1648 731
pole 0.0037 202 266 313 800
pole 0.0033 207 649 293 964
pole 0.0032 1154 558 1207 675
pole 0.0031 1203 543 1240 689
pole 0.0028 141 356 257 963
pole 0.0028 1421 580 1453 760
pole 0.0028 2 435 39 895
pole 0.0026 1614 567 1662 805
pole 0.0026 1305 598 1333 677
pole 0.0026 207 601 246 898
pole 0.0025 1261 560 1308 679
pole 0.0024 1629 603 1646 747
pole 0.0023 1342 476 1561 763
pole 0.0022 1264 544 1292 670
pole 0.0021 240 490 331 944
pole 0.0020 142 765 337 961
pole 0.0020 1434 493 1447 621
pole 0.0019 171 366 282 788
pole 0.0019 978 631 1033 671
pole 0.0017 1187 568 1722 760
pole 0.0016 1407 617 1469 761
pole 0.0016 861 632 875 693
pole 0.0015 1231 570 1282 675
pole 0.0014 1 478 24 729
pole 0.0014 1419 208 1472 686
pole 0.0013 210 684 251 850
pole 0.0012 1250 547 1278 664
pole 0.0011 1423 253 1444 576
pole 0.0010 1167 551 1229 683
rail-occluder 0.5530 288 804 332 901
rail-occluder 0.5035 1574 712 1630 809
rail-occluder 0.1740 1575 717 1597 805
rail-occluder 0.1733 1557 697 1650 822
rail-occluder 0.0294 1518 698 1710 833
rail-occluder 0.0181 1296 643 1309 669
rail-occluder 0.0172 1588 625 1647 811
rail-occluder 0.0141 262 805 329 961
rail-occluder 0.0089 1002 640 1030 674
rail-occluder 0.0080 170 797 408 969
rail-occluder 0.0075 290 821 343 941
rail-occluder 0.0061 1590 714 1661 816
rail-occluder 0.0051 1294 632 1312 669
rail-occluder 0.0048 219 801 264 921
rail-occluder 0.0039 1274 624 1312 675
rail-occluder 0.0038 1537 718 1621 838
rail-occluder 0.0033 251 797 325 896
rail-occluder 0.0023 1572 715 1585 746
rail-occluder 0.0021 194 800 266 970
rail-occluder 0.0015 223 749 271 816
rail-occluder 0.0012 285 798 374 883
rail-occluder 0.0010 218 834 251 932
