guard-rail 0.1715 769 875 811 1025
guard-rail 0.0746 236 881 601 1033
guard-rail 0.0487 779 861 814 982
guard-rail 0.0244 787 861 812 941
guard-rail 0.0204 754 882 803 1078
guard-rail 0.0197 373 884 594 994
guard-rail 0.0156 719 834 833 1055
guard-rail 0.0152 579 766 986 1078
guard-rail 0.0131 1315 769 1432 834
guard-rail 0.0070 247 925 490 1045
guard-rail 0.0047 342 797 735 1076
guard-rail 0.0046 1345 785 1451 837
guard-rail 0.0043 423 858 643 966
guard-rail 0.0040 778 809 823 1007
guard-rail 0.0039 1187 726 1618 903
guard-rail 0.0036 1278 740 1490 861
guard-rail 0.0033 449 840 638 1042
guard-rail 0.0032 732 876 804 1015
guard-rail 0.0031 360 901 519 1006
guard-rail 0.0027 1368 791 1477 847
guard-rail 0.0023 1332 768 1461 865
guard-rail 0.0021 1385 801 1512 878
guard-rail 0.0018 160 833 625 1085
guard-rail 0.0015 1299 749 1412 797
guard-rail 0.0014 1302 721 1357 749
guard-rail 0.0014 765 752 861 803
guard-rail 0.0012 396 884 617 1075
guard-rail 0.0011 791 863 824 954
guard-rail 0.0010 521 933 611 1037
train-car 0.3664 1245 553 1897 735
train-car 0.0076 1124 603 1682 719
train-car 0.0064 1027 611 1067 659
train-car 0.0045 1322 548 1685 715
train-car 0.0036 1156 610 1358 653
train-car 0.0032 1033 595 1076 649
train-car 0.0024 991 619 1051 655
train-car 0.0024 1153 618 1378 674
train-car 0.0015 1435 597 1682 701
train-car 0.0014 1281 266 1892 765
train-car 0.0013 1330 494 1876 686
train-car 0.0010 1209 601 1305 657
train-car 0.0010 1143 596 1308 666
platform 0.0057 753 644 956 694
rail 0.9561 992 633 1265 1078
rail 0.9174 1091 639 1920 1075
rail 0.8558 173 641 980 1079
rail 0.3439 1197 650 1443 730
rail 0.1723 493 704 938 1078
rail 0.0954 1296 667 1440 727
rail 0.0470 1160 640 1412 700
rail 0.0401 189 822 772 1053
rail 0.0340 1115 642 1729 835
rail 0.0314 1253 647 1403 711
rail 0.0180 1265 591 1913 784
rail 0.0160 776 647 977 689
rail 0.0130 1159 627 1364 670
rail 0.0086 575 653 1033 971
rail 0.0073 491 899 636 1078
rail 0.0071 0 651 887 852
rail 0.0071 1212 645 1546 773
rail 0.0067 1370 722 1927 1052
rail 0.0055 1255 636 1363 669
rail 0.0050 1145 607 1684 726
rail 0.0048 1075 631 1411 752
rail 0.0047 1265 626 1907 909
rail 0.0047 1305 673 1742 773
rail 0.0040 1586 786 1913 1019
rail 0.0030 994 634 1052 659
rail 0.0029 1018 634 1063 654
rail 0.0025 454 784 723 1067
rail 0.0024 1134 675 1433 769
rail 0.0021 1213 656 1370 718
rail 0.0021 991 529 1749 925
rail 0.0019 1172 650 1599 957
rail 0.0019 1088 631 1330 688
rail 0.0018 756 655 945 717
rail 0.0017 1238 631 1326 664
rail 0.0017 1188 644 1338 686
rail 0.0016 671 804 889 1070
rail 0.0015 1266 678 1459 802
rail 0.0013 1109 607 1227 728
rail 0.0013 348 872 647 1076
rail 0.0013 1332 655 1402 709
rail 0.0013 5 716 740 1059
rail 0.0011 1638 853 1890 966
rail 0.0011 1285 688 1385 738
rail 0.0011 750 704 926 805
switch-indicator 0.2651 1508 687 1534 732
switch-indicator 0.0069 1502 693 1541 750
switch-indicator 0.0034 969 711 1001 741
switch-indicator 0.0026 956 705 987 759
switch-indicator 0.0026 1372 673 1659 745
switch-indicator 0.0016 1316 695 1355 732
switch-indicator 0.0011 1317 643 1370 666
switch-left 0.1281 797 735 906 781
switch-left 0.0231 774 750 878 795
switch-left 0.0104 857 736 926 776
switch-left 0.0070 828 725 927 769
switch-left 0.0039 779 730 932 807
switch-left 0.0012 728 700 959 839
switch-right 0.2028 784 739 899 784
switch-right 0.1145 847 731 926 771
switch-right 0.0150 835 724 919 757
switch-right 0.0071 699 731 909 840
switch-right 0.0033 754 750 872 806
switch-right 0.0027 1336 697 1446 732
switch-unknown 0.0203 1326 677 1410 718
switch-unknown 0.0117 1314 659 1387 706
switch-unknown 0.0100 1291 652 1368 698
switch-unknown 0.0082 1022 631 1063 654
switch-unknown 0.0047 1324 688 1391 724
switch-unknown 0.0043 1276 637 1343 665
switch-unknown 0.0040 850 719 935 753
switch-unknown 0.0035 996 629 1054 659
switch-unknown 0.0023 1353 702 1435 732
switch-unknown 0.0015 1348 682 1433 725
switch-static 0.0222 756 730 818 756
switch-static 0.0105 756 729 845 765
switch-static 0.0103 873 728 943 764
switch-static 0.0078 873 742 934 776
switch-static 0.0057 912 804 971 833
switch-static 0.0055 753 736 819 774
switch-static 0.0035 972 712 1004 747
switch-static 0.0021 728 732 802 759
switch-static 0.0019 852 727 938 783
switch-static 0.0013 703 747 761 775
switch-static 0.0012 813 722 899 754
switch-static 0.0010 721 747 791 777
switch-static 0.0010 1421 716 1477 740
track-sign-front 0.0272 1897 663 1920 710
track-sign-front 0.0114 1659 636 1674 658
track-sign-front 0.0045 1654 633 1671 664
track-sign-front 0.0033 1661 632 1681 663
track-sign-front 0.0024 1653 633 1676 685
track-sign-front 0.0014 1897 664 1921 754
track-signal-front 0.0030 1035 585 1063 643
track-signal-back 0.6697 934 445 969 540
track-signal-back 0.6208 1140 492 1166 563
track-signal-back 0.5436 935 525 971 566
track-signal-back 0.4488 1193 560 1207 595
track-signal-back 0.1189 1142 544 1166 576
track-signal-back 0.0733 1139 524 1166 573
track-signal-back 0.0270 1191 554 1209 581
track-signal-back 0.0196 921 535 962 568
track-signal-back 0.0157 936 489 966 630
track-signal-back 0.0103 1213 557 1243 601
track-signal-back 0.0097 936 533 967 589
track-signal-back 0.0093 1146 558 1162 660
track-signal-back 0.0068 1139 492 1193 566
track-signal-back 0.0065 1145 490 1166 512
track-signal-back 0.0056 1187 558 1214 598
track-signal-back 0.0052 1132 549 1166 660
track-signal-back 0.0046 942 544 969 666
track-signal-back 0.0029 937 445 970 487
track-signal-back 0.0025 930 506 980 576
track-signal-back 0.0023 1112 566 1135 648
track-signal-back 0.0020 900 545 927 573
track-signal-back 0.0016 1044 579 1077 645
track-signal-back 0.0015 909 539 942 591
track-signal-back 0.0014 927 402 982 706
track-signal-back 0.0013 911 490 943 640
track-signal-back 0.0013 1132 485 1176 583
track-signal-back 0.0012 1226 554 1245 584
track-signal-back 0.0012 1138 487 1160 512
pole 0.3041 945 515 967 768
pole 0.1919 1148 558 1164 729
pole 0.1058 1193 563 1208 683
pole 0.0870 1152 605 1163 727
pole 0.0519 910 498 928 744
pole 0.0297 1141 529 1172 719
pole 0.0259 1191 586 1221 688
pole 0.0210 947 574 964 721
pole 0.0186 1163 572 1210 707
pole 0.0172 950 621 972 759
pole 0.0171 915 476 944 736
pole 0.0169 910 560 926 695
pole 0.0122 929 459 979 779
pole 0.0122 1225 558 1242 638
pole 0.0114 905 534 924 719
pole 0.0097 1214 605 1238 681
pole 0.0082 1211 575 1245 676
pole 0.0078 942 539 963 680
pole 0.0076 943 592 977 783
pole 0.0065 1153 603 1187 728
pole 0.0058 962 547 1021 756
pole 0.0053 1457 562 1467 695
pole 0.0051 1112 583 1136 665
pole 0.0046 947 670 968 761
pole 0.0029 1459 561 1473 694
pole 0.0028 896 541 948 745
pole 0.0025 1164 577 1262 687
pole 0.0022 1098 600 1138 676
pole 0.0019 886 581 976 754
pole 0.0019 961 600 1026 699
pole 0.0019 1453 486 1468 729
pole 0.0018 1123 489 1176 750
pole 0.0016 1123 587 1238 699
pole 0.0016 912 536 942 678
pole 0.0016 909 602 948 727
pole 0.0013 1455 649 1467 699
pole 0.0012 1108 608 1305 677
pole 0.0011 1306 558 1629 701
pole 0.0011 1222 595 1291 661
rail-occluder 0.0211 1507 687 1541 731
rail-occluder 0.0048 945 682 989 760
rail-occluder 0.0047 1219 639 1242 682
rail-occluder 0.0022 1193 616 1230 697
rail-occluder 0.0014 968 708 1001 744
rail-occluder 0.0013 1640 665 1661 722
rail-occluder 0.0012 730 667 772 726
