train-car 0.0014 802 439 850 467
platform 0.0010 769 441 846 462
rail 0.9620 591 450 948 1071
rail 0.9325 849 455 1877 1074
rail 0.7948 0 461 764 920
rail 0.6299 -2 478 467 684
rail 0.5595 945 466 1916 682
rail 0.2426 -2 483 368 599
rail 0.0886 5 493 263 570
rail 0.0728 0 435 686 627
rail 0.0604 -2 523 264 666
rail 0.0271 1241 523 1894 670
rail 0.0267 -3 518 194 620
rail 0.0198 -2 548 169 658
rail 0.0174 10 462 421 557
rail 0.0126 996 477 1650 623
rail 0.0091 1177 515 1746 625
rail 0.0085 118 342 707 697
rail 0.0071 1183 495 1934 769
rail 0.0049 -1 566 98 652
rail 0.0046 -1 579 147 691
rail 0.0038 -2 549 127 618
rail 0.0036 85 408 479 572
rail 0.0026 967 466 1267 524
rail 0.0025 3 554 309 731
rail 0.0020 665 452 786 502
rail 0.0019 -5 520 132 585
rail 0.0019 46 511 219 586
rail 0.0017 1 535 449 852
rail 0.0017 5 505 169 564
rail 0.0016 269 460 590 557
rail 0.0016 108 501 444 606
rail 0.0015 -3 448 236 631
rail 0.0015 166 489 381 796
rail 0.0014 1319 531 1611 611
rail 0.0014 932 467 1423 560
rail 0.0013 -1 597 81 682
rail 0.0013 24 567 191 637
rail 0.0012 458 452 680 653
rail 0.0012 0 571 34 629
rail 0.0011 -1 571 89 724
rail 0.0011 -1 587 38 654
rail 0.0010 99 531 250 621
rail 0.0010 97 500 249 560
switch-unknown 0.0015 819 441 866 469
switch-static 0.1288 912 645 1020 683
switch-static 0.0685 670 639 735 684
switch-static 0.0235 906 655 970 685
switch-static 0.0090 912 661 985 693
switch-static 0.0085 83 570 318 640
switch-static 0.0078 162 595 247 622
switch-static 0.0060 628 636 710 679
switch-static 0.0057 1234 632 1295 665
switch-static 0.0051 133 587 272 637
switch-static 0.0035 189 601 255 625
switch-static 0.0032 564 633 615 666
switch-static 0.0023 219 677 270 707
switch-static 0.0019 133 585 218 621
switch-static 0.0018 142 600 214 626
switch-static 0.0016 899 663 958 696
switch-static 0.0016 685 554 722 576
switch-static 0.0015 918 656 1015 701
switch-static 0.0012 679 540 721 580
switch-static 0.0010 -1 572 32 627
switch-static 0.0010 921 621 1037 680
track-sign-front 0.0857 659 478 690 522
track-sign-front 0.0072 452 465 499 536
track-sign-front 0.0033 696 446 719 527
track-sign-front 0.0021 515 454 561 519
track-sign-front 0.0021 509 418 563 490
track-sign-front 0.0018 782 431 833 465
track-sign-front 0.0017 929 424 952 467
track-sign-front 0.0017 465 406 504 504
track-sign-front 0.0015 521 361 579 412
track-sign-front 0.0011 539 437 581 524
track-sign-front 0.0011 494 455 555 553
track-sign-front 0.0010 484 418 551 497
track-signal-front 0.0011 801 417 848 471
track-signal-back 0.6144 564 288 632 358
track-signal-back 0.6027 553 197 635 280
track-signal-back 0.5040 435 289 490 345
track-signal-back 0.3851 554 223 634 315
track-signal-back 0.3709 430 200 486 276
track-signal-back 0.3307 572 155 632 215
track-signal-back 0.2999 426 216 489 309
track-signal-back 0.0467 540 294 615 364
track-signal-back 0.0282 492 155 621 610
track-signal-back 0.0197 548 261 634 393
track-signal-back 0.0153 588 206 638 274
track-signal-back 0.0093 428 207 497 451
track-signal-back 0.0081 570 138 637 246
track-signal-back 0.0079 555 273 629 322
track-signal-back 0.0056 534 348 599 390
track-signal-back 0.0038 439 344 496 385
track-signal-back 0.0030 539 358 582 398
track-signal-back 0.0024 544 328 617 373
track-signal-back 0.0022 524 128 647 443
track-signal-back 0.0021 579 146 630 186
track-signal-back 0.0020 538 179 621 264
track-signal-back 0.0020 548 222 610 292
track-signal-back 0.0018 393 189 514 279
track-signal-back 0.0018 547 265 605 312
track-signal-back 0.0018 540 196 630 351
track-signal-back 0.0016 415 285 461 336
track-signal-back 0.0013 440 230 514 286
track-signal-back 0.0010 407 206 478 340
track-signal-back 0.0010 448 299 503 427
track-signal-back 0.0010 530 157 631 230
pole 0.6182 270 -18 361 819
pole 0.4560 458 173 608 688
pole 0.3288 701 192 718 538
pole 0.3256 1120 198 1139 534
pole 0.3085 1067 392 1078 522
pole 0.2560 984 319 999 501
pole 0.1733 769 334 781 479
pole 0.1725 422 292 441 530
pole 0.1030 504 343 578 683
pole 0.0826 523 377 564 682
pole 0.0643 420 264 456 579
pole 0.0431 985 384 995 496
pole 0.0333 200 371 684 650
pole 0.0328 775 339 792 478
pole 0.0250 924 347 935 476
pole 0.0207 419 172 492 606
pole 0.0201 1118 365 1137 537
pole 0.0179 454 407 497 597
pole 0.0176 534 457 559 683
pole 0.0168 979 328 1009 498
pole 0.0142 466 413 513 688
pole 0.0136 462 424 593 663
pole 0.0124 113 91 452 865
pole 0.0118 424 357 437 504
pole 0.0116 1062 375 1091 521
pole 0.0109 441 428 498 691
pole 0.0094 765 269 780 482
pole 0.0092 690 207 716 555
pole 0.0091 427 359 511 605
pole 0.0090 1101 198 1138 537
pole 0.0086 424 374 446 522
pole 0.0082 540 345 575 619
pole 0.0082 680 177 730 572
pole 0.0078 923 371 947 479
pole 0.0069 426 436 470 537
pole 0.0062 1110 184 1159 552
pole 0.0060 480 345 560 620
pole 0.0058 452 565 478 673
pole 0.0057 467 335 504 574
pole 0.0057 761 210 774 526
pole 0.0052 768 309 777 445
pole 0.0052 776 384 819 477
pole 0.0050 600 385 613 486
pole 0.0049 1064 306 1082 541
pole 0.0049 241 490 390 841
pole 0.0048 1049 390 1076 515
pole 0.0046 397 204 459 637
pole 0.0044 425 313 485 547
pole 0.0044 549 363 578 549
pole 0.0041 762 336 787 480
pole 0.0041 1115 420 1133 524
pole 0.0040 239 210 337 736
pole 0.0040 1772 -20 1847 770
pole 0.0038 459 457 550 732
pole 0.0038 529 417 588 690
pole 0.0037 699 238 753 562
pole 0.0036 534 536 554 660
pole 0.0036 498 458 556 687
pole 0.0031 634 186 709 570
pole 0.0031 695 442 719 530
pole 0.0030 974 388 998 494
pole 0.0030 1065 370 1080 477
pole 0.0027 698 377 719 558
pole 0.0026 1064 464 1078 514
pole 0.0025 703 333 732 527
pole 0.0024 524 465 561 595
pole 0.0023 762 406 806 480
pole 0.0022 421 324 436 469
pole 0.0022 370 165 692 694
pole 0.0022 1120 319 1133 464
pole 0.0020 461 266 516 558
pole 0.0019 1107 384 1151 543
pole 0.0019 591 366 622 542
pole 0.0019 1123 297 1137 444
pole 0.0019 547 410 582 501
pole 0.0018 511 395 561 517
pole 0.0017 530 453 573 559
pole 0.0017 815 347 843 472
pole 0.0017 459 530 502 668
pole 0.0017 228 406 380 648
pole 0.0015 704 341 722 478
pole 0.0015 767 327 799 485
pole 0.0015 557 362 608 543
pole 0.0015 360 271 493 631
pole 0.0015 380 107 564 581
pole 0.0014 701 436 755 490
pole 0.0014 1072 223 1108 545
pole 0.0013 821 283 840 498
pole 0.0013 594 318 616 508
pole 0.0013 449 572 467 670
pole 0.0013 438 266 500 479
pole 0.0011 555 415 591 535
pole 0.0010 916 415 947 476
pole 0.0010 452 392 521 521
pole 0.0010 971 329 1030 506
pole 0.0010 913 340 952 481
rail-occluder 0.2787 652 477 686 563
rail-occluder 0.2423 658 477 687 523
rail-occluder 0.0593 435 468 490 539
rail-occluder 0.0166 428 431 493 552
rail-occluder 0.0138 662 475 713 525
rail-occluder 0.0044 425 445 473 530
rail-occluder 0.0039 451 450 501 559
rail-occluder 0.0036 329 541 347 598
rail-occluder 0.0035 671 480 714 558
rail-occluder 0.0033 453 562 482 656
rail-occluder 0.0026 649 498 698 577
rail-occluder 0.0016 631 466 691 542
rail-occluder 0.0015 702 452 748 500
rail-occluder 0.0015 622 484 666 565
rail-occluder 0.0012 319 540 344 605
