rail 0.9524 714 650 985 1074
rail 0.9378 140 654 889 1077
rail 0.9043 992 643 1918 1056
rail 0.7874 2 666 802 908
rail 0.0020 -2 717 535 934
switch-unknown 0.0011 828 654 870 682
track-sign-front 0.0227 1243 707 1262 732
track-sign-front 0.0224 1646 724 1669 765
track-sign-front 0.0184 1371 796 1391 824
track-sign-front 0.0109 1241 688 1260 737
track-sign-front 0.0064 1642 722 1666 798
track-sign-front 0.0043 1237 663 1257 717
track-sign-front 0.0035 745 637 772 691
track-sign-front 0.0034 986 604 1013 729
track-sign-front 0.0033 714 654 745 684
track-sign-front 0.0032 1233 649 1254 699
track-sign-front 0.0031 520 674 541 715
track-sign-front 0.0027 1365 793 1397 829
track-sign-front 0.0027 755 645 771 689
track-sign-front 0.0025 993 658 1010 738
track-sign-front 0.0022 1245 714 1265 738
track-sign-front 0.0020 995 705 1008 731
track-sign-front 0.0019 1229 582 1253 711
track-sign-front 0.0019 1112 664 1124 682
track-sign-front 0.0019 352 713 382 762
track-sign-front 0.0015 1341 777 1389 841
track-sign-front 0.0014 713 605 754 699
track-sign-front 0.0012 1641 710 1678 774
track-sign-front 0.0012 707 649 733 687
track-sign-front 0.0010 1113 662 1130 684
track-signal-front 0.8290 1186 447 1245 506
track-signal-front 0.7117 639 468 700 521
track-signal-front 0.6460 935 455 996 521
track-signal-front 0.4952 377 474 424 534
track-signal-front 0.0858 669 473 701 533
track-signal-front 0.0577 640 469 672 519
track-signal-front 0.0293 1173 482 1194 517
track-signal-front 0.0191 1184 427 1248 550
track-signal-front 0.0147 1173 476 1216 520
track-signal-front 0.0086 638 443 704 571
track-signal-front 0.0067 933 454 977 500
track-signal-front 0.0051 678 503 700 542
track-signal-front 0.0050 372 445 429 550
track-signal-front 0.0048 939 483 968 538
track-signal-front 0.0042 948 518 976 547
track-signal-front 0.0037 643 464 686 492
track-signal-front 0.0035 640 489 689 550
track-signal-front 0.0032 955 524 974 553
track-signal-front 0.0030 914 592 947 659
track-signal-front 0.0029 1177 493 1208 527
track-signal-front 0.0029 960 456 1014 514
track-signal-front 0.0025 931 466 959 533
track-signal-front 0.0024 652 525 681 555
track-signal-front 0.0021 1192 498 1231 535
track-signal-front 0.0017 1216 452 1258 502
track-signal-front 0.0010 1168 453 1195 518
track-signal-back 0.5135 374 475 423 537
track-signal-back 0.0066 420 505 442 546
track-signal-back 0.0066 671 525 694 553
track-signal-back 0.0029 782 596 813 638
track-signal-back 0.0018 410 485 441 548
track-signal-back 0.0014 778 590 818 660
track-signal-back 0.0014 824 587 842 632
track-signal-back 0.0011 837 579 870 630
pole 0.4725 1274 51 1404 1037
pole 0.3642 638 503 660 756
pole 0.3427 987 501 1014 732
pole 0.1115 607 513 631 744
pole 0.1084 752 522 767 706
pole 0.0559 957 497 989 719
pole 0.0444 615 504 651 749
pole 0.0357 976 492 1027 739
pole 0.0326 1222 476 1256 741
pole 0.0297 1605 -17 1729 961
pole 0.0185 936 538 966 701
pole 0.0182 649 503 691 742
pole 0.0175 625 508 676 755
pole 0.0120 684 516 713 723
pole 0.0117 641 589 659 734
pole 0.0116 748 569 774 687
pole 0.0103 609 575 627 715
pole 0.0096 964 539 1006 730
pole 0.0071 665 482 699 735
pole 0.0070 1295 398 1375 1016
pole 0.0061 730 517 763 715
pole 0.0061 982 584 1014 769
pole 0.0055 991 571 1012 717
pole 0.0051 1207 490 1247 716
pole 0.0046 691 541 723 741
pole 0.0038 627 605 662 769
pole 0.0038 1213 427 1269 785
pole 0.0036 818 576 842 678
pole 0.0035 929 579 961 691
pole 0.0034 595 528 661 759
pole 0.0030 1217 121 1318 1004
pole 0.0029 828 569 869 682
pole 0.0026 634 559 655 711
pole 0.0025 376 495 403 754
pole 0.0024 1002 497 1050 747
pole 0.0023 992 609 1011 778
pole 0.0023 1272 353 1474 1051
pole 0.0021 918 572 945 681
pole 0.0020 642 541 658 685
pole 0.0018 1658 -23 1796 969
pole 0.0017 987 523 1009 659
pole 0.0017 1323 110 1437 1085
pole 0.0017 715 568 753 728
pole 0.0016 603 644 631 745
pole 0.0016 928 519 983 708
pole 0.0015 954 519 976 559
pole 0.0014 360 495 401 812
pole 0.0014 780 594 815 658
pole 0.0014 1623 96 1706 769
pole 0.0014 1552 -33 1698 883
pole 0.0014 1226 536 1250 679
pole 0.0013 990 589 1027 779
pole 0.0013 745 553 782 731
pole 0.0013 901 598 921 659
pole 0.0012 927 568 948 655
pole 0.0012 966 571 1021 792
pole 0.0012 1509 37 1752 1082
pole 0.0012 1653 168 1726 844
pole 0.0011 856 578 875 661
pole 0.0011 1228 308 1288 819
pole 0.0011 583 638 647 763
pole 0.0010 971 441 1007 661
pole 0.0010 747 627 768 703
pole 0.0010 996 648 1014 728
rail-occluder 0.0024 604 664 629 721
rail-occluder 0.0017 521 675 548 720
rail-occluder 0.0012 626 678 656 752
rail-occluder 0.0012 1243 708 1266 745
