crossing 0.7722 817 866 1059 1074
crossing 0.7072 1103 877 1633 1072
crossing 0.0890 -1 818 117 1066
crossing 0.0426 -1 815 71 1012
crossing 0.0402 855 718 1639 1078
crossing 0.0287 0 802 38 1070
crossing 0.0188 -1 802 223 1049
crossing 0.0143 0 813 105 937
crossing 0.0115 0 808 44 929
crossing 0.0114 1201 928 1564 1064
crossing 0.0088 1122 852 1448 1039
crossing 0.0054 -1 812 68 881
crossing 0.0045 0 841 32 978
crossing 0.0043 0 882 66 1068
crossing 0.0015 -1 891 30 1018
crossing 0.0014 900 828 1466 1068
crossing 0.0013 1191 962 1709 1083
crossing 0.0012 1097 856 1339 971
crossing 0.0012 -8 859 148 1168
crossing 0.0011 -1 839 422 1055
crossing 0.0010 -1 779 160 917
crossing 0.0010 940 852 1073 1069
guard-rail 0.1320 1011 766 1074 799
guard-rail 0.0559 1014 772 1097 810
guard-rail 0.0557 1002 755 1064 793
guard-rail 0.0075 436 667 534 700
guard-rail 0.0068 983 814 1063 858
guard-rail 0.0062 1042 783 1112 816
guard-rail 0.0057 1002 779 1078 821
guard-rail 0.0038 986 756 1032 790
guard-rail 0.0034 848 743 860 813
guard-rail 0.0026 469 674 554 703
guard-rail 0.0024 985 767 1029 804
guard-rail 0.0019 967 802 1046 864
guard-rail 0.0018 956 762 1075 904
guard-rail 0.0015 891 704 976 762
guard-rail 0.0012 247 722 345 754
guard-rail 0.0011 395 688 491 725
guard-rail 0.0011 326 697 420 732
guard-rail 0.0011 975 801 1035 842
rail 0.8888 817 580 1074 1074
rail 0.8833 871 714 1653 1075
rail 0.7382 6 582 835 889
rail 0.5065 370 591 876 703
rail 0.1669 564 589 901 658
rail 0.0910 694 596 905 640
rail 0.0512 11 626 653 803
rail 0.0479 753 594 898 627
rail 0.0411 644 585 863 626
rail 0.0217 415 613 756 695
rail 0.0200 302 633 645 726
rail 0.0174 840 590 893 612
rail 0.0163 781 610 1031 919
rail 0.0149 394 639 625 699
rail 0.0107 196 626 704 757
rail 0.0059 859 584 892 609
rail 0.0048 679 609 883 659
rail 0.0042 825 643 952 776
rail 0.0034 0 715 449 1056
rail 0.0034 420 640 570 682
rail 0.0029 29 626 676 1044
rail 0.0026 53 697 377 797
rail 0.0024 682 576 834 608
rail 0.0023 9 666 424 838
rail 0.0021 270 529 963 866
rail 0.0016 374 659 543 726
rail 0.0014 584 643 809 698
rail 0.0014 -2 689 298 912
rail 0.0014 652 597 812 646
rail 0.0013 1103 804 1690 1060
rail 0.0011 538 566 859 641
rail 0.0011 821 565 895 605
rail 0.0010 821 614 893 1073
rail 0.0010 803 588 929 642
switch-indicator 0.0043 698 660 716 694
switch-left 0.2661 847 698 950 752
switch-left 0.0218 845 714 969 785
switch-left 0.0148 402 668 533 709
switch-left 0.0079 847 680 943 726
switch-left 0.0032 824 674 980 808
switch-left 0.0031 230 719 362 756
switch-left 0.0030 379 684 506 728
switch-left 0.0018 335 690 452 733
switch-left 0.0014 871 704 989 765
switch-right 0.3421 848 703 951 750
switch-right 0.0673 844 683 939 725
switch-right 0.0119 380 675 512 717
switch-right 0.0080 405 659 540 701
switch-right 0.0071 846 713 976 790
switch-right 0.0057 852 674 936 711
switch-right 0.0036 824 661 973 798
switch-right 0.0026 338 679 456 720
switch-right 0.0025 210 721 343 759
switch-right 0.0020 877 705 983 763
switch-right 0.0019 309 693 438 735
switch-unknown 0.1385 863 592 890 608
switch-unknown 0.0160 859 596 894 614
switch-unknown 0.0126 422 653 561 694
switch-unknown 0.0054 776 601 868 630
switch-unknown 0.0046 784 595 873 620
switch-unknown 0.0043 757 607 848 637
switch-unknown 0.0027 494 646 581 692
switch-unknown 0.0022 449 645 534 674
switch-unknown 0.0019 474 643 558 672
switch-unknown 0.0018 838 555 873 599
switch-unknown 0.0017 518 646 608 684
switch-unknown 0.0016 693 589 774 615
switch-unknown 0.0015 863 599 903 622
switch-unknown 0.0014 564 633 652 666
switch-unknown 0.0014 403 666 494 698
switch-unknown 0.0013 458 639 582 680
switch-unknown 0.0012 540 637 630 669
switch-unknown 0.0012 490 639 635 689
switch-unknown 0.0011 734 588 824 619
switch-unknown 0.0010 860 562 911 609
switch-static 0.3694 939 698 1010 727
switch-static 0.0585 1015 747 1059 766
switch-static 0.0454 932 692 995 719
switch-static 0.0266 969 702 1028 727
switch-static 0.0249 112 727 198 759
switch-static 0.0069 772 621 823 646
switch-static 0.0054 947 699 1037 741
switch-static 0.0050 1013 754 1087 792
switch-static 0.0045 930 706 1007 741
switch-static 0.0034 733 742 822 781
switch-static 0.0033 750 678 805 707
switch-static 0.0031 1022 745 1087 767
switch-static 0.0025 502 678 562 704
switch-static 0.0023 88 716 236 774
switch-static 0.0020 107 736 161 766
switch-static 0.0019 754 617 841 648
switch-static 0.0018 959 709 1025 747
switch-static 0.0018 678 654 718 691
switch-static 0.0015 942 676 994 707
switch-static 0.0015 751 673 834 711
switch-static 0.0014 134 713 215 750
switch-static 0.0012 689 659 727 699
switch-static 0.0011 7 740 113 788
switch-static 0.0011 751 655 806 700
switch-static 0.0010 92 729 148 765
track-sign-front 0.2844 968 571 983 595
track-sign-front 0.0227 967 559 980 587
track-sign-front 0.0132 1448 703 1503 779
track-sign-front 0.0114 1090 566 1105 588
track-sign-front 0.0090 956 572 979 595
track-sign-front 0.0068 684 534 696 560
track-sign-front 0.0063 593 729 613 757
track-sign-front 0.0056 962 569 989 598
track-sign-front 0.0048 680 524 697 564
track-sign-front 0.0042 1432 703 1483 779
track-sign-front 0.0038 1786 723 1831 812
track-sign-front 0.0032 1087 568 1106 607
track-sign-front 0.0031 282 548 307 668
track-sign-front 0.0030 300 500 333 568
track-sign-front 0.0025 684 502 698 561
track-sign-front 0.0024 1466 703 1502 745
track-sign-front 0.0018 829 556 855 592
track-sign-front 0.0011 594 734 617 769
track-sign-front 0.0010 1893 835 1920 882
track-signal-front 0.0179 1811 567 1859 657
track-signal-front 0.0122 839 559 849 575
track-signal-front 0.0051 909 504 921 531
track-signal-back 0.0412 288 487 334 560
track-signal-back 0.0200 273 483 324 545
track-signal-back 0.0182 1635 553 1686 656
track-signal-back 0.0109 274 474 299 517
track-signal-back 0.0084 908 509 919 538
track-signal-back 0.0067 276 290 335 676
track-signal-back 0.0051 684 507 696 548
track-signal-back 0.0025 275 458 308 519
track-signal-back 0.0022 276 347 317 612
track-signal-back 0.0019 906 497 919 529
track-signal-back 0.0017 277 427 340 622
track-signal-back 0.0017 280 425 312 503
track-signal-back 0.0015 907 499 922 544
track-signal-back 0.0015 783 499 795 579
track-signal-back 0.0013 686 491 698 540
track-signal-back 0.0010 285 427 348 510
pole 0.0208 280 484 308 730
pole 0.0179 278 113 334 713
pole 0.0047 781 502 795 603
pole 0.0047 564 331 583 635
pole 0.0036 274 405 336 680
pole 0.0029 741 480 752 577
pole 0.0024 274 561 315 777
pole 0.0023 683 456 698 585
pole 0.0020 685 490 696 552
pole 0.0016 739 489 761 607
pole 0.0014 775 501 813 602
pole 0.0013 286 488 324 710
pole 0.0012 262 185 372 745
pole 0.0011 1117 170 1163 750
pole 0.0011 260 486 320 734
