guard-rail 0.0196 251 1001 346 1074
guard-rail 0.0060 253 1020 320 1078
guard-rail 0.0010 264 990 396 1081
platform 0.0046 625 527 1147 613
platform 0.0013 625 526 962 591
rail 0.9342 571 529 1086 1073
rail 0.9254 6 527 620 1069
rail 0.9121 610 527 1822 1080
rail 0.8255 0 525 504 774
rail 0.4624 4 529 463 662
rail 0.3167 543 556 657 635
rail 0.1397 541 595 622 645
rail 0.0684 539 561 601 622
rail 0.0592 -8 568 284 662
rail 0.0540 575 559 663 610
rail 0.0383 575 597 660 640
rail 0.0360 -3 558 371 724
rail 0.0177 1 600 153 690
rail 0.0156 635 535 678 559
rail 0.0124 538 526 578 551
rail 0.0117 0 591 67 655
rail 0.0116 830 589 1896 927
rail 0.0110 -1 622 73 673
rail 0.0095 513 555 602 646
rail 0.0088 540 531 582 568
rail 0.0076 540 521 662 591
rail 0.0076 1244 670 1918 884
rail 0.0075 -1 579 53 624
rail 0.0067 524 539 589 620
rail 0.0065 0 588 24 647
rail 0.0064 599 529 678 580
rail 0.0061 525 529 572 559
rail 0.0059 616 565 672 606
rail 0.0057 360 524 621 1073
rail 0.0052 0 619 249 770
rail 0.0049 557 532 729 626
rail 0.0048 521 523 567 547
rail 0.0041 0 600 38 688
rail 0.0039 541 531 618 575
rail 0.0036 0 589 79 725
rail 0.0035 1570 715 1927 859
rail 0.0034 -3 571 387 955
rail 0.0033 620 538 699 590
rail 0.0033 0 638 152 760
rail 0.0031 6 518 294 629
rail 0.0024 549 525 607 554
rail 0.0023 694 571 978 1041
rail 0.0021 1430 711 1917 937
rail 0.0020 489 521 550 544
rail 0.0019 116 557 394 648
rail 0.0019 563 526 653 561
rail 0.0019 168 586 434 1018
rail 0.0017 0 545 69 637
rail 0.0017 1739 736 1926 866
rail 0.0016 0 562 60 609
rail 0.0016 649 524 1135 630
rail 0.0015 474 519 580 629
rail 0.0015 543 484 660 626
rail 0.0015 9 498 506 610
rail 0.0015 481 523 548 564
rail 0.0014 525 513 598 582
rail 0.0014 1437 676 1919 813
rail 0.0014 -1 566 33 612
rail 0.0013 -1 626 44 708
rail 0.0013 -15 556 232 620
rail 0.0012 1640 740 1925 941
rail 0.0012 15 571 126 632
rail 0.0012 712 493 1852 788
rail 0.0011 0 651 76 734
rail 0.0011 514 527 667 1069
rail 0.0010 1148 638 1823 1064
rail 0.0010 513 508 682 668
rail 0.0010 -1 679 149 799
switch-left 0.0972 541 611 610 653
switch-left 0.0031 585 617 648 648
switch-left 0.0010 515 617 589 655
switch-right 0.2162 542 600 610 645
switch-right 0.0369 572 598 661 639
switch-right 0.0045 584 618 647 646
switch-right 0.0030 516 604 596 653
switch-unknown 0.2467 617 561 667 589
switch-unknown 0.1304 622 550 669 579
switch-unknown 0.1070 630 544 675 573
switch-unknown 0.0541 540 571 596 612
switch-unknown 0.0312 539 524 575 548
switch-unknown 0.0310 607 567 666 620
switch-unknown 0.0298 638 536 675 558
switch-unknown 0.0192 540 529 579 561
switch-unknown 0.0153 638 540 687 565
switch-unknown 0.0141 522 517 568 547
switch-unknown 0.0141 642 561 685 591
switch-unknown 0.0054 575 537 658 582
switch-unknown 0.0052 489 515 545 546
switch-unknown 0.0049 529 549 585 606
switch-unknown 0.0044 609 521 676 562
switch-unknown 0.0039 484 529 539 550
switch-unknown 0.0037 543 527 613 570
switch-unknown 0.0034 529 498 554 537
switch-unknown 0.0029 471 531 519 549
switch-unknown 0.0027 549 517 604 551
switch-unknown 0.0012 649 575 700 610
switch-static 0.1102 605 608 660 639
switch-static 0.0137 187 674 252 696
switch-static 0.0052 163 663 252 701
switch-static 0.0018 499 616 548 644
track-sign-front 0.1333 790 536 803 560
track-sign-front 0.0144 59 551 78 604
track-sign-front 0.0100 59 540 81 569
track-sign-front 0.0065 359 523 374 551
track-sign-front 0.0032 784 518 804 565
track-sign-front 0.0010 340 517 375 556
track-signal-front 0.7355 911 132 968 191
track-signal-front 0.4305 720 131 789 203
track-signal-front 0.1188 354 99 399 156
track-signal-front 0.0811 722 136 791 316
track-signal-front 0.0769 514 150 569 209
track-signal-front 0.0504 871 143 916 222
track-signal-front 0.0155 736 192 793 301
track-signal-front 0.0096 904 142 966 233
track-signal-front 0.0078 107 409 129 470
track-signal-front 0.0049 955 198 982 233
track-signal-front 0.0046 123 468 145 537
track-signal-front 0.0046 878 164 919 240
track-signal-front 0.0045 693 103 800 214
track-signal-front 0.0045 514 141 567 278
track-signal-front 0.0041 899 170 943 239
track-signal-front 0.0034 714 145 772 277
track-signal-front 0.0031 764 174 809 302
track-signal-front 0.0029 128 496 145 538
track-signal-front 0.0028 919 179 979 244
track-signal-front 0.0021 882 122 980 224
track-signal-front 0.0019 347 71 405 170
track-signal-front 0.0018 369 431 390 467
track-signal-front 0.0016 868 179 900 232
track-signal-front 0.0014 924 204 966 276
track-signal-front 0.0014 921 127 963 156
track-signal-front 0.0014 470 455 490 503
track-signal-front 0.0013 940 143 988 231
track-signal-front 0.0013 116 457 146 518
track-signal-front 0.0013 812 136 917 222
track-signal-front 0.0011 367 427 408 474
track-signal-front 0.0011 905 201 942 269
track-signal-front 0.0011 952 208 980 247
track-signal-front 0.0010 706 178 739 251
track-signal-back 0.5555 360 176 398 296
track-signal-back 0.5140 359 232 394 287
track-signal-back 0.4053 356 102 399 156
track-signal-back 0.3522 2 170 36 283
track-signal-back 0.3150 0 94 34 148
track-signal-back 0.3057 357 110 400 282
track-signal-back 0.3030 2 224 33 282
track-signal-back 0.2684 734 223 784 312
track-signal-back 0.1502 724 144 789 317
track-signal-back 0.1486 358 158 398 244
track-signal-back 0.1058 513 149 569 214
track-signal-back 0.0749 1 166 35 230
track-signal-back 0.0308 107 409 128 460
track-signal-back 0.0149 333 129 385 306
track-signal-back 0.0144 755 351 784 403
track-signal-back 0.0093 572 410 593 439
track-signal-back 0.0059 350 83 402 204
track-signal-back 0.0048 322 130 359 305
track-signal-back 0.0034 719 231 758 323
track-signal-back 0.0032 566 398 602 441
track-signal-back 0.0030 7 143 50 255
track-signal-back 0.0024 0 234 31 309
track-signal-back 0.0024 8 219 47 298
track-signal-back 0.0019 477 451 494 510
track-signal-back 0.0019 600 378 621 425
track-signal-back 0.0018 703 158 753 307
track-signal-back 0.0018 745 238 796 353
track-signal-back 0.0015 373 429 399 453
track-signal-back 0.0013 -4 59 44 203
track-signal-back 0.0013 728 129 793 196
track-signal-back 0.0012 366 128 439 309
track-signal-back 0.0012 740 268 775 332
track-signal-back 0.0012 583 389 621 451
track-signal-back 0.0011 707 210 738 320
pole 0.0017 622 446 654 553
pole 0.0015 567 454 598 549
pole 0.0014 1 472 25 600
pole 0.0013 1681 -19 1804 840
pole 0.0011 470 451 505 547
pole 0.0010 5 414 56 642
pole 0.0010 1660 -78 1769 652
pole 0.0010 573 409 595 560
rail-occluder 0.1219 65 637 79 664
rail-occluder 0.1152 790 537 800 561
rail-occluder 0.0318 790 540 801 577
rail-occluder 0.0316 60 577 77 612
rail-occluder 0.0249 68 610 82 667
rail-occluder 0.0201 46 638 77 670
rail-occluder 0.0126 61 638 87 670
rail-occluder 0.0125 52 595 79 676
rail-occluder 0.0101 0 580 22 626
rail-occluder 0.0091 -4 575 50 623
rail-occluder 0.0084 58 550 78 606
rail-occluder 0.0084 61 606 89 666
rail-occluder 0.0066 358 526 374 550
rail-occluder 0.0064 -3 592 62 653
rail-occluder 0.0056 55 568 83 632
rail-occluder 0.0051 783 547 802 589
rail-occluder 0.0037 0 567 25 609
rail-occluder 0.0032 67 630 111 663
rail-occluder 0.0030 43 577 90 618
rail-occluder 0.0028 58 541 80 575
rail-occluder 0.0028 -2 557 58 611
rail-occluder 0.0018 49 636 105 675
rail-occluder 0.0016 4 533 60 646
rail-occluder 0.0015 48 626 132 665
rail-occluder 0.0014 14 531 106 642
rail-occluder 0.0014 340 529 372 561
rail-occluder 0.0011 352 524 380 556
