platform 0.8754 999 207 1916 741
platform 0.0256 1025 218 1918 469
rail 0.9481 711 224 1229 1076
rail 0.0019 -8 503 148 846
rail 0.0014 1223 235 1894 433
rail 0.0013 721 449 1222 861
rail 0.0013 997 231 1238 1081
rail 0.0011 2 471 234 898
track-sign-front 0.0062 1135 324 1151 345
track-sign-front 0.0034 873 194 888 218
track-sign-front 0.0015 758 120 793 146
track-sign-front 0.0012 1636 119 1691 271
track-sign-front 0.0011 874 187 910 230
track-signal-front 0.2003 936 200 949 219
track-signal-front 0.0296 934 195 952 224
track-signal-front 0.0212 930 197 974 220
track-signal-front 0.0146 1035 181 1054 219
track-signal-front 0.0064 907 163 927 191
track-signal-front 0.0060 909 167 953 220
track-signal-front 0.0030 930 187 992 219
track-signal-front 0.0030 1012 176 1053 216
track-signal-front 0.0029 1036 169 1054 205
track-signal-front 0.0020 898 17 981 105
track-signal-front 0.0018 897 155 922 192
track-signal-front 0.0017 977 177 1015 221
track-signal-front 0.0016 972 189 1005 226
track-signal-front 0.0011 881 162 927 216
person-group 0.1283 1053 150 1199 249
person-group 0.0023 1057 157 1274 291
person 0.6682 1268 115 1328 284
person 0.2356 1207 131 1250 265
person 0.1120 1107 156 1168 250
person 0.0722 1099 164 1144 247
person 0.0546 1078 140 1241 254
person 0.0533 1130 154 1180 246
person 0.0344 1159 146 1221 247
person 0.0321 1047 165 1171 243
person 0.0311 1037 184 1055 217
person 0.0216 1377 104 1444 274
person 0.0152 1070 176 1122 239
person 0.0138 1227 119 1284 273
person 0.0117 1123 187 1153 254
person 0.0093 1195 130 1239 241
person 0.0085 1029 172 1090 228
person 0.0076 1105 197 1134 248
person 0.0055 1082 148 1150 226
person 0.0048 1064 185 1211 257
person 0.0037 1322 118 1431 293
person 0.0033 1269 119 1396 289
person 0.0031 1235 105 1351 293
person 0.0021 1028 183 1064 219
person 0.0021 1105 144 1212 231
person 0.0011 1632 120 1695 295
person 0.0010 1289 102 1342 258
person 0.0010 1281 117 1318 196
