train-car 0.1681 1066 499 1920 752
train-car 0.1068 1074 566 1904 882
train-car 0.0677 474 531 736 644
train-car 0.0432 1181 564 1586 771
train-car 0.0219 1459 527 1936 660
train-car 0.0184 530 564 760 632
train-car 0.0150 352 503 775 655
train-car 0.0069 1095 559 1233 655
train-car 0.0049 66 473 802 651
train-car 0.0047 584 505 704 639
train-car 0.0041 1001 440 1842 654
train-car 0.0035 1033 557 1193 636
train-car 0.0031 1656 537 1866 649
train-car 0.0031 1186 532 1243 622
train-car 0.0031 1390 461 1775 667
train-car 0.0021 625 523 742 631
train-car 0.0020 1189 488 1291 640
train-car 0.0019 1121 498 1703 651
train-car 0.0018 1118 549 1252 629
train-car 0.0016 531 557 626 645
train-car 0.0015 965 331 1873 741
train-car 0.0014 578 582 747 642
train-car 0.0013 1184 487 1473 644
train-car 0.0013 136 443 905 780
train-car 0.0013 516 487 692 618
train-car 0.0012 945 545 992 576
train-car 0.0012 1057 500 1535 803
train-car 0.0012 535 491 763 667
train-car 0.0011 1161 532 1783 702
train-car 0.0011 1242 552 1321 602
train-car 0.0010 1012 534 1125 602
train-car 0.0010 1193 535 1310 620
platform 0.8772 999 571 1916 1073
platform 0.8637 5 578 926 993
platform 0.1001 -1 569 836 728
platform 0.0366 1223 589 1847 952
platform 0.0083 1013 551 1130 618
platform 0.0025 1013 554 1088 604
platform 0.0021 11 603 497 719
platform 0.0016 1062 556 1212 638
rail 0.9489 934 579 1200 1072
rail 0.8720 163 583 945 1075
rail 0.0771 -1 580 751 744
rail 0.0086 -12 622 459 711
rail 0.0039 11 633 454 787
rail 0.0038 1181 540 1847 798
rail 0.0032 76 609 721 704
rail 0.0027 1341 588 1958 918
track-sign-front 0.8569 601 934 682 1054
track-sign-front 0.0024 585 903 710 1069
track-signal-front 0.1814 931 535 944 555
track-signal-front 0.1340 961 541 973 557
track-signal-front 0.1045 934 538 959 559
track-signal-front 0.0496 981 542 1009 565
track-signal-front 0.0315 993 540 1005 560
track-signal-front 0.0278 994 541 1010 571
track-signal-front 0.0202 960 541 981 573
track-signal-front 0.0138 768 540 790 578
track-signal-front 0.0065 803 534 826 579
track-signal-front 0.0054 779 534 825 573
track-signal-front 0.0040 928 533 962 591
track-signal-front 0.0039 773 536 788 561
track-signal-front 0.0017 796 527 822 566
track-signal-front 0.0013 857 526 885 578
track-signal-front 0.0012 939 536 996 568
track-signal-front 0.0011 960 539 1026 571
track-signal-front 0.0011 810 499 839 576
track-signal-front 0.0010 921 534 977 566
track-signal-back 0.0010 0 431 26 476
person-group 0.3853 1052 561 1211 669
person-group 0.3363 1264 577 1469 801
person-group 0.2649 1085 564 1914 843
person-group 0.2439 1135 567 1239 715
person-group 0.1843 1459 608 1716 933
person-group 0.1148 1237 576 1323 743
person-group 0.0947 1052 563 1310 729
person-group 0.0883 1383 607 1535 834
person-group 0.0302 1029 562 1154 641
person-group 0.0279 1681 552 1895 665
person-group 0.0133 1838 558 1920 654
person-group 0.0095 1209 574 1391 742
person-group 0.0055 1407 611 1896 958
person-group 0.0036 1169 580 1273 759
person-group 0.0031 1818 553 1890 648
person-group 0.0027 1018 564 1110 622
person-group 0.0021 1743 555 1932 716
person-group 0.0010 973 486 1390 790
person 0.4200 1587 632 1689 947
person 0.3712 1457 620 1534 854
person 0.3049 1183 575 1238 726
person 0.2958 1750 641 1843 1028
person 0.1888 1242 580 1315 752
person 0.1172 1870 565 1913 654
person 0.0776 1097 566 1221 683
person 0.0591 1287 578 1421 778
person 0.0560 1678 561 1713 644
person 0.0429 1338 605 1783 917
person 0.0392 1101 561 1174 660
person 0.0384 1473 619 1662 905
person 0.0378 1152 573 1214 689
person 0.0338 1837 555 1872 652
person 0.0327 1328 609 1463 796
person 0.0197 1128 561 1191 666
person 0.0161 1060 563 1126 642
person 0.0131 1712 557 1753 646
person 0.0128 1839 551 1919 656
person 0.0125 1553 608 1675 865
person 0.0086 1048 572 1154 654
person 0.0079 1524 604 1622 888
person 0.0078 1744 557 1832 648
person 0.0077 1500 617 1587 866
person 0.0070 1041 561 1103 626
person 0.0066 1397 624 1497 821
person 0.0059 1673 551 1846 646
person 0.0056 1750 659 1835 840
person 0.0055 1365 647 1440 786
person 0.0054 1297 607 1372 742
person 0.0044 1312 623 1397 760
person 0.0038 1452 627 1565 947
person 0.0038 1021 553 1073 605
person 0.0038 1672 553 1740 651
person 0.0037 1785 566 1831 645
person 0.0035 1738 560 1789 644
person 0.0034 1260 587 1331 721
person 0.0034 1802 561 1874 656
person 0.0030 1647 559 1695 642
person 0.0029 1486 637 1744 1020
person 0.0028 1631 557 1655 634
person 0.0026 1085 547 1140 641
person 0.0024 1609 629 1742 915
person 0.0022 1198 575 1249 696
person 0.0021 1576 550 1799 664
person 0.0020 1732 568 1863 689
person 0.0019 1549 610 1803 934
person 0.0019 1244 626 1292 745
person 0.0019 1249 617 1365 754
person 0.0019 1338 583 1552 791
person 0.0018 1018 543 1099 612
person 0.0018 1182 542 1235 665
person 0.0016 1046 528 1086 603
person 0.0015 1561 519 1645 809
person 0.0014 1554 682 1640 940
person 0.0011 1523 543 1610 778
person 0.0010 1757 646 1872 885
person 0.0010 1813 568 1902 690
person 0.0010 1000 549 1046 597
pole 0.2469 282 446 319 745
pole 0.0850 428 477 452 682
pole 0.0424 1222 426 1245 637
pole 0.0314 1575 436 1612 690
pole 0.0256 740 516 769 622
pole 0.0206 717 508 745 626
pole 0.0164 764 531 790 612
pole 0.0125 1206 452 1238 656
pole 0.0103 785 525 820 613
pole 0.0086 604 499 702 642
pole 0.0078 1516 438 1671 694
pole 0.0074 691 511 730 631
pole 0.0073 430 471 471 686
pole 0.0071 487 561 534 683
pole 0.0065 426 541 446 693
pole 0.0055 643 481 669 643
pole 0.0049 495 472 536 694
pole 0.0046 38 551 585 748
pole 0.0046 1338 464 1852 730
pole 0.0043 420 506 448 649
pole 0.0041 1198 528 1232 624
pole 0.0041 747 553 772 620
pole 0.0039 433 571 495 678
pole 0.0037 389 511 412 635
pole 0.0035 1152 470 1178 645
pole 0.0033 1582 428 1632 681
pole 0.0031 649 518 718 631
pole 0.0031 465 476 564 673
pole 0.0030 800 533 833 607
pole 0.0029 375 476 513 691
pole 0.0027 12 460 72 772
pole 0.0025 32 457 79 697
pole 0.0025 456 540 535 681
pole 0.0022 1156 530 1217 645
pole 0.0022 1225 462 1259 645
pole 0.0020 1339 439 1367 617
pole 0.0019 1317 432 1351 624
pole 0.0018 678 518 789 623
pole 0.0017 1162 461 1206 647
pole 0.0017 19 493 59 671
pole 0.0016 1224 454 1243 581
pole 0.0014 1140 546 1186 639
pole 0.0014 287 466 363 769
pole 0.0014 511 562 564 680
pole 0.0013 705 517 761 618
pole 0.0013 1202 471 1279 656
pole 0.0012 825 410 844 607
pole 0.0012 1536 493 1621 716
pole 0.0011 611 566 700 637
pole 0.0010 238 567 323 764
pole 0.0010 403 541 467 695
pole 0.0010 3 508 28 656
pole 0.0010 1317 458 1391 674
rail-occluder 0.0092 461 570 527 679
rail-occluder 0.0083 473 550 635 655
rail-occluder 0.0051 445 541 561 677
rail-occluder 0.0039 650 573 719 633
rail-occluder 0.0035 529 564 608 646
rail-occluder 0.0033 667 588 705 637
rail-occluder 0.0030 488 542 543 683
rail-occluder 0.0025 639 565 756 628
rail-occluder 0.0024 430 573 497 678
rail-occluder 0.0023 744 554 773 619
rail-occluder 0.0018 708 523 795 620
rail-occluder 0.0016 505 564 567 677
rail-occluder 0.0010 610 582 713 641
rail-occluder 0.0010 706 548 749 625
