rail 0.9655 4 553 636 1077
rail 0.9301 541 550 1022 1075
rail 0.0197 568 554 1435 1064
rail 0.0016 191 622 424 1021
rail 0.0011 581 567 816 1058
track-sign-front 0.3357 1337 709 1361 745
track-sign-front 0.0340 834 512 849 547
track-sign-front 0.0167 834 523 849 563
track-sign-front 0.0105 835 505 850 529
track-sign-front 0.0090 1341 703 1373 741
track-sign-front 0.0078 1332 699 1363 758
track-sign-front 0.0062 499 532 521 586
track-sign-front 0.0034 495 550 514 591
track-sign-front 0.0020 485 513 516 589
track-sign-front 0.0015 716 511 734 547
track-sign-front 0.0012 829 504 856 552
track-sign-front 0.0012 437 529 478 569
track-sign-front 0.0011 1338 714 1366 790
track-sign-front 0.0010 1315 705 1369 766
pole 0.0894 496 396 521 601
pole 0.0075 506 415 535 587
pole 0.0057 487 423 514 627
pole 0.0024 482 387 534 599
pole 0.0020 492 422 512 558
pole 0.0016 498 523 520 596
pole 0.0014 1311 2 1410 956
pole 0.0012 508 471 544 580
