guard-rail 0.6325 224 596 928 1074
guard-rail 0.4290 946 585 1192 1078
guard-rail 0.2094 886 594 953 1081
guard-rail 0.0464 810 599 945 1084
guard-rail 0.0389 923 591 976 1082
guard-rail 0.0099 451 666 752 1033
guard-rail 0.0033 225 746 679 1073
guard-rail 0.0028 854 695 937 1027
guard-rail 0.0018 571 611 906 1066
guard-rail 0.0013 923 697 960 1024
guard-rail 0.0011 900 622 950 917
guard-rail 0.0011 882 580 929 621
rail 0.8750 937 579 1196 1073
rail 0.7390 190 578 943 1077
rail 0.0261 773 595 963 1076
rail 0.0132 593 571 993 1075
track-sign-front 0.0011 1111 601 1143 636
track-sign-front 0.0010 1124 596 1147 629
track-signal-front 0.0884 971 536 985 554
track-signal-front 0.0191 973 528 991 551
track-signal-front 0.0089 969 533 988 562
track-signal-front 0.0015 952 545 992 584
track-signal-front 0.0014 997 526 1022 573
track-signal-front 0.0011 923 523 972 584
