crossing 0.0038 1320 537 1383 561
guard-rail 0.1024 1292 525 1919 840
guard-rail 0.0461 1578 648 1916 849
guard-rail 0.0069 1686 695 1916 865
guard-rail 0.0045 1484 592 1705 750
guard-rail 0.0044 1520 610 1865 796
guard-rail 0.0011 1756 726 1923 952
guard-rail 0.0011 1752 712 1911 831
guard-rail 0.0011 1616 630 1899 767
platform 0.0418 0 511 964 1077
rail 0.9566 771 469 1118 1076
rail 0.9100 1124 474 1873 1076
rail 0.5876 1205 484 1916 824
rail 0.3832 574 477 902 551
rail 0.1883 1111 453 1200 1089
rail 0.1339 1113 474 1476 1077
rail 0.0355 1464 604 1918 830
rail 0.0295 1218 487 1317 535
rail 0.0235 -11 487 909 877
rail 0.0201 583 447 996 538
rail 0.0195 632 433 888 585
rail 0.0191 1151 482 1317 540
rail 0.0148 1274 521 1308 567
rail 0.0142 1248 483 1303 541
rail 0.0100 570 482 864 603
rail 0.0083 1591 672 1919 877
rail 0.0053 1242 484 1348 547
rail 0.0052 1268 498 1315 563
rail 0.0051 1253 501 1551 1067
rail 0.0049 1147 477 1377 566
rail 0.0044 232 478 995 638
rail 0.0040 1119 484 1298 1077
rail 0.0038 1272 513 1380 555
rail 0.0034 1132 482 1252 521
rail 0.0031 1217 502 1351 567
rail 0.0030 788 475 975 583
rail 0.0028 1309 525 1386 557
rail 0.0026 104 448 1114 731
rail 0.0026 1197 479 1275 530
rail 0.0024 6 445 694 760
rail 0.0022 1150 485 1445 613
rail 0.0022 518 481 822 535
rail 0.0020 1286 494 1903 685
rail 0.0019 1058 472 1144 1064
rail 0.0019 1137 475 1681 723
rail 0.0017 571 466 789 525
rail 0.0016 535 496 798 556
rail 0.0016 1487 644 1905 1059
rail 0.0014 1229 464 1309 519
rail 0.0013 1239 496 1470 561
rail 0.0013 622 503 874 656
rail 0.0012 516 408 966 746
rail 0.0012 1170 466 1298 515
rail 0.0011 1218 463 1523 590
rail 0.0010 1256 464 1297 514
switch-unknown 0.0026 1265 479 1324 542
switch-unknown 0.0018 1316 534 1386 562
switch-unknown 0.0018 1295 513 1366 556
switch-unknown 0.0010 1111 464 1168 498
switch-static 0.0012 1006 502 1032 525
track-sign-front 0.6826 1407 500 1434 527
track-sign-front 0.0360 1406 466 1433 500
track-sign-front 0.0333 1409 463 1433 484
track-sign-front 0.0114 1267 461 1281 478
track-sign-front 0.0101 1263 464 1285 497
track-sign-front 0.0086 1476 438 1503 467
track-sign-front 0.0046 1055 444 1072 466
track-sign-front 0.0041 1544 479 1563 517
track-sign-front 0.0038 1404 455 1427 483
track-sign-front 0.0037 1410 483 1440 542
track-sign-front 0.0037 1469 440 1497 475
track-sign-front 0.0030 1158 461 1177 484
track-sign-front 0.0030 1044 442 1068 466
track-sign-front 0.0028 1545 490 1559 578
track-sign-front 0.0024 1260 449 1281 483
track-sign-front 0.0022 1472 445 1493 553
track-sign-front 0.0021 1156 466 1191 502
track-sign-front 0.0019 1475 440 1498 503
track-sign-front 0.0017 1405 497 1455 537
track-sign-front 0.0015 975 469 1007 517
track-sign-front 0.0014 1150 465 1179 496
track-sign-front 0.0012 997 485 1032 527
track-sign-front 0.0011 1001 463 1028 512
track-sign-front 0.0010 881 500 932 559
track-sign-front 0.0010 945 453 985 525
track-signal-front 0.7699 1224 327 1252 379
track-signal-front 0.7129 1392 327 1417 379
track-signal-front 0.5315 973 396 996 441
track-signal-front 0.0149 1407 360 1431 381
track-signal-front 0.0072 975 382 997 417
track-signal-front 0.0059 1395 321 1415 347
track-signal-front 0.0053 1227 323 1249 345
track-signal-front 0.0050 1379 326 1427 381
track-signal-front 0.0047 1228 361 1252 386
track-signal-front 0.0044 1211 325 1271 384
track-signal-front 0.0013 945 394 1001 447
track-signal-front 0.0010 1369 362 1403 385
track-signal-back 0.1662 1462 362 1495 392
track-signal-back 0.1595 928 369 964 394
track-signal-back 0.1463 927 338 966 396
track-signal-back 0.1154 927 319 964 374
track-signal-back 0.0822 936 348 976 435
track-signal-back 0.0281 929 374 970 442
track-signal-back 0.0264 1444 367 1488 389
track-signal-back 0.0208 1482 398 1508 440
track-signal-back 0.0185 943 380 984 441
track-signal-back 0.0144 1461 373 1497 432
track-signal-back 0.0104 1452 336 1498 393
track-signal-back 0.0065 1460 400 1499 456
track-signal-back 0.0053 1416 336 1461 392
track-signal-back 0.0032 922 310 971 425
track-signal-back 0.0028 926 402 951 457
track-signal-back 0.0025 1491 410 1514 446
track-signal-back 0.0017 1492 395 1514 427
track-signal-back 0.0016 1453 409 1480 446
track-signal-back 0.0015 1472 325 1502 369
track-signal-back 0.0013 1421 322 1468 371
pole 0.0747 809 360 826 555
pole 0.0629 811 419 823 543
pole 0.0387 633 361 649 531
pole 0.0371 543 236 583 607
pole 0.0182 927 330 958 581
pole 0.0171 726 510 741 606
pole 0.0169 780 388 830 578
pole 0.0149 803 365 838 576
pole 0.0113 778 520 817 651
pole 0.0066 810 370 823 504
pole 0.0063 806 438 823 562
pole 0.0050 1220 450 1248 520
pole 0.0047 1471 376 1494 570
pole 0.0046 623 370 654 554
pole 0.0044 684 535 696 628
pole 0.0041 1224 423 1241 510
pole 0.0039 926 368 953 490
pole 0.0038 949 384 988 478
pole 0.0033 911 344 951 576
pole 0.0031 532 270 604 653
pole 0.0029 806 396 885 578
pole 0.0026 812 360 827 475
pole 0.0026 725 518 786 631
pole 0.0023 491 236 572 622
pole 0.0023 924 419 961 549
pole 0.0020 682 520 713 631
pole 0.0020 1263 464 1287 510
pole 0.0020 522 274 571 593
pole 0.0020 1442 340 1494 590
pole 0.0018 560 253 591 568
pole 0.0016 926 325 999 513
pole 0.0014 1544 506 1559 590
pole 0.0013 901 423 948 546
pole 0.0013 631 553 648 651
pole 0.0012 1265 458 1282 482
pole 0.0012 628 520 837 627
pole 0.0011 452 214 606 635
pole 0.0010 771 287 837 595
pole 0.0010 1465 367 1510 552
pole 0.0010 930 396 958 514
rail-occluder 0.3713 1285 527 1302 567
rail-occluder 0.1153 862 498 914 584
rail-occluder 0.0616 774 520 818 634
rail-occluder 0.0429 832 483 903 585
rail-occluder 0.0360 783 489 886 619
rail-occluder 0.0164 1289 532 1305 581
rail-occluder 0.0112 828 471 871 570
rail-occluder 0.0097 819 450 861 605
rail-occluder 0.0082 712 494 878 635
rail-occluder 0.0068 857 438 918 567
rail-occluder 0.0065 1275 505 1309 565
rail-occluder 0.0058 1233 492 1294 543
rail-occluder 0.0058 1284 525 1303 593
rail-occluder 0.0055 751 495 825 643
rail-occluder 0.0030 841 454 914 535
rail-occluder 0.0029 800 420 841 585
rail-occluder 0.0029 1293 527 1365 566
rail-occluder 0.0020 669 481 693 521
rail-occluder 0.0019 754 488 806 557
rail-occluder 0.0017 707 491 759 553
rail-occluder 0.0017 673 511 827 647
rail-occluder 0.0015 1265 525 1332 591
rail-occluder 0.0014 718 484 787 557
rail-occluder 0.0013 801 419 889 559
rail-occluder 0.0012 743 461 812 586
rail-occluder 0.0010 1247 511 1294 571
