crossing 0.8374 864 704 975 821
crossing 0.6890 666 719 839 800
crossing 0.0731 809 693 976 881
crossing 0.0669 860 709 922 823
crossing 0.0489 886 698 973 778
crossing 0.0252 638 748 790 808
crossing 0.0067 919 692 972 723
crossing 0.0057 695 711 865 772
crossing 0.0050 855 761 979 833
crossing 0.0027 604 677 930 912
crossing 0.0027 698 742 806 798
crossing 0.0013 637 650 865 835
crossing 0.0011 654 523 1167 949
crossing 0.0011 636 786 769 843
guard-rail 0.0051 945 709 966 819
guard-rail 0.0038 865 721 911 833
platform 0.0018 927 622 963 665
platform 0.0010 895 651 966 691
rail 0.9461 743 641 1015 1072
rail 0.9116 233 652 929 1080
rail 0.1394 788 684 994 932
rail 0.0103 236 778 707 1085
rail 0.0016 927 651 975 691
rail 0.0013 460 741 663 1021
rail 0.0012 946 624 986 694
switch-unknown 0.0025 943 649 982 684
switch-static 0.0038 990 853 1042 884
switch-static 0.0011 985 847 1083 886
track-sign-front 0.3101 1513 750 1589 948
track-sign-front 0.0172 1510 741 1579 864
track-sign-front 0.0094 1510 822 1576 945
track-sign-front 0.0078 766 640 791 659
track-sign-front 0.0051 928 612 957 664
track-sign-front 0.0045 1526 830 1601 938
track-sign-front 0.0042 1717 782 1901 909
track-sign-front 0.0042 783 630 822 668
track-sign-front 0.0042 1205 674 1245 711
track-sign-front 0.0039 806 635 829 670
track-sign-front 0.0027 765 641 792 678
track-sign-front 0.0022 754 639 780 659
track-sign-front 0.0016 1343 749 1380 845
track-sign-front 0.0015 1122 440 1146 459
track-sign-front 0.0013 384 853 403 886
track-sign-front 0.0011 856 634 900 666
track-sign-front 0.0011 1004 683 1029 707
track-sign-front 0.0010 1152 659 1173 720
track-sign-front 0.0010 1479 723 1585 825
track-sign-front 0.0010 1044 682 1087 708
track-signal-front 0.0263 1141 565 1187 625
track-signal-front 0.0121 1066 496 1106 529
track-signal-front 0.0121 1138 578 1184 660
track-signal-front 0.0112 1238 575 1261 664
track-signal-front 0.0083 1218 571 1266 671
track-signal-front 0.0054 1238 561 1260 613
track-signal-front 0.0042 1210 611 1263 682
track-signal-front 0.0039 1150 563 1204 638
track-signal-front 0.0032 1207 641 1255 704
track-signal-front 0.0032 1184 578 1233 664
track-signal-front 0.0016 1152 653 1174 701
track-signal-front 0.0015 1136 543 1194 648
track-signal-front 0.0015 1190 605 1248 682
track-signal-front 0.0013 1236 549 1270 628
track-signal-front 0.0011 1210 553 1264 636
track-signal-front 0.0011 1089 603 1135 645
track-signal-front 0.0010 1060 490 1124 535
track-signal-back 0.0405 930 610 944 639
track-signal-back 0.0086 927 608 941 631
person 0.0412 1180 694 1236 837
person 0.0209 1343 751 1385 890
pole 0.0088 988 525 1009 683
pole 0.0041 804 510 821 731
pole 0.0025 891 595 910 677
pole 0.0022 912 600 951 679
pole 0.0021 807 568 822 677
pole 0.0018 929 615 958 667
pole 0.0016 995 533 1017 703
pole 0.0015 971 544 1000 665
pole 0.0013 937 547 997 705
pole 0.0011 880 606 922 681
rail-occluder 0.0011 1713 785 1913 921
