guard-rail 0.6521 1046 648 1066 701
guard-rail 0.2544 935 646 951 702
guard-rail 0.1655 1058 649 1079 700
guard-rail 0.0570 941 650 958 703
guard-rail 0.0090 1025 650 1047 700
guard-rail 0.0078 1040 650 1072 715
guard-rail 0.0048 929 642 956 707
guard-rail 0.0029 933 633 968 705
guard-rail 0.0014 1000 643 1095 720
guard-rail 0.0013 931 635 943 692
guard-rail 0.0012 1005 654 1046 712
train-car 0.0096 881 523 925 569
train-car 0.0020 844 518 912 567
platform 0.1209 885 532 926 566
platform 0.0388 849 529 917 571
platform 0.0126 -1 561 883 1082
platform 0.0115 844 542 912 583
platform 0.0056 946 530 986 575
platform 0.0036 913 532 977 570
platform 0.0025 880 530 956 572
platform 0.0024 937 541 1002 584
platform 0.0023 919 537 1027 606
platform 0.0012 834 544 936 617
platform 0.0011 983 540 1021 573
rail 0.8824 918 540 1198 1074
rail 0.0055 1003 618 1272 1075
rail 0.0026 0 605 111 685
rail 0.0025 -1 591 271 775
rail 0.0015 919 581 1064 1073
rail 0.0012 -6 588 70 671
rail 0.0012 -3 592 140 720
rail 0.0011 -4 623 155 780
rail 0.0010 0 593 39 690
rail 0.0010 25 584 223 690
track-sign-front 0.0486 242 450 325 508
track-sign-front 0.0177 1052 558 1063 575
track-sign-front 0.0174 1008 542 1018 560
track-sign-front 0.0109 882 513 928 574
track-sign-front 0.0101 895 522 924 565
track-sign-front 0.0086 1106 529 1120 548
track-sign-front 0.0079 989 539 1020 568
track-sign-front 0.0059 1106 521 1130 548
track-sign-front 0.0053 1007 530 1026 558
track-sign-front 0.0038 958 501 980 570
track-sign-front 0.0035 1024 541 1066 578
track-sign-front 0.0028 851 512 900 564
track-sign-front 0.0024 836 527 892 572
track-sign-front 0.0023 224 440 333 530
track-sign-front 0.0016 1050 555 1065 583
track-sign-front 0.0015 788 517 811 543
track-sign-front 0.0014 847 519 879 550
track-sign-front 0.0012 1113 514 1134 541
track-sign-front 0.0010 1005 538 1021 567
track-sign-front 0.0010 1097 522 1117 543
track-signal-front 0.0056 891 503 910 530
track-signal-back 0.0011 964 479 985 534
