guard-rail 0.0115 985 721 1011 874
guard-rail 0.0110 1434 690 1701 794
guard-rail 0.0081 994 714 1024 875
guard-rail 0.0029 987 596 1038 1019
guard-rail 0.0025 1001 699 1028 788
guard-rail 0.0023 1000 643 1035 805
guard-rail 0.0022 990 704 1012 786
guard-rail 0.0020 1509 710 1678 792
guard-rail 0.0016 994 646 1043 896
guard-rail 0.0013 1065 655 1121 725
guard-rail 0.0013 974 736 999 853
guard-rail 0.0012 1051 622 1157 782
guard-rail 0.0010 987 660 1018 795
rail 0.9292 982 566 1376 1070
rail 0.9162 690 566 1034 1070
rail 0.8805 1014 565 1707 799
rail 0.4022 3 566 900 803
rail 0.0357 -2 621 537 811
rail 0.0307 9 602 692 748
rail 0.0204 6 649 341 785
rail 0.0134 1250 628 1812 796
rail 0.0108 30 640 667 911
rail 0.0095 0 684 257 824
rail 0.0093 1417 683 1724 796
rail 0.0091 967 563 1015 585
rail 0.0079 -1 688 415 879
rail 0.0061 293 573 943 897
rail 0.0041 6 597 359 729
rail 0.0040 951 547 995 585
rail 0.0040 1222 596 1638 757
rail 0.0039 11 585 616 688
rail 0.0031 -2 619 148 797
rail 0.0024 1161 549 1928 696
rail 0.0023 971 545 1016 586
rail 0.0020 839 564 1139 1052
rail 0.0017 1540 702 1860 822
rail 0.0017 46 422 960 866
rail 0.0015 1128 719 1409 865
rail 0.0014 35 581 214 723
rail 0.0014 94 607 295 765
rail 0.0014 989 636 1057 1059
rail 0.0012 987 567 1037 587
rail 0.0012 1006 565 1562 703
rail 0.0012 1090 553 1646 634
rail 0.0010 1619 90 1926 1066
rail 0.0010 920 557 994 588
switch-indicator 0.0018 1538 564 1551 584
switch-indicator 0.0016 1531 563 1548 585
switch-left 0.0012 793 786 1034 890
switch-right 0.0014 772 789 1020 887
switch-unknown 0.0041 988 562 1035 588
switch-unknown 0.0010 997 575 1038 595
switch-static 0.1655 1227 790 1308 827
switch-static 0.0117 759 735 797 759
switch-static 0.0089 1204 787 1284 823
switch-static 0.0069 1188 771 1328 853
switch-static 0.0021 780 803 825 831
switch-static 0.0015 1238 788 1345 834
track-sign-front 0.0238 1416 630 1438 659
track-sign-front 0.0016 1219 572 1254 591
track-sign-front 0.0015 1341 566 1352 599
track-signal-back 0.0761 1056 517 1070 556
track-signal-back 0.0147 1055 514 1069 538
track-signal-back 0.0062 1060 515 1079 547
track-signal-back 0.0038 744 545 762 576
track-signal-back 0.0015 738 541 759 573
pole 0.2262 184 547 201 742
pole 0.1989 122 539 140 720
pole 0.1481 408 7 526 964
pole 0.0965 599 520 619 699
pole 0.0479 1133 466 1146 598
pole 0.0383 186 598 198 737
pole 0.0358 1056 519 1068 564
pole 0.0330 911 485 923 592
pole 0.0287 171 546 215 746
pole 0.0235 179 517 197 705
pole 0.0152 126 601 139 716
pole 0.0137 1041 510 1072 580
pole 0.0133 121 513 178 738
pole 0.0112 120 580 135 709
pole 0.0107 116 517 135 695
pole 0.0107 1133 449 1155 600
pole 0.0095 111 535 147 752
pole 0.0079 148 555 235 732
pole 0.0049 1191 434 1222 583
pole 0.0043 101 563 162 713
pole 0.0041 77 534 195 721
pole 0.0041 416 195 490 881
pole 0.0039 1051 543 1067 587
pole 0.0033 187 668 201 757
pole 0.0032 1125 472 1142 593
pole 0.0031 7 528 112 805
pole 0.0029 1150 430 1212 601
pole 0.0029 531 552 545 661
pole 0.0024 927 500 965 592
pole 0.0023 26 496 78 760
pole 0.0019 126 612 150 723
pole 0.0018 1011 482 1037 587
pole 0.0018 19 575 346 753
pole 0.0017 431 29 637 1003
pole 0.0016 429 446 475 883
pole 0.0016 8 525 63 769
pole 0.0015 604 519 626 684
pole 0.0014 992 512 1040 588
pole 0.0013 582 549 632 753
pole 0.0013 1127 529 1149 605
pole 0.0012 1056 512 1092 583
pole 0.0011 269 513 627 830
pole 0.0011 183 526 198 643
pole 0.0011 561 474 645 720
pole 0.0010 746 546 762 656
pole 0.0010 907 533 935 598
rail-occluder 0.0733 1412 630 1434 698
rail-occluder 0.0174 1407 633 1432 743
rail-occluder 0.0116 1411 624 1445 715
rail-occluder 0.0075 1395 629 1448 748
rail-occluder 0.0064 226 641 257 665
rail-occluder 0.0057 1417 629 1442 666
rail-occluder 0.0016 216 641 274 677
rail-occluder 0.0010 1019 549 1068 594
