crossing 0.4424 848 506 918 542
crossing 0.0450 867 518 938 560
crossing 0.0252 873 546 952 583
crossing 0.0200 805 500 907 536
crossing 0.0175 876 520 934 545
crossing 0.0039 795 506 873 534
crossing 0.0029 824 483 924 535
crossing 0.0023 786 480 871 527
crossing 0.0011 809 465 973 610
train-car 0.0011 1731 171 1925 579
rail 0.9244 748 464 1151 1074
rail 0.0126 757 458 892 517
rail 0.0026 786 464 861 513
switch-static 0.0048 811 550 843 581
switch-static 0.0017 805 559 835 584
track-sign-front 0.1826 727 435 757 479
track-sign-front 0.1460 767 362 787 384
track-sign-front 0.0505 994 436 1009 456
track-sign-front 0.0168 728 416 768 468
track-sign-front 0.0126 744 404 775 426
track-sign-front 0.0095 721 433 770 487
track-sign-front 0.0087 874 389 894 412
track-sign-front 0.0079 760 363 789 393
track-sign-front 0.0063 753 398 784 426
track-sign-front 0.0022 992 429 1012 454
track-sign-front 0.0015 704 433 738 476
track-sign-front 0.0013 771 356 795 379
track-sign-front 0.0013 729 403 758 429
track-sign-front 0.0010 746 403 796 465
track-signal-front 0.0021 -1 0 76 116
track-signal-back 0.0016 1 21 84 123
pole 0.0032 772 436 804 491
pole 0.0021 719 443 755 566
rail-occluder 0.0134 726 434 777 497
rail-occluder 0.0108 752 436 803 504
rail-occluder 0.0035 763 449 834 513
rail-occluder 0.0025 723 444 763 556
