guard-rail 0.4957 584 564 801 1078
guard-rail 0.4578 462 544 923 1085
guard-rail 0.0218 649 663 748 1076
guard-rail 0.0062 693 672 756 1072
guard-rail 0.0034 633 626 894 1066
guard-rail 0.0016 641 606 730 740
guard-rail 0.0014 454 561 798 871
guard-rail 0.0010 608 600 760 797
rail 0.9266 439 535 932 1077
rail 0.0066 1603 538 1917 1062
rail 0.0036 1758 326 1920 1089
rail 0.0031 1276 537 1917 1059
rail 0.0013 467 571 662 1036
rail 0.0011 1461 213 1929 999
rail 0.0010 1833 297 1922 1032
track-sign-front 0.0266 504 453 517 472
track-sign-front 0.0209 767 318 786 339
track-sign-front 0.0045 635 543 647 566
track-sign-front 0.0024 771 319 798 343
track-sign-front 0.0016 761 314 784 345
track-sign-front 0.0012 510 450 530 472
track-sign-front 0.0010 492 452 521 490
pole 0.0011 419 460 465 556
rail-occluder 0.0222 456 553 492 584
rail-occluder 0.0047 425 547 480 592
rail-occluder 0.0023 409 531 507 592
rail-occluder 0.0016 422 543 500 620
rail-occluder 0.0011 398 487 512 578
rail-occluder 0.0010 443 562 494 618
