rail 0.8720 466 698 879 1076
rail 0.0028 656 744 890 1070
rail 0.0021 1853 736 1920 877
rail 0.0020 403 675 716 1068
rail 0.0013 11 699 479 894
rail 0.0012 1794 730 1922 992
rail 0.0010 91 684 782 1070
track-sign-front 0.0222 965 520 988 546
track-sign-front 0.0031 960 767 978 827
track-sign-front 0.0021 823 705 839 741
track-sign-front 0.0017 823 709 841 772
track-sign-front 0.0016 960 733 984 801
track-sign-front 0.0013 508 635 556 716
track-sign-front 0.0011 697 657 725 721
track-sign-front 0.0011 857 740 885 795
track-sign-front 0.0011 875 728 908 767
track-sign-front 0.0011 861 718 890 772
track-sign-front 0.0010 544 841 570 865
track-sign-front 0.0010 823 692 856 746
track-sign-front 0.0010 828 731 872 792
track-signal-front 0.0010 709 648 738 698
person 0.0027 1225 744 1341 1029
pole 0.0839 501 656 535 778
pole 0.0705 522 411 596 890
pole 0.0537 474 582 498 770
pole 0.0291 477 508 524 841
pole 0.0236 475 646 526 780
pole 0.0210 545 600 599 918
pole 0.0205 500 586 592 846
pole 0.0192 496 253 609 977
pole 0.0189 505 607 548 800
pole 0.0189 492 402 573 842
pole 0.0185 459 605 492 742
pole 0.0182 334 398 373 846
pole 0.0111 491 650 531 872
pole 0.0098 869 404 905 893
pole 0.0087 435 613 459 737
pole 0.0069 515 615 607 968
pole 0.0066 449 555 502 788
pole 0.0064 542 534 589 816
pole 0.0037 472 87 579 950
pole 0.0037 492 626 565 899
pole 0.0034 680 472 728 844
pole 0.0032 488 8 658 1010
pole 0.0029 497 555 529 762
pole 0.0029 524 471 566 784
pole 0.0027 335 384 437 855
pole 0.0027 443 430 509 820
pole 0.0022 495 634 542 739
pole 0.0020 306 398 376 904
pole 0.0019 482 699 521 830
pole 0.0019 619 456 670 879
pole 0.0018 666 366 737 954
pole 0.0017 843 441 897 874
pole 0.0017 493 665 622 1073
pole 0.0017 698 439 739 797
pole 0.0017 623 581 651 726
pole 0.0016 436 547 652 1013
pole 0.0015 420 360 525 889
pole 0.0015 875 403 936 905
pole 0.0015 691 546 724 745
pole 0.0015 328 280 394 891
pole 0.0015 422 610 473 744
pole 0.0014 455 510 489 754
pole 0.0014 1078 63 1167 967
pole 0.0013 392 602 457 742
pole 0.0012 478 474 513 742
pole 0.0012 593 309 690 1025
pole 0.0012 327 341 523 895
pole 0.0012 1785 257 1912 1049
pole 0.0010 399 520 431 731
pole 0.0010 701 612 728 733
pole 0.0010 333 501 362 796
rail-occluder 0.0962 500 656 537 779
rail-occluder 0.0193 490 644 544 839
rail-occluder 0.0171 455 617 492 764
rail-occluder 0.0167 473 649 527 780
rail-occluder 0.0139 466 627 506 773
rail-occluder 0.0091 423 610 505 810
rail-occluder 0.0090 441 657 497 785
rail-occluder 0.0044 428 627 467 757
rail-occluder 0.0030 478 672 526 856
rail-occluder 0.0029 364 637 476 788
rail-occluder 0.0028 461 560 633 973
rail-occluder 0.0028 342 488 520 914
rail-occluder 0.0027 413 663 482 774
rail-occluder 0.0021 388 634 459 755
rail-occluder 0.0021 356 649 522 856
rail-occluder 0.0014 541 653 602 874
rail-occluder 0.0012 366 656 436 745
rail-occluder 0.0010 433 693 513 835
