crossing 0.0059 805 671 848 690
crossing 0.0016 774 663 852 690
rail 0.8961 1 588 671 1021
rail 0.6516 458 580 899 1076
rail 0.0017 492 616 728 1034
rail 0.0013 381 551 603 613
rail 0.0012 47 578 585 740
rail 0.0012 192 685 445 936
rail 0.0011 358 558 645 657
rail 0.0010 -10 588 547 842
track-sign-front 0.8296 1230 592 1325 658
track-sign-front 0.6474 1253 665 1294 905
track-sign-front 0.4122 421 552 457 592
track-sign-front 0.1265 546 584 560 605
track-sign-front 0.0282 900 592 913 617
track-sign-front 0.0165 572 578 585 595
track-sign-front 0.0118 1259 649 1292 756
track-sign-front 0.0034 898 585 912 606
track-sign-front 0.0032 899 595 916 635
track-sign-front 0.0032 540 582 569 608
track-sign-front 0.0031 1228 588 1281 660
track-sign-front 0.0027 1246 634 1308 726
track-sign-front 0.0027 1254 653 1300 698
track-sign-front 0.0021 1253 836 1287 894
track-sign-front 0.0019 1253 630 1307 800
track-sign-front 0.0012 1259 859 1290 892
track-sign-front 0.0011 1248 564 1311 865
track-sign-front 0.0011 1169 617 1335 949
track-sign-front 0.0010 1176 495 1368 742
pole 0.0091 428 585 451 710
pole 0.0021 479 521 506 599
rail-occluder 0.2202 422 548 460 604
rail-occluder 0.1668 546 586 558 607
rail-occluder 0.0999 428 567 454 704
rail-occluder 0.0482 545 588 560 642
rail-occluder 0.0093 434 617 458 703
rail-occluder 0.0074 413 558 480 695
rail-occluder 0.0064 554 580 595 607
rail-occluder 0.0036 540 584 567 611
rail-occluder 0.0027 421 538 456 655
rail-occluder 0.0027 537 588 571 647
rail-occluder 0.0022 465 548 504 601
rail-occluder 0.0020 537 631 555 674
rail-occluder 0.0019 421 564 456 620
rail-occluder 0.0016 465 570 507 607
rail-occluder 0.0015 404 559 587 657
rail-occluder 0.0013 429 615 468 747
rail-occluder 0.0011 423 559 480 623
