platform 0.0016 915 756 1429 1052
rail 0.8643 12 838 977 1081
rail 0.8134 550 870 955 1080
rail 0.0864 356 842 1253 1080
rail 0.0389 451 759 1562 1078
rail 0.0140 559 794 1220 993
rail 0.0096 385 398 874 695
rail 0.0077 513 411 1102 691
rail 0.0038 128 350 712 691
rail 0.0037 871 769 1649 1038
rail 0.0033 36 784 982 931
rail 0.0028 0 876 505 1079
rail 0.0019 479 505 905 698
rail 0.0017 529 332 847 639
rail 0.0014 605 368 774 678
rail 0.0013 320 422 682 700
rail 0.0013 484 441 711 692
rail 0.0011 415 478 1210 798
rail 0.0011 48 243 630 601
rail 0.0010 462 293 753 559
rail 0.0010 621 361 753 468
track-sign-front 0.1720 481 284 544 352
track-sign-front 0.1106 0 464 85 690
track-sign-front 0.0512 580 547 612 586
track-sign-front 0.0356 926 473 1056 695
track-sign-front 0.0260 1454 356 1530 430
track-sign-front 0.0225 1779 -4 1858 99
track-sign-front 0.0060 478 275 551 399
track-sign-front 0.0054 0 476 39 675
track-sign-front 0.0043 1272 828 1432 968
track-sign-front 0.0037 574 522 619 616
track-sign-front 0.0032 893 775 1630 1025
track-sign-front 0.0031 -1 406 67 469
track-sign-front 0.0031 3 470 83 590
track-sign-front 0.0029 570 526 627 662
track-sign-front 0.0020 1775 -7 1893 138
track-sign-front 0.0020 907 729 938 821
track-sign-front 0.0019 0 389 76 536
track-sign-front 0.0018 900 699 944 745
track-sign-front 0.0017 1443 289 1545 446
track-sign-front 0.0016 532 497 662 637
track-sign-front 0.0015 0 419 42 478
track-sign-front 0.0014 1 573 72 677
track-sign-front 0.0013 -1 463 79 529
track-sign-front 0.0013 1302 838 1398 953
track-sign-front 0.0012 573 470 602 517
track-sign-front 0.0011 560 419 637 640
track-signal-front 0.2431 1073 522 1112 575
track-signal-front 0.1317 609 701 628 736
track-signal-front 0.0766 1427 92 1552 444
track-signal-front 0.0228 1419 234 1540 344
track-signal-front 0.0226 1433 86 1549 285
track-signal-front 0.0140 313 640 344 696
track-signal-front 0.0116 603 694 631 747
track-signal-front 0.0050 1410 251 1507 319
track-signal-front 0.0048 612 708 630 750
track-signal-front 0.0036 1442 201 1542 416
track-signal-front 0.0028 1465 119 1551 364
track-signal-front 0.0024 1437 93 1535 199
track-signal-front 0.0022 1442 317 1565 453
track-signal-front 0.0021 1069 500 1118 585
track-signal-front 0.0018 1436 135 1532 238
track-signal-front 0.0016 1481 98 1578 522
track-signal-back 0.0086 309 637 344 694
track-signal-back 0.0048 1431 85 1545 227
track-signal-back 0.0011 573 470 605 524
rail-occluder 0.0020 589 730 1602 1072
rail-occluder 0.0016 811 845 966 945
rail-occluder 0.0015 871 751 1375 1055
