crossing 0.0512 927 475 966 488
crossing 0.0254 928 472 989 486
crossing 0.0190 927 478 959 493
crossing 0.0126 915 474 957 491
crossing 0.0099 905 519 951 534
crossing 0.0056 965 465 1024 487
crossing 0.0041 922 476 966 498
crossing 0.0029 911 484 956 511
crossing 0.0019 981 439 1033 480
crossing 0.0019 820 682 929 715
crossing 0.0017 915 436 981 492
crossing 0.0014 930 440 1007 487
train-car 0.0023 1009 443 1034 476
train-car 0.0010 1003 437 1040 468
rail 0.9556 983 458 1552 1060
rail 0.9512 547 458 963 1072
rail 0.0040 590 568 883 876
rail 0.0017 1121 476 1370 1043
switch-indicator 0.0079 1158 514 1176 553
switch-indicator 0.0010 1158 523 1182 562
switch-static 0.1761 658 676 728 710
switch-static 0.0066 773 603 822 627
switch-static 0.0036 754 607 811 632
switch-static 0.0022 986 588 1060 613
switch-static 0.0016 670 674 758 714
switch-static 0.0011 753 585 813 631
switch-static 0.0010 980 590 1019 614
track-sign-front 0.1030 1367 361 1394 392
track-sign-front 0.0286 1063 471 1083 490
track-sign-front 0.0192 1060 464 1079 486
track-sign-front 0.0183 1156 509 1177 550
track-sign-front 0.0181 573 357 626 401
track-sign-front 0.0123 1010 441 1040 475
track-sign-front 0.0093 859 442 878 472
track-sign-front 0.0045 858 451 879 486
track-sign-front 0.0042 606 450 628 489
track-sign-front 0.0030 1004 449 1034 483
track-sign-front 0.0018 611 452 643 499
track-sign-front 0.0012 621 281 650 321
track-sign-front 0.0012 1086 469 1111 498
track-sign-front 0.0012 1070 444 1108 494
track-sign-front 0.0011 1026 456 1076 499
track-sign-front 0.0011 878 409 924 485
track-sign-front 0.0011 1059 470 1093 496
track-sign-front 0.0010 790 879 833 913
track-signal-front 0.8918 605 167 672 278
track-signal-front 0.2192 898 411 914 429
track-signal-front 0.0117 898 405 922 431
track-signal-front 0.0113 828 387 864 418
track-signal-front 0.0088 885 387 904 416
track-signal-front 0.0052 924 409 946 431
track-signal-front 0.0046 581 354 632 412
track-signal-front 0.0044 860 381 905 431
track-signal-front 0.0043 758 358 783 419
track-signal-front 0.0034 917 406 953 444
track-signal-front 0.0025 608 354 644 411
track-signal-front 0.0024 856 406 895 466
track-signal-front 0.0024 854 362 894 415
track-signal-front 0.0019 617 384 645 431
track-signal-front 0.0016 894 412 929 437
track-signal-front 0.0015 987 384 1010 451
track-signal-front 0.0014 822 378 857 412
track-signal-back 0.0146 1163 300 1197 367
track-signal-back 0.0111 1162 304 1181 361
track-signal-back 0.0044 1159 318 1200 388
track-signal-back 0.0044 1161 324 1183 382
track-signal-back 0.0032 1076 384 1105 437
track-signal-back 0.0028 1167 295 1221 380
track-signal-back 0.0025 1169 297 1203 346
track-signal-back 0.0022 1090 391 1107 427
track-signal-back 0.0017 1087 371 1106 413
track-signal-back 0.0014 754 369 782 437
track-signal-back 0.0014 1050 402 1090 449
track-signal-back 0.0011 1185 288 1233 339
