guard-rail 0.0014 897 617 941 664
rail 0.9445 1005 556 1306 1072
rail 0.9321 315 558 1056 1075
rail 0.0274 1246 504 1876 552
rail 0.0060 1236 495 1912 598
rail 0.0056 1484 635 1916 868
rail 0.0027 1207 513 1725 574
rail 0.0023 1240 584 1923 838
rail 0.0015 1724 691 1923 869
rail 0.0014 1405 510 1739 544
rail 0.0013 1522 511 1917 579
rail 0.0012 1628 684 1921 1017
rail 0.0011 1727 505 1915 637
rail 0.0010 1439 620 1945 1082
track-sign-front 0.0050 704 590 735 620
track-sign-front 0.0022 702 594 723 629
track-sign-front 0.0016 1087 322 1120 358
track-sign-front 0.0013 1098 495 1132 586
track-signal-back 0.1394 1005 437 1027 470
track-signal-back 0.0611 1009 459 1028 505
track-signal-back 0.0540 1013 474 1030 507
track-signal-back 0.0454 1078 462 1094 493
track-signal-back 0.0212 1015 482 1033 516
track-signal-back 0.0038 1003 435 1031 495
track-signal-back 0.0021 1087 442 1114 544
track-signal-back 0.0016 998 435 1023 461
track-signal-back 0.0010 1073 458 1101 492
pole 0.0784 1101 430 1126 595
pole 0.0562 1583 336 1607 540
pole 0.0440 1342 394 1361 546
pole 0.0213 1243 376 1286 585
pole 0.0126 1017 463 1033 579
pole 0.0112 1101 414 1143 603
pole 0.0105 1087 435 1119 577
pole 0.0080 1313 379 1361 567
pole 0.0056 1014 477 1033 526
pole 0.0052 1590 388 1609 567
pole 0.0051 1233 271 1294 596
pole 0.0047 1021 461 1049 586
pole 0.0033 1007 443 1037 537
pole 0.0030 1253 400 1305 600
pole 0.0029 1334 374 1371 532
pole 0.0023 1577 332 1624 539
pole 0.0020 1593 488 1609 540
pole 0.0017 1503 370 1660 555
pole 0.0017 1027 503 1055 588
pole 0.0015 1115 405 1180 628
pole 0.0010 1584 359 1603 481
rail-occluder 0.0281 1726 514 1796 566
rail-occluder 0.0053 1595 501 1606 541
rail-occluder 0.0017 1594 501 1618 543
rail-occluder 0.0016 1709 481 1871 582
