crossing 0.7995 666 751 1072 1073
crossing 0.0016 689 744 1026 919
crossing 0.0015 709 480 1050 1081
crossing 0.0015 827 461 875 487
guard-rail 0.0034 687 752 762 1066
guard-rail 0.0026 908 661 934 744
rail 0.9281 667 429 1061 1076
rail 0.0013 1119 568 1883 754
switch-static 0.0023 914 473 943 496
switch-static 0.0012 1031 625 1063 647
track-sign-front 0.1396 923 473 938 489
track-sign-front 0.0071 775 413 786 441
track-sign-front 0.0062 916 471 944 494
track-sign-front 0.0022 770 430 793 483
track-sign-front 0.0021 776 411 794 447
track-sign-front 0.0018 773 457 794 487
track-signal-back 0.0476 1574 242 1672 401
track-signal-back 0.0170 1583 249 1667 334
track-signal-back 0.0062 766 344 785 374
track-signal-back 0.0056 1589 249 1664 296
track-signal-back 0.0040 1612 367 1666 405
track-signal-back 0.0032 765 352 794 399
track-signal-back 0.0028 1566 306 1644 405
track-signal-back 0.0026 773 386 790 447
track-signal-back 0.0016 1600 315 1673 413
track-signal-back 0.0012 777 369 806 399
track-signal-back 0.0010 1566 277 1650 550
pole 0.0104 1578 398 1610 608
pole 0.0018 1562 338 1624 615
rail-occluder 0.0011 1438 642 1473 702
rail-occluder 0.0011 1433 639 1501 702
