guard-rail 0.0040 1262 487 1290 518
rail 0.9560 1260 473 1914 1077
rail 0.9364 738 478 1256 1075
rail 0.0168 1154 470 1262 1078
rail 0.0075 1264 480 1563 1065
rail 0.0026 1459 552 1683 1026
rail 0.0019 829 535 1128 1043
rail 0.0015 1108 520 1208 1072
rail 0.0013 1261 472 1299 513
switch-unknown 0.0026 1260 489 1289 518
switch-unknown 0.0018 1264 472 1294 511
track-sign-front 0.8368 932 473 991 529
track-sign-front 0.0713 1423 465 1441 491
track-sign-front 0.0465 1422 468 1442 508
track-sign-front 0.0425 937 458 990 487
track-sign-front 0.0239 928 447 998 545
track-sign-front 0.0125 1422 444 1448 477
track-sign-front 0.0058 946 539 974 579
track-sign-front 0.0052 1418 430 1444 461
track-sign-front 0.0041 1418 455 1446 486
track-sign-front 0.0024 1544 393 1585 447
track-sign-front 0.0018 946 426 990 459
track-sign-front 0.0015 935 477 1052 537
track-sign-front 0.0014 1418 475 1447 517
track-sign-front 0.0014 1420 416 1461 463
track-sign-front 0.0011 941 519 971 586
track-sign-front 0.0011 925 424 974 460
track-sign-front 0.0011 1421 484 1442 544
