train-car 0.8368 4 64 896 1084
train-car 0.0010 14 375 713 742
rail 0.9557 878 569 1133 1074
rail 0.8716 971 557 1920 1061
rail 0.0099 872 578 912 612
rail 0.0053 1101 583 1923 855
rail 0.0027 896 555 947 602
rail 0.0026 896 575 945 610
rail 0.0018 916 547 970 595
rail 0.0018 864 584 899 634
rail 0.0017 871 566 920 600
rail 0.0012 874 587 910 631
rail 0.0011 913 576 960 608
switch-indicator 0.0034 1437 989 1485 1069
track-sign-front 0.2475 804 570 827 593
track-sign-front 0.2355 1090 564 1100 582
track-sign-front 0.0544 1091 569 1102 591
track-sign-front 0.0244 869 581 901 612
track-sign-front 0.0135 817 561 856 598
track-sign-front 0.0080 858 560 903 605
track-sign-front 0.0059 1092 543 1102 580
track-sign-front 0.0049 970 560 986 588
track-sign-front 0.0045 810 547 846 593
track-sign-front 0.0043 1884 810 1919 889
track-sign-front 0.0040 964 549 987 592
track-sign-front 0.0038 866 591 896 624
track-sign-front 0.0038 875 556 917 603
track-sign-front 0.0030 834 572 863 606
track-sign-front 0.0026 835 522 854 585
track-sign-front 0.0021 1859 623 1920 1015
track-sign-front 0.0016 877 596 907 619
track-sign-front 0.0015 1814 435 1908 993
track-sign-front 0.0014 1869 780 1919 923
track-sign-front 0.0011 1857 705 1913 833
track-sign-front 0.0010 954 567 986 603
track-sign-front 0.0010 1887 743 1919 799
track-signal-front 0.0082 966 492 981 592
track-signal-front 0.0027 931 513 965 592
track-signal-front 0.0017 838 517 853 553
track-signal-front 0.0015 968 503 981 533
track-signal-front 0.0011 890 536 917 588
track-signal-front 0.0011 970 485 1003 583
pole 0.0489 1780 41 1921 1108
pole 0.0162 963 506 984 601
pole 0.0056 1825 371 1917 1140
pole 0.0020 1686 -95 1921 928
pole 0.0015 1810 714 1920 1065
rail-occluder 0.0015 1849 801 1921 994
rail-occluder 0.0012 1824 841 1917 1039
