crossing 0.7577 858 715 1090 814
crossing 0.6692 1638 691 1912 817
crossing 0.0402 1520 527 1962 989
crossing 0.0392 774 486 1164 1033
crossing 0.0153 862 615 1108 868
crossing 0.0106 1778 697 1921 799
crossing 0.0089 876 785 1054 832
crossing 0.0059 1613 694 1796 812
crossing 0.0051 1730 708 1924 837
crossing 0.0048 893 721 1007 805
crossing 0.0040 1543 650 1867 823
crossing 0.0038 1623 683 1923 950
crossing 0.0035 959 720 1093 807
crossing 0.0023 1390 622 1894 880
crossing 0.0018 1661 689 1828 788
crossing 0.0013 1695 616 1932 843
guard-rail 0.0059 850 358 896 382
guard-rail 0.0056 0 615 338 934
guard-rail 0.0045 268 542 544 679
guard-rail 0.0039 355 567 532 639
guard-rail 0.0021 377 536 600 654
guard-rail 0.0018 3 679 251 856
guard-rail 0.0016 864 351 916 389
guard-rail 0.0016 198 527 576 780
guard-rail 0.0014 2 722 159 888
guard-rail 0.0013 392 546 547 614
train-car 0.8317 1243 224 1381 390
train-car 0.7096 1377 237 1520 329
train-car 0.3742 41 290 609 404
train-car 0.3363 1088 249 1194 288
train-car 0.2367 11 312 693 471
train-car 0.1406 1134 249 1220 284
train-car 0.0875 1373 259 1873 388
train-car 0.0426 999 246 1205 296
train-car 0.0316 1395 266 1571 360
train-car 0.0312 1168 251 1253 281
train-car 0.0257 1188 238 1238 291
train-car 0.0239 1439 297 1560 359
train-car 0.0234 1211 233 1302 375
train-car 0.0222 1369 276 1486 333
train-car 0.0190 1214 245 1258 326
train-car 0.0185 1211 236 1242 298
train-car 0.0166 724 273 793 306
train-car 0.0151 1044 253 1163 289
train-car 0.0151 973 260 1162 300
train-car 0.0151 1153 245 1283 316
train-car 0.0144 1372 243 1750 346
train-car 0.0132 1184 263 1253 295
train-car 0.0106 206 302 498 400
train-car 0.0100 1054 256 1203 312
train-car 0.0097 1392 287 1446 329
train-car 0.0087 1437 258 1594 332
train-car 0.0083 1016 255 1112 289
train-car 0.0077 676 262 805 316
train-car 0.0077 1475 303 1509 360
train-car 0.0076 1484 285 1545 349
train-car 0.0073 1217 232 1277 311
train-car 0.0064 1424 281 1658 341
train-car 0.0063 1399 294 1429 329
train-car 0.0061 1161 236 1207 281
train-car 0.0059 671 261 724 306
train-car 0.0058 736 256 800 324
train-car 0.0050 1160 187 1568 434
train-car 0.0049 721 266 831 328
train-car 0.0044 13 276 167 468
train-car 0.0037 1014 191 1050 330
train-car 0.0035 933 214 1111 328
train-car 0.0033 1480 264 1551 327
train-car 0.0033 958 269 1193 330
train-car 0.0032 1123 212 1319 372
train-car 0.0031 1468 272 1764 356
train-car 0.0029 972 234 1039 345
train-car 0.0029 1094 247 1249 330
train-car 0.0028 1283 228 1479 384
train-car 0.0028 771 268 809 355
train-car 0.0027 83 318 224 393
train-car 0.0027 935 212 984 364
train-car 0.0026 214 283 327 407
train-car 0.0022 669 216 736 327
train-car 0.0022 1219 270 1277 385
train-car 0.0021 632 277 937 358
train-car 0.0021 1275 220 1373 337
train-car 0.0020 1079 228 1162 292
train-car 0.0020 14 181 630 525
train-car 0.0019 1502 288 1579 334
train-car 0.0019 831 266 1016 319
train-car 0.0019 695 261 978 334
train-car 0.0018 1288 226 1546 321
train-car 0.0018 150 306 388 420
train-car 0.0018 1355 170 1887 519
train-car 0.0018 1466 249 1529 332
train-car 0.0018 652 281 816 329
train-car 0.0017 1198 287 1320 411
train-car 0.0017 1357 226 1586 446
train-car 0.0016 978 218 1187 305
train-car 0.0015 936 198 1264 373
train-car 0.0015 82 159 489 429
train-car 0.0015 1253 139 1710 483
train-car 0.0014 948 264 1111 350
train-car 0.0012 837 269 919 315
train-car 0.0012 861 270 896 312
train-car 0.0011 885 237 963 343
train-car 0.0010 46 292 187 395
train-car 0.0010 1009 163 1461 456
train-car 0.0010 884 204 1018 369
platform 0.0672 1371 323 1919 613
platform 0.0331 1376 299 1771 447
platform 0.0155 1409 307 1578 375
platform 0.0145 1213 263 1265 355
platform 0.0122 1454 300 1549 364
platform 0.0097 1481 304 1527 358
platform 0.0065 1211 279 1245 336
platform 0.0042 1218 343 1264 386
platform 0.0040 1372 276 1570 426
platform 0.0038 1204 309 1280 392
platform 0.0037 1363 288 1503 354
platform 0.0025 1397 311 1692 386
platform 0.0021 1383 335 1639 472
platform 0.0018 1385 298 1481 345
platform 0.0015 1400 300 1453 339
platform 0.0013 1375 304 1529 394
platform 0.0013 1188 296 1261 353
platform 0.0010 1387 298 1431 346
rail 0.9066 754 292 1217 1079
rail 0.8545 1298 378 1916 1038
rail 0.7580 2 315 1002 669
rail 0.6568 -2 321 1084 970
rail 0.6070 5 323 919 515
rail 0.3483 1455 314 1930 427
rail 0.1292 -1 406 573 549
rail 0.1141 1412 300 1912 513
rail 0.1089 -2 366 650 491
rail 0.1000 1679 330 1920 425
rail 0.0992 1765 366 1920 468
rail 0.0862 1 543 565 860
rail 0.0617 1399 235 1920 699
rail 0.0560 4 413 681 699
rail 0.0505 1786 333 1920 387
rail 0.0504 1607 343 1910 457
rail 0.0435 1789 350 1917 415
rail 0.0395 1661 358 1917 527
rail 0.0309 1792 317 1919 367
rail 0.0304 -2 429 342 512
rail 0.0211 1788 393 1919 508
rail 0.0209 0 455 341 552
rail 0.0198 1 401 440 482
rail 0.0193 836 314 1007 361
rail 0.0169 23 492 149 563
rail 0.0132 783 298 1083 370
rail 0.0123 1817 393 1922 464
rail 0.0115 856 329 973 368
rail 0.0115 858 338 927 367
rail 0.0114 1548 326 1890 395
rail 0.0111 1690 318 1936 376
rail 0.0104 844 689 1134 802
rail 0.0103 -3 468 350 620
rail 0.0097 961 281 1171 329
rail 0.0084 -3 348 183 512
rail 0.0078 0 407 257 471
rail 0.0073 732 291 1119 406
rail 0.0071 1774 409 1921 575
rail 0.0070 1625 298 1930 387
rail 0.0065 6 477 76 569
rail 0.0064 1440 288 1758 378
rail 0.0059 -1 599 348 965
rail 0.0058 1810 376 1913 436
rail 0.0056 1547 355 1799 425
rail 0.0055 890 280 995 382
rail 0.0054 -4 470 179 573
rail 0.0052 838 306 1026 393
rail 0.0052 9 586 626 1075
rail 0.0050 825 329 932 364
rail 0.0049 1463 241 1927 374
rail 0.0049 1760 302 1922 408
rail 0.0047 1548 326 1923 635
rail 0.0045 1528 304 1848 360
rail 0.0044 886 272 1176 348
rail 0.0043 755 322 953 362
rail 0.0041 670 288 1017 365
rail 0.0041 1809 303 1917 341
rail 0.0036 107 282 1235 560
rail 0.0033 577 296 1067 468
rail 0.0030 -4 445 215 516
rail 0.0030 1872 304 1921 364
rail 0.0026 1867 331 1921 385
rail 0.0023 10 381 85 570
rail 0.0022 762 322 937 398
rail 0.0021 -7 514 443 689
rail 0.0021 0 715 161 1059
rail 0.0021 16 444 140 535
rail 0.0020 13 429 71 539
rail 0.0019 2 385 255 448
rail 0.0019 0 517 73 571
rail 0.0019 207 396 689 622
rail 0.0018 1820 416 1923 534
rail 0.0018 466 302 1129 648
rail 0.0018 779 503 1227 892
rail 0.0018 1752 300 1920 353
rail 0.0016 1870 355 1920 410
rail 0.0016 458 322 929 425
rail 0.0016 607 411 883 580
rail 0.0016 1871 380 1919 441
rail 0.0016 226 437 272 470
rail 0.0016 1868 291 1922 340
rail 0.0015 1420 410 1932 808
rail 0.0015 12 706 310 1070
rail 0.0015 795 294 1011 344
rail 0.0015 129 441 345 506
rail 0.0015 289 348 806 467
rail 0.0014 1622 403 1905 598
rail 0.0014 1789 384 1888 458
rail 0.0014 1759 257 1928 472
rail 0.0014 1 667 174 916
rail 0.0014 1841 286 1920 323
rail 0.0013 16 411 137 499
rail 0.0013 1869 397 1920 464
rail 0.0013 234 404 472 508
rail 0.0012 89 404 373 464
rail 0.0012 0 540 130 668
rail 0.0012 723 276 915 347
rail 0.0012 846 342 935 400
rail 0.0011 1598 261 1833 367
rail 0.0011 1070 273 1205 323
rail 0.0011 386 359 800 570
rail 0.0011 -2 438 38 529
rail 0.0011 367 423 636 604
rail 0.0011 0 471 33 534
rail 0.0011 6 571 340 761
rail 0.0010 1516 370 1819 485
rail 0.0010 772 336 882 373
rail 0.0010 882 299 972 349
rail 0.0010 0 528 241 681
rail 0.0010 1 843 224 1065
switch-indicator 0.0371 883 430 911 454
switch-indicator 0.0202 236 444 258 477
switch-indicator 0.0068 469 432 495 461
switch-indicator 0.0011 886 430 920 464
switch-unknown 0.0184 860 340 924 366
switch-unknown 0.0154 883 323 957 353
switch-unknown 0.0145 867 330 936 359
switch-unknown 0.0116 850 344 912 373
switch-unknown 0.0109 941 316 970 351
switch-unknown 0.0056 842 332 915 361
switch-unknown 0.0048 821 345 895 376
switch-unknown 0.0021 846 356 901 385
switch-unknown 0.0018 893 298 956 342
switch-static 0.3426 648 511 745 546
switch-static 0.2960 685 508 775 542
switch-static 0.0601 653 513 716 539
switch-static 0.0338 724 508 802 539
switch-static 0.0302 659 503 782 554
switch-static 0.0068 618 518 725 559
switch-static 0.0036 877 428 911 453
switch-static 0.0016 889 427 917 449
switch-static 0.0012 713 512 792 551
track-sign-front 0.1979 -2 95 33 147
track-sign-front 0.0897 19 392 38 432
track-sign-front 0.0350 648 322 663 349
track-sign-front 0.0083 16 384 47 440
track-sign-front 0.0072 1210 279 1243 336
track-sign-front 0.0059 474 339 491 370
track-sign-front 0.0054 649 318 677 351
track-sign-front 0.0044 -1 360 30 409
track-sign-front 0.0044 8 346 59 444
track-sign-front 0.0038 1663 363 1690 416
track-sign-front 0.0030 12 366 82 451
track-sign-front 0.0027 55 412 88 448
track-sign-front 0.0026 33 388 88 460
track-sign-front 0.0023 25 423 57 499
track-sign-front 0.0020 1221 349 1260 391
track-sign-front 0.0016 -1 331 21 403
track-sign-front 0.0016 29 283 60 401
track-sign-front 0.0016 -1 257 28 306
track-sign-front 0.0016 21 242 54 337
track-sign-front 0.0015 -4 240 33 297
track-sign-front 0.0014 25 310 74 412
track-sign-front 0.0011 -1 201 32 337
track-sign-front 0.0010 26 408 76 505
track-sign-front 0.0010 11 242 52 300
track-signal-front 0.5815 0 148 36 257
track-signal-front 0.1888 1213 212 1228 240
track-signal-front 0.0900 -2 147 33 193
track-signal-front 0.0015 1285 202 1321 245
track-signal-front 0.0010 1301 223 1359 262
track-signal-back 0.3828 1214 197 1229 234
track-signal-back 0.1716 0 92 35 148
track-signal-back 0.0591 1215 209 1230 245
track-signal-back 0.0044 1208 196 1235 238
track-signal-back 0.0015 -4 74 42 189
track-signal-back 0.0015 1276 201 1301 238
track-signal-back 0.0014 1170 214 1191 239
track-signal-back 0.0013 1156 217 1181 240
track-signal-back 0.0012 1226 217 1278 258
person 0.0334 1492 303 1511 359
person 0.0084 1400 297 1428 327
pole 0.4063 21 173 81 570
pole 0.2920 950 45 966 387
pole 0.1693 1002 113 1022 332
pole 0.0994 1756 44 1786 419
pole 0.0652 1008 157 1037 345
pole 0.0549 25 197 61 531
pole 0.0480 256 90 279 399
pole 0.0464 952 173 974 393
pole 0.0392 1021 157 1042 323
pole 0.0364 785 255 802 359
pole 0.0302 959 312 972 403
pole 0.0293 1001 39 1016 367
pole 0.0236 9 50 65 558
pole 0.0217 6 226 131 570
pole 0.0154 1752 200 1781 412
pole 0.0151 951 254 972 369
pole 0.0130 692 155 709 325
pole 0.0120 1735 64 1791 447
pole 0.0120 953 306 972 369
pole 0.0117 1003 258 1031 345
pole 0.0107 1672 247 1858 442
pole 0.0098 1004 137 1016 278
pole 0.0091 1 264 32 507
pole 0.0084 935 11 980 412
pole 0.0084 1615 -3 1684 455
pole 0.0082 1483 222 1737 421
pole 0.0082 951 193 968 335
pole 0.0082 954 174 965 319
pole 0.0073 940 237 994 397
pole 0.0068 18 352 110 582
pole 0.0066 1542 265 1767 470
pole 0.0065 1725 222 1806 398
pole 0.0065 1013 225 1057 337
pole 0.0063 36 285 100 546
pole 0.0054 1443 144 1854 465
pole 0.0052 263 133 288 441
pole 0.0051 998 228 1040 340
pole 0.0048 986 217 1028 356
pole 0.0044 18 259 167 478
pole 0.0044 26 158 51 426
pole 0.0034 266 296 282 405
pole 0.0032 984 113 1049 358
pole 0.0029 1707 109 1775 418
pole 0.0027 681 204 723 335
pole 0.0027 1696 133 1744 400
pole 0.0025 938 305 972 359
pole 0.0022 1639 5 1753 453
pole 0.0021 25 367 79 551
pole 0.0021 1748 278 1786 394
pole 0.0021 1616 191 1786 412
pole 0.0020 27 395 59 529
pole 0.0020 26 273 54 406
pole 0.0020 937 1 967 319
pole 0.0018 951 132 963 273
pole 0.0016 934 186 1008 369
pole 0.0016 42 367 98 496
pole 0.0016 950 -6 982 316
pole 0.0015 7 289 68 508
pole 0.0015 968 259 1033 357
pole 0.0015 1674 242 1758 381
pole 0.0015 937 173 1105 364
pole 0.0015 228 119 306 422
pole 0.0014 270 356 285 421
pole 0.0014 1572 239 1627 358
pole 0.0013 1759 264 1794 413
pole 0.0012 769 260 821 356
pole 0.0012 58 273 185 410
pole 0.0012 1583 207 1643 385
pole 0.0012 905 139 999 420
pole 0.0011 1760 224 1786 357
pole 0.0010 765 215 796 335
pole 0.0010 1510 220 1723 697
pole 0.0010 887 299 1057 399
rail-occluder 0.1069 51 501 98 564
rail-occluder 0.0726 237 445 259 476
rail-occluder 0.0397 647 322 664 350
rail-occluder 0.0276 472 432 497 457
rail-occluder 0.0127 30 466 90 574
rail-occluder 0.0109 1667 362 1695 418
rail-occluder 0.0068 782 301 798 363
rail-occluder 0.0062 475 344 492 375
rail-occluder 0.0054 12 369 116 572
rail-occluder 0.0044 1630 364 1735 437
rail-occluder 0.0043 1791 354 1881 415
rail-occluder 0.0042 1003 292 1028 349
rail-occluder 0.0038 226 444 266 477
rail-occluder 0.0035 475 351 496 388
rail-occluder 0.0035 43 494 145 580
rail-occluder 0.0032 1585 353 1821 451
rail-occluder 0.0029 758 336 801 376
rail-occluder 0.0027 649 318 677 352
rail-occluder 0.0025 8 453 71 565
rail-occluder 0.0021 1650 364 1782 451
rail-occluder 0.0021 804 325 844 357
rail-occluder 0.0021 1008 270 1061 338
rail-occluder 0.0019 1086 281 1142 321
rail-occluder 0.0019 776 332 826 376
rail-occluder 0.0018 85 482 119 549
rail-occluder 0.0017 804 340 847 367
rail-occluder 0.0016 25 428 81 550
rail-occluder 0.0015 942 266 1092 342
rail-occluder 0.0014 -1 515 71 576
rail-occluder 0.0014 75 505 110 569
rail-occluder 0.0014 215 444 261 495
rail-occluder 0.0014 1780 376 1860 427
rail-occluder 0.0014 864 275 894 328
rail-occluder 0.0013 216 391 238 427
rail-occluder 0.0013 734 345 785 371
rail-occluder 0.0012 1669 357 1761 417
rail-occluder 0.0012 1065 279 1166 324
rail-occluder 0.0011 1774 334 1853 388
rail-occluder 0.0011 1737 318 1791 401
