crossing 0.1757 1079 564 1105 576
crossing 0.0466 1063 564 1106 580
crossing 0.0318 880 625 942 643
crossing 0.0266 1074 571 1108 590
crossing 0.0197 884 617 952 638
crossing 0.0066 901 610 977 635
crossing 0.0039 1051 552 1106 578
crossing 0.0032 1078 552 1125 572
crossing 0.0019 909 623 972 641
crossing 0.0011 927 603 999 633
platform 0.0010 119 604 775 726
rail 0.9534 899 551 1215 1072
rail 0.8400 3 555 1057 988
rail 0.4413 1 578 928 793
rail 0.0321 957 569 1079 599
rail 0.0250 1076 561 1113 580
rail 0.0206 889 565 1088 616
rail 0.0154 938 574 1061 612
rail 0.0131 1059 563 1107 584
rail 0.0130 19 609 704 741
rail 0.0118 826 568 1063 634
rail 0.0077 0 661 560 881
rail 0.0059 265 548 1095 840
rail 0.0039 818 579 965 646
rail 0.0033 524 577 1059 728
rail 0.0029 801 605 967 676
rail 0.0024 737 605 960 715
rail 0.0023 781 551 1108 674
rail 0.0022 26 672 676 1008
rail 0.0022 1080 556 1127 573
rail 0.0021 1053 559 1102 576
rail 0.0017 824 605 887 641
rail 0.0016 759 588 933 658
rail 0.0014 157 623 735 893
rail 0.0014 1095 557 1175 583
rail 0.0013 888 583 1007 628
rail 0.0012 991 555 1126 602
switch-indicator 0.0152 901 562 921 596
switch-indicator 0.0097 837 579 869 623
switch-indicator 0.0056 837 575 899 632
switch-right 0.0059 826 626 933 663
switch-unknown 0.0190 868 616 937 643
switch-unknown 0.0120 862 624 936 650
switch-unknown 0.0108 983 568 1056 595
switch-unknown 0.0093 836 606 915 638
switch-unknown 0.0080 975 582 1031 613
switch-unknown 0.0077 1005 566 1070 589
switch-unknown 0.0075 969 569 1030 600
switch-unknown 0.0071 826 627 932 662
switch-unknown 0.0067 939 581 1010 609
switch-unknown 0.0029 909 587 987 621
switch-unknown 0.0015 943 566 1013 603
switch-static 0.0194 801 635 862 657
switch-static 0.0096 805 630 888 654
switch-static 0.0077 1002 597 1023 617
switch-static 0.0065 988 581 1039 609
switch-static 0.0058 788 636 839 659
switch-static 0.0046 810 620 863 652
switch-static 0.0034 1003 572 1062 598
switch-static 0.0017 979 596 1024 620
switch-static 0.0012 797 644 857 664
switch-static 0.0011 772 647 836 669
track-sign-front 0.0327 900 564 921 597
track-sign-front 0.0055 1563 701 1631 795
track-sign-front 0.0043 845 575 871 602
track-sign-front 0.0031 980 496 1010 601
track-sign-front 0.0025 1271 685 1286 733
track-sign-front 0.0022 1207 550 1226 587
track-sign-front 0.0021 896 545 927 589
track-sign-front 0.0021 1201 534 1227 583
track-sign-front 0.0021 1145 536 1182 578
track-sign-front 0.0019 1184 613 1204 640
track-sign-front 0.0016 1142 551 1181 591
track-sign-front 0.0010 1214 633 1230 676
track-sign-front 0.0010 1154 522 1218 563
track-signal-front 0.0201 1134 485 1150 503
track-signal-front 0.0042 868 487 882 519
track-signal-front 0.0015 946 457 964 559
track-signal-front 0.0013 1173 454 1190 475
track-signal-front 0.0012 1170 458 1191 485
track-signal-front 0.0012 866 499 883 535
track-signal-front 0.0010 1140 466 1182 499
track-signal-back 0.0019 1040 466 1058 546
track-signal-back 0.0018 1043 469 1052 518
track-signal-back 0.0011 1134 484 1155 511
track-signal-back 0.0011 1564 697 1631 794
person 0.0140 900 562 922 599
person 0.0021 844 573 872 604
person 0.0017 847 562 891 597
pole 0.0231 993 429 1007 594
pole 0.0145 1028 459 1046 582
pole 0.0083 984 456 1033 593
pole 0.0083 1036 459 1051 564
pole 0.0070 990 450 1016 574
pole 0.0028 995 445 1005 547
pole 0.0017 946 420 965 599
pole 0.0017 720 366 741 644
pole 0.0016 949 464 984 591
pole 0.0016 981 480 1009 622
pole 0.0011 938 466 967 585
pole 0.0010 1014 527 1071 594
rail-occluder 0.0325 901 572 923 608
rail-occluder 0.0047 884 573 933 614
rail-occluder 0.0044 826 600 881 642
rail-occluder 0.0042 838 581 872 626
rail-occluder 0.0037 833 590 855 616
rail-occluder 0.0026 839 580 903 631
rail-occluder 0.0023 895 561 926 598
rail-occluder 0.0021 847 565 889 594
rail-occluder 0.0012 810 620 863 655
rail-occluder 0.0010 865 548 934 610
