guard-rail 0.0240 1064 591 1160 681
guard-rail 0.0059 1095 588 1164 654
guard-rail 0.0051 1078 632 1157 694
guard-rail 0.0025 855 628 940 655
guard-rail 0.0016 820 624 935 663
guard-rail 0.0011 1094 775 1165 856
guard-rail 0.0011 1082 768 1139 839
rail 0.8461 1160 573 1915 802
rail 0.8262 7 557 1155 949
rail 0.7716 960 784 1190 1077
rail 0.7679 941 578 1246 1072
rail 0.7187 2 563 1104 760
rail 0.5963 1030 582 1177 681
rail 0.0936 4 607 736 728
rail 0.0674 1038 575 1146 621
rail 0.0449 0 659 700 831
rail 0.0387 54 623 504 702
rail 0.0362 1080 535 1297 1070
rail 0.0358 2 638 338 698
rail 0.0302 1050 615 1177 703
rail 0.0293 1085 565 1185 623
rail 0.0288 1081 567 1161 597
rail 0.0274 1022 647 1129 689
rail 0.0250 1029 597 1097 664
rail 0.0232 134 551 1179 682
rail 0.0226 1114 569 1207 610
rail 0.0192 1081 784 1236 1079
rail 0.0190 1067 577 1130 604
rail 0.0121 0 651 257 721
rail 0.0110 3 695 686 948
rail 0.0105 1050 569 1224 658
rail 0.0090 146 633 389 702
rail 0.0084 202 639 293 695
rail 0.0084 52 597 748 664
rail 0.0075 208 585 885 646
rail 0.0074 1041 452 1197 687
rail 0.0071 -1 685 319 811
rail 0.0070 -9 651 177 695
rail 0.0067 1017 569 1187 747
rail 0.0065 1025 559 1159 646
rail 0.0059 992 599 1128 723
rail 0.0058 1040 562 1212 998
rail 0.0057 1111 558 1167 584
rail 0.0057 0 640 336 760
rail 0.0054 929 591 1058 621
rail 0.0050 0 650 71 685
rail 0.0039 1004 573 1117 687
rail 0.0035 890 596 1085 1088
rail 0.0032 1151 568 1217 623
rail 0.0030 897 581 1081 638
rail 0.0028 1348 638 1928 785
rail 0.0027 769 578 1119 649
rail 0.0024 -1 662 122 721
rail 0.0023 149 482 1057 657
rail 0.0023 6 714 418 850
rail 0.0022 932 791 1082 1079
rail 0.0022 0 645 112 675
rail 0.0022 1268 497 1395 726
rail 0.0021 0 738 244 833
rail 0.0020 1033 578 1112 609
rail 0.0019 1054 644 1174 735
rail 0.0018 526 573 1057 653
rail 0.0018 -1 716 161 804
rail 0.0018 289 600 811 684
rail 0.0017 1099 550 1144 589
rail 0.0017 0 644 43 697
rail 0.0016 104 646 697 761
rail 0.0016 -2 635 224 682
rail 0.0016 1182 560 1415 741
rail 0.0016 0 648 74 746
rail 0.0015 994 580 1098 606
rail 0.0015 941 629 1142 937
rail 0.0015 267 572 822 628
rail 0.0014 339 606 562 680
rail 0.0014 1130 511 1225 620
rail 0.0014 1024 638 1130 732
rail 0.0013 1284 555 1375 695
rail 0.0013 1268 586 1347 724
rail 0.0013 273 688 627 807
rail 0.0013 854 527 1261 863
rail 0.0013 941 798 1014 1080
rail 0.0013 16 700 248 786
rail 0.0013 -1 740 270 919
rail 0.0013 -3 644 167 765
rail 0.0013 1095 584 1217 647
rail 0.0012 765 584 1166 1098
rail 0.0012 900 575 1092 609
rail 0.0011 0 652 34 730
rail 0.0011 53 662 344 732
rail 0.0011 392 655 707 750
rail 0.0011 -2 664 67 716
rail 0.0010 1239 521 1304 684
rail 0.0010 1092 602 1908 1086
rail 0.0010 2 757 75 815
switch-indicator 0.2253 253 639 282 684
switch-indicator 0.1615 757 610 778 628
switch-indicator 0.0611 942 603 968 621
switch-indicator 0.0380 949 599 975 619
switch-indicator 0.0292 234 682 280 737
switch-indicator 0.0080 189 635 337 692
switch-indicator 0.0061 637 636 660 654
switch-indicator 0.0039 226 697 261 735
switch-indicator 0.0027 750 615 778 645
switch-left 0.2491 966 777 1154 888
switch-left 0.2050 1019 648 1100 689
switch-left 0.0357 1010 662 1102 706
switch-left 0.0162 1006 687 1109 725
switch-left 0.0034 1008 792 1121 873
switch-left 0.0026 953 722 1131 848
switch-right 0.3380 1017 646 1100 689
switch-right 0.2667 980 781 1147 863
switch-right 0.0296 1010 660 1101 706
switch-right 0.0147 1003 687 1106 729
switch-right 0.0076 1011 774 1122 839
switch-right 0.0018 944 708 1138 857
switch-right 0.0014 994 756 1138 820
switch-right 0.0011 1001 781 1200 897
switch-unknown 0.1034 1036 596 1091 621
switch-unknown 0.0614 1128 566 1183 591
switch-unknown 0.0587 1032 604 1086 632
switch-unknown 0.0581 1030 599 1092 659
switch-unknown 0.0499 1054 583 1126 606
switch-unknown 0.0484 1076 577 1123 601
switch-unknown 0.0472 1095 569 1145 594
switch-unknown 0.0338 1130 573 1191 603
switch-unknown 0.0192 1115 554 1162 584
switch-unknown 0.0181 1160 557 1212 593
switch-unknown 0.0139 1107 573 1171 608
switch-unknown 0.0110 1041 579 1101 605
switch-unknown 0.0094 1098 547 1140 588
switch-unknown 0.0090 1157 569 1215 621
switch-unknown 0.0083 986 593 1063 621
switch-unknown 0.0055 1139 546 1196 583
switch-unknown 0.0044 947 592 1034 621
switch-unknown 0.0042 1177 551 1222 598
switch-unknown 0.0019 1014 578 1079 604
switch-unknown 0.0013 937 598 1050 629
switch-static 0.4159 1163 768 1270 807
switch-static 0.2114 1177 746 1274 802
switch-static 0.1344 1140 760 1246 818
switch-static 0.1021 1120 670 1169 697
switch-static 0.0393 1210 736 1259 777
switch-static 0.0185 933 604 975 625
switch-static 0.0155 1127 770 1218 809
switch-static 0.0062 943 598 983 620
switch-static 0.0060 636 635 660 654
switch-static 0.0057 1 979 52 1029
switch-static 0.0050 1099 667 1152 697
switch-static 0.0041 1112 706 1323 838
switch-static 0.0039 1165 625 1207 644
switch-static 0.0039 918 609 959 633
switch-static 0.0036 1124 698 1208 737
switch-static 0.0035 1087 645 1158 723
switch-static 0.0032 1116 751 1155 789
switch-static 0.0029 1176 718 1266 779
switch-static 0.0021 1227 753 1319 789
switch-static 0.0016 1129 625 1196 655
switch-static 0.0016 1103 666 1206 729
switch-static 0.0015 1083 585 1324 952
switch-static 0.0014 1114 727 1163 777
switch-static 0.0014 628 634 670 658
switch-static 0.0012 1127 679 1225 723
switch-static 0.0012 1099 754 1174 832
switch-static 0.0012 1104 610 1212 669
switch-static 0.0011 1 747 63 786
switch-static 0.0010 0 745 28 788
track-sign-front 0.4064 1241 253 1296 307
track-sign-front 0.3422 1271 418 1303 463
track-sign-front 0.2418 1300 553 1320 597
track-sign-front 0.0601 1269 466 1298 512
track-sign-front 0.0258 1294 554 1325 618
track-sign-front 0.0199 1273 444 1306 525
track-sign-front 0.0184 1306 413 1340 701
track-sign-front 0.0171 1286 610 1322 710
track-sign-front 0.0157 1603 779 1630 839
track-sign-front 0.0103 1292 566 1322 676
track-sign-front 0.0091 1322 426 1349 494
track-sign-front 0.0089 1273 515 1308 639
track-sign-front 0.0086 1301 545 1339 659
track-sign-front 0.0077 1303 503 1342 610
track-sign-front 0.0072 1312 601 1347 714
track-sign-front 0.0069 1269 474 1317 523
track-sign-front 0.0066 1241 280 1297 324
track-sign-front 0.0055 1179 526 1207 577
track-sign-front 0.0054 1316 396 1349 667
track-sign-front 0.0046 1252 463 1289 527
track-sign-front 0.0040 1317 566 1347 678
track-sign-front 0.0038 1238 152 1301 418
track-sign-front 0.0035 1267 493 1292 624
track-sign-front 0.0034 1237 229 1297 337
track-sign-front 0.0032 1288 445 1330 628
track-sign-front 0.0031 1311 477 1351 579
track-sign-front 0.0031 1328 444 1351 503
track-sign-front 0.0031 1178 516 1219 586
track-sign-front 0.0027 1266 563 1304 679
track-sign-front 0.0026 1255 254 1320 314
track-sign-front 0.0025 1285 486 1334 580
track-sign-front 0.0020 1181 473 1206 588
track-sign-front 0.0020 548 533 564 568
track-sign-front 0.0019 1304 400 1343 483
track-sign-front 0.0018 1328 528 1354 624
track-sign-front 0.0016 1255 413 1289 477
track-sign-front 0.0015 546 520 565 558
track-sign-front 0.0014 1308 370 1338 512
track-sign-front 0.0014 539 528 564 574
track-sign-front 0.0011 1291 527 1346 685
track-signal-front 0.7778 1244 304 1301 416
track-signal-front 0.1900 1234 132 1317 618
track-signal-front 0.0078 1261 414 1296 459
track-signal-front 0.0022 1051 497 1065 537
track-signal-front 0.0019 1251 377 1302 455
track-signal-front 0.0014 1228 261 1295 413
pole 0.4195 1183 361 1208 629
pole 0.3819 1257 63 1343 784
pole 0.0988 1275 385 1353 756
pole 0.0785 1264 398 1310 746
pole 0.0440 1267 406 1293 711
pole 0.0427 1234 -1 1386 734
pole 0.0370 1309 399 1355 737
pole 0.0338 1204 370 1236 631
pole 0.0286 1837 4 1921 674
pole 0.0265 1171 350 1219 650
pole 0.0224 1296 82 1355 749
pole 0.0136 1593 768 1633 1078
pole 0.0122 1302 480 1335 725
pole 0.0114 522 298 560 629
pole 0.0087 1183 165 1225 673
pole 0.0078 1162 352 1198 644
pole 0.0078 1325 450 1353 699
pole 0.0072 1258 489 1287 711
pole 0.0068 1258 244 1329 682
pole 0.0066 1269 530 1305 711
pole 0.0061 1317 518 1345 725
pole 0.0055 1182 391 1236 690
pole 0.0044 1096 461 1122 585
pole 0.0037 1249 386 1290 674
pole 0.0037 1164 466 1211 653
pole 0.0035 1181 501 1206 606
pole 0.0034 867 442 879 573
pole 0.0034 1089 466 1111 583
pole 0.0032 1185 430 1204 580
pole 0.0028 1761 10 1927 756
pole 0.0019 1210 436 1236 574
pole 0.0018 1329 549 1349 652
pole 0.0018 1233 -27 1316 610
pole 0.0016 1256 550 1286 654
pole 0.0015 1247 434 1398 765
pole 0.0015 1214 330 1244 597
pole 0.0015 1161 293 1340 691
pole 0.0013 1168 132 1213 636
pole 0.0013 1268 557 1348 744
pole 0.0011 495 328 554 675
pole 0.0010 1164 223 1259 625
pole 0.0010 1119 476 1158 584
pole 0.0010 1128 396 1161 618
rail-occluder 0.3927 252 638 282 683
rail-occluder 0.0938 1590 761 1639 1064
rail-occluder 0.0100 228 698 270 732
rail-occluder 0.0086 750 609 780 631
rail-occluder 0.0079 948 597 977 622
rail-occluder 0.0071 1279 582 1320 719
rail-occluder 0.0069 250 646 287 723
rail-occluder 0.0063 1272 594 1305 706
rail-occluder 0.0057 250 640 306 689
rail-occluder 0.0023 1560 757 1698 1058
rail-occluder 0.0020 637 628 665 652
rail-occluder 0.0019 1286 625 1336 719
rail-occluder 0.0018 1263 553 1312 692
rail-occluder 0.0017 1 644 64 675
rail-occluder 0.0015 250 619 285 669
rail-occluder 0.0015 1330 590 1349 656
rail-occluder 0.0013 11 652 94 681
rail-occluder 0.0012 1328 554 1349 694
rail-occluder 0.0012 1325 629 1347 708
rail-occluder 0.0011 457 581 492 609
