crossing 0.0050 772 430 826 448
crossing 0.0036 794 429 857 446
crossing 0.0032 822 429 874 446
crossing 0.0017 760 432 813 451
crossing 0.0016 791 434 853 452
rail 0.9446 700 413 1103 1073
rail 0.9233 716 412 1926 1076
rail 0.0061 710 411 801 440
rail 0.0023 694 403 779 433
switch-unknown 0.0041 718 414 789 438
switch-unknown 0.0029 733 419 809 444
switch-unknown 0.0017 703 404 766 430
switch-static 0.0372 592 724 665 763
switch-static 0.0047 553 715 672 757
switch-static 0.0045 570 730 665 778
track-sign-front 0.2051 1336 831 1431 958
track-sign-front 0.1095 934 399 945 418
track-sign-front 0.0303 895 417 909 436
track-sign-front 0.0265 661 385 689 423
track-sign-front 0.0241 635 377 684 413
track-sign-front 0.0205 933 400 946 433
track-sign-front 0.0104 1023 442 1043 459
track-sign-front 0.0075 676 403 689 432
track-sign-front 0.0065 906 400 948 451
track-sign-front 0.0048 677 395 701 425
track-sign-front 0.0033 619 366 693 415
track-sign-front 0.0019 1024 438 1048 465
track-sign-front 0.0015 862 419 910 448
track-sign-front 0.0015 680 409 706 440
track-sign-front 0.0012 674 393 690 442
track-sign-front 0.0010 134 554 194 640
track-sign-front 0.0010 124 472 182 558
track-signal-front 0.0011 750 355 763 385
track-signal-back 0.0420 107 64 152 129
track-signal-back 0.0071 56 34 108 113
track-signal-back 0.0035 102 53 158 161
track-signal-back 0.0024 61 55 142 117
track-signal-back 0.0015 108 104 157 204
track-signal-back 0.0014 38 21 123 139
track-signal-back 0.0010 47 42 175 169
track-signal-back 0.0010 16 45 128 175
rail-occluder 0.0356 1338 828 1431 958
rail-occluder 0.0064 1330 824 1443 1064
rail-occluder 0.0012 1202 727 1567 1037
