guard-rail 0.0023 690 627 762 650
guard-rail 0.0015 721 621 780 645
train-car 0.0203 964 562 1011 597
train-car 0.0144 949 572 1002 600
train-car 0.0029 973 550 1019 591
train-car 0.0021 949 544 1001 595
rail 0.9507 729 589 1038 1073
rail 0.9125 952 592 1902 1077
rail 0.8969 5 594 908 1073
rail 0.7599 -3 601 847 830
rail 0.6316 1025 588 1919 788
rail 0.0833 1327 627 1916 774
rail 0.0554 961 590 1022 631
rail 0.0498 937 588 1006 618
rail 0.0318 922 589 979 615
rail 0.0197 799 590 912 633
rail 0.0182 886 590 955 619
rail 0.0164 828 587 926 620
rail 0.0163 979 596 1047 643
rail 0.0158 1489 660 1919 799
rail 0.0149 1204 619 1907 878
rail 0.0136 1282 586 1672 741
rail 0.0129 882 592 914 624
rail 0.0125 796 568 917 652
rail 0.0116 982 555 1051 672
rail 0.0095 29 625 675 768
rail 0.0076 891 585 1003 627
rail 0.0073 4 642 658 932
rail 0.0061 922 561 980 608
rail 0.0060 887 598 943 627
rail 0.0054 -8 670 555 824
rail 0.0048 852 598 939 637
rail 0.0042 953 608 1043 653
rail 0.0041 875 566 920 608
rail 0.0036 684 608 830 643
rail 0.0036 865 578 931 605
rail 0.0036 838 577 919 608
rail 0.0031 965 566 1052 632
rail 0.0028 787 585 876 691
rail 0.0025 848 560 912 615
rail 0.0024 990 569 1144 682
rail 0.0023 885 575 958 603
rail 0.0016 890 554 956 612
rail 0.0016 979 587 1086 701
rail 0.0015 -2 697 300 850
rail 0.0012 1552 667 1848 759
rail 0.0011 796 491 868 688
rail 0.0011 756 590 859 669
rail 0.0010 1018 581 1114 718
rail 0.0010 805 591 947 667
rail 0.0010 1498 567 1833 740
switch-indicator 0.1357 888 608 901 626
switch-indicator 0.0715 887 597 906 624
switch-indicator 0.0083 884 604 905 631
switch-indicator 0.0013 888 615 905 643
switch-unknown 0.0661 940 585 1000 617
switch-unknown 0.0563 925 588 975 615
switch-unknown 0.0531 964 588 1016 626
switch-unknown 0.0324 925 598 965 618
switch-unknown 0.0222 895 585 952 622
switch-unknown 0.0182 988 594 1048 646
switch-unknown 0.0113 856 580 908 626
switch-unknown 0.0107 897 603 936 623
switch-unknown 0.0062 817 584 896 628
switch-unknown 0.0051 810 597 882 641
switch-unknown 0.0043 745 614 802 638
switch-unknown 0.0022 675 632 731 654
switch-unknown 0.0014 662 635 711 657
switch-static 0.0069 1014 794 1062 823
switch-static 0.0060 1067 839 1109 864
switch-static 0.0029 971 613 1019 647
switch-static 0.0025 1617 784 1650 805
switch-static 0.0018 1042 829 1113 865
switch-static 0.0016 1030 794 1081 829
switch-static 0.0013 5 959 209 1055
track-sign-front 0.3116 1452 553 1473 592
track-sign-front 0.1613 334 677 356 706
track-sign-front 0.0769 1699 632 1716 693
track-sign-front 0.0684 1457 651 1477 696
track-sign-front 0.0600 1696 527 1711 569
track-sign-front 0.0297 1694 510 1713 589
track-sign-front 0.0229 1197 582 1217 644
track-sign-front 0.0186 1462 459 1493 506
track-sign-front 0.0151 603 610 621 629
track-sign-front 0.0109 1355 578 1367 619
track-sign-front 0.0087 1696 810 1726 835
track-sign-front 0.0066 1451 553 1479 641
track-sign-front 0.0065 1454 590 1481 712
track-sign-front 0.0064 606 614 628 639
track-sign-front 0.0063 1354 593 1370 645
track-sign-front 0.0061 1456 639 1476 736
track-sign-front 0.0057 1659 546 1678 587
track-sign-front 0.0054 1170 569 1224 635
track-sign-front 0.0047 1197 547 1222 635
track-sign-front 0.0045 1354 544 1367 610
track-sign-front 0.0035 1453 455 1481 510
track-sign-front 0.0034 1440 424 1466 472
track-sign-front 0.0033 1696 518 1718 623
track-sign-front 0.0032 556 630 570 651
track-sign-front 0.0027 1697 563 1718 695
track-sign-front 0.0027 1202 579 1229 622
track-sign-front 0.0023 1688 422 1709 471
track-sign-front 0.0022 105 523 123 561
track-sign-front 0.0019 1352 564 1370 633
track-sign-front 0.0014 1448 496 1476 570
track-sign-front 0.0014 1446 468 1476 526
track-sign-front 0.0011 1652 542 1676 655
track-sign-front 0.0011 1095 624 1141 733
track-sign-front 0.0011 1448 424 1475 571
track-sign-front 0.0010 1468 604 1499 656
track-sign-front 0.0010 1162 517 1213 637
track-signal-front 0.8480 1671 324 1713 416
track-signal-front 0.8065 1023 337 1111 431
track-signal-front 0.7161 1407 242 1472 428
track-signal-front 0.5101 1408 251 1465 357
track-signal-front 0.2486 1414 334 1475 432
track-signal-front 0.2238 1099 539 1116 566
track-signal-front 0.1382 1096 567 1153 649
track-signal-front 0.0735 1094 531 1137 624
track-signal-front 0.0307 1097 533 1118 577
track-signal-front 0.0200 1096 530 1143 576
track-signal-front 0.0069 1090 530 1115 617
track-signal-front 0.0045 1122 177 1276 367
track-signal-front 0.0043 974 549 1016 589
track-signal-front 0.0028 1086 492 1117 578
track-signal-front 0.0027 1088 473 1133 548
track-signal-front 0.0025 1025 358 1108 480
track-signal-front 0.0023 1060 408 1108 462
track-signal-front 0.0020 1106 207 1168 620
track-signal-front 0.0020 1426 418 1468 457
track-signal-front 0.0019 1006 316 1134 492
track-signal-front 0.0018 1061 335 1127 429
track-signal-front 0.0018 880 543 918 594
track-signal-front 0.0017 1106 409 1164 655
track-signal-front 0.0016 904 535 946 600
track-signal-front 0.0016 924 537 967 598
track-signal-front 0.0015 1074 432 1105 476
track-signal-front 0.0015 1032 385 1102 454
track-signal-front 0.0015 1683 412 1708 453
track-signal-front 0.0013 1010 297 1122 675
track-signal-front 0.0013 1631 322 1657 406
track-signal-front 0.0013 1081 472 1112 553
track-signal-front 0.0013 1402 238 1504 508
track-signal-front 0.0012 1678 315 1705 349
track-signal-front 0.0011 1422 287 1528 453
track-signal-front 0.0010 1678 376 1715 425
track-signal-front 0.0010 1102 482 1168 582
track-signal-back 0.0050 1118 186 1265 349
pole 0.6341 297 275 332 758
pole 0.4107 1446 440 1482 770
pole 0.2380 1019 346 1064 707
pole 0.1899 814 610 830 708
pole 0.1163 1090 558 1153 656
pole 0.0935 1089 522 1148 792
pole 0.0868 1197 592 1211 681
pole 0.0589 1188 347 1241 685
pole 0.0566 1098 291 1157 747
pole 0.0517 1456 640 1478 705
pole 0.0511 1026 623 1041 700
pole 0.0475 1016 484 1053 714
pole 0.0446 1688 416 1720 714
pole 0.0401 1116 227 1173 733
pole 0.0332 1137 193 1195 728
pole 0.0308 1348 395 1369 659
pole 0.0286 808 560 830 676
pole 0.0239 1436 272 1495 790
pole 0.0178 140 309 173 750
pole 0.0174 1215 381 1246 675
pole 0.0160 1078 528 1125 766
pole 0.0147 1635 295 1670 706
pole 0.0143 1031 402 1084 702
pole 0.0142 1690 442 1712 645
pole 0.0142 1090 485 1117 668
pole 0.0140 1129 317 1227 704
pole 0.0139 1192 573 1221 679
pole 0.0139 806 592 831 642
pole 0.0126 1098 625 1138 781
pole 0.0125 810 468 842 688
pole 0.0116 1023 256 1144 695
pole 0.0113 1175 393 1207 660
pole 0.0108 1696 534 1719 717
pole 0.0108 1665 389 1711 713
pole 0.0105 1195 505 1224 672
pole 0.0099 303 486 328 758
pole 0.0092 1433 529 1475 782
pole 0.0084 693 511 708 635
pole 0.0080 1146 436 1173 669
pole 0.0080 990 464 1049 693
pole 0.0066 1085 504 1130 694
pole 0.0065 1656 490 1680 643
pole 0.0065 1038 398 1162 747
pole 0.0062 1298 567 1657 763
pole 0.0056 1347 362 1386 651
pole 0.0053 814 615 846 714
pole 0.0053 1019 538 1054 663
pole 0.0051 1014 472 1113 735
pole 0.0049 1636 347 1659 666
pole 0.0048 1695 598 1723 753
pole 0.0046 1156 177 1252 675
pole 0.0046 1401 260 1485 767
pole 0.0045 275 310 328 779
pole 0.0043 1452 561 1483 697
pole 0.0041 1453 400 1479 671
pole 0.0041 1449 597 1483 787
pole 0.0038 828 471 855 639
pole 0.0036 1163 471 1211 680
pole 0.0036 1034 553 1173 765
pole 0.0035 1094 242 1258 716
pole 0.0035 1096 405 1210 708
pole 0.0034 1096 646 1120 748
pole 0.0033 818 481 843 622
pole 0.0032 1149 532 1175 637
pole 0.0032 304 337 326 687
pole 0.0031 1109 644 1140 754
pole 0.0031 685 456 706 644
pole 0.0030 1083 441 1111 584
pole 0.0030 1014 351 1046 668
pole 0.0027 1353 520 1368 632
pole 0.0027 295 558 337 787
pole 0.0026 1175 540 1218 669
pole 0.0025 805 539 827 631
pole 0.0025 1162 330 1201 638
pole 0.0025 288 400 343 782
pole 0.0022 259 285 400 758
pole 0.0022 816 503 882 659
pole 0.0020 974 532 1046 660
pole 0.0020 1205 262 1271 680
pole 0.0019 802 582 838 655
pole 0.0018 1102 568 1168 824
pole 0.0017 1121 340 1158 628
pole 0.0017 146 476 173 733
pole 0.0016 1024 483 1057 626
pole 0.0016 116 281 182 756
pole 0.0016 194 329 455 769
pole 0.0015 687 560 711 639
pole 0.0015 1330 393 1364 662
pole 0.0014 802 453 862 715
pole 0.0013 1679 464 1734 736
pole 0.0013 1020 627 1040 746
pole 0.0012 1454 610 1554 767
pole 0.0012 980 583 1085 711
pole 0.0012 689 571 704 630
pole 0.0012 1086 624 1120 722
pole 0.0012 291 213 322 672
pole 0.0012 1350 464 1367 601
pole 0.0011 1142 308 1175 609
pole 0.0010 1093 368 1137 606
pole 0.0010 803 460 832 642
pole 0.0010 139 288 288 751
pole 0.0010 1200 480 1238 663
pole 0.0010 150 399 183 705
pole 0.0010 1202 567 1228 637
rail-occluder 0.1542 334 676 356 704
rail-occluder 0.1358 812 611 832 699
rail-occluder 0.0852 810 609 831 648
rail-occluder 0.0741 1095 575 1153 646
rail-occluder 0.0451 1699 632 1715 695
rail-occluder 0.0448 1021 616 1042 673
rail-occluder 0.0326 1196 585 1214 677
rail-occluder 0.0263 425 675 444 696
rail-occluder 0.0177 1457 639 1478 723
rail-occluder 0.0141 329 679 357 722
rail-occluder 0.0119 1701 647 1716 723
rail-occluder 0.0085 1019 603 1048 657
rail-occluder 0.0067 1018 598 1049 717
rail-occluder 0.0057 1097 637 1139 791
rail-occluder 0.0041 1196 619 1213 695
rail-occluder 0.0040 1135 566 1172 641
rail-occluder 0.0039 811 605 853 684
rail-occluder 0.0035 805 590 827 633
rail-occluder 0.0028 419 673 452 700
rail-occluder 0.0024 1188 592 1222 684
rail-occluder 0.0023 1354 622 1372 655
rail-occluder 0.0023 1696 679 1721 741
rail-occluder 0.0020 1087 617 1128 777
rail-occluder 0.0019 473 686 504 710
rail-occluder 0.0018 554 631 569 654
rail-occluder 0.0017 301 669 362 764
rail-occluder 0.0016 1451 626 1480 753
rail-occluder 0.0016 1617 652 1795 738
rail-occluder 0.0014 686 603 722 653
rail-occluder 0.0013 1454 679 1481 748
rail-occluder 0.0011 316 636 365 750
rail-occluder 0.0010 780 599 854 713
