crossing 0.1859 834 532 873 544
crossing 0.1752 933 531 978 549
crossing 0.0769 935 522 991 547
crossing 0.0688 837 526 897 544
crossing 0.0469 907 532 965 551
crossing 0.0408 855 521 934 543
crossing 0.0319 887 526 964 547
crossing 0.0277 822 533 867 548
crossing 0.0204 830 527 876 549
crossing 0.0053 957 517 998 545
platform 0.0343 934 520 993 547
platform 0.0052 955 514 1001 545
platform 0.0029 942 497 1000 530
platform 0.0014 909 494 995 527
platform 0.0013 903 505 1004 548
rail 0.9466 8 514 955 1078
rail 0.9461 714 513 1034 1077
rail 0.0014 21 641 634 1063
rail 0.0014 9 566 700 813
track-sign-front 0.0109 300 469 328 495
track-sign-front 0.0078 1777 7 1919 156
track-sign-front 0.0044 1848 22 1918 137
track-sign-front 0.0033 1862 47 1915 495
track-sign-front 0.0031 1876 39 1920 152
track-sign-front 0.0020 299 470 336 508
track-sign-front 0.0020 1796 -5 1917 45
track-sign-front 0.0016 1870 209 1904 460
track-sign-front 0.0011 1722 -21 1927 212
track-sign-front 0.0010 1827 104 1908 517
track-signal-front 0.0010 1593 126 1613 168
pole 0.0012 1816 33 1916 500
