crossing 0.0092 887 264 949 292
crossing 0.0027 905 267 965 297
guard-rail 0.0080 877 263 938 292
guard-rail 0.0012 871 262 907 299
platform 0.0095 921 251 1148 331
platform 0.0011 840 230 1164 347
rail 0.9486 714 244 1227 1071
rail 0.3461 1083 241 1919 800
rail 0.0228 1219 227 1917 366
rail 0.0092 1056 256 1177 318
rail 0.0090 1092 261 1189 308
rail 0.0066 5 254 844 1065
rail 0.0062 1117 375 1880 1065
rail 0.0058 885 258 947 289
rail 0.0042 1086 274 1484 581
rail 0.0041 0 225 716 582
rail 0.0039 942 250 1166 362
rail 0.0028 1126 212 1908 485
rail 0.0023 -2 223 511 408
rail 0.0017 1242 302 1659 644
rail 0.0015 720 448 1224 865
rail 0.0014 1246 188 1879 320
rail 0.0014 938 278 1527 871
rail 0.0013 1013 248 1170 302
rail 0.0012 901 251 970 288
rail 0.0010 936 270 1112 325
rail 0.0010 1198 360 1470 557
rail 0.0010 1335 314 1937 685
switch-indicator 0.0061 1315 287 1336 309
switch-indicator 0.0051 1238 261 1263 287
switch-indicator 0.0011 1421 312 1452 344
switch-indicator 0.0010 1308 285 1346 311
switch-unknown 0.0117 888 260 946 288
switch-unknown 0.0064 1100 258 1181 291
switch-unknown 0.0029 1078 254 1157 289
switch-unknown 0.0014 907 256 959 284
switch-static 0.0012 1308 286 1347 313
track-sign-front 0.0269 815 182 827 204
track-sign-front 0.0260 814 3 879 90
track-sign-front 0.0200 815 183 827 227
track-sign-front 0.0064 1207 129 1226 159
track-sign-front 0.0055 814 213 827 248
track-sign-front 0.0043 814 41 868 90
track-sign-front 0.0035 1312 283 1332 306
track-sign-front 0.0032 1205 128 1226 185
track-sign-front 0.0015 812 196 827 237
track-sign-front 0.0011 786 218 832 258
track-signal-front 0.0389 815 181 827 207
track-signal-front 0.0164 813 153 826 208
track-signal-front 0.0064 813 132 826 164
track-signal-front 0.0012 812 111 829 156
fence 0.3282 1080 230 1913 935
fence 0.0277 1105 291 1504 687
fence 0.0074 1061 268 1383 476
fence 0.0040 1037 242 1197 402
fence 0.0022 994 248 1451 548
pole 0.0257 1062 252 1103 377
pole 0.0087 1385 -4 1413 291
pole 0.0038 397 -8 436 295
pole 0.0025 1205 53 1229 221
pole 0.0013 809 73 826 219
pole 0.0013 747 -7 773 261
pole 0.0011 1343 414 1376 544
pole 0.0011 1380 67 1421 377
pole 0.0010 751 -13 791 263
pole 0.0010 1201 10 1234 268
rail-occluder 0.1539 1131 270 1188 385
rail-occluder 0.0260 1051 253 1150 382
rail-occluder 0.0259 1063 252 1103 376
rail-occluder 0.0168 1062 253 1084 344
rail-occluder 0.0156 1083 273 1185 392
rail-occluder 0.0077 1011 252 1132 348
rail-occluder 0.0076 1148 322 1495 614
rail-occluder 0.0069 1101 262 1183 304
rail-occluder 0.0067 1257 299 1574 642
rail-occluder 0.0066 1014 270 1037 318
rail-occluder 0.0061 1116 265 1196 323
rail-occluder 0.0055 1164 298 1186 392
rail-occluder 0.0052 1121 272 1254 394
rail-occluder 0.0052 1312 355 1504 593
rail-occluder 0.0044 1147 288 1693 829
rail-occluder 0.0044 1054 244 1215 405
rail-occluder 0.0042 1071 260 1160 311
rail-occluder 0.0036 1009 259 1063 326
rail-occluder 0.0027 1230 258 1260 282
rail-occluder 0.0027 1120 246 1197 290
rail-occluder 0.0027 1324 390 1417 566
rail-occluder 0.0022 1029 234 1188 340
rail-occluder 0.0021 1155 244 1208 280
rail-occluder 0.0019 1345 410 1468 598
rail-occluder 0.0019 1177 371 1386 631
rail-occluder 0.0018 1296 372 1534 744
rail-occluder 0.0018 1049 242 1088 311
rail-occluder 0.0016 1248 390 1470 568
rail-occluder 0.0015 1140 229 1194 268
rail-occluder 0.0014 1346 405 1371 526
rail-occluder 0.0014 1160 233 1199 273
rail-occluder 0.0014 1187 369 1294 582
rail-occluder 0.0013 1062 247 1123 295
rail-occluder 0.0012 967 244 1167 316
rail-occluder 0.0011 1178 252 1232 280
rail-occluder 0.0010 1139 257 1218 312
