guard-rail 0.0175 595 909 999 1079
guard-rail 0.0093 930 603 968 643
guard-rail 0.0081 619 914 766 1076
guard-rail 0.0070 981 933 1001 1083
guard-rail 0.0053 924 592 1023 674
guard-rail 0.0052 923 597 982 658
guard-rail 0.0051 973 556 1234 686
guard-rail 0.0046 970 571 1031 597
guard-rail 0.0038 1083 580 1141 624
guard-rail 0.0031 907 651 1016 700
guard-rail 0.0028 1100 599 1157 630
guard-rail 0.0028 1107 575 1172 617
guard-rail 0.0026 1059 573 1159 642
guard-rail 0.0026 959 576 1036 619
guard-rail 0.0024 1087 599 1138 638
guard-rail 0.0018 969 947 993 1077
guard-rail 0.0015 1047 598 1121 675
guard-rail 0.0013 632 882 843 1068
guard-rail 0.0013 1095 563 1141 600
guard-rail 0.0013 996 901 1025 1078
guard-rail 0.0011 934 575 1010 642
guard-rail 0.0011 1035 570 1113 643
guard-rail 0.0011 959 562 1005 605
guard-rail 0.0010 609 956 713 1078
rail 0.9015 3 525 971 993
rail 0.8828 608 519 1039 1075
rail 0.7416 910 568 1184 697
rail 0.1051 624 907 1044 1078
rail 0.0324 910 627 1049 690
rail 0.0289 868 622 1152 710
rail 0.0120 702 555 1250 1092
rail 0.0079 903 606 1037 722
rail 0.0050 914 578 1070 687
rail 0.0049 1010 560 1158 663
rail 0.0039 938 561 1054 646
rail 0.0037 834 508 1224 805
rail 0.0035 884 538 1045 702
rail 0.0030 865 637 1070 765
rail 0.0025 9 512 868 653
rail 0.0020 595 911 842 1086
rail 0.0019 926 522 1158 654
rail 0.0019 805 566 1042 1040
rail 0.0014 933 574 1127 1080
rail 0.0014 837 530 957 569
rail 0.0012 583 852 1074 1161
rail 0.0011 662 815 1024 1027
rail 0.0010 975 627 1180 700
rail 0.0010 796 526 968 590
rail 0.0010 1069 551 1262 684
switch-indicator 0.0028 1172 615 1209 691
switch-indicator 0.0010 1178 626 1235 702
switch-left 0.1677 900 653 1044 713
switch-left 0.1430 618 913 1042 1072
switch-left 0.0263 898 680 1036 723
switch-left 0.0055 683 897 1031 988
switch-left 0.0038 885 631 1062 741
switch-right 0.1760 900 653 1046 703
switch-right 0.0497 627 902 1046 1064
switch-right 0.0431 884 668 1041 719
switch-right 0.0306 907 627 1051 690
switch-right 0.0022 966 570 1032 608
switch-right 0.0016 986 531 1032 566
switch-unknown 0.0039 994 524 1034 551
switch-unknown 0.0020 975 564 1034 594
switch-unknown 0.0013 1111 560 1177 594
track-sign-front 0.0721 1075 513 1085 536
track-sign-front 0.0387 1075 452 1086 550
track-sign-front 0.0094 1075 523 1088 554
track-sign-front 0.0027 1067 523 1088 562
track-sign-front 0.0019 794 498 809 526
track-sign-front 0.0016 803 495 838 523
track-sign-front 0.0011 1267 484 1294 548
track-signal-front 0.4229 1309 328 1357 378
track-signal-front 0.0035 1303 283 1362 410
track-signal-back 0.0026 875 421 895 494
track-signal-back 0.0013 875 422 895 458
track-signal-back 0.0012 1271 315 1300 418
track-signal-back 0.0012 1301 213 1349 354
pole 0.5949 815 34 857 691
pole 0.3634 947 348 962 557
pole 0.0367 988 411 1004 541
pole 0.0293 977 373 999 547
pole 0.0208 1075 426 1085 543
pole 0.0141 942 346 973 550
pole 0.0047 951 371 966 522
pole 0.0045 877 429 890 519
pole 0.0035 1070 384 1086 549
pole 0.0034 922 345 960 567
pole 0.0028 875 419 898 528
pole 0.0022 987 366 1017 555
pole 0.0022 964 375 1009 549
pole 0.0022 1268 280 1291 575
pole 0.0016 943 441 963 550
pole 0.0014 949 434 990 552
