crossing 0.8210 864 552 948 607
crossing 0.7369 1041 559 1186 613
crossing 0.5307 1235 569 1411 616
crossing 0.0870 1034 554 1131 606
crossing 0.0480 953 484 993 497
crossing 0.0428 883 466 915 490
crossing 0.0405 1293 575 1443 620
crossing 0.0284 883 481 909 497
crossing 0.0241 966 485 1019 500
crossing 0.0211 983 485 1047 502
crossing 0.0174 945 473 993 499
crossing 0.0105 880 457 922 481
crossing 0.0103 921 465 973 492
crossing 0.0102 852 518 957 631
crossing 0.0085 965 475 1012 505
crossing 0.0080 983 545 1163 618
crossing 0.0079 928 480 975 497
crossing 0.0067 1010 487 1064 503
crossing 0.0064 1241 564 1344 605
crossing 0.0056 1007 526 1206 633
crossing 0.0051 1200 526 1467 695
crossing 0.0048 876 484 908 503
crossing 0.0046 872 502 935 577
crossing 0.0040 883 479 944 507
crossing 0.0038 906 550 947 607
crossing 0.0029 1096 568 1200 616
crossing 0.0022 1316 591 1419 626
crossing 0.0016 1200 557 1328 597
crossing 0.0016 1037 490 1094 511
crossing 0.0015 1001 484 1072 508
crossing 0.0010 1063 498 1109 518
crossing 0.0010 1283 582 1390 627
train-car 0.0177 892 446 946 479
train-car 0.0134 919 438 966 479
train-car 0.0074 901 428 941 464
train-car 0.0071 933 421 967 462
train-car 0.0069 939 444 998 477
train-car 0.0025 938 426 989 464
train-car 0.0023 977 451 1000 480
rail 0.9564 724 463 1056 1075
rail 0.9376 930 466 1914 1077
rail 0.0154 883 460 946 490
rail 0.0114 883 465 919 493
rail 0.0077 918 464 971 492
rail 0.0056 880 460 925 481
rail 0.0044 942 471 993 500
rail 0.0029 881 478 948 512
rail 0.0028 882 477 912 503
rail 0.0025 920 477 979 503
rail 0.0023 1219 555 1904 863
rail 0.0019 993 511 1671 830
rail 0.0013 980 480 1047 508
rail 0.0011 964 477 1016 506
switch-indicator 0.0013 1567 514 1604 619
switch-unknown 0.0011 864 447 906 480
track-sign-front 0.2714 1404 507 1433 532
track-sign-front 0.1120 720 496 748 526
track-sign-front 0.0286 1572 517 1613 562
track-sign-front 0.0061 1412 508 1447 536
track-sign-front 0.0034 802 444 817 466
track-sign-front 0.0032 1567 512 1612 599
track-sign-front 0.0025 1405 510 1433 572
track-sign-front 0.0019 716 483 750 518
track-sign-front 0.0014 1406 494 1444 551
track-sign-front 0.0013 1578 505 1608 544
track-signal-front 0.0105 744 437 765 462
track-signal-front 0.0031 721 431 761 469
track-signal-front 0.0014 697 431 723 460
track-signal-front 0.0012 737 435 769 467
track-signal-front 0.0012 1036 418 1054 441
rail-occluder 0.0012 1566 516 1611 618
