guard-rail 0.0017 7 701 314 889
train-car 0.0073 1134 576 1767 798
platform 0.6702 7 578 872 855
platform 0.1205 983 589 1739 882
platform 0.0100 242 580 911 743
platform 0.0096 409 585 895 668
platform 0.0026 1 600 532 799
platform 0.0026 594 586 869 646
platform 0.0019 901 582 1871 1080
rail 0.8831 685 575 1055 1070
rail 0.0094 4 583 648 753
rail 0.0065 -1 648 338 876
rail 0.0055 940 578 976 595
rail 0.0046 926 569 979 593
rail 0.0042 949 572 985 595
rail 0.0037 243 602 862 876
rail 0.0032 1045 560 1751 767
rail 0.0031 -6 612 419 778
rail 0.0014 1253 573 1763 707
rail 0.0013 1388 600 1906 729
rail 0.0010 1 676 198 860
rail 0.0010 0 665 401 1016
rail 0.0010 5 600 352 704
switch-unknown 0.0104 951 579 981 594
track-sign-front 0.1253 579 675 611 698
track-sign-front 0.0056 266 607 283 626
track-sign-front 0.0032 1576 638 1598 723
track-sign-front 0.0030 1576 616 1601 674
track-sign-front 0.0029 1093 553 1107 576
track-sign-front 0.0017 1559 497 1594 541
track-sign-front 0.0016 1584 616 1608 648
track-sign-front 0.0016 1090 554 1110 586
track-sign-front 0.0014 1097 550 1112 574
track-sign-front 0.0011 991 545 1041 599
track-sign-front 0.0011 257 610 281 631
track-signal-front 0.2293 997 501 1015 545
track-signal-front 0.1038 646 511 663 549
track-signal-front 0.0276 997 513 1013 560
track-signal-front 0.0123 871 520 888 551
track-signal-front 0.0027 953 534 986 580
track-signal-front 0.0020 1009 495 1045 560
track-signal-front 0.0015 999 497 1028 563
track-signal-front 0.0014 640 476 658 534
track-signal-back 0.2228 998 502 1016 546
track-signal-back 0.0462 873 518 888 540
track-signal-back 0.0044 999 512 1019 561
fence 0.0045 -2 580 524 821
pole 0.0072 114 442 136 713
pole 0.0034 118 536 138 706
pole 0.0032 907 511 926 594
pole 0.0020 104 427 147 717
pole 0.0019 790 518 806 582
pole 0.0018 870 517 890 558
pole 0.0015 641 507 666 577
pole 0.0015 82 482 161 739
pole 0.0014 789 525 809 611
pole 0.0013 1020 423 1044 599
pole 0.0010 58 543 198 704
