crossing 0.0032 904 598 937 621
guard-rail 0.0019 917 639 973 677
guard-rail 0.0016 952 706 1012 769
rail 0.9595 166 580 899 1076
rail 0.8334 819 577 1151 1077
rail 0.3058 877 684 1088 1078
rail 0.0224 858 685 1041 839
rail 0.0041 860 701 953 1075
rail 0.0039 826 617 1005 1076
rail 0.0037 888 601 1178 885
rail 0.0023 976 735 1066 1074
rail 0.0012 1054 634 1931 1093
switch-left 0.2584 894 702 1001 768
switch-left 0.1025 895 679 995 747
switch-left 0.0759 896 663 984 720
switch-left 0.0024 906 717 1006 790
switch-right 0.2553 889 702 1005 780
switch-right 0.1614 896 666 989 724
switch-right 0.0376 902 655 972 702
switch-right 0.0200 891 694 990 750
switch-right 0.0010 917 643 971 676
switch-static 0.2267 990 696 1056 735
switch-static 0.2236 975 659 1029 687
switch-static 0.0601 973 660 1039 704
switch-static 0.0493 994 696 1092 746
switch-static 0.0183 854 668 901 694
switch-static 0.0133 1012 711 1110 750
switch-static 0.0130 948 651 1010 695
switch-static 0.0112 934 661 1029 711
switch-static 0.0108 983 649 1040 681
switch-static 0.0066 999 656 1053 684
switch-static 0.0058 853 694 902 726
switch-static 0.0043 945 642 995 672
switch-static 0.0033 1044 716 1121 755
switch-static 0.0031 154 893 260 953
switch-static 0.0030 882 675 971 728
switch-static 0.0030 844 673 889 708
switch-static 0.0025 866 654 919 694
switch-static 0.0020 84 897 261 985
switch-static 0.0016 1080 725 1160 763
switch-static 0.0014 1023 681 1103 731
switch-static 0.0014 970 663 1114 770
switch-static 0.0012 1109 732 1165 762
switch-static 0.0010 859 660 924 722
track-sign-front 0.8995 1557 625 1631 751
track-sign-front 0.3879 1028 580 1044 601
track-sign-front 0.0572 697 590 713 611
track-sign-front 0.0280 706 583 730 607
track-sign-front 0.0165 1078 625 1095 659
track-sign-front 0.0159 1022 579 1050 605
track-sign-front 0.0141 694 591 712 629
track-sign-front 0.0075 1028 585 1043 632
track-sign-front 0.0075 732 568 745 601
track-sign-front 0.0054 1029 579 1065 611
track-sign-front 0.0028 692 589 720 616
track-sign-front 0.0028 1020 529 1044 579
track-sign-front 0.0027 1543 502 1634 826
track-sign-front 0.0023 817 529 832 570
track-sign-front 0.0015 984 553 1011 597
track-sign-front 0.0013 689 597 710 646
track-sign-front 0.0010 1011 581 1045 662
track-signal-front 0.5552 1022 484 1053 517
track-signal-front 0.4008 992 500 1007 539
track-signal-front 0.0137 979 496 1000 540
track-signal-front 0.0099 986 497 1014 541
track-signal-front 0.0097 978 495 993 530
track-signal-front 0.0092 1011 448 1031 492
track-signal-front 0.0089 1013 463 1052 527
track-signal-front 0.0017 1014 439 1039 486
track-signal-front 0.0012 1006 482 1067 532
track-signal-front 0.0012 989 457 1029 519
track-signal-back 0.5228 724 489 744 535
track-signal-back 0.0091 860 509 870 536
track-signal-back 0.0079 818 494 828 521
track-signal-back 0.0051 818 494 830 543
track-signal-back 0.0050 860 504 872 526
track-signal-back 0.0035 843 496 868 525
track-signal-back 0.0028 722 494 751 557
track-signal-back 0.0025 720 485 748 520
track-signal-back 0.0024 990 502 1013 569
track-signal-back 0.0022 729 522 745 582
track-signal-back 0.0011 708 492 743 544
