crossing 0.0130 30 877 408 1074
crossing 0.0038 184 834 402 1064
crossing 0.0017 225 879 395 990
crossing 0.0011 239 893 366 942
train-car 0.0547 1710 660 1916 764
train-car 0.0021 1659 678 1873 752
train-car 0.0016 1526 648 1896 778
train-car 0.0011 1842 672 1918 760
rail 0.9215 6 819 405 1079
rail 0.8975 271 804 735 1080
rail 0.0074 686 758 1931 1072
rail 0.0043 1257 788 1867 892
rail 0.0038 1239 770 1915 986
rail 0.0027 463 838 745 1072
rail 0.0024 -2 853 285 1031
rail 0.0023 249 795 1368 1084
rail 0.0020 1489 711 1882 880
rail 0.0019 1346 759 1872 855
rail 0.0015 909 836 1549 1063
rail 0.0015 290 805 715 916
rail 0.0013 374 798 1051 1003
rail 0.0012 247 800 568 875
rail 0.0011 -6 857 166 960
rail 0.0010 791 746 1475 958
track-sign-front 0.4934 650 748 674 780
track-sign-front 0.4518 646 750 676 854
track-sign-front 0.3402 903 811 955 906
track-sign-front 0.0432 1444 688 1466 713
track-sign-front 0.0417 1460 638 1494 672
track-sign-front 0.0301 1346 727 1378 752
track-sign-front 0.0198 548 743 590 788
track-sign-front 0.0134 1323 756 1362 813
track-sign-front 0.0123 22 637 50 664
track-sign-front 0.0095 502 702 527 766
track-sign-front 0.0057 505 744 542 784
track-sign-front 0.0053 628 740 669 847
track-sign-front 0.0051 1445 669 1468 713
track-sign-front 0.0044 512 743 564 788
track-sign-front 0.0040 859 892 890 1003
track-sign-front 0.0035 630 744 670 781
track-sign-front 0.0034 594 746 626 794
track-sign-front 0.0030 459 748 500 787
track-sign-front 0.0022 635 776 687 847
track-sign-front 0.0018 1016 517 1072 576
track-sign-front 0.0018 650 811 682 849
track-sign-front 0.0018 477 720 514 780
track-sign-front 0.0017 146 749 173 791
track-sign-front 0.0017 864 888 919 1002
track-sign-front 0.0017 904 861 945 974
track-sign-front 0.0016 653 743 676 768
track-sign-front 0.0014 1444 689 1473 741
track-sign-front 0.0014 880 828 954 952
track-sign-front 0.0014 1744 26 1917 247
track-sign-front 0.0013 600 735 630 779
track-sign-front 0.0012 208 720 237 774
track-sign-front 0.0012 1749 3 1914 151
track-sign-front 0.0012 1453 631 1508 680
track-sign-front 0.0012 145 729 174 782
track-sign-front 0.0011 1455 621 1496 664
track-signal-front 0.0916 751 676 768 706
track-signal-front 0.0313 28 711 52 743
track-signal-front 0.0292 505 702 521 738
track-signal-front 0.0119 747 636 768 672
track-signal-front 0.0092 740 678 767 731
track-signal-front 0.0055 510 704 527 737
track-signal-front 0.0051 1311 507 1383 652
track-signal-front 0.0049 749 650 771 700
track-signal-front 0.0049 744 670 772 710
track-signal-front 0.0030 26 703 49 728
track-signal-front 0.0024 723 695 758 745
track-signal-front 0.0021 1017 517 1074 581
track-signal-front 0.0020 744 641 773 719
track-signal-front 0.0018 641 698 665 735
track-signal-front 0.0015 747 670 781 763
track-signal-front 0.0013 1310 399 1390 786
track-signal-front 0.0011 1361 527 1393 575
track-signal-front 0.0011 495 699 522 741
track-signal-front 0.0010 738 634 763 669
track-signal-back 0.2181 1759 136 1920 527
track-signal-back 0.0177 187 661 220 711
track-signal-back 0.0105 1293 511 1364 641
track-signal-back 0.0073 1754 141 1863 246
track-signal-back 0.0066 1748 111 1916 348
track-signal-back 0.0035 1293 527 1336 635
track-signal-back 0.0028 1818 193 1925 488
track-signal-back 0.0027 181 635 217 731
track-signal-back 0.0012 1761 165 1877 408
track-signal-back 0.0010 1296 467 1388 687
person 0.7328 1148 747 1204 899
person 0.7128 1733 747 1807 946
person 0.6639 1866 745 1922 1051
person 0.2124 1103 724 1138 789
person 0.1592 1740 739 1773 792
person 0.0585 1739 734 1781 839
person 0.0380 426 747 453 814
person 0.0337 1887 757 1920 902
person 0.0309 1607 696 1640 754
person 0.0271 1760 767 1822 943
person 0.0243 1321 750 1351 811
person 0.0204 1727 732 1786 799
person 0.0176 786 734 823 803
person 0.0138 413 745 447 812
person 0.0123 1617 685 1652 753
person 0.0093 1705 746 1770 939
person 0.0088 1826 746 1917 996
person 0.0088 1320 741 1371 819
person 0.0076 442 747 474 818
person 0.0072 1554 717 1571 748
person 0.0067 1729 738 1882 1039
person 0.0061 385 751 421 808
person 0.0060 991 714 1031 782
person 0.0058 1871 880 1919 1029
person 0.0055 351 754 381 809
person 0.0047 1889 729 1920 829
person 0.0038 290 760 316 806
person 0.0038 1633 684 1657 728
person 0.0032 31 709 56 759
person 0.0029 1104 713 1133 765
person 0.0028 1705 689 1840 810
person 0.0028 1890 713 1919 774
person 0.0027 1712 710 1840 960
person 0.0026 295 756 336 810
person 0.0025 1547 713 1568 747
person 0.0024 1092 704 1148 814
person 0.0024 720 716 756 779
person 0.0024 539 740 594 804
person 0.0022 328 752 371 811
person 0.0021 594 747 625 796
person 0.0019 732 738 765 791
person 0.0019 976 722 1021 787
person 0.0018 1635 692 1667 749
person 0.0018 941 714 985 779
person 0.0018 934 716 966 777
person 0.0018 356 757 434 810
person 0.0016 1878 818 1921 966
person 0.0016 140 756 174 816
person 0.0016 1591 695 1628 752
person 0.0016 154 764 197 844
person 0.0016 223 774 259 855
person 0.0015 1122 755 1235 901
person 0.0014 566 749 607 815
person 0.0014 389 751 462 809
person 0.0013 1856 864 1915 1099
person 0.0012 798 720 835 787
person 0.0012 1627 736 1823 879
person 0.0011 1317 724 1354 782
person 0.0011 1313 707 1381 845
person 0.0011 781 719 836 816
person 0.0010 1711 692 1913 778
person 0.0010 166 760 256 861
person 0.0010 459 749 502 824
person 0.0010 1804 755 1958 1091
pole 0.0051 1448 810 1533 1067
pole 0.0050 180 246 212 867
pole 0.0037 1319 387 1397 1066
pole 0.0032 1293 72 1383 987
pole 0.0032 169 129 232 914
pole 0.0017 1324 680 1385 870
pole 0.0012 1313 491 1380 934
pole 0.0012 1330 729 1397 995
rail-occluder 0.0082 1440 816 1536 1067
rail-occluder 0.0017 1334 801 1484 1031
rail-occluder 0.0016 1250 799 1564 1036
rail-occluder 0.0014 1440 830 1519 947
