crossing 0.5322 962 493 1004 522
crossing 0.0310 961 462 999 510
crossing 0.0056 945 485 1005 528
crossing 0.0037 975 487 1022 524
rail 0.9498 829 455 1139 1074
rail 0.0224 955 456 994 485
rail 0.0221 961 463 999 514
rail 0.0191 968 456 1003 482
rail 0.0080 1248 470 1896 569
rail 0.0074 955 481 1005 524
rail 0.0041 1319 486 1904 623
rail 0.0023 996 427 1834 587
rail 0.0019 1104 450 1896 662
rail 0.0013 929 458 990 498
rail 0.0011 1608 514 1921 658
track-sign-front 0.8207 1221 501 1275 558
track-sign-front 0.5226 1143 494 1160 527
track-sign-front 0.1419 874 438 894 465
track-sign-front 0.0458 801 475 821 505
track-sign-front 0.0278 1145 458 1160 537
track-sign-front 0.0253 1176 719 1203 746
track-sign-front 0.0182 844 471 861 498
track-sign-front 0.0124 1077 475 1092 515
track-sign-front 0.0113 702 503 725 536
track-sign-front 0.0106 740 389 764 414
track-sign-front 0.0090 860 437 899 502
track-sign-front 0.0081 1218 473 1277 585
track-sign-front 0.0069 1142 504 1157 585
track-sign-front 0.0061 1214 478 1262 504
track-sign-front 0.0056 846 457 865 491
track-sign-front 0.0040 1138 463 1161 569
track-sign-front 0.0037 1081 492 1100 533
track-sign-front 0.0037 795 472 833 507
track-sign-front 0.0036 1143 534 1157 620
track-sign-front 0.0027 954 408 971 461
track-sign-front 0.0027 746 475 765 502
track-sign-front 0.0021 1143 490 1197 528
track-sign-front 0.0020 1067 450 1091 510
track-sign-front 0.0019 1084 485 1111 530
track-sign-front 0.0015 1080 575 1098 598
track-sign-front 0.0015 896 432 948 485
track-sign-front 0.0014 1419 412 1441 438
track-sign-front 0.0012 930 426 981 488
track-sign-front 0.0011 1195 478 1246 506
track-sign-front 0.0010 798 432 819 502
track-sign-front 0.0010 1030 432 1059 482
track-sign-front 0.0010 1071 434 1091 486
track-signal-front 0.0711 874 437 896 466
track-signal-front 0.0089 1110 283 1161 362
track-signal-front 0.0071 955 404 968 435
track-signal-front 0.0029 861 361 877 387
track-signal-front 0.0021 951 405 969 459
track-signal-back 0.6416 1110 292 1163 373
track-signal-back 0.0023 1119 375 1161 411
track-signal-back 0.0017 1134 384 1164 423
track-signal-back 0.0012 1101 382 1128 426
person 0.0099 801 474 825 511
person 0.0019 838 468 862 508
pole 0.0022 1135 444 1159 552
pole 0.0020 1413 418 1434 505
pole 0.0015 1604 426 1625 531
pole 0.0015 1411 439 1428 512
rail-occluder 0.0014 1778 524 1913 672
