guard-rail 0.0446 628 516 734 553
guard-rail 0.0145 602 521 715 561
guard-rail 0.0103 -3 716 253 969
guard-rail 0.0083 587 499 767 560
guard-rail 0.0080 -1 774 159 921
guard-rail 0.0054 872 428 946 460
guard-rail 0.0053 849 433 900 459
guard-rail 0.0036 -3 798 95 911
guard-rail 0.0033 -15 648 233 791
guard-rail 0.0027 475 526 562 558
guard-rail 0.0023 -1 702 132 788
guard-rail 0.0023 -4 740 95 862
guard-rail 0.0021 1098 451 1170 476
guard-rail 0.0020 324 603 422 643
guard-rail 0.0019 -6 722 177 868
guard-rail 0.0019 812 426 829 459
guard-rail 0.0017 -1 845 86 926
guard-rail 0.0017 822 436 885 459
guard-rail 0.0016 638 499 722 530
guard-rail 0.0016 419 551 521 591
guard-rail 0.0015 -3 725 90 808
guard-rail 0.0014 542 506 630 537
guard-rail 0.0012 1162 455 1220 478
guard-rail 0.0010 1112 455 1192 480
guard-rail 0.0010 803 425 828 466
guard-rail 0.0010 321 616 416 664
guard-rail 0.0010 685 508 757 543
guard-rail 0.0010 540 561 628 605
guard-rail 0.0010 0 714 83 777
train-car 0.0945 918 328 966 371
train-car 0.0232 698 320 781 367
train-car 0.0145 914 337 1006 378
train-car 0.0043 947 345 1028 385
train-car 0.0026 950 323 1025 370
train-car 0.0019 658 323 786 381
train-car 0.0014 915 288 974 407
rail 0.9110 653 378 1076 1069
rail 0.7732 0 403 926 992
rail 0.7346 974 384 1663 874
rail 0.7024 1060 403 1659 622
rail 0.4932 907 397 1016 449
rail 0.4352 0 499 676 887
rail 0.2430 -3 625 406 937
rail 0.1749 1220 460 1740 629
rail 0.1742 906 414 987 453
rail 0.1633 957 396 1174 461
rail 0.1428 3 409 840 724
rail 0.1387 1344 472 1652 591
rail 0.1371 1406 489 1914 649
rail 0.0814 -10 559 465 792
rail 0.0786 1037 408 1177 464
rail 0.0778 921 381 1011 424
rail 0.0588 909 381 1095 456
rail 0.0559 10 595 600 1073
rail 0.0538 907 396 959 438
rail 0.0534 908 373 990 442
rail 0.0506 1448 34 1953 1022
rail 0.0505 1431 312 1945 822
rail 0.0412 1042 267 1638 691
rail 0.0386 942 386 1088 434
rail 0.0362 1068 406 1878 746
rail 0.0295 -4 472 500 622
rail 0.0280 -3 504 390 686
rail 0.0272 0 624 329 802
rail 0.0271 999 395 1125 452
rail 0.0210 943 392 1023 430
rail 0.0205 1077 424 1174 459
rail 0.0201 924 376 1209 480
rail 0.0188 417 514 678 663
rail 0.0171 1043 435 1898 1025
rail 0.0155 -1 680 207 886
rail 0.0149 909 374 953 415
rail 0.0137 982 423 1039 454
rail 0.0129 932 380 1531 574
rail 0.0127 1039 399 1264 471
rail 0.0114 885 368 1034 478
rail 0.0114 219 491 690 742
rail 0.0108 -3 703 260 980
rail 0.0106 103 637 398 851
rail 0.0100 881 401 965 450
rail 0.0098 322 398 1032 717
rail 0.0093 1450 494 1680 597
rail 0.0091 972 378 1060 422
rail 0.0089 452 400 974 595
rail 0.0079 -2 472 338 580
rail 0.0078 1410 530 1670 614
rail 0.0077 1100 419 1210 459
rail 0.0057 1101 434 1208 469
rail 0.0053 -5 500 258 606
rail 0.0044 289 551 590 742
rail 0.0044 0 550 251 653
rail 0.0043 370 465 807 717
rail 0.0043 -5 665 181 786
rail 0.0042 1453 469 1677 559
rail 0.0039 856 389 951 431
rail 0.0038 903 333 995 472
rail 0.0038 197 587 498 808
rail 0.0036 873 418 950 449
rail 0.0034 39 690 356 880
rail 0.0033 9 798 226 1070
rail 0.0033 1023 397 1424 515
rail 0.0033 875 371 948 406
rail 0.0033 432 546 595 642
rail 0.0029 225 452 852 840
rail 0.0029 1290 162 1547 699
rail 0.0029 1486 510 1647 583
rail 0.0029 1000 378 1305 493
rail 0.0028 1254 562 1708 935
rail 0.0028 911 369 1265 560
rail 0.0025 151 608 403 738
rail 0.0025 274 583 505 704
rail 0.0025 965 419 1095 465
rail 0.0024 503 535 671 628
rail 0.0024 -3 707 96 813
rail 0.0023 1000 370 1122 424
rail 0.0022 1257 461 1592 563
rail 0.0022 1136 438 1232 469
rail 0.0022 -11 483 180 575
rail 0.0021 1333 496 1898 798
rail 0.0020 20 526 336 619
rail 0.0020 800 421 1012 493
rail 0.0019 18 710 425 1117
rail 0.0018 168 624 450 976
rail 0.0017 1282 490 1617 644
rail 0.0017 1472 531 1817 623
rail 0.0016 1018 362 1226 449
rail 0.0016 1146 3 1621 767
rail 0.0016 1437 487 1609 572
rail 0.0016 1345 447 1654 543
rail 0.0015 1380 509 1953 1033
rail 0.0015 832 336 1055 548
rail 0.0015 1583 456 1922 857
rail 0.0014 0 705 163 829
rail 0.0014 -4 405 433 567
rail 0.0014 -2 729 98 876
rail 0.0014 2 563 172 633
rail 0.0013 197 549 437 730
rail 0.0013 893 441 1424 946
rail 0.0013 1555 511 1937 709
rail 0.0012 1074 442 1233 494
rail 0.0012 -1 360 144 643
rail 0.0012 558 351 870 537
rail 0.0012 1486 489 1805 577
rail 0.0011 33 940 192 1089
rail 0.0011 1269 439 1470 600
rail 0.0010 867 336 1179 517
rail 0.0010 217 622 379 771
rail 0.0010 1349 596 1606 900
switch-indicator 0.5673 358 479 391 561
switch-indicator 0.0692 1221 424 1237 451
switch-indicator 0.0665 996 427 1026 454
switch-indicator 0.0421 813 409 825 433
switch-indicator 0.0356 340 477 402 570
switch-indicator 0.0141 293 472 451 587
switch-indicator 0.0114 1222 418 1237 439
switch-indicator 0.0106 811 406 827 447
switch-indicator 0.0077 363 479 384 522
switch-indicator 0.0035 1207 422 1249 456
switch-indicator 0.0033 686 424 713 446
switch-indicator 0.0032 50 943 173 1065
switch-indicator 0.0026 358 519 407 561
switch-indicator 0.0021 693 410 716 441
switch-indicator 0.0020 298 514 390 561
switch-indicator 0.0020 862 400 896 432
switch-indicator 0.0016 1190 432 1241 467
switch-indicator 0.0014 1222 416 1259 453
switch-indicator 0.0014 998 424 1060 459
switch-indicator 0.0014 370 504 449 561
switch-indicator 0.0012 838 395 887 431
switch-indicator 0.0011 825 406 890 463
switch-left 0.1017 903 422 970 453
switch-left 0.0568 1066 429 1138 458
switch-left 0.0116 423 547 560 594
switch-left 0.0112 553 515 721 571
switch-left 0.0046 328 596 460 640
switch-left 0.0040 519 537 623 591
switch-left 0.0036 1081 445 1164 478
switch-left 0.0020 370 569 515 624
switch-left 0.0018 485 537 589 590
switch-left 0.0015 280 601 419 651
switch-left 0.0013 301 611 436 673
switch-right 0.1930 904 423 964 453
switch-right 0.0941 1074 431 1153 464
switch-right 0.0780 475 526 638 586
switch-right 0.0599 527 513 636 548
switch-right 0.0394 521 516 660 570
switch-right 0.0271 575 512 723 562
switch-right 0.0253 454 530 588 575
switch-right 0.0154 483 520 602 561
switch-right 0.0142 418 546 564 595
switch-right 0.0139 520 542 646 591
switch-right 0.0088 356 531 575 628
switch-right 0.0061 321 595 466 641
switch-right 0.0042 379 550 518 597
switch-right 0.0037 343 578 495 632
switch-right 0.0032 1081 444 1165 478
switch-right 0.0030 1105 436 1204 469
switch-right 0.0023 270 599 426 653
switch-right 0.0021 286 606 450 678
switch-right 0.0016 870 431 948 458
switch-right 0.0013 560 498 673 537
switch-right 0.0012 520 504 614 539
switch-right 0.0012 584 487 689 527
switch-unknown 0.0835 1054 424 1137 452
switch-unknown 0.0488 913 380 979 415
switch-unknown 0.0413 1034 417 1107 445
switch-unknown 0.0394 1004 407 1137 451
switch-unknown 0.0271 1003 395 1074 430
switch-unknown 0.0265 911 377 951 409
switch-unknown 0.0203 1028 407 1095 438
switch-unknown 0.0181 982 393 1054 421
switch-unknown 0.0121 990 381 1047 416
switch-unknown 0.0099 949 378 1026 416
switch-unknown 0.0081 1088 428 1162 458
switch-unknown 0.0074 1007 379 1070 417
switch-unknown 0.0046 1113 440 1195 468
switch-static 0.1081 990 434 1022 453
switch-static 0.1038 1109 678 1209 742
switch-static 0.0671 1153 563 1202 599
switch-static 0.0486 1100 641 1180 694
switch-static 0.0313 1102 655 1194 727
switch-static 0.0275 953 409 1024 455
switch-static 0.0165 291 525 361 563
switch-static 0.0136 468 485 514 509
switch-static 0.0112 856 407 899 446
switch-static 0.0111 862 404 893 428
switch-static 0.0100 1081 627 1169 683
switch-static 0.0085 877 418 946 451
switch-static 0.0074 694 423 717 441
switch-static 0.0074 1123 425 1187 455
switch-static 0.0056 1005 427 1052 456
switch-static 0.0051 273 536 348 571
switch-static 0.0044 1060 657 1203 755
switch-static 0.0042 1193 433 1242 468
switch-static 0.0038 866 387 939 429
switch-static 0.0037 1150 444 1220 468
switch-static 0.0036 647 591 678 617
switch-static 0.0036 358 519 408 564
switch-static 0.0035 371 536 457 564
switch-static 0.0031 640 442 680 466
switch-static 0.0031 20 929 171 1067
switch-static 0.0030 443 486 512 514
switch-static 0.0027 1153 557 1210 584
switch-static 0.0025 1124 541 1275 615
switch-static 0.0024 470 485 537 517
switch-static 0.0023 1147 428 1214 459
switch-static 0.0023 692 421 741 443
switch-static 0.0021 1147 557 1244 601
switch-static 0.0017 1505 569 1542 599
switch-static 0.0015 300 514 390 562
switch-static 0.0015 260 548 340 582
switch-static 0.0015 462 518 530 551
switch-static 0.0014 1178 458 1243 480
switch-static 0.0013 637 591 685 625
switch-static 0.0011 358 559 438 594
switch-static 0.0011 1450 558 1598 610
switch-static 0.0011 1089 614 1178 668
switch-static 0.0010 78 948 186 1058
switch-static 0.0010 1102 666 1224 771
track-sign-front 0.0012 292 204 322 233
track-sign-front 0.0010 24 885 184 1056
track-signal-back 0.0227 0 184 94 335
track-signal-back 0.0020 891 264 905 329
track-signal-back 0.0015 0 162 84 448
pole 0.4286 1299 -13 1411 759
pole 0.2154 1634 -33 1917 1052
pole 0.0155 1 148 47 705
pole 0.0091 890 228 907 411
pole 0.0078 1263 -48 1502 887
pole 0.0068 1282 265 1386 676
pole 0.0020 -1 362 23 650
pole 0.0020 1276 225 1294 444
pole 0.0017 2 166 87 762
pole 0.0013 1156 198 1179 433
pole 0.0012 1198 -19 1396 764
pole 0.0011 687 158 716 424
pole 0.0011 1315 114 1463 724
