crossing 0.0014 1008 583 1046 611
train-car 0.0018 1017 579 1062 614
platform 0.9415 1042 609 1902 1077
platform 0.6881 0 607 984 1064
platform 0.0044 265 622 937 901
platform 0.0016 11 723 658 1005
platform 0.0013 39 757 648 874
rail 0.9552 996 592 1243 1071
rail 0.9406 347 596 1000 1078
rail 0.0462 1302 629 1902 772
rail 0.0036 1475 659 1931 830
rail 0.0023 17 759 636 925
rail 0.0016 1190 618 1921 932
rail 0.0015 1221 618 1818 725
rail 0.0015 1471 629 1920 729
rail 0.0013 1581 639 1899 788
track-sign-front 0.2772 545 573 563 601
track-sign-front 0.0619 796 581 810 603
track-sign-front 0.0529 1311 577 1330 608
track-sign-front 0.0080 1100 569 1120 588
track-sign-front 0.0073 844 569 863 596
track-sign-front 0.0067 0 568 30 614
track-sign-front 0.0050 847 569 871 591
track-sign-front 0.0048 798 580 816 612
track-sign-front 0.0036 1313 576 1331 655
track-sign-front 0.0029 548 540 563 597
track-sign-front 0.0026 799 586 811 633
track-sign-front 0.0017 547 498 564 637
track-sign-front 0.0016 1858 998 1919 1081
track-sign-front 0.0016 1102 564 1143 595
track-sign-front 0.0014 735 538 759 562
track-sign-front 0.0014 792 581 809 611
track-sign-front 0.0013 1095 543 1128 593
track-sign-front 0.0013 806 561 846 602
track-sign-front 0.0012 843 546 863 590
track-sign-front 0.0010 846 566 878 613
track-sign-front 0.0010 718 531 750 569
track-signal-front 0.0093 1102 571 1126 595
track-signal-front 0.0026 979 552 1003 577
track-signal-front 0.0021 1021 573 1055 606
track-signal-front 0.0012 973 551 1016 591
person 0.0054 1103 571 1126 614
person 0.0020 1105 584 1126 638
person 0.0011 1861 945 1919 1081
person 0.0010 1108 568 1150 639
pole 0.0096 1789 679 1827 914
pole 0.0075 1761 116 1827 992
pole 0.0035 656 371 674 688
pole 0.0032 1781 665 1835 1047
pole 0.0024 1771 149 1815 799
pole 0.0019 1795 705 1820 842
pole 0.0013 1713 81 1850 899
pole 0.0012 1772 563 1831 877
pole 0.0012 1314 376 1333 682
pole 0.0012 1240 360 1259 658
pole 0.0010 1743 268 1815 850
pole 0.0010 659 403 683 694
