guard-rail 0.0016 71 782 285 854
train-car 0.3256 1276 507 1929 786
train-car 0.2914 1422 625 1579 883
train-car 0.0511 867 560 1942 859
train-car 0.0161 1340 435 1675 795
train-car 0.0073 1554 521 1910 813
train-car 0.0045 1797 430 1916 814
train-car 0.0031 1422 497 1611 810
train-car 0.0030 1535 557 1804 769
train-car 0.0021 1517 558 1695 719
train-car 0.0019 1320 572 1421 779
train-car 0.0017 969 552 1636 759
train-car 0.0016 1175 587 1467 771
train-car 0.0016 1349 515 1469 810
train-car 0.0014 1384 483 1523 833
train-car 0.0010 1606 527 1727 805
platform 0.8820 811 660 1901 1077
platform 0.4501 -5 655 675 849
platform 0.0670 3 636 631 744
platform 0.0024 303 632 347 734
platform 0.0022 850 594 1535 905
platform 0.0014 217 663 410 772
rail 0.9409 787 649 1067 1074
rail 0.9245 8 659 762 1078
rail 0.3769 0 672 659 914
rail 0.0153 1622 696 1915 1075
rail 0.0076 -1 713 362 871
rail 0.0053 0 769 271 915
rail 0.0053 -23 657 478 753
rail 0.0047 24 631 635 719
rail 0.0042 -16 740 457 936
rail 0.0023 1 735 152 898
rail 0.0020 0 631 328 782
rail 0.0015 40 779 268 860
rail 0.0011 47 760 312 837
rail 0.0010 8 709 221 832
rail 0.0010 0 816 139 946
switch-indicator 0.0054 112 750 133 773
switch-indicator 0.0015 103 749 136 779
track-sign-front 0.0026 32 622 58 688
track-sign-front 0.0021 38 639 60 693
track-signal-front 0.3995 770 608 780 627
track-signal-front 0.2736 732 608 743 625
track-signal-front 0.2357 813 605 825 625
track-signal-front 0.0808 741 608 781 632
track-signal-front 0.0626 807 606 828 629
track-signal-front 0.0267 730 604 745 633
track-signal-front 0.0115 769 613 780 642
track-signal-front 0.0043 769 578 782 609
track-signal-front 0.0041 841 586 868 622
track-signal-front 0.0031 639 603 656 635
track-signal-front 0.0018 631 597 655 642
track-signal-front 0.0014 819 585 871 646
track-signal-front 0.0014 714 606 739 630
track-signal-front 0.0013 638 582 664 641
track-signal-front 0.0013 513 585 541 671
person-group 0.6126 1045 630 1238 761
person-group 0.4010 1431 642 1572 893
person-group 0.0956 1231 637 1330 825
person-group 0.0735 1091 626 1304 784
person-group 0.0662 1036 630 1110 734
person-group 0.0601 1004 628 1184 738
person-group 0.0545 1129 623 1419 822
person-group 0.0254 1012 611 1533 842
person-group 0.0089 1098 599 1860 966
person-group 0.0084 961 626 1112 736
person-group 0.0037 1182 617 1350 778
person-group 0.0024 1585 629 1930 963
person-group 0.0012 1328 564 2028 1010
person 0.6770 1650 656 1738 902
person 0.6204 1435 634 1569 902
person 0.6043 977 633 1015 719
person 0.3403 1265 655 1331 829
person 0.2757 1360 663 1418 838
person 0.1965 1832 662 1920 958
person 0.1309 1221 635 1287 804
person 0.1177 1040 631 1102 735
person 0.1080 1739 649 1818 827
person 0.0845 1030 628 1163 749
person 0.0822 1705 654 1807 864
person 0.0431 1728 665 1921 1039
person 0.0418 1633 655 1798 927
person 0.0359 1380 653 1460 851
person 0.0306 1848 646 1920 802
person 0.0251 1409 640 1496 886
person 0.0225 316 630 341 695
person 0.0218 976 626 1101 737
person 0.0191 1762 642 1836 790
person 0.0173 1089 637 1182 755
person 0.0158 1329 634 1373 772
person 0.0152 1719 636 1783 823
person 0.0130 1295 646 1360 802
person 0.0130 1181 623 1309 830
person 0.0125 1874 642 1921 769
person 0.0122 1869 718 1922 994
person 0.0122 1139 634 1272 764
person 0.0084 1345 635 1409 777
person 0.0078 1490 627 1577 873
person 0.0074 1873 651 1922 894
person 0.0073 1230 628 1327 792
person 0.0069 1770 717 1909 960
person 0.0066 1791 562 1918 873
person 0.0063 1368 633 1428 782
person 0.0060 1845 490 1920 851
person 0.0056 943 642 971 692
person 0.0052 1226 633 1276 745
person 0.0051 1832 665 1906 774
person 0.0048 1319 652 1402 827
person 0.0043 1757 635 1855 896
person 0.0041 1219 674 1266 796
person 0.0041 1126 652 1198 759
person 0.0040 1597 640 1758 1041
person 0.0039 1305 554 1791 861
person 0.0038 1176 654 1242 770
person 0.0036 1742 566 1858 803
person 0.0034 1779 655 1880 782
person 0.0034 1037 647 1223 779
person 0.0031 1155 650 1221 765
person 0.0028 1825 769 1914 912
person 0.0025 951 621 999 701
person 0.0024 1676 643 1757 829
person 0.0021 1314 621 1369 736
person 0.0021 1278 664 1355 855
person 0.0020 1650 676 1717 818
person 0.0018 1335 582 1381 725
person 0.0017 1322 560 1420 784
person 0.0016 1276 599 1377 759
person 0.0016 1344 701 1400 832
person 0.0014 1843 732 1920 864
person 0.0014 1531 637 1584 896
person 0.0012 1829 614 1905 745
person 0.0011 1064 644 1133 766
person 0.0011 1256 636 1317 727
person 0.0010 1610 539 1730 859
person 0.0010 1347 566 1400 735
person 0.0010 1764 628 1816 741
person 0.0010 1274 641 1330 718
person 0.0010 1390 618 1454 790
pole 0.2129 319 459 336 698
pole 0.1378 384 471 402 699
pole 0.0709 1477 363 1517 756
pole 0.0521 271 490 288 684
pole 0.0267 388 532 400 680
pole 0.0199 317 446 360 704
pole 0.0195 1818 334 1870 805
pole 0.0178 45 463 63 744
pole 0.0174 408 481 428 691
pole 0.0167 397 503 421 687
pole 0.0151 1463 392 1535 825
pole 0.0146 1800 350 1913 864
pole 0.0128 277 465 300 690
pole 0.0119 459 561 471 673
pole 0.0117 110 443 135 716
pole 0.0102 1362 320 1411 796
pole 0.0085 336 492 395 717
pole 0.0082 35 409 77 827
pole 0.0078 415 537 440 672
pole 0.0075 100 430 138 798
pole 0.0070 1827 374 1857 682
pole 0.0070 1126 427 1146 724
pole 0.0069 321 525 333 674
pole 0.0064 1489 387 1525 670
pole 0.0062 384 560 397 686
pole 0.0060 255 498 274 692
pole 0.0049 34 496 60 750
pole 0.0048 1366 360 1449 861
pole 0.0034 70 411 134 899
pole 0.0034 22 435 103 877
pole 0.0032 1335 399 1421 836
pole 0.0031 420 548 465 680
pole 0.0028 573 567 590 675
pole 0.0028 18 470 67 850
pole 0.0024 319 580 337 689
pole 0.0023 729 607 746 653
pole 0.0022 45 472 95 773
pole 0.0022 259 529 287 703
pole 0.0021 419 524 433 645
pole 0.0020 1777 373 1876 768
pole 0.0020 384 498 399 632
pole 0.0019 455 596 474 684
pole 0.0017 571 525 594 687
pole 0.0016 47 538 62 677
pole 0.0016 967 438 992 715
pole 0.0015 220 508 423 716
pole 0.0014 513 585 533 668
pole 0.0014 1110 453 1141 750
pole 0.0014 368 524 421 699
pole 0.0012 312 628 361 728
pole 0.0012 517 610 536 674
pole 0.0012 34 577 68 815
pole 0.0012 1089 524 1167 767
pole 0.0011 1309 302 1482 773
pole 0.0010 272 518 306 727
pole 0.0010 412 619 431 669
pole 0.0010 310 414 341 668
rail-occluder 0.0098 101 791 124 879
rail-occluder 0.0034 51 769 177 873
rail-occluder 0.0026 12 785 140 905
rail-occluder 0.0022 99 750 125 852
rail-occluder 0.0020 92 793 139 876
rail-occluder 0.0020 319 626 340 685
rail-occluder 0.0016 29 780 71 845
rail-occluder 0.0015 80 794 130 917
rail-occluder 0.0011 45 793 129 882
rail-occluder 0.0010 538 712 565 735
