crossing 0.0011 867 788 1081 888
platform 0.5605 1239 731 1920 912
platform 0.4974 382 731 871 921
platform 0.1346 7 708 868 979
platform 0.0097 605 739 883 937
platform 0.0043 984 684 1909 954
platform 0.0037 1060 699 1911 839
platform 0.0028 1531 758 1922 956
platform 0.0015 27 577 823 905
platform 0.0015 1421 765 1706 853
platform 0.0014 1204 730 1738 801
rail 0.9403 819 742 1148 1077
rail 0.8546 1085 729 1923 1077
rail 0.0173 870 732 965 758
rail 0.0138 909 736 1032 761
rail 0.0051 857 736 948 771
rail 0.0043 886 741 946 760
rail 0.0043 903 738 1073 775
rail 0.0020 857 729 1021 778
rail 0.0020 846 727 913 759
rail 0.0018 854 722 949 750
rail 0.0018 921 723 1104 758
rail 0.0013 1469 764 1912 1028
rail 0.0013 1623 909 1921 1072
rail 0.0012 912 731 1130 789
rail 0.0010 999 723 1181 751
switch-unknown 0.0053 927 736 1011 754
switch-unknown 0.0029 910 733 983 754
switch-unknown 0.0017 927 742 1016 763
switch-unknown 0.0016 854 729 904 753
track-sign-front 0.0746 996 554 1027 582
track-sign-front 0.0217 1079 604 1098 631
track-sign-front 0.0056 960 659 981 699
track-sign-front 0.0042 1000 592 1028 623
track-sign-front 0.0027 1081 604 1108 636
track-sign-front 0.0025 504 176 540 208
track-sign-front 0.0025 501 166 533 202
track-sign-front 0.0023 961 652 980 684
track-sign-front 0.0018 993 548 1030 598
track-sign-front 0.0017 675 388 726 500
track-sign-front 0.0014 1004 554 1039 587
track-signal-front 0.5731 456 204 543 408
track-signal-front 0.3819 1434 601 1454 654
track-signal-front 0.2749 1271 449 1292 500
track-signal-front 0.1853 457 208 541 313
track-signal-front 0.0572 1430 585 1457 663
track-signal-front 0.0522 677 417 737 515
track-signal-front 0.0298 1156 122 1191 161
track-signal-front 0.0157 674 419 709 509
track-signal-front 0.0130 473 271 540 415
track-signal-front 0.0129 1434 593 1477 655
track-signal-front 0.0082 1411 527 1460 595
track-signal-front 0.0079 -1 891 27 1023
track-signal-front 0.0071 1395 521 1459 566
track-signal-front 0.0067 1249 445 1295 497
track-signal-front 0.0049 489 392 675 519
track-signal-front 0.0049 1267 453 1296 522
track-signal-front 0.0034 449 261 515 443
track-signal-front 0.0031 1429 565 1457 606
track-signal-front 0.0030 462 193 579 341
track-signal-front 0.0030 1082 527 1101 551
track-signal-front 0.0028 1230 453 1269 500
track-signal-front 0.0028 1449 589 1488 678
track-signal-front 0.0024 1144 111 1187 166
track-signal-front 0.0022 1000 595 1030 628
track-signal-front 0.0022 1435 628 1455 684
track-signal-front 0.0019 1469 591 1494 655
track-signal-front 0.0019 1456 576 1485 654
track-signal-front 0.0019 506 389 638 482
track-signal-front 0.0018 651 436 682 500
track-signal-front 0.0016 594 407 717 522
track-signal-front 0.0016 468 186 549 272
track-signal-front 0.0016 1413 559 1455 608
track-signal-front 0.0015 997 555 1034 616
track-signal-front 0.0013 1243 443 1295 539
track-signal-front 0.0011 459 184 624 424
track-signal-front 0.0010 1 888 26 964
track-signal-back 0.0272 1157 123 1193 160
person 0.6634 222 594 307 787
person 0.0200 1000 651 1024 740
person 0.0040 212 623 279 767
person 0.0034 240 595 298 716
person 0.0033 959 659 981 718
person 0.0032 252 637 322 787
person 0.0018 989 676 1028 751
person 0.0017 821 684 848 742
person 0.0013 969 643 1018 732
person 0.0011 279 623 332 770
pole 0.0010 -1 913 17 1092
