crossing 0.6462 1418 687 1794 832
crossing 0.5541 908 697 1138 812
crossing 0.2962 1283 615 1832 866
crossing 0.0636 1517 740 1803 837
crossing 0.0169 1424 676 1686 794
crossing 0.0119 1352 561 1903 991
crossing 0.0056 851 643 1123 910
crossing 0.0031 1502 701 1688 817
crossing 0.0023 1586 763 1821 852
crossing 0.0017 901 767 1140 842
crossing 0.0015 843 696 1222 1064
crossing 0.0012 778 563 1169 1000
crossing 0.0012 964 706 1078 802
crossing 0.0011 897 705 1205 861
rail 0.9062 840 417 1248 1072
rail 0.9059 1170 429 1913 1068
rail 0.0666 883 563 1204 946
rail 0.0043 1383 637 1910 1040
switch-indicator 0.0010 1112 447 1131 486
switch-static 0.0164 1402 575 1462 600
switch-static 0.0087 869 555 917 578
switch-static 0.0077 1416 578 1474 610
switch-static 0.0051 1369 564 1444 593
switch-static 0.0038 1349 550 1401 575
switch-static 0.0023 1128 517 1158 543
switch-static 0.0019 1433 591 1492 626
switch-static 0.0019 1340 548 1384 572
switch-static 0.0014 1130 527 1165 552
switch-static 0.0011 1380 573 1444 602
switch-static 0.0011 1009 430 1037 455
track-sign-front 0.0238 1263 461 1274 481
track-sign-front 0.0205 1702 431 1771 487
track-sign-front 0.0165 1262 442 1276 487
track-sign-front 0.0119 1768 594 1793 630
track-sign-front 0.0091 1718 588 1745 628
track-sign-front 0.0056 400 483 420 511
track-sign-front 0.0026 1007 427 1033 447
track-sign-front 0.0024 1012 430 1050 448
track-sign-front 0.0017 1708 584 1747 644
track-sign-front 0.0013 1703 435 1773 533
track-sign-front 0.0010 1729 585 1795 654
track-signal-back 0.2920 1266 322 1284 354
track-signal-back 0.0090 1271 322 1301 352
track-signal-back 0.0029 1211 347 1225 375
track-signal-back 0.0018 1859 387 1878 432
track-signal-back 0.0014 1260 309 1289 368
pole 0.0959 1262 327 1282 491
pole 0.0048 1267 332 1287 456
pole 0.0025 1243 326 1282 500
pole 0.0017 1263 418 1280 491
pole 0.0013 1256 379 1288 513
pole 0.0013 -9 83 69 1049
pole 0.0012 1254 323 1306 509
