crossing 0.8171 930 740 1033 805
crossing 0.4864 629 735 831 815
crossing 0.2377 728 740 849 808
crossing 0.0772 497 682 966 899
crossing 0.0639 878 701 1086 904
crossing 0.0489 648 743 761 811
crossing 0.0281 701 645 953 715
crossing 0.0271 646 659 943 754
crossing 0.0199 680 718 880 824
crossing 0.0131 622 690 894 775
crossing 0.0126 932 702 1042 795
crossing 0.0093 715 671 948 733
crossing 0.0085 599 675 847 841
crossing 0.0062 698 747 814 813
crossing 0.0061 745 684 904 745
crossing 0.0053 756 622 1037 713
crossing 0.0048 885 651 950 682
crossing 0.0039 768 662 926 709
crossing 0.0021 895 634 992 674
crossing 0.0019 615 756 781 842
crossing 0.0018 746 715 882 777
crossing 0.0017 928 717 1059 858
crossing 0.0012 996 702 1074 806
crossing 0.0012 971 700 1055 751
crossing 0.0011 1008 737 1068 798
guard-rail 0.0017 490 807 642 1071
train-car 0.2052 1047 599 1077 632
train-car 0.0416 1048 601 1100 636
train-car 0.0046 1049 577 1111 640
train-car 0.0038 1043 594 1088 652
platform 0.2821 1057 639 1215 699
platform 0.1228 759 633 1010 686
platform 0.0675 1059 648 1251 731
platform 0.0321 1115 631 1199 686
platform 0.0227 1140 639 1215 678
platform 0.0222 1070 626 1165 688
platform 0.0187 855 632 1034 679
platform 0.0181 660 643 964 725
platform 0.0180 1082 611 1185 711
platform 0.0123 1080 641 1303 707
platform 0.0098 1060 612 1180 669
platform 0.0052 1060 642 1461 756
platform 0.0045 1089 675 1234 735
platform 0.0042 720 612 1049 726
platform 0.0038 833 646 965 685
platform 0.0030 755 643 921 696
platform 0.0028 1109 570 1207 722
platform 0.0025 1112 652 1210 727
platform 0.0024 857 617 1036 660
platform 0.0017 864 651 935 687
platform 0.0013 1164 623 1226 688
platform 0.0013 1142 637 1248 698
platform 0.0012 686 608 929 689
platform 0.0011 803 637 903 686
platform 0.0010 1031 621 1229 763
rail 0.9201 489 623 1055 1077
rail 0.9085 774 632 1112 1076
rail 0.0663 1029 636 1195 700
rail 0.0371 1052 643 1226 726
rail 0.0324 1044 634 1160 678
rail 0.0323 1036 652 1113 689
rail 0.0112 1057 654 1137 685
rail 0.0100 1029 666 1104 697
rail 0.0098 1029 661 1160 698
rail 0.0096 1037 630 1110 682
rail 0.0074 667 688 843 1025
rail 0.0062 840 635 1044 684
rail 0.0042 1011 667 1079 711
rail 0.0035 984 636 1122 704
rail 0.0019 1015 666 1218 749
rail 0.0015 890 625 1037 673
rail 0.0014 699 664 960 1037
rail 0.0012 914 622 1196 1076
rail 0.0012 971 653 1104 743
rail 0.0011 488 690 799 1076
rail 0.0011 1262 643 1863 763
rail 0.0011 491 803 687 1077
switch-unknown 0.0365 1044 659 1104 687
switch-unknown 0.0124 1037 670 1095 691
switch-unknown 0.0070 1028 661 1081 695
switch-unknown 0.0060 1016 673 1077 702
switch-static 0.0054 1056 666 1124 691
track-sign-front 0.1573 397 572 440 656
track-sign-front 0.0809 464 556 514 612
track-sign-front 0.0649 398 562 438 741
track-sign-front 0.0416 404 457 438 522
track-sign-front 0.0240 578 630 609 659
track-sign-front 0.0203 609 541 646 571
track-sign-front 0.0117 577 594 610 656
track-sign-front 0.0113 406 526 434 558
track-sign-front 0.0103 581 587 610 626
track-sign-front 0.0063 399 621 432 722
track-sign-front 0.0053 398 645 438 774
track-sign-front 0.0026 616 535 646 562
track-sign-front 0.0022 587 541 634 584
track-sign-front 0.0015 622 540 655 570
track-sign-front 0.0012 578 559 611 617
track-sign-front 0.0010 562 572 610 644
track-sign-front 0.0010 810 583 839 616
track-signal-front 0.1035 1151 549 1173 581
track-signal-front 0.0951 758 550 775 572
track-signal-front 0.0583 1131 512 1147 562
track-signal-front 0.0421 1145 549 1164 584
track-signal-front 0.0352 1127 528 1142 567
track-signal-front 0.0154 405 454 438 519
track-signal-front 0.0098 1134 503 1151 533
track-signal-front 0.0071 1134 503 1159 556
track-signal-front 0.0046 1125 513 1143 556
track-signal-front 0.0038 1143 549 1173 635
track-signal-front 0.0037 753 548 781 575
track-signal-front 0.0035 1157 547 1200 578
track-signal-front 0.0020 1126 520 1155 576
track-signal-front 0.0019 1112 522 1145 627
track-signal-front 0.0016 1131 528 1178 599
track-signal-front 0.0013 1129 506 1162 622
track-signal-front 0.0011 1134 496 1163 530
track-signal-front 0.0011 1002 569 1038 608
track-signal-back 0.0570 1195 480 1220 548
track-signal-back 0.0099 1202 480 1226 529
track-signal-back 0.0011 1188 514 1226 582
person 0.2225 1428 619 1467 709
person 0.0301 1408 705 1445 784
person 0.0146 1678 648 1733 748
person 0.0021 1388 610 1430 692
person 0.0020 1417 627 1461 749
person 0.0019 1432 620 1527 713
person 0.0011 1552 642 1579 693
person 0.0011 1397 601 1451 693
pole 0.0245 1117 530 1159 745
pole 0.0211 1129 479 1151 728
pole 0.0054 1126 541 1154 666
pole 0.0032 1078 593 1155 678
pole 0.0021 1097 511 1144 693
pole 0.0013 1074 530 1104 642
pole 0.0011 1115 512 1144 639
