crossing 0.1824 899 613 945 633
crossing 0.0829 908 603 941 629
crossing 0.0042 911 577 954 622
crossing 0.0025 879 587 936 629
crossing 0.0023 850 594 891 621
crossing 0.0014 882 612 963 676
guard-rail 0.0045 1005 700 1027 749
guard-rail 0.0026 1012 709 1033 758
guard-rail 0.0015 858 666 930 722
guard-rail 0.0013 855 683 927 742
guard-rail 0.0012 980 689 1027 743
train-car 0.0091 913 569 942 604
train-car 0.0056 913 552 973 599
train-car 0.0041 917 539 985 584
train-car 0.0018 909 528 949 596
rail 0.8030 551 653 942 1076
rail 0.7290 740 557 1017 1074
rail 0.4179 873 584 1217 1079
rail 0.0710 0 619 427 877
rail 0.0327 -6 614 247 690
rail 0.0210 15 594 597 786
rail 0.0164 -14 605 228 654
rail 0.0152 -6 616 352 741
rail 0.0139 -1 635 177 843
rail 0.0114 15 593 775 897
rail 0.0090 -2 640 345 1036
rail 0.0088 -5 641 318 810
rail 0.0079 -9 619 134 673
rail 0.0074 -9 632 175 705
rail 0.0068 -3 600 427 676
rail 0.0045 847 649 952 737
rail 0.0045 0 612 82 702
rail 0.0040 0 613 83 658
rail 0.0029 1008 661 1617 1069
rail 0.0027 -1 660 169 1017
rail 0.0024 -1 627 78 794
rail 0.0022 -11 619 52 681
rail 0.0020 -3 645 125 759
rail 0.0018 -3 624 39 717
rail 0.0017 -2 587 263 638
rail 0.0015 0 587 64 681
rail 0.0015 0 597 31 669
rail 0.0014 -8 577 532 709
rail 0.0014 34 677 582 1015
rail 0.0012 851 575 998 940
rail 0.0011 30 738 431 1115
rail 0.0011 726 485 1218 947
rail 0.0011 118 612 432 756
rail 0.0010 263 610 731 788
switch-indicator 0.0244 846 621 868 662
switch-indicator 0.0036 997 618 1026 647
switch-indicator 0.0019 832 630 859 663
switch-left 0.2528 864 659 957 719
switch-left 0.0024 861 631 969 742
switch-left 0.0019 933 650 997 690
switch-right 0.2770 872 658 954 701
switch-right 0.0328 887 631 952 670
switch-right 0.0081 881 652 977 690
switch-right 0.0021 931 653 999 688
switch-right 0.0013 889 658 968 719
switch-right 0.0011 891 620 976 675
switch-static 0.0156 996 620 1026 647
switch-static 0.0063 839 640 871 668
switch-static 0.0048 937 638 991 671
switch-static 0.0039 850 607 879 639
switch-static 0.0039 933 649 998 688
switch-static 0.0035 861 650 917 683
track-sign-front 0.0882 922 204 967 253
track-sign-front 0.0108 694 613 719 652
track-sign-front 0.0042 657 578 701 614
track-sign-front 0.0038 723 551 751 595
track-sign-front 0.0036 684 568 721 623
track-sign-front 0.0032 683 595 713 631
track-sign-front 0.0028 1070 592 1085 622
track-sign-front 0.0027 68 580 92 623
track-sign-front 0.0027 850 594 869 624
track-sign-front 0.0025 700 616 725 670
track-sign-front 0.0024 690 618 712 672
track-sign-front 0.0023 691 558 727 603
track-sign-front 0.0021 711 561 746 613
track-sign-front 0.0021 665 572 706 603
track-sign-front 0.0016 700 599 729 650
track-sign-front 0.0014 890 132 990 294
track-sign-front 0.0013 889 186 954 267
track-sign-front 0.0011 1066 599 1084 629
track-sign-front 0.0011 843 560 862 591
track-signal-front 0.0039 723 543 743 581
track-signal-front 0.0030 728 558 760 595
track-signal-front 0.0019 727 544 755 579
fence 0.2461 -1 615 453 901
fence 0.0425 -1 652 186 900
fence 0.0141 15 588 748 830
fence 0.0093 3 619 619 1036
fence 0.0017 -88 626 258 940
fence 0.0015 -15 679 321 1166
pole 0.0064 689 219 732 723
pole 0.0041 1149 137 1182 768
pole 0.0041 874 471 887 599
pole 0.0025 67 417 88 633
pole 0.0017 1135 109 1202 895
pole 0.0011 110 426 137 626
pole 0.0010 1 642 21 746
rail-occluder 0.0465 -7 628 363 884
rail-occluder 0.0355 21 600 572 815
rail-occluder 0.0350 -1 654 167 878
rail-occluder 0.0154 -1 628 243 816
rail-occluder 0.0120 112 632 406 797
rail-occluder 0.0104 0 661 76 872
rail-occluder 0.0080 1 684 23 895
rail-occluder 0.0072 176 644 193 760
rail-occluder 0.0069 -4 653 243 1030
rail-occluder 0.0051 220 624 475 785
rail-occluder 0.0050 173 638 199 805
rail-occluder 0.0048 80 658 162 863
rail-occluder 0.0035 173 633 224 811
rail-occluder 0.0033 1 691 18 809
rail-occluder 0.0031 176 593 626 762
rail-occluder 0.0025 50 626 359 743
rail-occluder 0.0025 313 609 502 749
rail-occluder 0.0023 272 625 373 775
rail-occluder 0.0018 189 632 249 805
rail-occluder 0.0013 3 685 68 804
rail-occluder 0.0013 53 596 108 638
rail-occluder 0.0013 53 640 165 758
rail-occluder 0.0013 169 634 196 724
rail-occluder 0.0012 227 621 329 780
rail-occluder 0.0012 365 606 435 746
rail-occluder 0.0011 319 621 410 767
rail-occluder 0.0011 320 636 368 762
rail-occluder 0.0011 296 637 352 764
rail-occluder 0.0010 102 649 155 745
rail-occluder 0.0010 17 597 145 647
rail-occluder 0.0010 92 650 215 835
