crossing 0.0155 1139 411 1188 429
crossing 0.0097 1155 413 1215 433
crossing 0.0093 1141 399 1194 428
crossing 0.0092 1113 413 1164 430
crossing 0.0059 1146 387 1216 430
crossing 0.0034 1199 413 1245 440
crossing 0.0029 1103 411 1144 429
crossing 0.0023 1113 403 1176 432
guard-rail 0.0107 1191 420 1234 498
guard-rail 0.0071 1197 412 1231 437
guard-rail 0.0068 1196 413 1251 541
guard-rail 0.0012 1050 429 1109 476
platform 0.0025 1149 382 1230 413
rail 0.9445 1210 410 1900 1076
rail 0.8990 689 404 1200 1073
rail 0.7289 1199 420 1451 1063
rail 0.2157 1102 414 1191 1075
rail 0.0302 -14 694 801 1067
rail 0.0182 1108 389 1180 657
rail 0.0099 865 394 1191 740
rail 0.0075 1192 401 1259 517
rail 0.0071 5 517 1180 1071
rail 0.0064 1194 406 1234 446
rail 0.0060 1039 392 1199 653
rail 0.0055 1140 398 1194 426
rail 0.0049 1161 397 1243 532
rail 0.0048 1102 390 1239 627
rail 0.0047 1147 390 1218 424
rail 0.0046 1135 405 1194 439
rail 0.0046 1050 424 1164 1074
rail 0.0042 1189 390 1235 430
rail 0.0039 1025 415 1407 1074
rail 0.0036 1152 407 1220 442
rail 0.0032 1127 388 1241 462
rail 0.0030 1113 409 1168 437
rail 0.0029 967 392 1190 1053
rail 0.0026 1089 421 1161 679
rail 0.0020 1110 394 1165 569
rail 0.0019 1077 395 1181 545
rail 0.0019 1193 397 1326 558
rail 0.0018 1138 432 1270 1068
rail 0.0018 1040 417 1121 494
rail 0.0018 1255 501 1550 1075
rail 0.0016 1096 409 1153 445
rail 0.0016 692 650 1093 1065
rail 0.0016 1079 393 1195 470
rail 0.0015 1001 403 1164 529
rail 0.0014 1197 394 1297 483
rail 0.0012 1141 383 1277 505
rail 0.0012 1402 477 1646 1021
rail 0.0012 1172 379 1241 412
rail 0.0011 1116 409 1161 497
rail 0.0011 908 602 1135 817
rail 0.0010 1120 407 1194 790
rail 0.0010 1178 377 1259 427
rail 0.0010 1212 406 1288 458
switch-indicator 0.0102 735 584 759 666
switch-indicator 0.0061 1738 648 1776 745
switch-indicator 0.0058 1683 620 1720 725
switch-indicator 0.0033 670 607 715 705
switch-indicator 0.0026 730 586 769 691
switch-indicator 0.0013 1677 637 1710 735
switch-indicator 0.0011 1677 631 1739 747
track-sign-front 0.0145 1134 370 1146 386
track-sign-front 0.0033 1072 368 1089 398
track-sign-front 0.0015 1130 372 1192 414
track-sign-front 0.0015 673 614 698 663
