crossing 0.0029 882 574 921 602
crossing 0.0016 876 528 925 555
guard-rail 0.3707 1020 674 1030 727
guard-rail 0.2357 847 681 867 727
guard-rail 0.0629 1023 674 1034 738
guard-rail 0.0325 861 662 878 704
guard-rail 0.0275 872 620 886 662
guard-rail 0.0227 875 616 893 653
guard-rail 0.0207 1007 667 1020 727
guard-rail 0.0176 838 694 857 771
guard-rail 0.0151 851 663 871 707
guard-rail 0.0105 839 665 865 734
guard-rail 0.0105 1021 644 1035 725
guard-rail 0.0052 843 670 874 721
guard-rail 0.0052 834 687 860 747
guard-rail 0.0051 1013 666 1036 735
guard-rail 0.0043 868 671 892 709
guard-rail 0.0028 18 824 314 1000
guard-rail 0.0027 875 598 922 643
guard-rail 0.0026 832 676 858 723
guard-rail 0.0021 979 644 1022 704
guard-rail 0.0021 105 826 407 1056
guard-rail 0.0020 868 655 897 694
guard-rail 0.0015 999 680 1020 734
guard-rail 0.0015 276 846 422 947
guard-rail 0.0013 867 614 899 655
guard-rail 0.0012 1038 667 1062 725
guard-rail 0.0012 529 717 621 759
guard-rail 0.0012 853 627 879 669
guard-rail 0.0011 1006 611 1031 693
guard-rail 0.0010 838 630 870 724
guard-rail 0.0010 220 770 481 1021
guard-rail 0.0010 1004 635 1038 726
guard-rail 0.0010 301 794 487 926
guard-rail 0.0010 833 631 888 781
train-car 0.0159 941 513 991 550
train-car 0.0123 925 516 980 556
train-car 0.0094 961 514 1212 587
train-car 0.0066 923 534 1003 568
train-car 0.0053 955 509 1010 554
train-car 0.0053 969 493 1169 570
train-car 0.0045 895 522 946 552
train-car 0.0016 877 527 928 549
train-car 0.0014 1002 525 1320 607
train-car 0.0014 973 505 1063 556
train-car 0.0013 874 533 926 558
train-car 0.0012 954 503 985 546
train-car 0.0012 990 487 1047 569
train-car 0.0012 930 513 1028 565
platform 0.0108 915 538 987 570
platform 0.0041 941 526 1145 576
platform 0.0021 945 538 1084 574
platform 0.0018 897 530 955 557
rail 0.9002 3 562 854 1084
rail 0.8865 735 547 1050 1076
rail 0.6829 1238 611 1916 1071
rail 0.3606 714 563 844 641
rail 0.1866 724 579 798 640
rail 0.1546 747 564 825 613
rail 0.1219 1 730 566 1077
rail 0.0749 774 564 828 601
rail 0.0592 853 573 1145 1078
rail 0.0386 758 555 870 595
rail 0.0296 682 597 787 659
rail 0.0236 753 545 858 617
rail 0.0204 766 567 855 608
rail 0.0203 929 551 1012 597
rail 0.0171 964 568 1021 602
rail 0.0148 788 549 846 600
rail 0.0104 937 515 1895 955
rail 0.0075 944 558 1021 614
rail 0.0069 1412 614 1926 779
rail 0.0063 2 820 375 1071
rail 0.0054 936 576 1006 607
rail 0.0050 810 529 874 596
rail 0.0044 279 676 641 888
rail 0.0028 186 595 734 994
rail 0.0026 627 567 847 696
rail 0.0025 725 528 887 641
rail 0.0024 949 544 1129 594
rail 0.0024 16 843 258 986
rail 0.0022 795 538 994 634
rail 0.0021 827 537 906 576
rail 0.0020 1613 649 1925 824
rail 0.0020 969 543 1255 603
rail 0.0019 992 535 1336 651
rail 0.0019 731 613 809 651
rail 0.0017 947 538 1033 574
rail 0.0016 354 620 785 926
rail 0.0015 751 543 931 1003
rail 0.0015 964 565 1039 626
rail 0.0015 813 548 919 595
rail 0.0014 926 544 1039 661
rail 0.0013 747 553 819 589
rail 0.0013 118 780 412 1036
rail 0.0012 1740 643 1927 784
rail 0.0012 878 573 925 603
rail 0.0011 887 552 1014 637
rail 0.0010 1291 523 1882 747
rail 0.0010 375 728 553 838
rail 0.0010 795 556 898 615
rail 0.0010 925 527 1098 614
rail 0.0010 1039 565 1400 728
switch-indicator 0.2460 487 616 528 703
switch-indicator 0.1760 1279 650 1305 695
switch-indicator 0.0932 622 620 647 651
switch-indicator 0.0271 466 624 536 720
switch-indicator 0.0265 448 668 522 718
switch-indicator 0.0105 622 628 664 660
switch-indicator 0.0056 928 557 975 607
switch-indicator 0.0050 940 574 1003 609
switch-indicator 0.0023 1262 645 1316 703
switch-indicator 0.0023 935 578 965 606
switch-indicator 0.0019 490 602 550 696
switch-indicator 0.0012 614 604 662 662
switch-indicator 0.0011 622 593 649 642
switch-left 0.1015 681 623 765 659
switch-left 0.0680 684 602 785 655
switch-left 0.0650 454 730 594 788
switch-left 0.0350 704 617 781 651
switch-left 0.0132 665 640 744 666
switch-left 0.0128 488 716 624 765
switch-left 0.0055 438 748 587 806
switch-left 0.0031 407 692 639 826
switch-left 0.0019 390 758 550 819
switch-right 0.1243 689 612 781 654
switch-right 0.1086 704 599 796 644
switch-right 0.0853 671 628 760 664
switch-right 0.0457 443 729 594 786
switch-right 0.0332 979 578 1023 607
switch-right 0.0116 482 714 605 772
switch-right 0.0089 652 637 738 668
switch-right 0.0079 885 583 922 602
switch-right 0.0060 422 711 564 773
switch-right 0.0055 978 594 1024 623
switch-right 0.0020 514 715 634 762
switch-unknown 0.0927 734 591 804 638
switch-unknown 0.0283 982 585 1022 609
switch-unknown 0.0241 970 571 1021 601
switch-unknown 0.0081 655 637 735 666
switch-unknown 0.0039 762 582 823 641
switch-unknown 0.0029 677 636 767 669
switch-static 0.4490 360 728 464 767
switch-static 0.0719 419 680 520 743
switch-static 0.0541 389 717 496 759
switch-static 0.0416 1494 690 1552 719
switch-static 0.0273 622 630 663 658
switch-static 0.0184 352 729 424 763
switch-static 0.0160 935 580 964 603
switch-static 0.0090 786 571 839 606
switch-static 0.0078 1417 699 1482 725
switch-static 0.0070 886 581 942 606
switch-static 0.0067 621 617 664 650
switch-static 0.0047 396 734 543 799
switch-static 0.0043 454 697 569 751
switch-static 0.0041 436 645 519 722
switch-static 0.0028 302 685 544 821
switch-static 0.0027 363 651 561 785
switch-static 0.0026 739 614 804 651
switch-static 0.0023 631 646 697 669
switch-static 0.0020 516 713 613 754
switch-static 0.0018 1476 682 1577 730
switch-static 0.0016 441 712 543 768
switch-static 0.0015 787 629 811 653
switch-static 0.0015 1383 666 1696 745
switch-static 0.0014 827 567 864 600
switch-static 0.0014 415 665 611 819
switch-static 0.0013 862 580 911 605
switch-static 0.0013 614 644 664 675
switch-static 0.0012 1499 678 1554 704
switch-static 0.0010 656 620 714 654
track-sign-front 0.0011 955 526 1024 573
track-signal-back 0.6592 836 471 851 498
track-signal-back 0.0206 839 470 866 498
track-signal-back 0.0033 953 500 985 548
track-signal-back 0.0028 790 513 814 550
track-signal-back 0.0025 790 490 811 539
track-signal-back 0.0021 893 477 915 557
track-signal-back 0.0018 784 519 805 544
track-signal-back 0.0018 931 484 964 541
track-signal-back 0.0012 830 463 856 495
track-signal-back 0.0012 664 415 692 459
track-signal-back 0.0011 933 485 953 506
person 0.0022 486 601 536 686
pole 0.3554 1299 5 1358 932
pole 0.2225 836 492 847 600
pole 0.0147 833 523 851 600
pole 0.0133 1007 397 1023 576
pole 0.0097 1263 -38 1349 978
pole 0.0078 1162 305 1181 613
pole 0.0038 831 476 857 604
pole 0.0031 1166 335 1190 629
pole 0.0018 1295 247 1362 704
pole 0.0017 1148 421 1197 619
pole 0.0015 993 380 1025 595
pole 0.0011 1157 447 1185 605
pole 0.0010 1136 368 1181 588
rail-occluder 0.0956 1279 649 1305 695
rail-occluder 0.0155 1281 637 1322 711
rail-occluder 0.0044 1289 634 1348 711
rail-occluder 0.0040 1259 645 1318 703
rail-occluder 0.0018 1172 570 1290 675
rail-occluder 0.0017 1211 583 1311 689
rail-occluder 0.0014 1262 609 1337 731
rail-occluder 0.0014 1253 599 1360 775
rail-occluder 0.0012 1125 581 1344 694
rail-occluder 0.0010 1222 616 1278 673
