platform 0.9331 1287 637 1915 1075
platform 0.7548 20 615 1333 1077
platform 0.0112 756 615 1271 738
platform 0.0027 805 650 1087 734
platform 0.0024 465 609 1383 826
platform 0.0022 -15 749 960 1082
platform 0.0019 539 700 943 975
platform 0.0012 773 608 1400 1008
platform 0.0011 1494 707 1710 1020
platform 0.0010 245 565 1364 913
rail 0.9075 1068 627 1361 1076
rail 0.8827 492 619 1350 1077
track-sign-front 0.0306 1373 566 1403 640
track-sign-front 0.0271 1079 587 1103 610
track-sign-front 0.0162 1068 594 1091 622
track-sign-front 0.0083 1060 606 1076 630
track-sign-front 0.0072 1222 568 1239 608
track-sign-front 0.0070 1368 519 1407 659
track-sign-front 0.0062 569 642 593 675
track-sign-front 0.0052 1065 585 1099 627
track-sign-front 0.0038 963 602 982 628
track-sign-front 0.0015 1363 498 1381 615
track-sign-front 0.0014 558 642 597 683
track-sign-front 0.0013 78 271 117 543
track-sign-front 0.0010 1215 563 1237 628
track-signal-front 0.0032 1335 380 1373 429
track-signal-front 0.0020 1064 488 1084 517
track-signal-front 0.0019 74 228 147 299
track-signal-front 0.0013 1340 382 1375 469
track-signal-front 0.0010 1459 494 1476 525
track-signal-front 0.0010 1441 489 1473 526
person 0.0211 1371 549 1404 705
person 0.0020 1453 550 1487 700
person 0.0016 1364 552 1430 732
person 0.0016 1422 565 1493 732
person 0.0010 1460 554 1485 647
pole 0.1043 1373 377 1392 690
pole 0.0453 1371 359 1408 702
pole 0.0247 1370 557 1403 684
pole 0.0246 1361 415 1384 689
pole 0.0103 1406 374 1437 687
pole 0.0024 1357 352 1391 616
pole 0.0018 1373 465 1390 608
rail-occluder 0.0353 1372 551 1402 689
rail-occluder 0.0200 1230 650 1243 670
rail-occluder 0.0029 1231 652 1249 674
rail-occluder 0.0023 1219 650 1239 673
rail-occluder 0.0019 1232 631 1253 667
