guard-rail 0.0047 1367 574 1447 603
guard-rail 0.0022 1347 570 1422 598
guard-rail 0.0020 1476 615 1569 651
guard-rail 0.0016 1514 636 1769 748
train-car 0.5858 6 457 832 714
train-car 0.2360 614 489 751 524
train-car 0.0903 1121 455 1215 493
train-car 0.0384 566 485 762 542
train-car 0.0267 1109 461 1229 518
train-car 0.0117 1144 467 1246 505
train-car 0.0114 783 487 868 507
train-car 0.0099 1101 451 1189 504
train-car 0.0087 809 475 904 507
train-car 0.0081 663 486 840 521
train-car 0.0064 1075 466 1165 499
train-car 0.0050 761 481 852 509
train-car 0.0049 677 487 761 521
train-car 0.0047 618 487 704 542
train-car 0.0041 1088 452 1152 507
train-car 0.0035 709 483 795 521
train-car 0.0030 737 484 829 519
train-car 0.0028 525 454 839 606
train-car 0.0024 595 512 675 564
train-car 0.0020 1056 474 1126 497
train-car 0.0016 607 477 882 526
train-car 0.0015 164 453 824 610
train-car 0.0014 458 480 786 548
train-car 0.0014 197 508 443 654
train-car 0.0013 602 478 675 537
train-car 0.0013 605 470 721 530
train-car 0.0011 1149 446 1241 490
train-car 0.0011 681 456 827 519
train-car 0.0011 -9 441 581 647
train-car 0.0011 1108 443 1141 496
train-car 0.0011 1185 466 1273 515
train-car 0.0010 599 478 617 536
train-car 0.0010 558 492 668 565
train-car 0.0010 527 471 692 546
rail 0.9484 210 488 1052 1077
rail 0.9458 1052 486 1337 1073
rail 0.8184 1127 491 1916 903
rail 0.7917 10 494 994 810
rail 0.7043 1263 504 1911 686
rail 0.3686 1400 540 1918 802
rail 0.1276 1485 606 1920 911
rail 0.1244 639 503 948 596
rail 0.1009 1434 518 1918 637
rail 0.0996 1130 491 1298 543
rail 0.0733 1120 482 1253 523
rail 0.0476 1564 558 1919 666
rail 0.0359 1134 493 1378 559
rail 0.0354 757 498 937 558
rail 0.0352 593 486 878 550
rail 0.0329 1233 502 1611 597
rail 0.0275 1207 508 1275 549
rail 0.0269 1155 500 1697 642
rail 0.0268 790 487 904 526
rail 0.0249 1195 503 1451 581
rail 0.0215 1230 520 1285 555
rail 0.0213 1337 512 1587 572
rail 0.0211 1235 516 1377 560
rail 0.0207 1277 552 1771 668
rail 0.0204 828 469 963 561
rail 0.0200 658 529 864 604
rail 0.0194 718 492 1011 578
rail 0.0186 871 459 941 547
rail 0.0182 758 486 862 513
rail 0.0162 1095 476 1199 509
rail 0.0158 1592 617 1914 804
rail 0.0155 1656 586 1922 704
rail 0.0141 750 514 901 570
rail 0.0109 1266 514 1435 554
rail 0.0103 1354 564 1599 659
rail 0.0093 657 501 906 562
rail 0.0087 1139 490 1507 612
rail 0.0081 1733 573 1921 664
rail 0.0080 804 416 977 571
rail 0.0078 862 454 983 583
rail 0.0076 725 553 813 591
rail 0.0072 498 514 910 625
rail 0.0071 1418 528 1579 572
rail 0.0067 1240 520 1316 557
rail 0.0063 1661 661 1921 847
rail 0.0062 483 497 1011 680
rail 0.0062 656 552 815 600
rail 0.0059 784 506 877 546
rail 0.0059 939 456 1010 653
rail 0.0057 1403 521 1631 604
rail 0.0055 724 537 838 585
rail 0.0055 1311 506 1480 552
rail 0.0043 1602 540 1918 624
rail 0.0041 1314 530 1432 577
rail 0.0038 1750 640 1922 768
rail 0.0036 1072 478 1373 590
rail 0.0034 1608 651 1911 1035
rail 0.0034 1400 516 1544 563
rail 0.0034 912 464 1002 579
rail 0.0033 1222 475 1288 563
rail 0.0032 1549 588 1874 735
rail 0.0032 1075 479 1157 507
rail 0.0031 6 580 690 864
rail 0.0031 1189 494 1421 542
rail 0.0029 303 524 888 690
rail 0.0028 1486 579 1719 721
rail 0.0025 664 573 735 614
rail 0.0023 1511 523 1594 556
rail 0.0023 1435 519 1614 560
rail 0.0023 1111 489 1225 543
rail 0.0021 1441 552 1701 646
rail 0.0020 1213 511 1744 779
rail 0.0020 725 502 839 558
rail 0.0019 1796 607 1920 688
rail 0.0019 1843 599 1921 715
rail 0.0018 1741 690 1922 1023
rail 0.0018 691 558 782 596
rail 0.0018 1831 587 1924 665
rail 0.0018 1367 615 1863 1061
rail 0.0017 812 504 984 577
rail 0.0017 1748 628 1919 708
rail 0.0017 1044 484 1090 512
rail 0.0017 1483 615 1727 808
rail 0.0016 1351 513 1410 547
rail 0.0015 1457 601 1599 683
rail 0.0015 1791 565 1920 626
rail 0.0014 1060 483 1112 511
rail 0.0014 10 619 516 805
rail 0.0014 634 456 987 626
rail 0.0013 0 667 298 841
rail 0.0013 565 517 797 594
rail 0.0012 172 561 730 765
rail 0.0012 973 455 1034 633
rail 0.0012 1109 502 1264 572
rail 0.0012 1445 550 1644 601
rail 0.0012 1464 528 1726 582
rail 0.0011 1845 638 1920 766
rail 0.0011 1345 526 1454 564
rail 0.0011 1542 593 1835 659
rail 0.0011 612 533 678 570
rail 0.0010 1474 531 1569 569
rail 0.0010 1281 552 1432 614
rail 0.0010 1012 486 1070 522
rail 0.0010 1512 550 1823 608
switch-indicator 0.2536 684 589 703 612
switch-indicator 0.1155 1246 529 1269 557
switch-indicator 0.0396 1549 521 1564 545
switch-indicator 0.0143 1248 532 1297 562
switch-indicator 0.0132 632 542 652 564
switch-indicator 0.0082 677 589 707 619
switch-indicator 0.0078 684 581 710 609
switch-indicator 0.0070 617 540 651 564
switch-indicator 0.0021 1500 529 1547 551
switch-indicator 0.0017 619 548 657 577
switch-indicator 0.0014 1532 519 1579 550
switch-indicator 0.0012 631 555 676 588
switch-left 0.0712 1428 595 1522 630
switch-left 0.0249 1404 586 1503 624
switch-left 0.0173 1456 607 1572 643
switch-left 0.0097 1377 577 1481 614
switch-left 0.0044 1361 571 1453 606
switch-left 0.0027 1458 589 1577 630
switch-left 0.0025 1477 616 1611 662
switch-left 0.0019 1339 566 1430 601
switch-right 0.0495 1439 601 1546 635
switch-right 0.0309 1406 586 1500 623
switch-right 0.0222 1458 607 1570 643
switch-right 0.0147 1307 544 1387 573
switch-right 0.0083 1335 561 1411 588
switch-right 0.0076 1309 553 1395 584
switch-right 0.0064 1386 579 1473 611
switch-right 0.0049 1347 564 1449 599
switch-right 0.0040 1444 579 1583 645
switch-right 0.0033 1372 569 1479 604
switch-right 0.0024 1479 609 1602 652
switch-unknown 0.0372 1270 540 1344 567
switch-unknown 0.0239 1297 550 1364 575
switch-unknown 0.0184 1282 537 1368 573
switch-unknown 0.0142 1314 556 1390 581
switch-unknown 0.0133 1267 523 1345 556
switch-unknown 0.0127 1165 491 1251 527
switch-unknown 0.0107 1280 549 1344 572
switch-unknown 0.0092 739 560 796 588
switch-unknown 0.0090 1249 523 1308 558
switch-unknown 0.0079 1193 487 1262 539
switch-unknown 0.0063 742 544 817 580
switch-unknown 0.0058 1462 536 1536 567
switch-unknown 0.0052 758 531 845 570
switch-unknown 0.0050 1336 536 1408 572
switch-unknown 0.0043 1048 482 1087 506
switch-unknown 0.0043 780 520 872 563
switch-unknown 0.0034 1233 486 1276 548
switch-unknown 0.0034 1435 532 1515 564
switch-unknown 0.0030 1491 533 1551 565
switch-unknown 0.0028 1011 478 1072 518
switch-unknown 0.0026 1460 554 1541 591
switch-unknown 0.0024 1308 516 1394 552
switch-unknown 0.0022 1412 529 1492 561
switch-unknown 0.0016 1061 480 1107 509
switch-unknown 0.0016 1418 560 1530 604
switch-unknown 0.0015 1361 529 1433 561
switch-unknown 0.0015 1406 570 1491 605
switch-unknown 0.0012 1248 490 1310 541
switch-unknown 0.0010 1007 497 1058 545
switch-static 0.0894 1257 681 1301 714
switch-static 0.0455 1249 534 1296 561
switch-static 0.0407 1251 681 1327 719
switch-static 0.0154 1271 548 1303 566
switch-static 0.0075 398 788 443 818
switch-static 0.0034 1261 544 1313 571
switch-static 0.0032 1543 587 1604 610
switch-static 0.0024 1469 590 1563 626
switch-static 0.0023 679 579 759 609
switch-static 0.0021 1504 584 1583 614
switch-static 0.0014 282 658 344 685
switch-static 0.0012 725 567 790 600
track-sign-front 0.0167 959 295 993 323
track-sign-front 0.0083 397 788 443 817
track-sign-front 0.0073 1550 511 1563 532
track-sign-front 0.0036 876 388 904 411
track-sign-front 0.0023 600 478 615 533
track-sign-front 0.0014 598 488 626 569
track-signal-front 0.7552 958 296 997 385
track-signal-front 0.2600 963 378 994 405
track-signal-front 0.1385 969 425 989 456
track-signal-front 0.0357 959 295 996 337
track-signal-front 0.0030 968 311 1006 396
track-signal-front 0.0023 593 466 614 509
track-signal-front 0.0022 595 464 609 492
track-signal-front 0.0014 657 448 669 490
track-signal-front 0.0010 626 466 694 528
track-signal-back 0.1849 969 426 989 455
track-signal-back 0.1051 882 404 907 443
track-signal-back 0.0122 877 394 905 428
track-signal-back 0.0016 974 607 999 668
track-signal-back 0.0014 877 369 908 454
pole 0.5104 880 393 908 570
pole 0.3519 971 414 992 663
pole 0.1680 1274 319 1290 538
pole 0.1198 778 337 793 528
pole 0.0853 884 399 949 619
pole 0.0765 965 316 998 672
pole 0.0462 284 159 335 660
pole 0.0240 878 402 905 507
pole 0.0216 1253 338 1277 547
pole 0.0200 881 444 932 560
pole 0.0165 1265 330 1296 568
pole 0.0156 727 395 736 523
pole 0.0135 954 405 1012 678
pole 0.0117 929 429 958 535
pole 0.0099 974 466 989 611
pole 0.0083 1000 396 1028 510
pole 0.0081 1374 394 1394 529
pole 0.0077 830 410 951 573
pole 0.0076 835 467 927 574
pole 0.0069 1382 419 1411 539
pole 0.0065 868 398 924 567
pole 0.0059 1732 31 1801 620
pole 0.0058 1236 389 1259 521
pole 0.0056 883 388 932 469
pole 0.0055 761 434 805 531
pole 0.0045 921 452 969 541
pole 0.0044 1200 379 1210 495
pole 0.0044 1243 377 1269 568
pole 0.0041 771 381 801 538
pole 0.0040 770 465 836 518
pole 0.0040 972 311 1016 636
pole 0.0032 998 418 1040 526
pole 0.0031 1262 363 1288 514
pole 0.0030 711 443 757 532
pole 0.0029 974 503 996 636
pole 0.0029 1108 439 1140 497
pole 0.0024 967 436 990 533
pole 0.0022 734 385 772 527
pole 0.0018 727 433 781 533
pole 0.0017 1381 343 1400 530
pole 0.0017 887 395 929 526
pole 0.0016 1260 413 1299 534
pole 0.0014 1217 346 1339 568
pole 0.0014 1278 367 1308 534
pole 0.0013 931 360 957 569
pole 0.0013 1014 405 1051 508
pole 0.0012 1402 445 1430 529
pole 0.0012 1257 317 1318 539
pole 0.0011 1700 34 1840 700
pole 0.0010 1014 445 1075 521
pole 0.0010 1347 399 1401 547
pole 0.0010 813 436 836 495
rail-occluder 0.1113 1246 523 1268 553
rail-occluder 0.0412 1547 527 1562 548
rail-occluder 0.0237 1226 513 1263 551
rail-occluder 0.0094 1378 510 1409 541
rail-occluder 0.0055 1363 514 1402 545
rail-occluder 0.0052 1103 476 1183 509
rail-occluder 0.0044 1224 521 1279 556
rail-occluder 0.0043 1381 467 1414 540
rail-occluder 0.0039 1147 492 1234 539
rail-occluder 0.0035 1548 521 1569 559
rail-occluder 0.0031 737 568 776 599
rail-occluder 0.0028 605 540 637 563
rail-occluder 0.0027 730 559 790 592
rail-occluder 0.0026 1083 475 1147 508
rail-occluder 0.0026 746 482 821 518
rail-occluder 0.0019 698 562 774 595
rail-occluder 0.0019 888 520 914 565
rail-occluder 0.0017 1400 480 1431 529
rail-occluder 0.0015 1134 495 1197 538
rail-occluder 0.0014 974 601 1000 669
rail-occluder 0.0014 749 567 800 606
rail-occluder 0.0013 676 577 764 608
rail-occluder 0.0012 1534 516 1581 550
rail-occluder 0.0012 840 515 914 566
rail-occluder 0.0011 1591 525 1650 567
rail-occluder 0.0011 1376 476 1401 537
rail-occluder 0.0010 608 538 658 565
rail-occluder 0.0010 617 512 650 568
rail-occluder 0.0010 1548 509 1565 536
