crossing 0.7216 1096 642 1300 734
crossing 0.6445 849 642 979 731
crossing 0.0165 870 640 973 690
crossing 0.0109 1084 639 1225 719
crossing 0.0100 917 570 1489 868
crossing 0.0051 1156 649 1271 727
crossing 0.0043 828 570 987 906
crossing 0.0030 802 486 1695 965
crossing 0.0027 1113 657 1318 816
crossing 0.0017 844 582 986 755
crossing 0.0017 1084 578 1308 761
crossing 0.0013 1150 654 1340 756
crossing 0.0013 896 629 1000 716
crossing 0.0012 635 523 1119 1052
guard-rail 0.0370 1171 646 1317 734
guard-rail 0.0267 1099 645 1197 728
guard-rail 0.0100 1095 650 1151 729
guard-rail 0.0048 854 641 905 738
guard-rail 0.0034 1077 654 1103 739
guard-rail 0.0020 847 651 883 737
guard-rail 0.0014 1231 655 1310 731
guard-rail 0.0010 944 644 968 732
rail 0.9651 610 555 975 1077
rail 0.8999 827 536 1618 1067
rail 0.0083 884 591 1379 997
rail 0.0052 783 558 983 1064
rail 0.0014 1069 677 1148 914
switch-indicator 0.0111 1107 704 1137 846
switch-indicator 0.0062 1217 568 1245 644
switch-indicator 0.0034 1246 560 1282 648
switch-indicator 0.0028 1095 673 1144 838
switch-indicator 0.0026 1255 568 1293 631
switch-indicator 0.0021 1203 577 1239 637
switch-indicator 0.0019 1405 657 1428 732
switch-indicator 0.0016 684 702 730 741
switch-static 0.0044 699 710 734 740
switch-static 0.0044 337 1005 465 1059
switch-static 0.0017 658 756 697 787
track-sign-front 0.1283 1438 462 1468 510
track-sign-front 0.1056 373 291 403 349
track-sign-front 0.0429 415 489 447 532
track-sign-front 0.0389 703 571 730 623
track-sign-front 0.0310 1319 513 1350 544
track-sign-front 0.0254 1397 580 1423 604
track-sign-front 0.0145 1124 485 1137 508
track-sign-front 0.0115 1763 500 1803 538
track-sign-front 0.0113 616 538 652 578
track-sign-front 0.0091 759 580 804 614
track-sign-front 0.0082 733 591 769 655
track-sign-front 0.0082 431 0 468 46
track-sign-front 0.0076 715 525 747 557
track-sign-front 0.0074 777 567 811 620
track-sign-front 0.0066 704 580 748 651
track-sign-front 0.0064 736 577 778 623
track-sign-front 0.0064 1107 711 1135 839
track-sign-front 0.0052 443 550 462 606
track-sign-front 0.0048 734 613 762 659
track-sign-front 0.0047 1111 714 1137 787
track-sign-front 0.0043 412 473 442 523
track-sign-front 0.0041 633 531 663 573
track-sign-front 0.0037 669 671 697 736
track-sign-front 0.0036 1571 746 1596 783
track-sign-front 0.0034 778 301 798 333
track-sign-front 0.0032 1120 480 1135 502
track-sign-front 0.0031 376 300 409 372
track-sign-front 0.0030 1329 554 1370 594
track-sign-front 0.0028 376 327 403 370
track-sign-front 0.0028 374 276 424 349
track-sign-front 0.0028 997 488 1016 526
track-sign-front 0.0025 417 -3 491 44
track-sign-front 0.0025 351 276 413 358
track-sign-front 0.0024 784 521 819 632
track-sign-front 0.0023 705 532 736 562
track-sign-front 0.0023 1314 553 1355 593
track-sign-front 0.0021 661 668 697 696
track-sign-front 0.0021 1434 496 1467 567
track-sign-front 0.0021 644 676 668 751
track-sign-front 0.0019 684 703 732 742
track-sign-front 0.0018 1558 639 1590 678
track-sign-front 0.0017 626 583 650 648
track-sign-front 0.0016 1351 550 1382 606
track-sign-front 0.0016 1111 748 1133 858
track-sign-front 0.0016 644 519 674 558
track-sign-front 0.0015 1468 430 1486 469
track-sign-front 0.0015 1360 485 1399 521
track-sign-front 0.0015 1028 482 1050 525
track-sign-front 0.0014 635 421 685 460
track-sign-front 0.0013 640 668 680 731
track-sign-front 0.0013 573 519 621 553
track-sign-front 0.0012 407 481 457 536
track-sign-front 0.0012 1322 527 1371 588
track-sign-front 0.0012 436 520 462 602
track-sign-front 0.0012 395 1 452 49
track-sign-front 0.0012 1469 438 1509 478
track-sign-front 0.0012 634 663 681 694
track-sign-front 0.0011 376 307 421 352
track-sign-front 0.0011 746 579 803 655
track-sign-front 0.0010 1357 503 1390 545
track-sign-front 0.0010 612 146 631 190
track-sign-front 0.0010 785 586 817 653
track-sign-front 0.0010 369 273 401 324
track-sign-front 0.0010 651 755 689 791
track-sign-front 0.0010 1007 539 1028 585
track-signal-front 0.8637 406 43 521 239
track-signal-front 0.8317 629 352 685 464
track-signal-front 0.1953 794 449 824 478
track-signal-front 0.1388 1308 468 1350 508
track-signal-front 0.1280 1439 463 1467 510
track-signal-front 0.1147 1228 467 1246 497
track-signal-front 0.0641 501 358 555 414
track-signal-front 0.0591 724 483 750 535
track-signal-front 0.0456 1312 509 1347 546
track-signal-front 0.0303 773 475 796 507
track-signal-front 0.0235 1314 474 1354 524
track-signal-front 0.0187 1312 456 1340 492
track-signal-front 0.0152 570 529 607 560
track-signal-front 0.0126 776 464 823 523
track-signal-front 0.0097 579 533 631 571
track-signal-front 0.0085 797 459 835 543
track-signal-front 0.0072 618 540 645 577
track-signal-front 0.0064 787 444 821 503
track-signal-front 0.0047 1223 466 1251 505
track-signal-front 0.0042 1311 496 1351 566
track-signal-front 0.0035 785 427 823 474
track-signal-front 0.0032 1308 522 1335 578
track-signal-front 0.0025 1274 434 1300 469
track-signal-front 0.0024 599 542 641 584
track-signal-front 0.0024 1313 409 1331 466
track-signal-front 0.0023 1292 422 1333 485
track-signal-front 0.0022 830 482 867 527
track-signal-front 0.0020 629 585 651 642
track-signal-front 0.0018 569 533 611 596
track-signal-front 0.0017 768 442 813 484
track-signal-front 0.0017 694 471 735 531
track-signal-front 0.0016 1300 555 1329 591
track-signal-front 0.0016 1462 435 1486 473
track-signal-front 0.0015 1426 453 1475 514
track-signal-front 0.0014 704 540 752 632
track-signal-front 0.0013 627 348 682 405
track-signal-front 0.0013 849 487 890 524
track-signal-front 0.0012 769 383 831 573
track-signal-front 0.0011 1225 502 1252 546
track-signal-front 0.0011 1316 553 1353 591
track-signal-front 0.0011 730 462 774 509
track-signal-front 0.0011 491 328 569 447
track-signal-front 0.0010 1559 637 1591 680
track-signal-front 0.0010 1305 458 1358 562
track-signal-front 0.0010 689 466 723 517
track-signal-front 0.0010 1231 506 1265 547
track-signal-front 0.0010 585 343 713 476
track-signal-front 0.0010 699 470 759 543
track-signal-front 0.0010 1549 385 1589 436
track-signal-back 0.0030 991 450 1019 481
track-signal-back 0.0022 997 448 1028 494
track-signal-back 0.0022 1519 149 1585 289
person 0.0053 700 562 730 631
pole 0.0200 788 435 820 625
pole 0.0165 1111 717 1136 850
pole 0.0115 770 429 803 630
pole 0.0082 776 207 821 683
pole 0.0073 798 437 830 609
pole 0.0058 783 492 814 656
pole 0.0040 772 397 831 653
pole 0.0022 799 527 822 624
pole 0.0021 772 536 806 635
pole 0.0017 1013 547 1032 635
pole 0.0014 1006 562 1040 640
pole 0.0012 782 453 847 601
rail-occluder 0.0679 1016 589 1034 644
rail-occluder 0.0075 1103 704 1140 848
rail-occluder 0.0049 1011 574 1041 641
rail-occluder 0.0036 1014 555 1030 626
