crossing 0.7987 958 684 1140 827
crossing 0.0561 968 641 1218 919
crossing 0.0332 -3 731 314 852
crossing 0.0228 -7 696 557 1077
crossing 0.0133 1 722 357 1013
crossing 0.0128 -5 727 225 816
crossing 0.0047 802 522 1270 1041
crossing 0.0047 968 757 1124 842
crossing 0.0040 -9 732 183 886
crossing 0.0033 -5 715 173 777
crossing 0.0031 74 726 324 809
crossing 0.0030 50 711 302 780
crossing 0.0029 934 606 1128 1003
crossing 0.0028 1037 688 1132 813
crossing 0.0020 841 584 1207 869
crossing 0.0017 943 680 1024 838
crossing 0.0016 -1 719 66 756
crossing 0.0015 967 675 999 841
crossing 0.0014 48 699 476 828
crossing 0.0012 950 645 1127 781
crossing 0.0011 951 680 1101 741
crossing 0.0011 1 706 154 754
crossing 0.0010 6 710 104 745
crossing 0.0010 1052 701 1201 833
guard-rail 0.0040 953 566 993 603
guard-rail 0.0021 966 567 1030 683
guard-rail 0.0019 985 583 1044 680
guard-rail 0.0018 966 563 1011 629
guard-rail 0.0012 1018 619 1049 676
platform 0.1163 15 715 581 1084
rail 0.9586 947 537 1332 1075
rail 0.7969 -3 536 880 801
rail 0.0745 10 561 699 681
rail 0.0238 -6 630 319 709
rail 0.0193 0 594 527 715
rail 0.0121 227 546 858 651
rail 0.0091 1 649 329 757
rail 0.0089 91 593 307 669
rail 0.0078 57 568 485 655
rail 0.0078 1 644 642 1019
rail 0.0052 158 598 236 674
rail 0.0049 1 725 213 859
rail 0.0029 -5 654 221 726
rail 0.0027 45 452 814 694
rail 0.0023 1 641 171 703
rail 0.0020 929 546 980 573
rail 0.0019 -1 699 215 762
rail 0.0019 951 560 997 613
rail 0.0018 873 535 973 573
rail 0.0017 -5 624 228 686
rail 0.0017 270 525 894 723
rail 0.0015 837 520 943 576
rail 0.0014 212 526 397 626
rail 0.0014 -3 605 337 817
rail 0.0011 0 725 252 1074
rail 0.0011 889 520 958 582
rail 0.0011 574 525 862 662
rail 0.0011 797 539 903 602
rail 0.0011 21 668 504 869
rail 0.0010 804 522 898 581
switch-indicator 0.0728 188 592 210 648
switch-unknown 0.0418 949 557 989 579
switch-unknown 0.0121 955 560 1001 585
switch-unknown 0.0073 929 540 982 577
switch-unknown 0.0022 808 550 850 582
switch-unknown 0.0019 951 537 1013 581
switch-unknown 0.0014 893 520 955 580
switch-unknown 0.0013 823 541 881 592
switch-static 0.0020 -1 714 77 744
switch-static 0.0016 39 701 268 763
switch-static 0.0013 527 705 590 733
switch-static 0.0010 0 713 40 748
track-sign-front 0.2512 291 521 328 552
track-sign-front 0.0896 1111 517 1127 536
track-sign-front 0.0468 533 722 590 882
track-sign-front 0.0325 652 549 672 572
track-sign-front 0.0297 864 588 879 625
track-sign-front 0.0231 347 557 381 595
track-sign-front 0.0207 350 559 374 580
track-sign-front 0.0185 1112 521 1129 546
track-sign-front 0.0144 273 522 313 572
track-sign-front 0.0137 310 519 335 651
track-sign-front 0.0128 313 522 339 547
track-sign-front 0.0082 320 536 368 583
track-sign-front 0.0082 277 520 311 551
track-sign-front 0.0055 866 545 886 605
track-sign-front 0.0039 1105 515 1134 539
track-sign-front 0.0035 371 574 395 615
track-sign-front 0.0025 643 546 666 569
track-sign-front 0.0024 269 525 333 620
track-sign-front 0.0020 653 555 676 587
track-sign-front 0.0018 1113 501 1130 527
track-sign-front 0.0017 864 573 898 625
track-sign-front 0.0016 530 706 588 731
track-sign-front 0.0015 1099 519 1122 542
track-sign-front 0.0013 449 554 468 638
track-sign-front 0.0012 1122 576 1144 602
track-sign-front 0.0011 759 508 800 570
track-sign-front 0.0010 1005 502 1022 550
track-signal-front 0.2034 873 501 888 517
track-signal-front 0.2027 939 500 949 514
track-signal-front 0.1817 827 502 839 517
track-signal-front 0.0808 777 515 789 528
track-signal-front 0.0751 937 494 948 508
track-signal-front 0.0563 718 517 730 531
track-signal-front 0.0248 872 490 887 511
track-signal-front 0.0221 871 495 890 525
track-signal-front 0.0189 824 494 841 528
track-signal-front 0.0151 826 487 839 515
track-signal-front 0.0136 719 493 732 565
track-signal-front 0.0110 937 495 951 523
track-signal-front 0.0063 936 489 949 513
track-signal-front 0.0053 776 506 791 537
track-signal-front 0.0052 932 489 974 528
track-signal-front 0.0045 871 470 889 531
track-signal-front 0.0024 783 500 819 524
track-signal-front 0.0023 825 459 841 542
track-signal-front 0.0010 864 467 902 555
fence 0.2165 -5 722 554 1082
fence 0.0047 38 617 908 1082
fence 0.0045 0 726 197 980
person 0.0236 1887 524 1919 623
person 0.0013 1872 525 1924 644
pole 0.6966 641 115 676 685
pole 0.3836 306 224 338 662
pole 0.1873 717 354 736 652
pole 0.0985 724 373 741 613
pole 0.0842 724 357 755 649
pole 0.0660 724 453 742 677
pole 0.0533 701 344 748 687
pole 0.0322 870 465 909 585
pole 0.0231 0 136 24 704
pole 0.0192 726 424 738 566
pole 0.0188 870 490 891 537
pole 0.0187 824 494 841 531
pole 0.0143 309 510 334 659
pole 0.0118 726 501 740 640
pole 0.0107 867 509 895 593
pole 0.0099 716 453 733 602
pole 0.0064 904 463 959 579
pole 0.0058 287 509 333 629
pole 0.0054 937 495 951 528
pole 0.0051 728 557 740 672
pole 0.0048 296 411 337 642
pole 0.0048 647 236 667 584
pole 0.0047 614 136 664 689
pole 0.0044 637 208 697 716
pole 0.0043 825 479 847 566
pole 0.0040 652 340 676 673
pole 0.0039 716 463 750 671
pole 0.0037 729 546 747 650
pole 0.0037 865 538 887 616
pole 0.0036 818 506 845 580
pole 0.0034 0 345 16 663
pole 0.0034 728 418 750 561
pole 0.0032 712 353 797 681
pole 0.0031 283 553 353 687
pole 0.0028 315 285 343 624
pole 0.0025 654 516 674 597
pole 0.0021 726 483 759 619
pole 0.0020 -3 45 43 729
pole 0.0018 678 446 757 668
pole 0.0018 199 495 410 668
pole 0.0017 308 542 386 646
pole 0.0016 819 505 877 589
pole 0.0014 710 413 772 645
pole 0.0012 822 402 887 638
pole 0.0010 0 228 15 535
rail-occluder 0.4671 450 589 466 633
rail-occluder 0.1119 187 591 211 647
rail-occluder 0.0313 374 586 396 623
rail-occluder 0.0203 184 591 244 646
rail-occluder 0.0200 531 713 590 873
rail-occluder 0.0185 445 587 472 638
rail-occluder 0.0073 203 575 308 642
rail-occluder 0.0071 358 576 399 624
rail-occluder 0.0057 222 554 325 623
rail-occluder 0.0047 32 695 641 1070
rail-occluder 0.0047 319 552 371 635
rail-occluder 0.0036 441 580 489 635
rail-occluder 0.0023 368 589 411 627
rail-occluder 0.0020 179 616 208 673
rail-occluder 0.0019 -2 713 171 977
rail-occluder 0.0018 276 543 341 653
rail-occluder 0.0018 419 699 590 894
rail-occluder 0.0015 196 743 497 1063
rail-occluder 0.0015 450 600 472 664
rail-occluder 0.0015 209 522 338 649
rail-occluder 0.0014 304 551 401 676
rail-occluder 0.0011 380 586 435 625
rail-occluder 0.0010 344 586 409 632
rail-occluder 0.0010 193 569 256 639
rail-occluder 0.0010 -1 719 253 1077
rail-occluder 0.0010 873 545 916 587
