train-car 0.0017 742 611 761 637
platform 0.8747 -1 660 731 1075
platform 0.2172 -2 654 675 844
platform 0.1983 4 648 634 755
platform 0.0092 90 639 698 706
platform 0.0031 -11 661 366 772
platform 0.0023 -15 643 463 713
platform 0.0022 -3 683 363 845
platform 0.0016 265 641 729 996
platform 0.0016 158 647 491 705
rail 0.9290 650 640 944 1075
rail 0.9010 809 644 1766 1079
rail 0.5827 941 655 1918 928
rail 0.2543 -8 656 680 860
rail 0.0332 721 650 768 680
rail 0.0229 -4 663 664 1044
rail 0.0134 709 645 764 673
rail 0.0130 1192 680 1921 817
rail 0.0093 739 651 784 681
rail 0.0056 665 661 753 710
rail 0.0054 1276 707 1915 882
rail 0.0044 798 636 1663 812
rail 0.0040 706 647 782 690
rail 0.0033 719 656 778 703
rail 0.0030 927 652 1115 692
rail 0.0029 1496 710 1911 803
rail 0.0028 687 657 732 712
rail 0.0023 697 672 742 709
rail 0.0021 682 636 743 668
rail 0.0020 216 631 791 750
rail 0.0019 624 648 735 713
rail 0.0019 700 635 726 666
rail 0.0019 976 662 1157 703
rail 0.0016 1648 728 1923 801
rail 0.0015 1590 735 1915 841
rail 0.0015 828 653 1057 710
rail 0.0015 744 648 841 689
rail 0.0012 831 649 927 688
rail 0.0012 859 648 961 691
rail 0.0012 937 661 1418 750
rail 0.0012 1081 679 1625 1057
rail 0.0011 1131 695 1607 870
rail 0.0011 821 633 956 706
rail 0.0011 776 651 1298 1057
rail 0.0011 509 643 855 1077
rail 0.0010 -6 712 455 881
rail 0.0010 887 677 994 719
rail 0.0010 626 678 813 1071
switch-indicator 0.4821 893 698 910 719
switch-indicator 0.0645 1077 691 1096 709
switch-indicator 0.0285 1082 689 1105 710
switch-indicator 0.0251 889 697 916 724
switch-indicator 0.0240 1077 685 1099 704
switch-indicator 0.0240 897 695 913 714
switch-indicator 0.0030 892 705 912 741
switch-indicator 0.0017 1013 687 1062 712
switch-unknown 0.1486 733 653 774 677
switch-unknown 0.0299 710 640 764 674
switch-unknown 0.0068 743 647 792 675
switch-unknown 0.0048 723 658 775 701
switch-unknown 0.0029 950 701 1004 720
switch-unknown 0.0025 935 691 1002 717
switch-unknown 0.0013 916 687 971 716
switch-unknown 0.0013 964 701 1025 724
switch-static 0.0092 716 738 754 762
switch-static 0.0035 696 674 742 710
switch-static 0.0035 1003 696 1044 717
switch-static 0.0024 967 703 1022 721
switch-static 0.0020 926 695 965 718
switch-static 0.0018 1076 687 1112 711
switch-static 0.0018 705 691 757 740
track-sign-front 0.1372 116 580 138 607
track-sign-front 0.0880 542 607 559 690
track-sign-front 0.0135 896 644 916 675
track-sign-front 0.0124 703 636 725 661
track-sign-front 0.0039 695 615 719 666
track-sign-front 0.0036 690 654 729 712
track-sign-front 0.0021 1169 639 1188 668
track-signal-front 0.2595 596 576 616 603
track-signal-front 0.2253 644 576 666 601
track-signal-front 0.0294 742 608 759 633
track-signal-front 0.0194 470 595 485 615
track-signal-front 0.0133 910 527 928 572
track-signal-front 0.0038 534 556 557 636
track-signal-front 0.0029 470 594 487 630
track-signal-front 0.0024 671 541 698 622
track-signal-front 0.0017 745 593 775 647
track-signal-front 0.0015 518 569 544 632
track-signal-back 0.2670 644 576 665 601
track-signal-back 0.1284 595 576 616 603
track-signal-back 0.0250 658 572 682 607
track-signal-back 0.0083 909 520 926 561
track-signal-back 0.0058 906 511 924 548
track-signal-back 0.0054 537 571 552 608
track-signal-back 0.0051 990 474 1008 520
track-signal-back 0.0047 809 547 835 654
track-signal-back 0.0035 814 549 831 628
track-signal-back 0.0034 910 533 930 594
track-signal-back 0.0026 1081 489 1105 535
track-signal-back 0.0025 742 606 761 636
track-signal-back 0.0022 1042 488 1060 531
track-signal-back 0.0018 539 545 557 624
track-signal-back 0.0015 1045 479 1081 533
track-signal-back 0.0015 908 504 932 537
track-signal-back 0.0015 1041 492 1057 557
track-signal-back 0.0014 1088 491 1109 522
track-signal-back 0.0010 950 475 982 531
track-signal-back 0.0010 1040 463 1058 585
pole 0.3427 678 394 698 714
pole 0.2616 598 586 611 726
pole 0.2335 644 595 654 718
pole 0.2031 541 504 562 750
pole 0.0852 544 608 559 744
pole 0.0742 1046 503 1062 687
pole 0.0452 643 577 659 707
pole 0.0443 636 551 655 726
pole 0.0362 591 532 610 738
pole 0.0221 957 486 974 676
pole 0.0130 658 399 694 720
pole 0.0094 580 568 627 722
pole 0.0093 870 561 888 681
pole 0.0089 943 503 970 691
pole 0.0081 903 564 930 683
pole 0.0073 537 597 566 747
pole 0.0069 890 543 919 698
pole 0.0069 543 663 554 744
pole 0.0069 1043 448 1059 676
pole 0.0058 902 630 919 681
pole 0.0057 547 665 561 742
pole 0.0055 974 514 1001 679
pole 0.0049 648 640 665 721
pole 0.0045 675 418 709 763
pole 0.0039 612 562 674 713
pole 0.0039 1035 478 1073 696
pole 0.0039 321 601 333 687
pole 0.0032 947 566 983 675
pole 0.0029 869 518 894 691
pole 0.0027 124 599 137 717
pole 0.0026 675 526 699 729
pole 0.0025 527 517 559 729
pole 0.0025 927 559 970 683
pole 0.0025 542 548 560 666
pole 0.0022 811 546 835 659
pole 0.0019 997 510 1044 680
pole 0.0018 1044 494 1057 627
pole 0.0017 754 -16 836 771
pole 0.0017 680 486 696 633
pole 0.0017 888 515 944 704
pole 0.0017 632 577 666 727
pole 0.0016 943 610 972 677
pole 0.0016 468 607 482 679
pole 0.0014 741 611 758 642
pole 0.0012 1046 592 1076 697
pole 0.0012 468 592 485 631
pole 0.0011 495 546 610 748
pole 0.0011 536 487 571 700
pole 0.0011 622 636 662 725
pole 0.0011 915 482 969 666
pole 0.0010 695 606 717 676
rail-occluder 0.0938 1077 689 1098 708
rail-occluder 0.0394 902 655 914 679
rail-occluder 0.0174 690 681 711 714
rail-occluder 0.0051 595 635 612 723
rail-occluder 0.0032 1556 702 1578 754
rail-occluder 0.0030 866 638 889 671
rail-occluder 0.0026 855 649 903 683
rail-occluder 0.0025 897 638 915 682
rail-occluder 0.0023 576 646 610 731
rail-occluder 0.0021 1065 681 1111 707
rail-occluder 0.0013 1170 637 1195 686
rail-occluder 0.0013 948 618 981 673
rail-occluder 0.0012 1012 656 1070 690
rail-occluder 0.0012 574 680 602 729
rail-occluder 0.0011 681 683 709 724
rail-occluder 0.0010 868 650 944 692
