train-car 0.2048 1 537 409 830
train-car 0.0049 627 602 774 672
train-car 0.0039 -3 529 377 692
train-car 0.0028 440 591 757 675
train-car 0.0018 714 616 757 658
train-car 0.0016 -6 483 658 803
train-car 0.0016 766 619 890 658
train-car 0.0012 600 541 769 663
train-car 0.0011 568 579 748 685
train-car 0.0011 896 611 932 638
rail 0.9047 239 640 898 1075
rail 0.9034 951 636 1209 1075
rail 0.6447 9 655 798 892
rail 0.3258 364 655 694 741
rail 0.1275 1059 644 1732 1077
rail 0.1209 371 653 623 703
rail 0.0869 359 667 595 724
rail 0.0698 1028 644 1222 727
rail 0.0523 748 645 845 695
rail 0.0484 1097 642 1224 708
rail 0.0442 383 632 784 717
rail 0.0436 687 637 818 690
rail 0.0327 73 648 728 791
rail 0.0261 723 646 801 691
rail 0.0217 1071 638 1201 687
rail 0.0205 645 630 773 684
rail 0.0198 729 627 833 676
rail 0.0161 380 608 674 687
rail 0.0150 768 634 795 667
rail 0.0138 1081 659 1195 723
rail 0.0138 1003 668 1247 801
rail 0.0136 526 624 775 695
rail 0.0133 281 625 779 835
rail 0.0132 1 521 371 594
rail 0.0125 1037 645 1328 918
rail 0.0123 977 633 1015 687
rail 0.0120 1100 649 1180 697
rail 0.0118 741 655 820 708
rail 0.0114 1132 656 1228 729
rail 0.0110 1111 651 1282 757
rail 0.0109 757 632 820 667
rail 0.0109 956 648 1133 759
rail 0.0093 1036 650 1157 712
rail 0.0083 610 645 707 682
rail 0.0083 1117 688 1213 746
rail 0.0082 941 629 1008 675
rail 0.0082 955 672 1069 759
rail 0.0081 1170 644 1244 691
rail 0.0079 2 689 550 1004
rail 0.0075 811 629 879 663
rail 0.0075 572 628 736 679
rail 0.0073 959 642 991 678
rail 0.0073 1 611 430 876
rail 0.0071 663 612 816 680
rail 0.0070 673 633 732 684
rail 0.0068 1137 637 1235 685
rail 0.0068 1054 677 1131 715
rail 0.0067 677 629 717 669
rail 0.0066 361 651 491 691
rail 0.0064 479 677 627 737
rail 0.0064 838 651 901 689
rail 0.0062 1029 628 1174 683
rail 0.0060 1194 743 1920 1095
rail 0.0060 982 635 1047 696
rail 0.0057 1098 641 1173 679
rail 0.0056 376 675 528 718
rail 0.0052 1096 675 1333 824
rail 0.0052 1154 648 1215 691
rail 0.0051 958 621 1032 702
rail 0.0051 962 633 1088 706
rail 0.0051 1037 681 1145 732
rail 0.0051 1036 675 1196 746
rail 0.0051 1185 642 1232 681
rail 0.0049 819 639 885 685
rail 0.0048 408 652 441 687
rail 0.0048 820 628 936 687
rail 0.0047 1050 644 1496 979
rail 0.0046 989 629 1020 658
rail 0.0046 1087 619 1251 686
rail 0.0045 768 648 879 709
rail 0.0044 553 611 770 661
rail 0.0043 930 628 985 668
rail 0.0038 190 628 628 729
rail 0.0035 888 604 973 649
rail 0.0035 423 673 669 767
rail 0.0034 684 625 901 714
rail 0.0033 861 618 942 655
rail 0.0032 1093 699 1186 759
rail 0.0032 1125 641 1198 681
rail 0.0031 483 661 731 719
rail 0.0030 899 613 930 650
rail 0.0029 383 633 569 678
rail 0.0028 885 621 981 685
rail 0.0028 634 647 769 704
rail 0.0028 824 665 882 701
rail 0.0027 931 615 1015 659
rail 0.0026 918 636 1068 1081
rail 0.0026 348 684 587 769
rail 0.0026 909 607 949 643
rail 0.0026 1271 663 1916 980
rail 0.0025 909 638 1002 687
rail 0.0025 1118 720 1182 752
rail 0.0024 688 664 770 701
rail 0.0024 610 593 830 696
rail 0.0024 1161 700 1248 748
rail 0.0023 412 622 860 772
rail 0.0023 808 634 1031 745
rail 0.0023 806 602 952 662
rail 0.0022 1140 714 1231 750
rail 0.0021 1127 641 1373 779
rail 0.0021 753 604 920 672
rail 0.0021 890 657 954 715
rail 0.0020 964 623 1094 676
rail 0.0019 702 598 877 688
rail 0.0019 731 625 874 656
rail 0.0018 845 664 894 703
rail 0.0018 637 621 760 663
rail 0.0018 987 675 1131 810
rail 0.0018 1013 682 1116 746
rail 0.0017 -11 490 327 576
rail 0.0016 1001 666 1080 727
rail 0.0016 388 683 553 735
rail 0.0016 136 567 726 752
rail 0.0016 371 659 461 701
rail 0.0015 1141 669 1395 1048
rail 0.0015 1206 900 1433 1048
rail 0.0015 1022 607 1213 672
rail 0.0014 853 657 948 729
rail 0.0014 952 616 991 657
rail 0.0013 1246 685 1486 1049
rail 0.0013 27 536 378 659
rail 0.0013 1410 646 1905 873
rail 0.0012 632 607 874 768
rail 0.0011 450 652 576 702
rail 0.0011 429 621 966 952
rail 0.0011 997 612 1063 682
rail 0.0011 926 608 1050 742
rail 0.0011 890 648 1006 1069
rail 0.0011 678 667 738 699
rail 0.0010 441 708 659 1022
rail 0.0010 331 537 836 909
rail 0.0010 945 607 1027 676
rail 0.0010 847 637 1047 990
switch-indicator 0.2260 688 631 703 657
switch-indicator 0.2079 998 629 1012 652
switch-indicator 0.1834 621 643 636 664
switch-indicator 0.1155 839 635 855 652
switch-indicator 0.0945 411 654 426 677
switch-indicator 0.0875 774 635 791 654
switch-indicator 0.0726 690 638 704 678
switch-indicator 0.0724 906 690 932 715
switch-indicator 0.0425 620 638 639 672
switch-indicator 0.0382 896 619 914 644
switch-indicator 0.0253 840 633 878 657
switch-indicator 0.0192 760 639 801 682
switch-indicator 0.0172 410 652 436 683
switch-indicator 0.0158 1132 726 1147 747
switch-indicator 0.0150 1128 714 1151 750
switch-indicator 0.0138 902 614 925 646
switch-indicator 0.0134 958 639 986 667
switch-indicator 0.0118 697 643 767 688
switch-indicator 0.0108 621 632 635 657
switch-indicator 0.0092 693 621 764 678
switch-indicator 0.0090 1182 648 1233 686
switch-indicator 0.0090 733 622 791 676
switch-indicator 0.0081 853 653 887 688
switch-indicator 0.0077 856 670 880 694
switch-indicator 0.0077 628 645 685 680
switch-indicator 0.0074 725 618 750 653
switch-indicator 0.0062 909 683 945 716
switch-indicator 0.0061 830 633 878 688
switch-indicator 0.0053 912 608 946 637
switch-indicator 0.0049 1079 676 1140 713
switch-indicator 0.0047 1209 651 1240 685
switch-indicator 0.0046 614 631 684 675
switch-indicator 0.0044 991 628 1021 658
switch-indicator 0.0039 610 639 651 673
switch-indicator 0.0026 1092 685 1144 734
switch-indicator 0.0024 906 657 937 714
switch-indicator 0.0022 726 607 777 661
switch-indicator 0.0017 853 665 885 702
switch-indicator 0.0017 936 641 979 681
switch-indicator 0.0016 404 638 425 675
switch-indicator 0.0015 1077 637 1127 670
switch-indicator 0.0012 861 640 924 692
switch-indicator 0.0011 1298 607 1328 664
switch-left 0.0088 954 693 1051 771
switch-right 0.0074 952 687 1048 762
switch-right 0.0039 960 664 1034 720
switch-right 0.0023 960 728 1072 804
switch-right 0.0011 997 696 1078 790
switch-unknown 0.0122 1125 662 1206 722
switch-unknown 0.0122 960 646 987 673
switch-unknown 0.0110 1120 650 1203 698
switch-unknown 0.0098 979 632 1016 682
switch-unknown 0.0077 784 647 863 693
switch-unknown 0.0076 1105 665 1170 718
switch-unknown 0.0067 752 659 809 708
switch-unknown 0.0058 1141 697 1223 746
switch-unknown 0.0051 965 693 1059 753
switch-unknown 0.0039 832 669 878 697
switch-unknown 0.0033 1090 638 1146 673
switch-unknown 0.0033 789 663 865 707
switch-unknown 0.0029 976 663 1052 723
switch-unknown 0.0017 1001 689 1076 750
switch-unknown 0.0013 1173 715 1247 755
switch-unknown 0.0012 1008 675 1072 718
switch-static 0.0135 901 689 934 713
switch-static 0.0101 1061 681 1124 713
switch-static 0.0074 1242 954 1373 1021
switch-static 0.0071 1129 724 1168 749
switch-static 0.0034 1242 950 1466 1046
switch-static 0.0032 1068 659 1127 703
switch-static 0.0030 1118 724 1146 749
switch-static 0.0021 907 680 949 719
switch-static 0.0015 1221 962 1395 1064
switch-static 0.0014 149 767 195 799
switch-static 0.0010 1258 967 1502 1082
track-sign-front 0.6433 1348 578 1378 622
track-sign-front 0.0384 1311 609 1328 631
track-sign-front 0.0197 572 589 588 613
track-sign-front 0.0182 570 593 586 650
track-sign-front 0.0076 1041 593 1054 617
track-sign-front 0.0075 1341 571 1388 628
track-sign-front 0.0073 573 583 594 609
track-sign-front 0.0066 1320 586 1343 629
track-sign-front 0.0037 398 607 415 625
track-sign-front 0.0028 1033 588 1056 639
track-sign-front 0.0017 1265 470 1282 496
track-sign-front 0.0016 793 723 813 747
track-sign-front 0.0013 1040 581 1054 610
track-sign-front 0.0012 131 492 141 516
track-sign-front 0.0012 1300 603 1343 637
track-sign-front 0.0011 968 535 982 557
track-sign-front 0.0010 1367 573 1411 622
track-signal-front 0.0604 901 614 920 634
track-signal-front 0.0339 1312 610 1328 633
track-signal-front 0.0326 1542 514 1562 542
track-signal-front 0.0311 909 607 928 628
track-signal-front 0.0280 899 610 916 627
track-signal-front 0.0122 400 609 418 626
track-signal-front 0.0049 1308 589 1326 643
track-signal-front 0.0037 1240 562 1266 586
track-signal-front 0.0029 1537 511 1567 560
track-signal-front 0.0024 1003 599 1027 624
track-signal-front 0.0017 398 600 420 648
track-signal-front 0.0016 968 539 984 562
track-signal-front 0.0012 967 540 981 592
track-signal-front 0.0010 1299 606 1340 640
pole 0.0532 516 567 526 692
pole 0.0273 570 617 581 662
pole 0.0213 672 476 692 672
pole 0.0172 569 585 587 658
pole 0.0153 510 584 530 693
pole 0.0128 513 515 528 707
pole 0.0069 507 437 528 721
pole 0.0065 571 584 591 626
pole 0.0061 669 451 707 692
pole 0.0060 500 317 541 716
pole 0.0059 572 544 596 647
pole 0.0056 508 587 547 697
pole 0.0056 566 622 591 709
pole 0.0056 418 570 663 712
pole 0.0049 675 500 691 627
pole 0.0048 595 435 620 676
pole 0.0041 510 306 563 724
pole 0.0030 524 374 583 749
pole 0.0028 552 559 633 698
pole 0.0028 568 432 613 711
pole 0.0025 542 619 581 724
pole 0.0024 636 579 758 687
pole 0.0021 510 482 542 733
pole 0.0019 719 522 754 686
pole 0.0015 721 553 750 649
pole 0.0015 480 565 526 690
pole 0.0015 663 521 687 633
pole 0.0013 577 550 607 657
pole 0.0013 652 480 738 676
pole 0.0013 719 597 784 671
pole 0.0011 575 576 609 630
pole 0.0011 688 450 770 707
pole 0.0010 510 546 544 668
pole 0.0010 598 491 621 621
rail-occluder 0.2386 546 689 557 725
rail-occluder 0.0197 620 641 636 681
rail-occluder 0.0121 404 660 424 698
rail-occluder 0.0063 691 671 722 695
rail-occluder 0.0049 491 673 540 714
rail-occluder 0.0037 735 659 789 706
rail-occluder 0.0037 523 658 556 712
rail-occluder 0.0029 490 648 540 700
rail-occluder 0.0028 698 667 760 699
rail-occluder 0.0022 618 663 652 708
rail-occluder 0.0022 482 687 543 728
rail-occluder 0.0021 668 668 714 699
rail-occluder 0.0019 321 735 360 767
rail-occluder 0.0017 547 669 610 720
rail-occluder 0.0016 536 689 559 772
rail-occluder 0.0010 453 650 533 694
rail-occluder 0.0010 632 665 685 706
rail-occluder 0.0010 545 687 569 775
