crossing 0.0163 1129 655 1177 674
crossing 0.0025 1124 647 1188 676
guard-rail 0.1070 1094 676 1149 783
guard-rail 0.0816 1150 684 1167 791
guard-rail 0.0639 1156 677 1171 780
guard-rail 0.0562 1116 673 1158 787
guard-rail 0.0179 1161 683 1183 787
guard-rail 0.0123 1078 681 1129 794
guard-rail 0.0103 1169 669 1191 781
guard-rail 0.0052 1112 635 1186 797
guard-rail 0.0020 1168 603 1259 798
guard-rail 0.0017 1179 669 1215 770
guard-rail 0.0015 1169 618 1207 788
guard-rail 0.0012 1056 646 1210 791
guard-rail 0.0012 1078 636 1259 845
guard-rail 0.0011 1113 656 1167 739
guard-rail 0.0010 1026 596 1315 913
rail 0.7707 1004 580 1425 1077
rail 0.0011 1067 622 1280 815
rail 0.0010 1092 565 1465 872
track-sign-front 0.3517 1224 551 1247 578
track-sign-front 0.0734 1112 594 1127 618
track-sign-front 0.0051 1114 578 1128 611
track-sign-front 0.0037 1288 545 1302 568
track-sign-front 0.0016 1107 593 1135 623
track-sign-front 0.0016 99 567 162 641
track-sign-front 0.0013 1222 526 1251 566
track-sign-front 0.0011 1289 545 1314 588
pole 0.2316 1227 548 1245 673
pole 0.0174 1224 568 1253 697
pole 0.0018 1207 567 1260 721
rail-occluder 0.0212 1222 550 1251 687
rail-occluder 0.0054 1229 579 1258 704
rail-occluder 0.0023 1460 529 1486 592
rail-occluder 0.0012 1204 573 1261 697
rail-occluder 0.0011 1226 606 1310 797
