guard-rail 0.0017 1180 684 1287 721
guard-rail 0.0011 1163 672 1267 713
train-car 0.0014 1447 536 1591 648
rail 0.9570 7 537 902 1078
rail 0.9359 920 556 1218 1075
rail 0.8874 949 565 1912 1076
rail 0.0049 1023 588 1912 854
rail 0.0024 907 563 974 614
switch-indicator 0.1387 1321 665 1375 706
switch-left 0.0037 910 565 975 617
switch-left 0.0011 915 588 976 631
switch-right 0.0011 915 586 976 633
switch-unknown 0.0846 915 567 965 591
switch-unknown 0.0249 915 570 971 606
switch-unknown 0.0139 919 558 966 581
switch-unknown 0.0093 924 564 985 594
switch-unknown 0.0035 871 560 946 587
switch-unknown 0.0029 926 577 993 611
switch-unknown 0.0023 843 548 901 576
switch-unknown 0.0023 825 557 882 581
switch-unknown 0.0014 859 544 941 580
switch-unknown 0.0013 903 554 956 584
switch-unknown 0.0010 802 561 865 585
switch-static 0.0032 1210 692 1302 726
switch-static 0.0020 1252 694 1300 723
switch-static 0.0010 963 556 1020 600
track-sign-front 0.0054 1589 590 1615 623
track-sign-front 0.0020 1458 593 1483 658
pole 0.0039 1557 23 1642 884
pole 0.0028 1463 600 1481 706
