crossing 0.7491 882 758 1198 1074
crossing 0.1048 918 749 1171 901
crossing 0.0233 888 595 1194 1002
crossing 0.0151 954 755 1159 842
crossing 0.0020 1058 464 1122 492
crossing 0.0015 963 841 1147 1062
crossing 0.0015 875 923 1203 1076
guard-rail 0.0015 1111 686 1124 755
guard-rail 0.0013 989 528 1048 722
guard-rail 0.0012 986 504 1090 740
platform 0.0021 1093 510 1904 1069
rail 0.9323 878 480 1200 1078
rail 0.0022 1790 586 1919 1098
rail 0.0016 1676 540 1923 1067
rail 0.0010 884 498 1025 1100
track-sign-front 0.7694 2 88 144 297
track-sign-front 0.0133 194 342 242 373
track-sign-front 0.0058 951 462 970 501
track-sign-front 0.0019 1675 244 1701 272
track-sign-front 0.0016 199 348 244 390
track-sign-front 0.0014 1636 315 1667 419
track-sign-front 0.0012 187 322 258 376
track-sign-front 0.0012 950 443 980 501
track-sign-front 0.0011 205 341 265 376
track-sign-front 0.0010 1050 165 1076 190
track-signal-front 0.6170 1639 67 1736 249
track-signal-front 0.4317 1645 77 1726 162
track-signal-front 0.0868 1648 168 1728 238
track-signal-front 0.0550 10 3 142 107
track-signal-front 0.0092 1508 438 1551 545
track-signal-front 0.0034 -5 -56 150 156
track-signal-front 0.0030 1638 154 1730 291
track-signal-front 0.0020 1610 -25 1752 194
track-signal-front 0.0020 1670 216 1713 272
track-signal-front 0.0020 1652 63 1773 201
track-signal-front 0.0017 1635 309 1668 423
track-signal-front 0.0015 1511 441 1555 490
person 0.0112 1510 440 1550 543
pole 0.0077 1183 246 1197 525
pole 0.0045 1130 213 1150 515
pole 0.0031 1173 87 1208 555
pole 0.0016 0 46 155 1090
pole 0.0014 1184 343 1195 478
pole 0.0010 944 290 964 532
pole 0.0010 1182 216 1208 504
pole 0.0010 1141 242 1176 529
pole 0.0010 1134 295 1155 511
rail-occluder 0.0025 951 461 977 522
rail-occluder 0.0010 942 462 968 531
