rail 0.9560 4 483 829 1074
rail 0.9485 799 493 1345 1075
rail 0.0027 913 538 1183 1050
track-sign-front 0.7764 593 446 622 475
track-sign-front 0.7518 1113 474 1139 501
track-sign-front 0.1408 898 472 907 489
track-sign-front 0.0944 667 440 679 462
track-sign-front 0.0494 899 476 910 495
track-sign-front 0.0195 667 441 682 505
track-sign-front 0.0174 666 434 681 471
track-sign-front 0.0101 668 461 683 522
track-sign-front 0.0088 666 408 682 489
track-sign-front 0.0070 731 451 744 502
track-sign-front 0.0049 896 465 910 489
track-sign-front 0.0038 769 469 786 515
track-sign-front 0.0037 1007 464 1023 543
track-sign-front 0.0032 1008 418 1031 467
track-sign-front 0.0023 595 435 625 498
track-sign-front 0.0021 898 443 912 481
track-sign-front 0.0020 731 430 780 524
track-sign-front 0.0017 1009 436 1028 539
track-sign-front 0.0016 880 471 906 492
track-sign-front 0.0015 1118 473 1168 502
track-sign-front 0.0015 618 336 649 364
track-sign-front 0.0013 896 474 918 521
track-sign-front 0.0012 940 487 956 535
track-sign-front 0.0010 1112 455 1135 499
track-sign-front 0.0010 937 511 955 536
track-signal-front 0.8464 631 253 669 332
track-signal-front 0.7540 1101 290 1134 364
track-signal-front 0.0086 1105 337 1132 379
track-signal-front 0.0025 1099 353 1135 386
track-signal-front 0.0016 618 213 676 331
track-signal-front 0.0013 1098 286 1161 362
track-signal-back 0.7679 1005 374 1027 426
track-signal-back 0.4350 746 365 768 403
track-signal-back 0.0081 1003 372 1046 421
track-signal-back 0.0064 769 389 784 499
track-signal-back 0.0036 1036 384 1063 425
track-signal-back 0.0028 1003 408 1025 448
track-signal-back 0.0027 1011 397 1045 444
track-signal-back 0.0025 989 372 1037 434
track-signal-back 0.0021 776 399 806 425
track-signal-back 0.0019 747 380 790 428
track-signal-back 0.0017 1001 353 1034 403
track-signal-back 0.0010 732 363 776 410
pole 0.0491 771 395 782 521
pole 0.0064 752 388 783 522
pole 0.0039 773 395 797 513
pole 0.0035 769 434 786 518
pole 0.0025 730 428 745 528
pole 0.0016 734 407 779 552
pole 0.0011 772 450 802 506
