guard-rail 0.2604 777 879 794 921
guard-rail 0.0431 761 868 783 920
guard-rail 0.0136 754 842 805 896
guard-rail 0.0112 715 725 865 1072
guard-rail 0.0105 1358 804 1440 838
guard-rail 0.0104 1158 795 1218 831
guard-rail 0.0091 1338 794 1417 826
guard-rail 0.0078 770 875 804 920
guard-rail 0.0074 1158 782 1211 810
guard-rail 0.0072 1316 777 1396 808
guard-rail 0.0067 1138 781 1189 808
guard-rail 0.0064 737 749 803 1046
guard-rail 0.0057 1334 783 1411 815
guard-rail 0.0056 1295 772 1370 801
guard-rail 0.0050 1384 809 1460 840
guard-rail 0.0048 1183 783 1231 813
guard-rail 0.0047 1274 746 1342 785
guard-rail 0.0045 755 724 850 807
guard-rail 0.0043 1292 749 1368 785
guard-rail 0.0041 1282 770 1340 797
guard-rail 0.0038 1250 738 1316 777
guard-rail 0.0035 793 884 832 927
guard-rail 0.0034 1143 789 1195 821
guard-rail 0.0032 1166 808 1220 847
guard-rail 0.0030 1311 757 1390 789
guard-rail 0.0025 1210 736 1268 770
guard-rail 0.0025 787 875 845 936
guard-rail 0.0025 984 874 1010 931
guard-rail 0.0025 1200 796 1253 826
guard-rail 0.0023 1226 738 1293 773
guard-rail 0.0022 1201 780 1255 813
guard-rail 0.0019 766 860 822 1059
guard-rail 0.0016 1296 793 1367 823
guard-rail 0.0015 1109 772 1172 804
guard-rail 0.0014 972 836 1015 972
guard-rail 0.0014 1256 769 1319 799
guard-rail 0.0012 1096 752 1165 783
guard-rail 0.0012 769 869 801 979
guard-rail 0.0012 1143 785 1236 840
guard-rail 0.0012 777 855 867 929
guard-rail 0.0011 1357 781 1439 815
guard-rail 0.0011 742 837 836 889
guard-rail 0.0011 1396 804 1499 842
guard-rail 0.0010 1185 742 1243 791
guard-rail 0.0010 1229 772 1284 806
rail 0.9211 1070 703 1767 1078
rail 0.8441 700 720 1028 1077
rail 0.8316 841 705 1183 1077
rail 0.7669 1218 709 1917 951
rail 0.4946 712 708 1032 804
rail 0.0949 745 726 913 809
rail 0.0736 712 747 832 815
rail 0.0691 735 703 1116 848
rail 0.0263 695 756 790 806
rail 0.0144 2 712 865 1066
rail 0.0140 1266 703 1339 738
rail 0.0135 674 720 878 836
rail 0.0125 1448 762 1927 912
rail 0.0110 734 693 1219 774
rail 0.0099 1212 706 1308 745
rail 0.0090 1273 777 1920 1062
rail 0.0084 1588 789 1921 979
rail 0.0077 1250 721 1314 752
rail 0.0076 664 738 791 797
rail 0.0075 1358 717 1925 858
rail 0.0064 751 703 1041 759
rail 0.0057 1196 715 1272 745
rail 0.0055 1212 724 1302 755
rail 0.0052 1656 861 1921 1012
rail 0.0050 711 731 823 1064
rail 0.0048 709 723 868 789
rail 0.0046 1196 697 1344 750
rail 0.0043 833 705 1099 797
rail 0.0042 -4 623 663 989
rail 0.0042 844 692 1334 891
rail 0.0040 861 774 1034 1046
rail 0.0039 1273 698 1337 724
rail 0.0034 674 704 943 772
rail 0.0033 1184 729 1648 888
rail 0.0031 1672 791 1919 915
rail 0.0030 1201 724 1265 753
rail 0.0028 1232 708 1397 788
rail 0.0028 1755 857 1922 949
rail 0.0028 1747 883 1922 997
rail 0.0025 0 624 305 944
rail 0.0025 1160 697 1314 726
rail 0.0024 5 614 459 823
rail 0.0022 807 715 927 777
rail 0.0020 653 728 870 990
rail 0.0020 1235 718 1491 827
rail 0.0019 1763 715 1919 914
rail 0.0019 688 749 751 796
rail 0.0018 1152 704 1320 776
rail 0.0017 922 732 1313 997
rail 0.0015 287 352 517 1065
rail 0.0015 1731 753 1921 1007
rail 0.0014 1797 857 1923 912
rail 0.0014 1284 727 1366 765
rail 0.0014 1857 783 1919 932
rail 0.0014 1253 691 1361 754
rail 0.0013 1250 687 1736 838
rail 0.0012 1019 734 1215 1057
rail 0.0012 1672 873 1903 957
rail 0.0011 149 448 578 1063
rail 0.0011 525 722 879 1069
rail 0.0011 1835 835 1922 902
rail 0.0011 875 694 1174 760
rail 0.0011 1050 702 1359 833
rail 0.0011 -4 660 151 1062
rail 0.0011 1842 824 1920 979
rail 0.0010 1697 909 1912 1037
rail 0.0010 1446 765 1688 865
rail 0.0010 838 884 1034 1079
switch-indicator 0.0375 826 759 864 798
switch-indicator 0.0039 843 733 879 794
switch-indicator 0.0016 692 753 741 795
switch-indicator 0.0013 823 727 898 796
switch-indicator 0.0011 1720 764 1742 814
switch-left 0.1625 716 780 802 815
switch-left 0.1029 713 753 830 813
switch-left 0.0034 762 756 842 816
switch-left 0.0030 715 792 803 873
switch-left 0.0023 743 786 840 822
switch-left 0.0012 719 804 833 848
switch-right 0.3436 710 777 801 815
switch-right 0.0239 697 758 785 805
switch-right 0.0039 1080 742 1143 771
switch-right 0.0028 730 800 824 885
switch-right 0.0023 1073 739 1120 766
switch-right 0.0017 1288 751 1374 786
switch-right 0.0015 751 786 835 823
switch-unknown 0.0318 1260 710 1316 744
switch-unknown 0.0263 1268 704 1333 737
switch-unknown 0.0127 1202 719 1263 745
switch-unknown 0.0125 1256 723 1310 751
switch-unknown 0.0114 1275 697 1332 722
switch-unknown 0.0101 1070 733 1121 755
switch-unknown 0.0101 1222 709 1297 744
switch-unknown 0.0069 1180 717 1246 743
switch-unknown 0.0056 1087 717 1143 747
switch-unknown 0.0053 1218 724 1293 754
switch-unknown 0.0044 1075 739 1117 763
switch-unknown 0.0038 1162 714 1220 741
switch-unknown 0.0034 1290 702 1355 735
switch-unknown 0.0033 1076 729 1142 761
switch-unknown 0.0024 1059 713 1128 752
switch-unknown 0.0023 1105 706 1167 744
switch-unknown 0.0023 1231 692 1293 723
switch-unknown 0.0019 1308 670 1354 734
switch-unknown 0.0012 1197 692 1274 724
switch-unknown 0.0011 1134 709 1192 745
switch-static 0.1499 819 778 860 809
switch-static 0.0237 1061 816 1121 846
switch-static 0.0181 1191 726 1246 746
switch-static 0.0154 830 776 883 810
switch-static 0.0120 607 811 693 860
switch-static 0.0100 679 815 728 842
switch-static 0.0089 601 838 681 879
switch-static 0.0081 687 804 729 837
switch-static 0.0076 794 741 862 806
switch-static 0.0061 621 808 683 838
switch-static 0.0060 656 804 720 835
switch-static 0.0048 643 813 731 851
switch-static 0.0047 1001 805 1045 833
switch-static 0.0035 1035 814 1104 843
switch-static 0.0031 839 789 893 814
switch-static 0.0029 1076 812 1137 841
switch-static 0.0026 1166 725 1218 746
switch-static 0.0025 1011 812 1075 849
switch-static 0.0024 759 744 1016 836
switch-static 0.0023 614 811 748 884
switch-static 0.0022 1287 724 1361 768
switch-static 0.0020 663 879 741 911
switch-static 0.0018 816 771 919 836
switch-static 0.0018 695 760 743 816
switch-static 0.0015 859 773 916 808
switch-static 0.0013 976 801 1073 860
switch-static 0.0012 997 810 1052 847
switch-static 0.0012 550 805 758 952
switch-static 0.0012 600 851 715 907
switch-static 0.0012 1098 726 1161 756
switch-static 0.0012 834 779 899 828
switch-static 0.0012 1315 735 1376 767
switch-static 0.0010 656 884 747 925
track-sign-front 0.0263 1720 758 1741 788
track-sign-front 0.0189 739 700 758 722
track-sign-front 0.0085 1718 727 1740 784
track-sign-front 0.0064 1719 716 1736 764
track-sign-front 0.0052 1446 708 1463 757
track-sign-front 0.0046 1718 715 1732 743
track-sign-front 0.0023 1772 677 1791 728
track-sign-front 0.0022 777 652 794 725
track-sign-front 0.0017 1721 763 1741 813
track-sign-front 0.0016 1793 741 1833 799
track-sign-front 0.0015 1774 649 1793 769
track-sign-front 0.0013 1444 675 1462 735
track-sign-front 0.0011 626 641 645 755
track-sign-front 0.0010 733 700 766 727
track-signal-back 0.4961 965 611 981 652
track-signal-back 0.1652 782 623 794 664
track-signal-back 0.0123 784 624 797 654
track-signal-back 0.0087 938 595 982 692
track-signal-back 0.0065 780 621 795 696
track-signal-back 0.0044 960 609 986 661
track-signal-back 0.0023 1432 582 1450 610
track-signal-back 0.0019 1440 571 1457 686
track-signal-back 0.0017 1434 571 1456 640
track-signal-back 0.0012 775 624 801 666
track-signal-back 0.0011 1435 538 1454 678
pole 0.1694 966 607 980 739
pole 0.0739 1760 386 1793 833
pole 0.0717 1340 577 1354 718
pole 0.0467 923 602 934 726
pole 0.0396 1109 587 1120 716
pole 0.0376 1442 528 1459 771
pole 0.0293 825 564 841 741
pole 0.0289 1045 585 1058 722
pole 0.0273 972 633 985 745
pole 0.0256 1029 460 1045 744
pole 0.0245 1037 518 1051 733
pole 0.0231 932 596 975 738
pole 0.0231 452 -5 528 1017
pole 0.0224 1047 585 1068 723
pole 0.0213 1337 602 1350 727
pole 0.0199 1721 394 1782 885
pole 0.0150 954 623 975 751
pole 0.0145 1712 419 1742 820
pole 0.0132 1112 543 1126 725
pole 0.0128 963 667 978 748
pole 0.0114 1021 419 1042 741
pole 0.0092 822 597 837 727
pole 0.0092 828 568 860 756
pole 0.0088 964 604 986 682
pole 0.0083 853 533 878 767
pole 0.0081 1360 581 1379 716
pole 0.0075 1753 363 1807 926
pole 0.0066 955 596 984 714
pole 0.0064 1119 518 1141 734
pole 0.0063 872 496 891 760
pole 0.0054 1111 585 1137 714
pole 0.0050 923 536 939 737
pole 0.0044 1077 580 1124 720
pole 0.0037 1049 661 1071 725
pole 0.0036 623 446 653 858
pole 0.0033 626 537 645 812
pole 0.0032 779 614 796 710
pole 0.0028 879 499 899 753
pole 0.0027 921 623 937 760
pole 0.0026 368 41 554 1118
pole 0.0023 1030 538 1044 676
pole 0.0023 1333 578 1363 732
pole 0.0022 1443 583 1457 718
pole 0.0021 452 177 509 832
pole 0.0020 1122 562 1143 692
pole 0.0020 469 21 568 1005
pole 0.0020 1019 552 1061 746
pole 0.0018 856 585 881 721
pole 0.0017 883 536 915 764
pole 0.0017 1168 618 1191 720
pole 0.0016 936 659 1015 792
pole 0.0015 1696 420 1757 820
pole 0.0014 1007 587 1039 719
pole 0.0013 1329 640 1373 738
pole 0.0012 1037 566 1065 735
pole 0.0011 840 605 872 794
pole 0.0010 815 569 846 756
pole 0.0010 1109 612 1158 724
rail-occluder 0.0043 1447 718 1464 763
rail-occluder 0.0026 1445 741 1468 772
rail-occluder 0.0018 1046 692 1081 736
rail-occluder 0.0015 847 718 888 767
rail-occluder 0.0011 1025 697 1071 735
rail-occluder 0.0010 1321 695 1366 735
rail-occluder 0.0010 825 717 877 786
