crossing 0.0015 930 586 1007 615
train-car 0.0070 1328 512 1541 580
platform 0.3178 1151 688 1898 1077
platform 0.0687 12 645 829 1078
platform 0.0061 1240 527 1892 982
platform 0.0017 6 495 1199 1096
platform 0.0016 35 542 673 969
rail 0.8104 792 587 1075 1076
rail 0.5557 886 631 1359 792
rail 0.1440 844 703 1056 904
rail 0.0357 809 612 1363 1078
rail 0.0272 896 627 1250 729
rail 0.0251 834 595 1751 907
rail 0.0217 864 680 1024 800
rail 0.0168 887 675 1207 799
rail 0.0148 1213 729 1900 1078
rail 0.0088 914 583 1513 765
rail 0.0077 833 624 1041 831
rail 0.0070 1386 593 1895 977
rail 0.0064 953 652 1255 776
rail 0.0062 835 560 1425 852
rail 0.0046 863 594 1298 690
rail 0.0034 689 617 1033 793
rail 0.0028 877 644 1035 765
rail 0.0026 803 608 1163 755
rail 0.0024 926 632 1507 972
rail 0.0023 898 673 1036 741
rail 0.0018 1634 601 1921 1022
rail 0.0017 924 630 1213 1070
rail 0.0016 759 564 954 1066
rail 0.0015 691 533 1136 894
rail 0.0013 1187 583 1737 733
rail 0.0012 1351 538 1624 917
rail 0.0011 1154 603 1528 793
rail 0.0011 777 548 1276 763
rail 0.0010 1023 621 1317 765
switch-left 0.2601 882 739 1050 820
switch-left 0.0207 884 697 1046 785
switch-left 0.0016 872 769 1064 884
switch-left 0.0013 870 718 1133 806
switch-right 0.3070 884 728 1049 814
switch-right 0.1321 827 668 1057 940
switch-right 0.0335 881 696 1054 778
switch-right 0.0026 898 671 1034 742
switch-right 0.0013 928 711 1038 786
track-sign-front 0.0317 1280 252 1316 278
track-sign-front 0.0069 11 174 328 330
track-sign-front 0.0046 641 509 663 540
track-sign-front 0.0020 166 224 256 310
track-sign-front 0.0016 171 252 252 299
track-sign-front 0.0015 835 373 852 395
track-sign-front 0.0015 999 345 1021 373
track-sign-front 0.0015 1292 250 1330 277
track-sign-front 0.0014 141 437 187 486
track-sign-front 0.0014 1276 238 1314 273
track-sign-front 0.0013 310 70 339 101
track-sign-front 0.0013 202 253 240 299
track-sign-front 0.0010 841 367 856 388
track-sign-front 0.0010 1275 255 1312 292
track-sign-front 0.0010 1004 339 1024 369
track-signal-front 0.2216 1760 21 1917 274
track-signal-front 0.0232 486 463 506 494
track-signal-front 0.0171 1820 75 1921 265
track-signal-front 0.0022 908 458 923 492
track-signal-front 0.0011 1786 91 1889 232
track-signal-front 0.0010 1003 344 1024 374
track-signal-back 0.0049 260 178 330 340
person-group 0.3473 419 505 589 620
person-group 0.0022 481 497 709 617
person-group 0.0021 890 508 1700 823
person-group 0.0017 333 473 586 629
person-group 0.0014 1170 512 1823 935
person-group 0.0014 254 502 409 626
car 0.3732 780 511 998 587
car 0.0228 1342 517 1554 582
car 0.0057 1175 535 1349 581
car 0.0021 1169 522 1270 587
car 0.0014 1337 500 1657 586
car 0.0010 732 497 1055 684
car 0.0010 843 511 948 582
person 0.8430 1262 524 1363 766
person 0.7704 344 544 453 849
person 0.7669 1464 539 1616 934
person 0.4814 289 652 360 838
person 0.2238 321 524 359 626
person 0.1831 269 520 316 635
person 0.1479 368 516 418 618
person 0.0749 291 546 411 858
person 0.0551 431 512 575 624
person 0.0500 317 518 392 627
person 0.0469 493 505 589 622
person 0.0406 638 510 663 566
person 0.0395 463 512 520 618
person 0.0356 598 508 647 626
person 0.0307 523 504 643 627
person 0.0282 302 521 351 644
person 0.0193 481 505 547 619
person 0.0110 631 508 669 583
person 0.0108 555 505 601 610
person 0.0094 1482 541 1506 584
person 0.0093 1171 533 1198 586
person 0.0090 251 639 380 848
person 0.0085 417 518 489 621
person 0.0076 564 512 597 559
person 0.0073 348 515 416 668
person 0.0061 568 503 637 602
person 0.0057 264 527 436 670
person 0.0057 602 513 629 568
person 0.0055 374 513 520 618
person 0.0051 1433 525 1576 593
person 0.0047 503 550 533 619
person 0.0043 281 493 343 619
person 0.0042 526 507 602 576
person 0.0038 516 504 569 583
person 0.0035 1516 538 1555 606
person 0.0033 504 542 567 622
person 0.0033 1471 539 1519 585
person 0.0032 1508 537 1543 597
person 0.0031 625 514 674 622
person 0.0024 1266 627 1356 759
person 0.0024 311 505 603 889
person 0.0020 1350 525 1653 594
person 0.0017 376 518 457 669
person 0.0016 1482 521 1555 677
person 0.0015 482 463 506 515
person 0.0014 234 528 361 647
person 0.0013 1467 508 1568 823
person 0.0013 326 502 360 590
person 0.0013 1369 582 1582 1006
person 0.0013 177 575 496 992
person 0.0012 1180 511 1487 762
person 0.0011 1266 494 1357 667
person 0.0011 1393 555 1648 782
person 0.0010 364 627 449 769
person 0.0010 701 522 789 620
pole 0.0117 1725 59 1886 1129
pole 0.0024 1756 59 1861 855
pole 0.0011 1740 -256 1967 327
