guard-rail 0.0136 1041 713 1105 768
guard-rail 0.0046 971 601 1033 696
guard-rail 0.0024 4 787 103 830
guard-rail 0.0017 900 636 955 663
guard-rail 0.0016 876 655 923 687
guard-rail 0.0014 531 980 643 1065
guard-rail 0.0011 -2 786 40 843
train-car 0.7546 1136 451 1913 1075
train-car 0.0010 22 578 287 679
platform 0.0010 1224 612 1892 1063
rail 0.9263 163 587 1040 1076
rail 0.9205 990 583 1249 1077
rail 0.8126 1 580 1003 832
rail 0.5887 982 594 1086 743
rail 0.3997 -3 601 899 730
rail 0.3903 0 697 493 826
rail 0.2703 974 593 1095 1075
rail 0.1513 5 648 627 745
rail 0.1072 -2 683 457 771
rail 0.0620 0 733 345 835
rail 0.0378 1092 585 1140 625
rail 0.0279 1088 672 1223 862
rail 0.0266 39 625 733 705
rail 0.0254 -1 646 454 703
rail 0.0185 997 651 1102 765
rail 0.0179 1052 584 1130 616
rail 0.0158 598 589 992 654
rail 0.0152 963 593 1050 716
rail 0.0143 1113 569 1151 629
rail 0.0142 1044 582 1145 635
rail 0.0142 1025 585 1094 615
rail 0.0134 978 602 1043 646
rail 0.0130 357 591 987 704
rail 0.0127 0 762 168 840
rail 0.0111 1006 589 1077 671
rail 0.0103 19 709 381 795
rail 0.0100 1013 577 1077 619
rail 0.0098 984 587 1046 625
rail 0.0081 -9 629 696 905
rail 0.0080 479 632 812 704
rail 0.0077 1101 589 1156 640
rail 0.0071 1093 565 1144 604
rail 0.0070 -12 687 278 753
rail 0.0070 770 591 973 624
rail 0.0069 2 650 73 686
rail 0.0067 7 734 259 801
rail 0.0065 740 586 1011 637
rail 0.0064 910 606 1064 1081
rail 0.0059 2 604 523 687
rail 0.0051 0 774 96 841
rail 0.0045 1060 564 1121 606
rail 0.0044 2 764 233 879
rail 0.0042 938 585 1058 658
rail 0.0040 19 665 384 722
rail 0.0039 56 659 725 810
rail 0.0038 1 665 125 734
rail 0.0038 11 714 256 773
rail 0.0035 1026 582 1092 601
rail 0.0034 1 670 72 724
rail 0.0032 1016 576 1072 599
rail 0.0032 1024 591 1085 649
rail 0.0030 171 712 444 789
rail 0.0030 1022 602 1085 695
rail 0.0029 -23 628 276 692
rail 0.0028 19 705 101 739
rail 0.0028 0 717 73 764
rail 0.0028 1 698 74 743
rail 0.0027 836 592 1070 716
rail 0.0027 -1 728 80 804
rail 0.0026 925 605 995 637
rail 0.0025 7 726 421 923
rail 0.0024 877 585 1022 624
rail 0.0022 2 754 117 792
rail 0.0021 0 783 72 874
rail 0.0020 692 587 923 628
rail 0.0019 1069 588 1155 692
rail 0.0018 354 622 836 734
rail 0.0016 103 722 404 823
rail 0.0016 12 696 182 745
rail 0.0016 -3 670 214 723
rail 0.0016 181 670 444 730
rail 0.0016 20 667 98 716
rail 0.0015 737 576 1046 683
rail 0.0015 1036 576 1128 723
rail 0.0015 311 527 1100 744
rail 0.0014 1016 568 1171 691
rail 0.0014 934 579 963 623
rail 0.0014 1254 501 1914 929
rail 0.0014 0 693 41 748
rail 0.0014 0 663 40 729
rail 0.0014 661 607 942 663
rail 0.0013 844 599 1007 652
rail 0.0013 -1 633 171 774
rail 0.0012 0 709 39 772
rail 0.0012 -32 664 298 786
rail 0.0011 993 574 1047 599
rail 0.0011 0 784 44 846
rail 0.0011 948 632 993 672
rail 0.0011 44 713 116 751
rail 0.0011 -25 589 375 733
rail 0.0010 735 596 1158 1092
rail 0.0010 915 581 952 613
rail 0.0010 113 682 402 746
rail 0.0010 -1 764 45 824
rail 0.0010 240 709 451 755
switch-indicator 0.0065 1004 576 1031 592
switch-indicator 0.0037 950 634 986 673
switch-indicator 0.0036 958 647 981 668
switch-indicator 0.0033 942 647 970 669
switch-indicator 0.0030 934 574 957 613
switch-left 0.2601 998 707 1101 763
switch-left 0.0088 1037 714 1107 768
switch-left 0.0052 992 669 1103 806
switch-right 0.2056 997 710 1105 768
switch-right 0.0528 1002 645 1090 752
switch-right 0.0090 994 695 1079 755
switch-unknown 0.1595 965 605 1006 626
switch-unknown 0.0203 1019 576 1071 610
switch-unknown 0.0185 978 604 1037 635
switch-unknown 0.0145 984 575 1043 624
switch-unknown 0.0140 962 598 1014 632
switch-unknown 0.0128 1035 581 1089 609
switch-unknown 0.0105 1012 598 1073 647
switch-unknown 0.0075 1031 576 1059 593
switch-unknown 0.0047 932 602 990 636
switch-unknown 0.0025 1033 597 1080 635
switch-unknown 0.0023 992 580 1019 600
switch-static 0.4136 1129 730 1209 773
switch-static 0.1623 1110 704 1149 729
switch-static 0.0661 1116 720 1198 760
switch-static 0.0310 1104 698 1142 725
switch-static 0.0242 1160 728 1225 774
switch-static 0.0090 542 962 644 1023
switch-static 0.0078 579 711 612 735
switch-static 0.0071 1089 705 1149 760
switch-static 0.0062 594 923 686 969
switch-static 0.0057 1155 722 1210 762
switch-static 0.0050 559 933 669 1014
switch-static 0.0031 572 940 664 988
switch-static 0.0028 952 718 1001 753
switch-static 0.0021 960 714 999 740
switch-static 0.0018 1090 618 1144 661
switch-static 0.0018 921 637 974 666
switch-static 0.0017 528 953 690 1070
switch-static 0.0017 1145 754 1222 789
switch-static 0.0015 315 707 386 729
switch-static 0.0015 556 662 602 735
switch-static 0.0014 1061 642 1281 839
switch-static 0.0014 553 710 619 742
switch-static 0.0013 968 706 1019 743
switch-static 0.0011 1112 619 1157 653
switch-static 0.0011 1093 654 1125 692
switch-static 0.0010 10 713 96 757
switch-static 0.0010 908 798 940 830
track-sign-front 0.0445 567 569 584 589
track-sign-front 0.0386 467 568 484 592
track-sign-front 0.0226 1136 567 1151 587
track-sign-front 0.0138 569 565 587 603
track-sign-front 0.0050 1820 781 1874 843
track-sign-front 0.0040 1862 743 1920 1024
track-sign-front 0.0040 644 554 656 571
track-sign-front 0.0036 466 558 483 587
track-sign-front 0.0031 612 552 624 571
track-sign-front 0.0027 464 552 507 633
track-sign-front 0.0021 560 555 589 611
track-sign-front 0.0021 462 567 490 598
track-sign-front 0.0019 498 578 533 678
track-sign-front 0.0017 1818 755 1888 860
track-sign-front 0.0015 1135 552 1157 596
track-sign-front 0.0015 1820 763 1904 927
track-sign-front 0.0014 679 555 693 572
track-sign-front 0.0014 612 543 657 587
track-sign-front 0.0012 557 581 582 681
track-sign-front 0.0011 602 540 632 606
track-signal-front 0.0227 950 530 961 549
track-signal-front 0.0224 511 462 530 489
track-signal-front 0.0135 509 453 535 496
track-signal-front 0.0080 947 529 959 563
track-signal-front 0.0070 644 552 656 569
track-signal-front 0.0065 465 548 487 615
track-signal-front 0.0058 1132 528 1150 599
track-signal-front 0.0047 495 515 535 558
track-signal-front 0.0036 623 550 654 570
track-signal-front 0.0026 498 482 537 594
track-signal-front 0.0017 503 461 534 526
track-signal-front 0.0015 504 419 554 497
track-signal-front 0.0011 1097 483 1127 563
track-signal-front 0.0011 1126 480 1153 586
track-signal-back 0.0018 1441 478 1461 510
person 0.0019 1710 484 1908 1022
pole 0.4849 494 80 585 729
pole 0.2566 827 359 861 635
pole 0.1137 542 94 614 738
pole 0.0684 486 389 550 734
pole 0.0502 949 527 959 579
pole 0.0320 833 455 856 634
pole 0.0317 495 455 536 751
pole 0.0313 937 536 948 597
pole 0.0266 586 137 634 709
pole 0.0199 812 384 851 635
pole 0.0169 832 512 848 631
pole 0.0141 846 383 880 630
pole 0.0127 467 466 506 725
pole 0.0125 772 481 787 611
pole 0.0124 779 468 793 601
pole 0.0113 934 563 945 594
pole 0.0102 855 478 876 616
pole 0.0086 425 326 443 640
pole 0.0061 862 470 881 604
pole 0.0057 552 332 642 714
pole 0.0049 419 278 449 667
pole 0.0046 417 121 489 715
pole 0.0044 1710 437 1911 1042
pole 0.0042 402 144 443 701
pole 0.0039 563 551 584 628
pole 0.0037 833 504 871 644
pole 0.0032 783 403 810 608
pole 0.0030 424 335 474 698
pole 0.0028 942 538 981 610
pole 0.0028 948 525 962 557
pole 0.0022 1844 748 1919 1056
pole 0.0020 1132 509 1150 617
pole 0.0019 812 452 873 645
pole 0.0019 1127 436 1151 627
pole 0.0019 479 438 527 661
pole 0.0018 476 529 531 713
pole 0.0018 556 564 583 693
pole 0.0017 756 535 783 613
pole 0.0016 597 376 626 685
pole 0.0015 845 516 891 626
pole 0.0015 835 418 858 565
pole 0.0015 814 240 871 644
pole 0.0015 366 115 453 730
pole 0.0014 852 449 883 572
pole 0.0014 406 52 542 704
pole 0.0013 790 338 860 627
pole 0.0013 541 410 590 711
pole 0.0012 775 446 805 614
pole 0.0012 1133 561 1152 597
pole 0.0012 496 -8 651 701
pole 0.0012 1832 395 1922 1023
pole 0.0012 818 513 862 632
pole 0.0012 784 457 804 551
pole 0.0011 428 376 440 495
pole 0.0011 494 457 571 698
pole 0.0011 579 344 673 689
pole 0.0010 609 498 626 627
pole 0.0010 780 469 797 548
pole 0.0010 759 500 777 611
pole 0.0010 761 502 847 650
rail-occluder 0.3451 638 649 656 696
rail-occluder 0.0499 53 651 77 682
rail-occluder 0.0402 561 634 583 704
rail-occluder 0.0381 632 644 666 696
rail-occluder 0.0305 567 640 586 683
rail-occluder 0.0122 838 601 856 629
rail-occluder 0.0097 57 650 94 678
rail-occluder 0.0086 493 621 529 714
rail-occluder 0.0071 644 652 684 689
rail-occluder 0.0068 517 618 594 717
rail-occluder 0.0067 835 579 855 627
rail-occluder 0.0067 629 636 691 692
rail-occluder 0.0063 1 649 70 688
rail-occluder 0.0060 927 579 944 607
rail-occluder 0.0047 566 632 633 704
rail-occluder 0.0047 59 710 94 739
rail-occluder 0.0044 536 645 590 723
rail-occluder 0.0042 1854 748 1920 1057
rail-occluder 0.0040 22 706 95 739
rail-occluder 0.0033 817 600 858 637
rail-occluder 0.0033 611 644 678 702
rail-occluder 0.0032 491 657 513 725
rail-occluder 0.0031 449 626 661 714
rail-occluder 0.0030 3 643 135 693
rail-occluder 0.0028 501 586 551 721
rail-occluder 0.0021 51 647 148 685
rail-occluder 0.0020 500 651 581 723
rail-occluder 0.0020 537 709 602 735
rail-occluder 0.0019 24 657 91 721
rail-occluder 0.0019 470 616 545 711
rail-occluder 0.0018 486 651 542 725
rail-occluder 0.0018 536 642 658 716
rail-occluder 0.0017 4 552 317 699
rail-occluder 0.0016 52 674 105 733
rail-occluder 0.0012 0 618 251 699
rail-occluder 0.0011 842 598 901 628
rail-occluder 0.0011 22 638 189 679
rail-occluder 0.0010 466 644 561 749
