rail 0.9310 1306 306 1915 1079
rail 0.9284 693 302 1330 1070
rail 0.7474 1366 306 1919 649
rail 0.5237 1462 333 1928 495
rail 0.0372 1619 361 1921 484
rail 0.0292 1309 297 1354 322
rail 0.0201 1314 295 1374 327
rail 0.0173 1309 271 1355 319
rail 0.0092 1317 305 1392 340
rail 0.0087 1375 284 1778 544
rail 0.0076 1578 356 1677 397
rail 0.0076 1330 274 1419 341
rail 0.0071 1553 383 1923 573
rail 0.0062 1430 291 1608 461
rail 0.0057 1594 303 1881 448
rail 0.0053 1325 303 1423 352
rail 0.0042 1284 264 1342 318
rail 0.0039 1286 281 1341 309
rail 0.0036 1318 255 1379 318
rail 0.0032 1691 394 1924 513
rail 0.0030 1378 168 1964 530
rail 0.0030 214 623 501 1083
rail 0.0026 200 490 662 1075
rail 0.0025 1520 371 1932 748
rail 0.0025 1554 328 1718 402
rail 0.0024 1581 322 1751 507
rail 0.0018 1169 326 1667 1070
rail 0.0014 1458 321 1669 404
rail 0.0012 1555 273 1768 451
rail 0.0012 1737 371 1929 455
rail 0.0012 1124 293 1323 1046
rail 0.0010 1745 440 1924 581
rail 0.0010 1309 284 1374 351
rail 0.0010 1491 375 1746 572
rail 0.0010 98 700 417 1072
rail 0.0010 1536 338 1662 388
switch-unknown 0.0790 1311 299 1351 318
switch-unknown 0.0278 1317 289 1369 326
switch-unknown 0.0132 1326 308 1380 336
switch-unknown 0.0113 1314 305 1355 335
switch-unknown 0.0039 1336 267 1412 344
switch-unknown 0.0039 1336 310 1406 346
switch-unknown 0.0016 1258 284 1322 330
switch-unknown 0.0012 1289 307 1338 343
track-sign-front 0.0019 1616 328 1639 377
track-signal-back 0.0940 355 2 398 92
track-signal-back 0.0198 440 4 491 92
track-signal-back 0.0025 350 1 435 101
track-signal-back 0.0017 371 11 458 92
track-signal-back 0.0014 332 -12 505 99
track-signal-back 0.0011 334 -18 399 76
pole 0.7272 1624 135 1697 513
pole 0.6550 1474 175 1566 463
pole 0.4650 1420 189 1464 418
pole 0.3481 1458 187 1506 435
pole 0.3018 1401 196 1434 378
pole 0.2784 1495 195 1823 518
pole 0.2116 1432 187 1527 442
pole 0.0788 1476 148 1641 498
pole 0.0698 1465 246 1532 454
pole 0.0686 1348 228 1363 324
pole 0.0402 1507 224 1561 472
pole 0.0380 1335 235 1366 326
pole 0.0218 1410 218 1451 367
pole 0.0209 1528 156 1575 467
pole 0.0178 1581 285 1819 498
pole 0.0121 1348 220 1403 347
pole 0.0116 1351 210 1379 326
pole 0.0112 1400 208 1423 344
pole 0.0102 1617 284 1649 441
pole 0.0084 1486 286 1553 464
pole 0.0079 1370 201 1428 368
pole 0.0071 1425 261 1475 399
pole 0.0068 1429 212 1460 346
pole 0.0058 1592 251 1677 508
pole 0.0058 1461 224 1495 366
pole 0.0050 1318 214 1363 326
pole 0.0045 1456 267 1513 404
pole 0.0039 1285 225 1322 314
pole 0.0037 1393 257 1436 394
pole 0.0034 1463 266 1583 518
pole 0.0031 1469 163 1525 387
pole 0.0017 1270 228 1301 312
pole 0.0015 1493 326 1550 427
pole 0.0013 1503 236 1606 436
pole 0.0013 1407 259 1460 441
pole 0.0013 1473 319 1529 434
pole 0.0013 1487 150 1556 368
pole 0.0011 1617 322 1644 383
pole 0.0010 1516 244 1558 390
pole 0.0010 1316 269 1416 367
rail-occluder 0.0528 1617 356 1634 392
rail-occluder 0.0047 1614 334 1646 392
