crossing 0.0012 556 583 663 628
train-car 0.8455 674 426 773 572
train-car 0.0038 729 461 835 570
train-car 0.0027 681 427 759 503
train-car 0.0013 673 430 726 565
train-car 0.0012 704 416 846 553
platform 0.1635 412 545 603 596
platform 0.0335 408 489 610 592
platform 0.0208 358 532 603 641
platform 0.0120 469 512 592 592
platform 0.0044 336 529 613 732
platform 0.0042 485 546 583 593
platform 0.0020 447 546 545 595
platform 0.0015 303 476 689 797
platform 0.0015 773 500 931 584
platform 0.0013 738 550 964 597
rail 0.8788 694 564 1367 1075
rail 0.4740 321 554 661 1078
rail 0.1613 462 556 896 1080
rail 0.0178 313 548 619 830
rail 0.0085 786 593 1930 1100
rail 0.0046 477 587 687 1081
rail 0.0035 359 530 791 877
rail 0.0019 82 543 627 1029
rail 0.0015 4 62 329 1055
rail 0.0010 915 650 1142 1004
track-signal-front 0.1071 780 460 794 483
track-signal-front 0.0860 792 409 806 440
track-signal-front 0.0397 495 415 529 441
track-signal-front 0.0184 209 46 250 169
track-signal-front 0.0114 784 437 804 493
track-signal-front 0.0102 826 401 844 440
track-signal-front 0.0037 771 455 799 492
track-signal-front 0.0037 784 392 806 440
track-signal-front 0.0019 786 408 814 445
track-signal-front 0.0017 662 366 676 394
track-signal-front 0.0012 465 424 487 454
track-signal-back 0.0072 813 403 844 445
track-signal-back 0.0066 826 400 844 441
person 0.2816 436 478 474 589
person 0.1516 488 485 514 575
person 0.0733 432 491 523 593
person 0.0404 375 480 543 593
person 0.0292 507 488 536 578
person 0.0291 494 484 525 563
person 0.0210 792 503 816 563
person 0.0128 852 496 874 561
person 0.0106 837 493 873 572
person 0.0093 794 497 837 568
person 0.0088 477 485 547 591
person 0.0077 780 454 798 532
person 0.0050 1209 482 1239 561
person 0.0046 785 484 808 568
person 0.0045 798 491 878 573
person 0.0035 1689 664 1714 770
person 0.0034 493 506 579 594
person 0.0033 419 470 454 589
person 0.0023 783 512 827 576
person 0.0014 512 478 544 558
person 0.0014 1199 486 1247 581
person 0.0012 847 496 889 589
person 0.0012 437 523 497 604
person 0.0011 1683 641 1733 770
person 0.0011 406 478 487 626
