guard-rail 0.0099 934 742 962 1076
guard-rail 0.0045 684 660 764 705
guard-rail 0.0044 787 569 867 627
guard-rail 0.0040 761 579 839 656
guard-rail 0.0034 813 568 889 620
guard-rail 0.0023 939 601 984 645
guard-rail 0.0017 733 607 820 670
guard-rail 0.0017 783 561 841 613
guard-rail 0.0015 923 725 944 1057
guard-rail 0.0013 992 732 1075 811
guard-rail 0.0013 960 615 996 664
guard-rail 0.0012 936 585 973 622
guard-rail 0.0011 703 643 786 689
rail 0.9455 15 544 905 1070
rail 0.8967 914 541 1246 1075
rail 0.7882 0 575 723 819
rail 0.5593 475 545 924 802
rail 0.5048 651 550 933 695
rail 0.0934 739 549 936 641
rail 0.0533 439 609 728 867
rail 0.0420 919 692 1175 1026
rail 0.0390 810 551 933 620
rail 0.0370 345 550 871 952
rail 0.0188 563 594 895 748
rail 0.0168 869 572 893 623
rail 0.0131 487 680 748 819
rail 0.0120 858 550 939 583
rail 0.0099 920 822 1257 1077
rail 0.0086 840 548 911 587
rail 0.0084 991 634 1260 847
rail 0.0082 522 616 799 786
rail 0.0069 895 554 954 587
rail 0.0058 927 732 1026 1078
rail 0.0054 938 744 982 1075
rail 0.0042 590 611 838 703
rail 0.0039 908 692 1076 874
rail 0.0036 451 689 640 809
rail 0.0036 846 549 960 602
rail 0.0036 136 556 599 1003
rail 0.0026 754 555 873 628
rail 0.0023 199 563 806 754
rail 0.0023 391 718 702 912
rail 0.0022 712 550 864 676
rail 0.0021 888 620 1045 977
rail 0.0018 1778 587 1941 655
rail 0.0017 916 635 979 1081
rail 0.0015 20 553 603 728
rail 0.0015 423 535 1001 1126
rail 0.0014 779 574 908 647
rail 0.0014 1008 753 1172 1072
rail 0.0013 1771 582 1926 762
rail 0.0012 535 585 694 809
rail 0.0011 218 649 414 801
rail 0.0011 1836 593 1922 653
rail 0.0010 932 710 966 1036
rail 0.0010 791 503 984 624
rail 0.0010 967 738 1149 857
switch-indicator 0.4765 1151 686 1183 753
switch-indicator 0.2840 1104 690 1183 760
switch-indicator 0.0580 875 592 891 623
switch-indicator 0.0282 872 575 892 626
switch-indicator 0.0135 1066 674 1193 769
switch-indicator 0.0046 859 588 904 627
switch-indicator 0.0033 1140 629 1176 749
switch-indicator 0.0023 1132 613 1159 740
switch-indicator 0.0018 1099 680 1145 744
switch-indicator 0.0010 1156 677 1204 758
switch-indicator 0.0010 816 585 878 636
switch-left 0.2092 920 724 1075 826
switch-left 0.1779 442 751 659 835
switch-left 0.1220 460 700 696 822
switch-left 0.0557 450 780 603 834
switch-left 0.0176 645 647 780 701
switch-left 0.0140 920 740 1115 870
switch-left 0.0103 589 649 774 735
switch-left 0.0044 615 608 876 720
switch-left 0.0040 540 702 707 789
switch-left 0.0029 532 743 670 826
switch-left 0.0023 655 661 753 708
switch-left 0.0018 933 880 1233 1077
switch-left 0.0015 934 988 1229 1078
switch-left 0.0014 509 742 622 812
switch-left 0.0011 681 633 809 697
switch-left 0.0010 576 673 730 754
switch-right 0.2624 920 726 1076 815
switch-right 0.1572 449 750 654 836
switch-right 0.1208 469 719 700 820
switch-right 0.0176 650 649 775 701
switch-right 0.0088 518 698 728 792
switch-right 0.0080 431 764 576 830
switch-right 0.0032 662 626 810 696
switch-right 0.0020 929 708 1064 771
switch-right 0.0017 684 639 781 680
switch-right 0.0015 633 668 732 713
switch-unknown 0.0393 903 558 952 580
switch-unknown 0.0285 846 551 904 579
switch-unknown 0.0270 863 551 933 577
switch-unknown 0.0195 840 556 909 606
switch-unknown 0.0194 819 558 891 600
switch-unknown 0.0115 829 551 883 579
switch-unknown 0.0071 917 553 955 574
switch-unknown 0.0018 811 547 858 576
switch-unknown 0.0017 896 563 950 614
switch-static 0.4367 308 768 421 818
switch-static 0.3964 1061 721 1172 760
switch-static 0.2423 1079 690 1181 762
switch-static 0.0393 996 651 1206 860
switch-static 0.0345 268 785 394 825
switch-static 0.0276 366 772 447 817
switch-static 0.0111 1046 731 1151 767
switch-static 0.0110 606 798 654 828
switch-static 0.0085 880 729 921 757
switch-static 0.0078 1039 726 1113 760
switch-static 0.0039 878 736 922 770
switch-static 0.0026 224 723 504 878
switch-static 0.0025 58 658 665 1004
switch-static 0.0022 875 725 942 766
switch-static 0.0020 1013 732 1120 797
switch-static 0.0017 272 794 342 825
switch-static 0.0012 1096 680 1151 745
switch-static 0.0011 1020 712 1118 756
switch-static 0.0011 372 765 498 824
switch-static 0.0010 610 805 654 841
track-sign-front 0.0014 967 486 985 523
track-sign-front 0.0010 738 473 761 529
track-signal-front 0.0020 791 506 805 527
track-signal-front 0.0019 791 490 811 532
track-signal-front 0.0013 76 400 101 439
pole 0.3921 600 176 634 645
pole 0.0165 741 308 760 611
pole 0.0030 588 298 640 690
pole 0.0023 597 462 632 662
pole 0.0010 746 298 765 535
pole 0.0010 608 427 643 634
rail-occluder 0.0051 604 581 626 645
rail-occluder 0.0014 603 572 649 638
rail-occluder 0.0011 637 576 683 615
