guard-rail 0.0171 1065 471 1105 498
guard-rail 0.0119 202 519 288 572
guard-rail 0.0098 1040 431 1070 459
guard-rail 0.0096 1044 449 1095 496
guard-rail 0.0096 177 532 279 584
guard-rail 0.0089 232 500 320 543
guard-rail 0.0088 234 518 300 557
guard-rail 0.0047 1055 432 1107 463
guard-rail 0.0044 883 482 899 515
guard-rail 0.0043 1054 475 1096 514
guard-rail 0.0029 949 443 1000 500
guard-rail 0.0028 997 463 1044 529
guard-rail 0.0023 296 471 382 509
guard-rail 0.0023 933 425 985 478
guard-rail 0.0022 931 447 974 514
guard-rail 0.0021 928 469 976 533
guard-rail 0.0020 1080 433 1144 465
guard-rail 0.0020 -2 557 79 633
guard-rail 0.0019 1073 463 1130 494
guard-rail 0.0019 1007 485 1055 526
guard-rail 0.0018 165 520 312 612
guard-rail 0.0017 161 544 253 587
guard-rail 0.0016 3 673 154 803
guard-rail 0.0016 186 510 275 548
guard-rail 0.0016 1030 424 1128 473
guard-rail 0.0015 5 541 107 601
guard-rail 0.0014 868 589 895 675
guard-rail 0.0014 1048 503 1087 534
guard-rail 0.0013 30 530 129 574
guard-rail 0.0013 884 468 907 511
guard-rail 0.0012 995 486 1032 555
guard-rail 0.0011 280 496 348 537
guard-rail 0.0010 1080 483 1121 510
guard-rail 0.0010 991 611 1020 686
train-car 0.2708 997 361 1089 390
train-car 0.0148 487 344 720 404
train-car 0.0121 974 339 1089 389
train-car 0.0089 1029 364 1116 395
train-car 0.0083 1050 365 1094 392
train-car 0.0048 488 340 745 518
train-car 0.0044 494 343 644 388
train-car 0.0026 321 342 418 386
train-car 0.0021 334 289 643 461
train-car 0.0021 239 355 313 405
train-car 0.0020 476 321 752 423
train-car 0.0019 336 360 409 404
train-car 0.0018 347 311 437 411
train-car 0.0017 317 363 472 410
train-car 0.0016 433 346 595 407
train-car 0.0015 228 349 363 409
train-car 0.0014 450 319 666 396
train-car 0.0012 492 285 531 440
train-car 0.0012 322 329 389 398
train-car 0.0011 938 297 1127 474
platform 0.0033 488 347 767 408
platform 0.0017 490 339 790 499
rail 0.9183 927 397 1915 1075
rail 0.9045 799 411 1176 1070
rail 0.8011 996 386 1920 764
rail 0.6842 1062 396 1916 595
rail 0.6525 0 421 482 768
rail 0.5187 862 438 1045 674
rail 0.4003 800 382 986 1073
rail 0.3985 1216 401 1916 505
rail 0.2799 -1 428 389 627
rail 0.1679 1307 421 1920 560
rail 0.1326 207 439 426 526
rail 0.0908 76 428 468 553
rail 0.0709 1467 422 1920 485
rail 0.0695 819 602 1049 758
rail 0.0597 -4 412 241 508
rail 0.0593 1188 403 1876 458
rail 0.0570 -4 424 340 541
rail 0.0527 -3 446 273 587
rail 0.0483 263 445 421 493
rail 0.0479 248 425 526 503
rail 0.0448 166 412 586 533
rail 0.0433 983 430 1055 482
rail 0.0368 0 478 208 659
rail 0.0360 1050 396 1381 464
rail 0.0298 858 551 1034 697
rail 0.0293 -4 403 210 466
rail 0.0275 1528 458 1921 562
rail 0.0272 1252 441 1933 647
rail 0.0235 13 395 585 1012
rail 0.0213 -1 451 163 566
rail 0.0205 -1 506 153 622
rail 0.0190 990 399 1130 442
rail 0.0183 1049 397 1225 434
rail 0.0181 326 441 448 481
rail 0.0177 64 386 694 622
rail 0.0173 0 423 93 504
rail 0.0170 1003 392 1251 448
rail 0.0160 8 418 151 483
rail 0.0155 1598 435 1916 475
rail 0.0145 50 494 357 615
rail 0.0134 1595 486 1921 596
rail 0.0130 997 408 1088 440
rail 0.0117 0 405 80 477
rail 0.0114 216 458 348 510
rail 0.0113 170 464 368 567
rail 0.0106 11 462 238 542
rail 0.0106 1593 419 1922 456
rail 0.0102 1245 384 1886 442
rail 0.0102 1029 417 1084 451
rail 0.0095 1021 391 1424 504
rail 0.0093 5 393 408 491
rail 0.0092 -1 449 89 546
rail 0.0089 -1 519 172 780
rail 0.0082 983 415 1126 480
rail 0.0081 0 526 97 615
rail 0.0079 810 392 1168 728
rail 0.0068 1738 491 1923 564
rail 0.0067 -5 508 359 993
rail 0.0058 1573 400 1878 464
rail 0.0057 959 419 1051 472
rail 0.0056 -1 415 43 486
rail 0.0056 937 391 1274 511
rail 0.0052 357 371 721 562
rail 0.0051 11 478 350 712
rail 0.0051 1106 393 1630 477
rail 0.0047 -3 411 62 457
rail 0.0046 309 356 508 518
rail 0.0046 1650 429 1924 501
rail 0.0043 900 410 1008 604
rail 0.0041 -6 535 121 655
rail 0.0040 104 453 360 526
rail 0.0040 289 420 411 478
rail 0.0040 241 448 356 491
rail 0.0039 -9 388 129 446
rail 0.0038 1094 385 1355 431
rail 0.0037 313 408 477 471
rail 0.0037 8 385 290 442
rail 0.0037 -2 499 127 569
rail 0.0036 1790 521 1922 576
rail 0.0036 1034 430 1074 463
rail 0.0035 936 405 1093 549
rail 0.0034 1 639 512 1070
rail 0.0034 289 431 494 550
rail 0.0033 2 391 66 446
rail 0.0031 1029 407 1135 449
rail 0.0030 126 495 330 564
rail 0.0030 1755 453 1915 495
rail 0.0029 11 523 153 584
rail 0.0029 1751 438 1919 476
rail 0.0029 1742 416 1930 455
rail 0.0029 1610 477 1912 543
rail 0.0029 1586 448 1871 493
rail 0.0029 278 464 400 518
rail 0.0028 1551 419 1923 530
rail 0.0027 925 409 985 449
rail 0.0027 1093 407 1226 442
rail 0.0026 972 439 1054 551
rail 0.0026 0 446 47 511
rail 0.0026 1133 409 1400 483
rail 0.0026 913 395 974 427
rail 0.0026 1446 322 1788 459
rail 0.0025 903 387 950 418
rail 0.0025 33 451 183 514
rail 0.0024 1581 385 1920 496
rail 0.0024 861 401 962 700
rail 0.0023 1337 409 1610 446
rail 0.0023 58 478 172 520
rail 0.0022 0 653 163 850
rail 0.0022 1744 480 1924 533
rail 0.0022 970 556 1142 705
rail 0.0021 20 363 197 445
rail 0.0021 925 389 1078 489
rail 0.0021 342 443 485 494
rail 0.0021 -2 556 76 737
rail 0.0021 930 427 988 481
rail 0.0020 936 373 1459 579
rail 0.0020 -3 554 85 640
rail 0.0020 1196 405 1410 453
rail 0.0020 1057 406 1168 445
rail 0.0020 37 370 490 526
rail 0.0020 0 394 36 445
rail 0.0020 899 378 945 401
rail 0.0019 171 456 431 675
rail 0.0019 1022 417 1198 479
rail 0.0018 937 367 1070 402
rail 0.0018 895 393 999 464
rail 0.0018 1828 505 1924 560
rail 0.0017 353 399 436 475
rail 0.0016 410 417 535 493
rail 0.0016 -6 332 182 553
rail 0.0016 0 313 125 455
rail 0.0015 1000 377 1221 415
rail 0.0015 504 377 824 577
rail 0.0015 99 448 401 857
rail 0.0015 912 381 960 408
rail 0.0014 -2 466 38 525
rail 0.0014 293 304 608 550
rail 0.0014 1832 513 1921 597
rail 0.0014 924 434 986 533
rail 0.0014 110 357 898 775
rail 0.0014 715 382 908 1091
rail 0.0013 1354 403 1642 433
rail 0.0013 1739 400 1934 438
rail 0.0013 380 409 566 460
rail 0.0012 62 414 191 463
rail 0.0012 33 501 181 560
rail 0.0011 850 379 1031 507
rail 0.0011 1396 424 1697 456
rail 0.0011 380 360 575 452
rail 0.0011 1192 391 1413 433
rail 0.0011 1753 532 1916 603
rail 0.0010 -2 489 44 566
rail 0.0010 1230 427 1436 476
rail 0.0010 -1 519 40 589
rail 0.0010 -4 310 475 638
rail 0.0010 1478 510 1920 690
rail 0.0010 1252 306 1880 507
rail 0.0010 -1 543 45 612
switch-indicator 0.0212 1040 422 1075 450
switch-indicator 0.0032 1037 429 1071 464
switch-left 0.2213 854 586 1026 707
switch-left 0.0880 983 433 1049 481
switch-left 0.0278 240 474 353 517
switch-left 0.0100 224 499 325 544
switch-right 0.3466 853 586 1026 705
switch-right 0.1073 817 475 1035 920
switch-right 0.0610 985 432 1053 481
switch-right 0.0226 219 483 344 527
switch-right 0.0090 226 499 326 544
switch-right 0.0058 199 506 312 553
switch-right 0.0011 159 505 244 544
switch-unknown 0.2779 987 434 1049 473
switch-unknown 0.1034 975 425 1040 456
switch-unknown 0.0588 329 449 400 474
switch-unknown 0.0487 1007 423 1071 453
switch-unknown 0.0473 295 447 401 482
switch-unknown 0.0374 239 466 368 508
switch-unknown 0.0367 968 409 1015 432
switch-unknown 0.0358 949 417 1005 451
switch-unknown 0.0265 1008 407 1079 435
switch-unknown 0.0265 276 461 371 497
switch-unknown 0.0186 945 402 1004 429
switch-unknown 0.0138 980 405 1055 434
switch-unknown 0.0133 352 446 417 473
switch-unknown 0.0099 904 384 946 415
switch-unknown 0.0095 900 376 940 399
switch-unknown 0.0090 1033 401 1093 434
switch-unknown 0.0081 974 443 1043 484
switch-unknown 0.0079 354 453 421 484
switch-unknown 0.0071 951 429 1001 464
switch-unknown 0.0070 914 390 971 426
switch-unknown 0.0049 930 407 982 447
switch-unknown 0.0046 1051 413 1116 447
switch-unknown 0.0038 1106 410 1173 438
switch-unknown 0.0037 1082 411 1144 441
switch-unknown 0.0032 257 451 334 481
switch-unknown 0.0032 912 375 958 408
switch-unknown 0.0031 1051 398 1126 432
switch-unknown 0.0026 1080 397 1148 429
switch-unknown 0.0025 1098 399 1177 431
switch-unknown 0.0024 377 441 451 476
switch-unknown 0.0023 210 487 301 525
switch-unknown 0.0021 336 423 407 469
switch-unknown 0.0017 893 373 928 395
switch-unknown 0.0012 902 399 950 453
switch-unknown 0.0012 364 402 422 466
switch-unknown 0.0012 382 452 448 488
switch-unknown 0.0011 885 377 932 419
switch-static 0.4297 719 661 807 720
switch-static 0.0319 801 452 844 480
switch-static 0.0304 739 630 788 687
switch-static 0.0291 1038 595 1126 634
switch-static 0.0239 1026 596 1135 686
switch-static 0.0233 785 464 839 517
switch-static 0.0205 686 641 800 722
switch-static 0.0200 749 559 790 586
switch-static 0.0146 783 484 829 537
switch-static 0.0141 729 643 850 717
switch-static 0.0126 779 434 841 481
switch-static 0.0120 1046 666 1129 716
switch-static 0.0108 240 445 297 471
switch-static 0.0098 1019 638 1137 736
switch-static 0.0087 698 628 832 754
switch-static 0.0072 746 587 800 615
switch-static 0.0071 723 608 791 669
switch-static 0.0057 768 424 797 466
switch-static 0.0052 740 595 803 643
switch-static 0.0052 693 621 788 676
switch-static 0.0051 81 482 151 516
switch-static 0.0050 806 461 863 496
switch-static 0.0043 237 462 324 504
switch-static 0.0039 1012 586 1108 658
switch-static 0.0034 718 583 801 621
switch-static 0.0034 981 606 1124 712
switch-static 0.0033 786 495 849 549
switch-static 0.0026 810 438 858 478
switch-static 0.0026 731 589 818 675
switch-static 0.0026 668 667 811 737
switch-static 0.0023 10 656 196 781
switch-static 0.0020 223 436 281 461
switch-static 0.0020 743 513 833 589
switch-static 0.0019 217 457 293 500
switch-static 0.0018 804 431 851 467
switch-static 0.0018 1021 604 1089 654
switch-static 0.0018 247 435 298 464
switch-static 0.0017 711 582 882 714
switch-static 0.0015 1055 588 1146 622
switch-static 0.0014 757 551 817 593
switch-static 0.0014 65 460 152 510
switch-static 0.0013 766 520 837 571
switch-static 0.0012 209 441 270 467
switch-static 0.0012 726 547 809 604
switch-static 0.0010 416 552 504 599
switch-static 0.0010 738 438 831 505
track-sign-front 0.0333 640 367 653 390
track-sign-front 0.0111 772 424 794 459
track-sign-front 0.0073 461 418 482 448
track-sign-front 0.0031 462 343 488 425
track-sign-front 0.0030 459 422 484 486
track-sign-front 0.0029 639 352 659 392
track-sign-front 0.0020 523 354 767 404
track-sign-front 0.0011 600 358 695 401
track-signal-front 0.4514 872 281 889 313
track-signal-front 0.1008 981 278 1010 314
track-signal-front 0.0737 875 268 892 301
track-signal-front 0.0165 980 283 1000 318
track-signal-front 0.0135 879 257 897 294
track-signal-front 0.0057 866 285 893 317
track-signal-front 0.0035 873 295 889 359
track-signal-front 0.0033 864 277 881 311
track-signal-front 0.0019 884 246 902 271
track-signal-front 0.0013 959 255 987 302
track-signal-front 0.0013 974 264 1012 319
track-signal-back 0.0255 990 287 1010 318
track-signal-back 0.0227 1050 292 1062 315
track-signal-back 0.0214 987 273 1012 312
track-signal-back 0.0151 1048 286 1070 320
track-signal-back 0.0028 446 294 464 327
track-signal-back 0.0028 976 266 1013 305
track-signal-back 0.0016 1049 311 1090 390
track-signal-back 0.0016 1067 305 1093 343
track-signal-back 0.0013 447 257 471 375
track-signal-back 0.0012 1060 309 1104 357
pole 0.5444 1614 77 1650 461
pole 0.4157 393 0 431 565
pole 0.1698 1717 236 1740 475
pole 0.1437 1314 199 1333 432
pole 0.1131 1306 205 1328 430
pole 0.0962 1713 57 1751 477
pole 0.0838 97 13 131 456
pole 0.0831 1424 265 1443 449
pole 0.0626 191 6 223 440
pole 0.0611 460 229 478 473
pole 0.0543 1413 169 1434 461
pole 0.0534 1430 310 1443 446
pole 0.0520 1717 347 1731 471
pole 0.0475 1431 271 1449 445
pole 0.0443 1318 284 1334 428
pole 0.0439 1232 251 1249 430
pole 0.0411 1606 195 1641 475
pole 0.0396 398 25 461 615
pole 0.0326 1427 340 1440 455
pole 0.0326 1241 258 1260 424
pole 0.0264 1283 242 1300 428
pole 0.0263 1431 173 1459 459
pole 0.0258 479 196 501 471
pole 0.0241 1418 190 1447 453
pole 0.0224 449 210 471 472
pole 0.0158 1607 315 1630 461
pole 0.0155 1276 285 1296 422
pole 0.0146 1301 277 1336 425
pole 0.0133 1682 223 1711 458
pole 0.0133 465 209 499 493
pole 0.0130 63 1 139 466
pole 0.0128 383 -6 444 731
pole 0.0111 1648 205 1684 465
pole 0.0110 1399 170 1429 463
pole 0.0109 1720 311 1736 458
pole 0.0102 645 22 685 506
pole 0.0100 421 178 480 572
pole 0.0096 462 361 478 458
pole 0.0095 1697 207 1750 460
pole 0.0094 1649 348 1675 459
pole 0.0088 1589 161 1618 471
pole 0.0080 161 -4 231 462
pole 0.0079 461 288 476 428
pole 0.0079 12 223 61 449
pole 0.0079 638 167 668 464
pole 0.0073 1313 263 1342 445
pole 0.0070 1640 117 1673 463
pole 0.0069 1404 291 1429 432
pole 0.0067 3 25 57 500
pole 0.0067 359 27 430 613
pole 0.0066 199 10 245 444
pole 0.0056 1419 273 1436 421
pole 0.0053 1217 292 1235 421
pole 0.0051 91 175 140 463
pole 0.0050 659 2 700 481
pole 0.0047 6 185 93 475
pole 0.0047 1324 296 1350 426
pole 0.0047 449 278 469 405
pole 0.0046 1598 251 1626 462
pole 0.0045 431 226 475 486
pole 0.0045 1437 276 1456 419
pole 0.0044 132 15 215 496
pole 0.0042 1624 344 1665 466
pole 0.0042 1498 291 1737 475
pole 0.0041 1426 85 1486 465
pole 0.0039 1494 307 1510 425
pole 0.0038 464 299 487 470
pole 0.0038 362 255 460 598
pole 0.0037 1263 211 1321 445
pole 0.0035 493 219 519 461
pole 0.0035 59 224 97 428
pole 0.0035 626 175 654 456
pole 0.0035 1705 148 1736 445
pole 0.0034 35 222 86 446
pole 0.0032 381 109 502 645
pole 0.0029 1686 338 1769 468
pole 0.0029 1642 353 1792 517
pole 0.0028 407 308 500 538
pole 0.0026 461 359 493 446
pole 0.0025 1571 264 1700 475
pole 0.0024 1481 54 1528 464
pole 0.0022 1711 271 1737 418
pole 0.0022 1222 239 1254 430
pole 0.0022 1588 363 1636 496
pole 0.0021 480 265 505 410
pole 0.0020 1268 333 1298 427
pole 0.0020 974 314 1038 402
pole 0.0020 1683 21 1761 472
pole 0.0020 1601 334 1625 443
pole 0.0020 1287 188 1339 419
pole 0.0020 449 242 489 465
pole 0.0020 446 254 465 368
pole 0.0019 1669 330 1694 452
pole 0.0019 203 71 230 413
pole 0.0018 1413 248 1434 391
pole 0.0018 1442 189 1474 438
pole 0.0018 1419 305 1456 450
pole 0.0017 195 119 233 512
pole 0.0017 400 147 430 478
pole 0.0017 1215 359 1238 419
pole 0.0017 1724 194 1772 478
pole 0.0017 1 227 35 446
pole 0.0016 1449 45 1521 423
pole 0.0016 1395 280 1463 459
pole 0.0015 502 328 751 421
pole 0.0015 318 22 454 572
pole 0.0015 1489 248 1512 436
pole 0.0015 1217 201 1237 434
pole 0.0015 395 238 445 488
pole 0.0015 1230 337 1267 427
pole 0.0014 371 253 514 513
pole 0.0014 1680 290 1704 431
pole 0.0014 1367 320 1523 446
pole 0.0013 1164 284 1179 397
pole 0.0013 106 143 169 502
pole 0.0013 1375 202 1412 435
pole 0.0013 1599 367 1687 502
pole 0.0013 1306 200 1360 440
pole 0.0013 49 249 111 466
pole 0.0013 28 330 189 470
pole 0.0012 1410 197 1473 458
pole 0.0012 423 324 571 515
pole 0.0012 492 279 523 397
pole 0.0012 1709 53 1829 492
pole 0.0012 422 311 477 457
pole 0.0012 344 304 391 397
pole 0.0012 407 301 446 463
pole 0.0011 1288 321 1366 425
pole 0.0011 1654 296 1683 430
pole 0.0011 871 311 890 396
pole 0.0011 1280 163 1306 434
pole 0.0010 465 285 504 426
pole 0.0010 66 163 111 432
pole 0.0010 1367 303 1400 419
pole 0.0010 1191 337 1279 462
pole 0.0010 2 324 65 457
pole 0.0010 1669 148 1709 438
pole 0.0010 300 213 320 415
rail-occluder 0.0305 460 425 477 458
rail-occluder 0.0221 461 423 478 487
rail-occluder 0.0213 1427 404 1440 452
rail-occluder 0.0148 1224 381 1243 421
rail-occluder 0.0122 1619 431 1654 468
rail-occluder 0.0087 1613 413 1636 470
rail-occluder 0.0085 1712 427 1728 486
rail-occluder 0.0079 495 369 668 575
rail-occluder 0.0068 1213 386 1239 424
rail-occluder 0.0065 444 421 477 453
rail-occluder 0.0065 1643 431 1671 472
rail-occluder 0.0062 1710 455 1728 485
rail-occluder 0.0060 1645 399 1670 464
rail-occluder 0.0057 1618 408 1664 472
rail-occluder 0.0044 38 427 116 473
rail-occluder 0.0040 1227 381 1263 426
rail-occluder 0.0038 3 449 96 503
rail-occluder 0.0033 420 422 486 490
rail-occluder 0.0031 1485 397 1513 431
rail-occluder 0.0030 9 424 105 485
rail-occluder 0.0030 442 419 492 467
rail-occluder 0.0029 1599 416 1651 467
rail-occluder 0.0027 398 414 502 501
rail-occluder 0.0026 1414 432 1446 464
rail-occluder 0.0025 1371 401 1433 455
rail-occluder 0.0023 35 444 118 501
rail-occluder 0.0021 1351 393 1405 426
rail-occluder 0.0021 1541 428 1773 473
rail-occluder 0.0019 1267 383 1302 426
rail-occluder 0.0019 1533 440 1569 466
rail-occluder 0.0018 1709 456 1745 487
rail-occluder 0.0018 1475 405 1522 442
rail-occluder 0.0018 410 420 507 459
rail-occluder 0.0017 1357 403 1509 453
rail-occluder 0.0017 1711 426 1749 482
rail-occluder 0.0017 1349 407 1409 455
rail-occluder 0.0016 460 414 484 453
rail-occluder 0.0016 1336 393 1376 422
rail-occluder 0.0015 1420 432 1463 467
rail-occluder 0.0014 1208 401 1258 442
rail-occluder 0.0014 1345 444 1404 468
rail-occluder 0.0014 1377 379 1427 438
rail-occluder 0.0014 1112 381 1353 429
rail-occluder 0.0014 1275 385 1328 430
rail-occluder 0.0012 1586 446 1850 493
rail-occluder 0.0012 1121 393 1200 432
rail-occluder 0.0011 1363 372 1494 469
rail-occluder 0.0011 1438 406 1511 448
rail-occluder 0.0011 424 389 600 535
rail-occluder 0.0010 98 416 161 459
