rail 0.9602 1033 509 1916 1078
rail 0.9483 959 508 1236 1075
rail 0.9365 -7 521 958 1078
switch-indicator 0.0020 595 637 620 676
track-sign-front 0.6801 1391 528 1409 553
track-sign-front 0.1132 276 195 360 1081
track-sign-front 0.0287 339 411 374 505
track-sign-front 0.0225 285 322 352 842
track-sign-front 0.0210 288 451 344 757
track-sign-front 0.0083 918 538 931 589
track-sign-front 0.0039 1388 527 1421 556
track-sign-front 0.0038 599 436 616 468
track-sign-front 0.0032 321 402 383 512
track-sign-front 0.0032 295 299 381 363
track-sign-front 0.0030 821 595 845 622
track-sign-front 0.0030 923 519 951 566
track-sign-front 0.0027 944 507 973 542
track-sign-front 0.0026 601 359 618 544
track-sign-front 0.0024 823 586 854 614
track-sign-front 0.0023 913 500 938 574
track-sign-front 0.0022 927 502 966 556
track-sign-front 0.0022 1332 508 1358 538
track-sign-front 0.0018 599 411 624 474
track-sign-front 0.0018 916 559 930 608
track-sign-front 0.0016 276 654 345 1040
track-sign-front 0.0013 1391 478 1410 556
track-sign-front 0.0012 283 392 366 658
track-signal-front 0.0444 267 148 356 280
track-signal-front 0.0035 289 295 385 365
track-signal-front 0.0020 295 256 396 322
track-signal-front 0.0016 290 143 378 315
track-signal-back 0.0362 428 151 470 218
track-signal-back 0.0212 268 146 358 281
track-signal-back 0.0165 418 23 499 75
track-signal-back 0.0064 415 18 504 120
track-signal-back 0.0058 414 14 492 56
track-signal-back 0.0032 419 62 485 173
track-signal-back 0.0025 365 13 506 146
track-signal-back 0.0017 270 154 316 270
track-signal-back 0.0013 412 71 479 136
track-signal-back 0.0013 437 143 491 223
track-signal-back 0.0010 418 156 473 251
track-signal-back 0.0010 296 41 449 225
pole 0.4606 274 370 360 1053
pole 0.3398 816 4 844 694
pole 0.2943 916 269 933 596
pole 0.2326 925 271 947 597
pole 0.0974 805 20 858 775
pole 0.0973 931 307 954 583
pole 0.0576 249 68 388 1124
pole 0.0502 949 346 972 566
pole 0.0403 905 273 928 597
pole 0.0268 599 213 625 662
pole 0.0171 955 403 976 544
pole 0.0165 940 348 964 586
pole 0.0149 842 44 901 708
pole 0.0108 602 218 617 513
pole 0.0090 897 209 940 706
pole 0.0060 891 356 919 588
pole 0.0039 905 250 953 604
pole 0.0038 882 414 893 538
pole 0.0036 296 119 391 819
pole 0.0032 588 220 638 685
pole 0.0032 245 486 341 1098
pole 0.0032 823 4 869 650
pole 0.0032 969 410 1003 541
pole 0.0028 909 353 939 589
pole 0.0020 965 371 992 550
pole 0.0020 951 440 987 554
pole 0.0018 608 248 627 524
pole 0.0017 179 93 624 1095
pole 0.0017 602 329 621 628
pole 0.0017 824 149 840 485
pole 0.0013 915 348 931 496
pole 0.0013 926 367 951 518
pole 0.0012 279 206 392 504
pole 0.0012 913 403 933 549
pole 0.0010 930 444 970 565
rail-occluder 0.0028 917 534 933 594
rail-occluder 0.0019 920 542 938 602
rail-occluder 0.0011 919 518 951 567
