crossing 0.0033 944 507 977 525
platform 0.0034 947 503 988 524
rail 0.9556 136 501 947 1078
rail 0.9477 833 501 1115 1074
switch-static 0.0016 1190 957 1352 1059
track-sign-front 0.0571 875 492 887 507
track-sign-front 0.0070 948 499 986 523
track-sign-front 0.0040 872 496 884 521
track-sign-front 0.0040 873 489 890 514
track-sign-front 0.0031 938 479 979 520
track-sign-front 0.0026 1101 546 1119 565
track-sign-front 0.0019 1083 494 1108 516
track-sign-front 0.0014 955 484 1008 520
track-signal-front 0.0787 941 471 952 487
track-signal-front 0.0256 934 469 950 488
track-signal-front 0.0148 942 471 966 497
track-signal-front 0.0052 939 468 955 491
track-signal-front 0.0012 915 458 945 487
