crossing 0.0093 929 514 963 533
crossing 0.0066 889 513 966 535
crossing 0.0028 706 588 808 625
crossing 0.0027 732 577 816 607
crossing 0.0015 1035 563 1083 590
crossing 0.0011 761 566 834 591
guard-rail 0.0017 1760 854 1916 951
guard-rail 0.0016 1757 884 1919 1013
guard-rail 0.0012 1633 801 1879 900
guard-rail 0.0011 1722 815 1904 913
guard-rail 0.0010 1656 843 1876 925
guard-rail 0.0010 1795 899 1916 965
guard-rail 0.0010 1635 778 1790 853
platform 0.0027 858 511 951 539
rail 0.9568 786 514 1101 1077
rail 0.9371 3 524 914 1073
rail 0.9259 996 522 1920 1076
rail 0.0159 1372 632 1922 1070
rail 0.0063 886 513 967 536
rail 0.0060 1623 863 1918 1069
rail 0.0054 1231 571 1890 879
rail 0.0034 924 513 966 535
rail 0.0024 1483 769 1921 1043
rail 0.0022 1235 522 1903 748
rail 0.0020 1734 830 1917 976
rail 0.0016 1315 618 1615 886
rail 0.0015 1592 707 1916 929
rail 0.0013 975 492 1039 586
rail 0.0011 1120 514 1693 704
rail 0.0010 1751 871 1919 1034
switch-indicator 0.0024 1237 547 1290 596
switch-indicator 0.0020 1236 541 1266 600
switch-indicator 0.0018 1244 558 1269 611
switch-unknown 0.0059 936 513 971 534
track-sign-front 0.2560 1242 546 1264 574
track-sign-front 0.0151 743 1019 777 1070
track-sign-front 0.0068 781 445 796 488
track-sign-front 0.0027 1242 543 1283 575
track-sign-front 0.0026 784 477 798 517
track-sign-front 0.0019 783 472 805 528
track-sign-front 0.0018 1241 525 1266 570
track-sign-front 0.0018 1090 473 1106 505
track-sign-front 0.0013 812 503 838 528
track-sign-front 0.0013 806 502 848 539
track-sign-front 0.0012 878 496 921 538
track-signal-front 0.0627 1328 349 1353 370
track-signal-front 0.0142 889 464 904 481
track-signal-front 0.0105 780 441 794 473
track-signal-front 0.0050 1091 473 1105 494
track-signal-front 0.0019 872 460 904 492
track-signal-front 0.0012 1145 428 1160 471
track-signal-front 0.0010 1331 352 1356 385
track-signal-back 0.6138 1014 431 1031 477
track-signal-back 0.0105 1014 443 1033 497
track-signal-back 0.0032 781 425 795 466
track-signal-back 0.0029 1141 422 1158 456
track-signal-back 0.0014 994 458 1026 505
pole 0.2540 1019 461 1031 595
pole 0.0116 1014 458 1040 597
pole 0.0085 988 468 1029 580
pole 0.0017 1019 492 1043 632
pole 0.0012 934 509 963 536
rail-occluder 0.0015 1272 570 1386 624
rail-occluder 0.0014 1234 540 1268 594
rail-occluder 0.0012 1245 542 1393 621
