guard-rail 0.0955 1074 997 1094 1081
guard-rail 0.0152 1086 979 1129 1080
guard-rail 0.0149 1076 986 1109 1078
guard-rail 0.0037 491 597 584 628
guard-rail 0.0029 1059 971 1088 1073
guard-rail 0.0017 1112 986 1139 1076
guard-rail 0.0016 1064 1019 1104 1094
guard-rail 0.0014 1039 967 1105 1076
rail 0.9489 1011 508 1918 1052
rail 0.9448 822 505 1139 1075
rail 0.9410 0 505 961 1072
rail 0.6128 959 518 1038 577
rail 0.5321 3 515 889 821
rail 0.1929 954 533 1008 582
rail 0.0329 448 544 758 628
rail 0.0185 0 569 578 780
rail 0.0160 965 552 1047 586
rail 0.0159 822 973 1128 1080
rail 0.0142 471 513 877 620
rail 0.0136 911 505 1000 548
rail 0.0116 881 505 975 537
rail 0.0106 933 499 1062 599
rail 0.0105 1006 507 1057 543
rail 0.0096 515 556 709 604
rail 0.0089 811 506 937 538
rail 0.0081 978 513 1074 578
rail 0.0076 927 515 1002 578
rail 0.0061 1005 505 1045 531
rail 0.0059 520 570 647 619
rail 0.0058 469 564 658 633
rail 0.0053 878 509 1012 560
rail 0.0053 788 509 871 541
rail 0.0042 567 521 718 624
rail 0.0037 899 502 960 530
rail 0.0037 966 498 1029 535
rail 0.0037 915 498 945 532
rail 0.0033 0 629 352 778
rail 0.0031 1023 501 1045 530
rail 0.0029 937 499 1004 533
rail 0.0029 845 496 965 531
rail 0.0027 619 531 797 581
rail 0.0025 915 503 981 532
rail 0.0024 362 505 883 708
rail 0.0023 758 505 932 549
rail 0.0020 595 515 878 587
rail 0.0018 90 554 717 713
rail 0.0016 267 499 793 642
rail 0.0015 945 557 992 585
rail 0.0014 693 521 845 569
rail 0.0013 439 573 608 644
rail 0.0013 54 446 808 675
rail 0.0013 236 566 662 820
rail 0.0011 695 508 894 558
rail 0.0011 382 540 660 689
rail 0.0011 625 516 735 609
rail 0.0011 585 569 675 602
rail 0.0010 29 593 627 1005
rail 0.0010 808 498 969 555
switch-indicator 0.0121 581 618 609 643
switch-indicator 0.0018 487 537 506 583
switch-left 0.1519 954 553 1008 585
switch-left 0.0170 952 566 1004 591
switch-left 0.0022 944 558 992 583
switch-left 0.0011 873 971 1138 1077
switch-right 0.2504 956 557 1002 585
switch-right 0.0277 952 568 1004 589
switch-right 0.0036 463 598 575 632
switch-unknown 0.0361 1022 510 1043 529
switch-unknown 0.0207 1013 504 1044 528
switch-unknown 0.0181 1024 504 1043 524
switch-unknown 0.0139 911 507 950 533
switch-unknown 0.0125 919 498 944 528
switch-unknown 0.0112 923 508 979 538
switch-unknown 0.0096 597 565 664 589
switch-unknown 0.0067 557 555 707 599
switch-unknown 0.0061 923 486 967 538
switch-unknown 0.0054 481 585 609 626
switch-unknown 0.0051 518 582 605 613
switch-unknown 0.0048 546 569 634 598
switch-unknown 0.0043 543 576 625 618
switch-unknown 0.0037 572 572 643 609
switch-unknown 0.0029 864 510 940 538
switch-unknown 0.0027 528 566 657 605
switch-unknown 0.0020 476 594 564 622
switch-unknown 0.0020 938 485 1003 533
switch-unknown 0.0016 528 575 605 603
switch-unknown 0.0014 739 532 797 562
switch-unknown 0.0012 598 572 663 599
switch-static 0.1105 1232 980 1401 1070
switch-static 0.0612 1016 567 1057 585
switch-static 0.0229 972 555 1045 590
switch-static 0.0171 1034 568 1076 587
switch-static 0.0144 1022 572 1059 591
switch-static 0.0097 579 619 607 644
switch-static 0.0079 945 560 992 584
switch-static 0.0038 1241 978 1342 1053
switch-static 0.0038 1007 518 1052 578
switch-static 0.0032 1273 982 1374 1052
switch-static 0.0026 996 572 1046 592
switch-static 0.0024 1290 968 1512 1080
switch-static 0.0024 1045 572 1078 594
switch-static 0.0019 577 619 621 650
switch-static 0.0016 1108 978 1380 1081
switch-static 0.0016 1216 944 1438 1054
switch-static 0.0013 1180 969 1359 1058
switch-static 0.0012 1056 560 1106 583
track-sign-front 0.0250 490 529 506 563
track-sign-front 0.0044 483 420 511 451
track-sign-front 0.0034 486 432 504 452
track-sign-front 0.0030 492 410 512 446
track-sign-front 0.0014 491 515 507 556
track-sign-front 0.0010 497 397 520 437
track-signal-front 0.1151 1173 438 1187 470
track-signal-front 0.0503 1171 439 1189 488
track-signal-front 0.0188 1056 450 1071 472
track-signal-front 0.0074 1045 443 1070 471
track-signal-front 0.0050 1170 434 1185 458
track-signal-front 0.0027 711 434 752 477
track-signal-front 0.0021 642 372 686 431
track-signal-front 0.0016 1060 442 1092 474
track-signal-front 0.0015 669 386 696 494
track-signal-front 0.0015 1261 438 1278 477
track-signal-front 0.0014 1057 431 1072 463
track-signal-front 0.0012 740 426 769 485
track-signal-front 0.0012 1016 442 1068 527
track-signal-front 0.0012 633 390 660 421
track-signal-front 0.0011 1055 450 1074 484
track-signal-front 0.0010 674 404 702 472
track-signal-back 0.1764 944 454 953 472
track-signal-back 0.0108 671 356 691 429
track-signal-back 0.0085 946 445 955 462
track-signal-back 0.0057 663 360 688 420
track-signal-back 0.0051 941 451 956 480
track-signal-back 0.0038 902 429 950 493
track-signal-back 0.0014 666 352 695 458
track-signal-back 0.0012 935 441 986 519
track-signal-back 0.0010 985 420 1007 519
pole 0.2914 659 301 692 612
pole 0.2581 650 361 673 597
pole 0.1586 844 357 860 548
pole 0.0750 892 397 902 527
pole 0.0278 667 303 711 610
pole 0.0233 862 386 897 530
pole 0.0209 653 428 669 576
pole 0.0205 827 349 857 549
pole 0.0190 645 401 666 596
pole 0.0106 841 404 888 541
pole 0.0097 655 442 684 595
pole 0.0081 671 348 692 459
pole 0.0080 798 367 818 540
pole 0.0072 838 485 857 531
pole 0.0070 843 323 877 552
pole 0.0052 638 380 691 608
pole 0.0043 635 321 670 602
pole 0.0032 981 446 1007 532
pole 0.0029 836 376 868 550
pole 0.0027 485 197 525 612
pole 0.0025 654 393 680 537
pole 0.0020 762 397 790 528
pole 0.0013 666 398 692 517
pole 0.0012 742 418 772 540
pole 0.0012 846 362 857 475
pole 0.0010 670 336 743 585
pole 0.0010 679 422 715 583
pole 0.0010 798 378 811 509
rail-occluder 0.0372 664 557 684 592
rail-occluder 0.0099 742 555 764 574
rail-occluder 0.0092 824 509 863 536
rail-occluder 0.0069 809 511 854 539
rail-occluder 0.0056 662 536 686 594
rail-occluder 0.0029 650 551 697 596
rail-occluder 0.0028 726 551 761 571
rail-occluder 0.0025 655 565 677 599
rail-occluder 0.0020 651 516 683 599
rail-occluder 0.0016 669 551 721 581
rail-occluder 0.0014 707 544 763 570
