crossing 0.0100 808 602 901 633
crossing 0.0065 795 604 858 630
train-car 0.8805 929 460 1230 685
train-car 0.0020 699 560 740 596
train-car 0.0010 844 460 1330 812
platform 0.0546 0 566 727 873
platform 0.0013 22 596 787 1074
rail 0.9334 700 569 1167 1076
rail 0.3541 1097 655 1914 1069
rail 0.1577 800 572 933 625
rail 0.0213 846 603 1790 979
rail 0.0199 828 573 925 608
rail 0.0195 836 591 939 630
rail 0.0135 800 597 910 631
rail 0.0077 1473 853 1920 1069
rail 0.0071 1168 668 1472 848
rail 0.0069 786 568 992 676
rail 0.0055 1042 636 1579 840
rail 0.0051 1137 625 1900 880
rail 0.0035 786 589 867 626
rail 0.0032 808 567 904 600
rail 0.0031 807 591 950 647
rail 0.0030 777 549 934 639
rail 0.0029 1199 655 1444 783
rail 0.0027 848 574 974 625
rail 0.0016 1520 921 1873 1090
rail 0.0015 1490 604 1916 929
rail 0.0015 670 491 1123 897
rail 0.0014 4 601 660 887
rail 0.0013 859 598 966 635
rail 0.0012 774 564 886 605
rail 0.0012 998 649 1464 782
rail 0.0011 1210 632 1497 711
rail 0.0010 790 533 1042 629
track-sign-front 0.1982 1713 261 1771 328
track-sign-front 0.0031 483 546 513 607
track-sign-front 0.0020 707 568 740 597
track-sign-front 0.0014 1648 229 1782 339
track-sign-front 0.0012 209 513 255 551
track-sign-front 0.0011 478 549 506 624
track-signal-front 0.0149 1133 473 1156 492
track-signal-front 0.0149 853 493 865 511
track-signal-front 0.0141 1134 475 1148 491
track-signal-front 0.0017 851 489 867 517
track-signal-front 0.0016 231 419 262 505
track-signal-front 0.0013 1115 472 1150 494
car 0.2384 1356 606 1895 910
car 0.0017 698 561 741 594
car 0.0014 1490 638 1806 878
person 0.0025 548 538 587 610
