crossing 0.0277 871 710 1074 789
crossing 0.0077 735 611 1160 960
crossing 0.0043 856 754 1085 823
crossing 0.0031 940 598 994 618
crossing 0.0025 925 603 980 621
crossing 0.0014 837 772 1098 852
crossing 0.0013 893 697 1052 757
crossing 0.0012 867 600 930 627
crossing 0.0011 703 857 1164 1070
crossing 0.0010 817 688 1075 886
guard-rail 0.0010 1109 913 1158 1015
rail 0.9463 685 565 1189 1077
rail 0.2382 289 582 990 1077
rail 0.0035 -4 662 745 1067
rail 0.0016 14 609 872 861
rail 0.0013 1078 576 1915 1094
rail 0.0012 786 636 1081 1029
track-sign-front 0.0016 923 558 960 592
track-sign-front 0.0015 1109 531 1132 569
track-sign-front 0.0012 901 564 950 593
