train-car 0.7875 1 454 687 735
train-car 0.0045 592 518 684 563
train-car 0.0034 553 503 677 565
train-car 0.0027 622 519 742 554
train-car 0.0020 0 436 61 714
train-car 0.0020 238 512 461 669
train-car 0.0017 508 489 711 567
train-car 0.0011 581 516 718 581
train-car 0.0011 594 498 769 565
rail 0.9575 724 556 1041 1074
rail 0.9319 5 547 786 1077
rail 0.8433 888 564 1921 1078
rail 0.5882 1029 593 1919 884
rail 0.3996 5 549 721 828
rail 0.1169 1277 619 1914 800
rail 0.0051 598 528 711 569
rail 0.0048 629 536 739 575
rail 0.0038 946 549 1875 778
rail 0.0035 1466 674 1920 819
rail 0.0033 212 557 780 747
rail 0.0028 655 546 755 588
rail 0.0020 1363 673 1923 920
rail 0.0020 1158 605 1781 753
rail 0.0020 587 543 728 591
rail 0.0014 -4 680 263 872
rail 0.0014 1 437 60 711
rail 0.0014 1124 603 1704 1033
rail 0.0012 0 633 542 863
rail 0.0011 687 540 771 577
rail 0.0010 50 673 149 743
rail 0.0010 333 553 769 681
rail 0.0010 1433 570 1900 727
switch-indicator 0.1044 109 674 135 728
switch-indicator 0.0049 96 674 148 727
track-sign-front 0.0227 923 547 934 566
track-sign-front 0.0084 1087 790 1121 833
track-sign-front 0.0036 922 533 933 562
track-sign-front 0.0031 1879 701 1917 729
track-sign-front 0.0012 1077 770 1125 834
track-sign-front 0.0011 1093 802 1124 845
track-sign-front 0.0010 921 544 936 576
track-signal-front 0.0359 845 511 862 531
track-signal-front 0.0358 780 475 794 502
track-signal-front 0.0324 776 469 796 518
track-signal-front 0.0150 723 482 739 511
track-signal-front 0.0035 614 430 628 461
track-signal-front 0.0024 723 468 784 540
track-signal-front 0.0020 728 473 771 503
track-signal-front 0.0020 759 487 797 553
track-signal-front 0.0019 647 451 677 477
track-signal-front 0.0018 851 507 871 525
track-signal-front 0.0015 702 479 737 528
track-signal-front 0.0011 818 505 861 547
track-signal-front 0.0010 708 475 734 503
track-signal-front 0.0010 775 458 793 488
track-signal-front 0.0010 731 490 786 554
track-signal-back 0.0048 333 423 351 464
pole 0.0138 0 -10 51 588
pole 0.0022 458 301 483 517
pole 0.0017 447 313 482 627
pole 0.0012 -2 6 110 593
rail-occluder 0.0013 112 673 155 721
