crossing 0.0292 898 396 934 411
crossing 0.0043 839 390 910 420
crossing 0.0018 910 395 947 415
crossing 0.0014 903 407 933 448
guard-rail 0.0341 811 426 846 461
guard-rail 0.0179 819 434 870 474
guard-rail 0.0164 993 576 1027 687
guard-rail 0.0101 848 436 891 467
guard-rail 0.0093 904 432 922 465
guard-rail 0.0087 833 455 862 479
guard-rail 0.0060 886 434 920 466
guard-rail 0.0049 970 572 1021 691
guard-rail 0.0033 824 450 852 485
guard-rail 0.0027 953 442 974 474
guard-rail 0.0027 901 456 929 485
guard-rail 0.0023 846 395 956 574
guard-rail 0.0023 956 447 978 494
guard-rail 0.0023 939 434 966 471
guard-rail 0.0022 1010 584 1072 667
guard-rail 0.0021 1004 598 1050 690
guard-rail 0.0018 832 450 867 493
guard-rail 0.0017 819 491 840 525
guard-rail 0.0016 847 410 887 448
guard-rail 0.0016 835 472 859 526
guard-rail 0.0015 798 426 831 463
guard-rail 0.0013 877 429 924 484
guard-rail 0.0013 838 451 894 496
guard-rail 0.0012 821 414 922 554
guard-rail 0.0012 986 549 1018 677
guard-rail 0.0011 934 449 971 497
guard-rail 0.0011 879 439 947 517
guard-rail 0.0010 1005 618 1031 695
train-car 0.0390 816 363 881 405
train-car 0.0096 825 358 907 413
train-car 0.0057 878 372 929 418
train-car 0.0026 893 380 941 418
train-car 0.0020 811 362 855 397
train-car 0.0012 808 369 883 437
rail 0.7816 774 402 989 1069
rail 0.7385 835 401 1243 1069
rail 0.3846 810 405 1022 676
rail 0.0959 801 481 1052 907
rail 0.0795 488 412 816 474
rail 0.0224 826 545 1028 765
rail 0.0109 1017 517 1252 883
rail 0.0082 770 394 1140 727
rail 0.0061 818 396 877 429
rail 0.0055 813 413 863 444
rail 0.0052 879 392 933 413
rail 0.0045 1009 448 1320 1048
rail 0.0039 546 395 907 466
rail 0.0038 440 405 796 514
rail 0.0037 820 340 984 598
rail 0.0037 841 392 911 420
rail 0.0034 756 377 894 1050
rail 0.0032 959 399 1017 707
rail 0.0024 448 428 731 481
rail 0.0023 846 407 888 453
rail 0.0022 806 399 855 432
rail 0.0017 1080 776 1241 948
rail 0.0015 1561 608 1668 734
rail 0.0012 792 408 948 628
rail 0.0010 875 486 1193 864
switch-indicator 0.0044 1262 663 1356 719
switch-left 0.3158 840 579 1036 696
switch-left 0.0012 905 600 1018 690
switch-right 0.2788 839 578 1035 693
switch-right 0.0014 938 586 1029 699
switch-unknown 0.0181 810 416 848 444
switch-unknown 0.0065 803 388 853 434
switch-unknown 0.0065 817 388 877 432
switch-static 0.3914 1129 661 1329 717
switch-static 0.3213 1121 658 1255 706
switch-static 0.1581 213 925 326 992
switch-static 0.0794 1183 664 1375 728
switch-static 0.0657 1078 585 1167 620
switch-static 0.0520 1088 629 1241 703
switch-static 0.0424 1136 802 1231 881
switch-static 0.0266 1073 583 1193 640
switch-static 0.0240 1274 668 1357 721
switch-static 0.0222 679 603 766 651
switch-static 0.0210 811 600 843 621
switch-static 0.0133 1046 587 1298 881
switch-static 0.0102 1071 609 1300 728
switch-static 0.0093 1128 645 1373 747
switch-static 0.0088 639 601 747 653
switch-static 0.0083 1081 567 1163 611
switch-static 0.0066 1074 665 1224 717
switch-static 0.0065 1081 586 1239 681
switch-static 0.0064 1097 666 1285 737
switch-static 0.0062 1041 599 1084 628
switch-static 0.0048 780 681 833 716
switch-static 0.0044 1175 669 1280 712
switch-static 0.0037 1039 591 1153 637
switch-static 0.0036 129 929 331 1016
switch-static 0.0034 776 600 840 627
switch-static 0.0024 142 890 323 990
switch-static 0.0022 1095 538 1146 573
switch-static 0.0018 1238 651 1413 737
switch-static 0.0016 1005 590 1072 663
switch-static 0.0015 1149 604 1386 717
switch-static 0.0015 1110 592 1205 667
switch-static 0.0015 675 608 821 673
switch-static 0.0014 1097 652 1194 703
switch-static 0.0014 817 586 864 625
switch-static 0.0013 1024 587 1076 636
switch-static 0.0013 658 571 802 654
switch-static 0.0013 1237 661 1337 716
switch-static 0.0012 153 936 347 1073
switch-static 0.0012 1203 673 1305 718
switch-static 0.0011 713 582 840 649
switch-static 0.0010 1144 797 1325 917
switch-static 0.0010 1080 670 1158 712
track-sign-front 0.8680 1787 303 1879 460
track-sign-front 0.6823 1537 394 1613 503
track-sign-front 0.5719 1581 314 1659 471
track-sign-front 0.3209 1632 683 1666 731
track-sign-front 0.3127 1620 664 1669 731
track-sign-front 0.0800 1533 315 1660 518
track-sign-front 0.0637 729 392 744 412
track-sign-front 0.0143 1639 670 1682 732
track-sign-front 0.0101 1583 672 1661 728
track-sign-front 0.0100 1780 17 1825 95
track-sign-front 0.0084 1737 21 1826 107
track-sign-front 0.0081 1581 315 1656 389
track-sign-front 0.0081 596 405 608 430
track-sign-front 0.0075 1605 294 1634 321
track-sign-front 0.0061 732 339 764 424
track-sign-front 0.0049 1660 665 1685 732
track-sign-front 0.0048 1627 689 1674 748
track-sign-front 0.0038 1548 345 1645 477
track-sign-front 0.0034 596 403 612 444
track-sign-front 0.0032 1599 294 1644 331
track-sign-front 0.0030 1787 267 1884 397
track-sign-front 0.0030 1783 84 1919 450
track-sign-front 0.0029 1577 755 1666 851
track-sign-front 0.0026 1763 202 1889 472
track-sign-front 0.0026 1620 541 1659 589
track-sign-front 0.0020 1584 738 1645 775
track-sign-front 0.0012 1829 13 1891 95
track-sign-front 0.0012 1704 27 1797 117
track-sign-front 0.0011 369 416 413 505
track-sign-front 0.0011 1620 539 1652 571
track-signal-front 0.4580 1571 653 1665 734
track-signal-front 0.0389 1830 -5 1895 86
track-signal-front 0.0159 1826 96 1922 295
track-signal-front 0.0136 1777 0 1827 94
track-signal-front 0.0069 1856 -1 1919 93
track-signal-front 0.0068 1788 34 1920 258
track-signal-front 0.0059 1883 5 1919 83
track-signal-front 0.0057 1565 656 1617 732
track-signal-front 0.0037 1834 179 1917 290
track-signal-front 0.0028 1703 2 1887 145
track-signal-front 0.0019 1621 653 1679 721
track-signal-front 0.0019 1884 115 1919 271
track-signal-front 0.0015 1710 71 1914 289
track-signal-front 0.0012 1774 -5 1824 25
track-signal-back 0.0104 1827 -12 1889 75
track-signal-back 0.0084 1767 0 1829 98
track-signal-back 0.0044 1787 -2 1825 26
track-signal-back 0.0044 1716 -6 1885 112
track-signal-back 0.0032 1781 -13 1919 98
track-signal-back 0.0028 1726 6 1822 109
track-signal-back 0.0012 1776 -18 1838 63
track-signal-back 0.0012 1859 -25 1919 69
track-signal-back 0.0010 884 353 915 400
pole 0.0029 741 321 770 423
pole 0.0028 372 418 409 733
pole 0.0027 729 312 749 425
pole 0.0024 732 335 760 427
pole 0.0021 752 333 773 427
rail-occluder 0.0364 503 439 549 482
rail-occluder 0.0190 486 439 562 491
rail-occluder 0.0048 729 391 748 415
rail-occluder 0.0035 511 432 603 480
rail-occluder 0.0028 515 426 551 475
rail-occluder 0.0022 723 389 745 450
rail-occluder 0.0019 482 445 601 517
rail-occluder 0.0012 462 421 578 527
rail-occluder 0.0011 477 438 534 484
