rail 0.9510 2 607 840 1075
rail 0.8124 659 603 975 1076
rail 0.0156 1246 674 1922 879
rail 0.0066 1449 711 1922 952
rail 0.0055 1583 711 1918 879
rail 0.0048 902 615 1316 1073
rail 0.0039 1069 633 1900 971
rail 0.0035 209 603 694 992
rail 0.0021 1738 692 1920 882
rail 0.0016 1748 732 1920 995
rail 0.0012 1331 653 1882 793
rail 0.0012 402 634 889 1065
rail 0.0012 1645 667 1918 802
rail 0.0011 1585 740 1913 1050
rail 0.0010 594 477 1034 981
switch-static 0.0350 405 737 493 788
switch-static 0.0141 416 737 485 769
switch-static 0.0107 393 755 502 806
switch-static 0.0104 340 725 558 838
switch-static 0.0051 592 827 635 868
switch-static 0.0020 362 743 495 865
switch-static 0.0011 558 835 626 890
switch-static 0.0010 602 828 649 877
track-sign-front 0.0011 823 572 844 623
track-signal-front 0.1740 871 509 883 540
track-signal-front 0.1394 899 547 911 571
track-signal-front 0.0830 872 514 888 549
track-signal-front 0.0040 897 547 913 586
track-signal-front 0.0028 828 507 849 597
track-signal-front 0.0025 667 548 681 573
track-signal-front 0.0015 845 501 885 553
track-signal-front 0.0011 872 503 887 528
pole 0.0075 829 522 843 631
pole 0.0047 894 541 913 632
pole 0.0037 826 510 854 634
pole 0.0015 705 522 720 621
