guard-rail 0.5084 1380 987 1418 1072
guard-rail 0.2689 890 962 1003 1075
guard-rail 0.0564 915 938 1025 1057
guard-rail 0.0255 887 1005 967 1075
guard-rail 0.0221 1345 628 1373 674
guard-rail 0.0181 1290 617 1321 649
guard-rail 0.0125 1337 648 1362 686
guard-rail 0.0117 912 923 1020 990
guard-rail 0.0092 1045 845 1151 929
guard-rail 0.0091 1314 779 1378 1004
guard-rail 0.0082 1354 620 1377 660
guard-rail 0.0077 1107 551 1179 630
guard-rail 0.0069 1150 718 1226 811
guard-rail 0.0068 1315 654 1359 692
guard-rail 0.0061 1055 732 1146 929
guard-rail 0.0059 1471 576 1528 604
guard-rail 0.0056 1331 605 1381 644
guard-rail 0.0050 1175 722 1243 867
guard-rail 0.0046 1226 717 1282 860
guard-rail 0.0046 1362 593 1396 650
guard-rail 0.0040 887 937 1132 1063
guard-rail 0.0040 1331 834 1369 947
guard-rail 0.0038 1267 622 1312 661
guard-rail 0.0036 1264 802 1383 985
guard-rail 0.0035 1247 705 1315 828
guard-rail 0.0034 1276 692 1352 745
guard-rail 0.0034 1311 717 1359 960
guard-rail 0.0033 1203 704 1291 823
guard-rail 0.0033 1492 602 1565 632
guard-rail 0.0033 1297 600 1364 635
guard-rail 0.0033 1329 671 1359 706
guard-rail 0.0032 1271 711 1341 819
guard-rail 0.0030 1289 700 1345 776
guard-rail 0.0029 1306 624 1364 673
guard-rail 0.0029 942 929 1038 1022
guard-rail 0.0025 1443 579 1504 609
guard-rail 0.0024 1128 732 1196 856
guard-rail 0.0023 1367 947 1404 1048
guard-rail 0.0023 1295 817 1407 1061
guard-rail 0.0022 1392 1004 1425 1078
guard-rail 0.0020 1113 725 1177 817
guard-rail 0.0019 1288 834 1367 949
guard-rail 0.0019 1256 661 1349 705
guard-rail 0.0019 1306 728 1348 851
guard-rail 0.0018 1314 777 1356 905
guard-rail 0.0018 1305 583 1365 621
guard-rail 0.0018 1248 615 1331 672
guard-rail 0.0017 1281 670 1359 718
guard-rail 0.0016 1129 691 1211 753
guard-rail 0.0016 1393 988 1450 1081
guard-rail 0.0014 1330 787 1362 902
guard-rail 0.0014 1029 860 1126 948
guard-rail 0.0014 1375 962 1412 1030
guard-rail 0.0013 1085 737 1156 854
guard-rail 0.0013 1360 569 1402 626
guard-rail 0.0012 1483 604 1528 637
guard-rail 0.0011 1347 648 1377 686
guard-rail 0.0011 1179 616 1263 663
guard-rail 0.0010 1149 746 1186 885
guard-rail 0.0010 1107 705 1182 769
train-car 0.8168 3 381 905 1025
train-car 0.2941 916 478 1024 513
train-car 0.0696 1234 505 1280 534
train-car 0.0433 1233 499 1259 526
train-car 0.0285 836 479 1022 526
train-car 0.0221 1237 502 1263 539
train-car 0.0173 876 459 984 541
train-car 0.0169 982 428 1043 563
train-car 0.0165 966 465 1056 530
train-car 0.0142 1278 491 1338 528
train-car 0.0139 1165 484 1260 517
train-car 0.0105 1241 395 1280 555
train-car 0.0090 869 463 1018 512
train-car 0.0088 1245 496 1309 540
train-car 0.0084 1203 458 1275 514
train-car 0.0074 855 358 1020 609
train-car 0.0070 1210 427 1270 538
train-car 0.0069 1200 459 1227 500
train-car 0.0066 1273 472 1334 513
train-car 0.0060 1248 473 1306 558
train-car 0.0058 1185 497 1296 559
train-car 0.0057 880 457 919 532
train-car 0.0053 1180 466 1252 502
train-car 0.0043 1146 493 1232 524
train-car 0.0038 872 466 914 506
train-car 0.0032 847 469 898 524
train-car 0.0030 844 253 1027 718
train-car 0.0029 1222 419 1306 549
train-car 0.0029 892 418 1060 574
train-car 0.0020 1125 489 1185 529
train-car 0.0016 1152 470 1235 506
train-car 0.0012 1162 451 1226 514
train-car 0.0010 1109 482 1156 536
rail 0.7804 883 522 1379 1081
rail 0.7744 1286 517 1916 839
rail 0.7256 871 518 1009 620
rail 0.7109 1134 525 1431 1076
rail 0.6567 964 522 1237 630
rail 0.3035 1167 650 1283 974
rail 0.2866 1077 587 1288 1024
rail 0.2781 1101 523 1231 632
rail 0.2534 931 519 1006 587
rail 0.2105 956 528 1011 575
rail 0.2103 1332 526 1568 592
rail 0.2001 1266 520 1385 573
rail 0.1767 1180 682 1240 931
rail 0.1608 1166 757 1384 1026
rail 0.1338 1441 546 1927 754
rail 0.1243 1471 546 1534 580
rail 0.1119 814 528 1000 651
rail 0.1113 887 512 1010 576
rail 0.0983 1025 548 1365 900
rail 0.0971 953 540 1012 592
rail 0.0931 1130 525 1210 584
rail 0.0889 927 521 1134 610
rail 0.0811 1050 776 1216 977
rail 0.0794 1156 584 1235 637
rail 0.0763 1259 512 1364 554
rail 0.0759 1272 518 1706 639
rail 0.0750 1302 527 1375 567
rail 0.0664 1164 530 1234 636
rail 0.0630 930 624 1209 1070
rail 0.0626 907 511 1292 852
rail 0.0620 889 557 997 621
rail 0.0576 1085 621 1375 838
rail 0.0554 1220 669 1278 941
rail 0.0549 1429 537 1651 608
rail 0.0511 973 525 1052 580
rail 0.0496 1154 529 1212 571
rail 0.0484 1585 601 1924 782
rail 0.0463 -20 437 1157 980
rail 0.0435 1052 711 1179 921
rail 0.0359 733 524 972 712
rail 0.0352 1417 538 1538 578
rail 0.0342 1044 555 1216 980
rail 0.0334 874 528 951 626
rail 0.0325 1172 707 1215 950
rail 0.0321 1223 511 1358 574
rail 0.0319 1009 539 1044 615
rail 0.0306 1275 636 1417 1077
rail 0.0296 995 537 1065 616
rail 0.0290 1157 514 1834 726
rail 0.0289 1138 526 1199 564
rail 0.0273 1149 815 1281 995
rail 0.0261 1250 510 1297 550
rail 0.0242 1364 518 1868 668
rail 0.0227 1474 552 1600 602
rail 0.0214 1178 514 1373 610
rail 0.0213 928 562 998 609
rail 0.0210 1145 701 1192 926
rail 0.0181 974 550 1203 755
rail 0.0177 1238 658 1308 960
rail 0.0177 1738 629 1920 765
rail 0.0170 1336 530 1401 562
rail 0.0169 1108 696 1219 899
rail 0.0150 1282 519 1349 566
rail 0.0148 992 410 1093 603
rail 0.0146 990 524 1043 562
rail 0.0119 741 580 965 659
rail 0.0114 1436 546 1590 633
rail 0.0105 748 552 865 727
rail 0.0104 1140 547 1270 669
rail 0.0098 1228 500 1461 623
rail 0.0093 1442 528 1571 589
rail 0.0092 1392 536 1535 633
rail 0.0086 893 481 1044 608
rail 0.0083 1011 514 1119 604
rail 0.0082 884 504 970 564
rail 0.0078 1236 492 1309 565
rail 0.0078 1212 634 1353 816
rail 0.0075 1054 832 1182 930
rail 0.0073 925 541 1041 631
rail 0.0072 794 480 924 676
rail 0.0070 991 488 1090 585
rail 0.0070 835 508 1076 676
rail 0.0065 1054 499 1758 860
rail 0.0064 1047 555 1166 633
rail 0.0063 1253 691 1356 895
rail 0.0062 1332 515 1534 564
rail 0.0061 866 584 976 633
rail 0.0061 1599 581 1914 706
rail 0.0061 1026 455 1100 606
rail 0.0061 1237 697 1325 844
rail 0.0059 1311 537 1370 584
rail 0.0058 822 500 996 563
rail 0.0058 1003 483 1160 592
rail 0.0058 876 860 1058 1074
rail 0.0058 1762 662 1921 823
rail 0.0057 1085 510 1206 567
rail 0.0056 1312 544 1418 613
rail 0.0052 1383 542 1523 593
rail 0.0050 1158 507 1251 553
rail 0.0048 256 511 1112 843
rail 0.0047 1238 510 1317 593
rail 0.0046 1354 535 1495 578
rail 0.0045 1290 487 1352 531
rail 0.0044 1195 700 1296 835
rail 0.0044 1477 589 1918 877
rail 0.0043 1832 644 1921 765
rail 0.0043 1285 736 1375 1004
rail 0.0042 1009 734 1387 1092
rail 0.0042 815 559 891 653
rail 0.0042 1528 367 1700 703
rail 0.0042 944 554 1025 618
rail 0.0041 1054 528 1182 594
rail 0.0040 864 466 954 593
rail 0.0037 1482 554 1646 685
rail 0.0036 1117 508 1170 565
rail 0.0034 1301 684 1360 943
rail 0.0031 1786 623 1924 722
rail 0.0029 1260 519 1503 1080
rail 0.0029 1145 537 1358 684
rail 0.0027 1091 564 1330 763
rail 0.0025 1830 693 1921 813
rail 0.0025 1079 489 1478 715
rail 0.0024 1196 509 1281 578
rail 0.0024 1573 536 1656 738
rail 0.0024 1450 511 1549 572
rail 0.0024 918 533 1124 690
rail 0.0022 905 547 1025 676
rail 0.0021 1473 458 1671 628
rail 0.0021 831 570 921 670
rail 0.0021 519 513 971 716
rail 0.0021 1524 517 1677 634
rail 0.0021 748 513 1177 1084
rail 0.0020 818 784 1218 1097
rail 0.0020 1513 565 1614 604
rail 0.0020 1175 740 1257 986
rail 0.0020 1435 513 1507 560
rail 0.0020 828 560 1018 715
rail 0.0020 1215 458 1604 649
rail 0.0019 1242 544 1398 663
rail 0.0018 1206 822 1423 1056
rail 0.0018 1788 698 1922 883
rail 0.0018 1073 749 1156 885
rail 0.0018 1362 569 1962 1106
rail 0.0018 850 449 908 661
rail 0.0017 1262 552 1314 598
rail 0.0015 1342 521 1454 562
rail 0.0015 1595 517 1656 642
rail 0.0015 1154 952 1452 1057
rail 0.0015 869 495 940 560
rail 0.0014 789 424 1257 807
rail 0.0014 1471 581 1680 746
rail 0.0014 1293 492 1406 539
rail 0.0013 1204 512 1436 695
rail 0.0013 828 474 921 584
rail 0.0013 1254 527 1592 744
rail 0.0013 1329 574 1516 681
rail 0.0013 1090 697 1204 782
rail 0.0013 1383 477 1627 631
rail 0.0012 1767 687 1904 766
rail 0.0012 710 772 1060 1090
rail 0.0012 872 453 1130 646
rail 0.0012 816 589 930 704
rail 0.0012 863 602 982 667
rail 0.0012 1808 706 1912 772
rail 0.0011 1848 714 1920 871
rail 0.0011 1481 510 1575 551
rail 0.0011 1711 655 1864 741
rail 0.0010 1395 519 1473 558
rail 0.0010 1284 719 1357 830
rail 0.0010 1005 453 1572 778
rail 0.0010 822 527 1126 760
rail 0.0010 736 463 879 701
rail 0.0010 1757 592 1923 694
rail 0.0010 1468 284 1759 756
switch-indicator 0.3494 1423 597 1440 629
switch-indicator 0.0836 1280 565 1293 588
switch-indicator 0.0582 1425 593 1444 622
switch-indicator 0.0116 1265 520 1292 583
switch-indicator 0.0076 1277 566 1296 597
switch-indicator 0.0050 1123 532 1170 570
switch-indicator 0.0036 1386 584 1443 644
switch-indicator 0.0035 1382 580 1418 629
switch-indicator 0.0031 1413 518 1455 552
switch-indicator 0.0030 1259 557 1293 595
switch-indicator 0.0029 1424 601 1443 654
switch-indicator 0.0027 1520 510 1547 540
switch-indicator 0.0026 1406 586 1448 668
switch-indicator 0.0024 1424 510 1474 551
switch-indicator 0.0023 1092 531 1146 581
switch-indicator 0.0021 1216 519 1265 563
switch-indicator 0.0016 1486 618 1521 680
switch-left 0.2403 1029 846 1218 967
switch-left 0.2239 1175 808 1377 1006
switch-left 0.1606 1165 595 1237 636
switch-left 0.1565 1189 866 1377 972
switch-left 0.1258 1227 686 1336 746
switch-left 0.1226 1155 682 1296 774
switch-left 0.0808 1168 612 1244 645
switch-left 0.0609 1168 711 1300 1057
switch-left 0.0562 1139 700 1248 776
switch-left 0.0280 1249 695 1346 776
switch-left 0.0220 1160 607 1255 666
switch-left 0.0171 1174 901 1395 1001
switch-left 0.0161 1166 838 1298 1001
switch-left 0.0106 1057 863 1168 947
switch-left 0.0101 1193 665 1340 734
switch-left 0.0098 1488 576 1571 615
switch-left 0.0096 1180 705 1284 836
switch-left 0.0086 996 914 1178 980
switch-left 0.0083 1121 601 1214 644
switch-left 0.0075 1140 716 1236 819
switch-left 0.0062 1020 836 1141 936
switch-left 0.0051 1167 935 1429 1033
switch-left 0.0045 1165 859 1262 950
switch-left 0.0042 1073 789 1243 1000
switch-left 0.0036 1499 597 1588 632
switch-left 0.0029 1116 690 1231 756
switch-left 0.0022 1231 861 1344 953
switch-left 0.0019 956 937 1190 1022
switch-left 0.0015 1151 978 1413 1069
switch-left 0.0015 1249 644 1363 715
switch-left 0.0013 1006 891 1146 964
switch-left 0.0012 1318 580 1392 621
switch-right 0.3621 1164 603 1241 641
switch-right 0.2922 1158 685 1301 754
switch-right 0.2757 1031 844 1220 960
switch-right 0.1255 1215 685 1347 752
switch-right 0.0684 1136 700 1250 776
switch-right 0.0675 1185 854 1382 988
switch-right 0.0561 1165 615 1253 662
switch-right 0.0551 1130 552 1398 973
switch-right 0.0486 1166 624 1382 848
switch-right 0.0150 1206 676 1308 740
switch-right 0.0138 1508 577 1589 613
switch-right 0.0120 1156 702 1277 843
switch-right 0.0103 1139 715 1236 822
switch-right 0.0099 1147 670 1258 745
switch-right 0.0086 1053 828 1183 935
switch-right 0.0083 1161 799 1273 990
switch-right 0.0057 1119 602 1216 645
switch-right 0.0052 1185 659 1349 739
switch-right 0.0043 1162 655 1263 706
switch-right 0.0042 1256 709 1349 830
switch-right 0.0042 1171 842 1261 949
switch-right 0.0041 1501 597 1589 631
switch-right 0.0040 1116 691 1230 755
switch-right 0.0040 1265 692 1358 747
switch-right 0.0030 1237 660 1364 710
switch-right 0.0024 1465 571 1534 611
switch-right 0.0021 1232 845 1340 938
switch-right 0.0021 1267 822 1377 967
switch-right 0.0016 1277 704 1352 778
switch-right 0.0011 1319 576 1391 623
switch-unknown 0.1971 1346 544 1399 572
switch-unknown 0.1397 1328 536 1388 572
switch-unknown 0.0930 1324 528 1382 560
switch-unknown 0.0791 1477 550 1531 580
switch-unknown 0.0758 1293 521 1371 559
switch-unknown 0.0452 1365 551 1411 576
switch-unknown 0.0258 1341 531 1398 559
switch-unknown 0.0206 1448 550 1516 583
switch-unknown 0.0108 1497 563 1578 598
switch-unknown 0.0073 1383 539 1461 572
switch-unknown 0.0066 1412 536 1491 571
switch-unknown 0.0048 1413 548 1494 589
switch-unknown 0.0046 1295 482 1348 525
switch-unknown 0.0042 1390 548 1452 588
switch-unknown 0.0042 1437 559 1561 622
switch-unknown 0.0031 1522 578 1598 614
switch-unknown 0.0030 864 587 933 644
switch-unknown 0.0027 1487 599 1572 634
switch-unknown 0.0022 1081 540 1158 605
switch-unknown 0.0022 1529 570 1595 600
switch-unknown 0.0020 1053 530 1121 583
switch-unknown 0.0019 840 592 908 652
switch-unknown 0.0015 1362 521 1435 559
switch-unknown 0.0011 1320 473 1376 544
switch-static 0.5947 1050 694 1132 739
switch-static 0.2906 775 917 950 991
switch-static 0.1313 1095 638 1138 660
switch-static 0.0688 847 935 1009 1054
switch-static 0.0519 839 916 999 978
switch-static 0.0411 906 921 994 968
switch-static 0.0410 1081 632 1125 659
switch-static 0.0271 1025 703 1114 750
switch-static 0.0212 970 724 1044 763
switch-static 0.0188 990 717 1104 764
switch-static 0.0176 759 905 1010 969
switch-static 0.0174 768 937 908 1000
switch-static 0.0169 777 908 931 959
switch-static 0.0166 1114 599 1173 644
switch-static 0.0151 925 616 1174 893
switch-static 0.0146 1073 597 1145 672
switch-static 0.0129 1080 696 1176 738
switch-static 0.0073 973 733 1019 767
switch-static 0.0062 808 899 1032 1027
switch-static 0.0060 1074 566 1134 627
switch-static 0.0055 796 919 907 968
switch-static 0.0044 1038 614 1149 727
switch-static 0.0028 877 589 963 627
switch-static 0.0025 1053 634 1135 707
switch-static 0.0024 910 912 985 951
switch-static 0.0021 909 591 979 624
switch-static 0.0020 1268 567 1303 597
switch-static 0.0017 1487 619 1520 680
switch-static 0.0013 1493 613 1532 664
switch-static 0.0012 969 726 1065 788
switch-static 0.0012 1489 640 1533 700
switch-static 0.0011 1283 574 1331 622
switch-static 0.0010 1004 731 1079 778
switch-static 0.0010 1259 608 1322 659
track-sign-front 0.3887 1074 594 1095 623
track-sign-front 0.0773 1278 565 1292 588
track-sign-front 0.0431 1235 503 1282 547
track-sign-front 0.0412 1269 527 1292 583
track-sign-front 0.0408 1064 586 1106 630
track-sign-front 0.0362 1034 582 1134 630
track-sign-front 0.0342 1237 504 1262 537
track-sign-front 0.0223 1250 515 1282 558
track-sign-front 0.0200 1621 470 1650 523
track-sign-front 0.0123 1622 446 1650 551
track-sign-front 0.0060 876 459 909 509
track-sign-front 0.0059 1589 498 1608 555
track-sign-front 0.0058 1606 492 1651 558
track-sign-front 0.0054 1530 512 1545 531
track-sign-front 0.0043 1604 507 1646 599
track-sign-front 0.0033 1590 515 1614 580
track-sign-front 0.0032 803 469 844 535
track-sign-front 0.0030 1036 522 1094 591
track-sign-front 0.0029 1587 480 1608 539
track-sign-front 0.0022 820 456 872 539
track-sign-front 0.0015 1584 537 1616 609
track-sign-front 0.0014 1298 453 1353 522
track-sign-front 0.0011 1660 477 1682 529
track-signal-front 0.6246 932 398 957 433
track-signal-front 0.0198 1618 456 1651 508
track-signal-front 0.0073 1657 409 1678 508
track-signal-front 0.0044 596 360 625 385
track-signal-front 0.0043 839 408 865 501
track-signal-front 0.0039 1649 501 1675 538
track-signal-front 0.0039 1531 506 1548 529
track-signal-front 0.0026 798 474 830 534
track-signal-front 0.0025 847 438 905 522
track-signal-front 0.0024 929 388 963 451
track-signal-front 0.0017 1629 350 1674 389
track-signal-front 0.0016 1652 347 1681 381
track-signal-front 0.0013 848 377 889 479
track-signal-front 0.0010 792 482 825 551
track-signal-back 0.0812 1128 438 1138 468
track-signal-back 0.0692 1130 435 1141 460
track-signal-back 0.0689 934 447 946 497
track-signal-back 0.0568 935 396 961 432
track-signal-back 0.0349 1156 428 1167 448
track-signal-back 0.0297 1625 464 1653 528
track-signal-back 0.0247 1146 424 1166 462
track-signal-back 0.0120 1630 499 1659 538
track-signal-back 0.0113 1206 455 1223 492
track-signal-back 0.0108 1619 458 1651 507
track-signal-back 0.0102 1120 433 1140 520
track-signal-back 0.0093 1628 416 1670 518
track-signal-back 0.0087 1125 435 1138 480
track-signal-back 0.0084 1621 368 1665 419
track-signal-back 0.0067 1594 362 1633 432
track-signal-back 0.0060 1644 360 1680 416
track-signal-back 0.0056 1598 315 1625 473
track-signal-back 0.0054 843 390 864 484
track-signal-back 0.0053 1159 424 1176 446
track-signal-back 0.0051 1651 375 1677 427
track-signal-back 0.0047 1645 471 1679 547
track-signal-back 0.0044 1647 416 1676 536
track-signal-back 0.0043 1119 422 1135 471
track-signal-back 0.0041 1257 391 1270 437
track-signal-back 0.0037 1662 385 1683 428
track-signal-back 0.0037 1659 393 1678 482
track-signal-back 0.0027 1599 411 1645 514
track-signal-back 0.0021 846 423 884 493
track-signal-back 0.0018 843 370 872 456
track-signal-back 0.0018 874 430 908 493
track-signal-back 0.0017 799 474 831 533
track-signal-back 0.0017 1256 382 1269 417
track-signal-back 0.0017 1674 337 1716 422
track-signal-back 0.0015 1660 446 1682 512
track-signal-back 0.0014 1697 332 1724 408
track-signal-back 0.0011 1659 410 1683 549
track-signal-back 0.0011 1046 359 1077 459
pole 0.5674 1586 95 1634 701
pole 0.2979 859 72 899 743
pole 0.2206 1048 356 1080 606
pole 0.2169 1255 368 1274 550
pole 0.1371 1046 71 1075 641
pole 0.0555 931 451 947 515
pole 0.0551 1033 317 1072 599
pole 0.0525 1258 379 1284 563
pole 0.0421 1011 339 1031 567
pole 0.0310 847 189 910 843
pole 0.0266 997 402 1040 568
pole 0.0257 1596 184 1674 729
pole 0.0249 1003 401 1122 629
pole 0.0215 1018 377 1090 590
pole 0.0205 828 277 892 756
pole 0.0184 1119 471 1133 535
pole 0.0175 1040 427 1086 629
pole 0.0162 1421 81 1449 561
pole 0.0150 1052 377 1097 624
pole 0.0150 1609 366 1670 667
pole 0.0124 1652 127 1694 699
pole 0.0120 1117 398 1136 561
pole 0.0116 803 394 916 755
pole 0.0112 1424 342 1439 524
pole 0.0096 1343 417 1353 506
pole 0.0088 1122 416 1139 541
pole 0.0087 997 448 1042 526
pole 0.0084 1034 172 1087 673
pole 0.0077 899 200 952 616
pole 0.0073 1112 490 1137 565
pole 0.0073 1052 415 1078 556
pole 0.0073 841 368 917 672
pole 0.0072 836 388 871 568
pole 0.0069 1592 479 1650 694
pole 0.0069 1672 90 1709 663
pole 0.0068 1621 481 1657 637
pole 0.0059 841 377 864 533
pole 0.0059 1631 489 1660 551
pole 0.0057 1493 428 1507 539
pole 0.0055 1012 229 1026 545
pole 0.0053 1228 360 1271 564
pole 0.0052 1607 530 1646 675
pole 0.0048 1339 448 1354 509
pole 0.0044 1209 433 1268 529
pole 0.0042 1011 371 1026 509
pole 0.0042 849 413 897 576
pole 0.0040 1048 290 1073 527
pole 0.0039 1614 489 1673 696
pole 0.0039 1590 454 1610 605
pole 0.0038 1345 377 1359 506
pole 0.0037 814 431 850 549
pole 0.0036 1566 185 1625 733
pole 0.0036 1027 410 1079 554
pole 0.0035 1647 479 1674 562
pole 0.0034 1038 460 1125 610
pole 0.0034 765 389 853 761
pole 0.0033 823 440 868 557
pole 0.0031 1416 196 1445 627
pole 0.0031 1303 350 1323 523
pole 0.0031 1044 -9 1095 610
pole 0.0030 878 457 908 512
pole 0.0029 1556 74 1690 725
pole 0.0029 982 365 1027 566
pole 0.0026 1052 439 1102 568
pole 0.0025 1324 399 1358 516
pole 0.0025 1428 369 1443 503
pole 0.0025 1058 127 1073 453
pole 0.0025 828 426 878 620
pole 0.0023 1548 373 1561 494
pole 0.0023 1594 235 1622 543
pole 0.0022 1546 346 1564 523
pole 0.0022 1576 509 1625 691
pole 0.0022 1250 398 1315 569
pole 0.0022 1641 475 1676 629
pole 0.0021 1319 348 1345 524
pole 0.0021 883 67 954 729
pole 0.0020 1419 245 1439 522
pole 0.0020 850 383 880 536
pole 0.0020 804 472 843 534
pole 0.0019 1649 384 1686 638
pole 0.0019 1402 58 1457 585
pole 0.0019 826 370 855 550
pole 0.0018 792 452 833 573
pole 0.0016 1425 151 1445 485
pole 0.0016 802 447 849 587
pole 0.0016 779 210 931 796
pole 0.0015 1131 435 1178 532
pole 0.0015 1256 376 1271 455
pole 0.0015 1516 408 1635 662
pole 0.0015 1276 367 1320 556
pole 0.0014 1370 401 1394 518
pole 0.0014 1590 384 1617 573
pole 0.0014 1550 323 1573 545
pole 0.0014 1363 433 1399 529
pole 0.0013 1242 361 1292 549
pole 0.0012 1045 382 1169 571
pole 0.0011 1062 327 1098 556
pole 0.0011 877 404 904 521
pole 0.0011 1031 366 1070 509
pole 0.0011 874 298 899 524
pole 0.0011 1536 273 1753 766
pole 0.0010 859 315 885 504
pole 0.0010 1413 345 1450 526
rail-occluder 0.2000 781 598 835 754
rail-occluder 0.0815 1016 538 1043 614
rail-occluder 0.0553 1020 559 1036 614
rail-occluder 0.0456 1259 509 1287 549
rail-occluder 0.0303 907 565 981 616
rail-occluder 0.0276 988 532 1043 574
rail-occluder 0.0229 1010 532 1049 585
rail-occluder 0.0144 939 566 990 605
rail-occluder 0.0131 999 524 1041 560
rail-occluder 0.0113 1630 589 1663 636
rail-occluder 0.0108 811 618 881 737
rail-occluder 0.0105 769 534 845 743
rail-occluder 0.0088 1249 514 1281 557
rail-occluder 0.0085 836 598 867 639
rail-occluder 0.0084 1641 599 1667 631
rail-occluder 0.0064 768 552 972 734
rail-occluder 0.0061 766 606 818 734
rail-occluder 0.0049 790 647 845 767
rail-occluder 0.0048 1035 530 1094 616
rail-occluder 0.0048 790 534 868 712
rail-occluder 0.0046 1618 509 1657 643
rail-occluder 0.0039 1070 544 1113 621
rail-occluder 0.0037 1605 562 1643 677
rail-occluder 0.0033 822 604 887 692
rail-occluder 0.0033 1120 502 1157 566
rail-occluder 0.0031 797 590 909 716
rail-occluder 0.0028 1503 540 1566 582
rail-occluder 0.0027 954 560 1019 610
rail-occluder 0.0027 796 591 858 647
rail-occluder 0.0024 1600 647 1627 704
rail-occluder 0.0024 841 606 895 742
rail-occluder 0.0019 1635 521 1671 628
rail-occluder 0.0019 1010 495 1072 574
rail-occluder 0.0015 871 612 909 661
rail-occluder 0.0015 848 609 901 678
rail-occluder 0.0012 1619 529 1688 623
rail-occluder 0.0010 1600 617 1637 672
