crossing 0.6601 905 673 953 698
crossing 0.5010 783 671 865 700
crossing 0.0605 826 666 899 696
crossing 0.0312 745 674 841 709
crossing 0.0179 861 668 949 707
crossing 0.0140 877 666 942 695
crossing 0.0136 -5 760 493 1074
crossing 0.0127 768 663 879 715
crossing 0.0056 819 643 886 682
crossing 0.0055 899 662 958 713
crossing 0.0043 -4 879 388 1075
crossing 0.0024 909 632 948 675
crossing 0.0021 731 683 837 729
crossing 0.0019 908 687 963 715
crossing 0.0017 840 634 905 681
platform 0.0337 0 752 522 960
platform 0.0041 5 742 705 1067
rail 0.9541 737 625 1026 1077
rail 0.8935 12 630 915 1075
rail 0.0077 -1 756 499 1074
rail 0.0020 908 632 948 679
rail 0.0019 211 666 718 1062
rail 0.0014 905 610 942 654
rail 0.0014 1 943 311 1078
switch-static 0.0871 965 692 1010 712
switch-static 0.0065 979 689 1024 712
track-sign-front 0.3983 1106 643 1125 671
track-sign-front 0.1684 1042 655 1055 682
track-sign-front 0.0398 1006 606 1019 627
track-sign-front 0.0303 1087 583 1122 614
track-sign-front 0.0221 1042 660 1058 695
track-sign-front 0.0189 1104 606 1125 659
track-sign-front 0.0144 1102 639 1133 668
track-sign-front 0.0127 1083 582 1109 608
track-sign-front 0.0126 1109 583 1132 610
track-sign-front 0.0090 729 646 743 670
track-sign-front 0.0080 1102 644 1122 680
track-sign-front 0.0079 1085 590 1116 628
track-sign-front 0.0079 1105 573 1125 610
track-sign-front 0.0051 1075 586 1098 613
track-sign-front 0.0049 1007 627 1028 665
track-sign-front 0.0035 1105 663 1124 718
track-sign-front 0.0032 724 625 740 646
track-sign-front 0.0028 666 631 694 672
track-sign-front 0.0027 1036 654 1063 685
track-sign-front 0.0024 725 627 761 673
track-sign-front 0.0024 1042 648 1064 675
track-sign-front 0.0020 1108 605 1133 651
track-sign-front 0.0019 724 643 758 688
track-sign-front 0.0012 1104 698 1121 743
track-sign-front 0.0012 979 621 1029 670
track-sign-front 0.0011 726 636 744 675
track-sign-front 0.0011 917 610 953 652
track-signal-front 0.8944 1060 403 1122 496
track-signal-front 0.0840 1007 594 1019 617
track-signal-front 0.0178 1084 497 1110 527
track-signal-front 0.0088 1008 585 1021 607
track-signal-front 0.0055 1143 529 1171 567
track-signal-front 0.0032 1105 572 1125 611
track-signal-front 0.0022 1134 525 1182 585
track-signal-front 0.0019 1075 584 1099 615
track-signal-front 0.0017 1007 587 1040 620
track-signal-front 0.0017 665 621 692 650
track-signal-back 0.0393 1150 525 1182 571
track-signal-back 0.0066 812 534 831 571
track-signal-back 0.0058 813 547 829 585
track-signal-back 0.0014 806 527 826 573
track-signal-back 0.0014 1146 537 1179 590
track-signal-back 0.0013 809 551 823 589
pole 0.0020 1595 42 1698 1090
