guard-rail 0.5096 739 515 771 555
guard-rail 0.4799 918 514 937 550
guard-rail 0.1297 923 516 941 556
guard-rail 0.1206 908 515 929 549
guard-rail 0.0692 730 506 774 546
guard-rail 0.0110 712 488 760 550
guard-rail 0.0107 919 475 951 527
guard-rail 0.0083 911 508 945 558
guard-rail 0.0073 898 461 942 489
guard-rail 0.0066 841 472 936 531
guard-rail 0.0065 697 477 739 521
guard-rail 0.0048 695 463 749 501
guard-rail 0.0046 684 460 738 492
guard-rail 0.0036 703 428 736 458
guard-rail 0.0031 896 505 957 553
guard-rail 0.0024 761 505 814 554
guard-rail 0.0022 702 496 740 545
guard-rail 0.0021 733 496 846 557
guard-rail 0.0021 768 526 801 559
guard-rail 0.0020 790 434 865 499
guard-rail 0.0018 937 509 969 551
guard-rail 0.0017 733 490 803 536
guard-rail 0.0016 718 459 778 496
guard-rail 0.0015 940 524 965 567
guard-rail 0.0015 938 456 1011 503
guard-rail 0.0011 723 453 883 539
guard-rail 0.0011 775 479 829 517
guard-rail 0.0010 684 448 832 605
train-car 0.5352 207 349 516 447
train-car 0.0388 79 362 491 467
train-car 0.0273 200 361 297 440
train-car 0.0200 262 270 513 464
train-car 0.0194 138 344 585 529
train-car 0.0185 195 361 367 454
train-car 0.0066 114 277 598 632
train-car 0.0058 155 379 198 409
train-car 0.0040 240 351 415 437
train-car 0.0026 213 404 278 442
train-car 0.0025 592 344 648 421
train-car 0.0024 103 384 198 419
train-car 0.0023 279 349 651 464
train-car 0.0012 345 334 562 433
train-car 0.0011 170 378 247 428
train-car 0.0010 201 173 621 550
rail 0.8754 639 395 1187 1078
rail 0.8536 0 389 602 1064
rail 0.7678 0 392 560 740
rail 0.6152 680 394 916 487
rail 0.5751 0 428 255 595
rail 0.4360 1 404 538 574
rail 0.2990 6 434 242 522
rail 0.1482 775 414 915 486
rail 0.0689 0 440 139 558
rail 0.0535 2 436 173 499
rail 0.0394 0 441 100 521
rail 0.0380 677 415 726 445
rail 0.0369 5 435 353 664
rail 0.0362 738 390 922 447
rail 0.0322 836 414 910 479
rail 0.0304 676 410 753 448
rail 0.0303 -1 448 167 640
rail 0.0279 711 736 1151 1077
rail 0.0253 651 406 724 443
rail 0.0213 654 392 759 447
rail 0.0208 19 424 322 496
rail 0.0203 670 410 708 440
rail 0.0178 717 414 936 513
rail 0.0153 623 386 825 445
rail 0.0133 8 424 207 477
rail 0.0130 624 398 902 1083
rail 0.0114 0 447 84 596
rail 0.0104 0 450 40 551
rail 0.0104 811 449 917 489
rail 0.0102 0 445 79 490
rail 0.0093 729 381 844 430
rail 0.0081 63 433 228 493
rail 0.0072 99 365 608 534
rail 0.0069 114 369 357 450
rail 0.0063 661 405 743 471
rail 0.0060 5 462 314 816
rail 0.0048 673 423 735 458
rail 0.0048 829 402 902 439
rail 0.0048 641 390 1052 840
rail 0.0046 683 367 900 456
rail 0.0041 60 420 293 469
rail 0.0040 732 396 836 463
rail 0.0039 660 407 693 448
rail 0.0034 644 345 783 426
rail 0.0032 373 380 605 449
rail 0.0032 687 406 819 454
rail 0.0032 53 365 419 489
rail 0.0032 748 975 1104 1080
rail 0.0031 653 388 944 550
rail 0.0031 0 399 74 499
rail 0.0031 629 391 706 443
rail 0.0030 699 384 810 440
rail 0.0029 34 448 129 506
rail 0.0029 -2 414 121 477
rail 0.0027 666 425 708 458
rail 0.0027 801 900 1176 1080
rail 0.0026 61 446 231 562
rail 0.0025 -1 484 226 708
rail 0.0024 677 843 1196 1151
rail 0.0022 624 372 790 488
rail 0.0022 189 419 425 537
rail 0.0022 129 447 389 588
rail 0.0020 587 382 691 444
rail 0.0019 118 437 404 749
rail 0.0019 883 416 1227 1081
rail 0.0019 673 358 741 454
rail 0.0019 0 456 31 635
rail 0.0018 61 440 151 483
rail 0.0018 -15 382 180 566
rail 0.0017 594 365 658 456
rail 0.0016 -1 487 76 700
rail 0.0015 312 371 498 475
rail 0.0014 752 436 864 497
rail 0.0014 581 320 1021 697
rail 0.0014 715 427 845 512
rail 0.0013 669 377 822 412
rail 0.0012 744 424 829 477
rail 0.0012 699 423 738 471
rail 0.0011 708 487 978 1075
rail 0.0011 792 395 869 432
rail 0.0011 308 404 570 467
rail 0.0011 2 515 160 778
rail 0.0010 119 422 235 466
rail 0.0010 619 374 752 420
rail 0.0010 159 458 387 992
switch-indicator 0.1063 679 418 723 443
switch-indicator 0.0558 698 420 731 444
switch-indicator 0.0203 675 412 704 438
switch-indicator 0.0064 672 422 703 458
switch-left 0.2380 708 875 1184 1079
switch-left 0.1225 844 456 921 486
switch-left 0.0133 705 674 1173 1069
switch-left 0.0079 861 469 934 508
switch-left 0.0050 764 962 1244 1084
switch-left 0.0035 791 924 1137 1063
switch-left 0.0013 652 957 1058 1086
switch-left 0.0010 712 1002 1169 1123
switch-right 0.1851 845 453 921 482
switch-right 0.0046 836 470 932 506
switch-unknown 0.0066 660 412 692 442
switch-unknown 0.0061 676 421 735 458
switch-unknown 0.0057 813 399 891 431
switch-unknown 0.0053 838 404 897 429
switch-unknown 0.0023 721 412 780 444
switch-static 0.2198 942 461 999 489
switch-static 0.0168 1435 891 1534 983
switch-static 0.0150 302 794 379 846
switch-static 0.0106 609 450 632 469
switch-static 0.0080 1359 895 1538 1003
switch-static 0.0047 176 728 469 878
switch-static 0.0043 766 433 805 469
switch-static 0.0041 882 450 933 477
switch-static 0.0028 980 468 1040 495
switch-static 0.0025 868 451 982 492
switch-static 0.0025 934 450 1004 502
switch-static 0.0022 776 444 837 492
switch-static 0.0020 612 453 646 475
switch-static 0.0019 643 437 692 472
switch-static 0.0018 1431 890 1616 1022
switch-static 0.0018 760 449 803 487
switch-static 0.0016 1253 899 1500 999
switch-static 0.0014 767 423 851 476
track-sign-front 0.1674 470 426 488 459
track-sign-front 0.1139 778 391 792 413
track-sign-front 0.0900 595 385 618 425
track-sign-front 0.0376 592 343 621 445
track-sign-front 0.0093 783 389 795 409
track-sign-front 0.0056 597 374 634 432
track-sign-front 0.0055 607 447 631 468
track-sign-front 0.0040 602 343 645 417
track-sign-front 0.0037 66 391 91 426
track-sign-front 0.0028 585 382 609 460
track-signal-back 0.6658 603 246 627 306
track-signal-back 0.6454 708 285 722 323
track-signal-back 0.5873 370 225 399 276
track-signal-back 0.1790 601 231 628 268
track-signal-back 0.0271 811 301 824 323
track-signal-back 0.0226 707 291 722 377
track-signal-back 0.0217 608 303 624 362
track-signal-back 0.0186 786 286 822 335
track-signal-back 0.0165 702 283 727 328
track-signal-back 0.0125 784 278 803 351
track-signal-back 0.0085 603 223 628 251
track-signal-back 0.0079 606 293 626 336
track-signal-back 0.0079 606 229 632 290
track-signal-back 0.0078 781 271 812 396
track-signal-back 0.0077 780 279 798 395
track-signal-back 0.0072 604 224 627 395
track-signal-back 0.0057 793 273 812 335
track-signal-back 0.0047 377 223 418 272
track-signal-back 0.0044 706 288 729 404
track-signal-back 0.0043 812 301 825 351
track-signal-back 0.0037 790 268 818 352
track-signal-back 0.0037 372 219 401 255
track-signal-back 0.0031 704 271 722 296
track-signal-back 0.0023 374 221 404 382
track-signal-back 0.0020 665 317 688 361
track-signal-back 0.0020 373 270 404 326
track-signal-back 0.0019 584 236 637 308
track-signal-back 0.0018 377 270 395 353
track-signal-back 0.0017 808 288 826 323
track-signal-back 0.0015 593 230 619 323
track-signal-back 0.0013 713 285 777 340
track-signal-back 0.0013 373 269 395 310
track-signal-back 0.0012 355 224 407 281
track-signal-back 0.0011 619 241 667 299
track-signal-back 0.0010 588 224 618 264
track-signal-back 0.0010 649 310 684 368
pole 0.2244 385 245 409 472
pole 0.1282 396 247 416 467
pole 0.1277 598 216 623 458
pole 0.1130 710 301 721 418
pole 0.0730 711 295 730 423
pole 0.0688 584 218 605 458
pole 0.0527 379 259 398 471
pole 0.0517 594 314 620 468
pole 0.0480 460 320 470 434
pole 0.0305 357 285 439 468
pole 0.0283 317 333 459 466
pole 0.0262 704 319 725 437
pole 0.0218 400 315 415 454
pole 0.0161 707 313 742 433
pole 0.0156 607 272 625 390
pole 0.0132 369 325 403 469
pole 0.0131 500 295 522 418
pole 0.0125 371 211 408 492
pole 0.0120 458 276 468 412
pole 0.0108 605 283 637 440
pole 0.0108 777 289 794 422
pole 0.0099 783 237 806 432
pole 0.0086 481 294 511 423
pole 0.0081 728 295 753 421
pole 0.0072 734 365 755 415
pole 0.0072 781 260 799 414
pole 0.0061 464 311 502 434
pole 0.0060 76 228 93 442
pole 0.0059 462 343 478 461
pole 0.0044 516 299 549 415
pole 0.0041 440 322 473 442
pole 0.0037 493 312 531 430
pole 0.0035 392 286 452 466
pole 0.0030 390 352 418 490
pole 0.0030 583 192 635 461
pole 0.0026 551 298 598 416
pole 0.0020 376 223 396 404
pole 0.0019 681 311 761 416
pole 0.0018 663 303 705 408
pole 0.0018 449 244 467 436
pole 0.0017 561 267 612 474
pole 0.0014 390 335 575 423
pole 0.0013 631 323 667 400
pole 0.0013 511 320 567 427
pole 0.0012 598 374 632 435
pole 0.0012 560 241 594 441
pole 0.0012 77 270 91 403
pole 0.0010 211 276 225 398
pole 0.0010 585 357 610 484
rail-occluder 0.2211 469 426 485 462
rail-occluder 0.1497 384 438 405 480
rail-occluder 0.0988 780 391 792 413
rail-occluder 0.0179 681 410 725 439
rail-occluder 0.0109 378 413 409 476
rail-occluder 0.0098 376 452 394 488
rail-occluder 0.0084 360 423 434 474
rail-occluder 0.0084 465 418 492 471
rail-occluder 0.0065 768 400 800 449
rail-occluder 0.0042 349 404 410 494
rail-occluder 0.0039 430 379 499 466
rail-occluder 0.0037 703 378 751 441
rail-occluder 0.0030 208 413 258 447
rail-occluder 0.0027 724 382 781 431
rail-occluder 0.0026 464 430 486 492
rail-occluder 0.0018 386 448 422 484
rail-occluder 0.0014 460 389 501 471
rail-occluder 0.0013 767 405 845 467
rail-occluder 0.0011 411 427 483 477
rail-occluder 0.0010 208 425 250 459
