crossing 0.0060 1052 529 1085 546
guard-rail 0.3446 1046 604 1091 636
guard-rail 0.1295 938 597 952 646
guard-rail 0.0758 1049 603 1108 647
guard-rail 0.0548 1038 592 1077 620
guard-rail 0.0509 1075 614 1121 649
guard-rail 0.0363 943 597 960 642
guard-rail 0.0105 946 561 994 616
guard-rail 0.0041 928 610 944 659
guard-rail 0.0033 964 559 1010 612
guard-rail 0.0027 929 589 948 635
guard-rail 0.0027 1031 613 1075 662
guard-rail 0.0026 1097 633 1150 664
guard-rail 0.0022 998 601 1028 644
guard-rail 0.0021 1059 610 1144 663
guard-rail 0.0021 1046 570 1085 613
guard-rail 0.0020 972 542 1043 589
guard-rail 0.0017 1005 575 1040 622
guard-rail 0.0017 1010 554 1062 607
guard-rail 0.0013 985 593 1013 640
guard-rail 0.0011 936 594 968 644
guard-rail 0.0011 936 544 985 600
guard-rail 0.0011 931 605 959 654
rail 0.9572 0 507 959 1070
rail 0.9561 817 503 1145 1077
rail 0.9250 1001 521 1919 1077
rail 0.8369 -3 506 909 753
rail 0.0618 1352 529 1926 662
rail 0.0491 958 521 994 557
rail 0.0481 489 515 913 597
rail 0.0352 956 507 994 531
rail 0.0192 242 510 936 658
rail 0.0117 631 518 919 568
rail 0.0087 933 512 988 539
rail 0.0065 -1 582 542 749
rail 0.0038 969 498 1000 530
rail 0.0023 917 489 983 530
rail 0.0022 1138 498 1895 689
rail 0.0021 945 521 1004 569
rail 0.0020 1312 517 1722 615
rail 0.0020 1371 519 1544 591
rail 0.0019 1393 482 1906 604
rail 0.0017 -2 614 341 758
rail 0.0016 881 492 954 550
rail 0.0015 1381 524 1480 576
rail 0.0015 847 522 912 550
rail 0.0013 1197 624 1712 1053
rail 0.0011 952 533 1007 596
rail 0.0011 1321 518 1496 579
rail 0.0011 1046 528 1090 548
rail 0.0010 973 525 1043 558
rail 0.0010 727 515 930 554
switch-indicator 0.0206 1677 756 1722 803
switch-indicator 0.0019 1831 754 1918 865
switch-left 0.0597 960 548 1003 580
switch-left 0.0026 949 540 1012 586
switch-right 0.2466 959 544 999 568
switch-right 0.1100 960 550 1003 577
switch-unknown 0.0838 959 519 993 554
switch-unknown 0.0530 959 507 990 529
switch-unknown 0.0160 931 505 994 542
switch-unknown 0.0066 859 520 899 546
switch-unknown 0.0063 968 499 1000 524
switch-unknown 0.0026 919 470 986 543
switch-unknown 0.0014 850 526 907 552
switch-unknown 0.0012 871 518 921 558
switch-unknown 0.0011 828 529 888 556
switch-static 0.0247 1675 757 1724 804
switch-static 0.0177 1624 759 1731 809
switch-static 0.0081 972 537 1045 569
switch-static 0.0069 1589 765 1696 808
switch-static 0.0066 1009 536 1061 561
switch-static 0.0040 1539 752 1638 790
switch-static 0.0035 864 589 889 612
switch-static 0.0034 1048 531 1085 549
switch-static 0.0030 1819 765 1917 864
switch-static 0.0026 1563 755 1667 796
switch-static 0.0020 1522 744 1691 806
switch-static 0.0019 1414 731 1812 836
switch-static 0.0016 932 522 995 574
switch-static 0.0015 1651 775 1738 825
track-sign-front 0.0272 1222 517 1233 534
track-sign-front 0.0210 1220 511 1232 530
track-sign-front 0.0176 549 512 565 540
track-sign-front 0.0058 548 486 568 568
track-sign-front 0.0039 1858 755 1910 852
track-sign-front 0.0039 875 478 891 512
track-sign-front 0.0035 1218 513 1234 540
track-sign-front 0.0031 548 422 569 615
track-sign-front 0.0020 549 506 572 589
track-sign-front 0.0017 1208 472 1239 548
track-sign-front 0.0016 1221 521 1234 562
track-sign-front 0.0013 556 496 582 562
track-signal-front 0.3258 902 421 918 462
track-signal-front 0.0145 902 407 916 443
track-signal-front 0.0115 875 475 890 500
track-signal-front 0.0106 898 418 926 466
track-signal-back 0.0037 1019 427 1039 494
pole 0.6242 548 207 585 635
pole 0.1512 906 442 918 547
pole 0.0515 898 378 918 576
pole 0.0504 1399 266 1416 600
pole 0.0399 1215 224 1242 575
pole 0.0133 1182 346 1200 578
pole 0.0101 904 480 925 552
pole 0.0085 1050 345 1067 567
pole 0.0068 540 281 574 626
pole 0.0057 1022 347 1049 575
pole 0.0055 1220 308 1236 591
pole 0.0052 896 393 920 503
pole 0.0052 1024 410 1054 547
pole 0.0042 874 439 892 534
pole 0.0042 885 486 922 555
pole 0.0038 900 394 917 457
pole 0.0037 1015 419 1040 536
pole 0.0037 1182 314 1218 597
pole 0.0035 898 416 927 551
pole 0.0029 1389 289 1418 629
pole 0.0028 870 362 893 556
pole 0.0027 551 367 593 660
pole 0.0026 1178 442 1196 561
pole 0.0025 735 307 758 555
pole 0.0024 728 344 750 566
pole 0.0021 1183 399 1198 530
pole 0.0017 512 211 570 629
pole 0.0017 863 312 883 561
pole 0.0015 889 438 920 573
pole 0.0013 1204 229 1256 588
pole 0.0012 875 478 894 520
pole 0.0012 1054 391 1067 529
pole 0.0011 545 400 569 614
pole 0.0010 502 197 644 631
pole 0.0010 823 425 839 537
