crossing 0.6148 905 640 1008 696
crossing 0.1927 939 686 1032 741
crossing 0.0826 921 650 1020 724
crossing 0.0325 874 634 989 680
crossing 0.0124 853 626 962 665
crossing 0.0087 887 618 1022 732
crossing 0.0036 862 626 937 649
crossing 0.0033 935 655 1044 758
crossing 0.0022 868 650 1102 793
crossing 0.0017 852 618 916 643
crossing 0.0011 934 647 1047 703
crossing 0.0010 815 577 1095 834
rail 0.3755 482 588 1173 1077
rail 0.0581 808 606 1157 1075
rail 0.0016 775 643 1005 1050
track-sign-front 0.0211 1039 571 1052 615
track-sign-front 0.0113 1127 588 1143 610
track-sign-front 0.0031 1041 569 1055 590
track-sign-front 0.0029 1129 592 1145 621
track-sign-front 0.0019 1132 587 1155 612
track-sign-front 0.0018 1786 673 1853 699
track-sign-front 0.0012 1032 572 1048 625
pole 0.0041 585 543 596 660
pole 0.0015 582 495 599 672
