train-car 0.0034 1138 581 1390 707
train-car 0.0026 1011 560 1302 665
train-car 0.0022 1233 595 1292 695
train-car 0.0021 1070 569 1341 636
platform 0.8713 971 593 1922 1076
platform 0.2641 0 580 880 765
platform 0.0037 1023 558 1232 656
platform 0.0012 1225 632 1851 969
rail 0.9354 928 572 1190 1071
rail 0.8854 4 580 933 1077
rail 0.3763 4 581 881 819
rail 0.0012 26 637 687 937
rail 0.0011 317 576 860 745
switch-static 0.0054 751 756 807 792
track-sign-front 0.2345 651 550 662 566
track-sign-front 0.0586 754 571 764 590
track-sign-front 0.0325 612 557 625 575
track-sign-front 0.0300 649 545 664 570
track-sign-front 0.0218 651 542 673 570
track-sign-front 0.0112 756 552 767 590
track-sign-front 0.0100 648 508 662 583
track-sign-front 0.0058 610 549 626 584
track-sign-front 0.0054 615 543 666 580
track-sign-front 0.0052 652 525 672 590
track-sign-front 0.0050 699 459 721 493
track-sign-front 0.0030 752 567 766 599
track-sign-front 0.0012 664 528 699 626
track-sign-front 0.0010 697 491 725 615
track-sign-front 0.0010 691 633 733 772
track-sign-front 0.0010 679 643 704 749
track-signal-front 0.3833 883 540 894 555
track-signal-front 0.2403 883 542 904 557
track-signal-front 0.2113 916 543 925 557
track-signal-front 0.1558 921 544 937 562
track-signal-front 0.0945 919 546 929 563
track-signal-front 0.0753 702 472 720 500
track-signal-front 0.0340 945 548 962 566
track-signal-front 0.0214 881 540 901 574
track-signal-front 0.0120 702 469 723 518
track-signal-front 0.0113 915 540 932 565
track-signal-front 0.0080 938 544 960 568
track-signal-front 0.0056 933 529 956 566
track-signal-front 0.0049 1015 511 1032 534
track-signal-front 0.0043 681 466 719 504
track-signal-front 0.0032 615 440 632 468
track-signal-front 0.0028 1037 480 1057 519
track-signal-front 0.0017 1014 494 1048 553
track-signal-front 0.0016 699 444 721 508
track-signal-front 0.0010 656 458 719 540
track-signal-front 0.0010 420 368 450 400
person-group 0.4626 1036 571 1277 727
person-group 0.2376 1170 592 1270 732
person-group 0.1304 1021 565 1185 673
person-group 0.0392 1077 585 1203 688
person-group 0.0371 1017 562 1125 650
person-group 0.0192 1121 591 1324 755
person-group 0.0054 1004 568 1092 634
person-group 0.0052 1623 662 1927 1076
person-group 0.0014 1089 558 1427 701
person-group 0.0013 961 544 1304 794
person-group 0.0012 987 572 1117 682
person 0.6848 1533 654 1593 849
person 0.6500 1387 619 1450 834
person 0.6413 1294 622 1359 810
person 0.6236 1463 671 1528 897
person 0.6040 1675 666 1873 1071
person 0.5348 1229 604 1273 736
person 0.1317 1151 600 1270 733
person 0.1219 1761 666 1862 1060
person 0.1139 1421 648 1510 876
person 0.0392 1165 600 1230 723
person 0.0373 1335 625 1427 836
person 0.0308 1083 590 1200 690
person 0.0222 1107 588 1168 683
person 0.0182 1030 568 1096 642
person 0.0171 1071 581 1152 674
person 0.0147 1289 600 1337 761
person 0.0140 1515 650 1568 856
person 0.0123 1319 601 1354 722
person 0.0118 1019 571 1071 634
person 0.0104 1854 684 1922 1039
person 0.0096 1717 661 1784 883
person 0.0090 1291 596 1318 711
person 0.0069 1730 664 1859 883
person 0.0068 1050 570 1121 651
person 0.0061 1784 688 1873 942
person 0.0058 1250 615 1461 836
person 0.0055 1307 620 1627 859
person 0.0049 1006 571 1053 628
person 0.0044 1449 605 1498 852
person 0.0042 1660 651 1796 976
person 0.0041 1305 593 1370 754
person 0.0036 1730 670 1780 805
person 0.0035 1113 580 1255 703
person 0.0033 1180 623 1249 735
person 0.0032 1315 649 1757 925
person 0.0032 1384 602 1430 771
person 0.0028 1257 596 1311 714
person 0.0026 1136 604 1202 712
person 0.0026 1660 784 1789 1076
person 0.0024 1272 622 1333 812
person 0.0022 1409 603 1467 805
person 0.0021 1248 604 1324 776
person 0.0020 1152 585 1218 693
person 0.0019 1380 647 1467 928
person 0.0016 1809 681 1902 992
person 0.0016 1886 725 1921 1010
person 0.0015 1872 790 1920 1073
person 0.0014 1460 679 1514 820
person 0.0013 1480 634 1641 847
person 0.0013 1353 591 1489 994
person 0.0012 1536 669 1633 919
person 0.0011 1114 556 1564 1018
person 0.0011 1736 671 1838 798
person 0.0010 1548 695 1602 834
person 0.0010 1779 686 1849 810
person 0.0010 1134 559 1180 656
person 0.0010 1483 697 1542 846
pole 0.4552 676 65 738 808
pole 0.1330 680 459 733 860
pole 0.0774 707 548 734 852
pole 0.0411 775 439 792 616
pole 0.0325 1106 364 1127 665
pole 0.0219 677 546 708 842
pole 0.0202 1115 371 1138 677
pole 0.0196 634 44 768 871
pole 0.0163 691 445 727 754
pole 0.0147 711 444 729 751
pole 0.0098 646 84 722 755
pole 0.0091 683 449 706 750
pole 0.0076 611 423 627 629
pole 0.0076 716 676 734 815
pole 0.0072 1098 401 1117 653
pole 0.0071 1151 398 1172 662
pole 0.0064 617 407 647 610
pole 0.0060 780 483 794 610
pole 0.0052 647 449 663 636
pole 0.0049 411 375 430 641
pole 0.0043 703 390 724 668
pole 0.0039 700 677 732 815
pole 0.0038 647 517 764 858
pole 0.0030 754 515 769 624
pole 0.0029 1034 549 1215 663
pole 0.0028 644 387 669 633
pole 0.0026 710 535 733 661
pole 0.0021 670 444 697 717
pole 0.0019 776 395 803 626
pole 0.0018 753 563 767 597
pole 0.0018 761 406 798 635
pole 0.0018 687 592 749 880
pole 0.0015 712 493 729 617
pole 0.0015 1099 465 1114 597
pole 0.0014 1105 456 1125 602
pole 0.0013 712 80 807 854
pole 0.0013 1881 442 1921 995
pole 0.0013 684 529 734 670
pole 0.0013 713 635 734 776
pole 0.0012 1081 424 1123 694
pole 0.0012 633 325 711 778
pole 0.0012 1102 329 1142 657
pole 0.0011 599 429 675 621
pole 0.0011 679 535 707 666
pole 0.0010 604 416 636 607
pole 0.0010 1114 480 1162 698
pole 0.0010 1123 377 1163 660
pole 0.0010 628 523 722 803
rail-occluder 0.0333 756 570 765 600
rail-occluder 0.0099 754 566 767 607
rail-occluder 0.0070 751 567 775 619
rail-occluder 0.0014 748 588 769 631
