guard-rail 0.1854 1086 914 1162 1080
guard-rail 0.1102 1008 915 1159 1077
guard-rail 0.0060 1075 919 1135 1055
rail 0.9420 917 543 1191 1074
rail 0.1485 912 915 1161 1079
rail 0.0146 1093 923 1172 1075
rail 0.0136 1322 678 1841 1075
rail 0.0065 1360 652 1655 996
rail 0.0056 1386 839 1894 1074
rail 0.0011 872 834 1196 1109
rail 0.0011 1054 900 1204 1078
rail 0.0011 1873 437 1919 989
rail 0.0010 1794 383 1919 1035
switch-indicator 0.1037 1375 673 1620 892
switch-indicator 0.0043 1377 651 1466 872
switch-indicator 0.0010 1349 671 1517 912
switch-left 0.1263 918 913 1170 1076
switch-left 0.0077 911 906 1123 1015
switch-right 0.0687 916 907 1155 1065
switch-static 0.6084 680 895 886 1006
switch-static 0.1906 687 938 830 1007
switch-static 0.1069 768 925 913 989
switch-static 0.0950 1369 672 1618 892
switch-static 0.0241 677 874 805 982
switch-static 0.0233 706 926 934 1023
switch-static 0.0163 721 908 825 986
switch-static 0.0109 1129 932 1212 982
switch-static 0.0060 680 919 789 993
switch-static 0.0057 781 966 910 1023
switch-static 0.0056 702 864 932 986
switch-static 0.0055 774 883 916 964
switch-static 0.0051 810 845 882 891
switch-static 0.0051 798 937 904 1009
switch-static 0.0050 805 908 920 971
switch-static 0.0041 797 850 904 927
switch-static 0.0038 829 891 913 936
switch-static 0.0036 637 907 811 1010
switch-static 0.0030 692 875 770 932
switch-static 0.0028 640 950 841 1037
switch-static 0.0026 1106 926 1216 1044
switch-static 0.0025 691 864 811 941
switch-static 0.0018 657 854 902 1042
switch-static 0.0018 826 979 909 1017
switch-static 0.0017 729 848 876 912
switch-static 0.0016 834 866 909 928
switch-static 0.0014 709 962 810 1018
switch-static 0.0012 795 850 861 913
switch-static 0.0011 808 838 854 878
track-sign-front 0.2377 1402 659 1451 718
track-sign-front 0.0434 718 665 737 689
track-sign-front 0.0432 1164 466 1196 507
track-sign-front 0.0377 717 667 738 718
track-sign-front 0.0321 1056 553 1069 569
track-sign-front 0.0204 716 672 736 758
track-sign-front 0.0187 1169 339 1200 365
track-sign-front 0.0181 1164 505 1188 601
track-sign-front 0.0174 1403 685 1448 717
track-sign-front 0.0169 1005 539 1025 559
track-sign-front 0.0094 1406 656 1446 683
track-sign-front 0.0092 1030 541 1071 568
track-sign-front 0.0082 1168 495 1193 556
track-sign-front 0.0065 1407 676 1604 816
track-sign-front 0.0055 716 658 738 679
track-sign-front 0.0052 1394 653 1458 764
track-sign-front 0.0039 1161 511 1187 680
track-sign-front 0.0034 721 663 747 686
track-sign-front 0.0034 1055 549 1071 574
track-sign-front 0.0025 1442 697 1573 763
track-sign-front 0.0025 1162 555 1185 636
track-sign-front 0.0022 1397 680 1447 742
track-sign-front 0.0018 1152 456 1202 509
track-sign-front 0.0015 1481 704 1551 756
track-sign-front 0.0013 1001 536 1020 562
track-sign-front 0.0011 1156 329 1194 365
track-signal-front 0.6124 1152 357 1201 470
track-signal-front 0.1450 1162 462 1198 500
track-signal-front 0.0565 1157 414 1199 505
track-signal-front 0.0258 1165 344 1201 381
track-signal-front 0.0108 1166 357 1214 456
track-signal-front 0.0069 1162 351 1201 430
track-signal-front 0.0052 1173 353 1211 418
track-signal-front 0.0028 1176 338 1209 373
track-signal-front 0.0012 1126 355 1172 464
track-signal-front 0.0011 1143 350 1187 446
track-signal-back 0.0021 1163 323 1201 390
pole 0.0070 969 462 980 560
pole 0.0010 1157 482 1191 722
rail-occluder 0.0948 1370 667 1618 893
rail-occluder 0.0017 1228 634 1700 936
