crossing 0.5109 711 589 761 614
crossing 0.0058 708 575 767 624
crossing 0.0017 1623 630 1708 650
crossing 0.0016 1556 623 1780 656
platform 0.9121 1 567 683 1073
platform 0.0339 1196 568 1917 1061
platform 0.0017 258 674 444 989
rail 0.9378 659 568 982 1075
rail 0.4107 1313 558 1920 663
rail 0.2399 1287 564 1911 751
rail 0.1653 1553 577 1920 646
rail 0.1137 1487 588 1924 714
rail 0.0502 1649 572 1922 622
rail 0.0452 1733 577 1919 641
rail 0.0418 1577 623 1919 774
rail 0.0315 1474 607 1926 839
rail 0.0291 1647 598 1920 695
rail 0.0287 1698 568 1923 605
rail 0.0264 1788 576 1922 619
rail 0.0135 1651 659 1919 822
rail 0.0124 1697 616 1921 736
rail 0.0117 1820 580 1920 646
rail 0.0094 1425 540 1907 621
rail 0.0088 1544 562 1886 613
rail 0.0083 1832 569 1920 605
rail 0.0050 1747 609 1920 676
rail 0.0048 1517 600 1867 652
rail 0.0041 1833 597 1921 691
rail 0.0038 1872 574 1919 622
rail 0.0035 1747 651 1921 751
rail 0.0034 897 509 1890 874
rail 0.0028 1742 636 1923 703
rail 0.0027 1597 646 1919 937
rail 0.0026 1878 560 1921 603
rail 0.0025 979 514 1848 704
rail 0.0023 1876 590 1919 653
rail 0.0020 1648 530 1926 664
rail 0.0018 1399 627 1917 1077
rail 0.0016 1847 559 1920 626
rail 0.0015 1691 543 1934 584
rail 0.0013 1882 602 1920 683
rail 0.0012 1761 705 1922 887
rail 0.0011 1836 646 1922 756
rail 0.0011 1741 687 1927 797
rail 0.0010 1578 526 1878 598
rail 0.0010 1840 636 1920 707
track-sign-front 0.0043 1149 531 1208 570
track-sign-front 0.0030 617 410 651 449
track-sign-front 0.0018 673 512 696 571
track-sign-front 0.0015 1509 554 1534 589
track-sign-front 0.0010 635 634 656 677
track-signal-front 0.0011 735 533 765 582
person 0.0879 1503 562 1545 630
person 0.0073 1512 595 1549 635
person 0.0049 1474 564 1570 638
person 0.0014 1497 590 1538 637
person 0.0014 1419 551 1628 665
person 0.0010 1502 569 1556 688
pole 0.5177 1698 134 1728 630
pole 0.1202 1490 209 1526 638
pole 0.0300 1703 262 1720 605
pole 0.0175 1488 186 1560 653
pole 0.0171 1690 285 1717 624
pole 0.0107 1678 317 1710 636
pole 0.0103 1665 140 1706 624
pole 0.0086 1663 299 1686 616
pole 0.0072 1702 373 1727 629
pole 0.0041 1461 165 1524 602
pole 0.0037 1487 245 1512 583
pole 0.0036 1670 372 1701 630
pole 0.0032 1602 282 1625 585
pole 0.0028 1479 134 1615 635
pole 0.0023 1763 299 1820 573
pole 0.0023 1743 197 1834 637
pole 0.0020 1667 446 1680 570
pole 0.0020 1686 237 1737 651
pole 0.0019 1559 203 1647 637
pole 0.0019 1706 302 1739 606
pole 0.0018 1495 338 1537 651
pole 0.0017 1476 284 1506 582
pole 0.0015 1688 114 1894 657
pole 0.0015 1714 446 1738 608
pole 0.0014 1689 46 1768 644
pole 0.0014 1510 293 1563 617
pole 0.0011 1541 299 1585 614
pole 0.0011 1662 438 1679 617
pole 0.0011 1658 372 1757 651
pole 0.0011 1762 -25 1925 676
rail-occluder 0.0407 1504 561 1540 627
rail-occluder 0.0020 1694 578 1737 622
rail-occluder 0.0012 1507 556 1548 602
