crossing 0.0071 799 581 856 597
crossing 0.0027 761 570 888 598
crossing 0.0026 772 579 839 600
train-car 0.6974 1015 521 1111 566
train-car 0.0411 967 534 1095 577
train-car 0.0090 1265 530 1383 578
train-car 0.0080 924 498 1124 571
train-car 0.0052 1162 505 1530 646
train-car 0.0041 1114 536 1303 565
train-car 0.0041 956 443 1133 635
train-car 0.0037 1235 535 1351 573
train-car 0.0029 1025 527 1169 569
train-car 0.0026 1230 489 1457 606
train-car 0.0017 1115 517 1262 560
train-car 0.0016 980 539 1052 584
train-car 0.0014 983 513 1116 590
train-car 0.0010 1149 516 1397 579
train-car 0.0010 1287 488 1375 600
platform 0.0128 686 564 917 598
platform 0.0042 953 539 1054 578
platform 0.0039 705 544 822 638
platform 0.0035 732 662 808 718
platform 0.0016 786 554 959 588
platform 0.0015 718 549 956 651
platform 0.0013 672 545 933 589
platform 0.0012 691 494 835 722
platform 0.0011 720 564 845 612
platform 0.0010 758 569 844 598
rail 0.9491 764 549 1062 1073
rail 0.9348 1039 558 1914 1067
rail 0.9297 4 556 937 1072
rail 0.8124 1086 555 1917 804
rail 0.1550 1470 579 1922 655
rail 0.1505 1404 585 1916 717
rail 0.0656 1277 344 1887 957
rail 0.0620 1610 645 1799 723
rail 0.0526 1423 459 1845 771
rail 0.0299 1631 594 1923 650
rail 0.0266 1066 548 1842 677
rail 0.0205 1381 543 1920 641
rail 0.0184 1649 611 1921 698
rail 0.0150 1545 583 1894 631
rail 0.0148 1218 517 1524 671
rail 0.0145 1668 650 1919 738
rail 0.0135 1086 566 1536 686
rail 0.0102 1112 552 1408 590
rail 0.0076 1264 545 1785 612
rail 0.0060 1122 542 1390 574
rail 0.0059 1433 616 1918 829
rail 0.0056 1112 532 1267 562
rail 0.0048 1370 558 1571 597
rail 0.0044 1538 600 1842 657
rail 0.0044 1747 623 1923 687
rail 0.0040 1271 552 1467 688
rail 0.0039 1752 661 1916 713
rail 0.0039 1715 646 1908 700
rail 0.0038 1234 525 1446 615
rail 0.0037 1776 654 1902 693
rail 0.0036 1823 716 1925 772
rail 0.0031 1060 536 1215 567
rail 0.0030 1591 663 1914 807
rail 0.0029 1124 570 1717 736
rail 0.0029 1097 554 1281 586
rail 0.0026 1078 558 1385 632
rail 0.0024 1575 560 1909 621
rail 0.0018 1290 533 1490 632
rail 0.0018 1741 683 1925 811
rail 0.0017 1483 598 1588 644
rail 0.0016 1716 586 1925 677
rail 0.0016 1448 574 1640 635
rail 0.0016 1775 601 1936 658
rail 0.0015 1554 498 1934 694
rail 0.0014 1343 33 1712 1034
rail 0.0014 1840 659 1912 697
rail 0.0014 1736 580 1929 635
rail 0.0014 1200 585 1472 661
rail 0.0013 1825 626 1921 697
rail 0.0013 1400 572 1552 617
rail 0.0012 1639 664 1815 762
rail 0.0011 1799 691 1920 751
rail 0.0011 1352 577 1491 621
rail 0.0010 1032 548 1203 584
rail 0.0010 1063 536 1299 586
rail 0.0010 1253 603 1675 777
rail 0.0010 1379 539 1564 584
switch-static 0.1683 1871 730 1922 762
switch-static 0.0338 353 723 418 776
switch-static 0.0284 1039 693 1087 720
switch-static 0.0272 1090 665 1138 696
switch-static 0.0203 739 669 802 723
switch-static 0.0190 1278 639 1313 657
switch-static 0.0108 1051 668 1139 715
switch-static 0.0075 1837 729 1915 763
switch-static 0.0069 1639 662 1710 707
switch-static 0.0046 1814 661 1908 694
switch-static 0.0045 1866 712 1922 771
switch-static 0.0029 1297 945 1398 1013
switch-static 0.0028 1847 668 1915 710
switch-static 0.0026 1266 629 1313 656
switch-static 0.0023 1390 623 1453 657
switch-static 0.0022 1509 601 1547 638
switch-static 0.0016 1042 690 1124 727
switch-static 0.0015 374 719 432 771
switch-static 0.0015 291 709 454 780
switch-static 0.0012 463 754 573 796
switch-static 0.0011 224 685 515 865
switch-static 0.0011 1017 682 1098 724
switch-static 0.0010 1472 599 1541 639
track-sign-front 0.0290 984 161 1025 216
track-sign-front 0.0054 982 302 1035 351
track-sign-front 0.0032 1518 598 1547 640
track-sign-front 0.0028 761 493 779 523
track-sign-front 0.0027 1097 665 1141 692
track-sign-front 0.0022 1565 425 1637 535
track-sign-front 0.0018 1591 446 1637 520
track-sign-front 0.0018 1353 469 1373 538
track-sign-front 0.0018 759 491 780 549
track-sign-front 0.0015 1539 391 1608 505
track-sign-front 0.0013 1545 413 1601 458
track-sign-front 0.0011 1553 403 1632 461
track-sign-front 0.0010 1537 403 1655 544
track-sign-front 0.0010 745 576 819 601
track-signal-front 0.5806 1342 372 1374 454
track-signal-front 0.0129 1466 501 1479 521
track-signal-front 0.0063 908 -1 926 46
track-signal-front 0.0040 885 506 901 555
track-signal-front 0.0020 1530 154 1649 217
track-signal-front 0.0014 881 476 898 546
track-signal-front 0.0013 1464 501 1482 533
track-signal-front 0.0013 1471 499 1496 519
track-signal-front 0.0012 1336 370 1384 485
track-signal-front 0.0012 914 -1 941 50
track-signal-back 0.7126 694 264 747 390
track-signal-back 0.5868 1414 -1 1564 164
track-signal-back 0.0423 1587 255 1660 331
track-signal-back 0.0378 1342 367 1373 446
track-signal-back 0.0089 1536 256 1664 449
track-signal-back 0.0055 1375 -25 1542 126
track-signal-back 0.0050 1265 501 1276 519
track-signal-back 0.0050 1419 1 1535 79
track-signal-back 0.0043 1512 308 1618 446
track-signal-back 0.0038 690 339 738 402
track-signal-back 0.0037 1558 252 1665 362
track-signal-back 0.0033 1559 285 1638 433
track-signal-back 0.0027 685 260 819 395
track-signal-back 0.0026 1414 17 1592 255
track-signal-back 0.0025 1516 187 1659 328
track-signal-back 0.0024 1509 140 1643 208
track-signal-back 0.0023 1214 434 1232 550
track-signal-back 0.0021 1335 -88 1574 192
track-signal-back 0.0021 1408 -58 1681 151
track-signal-back 0.0016 717 385 747 421
track-signal-back 0.0015 1526 326 1661 509
track-signal-back 0.0015 1587 312 1637 445
track-signal-back 0.0015 1558 341 1640 475
track-signal-back 0.0014 1511 236 1630 339
track-signal-back 0.0011 1518 322 1580 432
track-signal-back 0.0010 1587 267 1649 394
pole 0.5201 693 340 729 808
pole 0.3948 1358 449 1381 698
pole 0.3424 1512 115 1637 1126
pole 0.2325 1426 102 1739 1132
pole 0.1898 1433 348 1722 849
pole 0.1212 700 538 726 795
pole 0.0848 988 207 1034 592
pole 0.0281 1240 295 1886 1023
pole 0.0261 1343 443 1396 694
pole 0.0203 1220 458 1234 570
pole 0.0182 1242 491 1500 701
pole 0.0140 709 626 728 813
pole 0.0139 1361 508 1379 653
pole 0.0103 708 676 723 796
pole 0.0102 1531 378 1645 905
pole 0.0101 988 363 1011 614
pole 0.0094 993 360 1030 600
pole 0.0093 704 654 745 752
pole 0.0092 682 457 741 831
pole 0.0088 988 447 1007 575
pole 0.0072 1486 547 1660 702
pole 0.0070 1361 559 1382 677
pole 0.0069 703 389 726 722
pole 0.0066 981 468 1015 581
pole 0.0062 1202 460 1236 576
pole 0.0061 89 -26 242 794
pole 0.0060 1292 545 1452 690
pole 0.0040 975 475 1072 585
pole 0.0039 706 605 727 741
pole 0.0036 677 532 721 804
pole 0.0036 1213 426 1233 559
pole 0.0036 703 626 722 769
pole 0.0034 1504 165 1670 598
pole 0.0031 1321 447 1381 639
pole 0.0029 1496 260 1631 795
pole 0.0027 985 298 1036 374
pole 0.0026 1353 414 1374 596
pole 0.0024 692 538 773 877
pole 0.0024 1359 474 1379 602
pole 0.0023 971 531 1030 583
pole 0.0023 664 358 796 807
pole 0.0022 1476 11 1588 944
pole 0.0021 691 310 757 773
pole 0.0021 1491 412 1643 648
pole 0.0020 879 515 909 571
pole 0.0019 707 611 746 867
pole 0.0019 979 434 1039 587
pole 0.0019 693 576 734 919
pole 0.0017 721 412 770 696
pole 0.0014 884 502 902 560
pole 0.0013 1363 501 1420 659
pole 0.0011 1535 428 1767 740
pole 0.0010 1012 379 1048 595
rail-occluder 0.4485 1690 659 1733 712
rail-occluder 0.0267 1676 648 1765 712
rail-occluder 0.0232 1654 651 1705 701
rail-occluder 0.0143 1684 671 1739 729
rail-occluder 0.0093 1691 643 1736 695
rail-occluder 0.0058 1513 602 1542 636
rail-occluder 0.0050 1671 629 1714 700
rail-occluder 0.0039 1397 619 1446 644
rail-occluder 0.0034 1595 618 1829 783
rail-occluder 0.0031 1646 639 1740 694
rail-occluder 0.0029 742 664 806 718
rail-occluder 0.0022 1638 648 1722 711
rail-occluder 0.0017 1376 569 1422 624
rail-occluder 0.0016 1266 545 1344 587
rail-occluder 0.0015 1310 541 1366 592
rail-occluder 0.0013 1394 578 1448 621
rail-occluder 0.0013 1641 626 1704 686
rail-occluder 0.0013 1698 672 1756 750
rail-occluder 0.0013 1366 543 1424 650
rail-occluder 0.0013 1312 505 1369 633
rail-occluder 0.0012 1376 609 1439 651
rail-occluder 0.0012 1249 561 1315 588
rail-occluder 0.0012 1287 636 1350 659
rail-occluder 0.0012 973 543 1030 585
rail-occluder 0.0010 721 642 795 723
rail-occluder 0.0010 1065 522 1133 573
