guard-rail 0.4840 1016 555 1233 1083
guard-rail 0.0485 1065 687 1192 1075
guard-rail 0.0077 1012 609 1068 1074
guard-rail 0.0010 1069 612 1141 883
platform 0.0532 1137 611 1912 1082
rail 0.9179 998 552 1258 1074
rail 0.0011 1190 622 1830 1022
track-sign-front 0.0088 1177 514 1191 537
track-sign-front 0.0079 1190 555 1207 587
track-sign-front 0.0033 310 642 334 709
track-sign-front 0.0030 1191 543 1212 582
track-sign-front 0.0025 1137 548 1156 584
track-sign-front 0.0021 963 495 989 521
track-sign-front 0.0018 1166 564 1196 622
track-sign-front 0.0018 474 530 559 625
track-sign-front 0.0017 1152 572 1185 622
track-sign-front 0.0016 1183 511 1207 545
track-sign-front 0.0015 1170 518 1210 589
track-sign-front 0.0013 152 654 189 688
track-sign-front 0.0011 292 740 316 805
track-sign-front 0.0011 1136 532 1180 608
track-signal-front 0.1117 952 446 978 480
track-signal-front 0.0582 950 389 976 438
track-signal-front 0.0131 950 410 977 478
track-signal-front 0.0108 288 750 311 820
track-signal-front 0.0108 1178 513 1190 531
track-signal-front 0.0013 1136 472 1188 579
track-signal-back 0.1438 951 389 976 445
track-signal-back 0.0022 946 380 985 430
track-signal-back 0.0013 934 365 972 448
person 0.0217 288 749 311 817
pole 0.0080 1136 463 1159 589
pole 0.0031 1111 467 1127 582
pole 0.0031 1138 494 1169 600
pole 0.0017 1141 436 1183 622
