guard-rail 0.2040 1100 567 1251 1085
guard-rail 0.0024 1127 668 1210 966
guard-rail 0.0020 1127 713 1241 1050
platform 0.7207 8 545 1085 1074
rail 0.9038 1064 518 1276 1073
rail 0.0106 69 511 1238 1075
rail 0.0015 71 716 744 1074
track-sign-front 0.5898 1861 608 1907 718
track-sign-front 0.0804 1266 545 1286 569
track-sign-front 0.0118 1037 482 1050 535
track-sign-front 0.0097 1039 502 1052 531
track-sign-front 0.0081 1267 523 1291 568
track-sign-front 0.0057 1036 467 1047 518
track-sign-front 0.0047 1263 540 1284 595
track-sign-front 0.0038 1346 696 1365 724
track-sign-front 0.0038 1645 697 1765 811
track-sign-front 0.0025 1040 511 1059 536
track-sign-front 0.0023 1270 538 1306 569
track-sign-front 0.0023 1241 498 1278 543
track-sign-front 0.0019 1290 650 1311 686
track-sign-front 0.0016 1858 641 1898 727
track-sign-front 0.0015 1039 477 1058 531
track-sign-front 0.0010 1261 528 1304 600
pole 0.0151 197 453 271 865
pole 0.0029 240 428 312 879
pole 0.0027 -1 414 36 825
pole 0.0023 468 439 514 715
pole 0.0018 172 429 321 913
pole 0.0015 252 453 303 756
rail-occluder 0.0010 1196 463 1226 543
