crossing 0.7565 834 640 1133 1068
crossing 0.4745 349 641 656 789
crossing 0.3064 34 462 901 1018
crossing 0.2398 247 604 742 847
crossing 0.2249 0 663 676 1070
crossing 0.0792 851 574 1104 918
crossing 0.0376 454 647 662 731
crossing 0.0369 885 640 1062 832
crossing 0.0227 -3 778 456 1054
crossing 0.0120 864 836 1147 1063
crossing 0.0087 198 721 509 903
crossing 0.0070 900 648 1047 716
crossing 0.0070 468 639 625 781
crossing 0.0053 273 673 616 848
crossing 0.0047 504 650 653 706
crossing 0.0034 408 649 587 774
crossing 0.0022 157 748 471 999
crossing 0.0017 -2 773 226 1043
crossing 0.0015 553 654 647 694
crossing 0.0013 498 647 611 745
crossing 0.0012 0 834 176 990
crossing 0.0012 917 644 1030 762
train-car 0.0014 948 437 996 466
platform 0.0015 1050 509 1927 1078
rail 0.9004 833 453 1141 1078
rail 0.8488 0 449 926 1073
rail 0.5522 920 456 990 549
rail 0.1601 942 450 1012 553
rail 0.1490 884 453 975 509
rail 0.1271 821 459 923 546
rail 0.1180 869 457 996 535
rail 0.1091 930 487 995 561
rail 0.0535 828 469 956 522
rail 0.0467 913 452 981 482
rail 0.0357 898 455 953 489
rail 0.0335 838 456 878 565
rail 0.0282 842 462 900 539
rail 0.0278 861 460 940 505
rail 0.0245 937 448 992 469
rail 0.0091 886 484 974 548
rail 0.0072 858 615 1077 852
rail 0.0072 947 481 1033 565
rail 0.0054 857 484 937 545
rail 0.0053 960 445 1011 471
rail 0.0035 302 535 813 853
rail 0.0034 767 459 939 572
rail 0.0031 75 701 696 1073
rail 0.0019 792 477 885 550
rail 0.0018 819 438 998 605
rail 0.0014 823 451 987 1075
rail 0.0012 839 477 921 578
rail 0.0012 882 429 992 495
switch-indicator 0.0064 1178 572 1203 626
switch-indicator 0.0045 414 572 435 629
switch-indicator 0.0010 414 582 447 652
switch-left 0.1258 932 500 996 566
switch-left 0.0125 936 542 1001 571
switch-left 0.0011 893 530 948 570
switch-right 0.2904 933 519 1000 570
switch-right 0.1227 930 490 994 560
switch-unknown 0.0524 916 452 977 478
switch-unknown 0.0358 903 455 949 486
switch-unknown 0.0174 855 481 929 515
switch-unknown 0.0024 866 451 942 490
switch-unknown 0.0012 793 489 869 552
switch-static 0.4018 1014 551 1061 574
switch-static 0.0492 1022 556 1068 579
switch-static 0.0370 666 554 706 576
switch-static 0.0212 991 531 1038 559
switch-static 0.0095 943 527 1012 572
switch-static 0.0069 1000 540 1066 581
switch-static 0.0061 863 487 932 539
switch-static 0.0052 724 555 781 574
switch-static 0.0024 895 532 945 573
switch-static 0.0016 1019 526 1061 566
switch-static 0.0015 979 472 1031 535
switch-static 0.0015 934 548 994 576
switch-static 0.0013 655 555 696 580
switch-static 0.0011 708 553 779 583
track-sign-front 0.5208 1072 471 1096 496
track-sign-front 0.3450 845 461 868 486
track-sign-front 0.0133 1076 469 1108 496
track-sign-front 0.0059 491 531 511 553
track-sign-front 0.0016 1136 486 1157 520
track-signal-front 0.0143 1180 405 1197 430
track-signal-front 0.0122 1215 479 1244 508
track-signal-front 0.0099 413 568 434 632
track-signal-front 0.0089 1373 384 1425 433
track-signal-front 0.0051 1356 601 1445 674
track-signal-front 0.0029 396 470 426 525
track-signal-front 0.0024 1180 570 1202 622
track-signal-front 0.0024 1398 606 1443 674
track-signal-front 0.0017 393 554 437 638
track-signal-front 0.0014 49 417 85 450
track-signal-front 0.0012 82 527 114 583
track-signal-front 0.0010 407 574 441 646
track-signal-back 0.0067 1364 604 1447 678
track-signal-back 0.0018 1138 487 1161 522
track-signal-back 0.0013 1135 466 1158 507
track-signal-back 0.0012 1136 444 1164 476
track-signal-back 0.0012 1173 518 1209 561
track-signal-back 0.0011 41 418 84 497
person 0.5639 1617 606 1711 935
person 0.0234 1624 619 1715 797
person 0.0038 85 524 122 587
person 0.0032 1592 614 1694 825
person 0.0019 94 524 147 586
person 0.0016 406 566 438 644
pole 0.0075 851 489 868 584
pole 0.0030 1595 594 1701 993
pole 0.0010 817 467 889 589
rail-occluder 0.0498 843 462 872 556
rail-occluder 0.0027 852 488 874 590
rail-occluder 0.0018 800 479 872 549
rail-occluder 0.0014 818 476 888 576
