guard-rail 0.0059 199 752 427 874
guard-rail 0.0027 218 773 381 854
guard-rail 0.0025 252 737 485 833
guard-rail 0.0022 119 778 381 886
guard-rail 0.0010 178 778 329 861
guard-rail 0.0010 35 769 325 914
train-car 0.4769 1 516 766 668
train-car 0.0344 1 526 860 780
train-car 0.0051 314 547 358 651
train-car 0.0045 303 494 364 660
train-car 0.0030 165 539 809 619
train-car 0.0029 10 392 696 742
train-car 0.0024 -6 520 359 661
train-car 0.0020 238 408 814 706
rail 0.9530 1095 551 1762 1074
rail 0.9380 990 551 1292 1076
rail 0.8371 0 553 961 998
rail 0.6071 5 551 856 744
rail 0.1151 0 666 656 1018
rail 0.0817 1 594 588 772
rail 0.0682 -3 531 697 665
rail 0.0259 1 747 395 972
rail 0.0114 -3 639 344 776
rail 0.0112 -4 649 542 877
rail 0.0058 235 583 886 834
rail 0.0056 212 541 875 654
rail 0.0054 -1 616 437 735
rail 0.0032 8 750 319 888
rail 0.0031 234 679 562 842
rail 0.0030 3 679 250 802
rail 0.0030 1299 621 1525 1021
rail 0.0027 -1 660 151 753
rail 0.0024 2 789 251 920
rail 0.0023 490 556 884 761
rail 0.0023 217 638 686 874
rail 0.0020 4 661 61 720
rail 0.0016 557 552 739 651
rail 0.0016 1 657 33 726
rail 0.0016 217 585 776 720
rail 0.0015 0 639 251 723
rail 0.0015 0 650 65 759
rail 0.0014 -6 753 203 996
rail 0.0014 42 759 481 1095
rail 0.0013 201 701 430 836
rail 0.0012 331 643 676 789
rail 0.0012 6 646 99 703
rail 0.0012 155 477 1034 807
switch-indicator 0.0020 1076 594 1090 617
switch-left 0.0015 276 729 507 809
switch-right 0.0010 507 672 622 719
switch-right 0.0010 450 692 579 739
switch-static 0.0060 411 678 480 704
switch-static 0.0011 1442 749 1480 779
track-sign-front 0.2722 334 595 364 635
track-sign-front 0.0072 893 502 920 568
track-sign-front 0.0069 331 527 375 665
track-sign-front 0.0049 633 538 680 623
track-sign-front 0.0035 334 543 363 632
track-sign-front 0.0024 1208 498 1229 530
track-sign-front 0.0020 665 524 696 623
track-sign-front 0.0017 325 575 361 636
track-sign-front 0.0014 878 530 902 567
track-sign-front 0.0013 662 471 699 649
track-sign-front 0.0011 1215 489 1237 521
track-sign-front 0.0010 901 538 943 603
track-signal-back 0.5961 1068 426 1086 494
track-signal-back 0.5769 936 447 955 498
track-signal-back 0.0385 1069 420 1089 461
track-signal-back 0.0360 928 438 952 492
track-signal-back 0.0089 1067 471 1083 539
track-signal-back 0.0084 950 457 983 569
track-signal-back 0.0083 854 448 883 492
track-signal-back 0.0044 933 456 961 511
track-signal-back 0.0034 933 426 958 479
track-signal-back 0.0020 1072 413 1105 438
track-signal-back 0.0020 1065 414 1089 438
pole 0.6108 613 61 712 848
pole 0.4928 336 275 372 712
pole 0.2349 914 317 953 605
pole 0.0939 905 299 934 619
pole 0.0935 289 298 411 740
pole 0.0766 961 461 982 596
pole 0.0501 1068 435 1085 625
pole 0.0456 941 444 961 612
pole 0.0413 1072 485 1088 611
pole 0.0337 61 232 91 693
pole 0.0304 968 465 988 590
pole 0.0282 925 418 956 543
pole 0.0280 909 432 934 618
pole 0.0241 3 401 30 662
pole 0.0241 798 372 823 600
pole 0.0159 346 289 365 631
pole 0.0106 807 465 828 592
pole 0.0106 902 483 940 608
pole 0.0104 68 249 87 577
pole 0.0104 647 67 762 858
pole 0.0102 900 374 926 624
pole 0.0071 12 414 37 679
pole 0.0069 896 473 921 596
pole 0.0065 931 339 956 568
pole 0.0059 466 376 487 636
pole 0.0059 587 192 679 814
pole 0.0049 617 407 694 705
pole 0.0044 1202 328 1228 633
pole 0.0044 334 524 365 650
pole 0.0040 62 231 82 542
pole 0.0040 55 289 110 720
pole 0.0039 887 287 944 610
pole 0.0036 777 397 835 613
pole 0.0035 1063 470 1093 620
pole 0.0034 1006 456 1025 568
pole 0.0030 1302 164 1352 668
pole 0.0030 855 417 888 583
pole 0.0028 237 498 966 778
pole 0.0028 314 326 343 627
pole 0.0028 800 391 840 590
pole 0.0026 26 243 78 696
pole 0.0024 607 368 790 813
pole 0.0023 41 372 84 681
pole 0.0021 961 453 1005 569
pole 0.0020 796 481 826 603
pole 0.0019 642 523 698 681
pole 0.0019 531 418 553 643
pole 0.0019 948 467 990 594
pole 0.0018 461 370 508 673
pole 0.0018 897 345 968 639
pole 0.0017 921 491 975 598
pole 0.0016 665 521 694 627
pole 0.0014 900 425 929 551
pole 0.0013 550 502 747 721
pole 0.0013 15 461 32 600
pole 0.0013 945 523 988 607
pole 0.0012 838 416 874 585
pole 0.0011 656 214 855 755
pole 0.0011 316 377 357 685
pole 0.0011 2 442 26 578
pole 0.0011 774 418 812 629
pole 0.0011 914 493 1020 594
pole 0.0011 14 356 98 743
pole 0.0011 877 473 941 642
pole 0.0010 1 379 62 679
pole 0.0010 534 503 555 608
pole 0.0010 465 412 483 547
pole 0.0010 895 525 952 615
pole 0.0010 854 293 986 587
rail-occluder 0.0057 633 555 676 634
rail-occluder 0.0034 313 587 386 706
rail-occluder 0.0024 333 592 369 698
rail-occluder 0.0018 5 650 55 700
rail-occluder 0.0017 661 553 695 632
rail-occluder 0.0013 0 646 34 703
