guard-rail 0.0146 837 814 959 1068
guard-rail 0.0039 917 803 985 1075
guard-rail 0.0025 867 767 998 1065
guard-rail 0.0017 883 699 1095 1043
guard-rail 0.0013 919 666 1217 1067
train-car 0.0011 9 38 457 1080
rail 0.8904 776 648 1287 1078
rail 0.0360 835 807 959 1072
rail 0.0176 1420 730 1919 1006
rail 0.0118 1343 724 1889 888
rail 0.0102 909 807 985 1075
rail 0.0049 1601 817 1922 1067
rail 0.0036 28 63 502 1052
rail 0.0035 1567 738 1918 917
rail 0.0035 1105 687 1910 1063
rail 0.0031 1573 36 1924 1005
rail 0.0028 1352 794 1853 1074
rail 0.0019 1731 853 1918 1063
rail 0.0018 1675 831 1917 981
rail 0.0015 878 705 1186 1032
rail 0.0014 -3 764 300 1059
rail 0.0011 1414 602 1919 878
pole 0.2178 1406 -4 1620 1060
pole 0.0265 1511 -41 1644 1083
pole 0.0065 93 -24 236 1071
pole 0.0050 1304 -52 1550 1072
pole 0.0041 1428 -14 1875 1051
pole 0.0033 1263 390 1454 1015
pole 0.0022 1866 538 1918 1074
pole 0.0021 1515 165 1601 866
pole 0.0016 32 -15 426 1064
pole 0.0016 1263 451 1379 955
pole 0.0013 1841 336 1918 1085
pole 0.0013 1364 181 1595 836
pole 0.0012 1224 11 1431 995
pole 0.0012 1407 409 1708 1003
pole 0.0011 1766 107 1927 1066
pole 0.0011 1344 431 1503 982
