crossing 0.0010 344 779 510 824
guard-rail 0.0104 17 846 402 1060
guard-rail 0.0057 117 863 382 1018
guard-rail 0.0018 175 885 327 997
platform 0.0010 15 633 630 893
rail 0.9268 4 640 713 1071
rail 0.8742 721 627 1022 1076
rail 0.0083 10 846 387 1072
rail 0.0026 1025 638 1911 1079
rail 0.0024 422 592 1070 1063
rail 0.0015 1561 592 1917 947
rail 0.0012 211 737 455 978
switch-left 0.0040 91 833 428 999
switch-right 0.0032 138 857 377 980
switch-right 0.0012 337 785 497 834
track-sign-front 0.0234 976 496 1003 529
track-sign-front 0.0036 166 308 191 345
track-sign-front 0.0028 714 494 732 527
track-sign-front 0.0012 170 313 200 350
track-signal-front 0.2207 869 509 887 534
track-signal-front 0.1089 808 375 826 416
track-signal-front 0.0322 681 501 696 525
track-signal-front 0.0192 870 497 895 527
track-signal-front 0.0189 537 21 681 122
track-signal-front 0.0119 678 498 709 523
track-signal-front 0.0115 778 371 795 422
track-signal-front 0.0099 863 507 894 539
track-signal-front 0.0084 681 505 705 535
track-signal-front 0.0046 799 373 829 423
track-signal-front 0.0023 842 515 874 587
track-signal-front 0.0020 895 491 918 518
track-signal-front 0.0014 864 492 897 558
track-signal-front 0.0012 473 -105 746 197
track-signal-front 0.0012 585 310 616 373
track-signal-front 0.0011 848 495 888 534
track-signal-front 0.0011 776 347 793 400
track-signal-front 0.0010 864 467 890 527
track-signal-back 0.0041 548 488 566 532
track-signal-back 0.0012 586 333 615 371
car 0.0034 1621 606 1922 905
person 0.4633 828 551 858 604
person 0.0265 156 562 193 661
person 0.0170 831 550 877 610
person 0.0157 725 585 742 620
person 0.0149 293 601 321 657
person 0.0065 867 512 891 566
person 0.0025 714 578 738 621
person 0.0024 868 550 888 626
person 0.0021 164 559 215 656
person 0.0019 679 509 698 580
person 0.0013 1249 587 1295 699
person 0.0013 145 577 204 676
person 0.0012 277 587 320 659
person 0.0010 799 550 836 603
person 0.0010 873 537 894 619
person 0.0010 822 531 869 628
