train-car 0.8874 590 502 900 718
train-car 0.3569 0 532 606 675
train-car 0.0401 324 525 615 590
train-car 0.0131 656 309 896 860
train-car 0.0100 2 456 613 786
train-car 0.0086 6 480 614 624
train-car 0.0079 -4 485 321 664
train-car 0.0058 277 527 542 627
train-car 0.0052 374 497 448 623
train-car 0.0030 -1 487 224 612
train-car 0.0024 1001 544 1162 614
train-car 0.0023 337 523 454 639
train-car 0.0015 -2 435 184 684
train-car 0.0015 338 521 423 603
train-car 0.0014 317 477 614 616
train-car 0.0012 284 445 520 634
train-car 0.0011 359 445 412 635
train-car 0.0010 362 513 401 608
train-car 0.0010 1081 544 1123 611
platform 0.9381 925 566 1914 1076
platform 0.7148 5 590 629 962
platform 0.0510 3 576 607 741
rail 0.9534 883 570 1140 1071
rail 0.8196 -5 702 725 1077
rail 0.0621 -1 573 616 706
rail 0.0063 -8 584 577 821
rail 0.0028 -4 595 318 741
rail 0.0027 6 508 976 1084
rail 0.0012 2 618 237 701
rail 0.0010 907 556 949 582
switch-static 0.0014 3 735 66 771
track-sign-front 0.0020 579 690 614 717
track-sign-front 0.0018 1234 558 1262 600
track-signal-front 0.0033 929 542 952 581
track-signal-front 0.0012 902 524 950 585
track-signal-front 0.0011 927 506 951 556
track-signal-front 0.0010 1093 534 1116 593
track-signal-back 0.0709 -1 181 27 331
person 0.0023 1313 555 1361 644
person 0.0015 1287 571 1323 645
pole 0.3120 756 39 814 774
pole 0.0253 394 549 407 654
pole 0.0187 890 469 900 583
pole 0.0185 390 398 410 653
pole 0.0079 396 401 420 653
pole 0.0071 380 462 406 653
pole 0.0036 2 151 45 697
pole 0.0034 371 424 428 631
pole 0.0032 766 21 841 918
pole 0.0029 392 516 423 634
pole 0.0029 880 469 900 584
pole 0.0026 703 45 847 757
pole 0.0023 318 433 498 628
pole 0.0020 881 506 911 597
pole 0.0018 1074 532 1116 623
pole 0.0015 740 328 816 723
pole 0.0014 387 490 435 622
pole 0.0014 486 480 506 592
pole 0.0010 1089 543 1116 607
