crossing 0.0054 682 682 757 716
crossing 0.0023 877 673 1002 727
crossing 0.0020 895 692 995 742
guard-rail 0.0081 304 749 406 795
guard-rail 0.0036 2 756 102 817
guard-rail 0.0034 3 776 158 858
guard-rail 0.0028 0 803 67 867
guard-rail 0.0022 219 791 293 828
guard-rail 0.0019 217 787 350 837
guard-rail 0.0017 923 710 1004 747
guard-rail 0.0016 1108 800 1199 849
guard-rail 0.0014 32 785 127 843
guard-rail 0.0011 28 759 128 828
guard-rail 0.0010 946 713 1039 750
train-car 0.1760 1848 389 1919 454
train-car 0.0083 1847 369 1921 502
train-car 0.0023 1795 391 1910 460
train-car 0.0021 143 548 571 635
train-car 0.0018 1882 342 1919 459
train-car 0.0012 -2 549 71 673
platform 0.0033 -7 617 217 692
rail 0.9211 646 580 901 1075
rail 0.9176 1 580 679 1079
rail 0.8248 753 583 1661 1076
rail 0.7869 -2 764 425 1076
rail 0.7240 1070 802 1613 1077
rail 0.5258 508 587 725 667
rail 0.4675 0 570 610 863
rail 0.1147 513 613 653 667
rail 0.0994 560 584 702 637
rail 0.0864 1408 435 1912 654
rail 0.0793 715 588 792 615
rail 0.0704 544 580 640 628
rail 0.0667 1367 322 1912 740
rail 0.0625 695 589 757 615
rail 0.0575 918 725 1422 968
rail 0.0457 -1 686 336 900
rail 0.0448 -4 642 453 991
rail 0.0369 -3 568 550 720
rail 0.0348 404 588 619 664
rail 0.0293 251 575 628 670
rail 0.0289 -2 743 258 948
rail 0.0276 1625 432 1919 597
rail 0.0254 466 582 621 630
rail 0.0245 -2 720 197 872
rail 0.0236 0 749 142 849
rail 0.0215 662 587 727 615
rail 0.0209 691 589 729 620
rail 0.0197 584 578 638 608
rail 0.0196 599 589 757 649
rail 0.0183 0 675 230 832
rail 0.0181 -2 612 318 787
rail 0.0161 0 771 153 902
rail 0.0154 696 583 812 630
rail 0.0130 209 743 425 899
rail 0.0128 364 601 565 676
rail 0.0118 203 633 581 782
rail 0.0095 1768 440 1918 578
rail 0.0094 439 599 525 678
rail 0.0091 526 571 670 641
rail 0.0085 960 755 1256 902
rail 0.0079 1416 117 1816 910
rail 0.0077 -2 636 196 765
rail 0.0077 1065 798 1295 957
rail 0.0077 518 574 615 609
rail 0.0073 1 758 81 826
rail 0.0070 -1 779 77 892
rail 0.0070 911 714 1206 862
rail 0.0064 765 589 814 625
rail 0.0062 254 693 441 964
rail 0.0062 298 626 506 677
rail 0.0056 1861 438 1920 587
rail 0.0055 856 643 1268 955
rail 0.0055 638 587 766 1079
rail 0.0054 254 691 531 853
rail 0.0052 -3 777 170 996
rail 0.0051 -9 630 185 707
rail 0.0051 690 583 726 609
rail 0.0044 557 594 797 695
rail 0.0041 695 584 761 605
rail 0.0040 1171 840 1464 1051
rail 0.0040 1410 433 1862 553
rail 0.0039 1809 413 1919 524
rail 0.0039 3 698 205 787
rail 0.0039 1847 409 1918 482
rail 0.0038 353 571 803 774
rail 0.0036 722 584 829 654
rail 0.0036 1068 814 1364 1061
rail 0.0036 11 738 144 794
rail 0.0034 -6 579 302 707
rail 0.0034 476 634 571 676
rail 0.0034 750 582 802 609
rail 0.0032 503 547 736 716
rail 0.0031 444 596 594 651
rail 0.0031 0 762 43 822
rail 0.0030 0 780 42 852
rail 0.0028 1706 426 1922 535
rail 0.0026 186 557 677 744
rail 0.0025 786 621 816 669
rail 0.0024 1739 437 1921 675
rail 0.0023 -1 707 85 843
rail 0.0023 396 559 629 632
rail 0.0022 228 581 751 986
rail 0.0022 373 632 464 667
rail 0.0022 35 755 318 867
rail 0.0020 819 624 1153 821
rail 0.0020 -1 803 70 959
rail 0.0020 141 685 403 937
rail 0.0020 621 579 695 607
rail 0.0019 1844 442 1920 510
rail 0.0019 6 725 158 775
rail 0.0019 1883 418 1920 543
rail 0.0019 425 643 587 717
rail 0.0017 41 727 269 826
rail 0.0017 660 603 757 678
rail 0.0016 -3 650 88 764
rail 0.0016 1594 437 1886 522
rail 0.0016 115 791 393 882
rail 0.0015 -1 753 38 799
rail 0.0015 2 725 83 777
rail 0.0015 21 778 180 854
rail 0.0014 620 595 737 694
rail 0.0014 1610 447 1923 871
rail 0.0014 718 592 1122 971
rail 0.0014 511 455 730 667
rail 0.0013 652 573 746 622
rail 0.0013 436 524 590 659
rail 0.0013 1881 410 1921 483
rail 0.0013 499 558 585 617
rail 0.0013 196 556 545 649
rail 0.0011 727 569 833 626
rail 0.0011 671 594 821 682
rail 0.0011 254 615 466 723
rail 0.0011 997 640 1533 1028
rail 0.0011 227 641 424 706
rail 0.0011 0 812 35 905
rail 0.0011 859 645 1074 742
rail 0.0010 530 565 792 1052
rail 0.0010 695 575 897 683
rail 0.0010 -2 602 70 717
rail 0.0010 -9 619 138 685
rail 0.0010 667 582 707 606
rail 0.0010 310 647 487 766
rail 0.0010 674 593 950 734
switch-indicator 0.3387 795 635 812 668
switch-indicator 0.0282 1643 923 1686 1002
switch-indicator 0.0276 786 634 819 670
switch-indicator 0.0100 753 591 804 628
switch-left 0.1723 281 750 451 810
switch-left 0.1577 1037 791 1221 876
switch-left 0.1131 511 648 583 680
switch-left 0.0894 1024 783 1170 841
switch-left 0.0631 1004 766 1143 825
switch-left 0.0530 230 774 429 842
switch-left 0.0296 1069 813 1264 897
switch-left 0.0109 345 735 488 789
switch-left 0.0106 320 747 429 797
switch-left 0.0097 969 744 1115 806
switch-left 0.0085 1067 797 1177 857
switch-left 0.0074 1022 755 1385 947
switch-left 0.0065 504 661 570 689
switch-left 0.0063 949 722 1085 779
switch-left 0.0041 1015 759 1118 809
switch-left 0.0031 897 707 1096 791
switch-left 0.0026 907 704 1018 750
switch-left 0.0024 986 717 1099 767
switch-left 0.0021 1090 811 1198 889
switch-left 0.0018 209 786 358 838
switch-left 0.0018 934 710 1052 753
switch-left 0.0012 274 782 385 833
switch-left 0.0010 1073 771 1197 838
switch-right 0.1802 508 651 579 681
switch-right 0.1557 316 743 466 797
switch-right 0.1460 1041 792 1218 877
switch-right 0.1244 1016 777 1180 840
switch-right 0.1096 516 639 605 672
switch-right 0.1042 239 751 440 829
switch-right 0.0550 1007 766 1142 823
switch-right 0.0383 533 623 625 666
switch-right 0.0158 342 729 497 785
switch-right 0.0126 957 732 1125 803
switch-right 0.0125 1077 809 1282 889
switch-right 0.0123 1080 803 1189 867
switch-right 0.0071 984 762 1252 877
switch-right 0.0048 296 759 408 814
switch-right 0.0033 945 724 1206 853
switch-right 0.0023 885 686 1068 768
switch-right 0.0023 916 714 1071 789
switch-right 0.0021 912 707 1014 750
switch-right 0.0018 5 746 101 790
switch-right 0.0017 831 643 903 677
switch-right 0.0017 966 724 1066 775
switch-right 0.0016 276 769 386 828
switch-right 0.0015 991 745 1093 801
switch-right 0.0015 937 711 1050 754
switch-right 0.0012 997 718 1089 764
switch-unknown 0.1647 693 598 726 615
switch-unknown 0.0947 694 590 749 613
switch-unknown 0.0678 742 589 797 612
switch-unknown 0.0524 691 585 724 605
switch-unknown 0.0450 580 583 645 617
switch-unknown 0.0430 587 577 633 606
switch-unknown 0.0378 667 584 726 609
switch-unknown 0.0334 692 599 745 619
switch-unknown 0.0329 570 576 620 604
switch-unknown 0.0288 541 603 634 660
switch-unknown 0.0234 593 586 670 621
switch-unknown 0.0217 497 654 569 681
switch-unknown 0.0190 772 591 808 616
switch-unknown 0.0173 723 578 787 610
switch-unknown 0.0159 601 579 659 605
switch-unknown 0.0150 761 581 794 607
switch-unknown 0.0150 567 600 658 652
switch-unknown 0.0104 695 576 754 606
switch-unknown 0.0103 665 581 705 604
switch-unknown 0.0091 617 582 696 615
switch-unknown 0.0074 645 599 728 635
switch-unknown 0.0067 326 656 425 698
switch-unknown 0.0063 505 598 583 651
switch-unknown 0.0059 638 578 684 604
switch-unknown 0.0052 531 571 600 607
switch-unknown 0.0046 504 583 583 622
switch-unknown 0.0036 818 631 883 662
switch-unknown 0.0033 606 601 695 640
switch-unknown 0.0033 381 635 453 667
switch-unknown 0.0026 834 645 901 673
switch-unknown 0.0018 329 645 412 673
switch-unknown 0.0014 290 647 410 696
switch-unknown 0.0011 476 599 561 647
switch-static 0.1277 911 781 953 810
switch-static 0.0483 288 736 348 761
switch-static 0.0460 241 741 314 766
switch-static 0.0362 262 732 340 763
switch-static 0.0220 351 671 425 700
switch-static 0.0219 184 748 260 777
switch-static 0.0193 212 747 291 775
switch-static 0.0184 329 696 354 720
switch-static 0.0158 594 685 672 729
switch-static 0.0146 302 740 383 777
switch-static 0.0134 306 693 358 734
switch-static 0.0122 1209 817 1280 849
switch-static 0.0110 772 682 813 709
switch-static 0.0104 159 747 251 787
switch-static 0.0102 524 731 552 753
switch-static 0.0089 329 745 411 781
switch-static 0.0084 595 646 665 678
switch-static 0.0067 583 642 635 675
switch-static 0.0047 165 737 248 773
switch-static 0.0046 559 668 678 720
switch-static 0.0044 1636 921 1693 1002
switch-static 0.0044 912 780 1006 816
switch-static 0.0042 1132 749 1187 782
switch-static 0.0041 778 686 821 725
switch-static 0.0040 1086 729 1137 762
switch-static 0.0035 468 655 531 676
switch-static 0.0035 519 726 574 755
switch-static 0.0035 273 714 324 748
switch-static 0.0034 376 642 452 682
switch-static 0.0034 1121 740 1174 777
switch-static 0.0033 518 722 555 750
switch-static 0.0033 155 759 242 801
switch-static 0.0033 486 640 560 677
switch-static 0.0033 1010 717 1120 763
switch-static 0.0032 560 637 657 679
switch-static 0.0030 777 641 811 684
switch-static 0.0028 586 607 675 663
switch-static 0.0028 214 767 295 819
switch-static 0.0028 134 767 220 805
switch-static 0.0028 1066 726 1120 762
switch-static 0.0026 294 687 369 722
switch-static 0.0024 996 725 1229 840
switch-static 0.0024 1769 922 1897 989
switch-static 0.0024 108 759 241 813
switch-static 0.0024 573 671 610 726
switch-static 0.0023 1113 732 1164 766
switch-static 0.0022 875 730 1016 818
switch-static 0.0022 329 690 392 725
switch-static 0.0021 160 752 293 815
switch-static 0.0020 777 677 865 718
switch-static 0.0020 1083 740 1139 776
switch-static 0.0019 186 757 268 808
switch-static 0.0018 618 697 679 731
switch-static 0.0018 1028 750 1139 801
switch-static 0.0018 796 649 1177 939
switch-static 0.0017 892 770 976 818
switch-static 0.0016 1009 713 1080 747
switch-static 0.0015 13 738 102 770
switch-static 0.0015 446 642 552 694
switch-static 0.0014 626 649 688 681
switch-static 0.0014 1127 774 1194 813
switch-static 0.0013 1682 918 1908 1026
switch-static 0.0013 1735 547 1775 581
switch-static 0.0013 773 687 886 731
switch-static 0.0012 1683 523 1829 600
switch-static 0.0010 1 727 80 774
switch-static 0.0010 1147 760 1209 794
track-sign-front 0.7727 1566 609 1616 702
track-sign-front 0.1686 1564 555 1622 718
track-sign-front 0.0223 1752 734 1782 757
track-sign-front 0.0139 1437 430 1786 716
track-sign-front 0.0111 1571 409 1636 732
track-sign-front 0.0105 1582 510 1629 702
track-sign-front 0.0067 1538 524 1696 780
track-sign-front 0.0064 1580 562 1656 744
track-sign-front 0.0050 1740 693 1780 769
track-sign-front 0.0034 1494 482 1740 818
track-sign-front 0.0027 749 536 769 568
track-sign-front 0.0024 1559 499 1604 706
track-sign-front 0.0024 703 544 721 582
track-sign-front 0.0022 1731 673 1769 746
track-sign-front 0.0021 938 610 960 668
track-sign-front 0.0016 346 375 364 403
track-sign-front 0.0015 211 549 253 600
track-sign-front 0.0013 751 532 778 573
track-sign-front 0.0013 1582 529 1620 641
track-sign-front 0.0013 216 550 252 578
track-sign-front 0.0012 1609 566 1646 769
track-sign-front 0.0012 227 542 272 585
track-sign-front 0.0010 1563 619 1610 757
track-sign-front 0.0010 1564 657 1608 716
track-signal-front 0.0031 752 532 767 559
track-signal-front 0.0011 662 481 690 531
track-signal-back 0.0015 658 486 680 522
track-signal-back 0.0010 346 376 363 420
pole 0.5625 259 170 305 744
pole 0.1282 423 327 443 630
pole 0.0908 1496 120 1753 906
pole 0.0792 1398 17 1838 1045
pole 0.0680 1549 1 1677 856
pole 0.0333 524 461 537 591
pole 0.0272 515 456 533 595
pole 0.0244 232 186 276 739
pole 0.0066 490 459 513 595
pole 0.0064 447 334 474 632
pole 0.0054 72 225 101 693
pole 0.0054 1314 -39 1405 972
pole 0.0050 223 183 327 741
pole 0.0048 243 381 308 754
pole 0.0046 268 422 312 730
pole 0.0043 556 463 583 590
pole 0.0041 151 397 382 759
pole 0.0039 481 401 514 618
pole 0.0036 566 467 594 589
pole 0.0033 522 386 543 593
pole 0.0031 820 435 837 632
pole 0.0030 423 502 444 597
pole 0.0028 417 432 436 575
pole 0.0025 507 382 535 586
pole 0.0023 575 496 612 607
pole 0.0023 120 491 413 671
pole 0.0022 277 366 303 697
pole 0.0021 423 396 438 535
pole 0.0020 424 433 445 570
pole 0.0019 1538 394 1750 651
pole 0.0018 215 496 320 751
pole 0.0015 590 521 618 597
pole 0.0014 285 204 370 738
pole 0.0014 476 488 520 604
pole 0.0013 666 478 687 579
pole 0.0013 52 247 103 765
pole 0.0012 231 488 271 641
pole 0.0012 666 499 699 604
pole 0.0012 502 538 537 609
pole 0.0012 80 271 102 591
pole 0.0011 504 446 544 607
pole 0.0011 396 354 425 609
pole 0.0011 1568 244 1704 719
pole 0.0011 510 551 568 616
pole 0.0010 540 489 590 606
pole 0.0010 1331 49 1395 704
pole 0.0010 238 374 269 680
pole 0.0010 253 471 293 675
rail-occluder 0.4669 461 603 481 659
rail-occluder 0.1012 464 603 481 636
rail-occluder 0.0525 454 609 489 666
rail-occluder 0.0353 441 618 478 668
rail-occluder 0.0083 429 647 463 672
rail-occluder 0.0064 439 631 487 678
rail-occluder 0.0050 1832 452 1862 495
rail-occluder 0.0048 1843 416 1888 481
rail-occluder 0.0031 1835 445 1891 498
rail-occluder 0.0028 1814 443 1879 512
rail-occluder 0.0027 463 598 490 620
rail-occluder 0.0023 199 634 223 667
rail-occluder 0.0023 197 635 245 666
rail-occluder 0.0020 417 602 505 660
rail-occluder 0.0019 421 641 472 679
rail-occluder 0.0017 420 582 451 615
rail-occluder 0.0016 202 574 246 664
rail-occluder 0.0015 374 641 458 682
rail-occluder 0.0014 199 585 226 668
rail-occluder 0.0013 939 617 960 670
rail-occluder 0.0011 193 643 224 678
rail-occluder 0.0011 0 624 21 708
