guard-rail 0.2370 1289 702 1711 1078
guard-rail 0.0045 1147 581 1771 1063
guard-rail 0.0026 1421 802 1671 1068
guard-rail 0.0015 1469 827 1828 1076
guard-rail 0.0015 1337 667 1584 989
rail 0.9584 700 506 1072 1074
rail 0.1447 1251 704 1827 1075
rail 0.0020 1117 561 1726 1066
rail 0.0016 1513 846 1820 1071
track-sign-front 0.2250 1167 419 1183 441
track-sign-front 0.1748 1083 470 1095 495
track-sign-front 0.1167 1081 464 1095 484
track-sign-front 0.0285 1081 484 1093 505
track-sign-front 0.0229 1081 477 1096 503
track-sign-front 0.0221 1081 471 1111 498
track-sign-front 0.0138 1166 422 1182 461
track-sign-front 0.0091 1119 483 1144 507
track-sign-front 0.0081 1161 417 1189 444
track-sign-front 0.0073 785 501 805 523
track-sign-front 0.0072 1093 478 1133 511
track-sign-front 0.0047 1075 455 1094 475
track-sign-front 0.0024 927 481 948 524
track-sign-front 0.0017 1159 453 1178 509
track-sign-front 0.0016 774 500 804 531
track-sign-front 0.0016 917 469 947 526
track-sign-front 0.0014 1143 473 1172 519
track-signal-front 0.4853 883 421 904 455
track-signal-front 0.0419 880 409 909 451
track-signal-front 0.0039 889 423 935 469
track-signal-front 0.0026 873 406 921 458
track-signal-front 0.0015 918 411 948 453
track-signal-front 0.0014 918 432 947 475
