guard-rail 0.0089 1656 938 1841 1072
guard-rail 0.0019 1602 864 1834 1066
train-car 0.5895 9 433 708 866
train-car 0.0439 45 430 966 637
train-car 0.0333 588 499 896 608
train-car 0.0221 447 480 958 600
train-car 0.0184 1086 497 1158 528
train-car 0.0106 457 419 828 711
train-car 0.0085 704 515 948 614
train-car 0.0047 243 442 883 588
train-car 0.0023 218 511 476 794
train-car 0.0020 1059 494 1129 527
train-car 0.0019 589 433 659 594
train-car 0.0018 196 351 1010 706
train-car 0.0015 717 484 890 592
train-car 0.0013 658 504 711 628
train-car 0.0013 616 446 757 609
train-car 0.0013 1040 461 1085 539
train-car 0.0013 576 439 667 685
train-car 0.0012 627 513 780 617
platform 0.9163 6 555 1065 1069
platform 0.0208 1283 535 1915 680
platform 0.0019 -72 562 467 953
platform 0.0015 1471 554 1927 657
platform 0.0013 -25 702 432 904
platform 0.0010 1296 577 1904 914
rail 0.9471 1073 518 1911 1075
rail 0.9394 1029 516 1302 1074
rail 0.3115 1113 526 1920 810
rail 0.0332 742 529 993 621
rail 0.0138 800 514 1037 594
rail 0.0066 878 491 997 593
rail 0.0062 930 492 1023 579
rail 0.0046 797 499 940 625
rail 0.0035 962 494 1002 574
rail 0.0027 11 656 623 946
rail 0.0026 940 493 1076 547
rail 0.0021 1122 496 1868 648
rail 0.0019 1339 576 1928 961
rail 0.0018 -9 733 434 959
rail 0.0012 1613 578 1929 747
rail 0.0011 1111 520 1653 699
rail 0.0010 1566 557 1929 675
rail 0.0010 1854 595 1919 715
track-sign-front 0.0030 1140 500 1177 528
track-sign-front 0.0022 1164 507 1181 531
track-sign-front 0.0013 1895 274 1920 343
track-sign-front 0.0010 1867 275 1916 342
track-signal-front 0.1184 1056 427 1069 449
track-signal-front 0.0076 1061 425 1077 448
track-signal-front 0.0049 1059 420 1071 440
track-signal-front 0.0025 1027 410 1079 497
track-signal-back 0.0016 1896 267 1919 338
person 0.5474 103 611 198 883
person 0.3258 691 558 731 641
person 0.2249 774 552 824 684
person 0.1808 93 570 162 838
person 0.0586 678 534 723 653
person 0.0433 754 571 816 697
person 0.0335 763 550 843 720
person 0.0144 747 570 794 677
person 0.0123 786 539 822 646
person 0.0093 659 530 754 650
person 0.0091 127 576 233 851
person 0.0077 85 580 153 739
person 0.0054 679 554 735 712
person 0.0048 115 679 190 828
person 0.0044 55 672 236 958
person 0.0040 735 536 888 717
person 0.0034 69 543 190 800
person 0.0028 656 550 831 719
person 0.0028 727 559 779 647
person 0.0028 48 566 160 911
person 0.0021 665 499 704 632
person 0.0019 98 627 157 773
person 0.0019 65 547 132 844
person 0.0018 758 609 831 735
person 0.0015 683 508 720 618
person 0.0011 788 609 840 722
pole 0.4097 931 476 941 584
pole 0.4067 975 486 991 565
pole 0.1270 861 464 874 591
pole 0.0950 859 468 871 550
pole 0.0745 926 474 939 567
pole 0.0545 1015 453 1031 541
pole 0.0278 1055 428 1069 541
pole 0.0246 849 467 873 602
pole 0.0158 969 397 990 574
pole 0.0154 860 491 882 626
pole 0.0151 627 426 673 700
pole 0.0143 1018 433 1065 548
pole 0.0141 963 232 1010 572
pole 0.0133 975 438 996 542
pole 0.0126 809 462 835 613
pole 0.0120 960 318 997 599
pole 0.0113 964 483 1004 570
pole 0.0109 627 417 650 581
pole 0.0100 927 523 953 597
pole 0.0089 971 442 988 539
pole 0.0067 816 473 942 610
pole 0.0065 906 487 980 588
pole 0.0064 811 468 833 552
pole 0.0051 656 460 690 694
pole 0.0050 606 423 671 577
pole 0.0050 887 474 928 586
pole 0.0049 983 475 1038 556
pole 0.0042 1014 387 1033 545
pole 0.0037 795 479 824 640
pole 0.0037 930 396 950 584
pole 0.0027 633 434 659 574
pole 0.0027 919 480 956 586
pole 0.0025 851 449 870 541
pole 0.0024 917 445 939 543
pole 0.0023 882 466 919 547
pole 0.0023 1060 473 1126 539
pole 0.0022 574 427 717 579
pole 0.0017 1047 495 1079 537
pole 0.0017 930 325 995 621
pole 0.0014 843 471 888 552
pole 0.0013 713 473 918 597
pole 0.0013 592 464 700 742
pole 0.0013 657 519 688 641
pole 0.0012 1033 403 1073 516
pole 0.0011 1029 491 1068 542
pole 0.0010 639 486 706 670
pole 0.0010 1000 401 1052 563
rail-occluder 0.1621 808 534 882 652
rail-occluder 0.1232 778 543 871 673
rail-occluder 0.0265 753 524 907 650
rail-occluder 0.0249 978 495 994 569
rail-occluder 0.0232 854 530 884 643
rail-occluder 0.0182 782 539 823 652
rail-occluder 0.0158 805 478 852 654
rail-occluder 0.0146 965 491 993 578
rail-occluder 0.0108 914 523 946 603
rail-occluder 0.0080 867 529 905 617
rail-occluder 0.0067 775 468 871 610
rail-occluder 0.0066 819 467 877 627
rail-occluder 0.0032 731 500 950 599
rail-occluder 0.0020 871 494 930 603
rail-occluder 0.0016 773 540 814 623
rail-occluder 0.0013 702 541 883 627
rail-occluder 0.0010 786 476 860 551
rail-occluder 0.0010 1848 599 1921 705
