guard-rail 0.0024 33 853 159 904
guard-rail 0.0012 19 861 141 942
rail 0.9531 725 568 1028 1074
rail 0.9442 870 573 1924 1079
rail 0.8938 3 580 822 970
rail 0.3430 -2 573 812 781
rail 0.0747 -1 632 566 775
rail 0.0624 859 575 898 597
rail 0.0353 839 570 890 592
rail 0.0333 867 580 902 607
rail 0.0310 2 680 419 777
rail 0.0228 873 584 962 619
rail 0.0143 -3 707 262 789
rail 0.0117 886 578 989 632
rail 0.0071 793 569 875 591
rail 0.0049 871 575 957 604
rail 0.0048 21 704 336 760
rail 0.0034 -3 684 342 854
rail 0.0034 124 701 256 732
rail 0.0030 4 710 445 978
rail 0.0024 5 718 163 776
rail 0.0020 843 569 928 612
rail 0.0019 871 588 924 624
rail 0.0019 1 768 298 954
rail 0.0018 -4 731 158 820
rail 0.0018 859 562 997 645
rail 0.0017 855 562 896 584
rail 0.0017 857 567 944 632
rail 0.0015 191 691 354 760
rail 0.0014 900 553 989 618
rail 0.0012 64 524 440 768
rail 0.0012 816 562 899 602
rail 0.0012 766 574 831 602
rail 0.0011 864 586 897 636
rail 0.0011 220 594 769 722
rail 0.0010 830 557 878 585
switch-indicator 0.0348 635 674 660 703
switch-indicator 0.0177 310 702 342 732
switch-indicator 0.0020 231 695 331 750
switch-indicator 0.0019 760 672 789 702
switch-unknown 0.2256 865 580 895 597
switch-unknown 0.0817 841 572 888 590
switch-unknown 0.0615 866 582 905 605
switch-unknown 0.0318 883 587 948 615
switch-unknown 0.0191 899 596 951 621
switch-unknown 0.0141 858 561 890 583
switch-unknown 0.0113 901 583 970 619
switch-unknown 0.0077 803 564 863 591
switch-unknown 0.0068 831 544 868 591
switch-unknown 0.0068 877 591 915 618
switch-unknown 0.0053 905 595 978 633
switch-unknown 0.0048 777 578 821 595
switch-unknown 0.0043 781 565 829 595
switch-unknown 0.0026 865 589 896 627
switch-unknown 0.0015 754 579 811 605
switch-unknown 0.0014 876 521 919 607
switch-unknown 0.0012 767 565 808 600
switch-static 0.3997 274 702 335 732
switch-static 0.3003 1376 728 1436 769
switch-static 0.0498 981 689 1024 709
switch-static 0.0474 634 677 667 706
switch-static 0.0281 764 671 794 697
switch-static 0.0277 662 690 710 716
switch-static 0.0268 309 703 343 733
switch-static 0.0207 32 861 122 901
switch-static 0.0175 760 672 819 707
switch-static 0.0173 141 685 492 751
switch-static 0.0157 588 741 669 780
switch-static 0.0107 167 700 226 726
switch-static 0.0095 216 708 288 732
switch-static 0.0093 797 688 837 711
switch-static 0.0075 1088 644 1123 664
switch-static 0.0061 308 669 382 715
switch-static 0.0054 188 703 262 731
switch-static 0.0050 1162 862 1266 937
switch-static 0.0044 9 874 78 907
switch-static 0.0039 267 687 352 741
switch-static 0.0038 634 682 700 725
switch-static 0.0034 48 848 147 889
switch-static 0.0028 331 672 395 702
switch-static 0.0026 238 696 330 730
switch-static 0.0025 220 716 282 737
switch-static 0.0024 1368 740 1441 789
switch-static 0.0022 321 672 380 694
switch-static 0.0022 6 870 118 931
switch-static 0.0020 240 712 322 738
switch-static 0.0019 195 696 242 721
switch-static 0.0019 1142 868 1280 978
switch-static 0.0018 956 685 1022 712
switch-static 0.0017 179 708 323 746
switch-static 0.0016 603 731 691 772
switch-static 0.0014 501 679 579 705
switch-static 0.0013 1035 657 1099 677
switch-static 0.0013 1053 652 1121 676
switch-static 0.0012 777 691 833 720
switch-static 0.0011 217 698 286 725
switch-static 0.0011 557 679 602 703
switch-static 0.0010 169 715 228 743
track-sign-front 0.0242 682 506 697 621
track-sign-front 0.0130 602 568 630 599
track-sign-front 0.0104 635 677 657 700
track-sign-front 0.0087 1234 484 1264 542
track-sign-front 0.0075 1379 723 1434 762
track-sign-front 0.0059 226 536 254 568
track-sign-front 0.0043 760 674 789 700
track-sign-front 0.0039 86 578 102 615
track-sign-front 0.0038 676 503 698 564
track-sign-front 0.0030 671 478 703 532
track-sign-front 0.0026 676 466 697 604
track-sign-front 0.0014 1241 530 1264 564
track-sign-front 0.0013 985 503 1006 560
track-sign-front 0.0012 355 602 373 634
track-sign-front 0.0012 990 506 1018 594
track-sign-front 0.0011 683 469 717 526
track-sign-front 0.0010 920 547 969 616
track-signal-front 0.7580 680 404 713 495
track-signal-front 0.7182 1165 437 1189 508
track-signal-front 0.7174 979 416 1012 507
track-signal-front 0.0402 1127 520 1140 543
track-signal-front 0.0109 1231 475 1263 537
track-signal-front 0.0103 689 404 728 498
track-signal-front 0.0044 1164 472 1187 510
track-signal-front 0.0041 725 470 742 552
track-signal-front 0.0035 1154 437 1206 514
track-signal-front 0.0034 678 403 705 438
track-signal-front 0.0030 1170 437 1188 468
track-signal-front 0.0023 682 399 713 454
track-signal-front 0.0011 972 411 1019 542
track-signal-front 0.0010 174 479 204 523
track-signal-front 0.0010 1164 436 1183 464
track-signal-back 0.0311 1127 522 1138 544
track-signal-back 0.0277 1230 477 1260 537
pole 0.3280 680 465 700 730
pole 0.3140 985 504 1009 701
pole 0.1100 732 483 742 607
pole 0.0202 683 526 699 672
pole 0.0155 967 491 1005 708
pole 0.0137 216 82 293 729
pole 0.0133 684 459 717 745
pole 0.0125 728 447 745 611
pole 0.0074 988 502 1005 623
pole 0.0065 676 392 712 691
pole 0.0055 732 517 749 617
pole 0.0054 787 490 813 604
pole 0.0047 976 522 1023 697
pole 0.0045 1227 58 1303 689
pole 0.0040 656 498 715 716
pole 0.0039 988 577 1011 666
pole 0.0031 989 443 1015 663
pole 0.0031 938 482 953 592
pole 0.0029 684 529 706 746
pole 0.0025 933 492 958 608
pole 0.0021 242 101 312 644
pole 0.0021 808 505 853 606
pole 0.0018 1237 445 1271 557
pole 0.0017 178 88 321 839
pole 0.0017 949 494 1016 671
pole 0.0016 769 488 803 604
pole 0.0014 901 474 930 599
pole 0.0011 1173 524 1186 642
rail-occluder 0.0051 168 702 211 727
rail-occluder 0.0023 177 696 224 726
rail-occluder 0.0016 605 566 640 615
