guard-rail 0.0039 0 702 234 897
guard-rail 0.0026 3 729 161 861
guard-rail 0.0013 63 756 613 1077
guard-rail 0.0012 -1 714 85 818
rail 0.9315 752 573 1043 1075
rail 0.8732 1 582 992 1075
rail 0.7112 1069 573 1724 934
rail 0.6606 5 597 922 848
rail 0.0123 130 627 763 782
rail 0.0116 1099 593 1942 1084
rail 0.0096 0 660 476 946
rail 0.0082 20 686 668 1060
rail 0.0076 0 675 287 912
rail 0.0046 0 686 163 885
rail 0.0029 375 596 637 747
rail 0.0028 327 597 869 1041
rail 0.0018 163 666 648 815
rail 0.0018 17 622 487 803
rail 0.0016 0 692 79 827
rail 0.0016 345 607 863 741
rail 0.0013 1256 646 1482 869
rail 0.0011 319 639 696 860
rail 0.0010 0 646 132 808
rail 0.0010 633 600 739 717
switch-static 0.1555 1048 650 1092 669
switch-static 0.0456 1090 710 1156 738
switch-static 0.0332 605 720 633 744
switch-static 0.0074 1072 709 1127 739
switch-static 0.0073 1041 711 1086 739
switch-static 0.0058 696 775 750 803
switch-static 0.0047 1040 711 1064 738
switch-static 0.0038 1040 759 1061 790
switch-static 0.0018 693 778 727 807
switch-static 0.0018 1037 710 1064 759
switch-static 0.0018 724 769 777 802
switch-static 0.0011 1081 700 1156 751
switch-static 0.0011 1051 682 1144 747
track-sign-front 0.0751 684 571 702 680
track-sign-front 0.0674 687 626 702 665
track-sign-front 0.0287 207 590 240 643
track-sign-front 0.0263 681 523 699 634
track-sign-front 0.0231 1100 573 1132 617
track-sign-front 0.0116 147 729 185 753
track-sign-front 0.0089 606 605 624 660
track-sign-front 0.0063 1089 566 1127 624
track-sign-front 0.0037 1266 530 1286 555
track-sign-front 0.0015 186 595 246 654
track-sign-front 0.0013 1107 583 1137 656
track-sign-front 0.0013 1260 525 1282 551
track-sign-front 0.0013 492 548 521 655
track-sign-front 0.0012 323 753 513 890
track-sign-front 0.0012 172 583 202 657
track-signal-front 0.3237 1035 512 1047 534
track-signal-front 0.3054 975 515 988 539
track-signal-front 0.0836 975 517 988 560
track-signal-front 0.0485 1038 508 1052 537
track-signal-front 0.0255 1032 501 1051 577
track-signal-front 0.0232 978 514 992 532
track-signal-front 0.0097 1037 500 1054 553
track-signal-front 0.0044 1018 505 1048 531
track-signal-front 0.0020 967 510 999 552
track-signal-front 0.0010 1028 508 1056 540
track-signal-back 0.6493 680 383 711 445
track-signal-back 0.6058 679 382 714 493
track-signal-back 0.1721 682 433 714 499
track-signal-back 0.0032 671 357 719 467
track-signal-back 0.0020 222 501 238 539
track-signal-back 0.0017 681 484 705 574
track-signal-back 0.0016 684 463 714 529
track-signal-back 0.0011 684 382 736 445
track-signal-back 0.0010 791 482 814 537
pole 0.2526 675 423 708 696
pole 0.2378 680 500 702 694
pole 0.1863 1073 97 1143 747
pole 0.1132 794 492 805 625
pole 0.0404 685 559 705 682
pole 0.0364 491 560 518 729
pole 0.0242 683 510 718 692
pole 0.0205 832 542 849 613
pole 0.0190 825 511 851 630
pole 0.0154 971 511 992 617
pole 0.0153 681 352 723 688
pole 0.0143 145 291 187 783
pole 0.0142 799 472 833 633
pole 0.0118 976 513 993 577
pole 0.0092 1031 500 1051 588
pole 0.0090 916 471 932 603
pole 0.0090 974 509 1010 620
pole 0.0089 1003 488 1043 611
pole 0.0088 862 489 885 613
pole 0.0085 1084 370 1146 719
pole 0.0083 482 489 518 720
pole 0.0082 1044 28 1178 748
pole 0.0080 688 620 705 699
pole 0.0068 931 495 955 605
pole 0.0066 676 580 709 724
pole 0.0065 1080 373 1119 677
pole 0.0054 721 521 743 644
pole 0.0050 1100 204 1168 740
pole 0.0050 790 475 817 619
pole 0.0041 1018 524 1051 614
pole 0.0035 880 488 917 611
pole 0.0033 1042 425 1083 674
pole 0.0032 656 379 693 682
pole 0.0026 158 395 213 761
pole 0.0026 707 407 740 657
pole 0.0025 605 566 623 659
pole 0.0025 472 541 531 731
pole 0.0024 1096 547 1138 660
pole 0.0024 677 482 702 585
pole 0.0023 166 481 197 735
pole 0.0018 763 499 838 634
pole 0.0017 1102 321 1150 649
pole 0.0016 150 239 225 896
pole 0.0015 494 506 520 665
pole 0.0014 844 514 901 620
pole 0.0014 1198 363 1219 601
pole 0.0014 725 570 759 624
pole 0.0014 1066 -9 1241 659
pole 0.0013 788 453 806 623
pole 0.0013 727 523 764 630
pole 0.0013 816 491 871 624
pole 0.0012 1089 562 1139 723
pole 0.0011 904 527 951 609
pole 0.0011 480 542 514 669
pole 0.0010 1049 377 1163 755
pole 0.0010 149 37 276 891
pole 0.0010 629 569 746 748
pole 0.0010 113 365 195 766
pole 0.0010 936 432 968 630
pole 0.0010 844 471 871 606
pole 0.0010 929 533 963 614
rail-occluder 0.1914 646 677 670 709
rail-occluder 0.1316 825 606 841 635
rail-occluder 0.1120 512 687 541 711
rail-occluder 0.0301 687 623 703 672
rail-occluder 0.0245 832 570 847 632
rail-occluder 0.0218 603 713 645 742
rail-occluder 0.0170 641 676 675 726
rail-occluder 0.0150 499 672 514 714
rail-occluder 0.0141 802 609 829 635
rail-occluder 0.0131 491 597 513 728
rail-occluder 0.0103 820 606 849 638
rail-occluder 0.0089 494 638 523 728
rail-occluder 0.0086 518 683 548 703
rail-occluder 0.0072 793 566 812 639
rail-occluder 0.0066 653 649 688 712
rail-occluder 0.0063 605 609 623 660
rail-occluder 0.0027 525 685 561 710
rail-occluder 0.0026 496 611 542 752
rail-occluder 0.0023 306 757 507 933
rail-occluder 0.0018 677 620 707 701
rail-occluder 0.0015 621 646 701 714
rail-occluder 0.0015 494 649 792 757
rail-occluder 0.0014 357 750 514 881
rail-occluder 0.0014 822 573 860 635
rail-occluder 0.0014 932 560 961 617
rail-occluder 0.0012 486 656 548 738
rail-occluder 0.0011 606 621 632 667
rail-occluder 0.0011 490 669 523 716
