platform 0.9427 1019 575 1913 1076
platform 0.0027 1165 567 1782 686
rail 0.9463 39 563 971 1074
rail 0.9312 997 568 1322 1072
rail 0.7912 -2 565 947 794
rail 0.6189 1189 585 1919 792
rail 0.2250 -2 575 788 698
rail 0.0711 1352 611 1927 738
rail 0.0540 -4 617 545 719
rail 0.0428 1472 644 1916 762
rail 0.0342 -2 638 345 700
rail 0.0136 24 622 643 789
rail 0.0113 -4 651 272 722
rail 0.0106 0 633 421 760
rail 0.0092 327 563 881 663
rail 0.0076 1561 665 1919 809
rail 0.0050 1665 653 1920 741
rail 0.0036 1196 563 1842 707
rail 0.0034 199 585 795 650
rail 0.0032 -6 658 311 789
rail 0.0030 -7 651 181 700
rail 0.0028 213 251 572 798
rail 0.0020 190 464 507 728
rail 0.0019 1698 638 1926 708
rail 0.0019 12 674 258 752
rail 0.0018 57 666 349 729
rail 0.0018 1156 534 1649 679
rail 0.0016 1751 674 1920 833
rail 0.0013 -9 545 539 750
rail 0.0013 1785 654 1930 730
rail 0.0013 1199 561 1392 685
rail 0.0012 48 630 399 683
rail 0.0012 271 596 725 691
rail 0.0011 1855 648 1919 757
rail 0.0011 699 578 890 618
rail 0.0010 1100 530 1381 648
track-sign-front 0.0033 601 504 630 613
track-sign-front 0.0020 238 437 260 492
track-sign-front 0.0014 1758 586 1770 654
track-sign-front 0.0013 289 572 313 605
track-signal-front 0.0059 752 470 781 523
track-signal-front 0.0033 793 383 824 415
track-signal-front 0.0030 752 445 783 554
track-signal-front 0.0029 751 476 779 505
track-signal-front 0.0026 850 446 900 472
track-signal-front 0.0022 1127 443 1157 495
track-signal-front 0.0022 1126 449 1155 473
track-signal-front 0.0010 849 443 872 473
track-signal-back 0.0043 651 385 666 484
track-signal-back 0.0025 650 389 665 433
track-signal-back 0.0014 620 297 653 525
track-signal-back 0.0011 619 373 657 445
pole 0.5551 796 388 815 617
pole 0.4297 1488 49 1534 743
pole 0.4082 308 -7 378 790
pole 0.3539 596 243 627 670
pole 0.2978 873 484 888 597
pole 0.2918 1712 62 1747 755
pole 0.1546 914 475 925 595
pole 0.1278 871 476 900 601
pole 0.1268 1366 468 1383 686
pole 0.0937 774 398 806 616
pole 0.0867 1322 529 1337 671
pole 0.0670 1708 264 1737 825
pole 0.0665 1361 316 1391 690
pole 0.0595 1254 420 1267 644
pole 0.0384 1185 539 1197 629
pole 0.0354 1136 436 1155 620
pole 0.0346 600 473 633 673
pole 0.0328 605 574 627 674
pole 0.0300 868 428 888 608
pole 0.0271 1703 122 1758 903
pole 0.0221 604 347 642 663
pole 0.0215 801 457 814 603
pole 0.0172 913 435 929 600
pole 0.0168 920 469 939 594
pole 0.0160 602 246 621 578
pole 0.0157 911 530 925 592
pole 0.0151 1140 535 1161 623
pole 0.0143 1368 546 1380 684
pole 0.0141 1242 -36 1305 759
pole 0.0133 1469 13 1562 763
pole 0.0121 1285 500 1373 677
pole 0.0120 1248 540 1267 656
pole 0.0118 1320 455 1339 681
pole 0.0118 1253 484 1264 627
pole 0.0112 1300 499 1336 671
pole 0.0112 880 430 907 608
pole 0.0108 639 356 665 657
pole 0.0104 1356 517 1383 708
pole 0.0102 648 331 669 635
pole 0.0101 605 510 628 638
pole 0.0095 1181 473 1201 634
pole 0.0087 1255 432 1277 680
pole 0.0086 784 475 807 612
pole 0.0076 781 382 828 622
pole 0.0069 1363 508 1379 660
pole 0.0068 1669 -1 1779 810
pole 0.0067 591 288 618 624
pole 0.0066 867 513 911 608
pole 0.0064 1180 512 1212 639
pole 0.0063 330 73 406 753
pole 0.0058 1232 505 1404 668
pole 0.0054 1697 553 1739 792
pole 0.0054 1716 335 1731 677
pole 0.0052 1329 504 1411 686
pole 0.0051 1254 489 1295 662
pole 0.0051 1237 429 1260 668
pole 0.0047 1687 579 1772 772
pole 0.0046 1710 487 1733 821
pole 0.0040 1190 428 1210 632
pole 0.0039 1129 403 1163 630
pole 0.0036 857 486 880 604
pole 0.0034 758 400 797 588
pole 0.0034 857 429 898 609
pole 0.0032 1369 467 1402 676
pole 0.0031 848 458 875 599
pole 0.0030 1353 235 1418 715
pole 0.0028 1254 445 1264 579
pole 0.0027 1073 498 1106 605
pole 0.0027 791 518 814 631
pole 0.0027 842 413 867 604
pole 0.0026 386 -24 493 766
pole 0.0025 1294 527 1455 701
pole 0.0024 1250 537 1314 671
pole 0.0023 821 483 890 630
pole 0.0023 1222 502 1259 642
pole 0.0023 891 460 926 592
pole 0.0023 1128 511 1159 613
pole 0.0022 1721 41 1804 793
pole 0.0022 1691 363 1742 849
pole 0.0021 324 -34 455 739
pole 0.0019 751 448 789 599
pole 0.0019 1490 373 1535 759
pole 0.0019 1368 302 1386 615
pole 0.0019 1257 364 1271 646
pole 0.0018 311 383 390 791
pole 0.0018 1246 287 1276 664
pole 0.0018 1228 485 1322 667
pole 0.0017 1354 -15 1479 770
pole 0.0017 205 396 492 777
pole 0.0016 1127 416 1158 525
pole 0.0016 868 436 920 605
pole 0.0016 1142 447 1160 577
pole 0.0015 1473 269 1528 757
pole 0.0015 1055 499 1086 601
pole 0.0014 1297 317 1384 720
pole 0.0014 1132 518 1190 623
pole 0.0014 902 472 937 601
pole 0.0014 1220 104 1284 629
pole 0.0013 1469 390 1559 741
pole 0.0013 1095 489 1142 612
pole 0.0013 1714 415 1729 749
pole 0.0012 566 259 615 668
pole 0.0012 1235 421 1285 648
pole 0.0012 1211 380 1274 663
pole 0.0012 1253 45 1331 687
pole 0.0011 1159 481 1220 631
pole 0.0011 796 532 827 611
pole 0.0011 1260 467 1273 605
pole 0.0010 417 17 473 642
pole 0.0010 1167 499 1283 639
pole 0.0010 1750 324 1767 653
pole 0.0010 1718 496 1744 753
pole 0.0010 919 453 949 571
rail-occluder 0.0177 609 584 625 661
rail-occluder 0.0168 326 683 363 774
rail-occluder 0.0088 1268 567 1338 673
rail-occluder 0.0086 608 614 627 678
rail-occluder 0.0080 317 660 358 756
rail-occluder 0.0070 793 581 811 612
rail-occluder 0.0047 599 573 633 676
rail-occluder 0.0046 1138 564 1154 614
rail-occluder 0.0042 608 638 625 673
rail-occluder 0.0039 783 581 808 614
rail-occluder 0.0037 1235 537 1331 670
rail-occluder 0.0035 300 601 340 649
rail-occluder 0.0028 797 580 823 614
rail-occluder 0.0027 1246 567 1276 666
rail-occluder 0.0026 427 624 462 667
rail-occluder 0.0025 1288 555 1365 677
rail-occluder 0.0022 1185 535 1428 663
rail-occluder 0.0021 291 569 318 621
rail-occluder 0.0018 294 579 337 641
rail-occluder 0.0018 426 639 459 695
rail-occluder 0.0018 213 651 473 800
rail-occluder 0.0015 302 611 350 670
rail-occluder 0.0013 1230 566 1298 667
rail-occluder 0.0012 422 614 467 650
rail-occluder 0.0012 661 548 698 584
rail-occluder 0.0011 283 546 364 718
rail-occluder 0.0011 300 565 403 741
