train-car 0.5260 1499 285 1915 799
train-car 0.2651 1213 388 1570 647
train-car 0.1829 1204 349 1776 697
train-car 0.0167 1225 360 1912 882
train-car 0.0052 1168 155 1986 752
train-car 0.0020 1125 481 1532 656
train-car 0.0017 1252 446 1548 738
train-car 0.0017 1120 457 1676 775
train-car 0.0011 1440 508 1893 808
platform 0.0042 1077 508 1245 539
rail 0.9626 955 508 1306 1074
rail 0.9304 165 504 943 1070
rail 0.4238 1007 506 1240 576
rail 0.1722 995 512 1290 611
rail 0.1082 1618 680 1920 889
rail 0.0432 1026 480 1177 586
rail 0.0271 1048 535 1374 606
rail 0.0161 1069 510 1238 554
rail 0.0141 1026 534 1356 672
rail 0.0099 1680 694 1919 1051
rail 0.0075 1591 656 1893 798
rail 0.0062 1026 520 1391 575
rail 0.0060 1560 526 1927 954
rail 0.0047 1105 525 1243 574
rail 0.0046 1745 713 1919 880
rail 0.0046 1133 551 1376 648
rail 0.0033 1169 539 1302 580
rail 0.0033 1012 506 1261 539
rail 0.0029 1791 712 1919 1075
rail 0.0029 1167 542 1342 603
rail 0.0020 989 451 1249 630
rail 0.0018 1213 561 1356 639
rail 0.0017 1246 301 1874 670
rail 0.0017 1732 636 1918 817
rail 0.0017 978 488 1392 779
rail 0.0016 1432 590 1902 827
rail 0.0016 1850 681 1920 1047
rail 0.0015 1152 544 1274 596
rail 0.0015 1146 516 1313 564
rail 0.0014 1069 516 1162 578
rail 0.0013 1597 684 1850 1024
rail 0.0010 1839 687 1921 843
rail 0.0010 1214 540 1295 602
rail 0.0010 980 505 1130 584
track-sign-front 0.1393 743 444 769 472
track-sign-front 0.0190 740 492 752 523
track-sign-front 0.0102 735 487 751 520
track-sign-front 0.0065 741 485 752 561
track-sign-front 0.0062 727 572 747 611
track-sign-front 0.0048 782 483 796 515
track-sign-front 0.0038 874 486 892 517
track-sign-front 0.0023 877 458 899 500
track-sign-front 0.0021 872 474 905 526
track-sign-front 0.0018 739 466 754 583
track-sign-front 0.0013 734 504 750 584
track-sign-front 0.0013 758 436 796 498
track-sign-front 0.0011 692 496 720 522
track-sign-front 0.0010 1099 490 1179 543
track-sign-front 0.0010 871 496 894 541
track-signal-front 0.7356 744 387 769 439
track-signal-front 0.7004 1054 382 1079 431
track-signal-front 0.5426 1050 436 1081 472
track-signal-front 0.3180 743 443 771 472
track-signal-front 0.0622 1050 423 1082 498
track-signal-front 0.0171 745 368 767 392
track-signal-front 0.0138 744 407 771 466
track-signal-front 0.0126 1055 397 1083 466
track-signal-front 0.0116 1113 445 1135 471
track-signal-front 0.0103 749 372 771 399
track-signal-front 0.0090 1067 441 1089 539
track-signal-front 0.0048 776 387 799 442
track-signal-front 0.0041 884 457 901 483
track-signal-front 0.0032 1056 367 1076 392
track-signal-front 0.0025 1060 401 1095 581
track-signal-front 0.0022 1048 347 1079 524
track-signal-front 0.0021 876 457 896 482
track-signal-front 0.0020 776 436 798 476
track-signal-front 0.0018 1023 422 1110 509
track-signal-front 0.0018 1033 376 1101 452
track-signal-front 0.0012 1098 447 1134 503
track-signal-front 0.0011 1034 342 1099 516
track-signal-front 0.0010 719 383 787 447
pole 0.2027 1074 476 1087 592
pole 0.0636 1036 442 1051 566
pole 0.0587 1063 437 1090 577
pole 0.0505 1037 367 1060 592
pole 0.0372 1048 408 1079 511
pole 0.0112 1077 515 1094 607
pole 0.0105 1042 415 1080 589
pole 0.0068 981 422 1008 540
pole 0.0067 1018 355 1055 565
pole 0.0060 1051 464 1107 587
pole 0.0043 1005 416 1053 545
pole 0.0026 967 426 993 539
pole 0.0024 1029 435 1059 571
pole 0.0017 1033 506 1056 571
pole 0.0014 1031 388 1091 549
pole 0.0013 1020 425 1100 592
rail-occluder 0.0060 1075 515 1097 604
rail-occluder 0.0054 1215 542 1260 591
rail-occluder 0.0042 1133 541 1200 591
rail-occluder 0.0033 1098 539 1226 593
rail-occluder 0.0027 1118 533 1172 592
rail-occluder 0.0023 1180 544 1249 591
rail-occluder 0.0021 1186 530 1242 575
rail-occluder 0.0017 1116 524 1209 569
rail-occluder 0.0017 727 574 747 610
rail-occluder 0.0015 1209 556 1259 646
rail-occluder 0.0014 1228 557 1287 647
rail-occluder 0.0014 1184 555 1246 643
rail-occluder 0.0011 1152 553 1222 633
