crossing 0.0057 1108 457 1172 476
crossing 0.0026 1123 453 1193 471
guard-rail 0.5747 925 953 960 1084
guard-rail 0.4336 494 636 700 770
guard-rail 0.3293 1460 956 1541 1073
guard-rail 0.2242 60 458 1114 985
guard-rail 0.1472 1182 981 1219 1075
guard-rail 0.0664 552 631 707 731
guard-rail 0.0453 1209 979 1242 1078
guard-rail 0.0380 1248 978 1275 1079
guard-rail 0.0236 597 623 717 695
guard-rail 0.0125 476 670 646 795
guard-rail 0.0109 1196 994 1225 1081
guard-rail 0.0103 1236 977 1263 1079
guard-rail 0.0072 820 509 904 537
guard-rail 0.0049 519 661 625 770
guard-rail 0.0040 1163 984 1197 1074
guard-rail 0.0035 495 700 592 783
guard-rail 0.0034 555 645 661 766
guard-rail 0.0033 1425 861 1532 1081
guard-rail 0.0033 808 526 883 565
guard-rail 0.0032 396 592 728 791
guard-rail 0.0028 912 951 946 1075
guard-rail 0.0025 577 595 748 735
guard-rail 0.0024 35 592 673 925
guard-rail 0.0021 840 520 900 552
guard-rail 0.0020 933 933 974 1068
guard-rail 0.0017 1501 975 1554 1078
guard-rail 0.0016 627 613 742 659
guard-rail 0.0016 955 948 1003 1077
guard-rail 0.0015 272 665 425 739
guard-rail 0.0015 904 978 930 1077
guard-rail 0.0014 126 626 585 819
guard-rail 0.0013 805 544 852 580
guard-rail 0.0013 1253 968 1287 1070
guard-rail 0.0012 353 648 674 837
guard-rail 0.0012 1320 949 1548 1073
guard-rail 0.0012 794 515 875 550
guard-rail 0.0010 556 531 816 718
guard-rail 0.0010 1261 999 1286 1082
guard-rail 0.0010 466 580 796 881
guard-rail 0.0010 183 653 465 769
rail 0.9475 1175 457 1554 1072
rail 0.8543 8 413 1181 1078
rail 0.8497 907 451 1326 1072
rail 0.0263 0 567 761 1015
rail 0.0131 152 442 1211 812
rail 0.0057 915 953 1244 1080
rail 0.0034 1139 460 1289 1061
rail 0.0033 1089 455 1194 480
rail 0.0031 1 649 529 959
rail 0.0013 1213 981 1548 1078
rail 0.0012 98 611 689 887
rail 0.0010 799 461 1158 543
rail 0.0010 1874 545 1920 1067
switch-indicator 0.0089 1741 790 1790 903
switch-left 0.0010 825 489 946 549
switch-left 0.0010 819 498 899 532
switch-right 0.0145 844 502 917 534
switch-right 0.0050 817 507 903 539
switch-right 0.0027 821 492 951 543
switch-right 0.0019 837 481 1005 538
switch-right 0.0018 805 502 913 553
switch-unknown 0.0253 853 502 927 529
switch-unknown 0.0234 880 488 962 517
switch-unknown 0.0167 863 495 943 523
switch-unknown 0.0039 1108 459 1169 477
switch-unknown 0.0021 925 487 990 508
switch-unknown 0.0012 1087 458 1155 484
switch-unknown 0.0011 1076 449 1153 477
switch-static 0.0053 895 487 954 509
switch-static 0.0029 1152 514 1175 529
switch-static 0.0027 914 485 974 507
switch-static 0.0011 819 493 895 531
track-sign-front 0.0060 1355 388 1391 489
track-sign-front 0.0048 1514 431 1539 455
track-sign-front 0.0029 1353 468 1364 522
track-signal-back 0.0015 1239 352 1254 442
pole 0.1035 1203 279 1218 483
pole 0.0419 1344 76 1373 531
pole 0.0414 1031 363 1047 500
pole 0.0268 1197 289 1213 474
pole 0.0264 1027 310 1051 503
pole 0.0258 1205 398 1219 483
pole 0.0214 1354 311 1373 499
pole 0.0190 1011 259 1038 508
pole 0.0158 1023 358 1042 498
pole 0.0147 1353 167 1368 502
pole 0.0147 1204 263 1231 508
pole 0.0132 1202 360 1237 486
pole 0.0127 1245 372 1257 473
pole 0.0108 1357 337 1381 491
pole 0.0104 1352 416 1370 498
pole 0.0062 1015 212 1051 513
pole 0.0041 1333 74 1391 506
pole 0.0037 1013 340 1037 483
pole 0.0031 1038 281 1068 489
pole 0.0029 1351 406 1397 497
pole 0.0028 1036 378 1071 490
pole 0.0016 1029 454 1046 495
pole 0.0014 1237 319 1256 472
pole 0.0011 1338 322 1375 521
pole 0.0010 1188 310 1223 521
pole 0.0010 1358 392 1417 477
rail-occluder 0.0433 1205 448 1220 480
rail-occluder 0.0052 1353 453 1367 497
rail-occluder 0.0051 1029 455 1045 498
rail-occluder 0.0050 1355 460 1378 492
rail-occluder 0.0035 1190 439 1218 482
rail-occluder 0.0026 1205 458 1234 495
rail-occluder 0.0011 1350 420 1399 485
rail-occluder 0.0010 1032 475 1047 499
