guard-rail 0.0016 1731 939 1901 1068
guard-rail 0.0011 1435 612 1541 665
train-car 0.0010 103 359 762 683
platform 0.9417 3 462 1037 1075
platform 0.0025 76 439 967 763
rail 0.9585 737 464 1091 1076
rail 0.8761 1149 475 1918 1073
rail 0.0730 1432 604 1913 1078
rail 0.0062 1214 502 1895 829
rail 0.0026 1464 605 1914 847
rail 0.0022 1340 573 1628 725
rail 0.0019 1439 632 1698 1046
switch-indicator 0.0527 1498 571 1541 616
switch-left 0.1111 1381 608 1539 667
switch-left 0.0291 1345 591 1461 640
switch-left 0.0253 1409 594 1533 647
switch-left 0.0055 1350 605 1475 655
switch-left 0.0045 1394 620 1557 692
switch-left 0.0037 1364 570 1536 681
switch-right 0.1266 1356 595 1503 652
switch-right 0.0652 1381 603 1529 669
switch-right 0.0163 1336 591 1450 636
switch-right 0.0148 1375 585 1477 633
switch-right 0.0049 1348 583 1521 691
switch-unknown 0.0010 1318 583 1403 623
switch-static 0.2134 1472 577 1539 620
switch-static 0.0877 1431 583 1522 621
switch-static 0.0253 1408 579 1493 624
switch-static 0.0249 1426 574 1476 607
switch-static 0.0125 1420 593 1521 645
switch-static 0.0109 1499 574 1558 622
switch-static 0.0039 1504 597 1585 636
switch-static 0.0019 1346 723 1415 765
switch-static 0.0013 1379 543 1620 684
switch-static 0.0013 1321 538 1758 643
switch-static 0.0012 1529 594 1599 628
track-signal-front 0.0489 1090 406 1104 446
track-signal-front 0.0165 1050 412 1067 431
track-signal-front 0.0137 1056 411 1092 438
track-signal-front 0.0082 1047 407 1062 427
track-signal-front 0.0043 1087 391 1104 472
track-signal-front 0.0039 1040 401 1068 443
track-signal-back 0.7878 1174 312 1211 369
track-signal-back 0.0042 1172 367 1199 401
track-signal-back 0.0041 1169 215 1221 464
track-signal-back 0.0039 1133 323 1160 450
track-signal-back 0.0036 1173 319 1200 452
track-signal-back 0.0031 1167 291 1215 395
track-signal-back 0.0024 1165 310 1234 375
track-signal-back 0.0018 1177 340 1207 418
track-signal-back 0.0014 1171 360 1194 473
track-signal-back 0.0011 1149 180 1251 539
person 0.7488 60 481 172 830
person 0.6789 532 462 624 654
person 0.1044 197 408 276 630
person 0.0247 0 397 34 818
person 0.0179 205 408 247 570
person 0.0119 512 445 595 632
person 0.0113 470 469 568 632
person 0.0092 234 398 335 645
person 0.0072 465 485 519 607
person 0.0060 182 402 238 646
person 0.0054 152 401 194 720
person 0.0046 391 357 450 652
person 0.0043 281 428 350 667
person 0.0030 266 400 317 651
person 0.0024 435 475 523 631
person 0.0022 194 483 255 653
person 0.0021 6 370 82 797
person 0.0017 165 379 206 679
person 0.0015 125 438 186 718
person 0.0015 167 416 413 676
person 0.0013 14 475 111 771
person 0.0013 95 353 299 686
person 0.0012 320 423 364 675
person 0.0012 471 417 508 596
person 0.0012 248 441 302 650
person 0.0012 565 494 630 639
person 0.0012 165 467 251 732
person 0.0011 -2 438 60 846
person 0.0011 462 507 502 599
person 0.0011 46 490 148 731
person 0.0011 356 423 393 683
pole 0.4484 1269 -7 1330 721
pole 0.4139 1129 261 1147 519
pole 0.2576 1169 364 1201 591
pole 0.1967 1114 261 1145 516
pole 0.1342 1131 243 1158 527
pole 0.0831 1104 276 1128 519
pole 0.0695 1141 287 1188 579
pole 0.0429 1173 345 1212 670
pole 0.0414 1135 340 1155 552
pole 0.0401 389 309 435 674
pole 0.0308 1099 265 1114 519
pole 0.0252 0 366 33 805
pole 0.0221 1156 284 1212 592
pole 0.0133 1089 356 1107 492
pole 0.0124 1172 391 1197 534
pole 0.0112 1132 321 1144 469
pole 0.0102 1136 358 1150 504
pole 0.0092 1162 433 1195 559
pole 0.0066 1099 380 1127 512
pole 0.0064 1133 414 1162 531
pole 0.0063 1241 -17 1364 735
pole 0.0053 1181 416 1203 550
pole 0.0039 1125 290 1173 539
pole 0.0037 1114 320 1140 470
pole 0.0035 1281 84 1386 752
pole 0.0033 0 390 21 727
pole 0.0033 1100 333 1112 456
pole 0.0031 348 283 414 679
pole 0.0030 1149 384 1200 529
pole 0.0027 1173 361 1238 736
pole 0.0025 1171 467 1202 571
pole 0.0024 29 147 124 780
pole 0.0022 357 380 395 674
pole 0.0021 55 192 153 735
pole 0.0020 1127 416 1173 568
pole 0.0020 377 300 465 655
pole 0.0019 1266 281 1369 833
pole 0.0019 5 415 47 744
pole 0.0019 1132 343 1170 483
pole 0.0016 1247 282 1279 531
pole 0.0013 1252 310 1331 720
pole 0.0013 1180 432 1226 663
pole 0.0013 1161 58 1334 610
pole 0.0013 62 179 114 662
pole 0.0012 -2 143 49 805
pole 0.0011 1188 359 1256 605
pole 0.0010 1281 -30 1322 536
pole 0.0010 1269 292 1304 572
pole 0.0010 320 392 365 663
rail-occluder 0.0011 1158 475 1194 569
