crossing 0.7214 1089 421 1150 451
crossing 0.4774 978 429 1035 475
crossing 0.0292 1080 412 1156 461
crossing 0.0210 986 392 1024 416
crossing 0.0127 1106 420 1192 448
crossing 0.0069 1048 400 1143 446
crossing 0.0064 1034 382 1097 414
crossing 0.0062 1019 379 1076 412
crossing 0.0048 985 377 1020 410
crossing 0.0036 1097 397 1175 451
crossing 0.0030 995 361 1042 403
crossing 0.0020 943 397 1077 522
crossing 0.0019 1118 427 1177 452
crossing 0.0016 970 396 1043 491
crossing 0.0011 950 431 1014 476
train-car 0.0051 1018 354 1065 386
train-car 0.0019 1004 349 1041 383
platform 0.0090 1026 364 1095 402
platform 0.0033 1035 356 1085 384
platform 0.0027 1040 373 1128 409
platform 0.0013 996 370 1042 401
platform 0.0010 1081 375 1234 426
rail 0.9394 850 374 1188 1073
rail 0.9366 1037 375 1603 1069
rail 0.0083 972 396 1292 1077
rail 0.0012 1184 415 1449 1047
switch-static 0.0018 913 491 933 511
track-sign-front 0.0409 878 379 895 403
track-sign-front 0.0245 879 381 897 422
track-sign-front 0.0222 923 377 941 403
track-sign-front 0.0156 1148 369 1165 402
track-sign-front 0.0083 881 404 899 445
track-sign-front 0.0075 1147 339 1165 389
track-sign-front 0.0073 924 376 948 423
track-sign-front 0.0040 1148 372 1172 422
track-sign-front 0.0033 1148 333 1161 353
track-sign-front 0.0026 917 401 945 437
track-sign-front 0.0025 919 364 936 388
track-sign-front 0.0013 869 360 888 389
track-sign-front 0.0012 925 400 960 443
track-sign-front 0.0012 870 377 898 407
track-sign-front 0.0010 981 349 1021 385
track-signal-front 0.0018 820 385 845 413
track-signal-front 0.0011 824 384 858 419
track-signal-front 0.0010 1008 338 1033 369
