guard-rail 0.3175 761 674 817 709
guard-rail 0.0352 751 684 796 719
guard-rail 0.0153 785 667 830 706
guard-rail 0.0109 762 665 832 721
guard-rail 0.0061 785 658 847 695
guard-rail 0.0036 892 680 908 727
guard-rail 0.0012 898 696 916 737
guard-rail 0.0010 832 642 894 682
guard-rail 0.0010 672 613 893 817
rail 0.8996 685 588 965 1074
rail 0.8779 25 605 946 1074
rail 0.0114 0 742 617 1076
rail 0.0037 414 596 972 1025
rail 0.0017 0 776 345 1031
rail 0.0010 905 591 953 632
switch-indicator 0.0098 789 618 807 643
switch-left 0.0371 854 628 918 673
switch-left 0.0062 834 638 916 684
switch-left 0.0024 872 622 937 655
switch-right 0.1898 858 632 915 665
switch-right 0.0861 869 624 925 652
switch-unknown 0.0213 887 607 950 638
switch-unknown 0.0158 860 624 917 652
switch-unknown 0.0104 902 590 952 630
switch-unknown 0.0096 919 587 961 625
switch-unknown 0.0080 921 609 953 634
switch-unknown 0.0023 894 595 931 629
switch-static 0.0084 872 621 937 656
switch-static 0.0034 925 617 956 649
switch-static 0.0022 802 628 856 662
switch-static 0.0016 825 628 898 665
switch-static 0.0016 784 618 812 646
switch-static 0.0015 761 623 808 654
track-sign-front 0.1413 793 611 805 630
track-sign-front 0.0196 791 610 807 638
track-sign-front 0.0129 795 618 819 643
track-sign-front 0.0068 977 631 996 653
track-sign-front 0.0046 905 534 915 606
track-sign-front 0.0041 940 572 984 610
track-sign-front 0.0039 962 549 990 606
track-sign-front 0.0018 787 599 804 628
track-sign-front 0.0016 934 600 983 649
track-sign-front 0.0015 971 572 998 610
track-sign-front 0.0013 1900 591 1919 658
track-sign-front 0.0011 1895 574 1919 637
track-signal-back 0.4987 902 511 916 541
track-signal-back 0.0344 904 516 918 556
track-signal-back 0.0118 864 510 878 532
track-signal-back 0.0077 896 509 922 544
track-signal-back 0.0026 859 510 875 537
track-signal-back 0.0017 896 503 973 553
pole 0.0330 972 401 992 659
pole 0.0066 970 480 991 619
pole 0.0030 968 349 1002 630
pole 0.0029 977 461 994 601
pole 0.0016 900 528 938 621
pole 0.0011 963 538 987 619
