platform 0.1298 -10 570 897 949
platform 0.0213 1227 725 1896 1064
rail 0.9538 947 532 1332 1077
rail 0.9258 -4 541 930 1075
track-sign-front 0.7615 1167 500 1193 536
track-sign-front 0.5564 375 474 438 520
track-sign-front 0.4983 1736 386 1898 532
track-sign-front 0.0893 1048 566 1066 585
track-sign-front 0.0241 474 564 505 652
track-sign-front 0.0213 1053 570 1067 589
track-sign-front 0.0193 847 527 859 542
track-sign-front 0.0121 1741 480 1884 546
track-sign-front 0.0117 1035 555 1060 583
track-sign-front 0.0070 1170 503 1207 541
track-sign-front 0.0065 1166 509 1192 565
track-sign-front 0.0035 1740 388 1845 494
track-sign-front 0.0032 1170 554 1195 601
track-sign-front 0.0027 1055 565 1086 589
track-sign-front 0.0025 1166 461 1193 558
track-sign-front 0.0023 480 609 505 659
track-sign-front 0.0022 1042 566 1076 590
track-sign-front 0.0016 837 522 854 542
track-sign-front 0.0013 342 398 472 579
track-sign-front 0.0013 1734 353 1886 470
track-sign-front 0.0013 845 523 861 547
track-sign-front 0.0011 460 557 514 660
pole 0.0019 474 192 511 715
