rail 0.9617 995 596 1239 1075
rail 0.9433 365 592 1018 1078
rail 0.0049 171 617 844 755
rail 0.0034 267 639 648 718
rail 0.0020 74 598 952 827
rail 0.0017 0 494 319 974
rail 0.0012 306 651 526 731
rail 0.0012 250 644 480 710
rail 0.0010 537 672 803 1013
switch-static 0.0023 1176 880 1208 909
switch-static 0.0016 1165 879 1216 917
switch-static 0.0013 727 677 776 700
track-sign-front 0.4637 1380 613 1405 818
track-sign-front 0.2149 903 583 916 599
track-sign-front 0.1604 1230 654 1263 702
track-sign-front 0.0396 1377 606 1397 771
track-sign-front 0.0267 1385 616 1436 823
track-sign-front 0.0152 1372 619 1416 854
track-sign-front 0.0078 1372 486 1398 519
track-sign-front 0.0061 1378 609 1393 717
track-sign-front 0.0045 1058 587 1081 610
track-sign-front 0.0044 1064 591 1086 613
track-sign-front 0.0036 381 646 401 673
track-sign-front 0.0031 1349 612 1395 819
track-sign-front 0.0022 896 582 925 603
track-sign-front 0.0016 1374 518 1394 761
track-sign-front 0.0016 770 618 796 646
track-sign-front 0.0014 695 585 716 628
track-sign-front 0.0012 1384 688 1408 826
track-sign-front 0.0010 1350 409 1404 436
track-signal-front 0.8208 1339 284 1412 420
track-signal-front 0.0083 1336 274 1407 363
track-signal-front 0.0017 1329 280 1383 395
track-signal-front 0.0013 1295 252 1421 412
pole 0.0164 358 410 401 733
pole 0.0090 6 401 310 928
pole 0.0019 687 357 717 659
pole 0.0018 816 369 837 648
pole 0.0017 370 485 410 725
rail-occluder 0.0058 4 409 309 926
