crossing 0.0089 502 488 562 523
crossing 0.0036 504 500 567 531
crossing 0.0020 484 470 555 507
crossing 0.0014 437 466 547 505
rail 0.9372 512 470 954 1076
rail 0.7608 577 493 1923 1047
rail 0.0022 594 493 773 556
rail 0.0017 602 473 707 531
rail 0.0011 615 459 687 508
track-sign-front 0.0705 496 411 513 435
track-sign-front 0.0040 148 530 178 684
track-sign-front 0.0024 491 408 520 436
track-sign-front 0.0018 572 385 606 434
track-sign-front 0.0018 619 409 651 449
track-sign-front 0.0017 843 348 874 376
track-sign-front 0.0016 585 406 634 445
track-sign-front 0.0015 575 406 606 449
track-sign-front 0.0015 753 426 767 450
track-sign-front 0.0014 583 391 630 435
track-sign-front 0.0013 130 328 169 497
track-sign-front 0.0011 616 386 655 438
track-sign-front 0.0010 838 352 868 386
track-signal-front 0.0160 751 420 767 441
track-signal-front 0.0040 687 345 718 380
track-signal-front 0.0015 740 417 762 442
