guard-rail 0.6930 850 620 935 704
guard-rail 0.6531 1075 632 1111 710
guard-rail 0.1428 821 638 923 723
guard-rail 0.0357 873 608 936 682
guard-rail 0.0319 1074 622 1098 684
guard-rail 0.0226 902 623 950 673
guard-rail 0.0196 1057 630 1136 743
guard-rail 0.0127 770 620 952 770
guard-rail 0.0127 1086 627 1136 671
guard-rail 0.0080 953 573 983 620
guard-rail 0.0069 1051 606 1081 650
guard-rail 0.0061 983 533 1043 589
guard-rail 0.0050 951 543 995 602
guard-rail 0.0046 911 592 959 659
guard-rail 0.0044 801 659 908 755
guard-rail 0.0041 932 580 974 628
guard-rail 0.0039 1098 654 1139 733
guard-rail 0.0031 1098 641 1147 683
guard-rail 0.0030 1058 619 1108 688
guard-rail 0.0030 1088 646 1123 761
guard-rail 0.0028 972 561 997 634
guard-rail 0.0025 1035 577 1078 633
guard-rail 0.0019 1204 564 1274 611
guard-rail 0.0015 1034 543 1086 599
guard-rail 0.0012 994 547 1043 624
guard-rail 0.0011 782 547 992 750
guard-rail 0.0011 852 589 974 702
guard-rail 0.0011 724 572 1054 824
guard-rail 0.0011 1097 625 1138 650
guard-rail 0.0010 936 580 985 651
rail 0.9218 980 487 1283 1076
rail 0.7642 1092 505 1914 1058
rail 0.7531 501 506 1035 1072
rail 0.0320 1180 527 1246 573
rail 0.0208 0 483 698 636
rail 0.0204 5 473 631 563
rail 0.0178 1156 517 1219 570
rail 0.0113 1122 511 1209 567
rail 0.0110 989 543 1214 873
rail 0.0078 789 526 1198 1071
rail 0.0066 984 497 1026 524
rail 0.0046 1189 541 1294 595
rail 0.0044 1281 552 1908 898
rail 0.0037 0 513 664 731
rail 0.0032 27 509 985 1055
rail 0.0029 645 563 950 1028
rail 0.0023 6 487 863 827
rail 0.0022 1121 474 1867 812
rail 0.0021 947 546 1118 1044
rail 0.0018 766 601 1015 1079
rail 0.0018 1203 551 1325 620
rail 0.0016 1184 530 1656 869
rail 0.0016 1185 543 1442 688
rail 0.0016 1121 494 1308 621
rail 0.0015 190 479 976 672
rail 0.0014 1123 520 1509 806
rail 0.0013 103 451 697 527
rail 0.0012 1200 564 1279 611
rail 0.0012 251 454 934 602
rail 0.0011 -3 516 342 676
rail 0.0011 1572 633 1925 939
rail 0.0011 958 501 1080 632
rail 0.0010 1107 511 1181 558
rail 0.0010 1387 626 1907 1056
switch-left 0.0840 990 537 1044 575
switch-left 0.0091 986 515 1036 551
switch-left 0.0020 993 544 1058 605
switch-right 0.2967 990 532 1043 566
switch-right 0.0217 990 499 1028 527
switch-right 0.0212 986 515 1036 547
switch-right 0.0131 1000 518 1049 544
switch-right 0.0046 993 541 1058 591
switch-unknown 0.0469 1179 529 1245 573
switch-unknown 0.0217 1159 525 1222 574
switch-unknown 0.0162 1199 549 1273 583
switch-unknown 0.0107 1213 555 1295 589
switch-unknown 0.0095 986 497 1022 523
switch-unknown 0.0020 1215 563 1302 612
switch-unknown 0.0013 1193 524 1259 563
switch-static 0.0162 1112 541 1179 568
switch-static 0.0089 1104 633 1147 661
switch-static 0.0062 1028 532 1082 565
switch-static 0.0057 1139 547 1194 572
switch-static 0.0050 1130 527 1202 573
switch-static 0.0045 1090 541 1155 568
switch-static 0.0042 958 508 1006 544
switch-static 0.0026 952 535 1003 568
switch-static 0.0025 1027 520 1082 550
switch-static 0.0022 1060 544 1118 571
switch-static 0.0015 1113 625 1152 649
switch-static 0.0015 1086 549 1149 576
switch-static 0.0010 954 482 1006 524
switch-static 0.0010 1062 550 1112 584
track-sign-front 0.0085 1231 447 1244 473
track-sign-front 0.0038 1234 430 1250 465
track-sign-front 0.0016 942 470 965 499
track-sign-front 0.0013 1222 450 1239 469
track-sign-front 0.0013 1115 464 1161 495
track-sign-front 0.0011 1063 467 1115 508
track-signal-front 0.0032 954 424 974 444
track-signal-front 0.0018 1043 447 1072 477
track-signal-front 0.0014 1026 441 1062 483
pole 0.0031 763 284 785 541
pole 0.0011 757 318 779 547
