guard-rail 0.0526 1190 495 1214 529
guard-rail 0.0417 1106 454 1191 491
guard-rail 0.0329 1155 432 1228 472
guard-rail 0.0271 1032 469 1054 502
guard-rail 0.0190 1220 452 1256 484
guard-rail 0.0186 1200 437 1243 476
guard-rail 0.0180 1146 434 1214 490
guard-rail 0.0174 984 429 1062 634
guard-rail 0.0165 1166 477 1213 526
guard-rail 0.0151 1014 485 1039 535
guard-rail 0.0120 1026 476 1048 516
guard-rail 0.0111 933 415 1115 651
guard-rail 0.0109 1139 469 1187 517
guard-rail 0.0092 1099 462 1154 494
guard-rail 0.0084 1040 431 1066 470
guard-rail 0.0083 1125 467 1171 508
guard-rail 0.0073 1234 460 1272 492
guard-rail 0.0070 1018 469 1046 499
guard-rail 0.0065 1085 527 1140 671
guard-rail 0.0064 1106 552 1126 656
guard-rail 0.0058 1023 465 1051 542
guard-rail 0.0055 1099 476 1118 509
guard-rail 0.0054 1100 569 1117 665
guard-rail 0.0053 1003 484 1039 563
guard-rail 0.0047 1202 501 1231 543
guard-rail 0.0044 1033 456 1072 493
guard-rail 0.0041 1036 509 1149 685
guard-rail 0.0040 1173 440 1229 492
guard-rail 0.0030 1074 568 1109 678
guard-rail 0.0030 1058 554 1116 687
guard-rail 0.0028 1261 486 1304 527
guard-rail 0.0027 1005 446 1069 561
guard-rail 0.0027 1044 429 1093 458
guard-rail 0.0027 1229 440 1268 483
guard-rail 0.0026 1247 472 1283 512
guard-rail 0.0025 1141 494 1168 533
guard-rail 0.0022 1270 498 1309 532
guard-rail 0.0015 1065 459 1124 499
guard-rail 0.0013 1094 453 1122 542
guard-rail 0.0012 1197 474 1246 527
guard-rail 0.0010 1126 447 1215 534
rail 0.9385 1136 398 1916 1079
rail 0.8625 680 399 1191 1076
rail 0.4384 943 439 1201 676
rail 0.1305 924 414 1219 1080
rail 0.0946 824 534 1164 836
rail 0.0107 924 400 1096 666
rail 0.0068 1037 474 1181 671
rail 0.0068 855 600 1124 769
rail 0.0059 922 577 1159 707
rail 0.0029 827 467 1115 737
rail 0.0017 1148 401 1199 439
rail 0.0013 1081 418 1237 580
switch-indicator 0.0099 1815 823 1847 895
switch-indicator 0.0041 1037 417 1069 446
switch-indicator 0.0022 1814 820 1872 907
switch-left 0.3179 918 584 1126 697
switch-left 0.0579 1146 433 1214 477
switch-left 0.0106 1117 443 1203 483
switch-left 0.0023 882 620 1090 706
switch-left 0.0017 1154 417 1220 466
switch-left 0.0014 1107 417 1199 466
switch-left 0.0010 962 589 1078 674
switch-right 0.3130 918 586 1127 695
switch-right 0.2180 1148 427 1209 458
switch-right 0.1297 1149 422 1201 445
switch-right 0.0482 1139 432 1214 476
switch-right 0.0210 1101 447 1189 487
switch-right 0.0085 1113 416 1184 446
switch-right 0.0024 1164 425 1223 454
switch-right 0.0021 1101 437 1159 472
switch-right 0.0016 1097 464 1160 495
switch-unknown 0.0421 1147 411 1186 436
switch-unknown 0.0070 1146 400 1201 437
switch-unknown 0.0050 1104 420 1149 447
switch-unknown 0.0043 1039 426 1088 456
switch-unknown 0.0036 1119 398 1179 433
switch-unknown 0.0027 1103 434 1156 471
switch-unknown 0.0023 1048 424 1113 452
switch-unknown 0.0016 1141 383 1186 417
switch-unknown 0.0013 1043 434 1115 462
switch-static 0.6273 763 623 890 696
switch-static 0.0322 784 663 902 703
switch-static 0.0105 1040 426 1084 453
switch-static 0.0099 824 672 903 702
switch-static 0.0097 752 654 841 690
switch-static 0.0093 795 637 920 704
switch-static 0.0093 762 676 904 741
switch-static 0.0079 745 606 941 722
switch-static 0.0074 1163 423 1225 451
switch-static 0.0029 1199 417 1252 454
switch-static 0.0016 724 631 879 727
switch-static 0.0012 1810 822 1867 911
switch-static 0.0011 1033 416 1073 448
switch-static 0.0010 849 645 925 700
track-sign-front 0.6340 601 439 629 479
track-sign-front 0.0142 598 540 633 588
track-sign-front 0.0073 602 453 635 578
track-sign-front 0.0042 603 426 638 467
track-sign-front 0.0029 606 385 636 508
track-sign-front 0.0029 593 435 641 485
track-sign-front 0.0022 607 447 658 601
track-sign-front 0.0014 600 255 654 276
track-sign-front 0.0013 589 250 645 272
track-sign-front 0.0013 594 534 634 634
track-sign-front 0.0012 630 431 668 587
track-sign-front 0.0012 615 282 649 332
track-sign-front 0.0011 1029 409 1064 437
track-sign-front 0.0011 612 262 654 309
track-sign-front 0.0011 609 322 641 445
track-signal-front 0.7708 579 131 654 265
track-signal-front 0.0315 603 122 677 270
track-signal-front 0.0016 584 186 662 272
track-signal-front 0.0014 369 203 438 284
track-signal-front 0.0014 357 196 421 267
track-signal-back 0.0047 369 201 426 262
track-signal-back 0.0010 1149 274 1176 306
