crossing 0.0019 1114 806 1391 864
guard-rail 0.0234 1163 616 1675 1023
guard-rail 0.0091 1351 683 1477 960
guard-rail 0.0038 1347 660 1564 1040
guard-rail 0.0033 1426 893 1718 1078
guard-rail 0.0022 1361 712 1450 876
guard-rail 0.0018 1348 655 1549 867
guard-rail 0.0010 1329 664 1524 779
rail 0.8484 976 609 1826 1076
rail 0.0172 985 788 1609 1078
rail 0.0135 1290 805 1715 1076
rail 0.0069 1352 626 1919 1079
rail 0.0059 1420 899 1714 1076
rail 0.0046 141 581 1861 974
rail 0.0044 957 715 1516 982
rail 0.0024 1010 905 1534 1073
rail 0.0019 1374 649 1642 1042
rail 0.0014 1486 942 1860 1081
rail 0.0013 1514 947 1703 1076
rail 0.0011 1371 802 1561 1062
switch-left 0.0087 1041 780 1429 897
switch-left 0.0026 1106 805 1369 864
switch-right 0.0044 1090 800 1360 881
track-sign-front 0.0026 1102 523 1138 566
pole 0.0040 1840 236 1876 679
rail-occluder 0.1131 1784 591 1916 708
rail-occluder 0.0496 1783 603 1860 683
rail-occluder 0.0123 1792 553 1858 603
rail-occluder 0.0111 1783 609 1830 673
rail-occluder 0.0096 1788 568 1886 631
rail-occluder 0.0063 1788 557 1839 632
rail-occluder 0.0041 1753 600 1899 767
rail-occluder 0.0031 1811 600 1924 777
rail-occluder 0.0021 1818 531 1895 605
rail-occluder 0.0021 1806 585 1904 662
rail-occluder 0.0021 1846 518 1882 593
rail-occluder 0.0014 1786 562 1814 643
rail-occluder 0.0012 1845 579 1915 634
rail-occluder 0.0012 1784 550 1820 602
