guard-rail 0.1107 938 709 952 741
guard-rail 0.1050 629 710 676 738
guard-rail 0.0551 747 718 790 750
guard-rail 0.0494 610 709 667 743
guard-rail 0.0457 751 709 795 741
guard-rail 0.0405 727 719 782 756
guard-rail 0.0360 713 726 765 763
guard-rail 0.0297 931 704 949 740
guard-rail 0.0220 788 717 816 749
guard-rail 0.0195 637 707 701 735
guard-rail 0.0186 710 735 754 770
guard-rail 0.0142 728 735 761 765
guard-rail 0.0137 945 715 964 759
guard-rail 0.0136 779 706 823 743
guard-rail 0.0134 801 720 822 747
guard-rail 0.0132 942 708 961 741
guard-rail 0.0095 708 707 770 740
guard-rail 0.0079 625 697 665 725
guard-rail 0.0060 888 643 930 676
guard-rail 0.0048 688 722 747 758
guard-rail 0.0047 796 694 848 742
guard-rail 0.0042 782 672 847 714
guard-rail 0.0036 689 740 740 788
guard-rail 0.0034 933 712 963 746
guard-rail 0.0030 609 693 679 749
guard-rail 0.0029 821 693 866 733
guard-rail 0.0026 924 713 950 749
guard-rail 0.0025 932 680 951 743
guard-rail 0.0025 597 725 651 759
guard-rail 0.0024 671 707 738 738
guard-rail 0.0023 640 712 713 746
guard-rail 0.0018 823 673 879 726
guard-rail 0.0016 315 934 511 1072
guard-rail 0.0015 923 701 955 741
guard-rail 0.0014 737 709 813 753
guard-rail 0.0013 779 651 847 699
guard-rail 0.0013 903 661 948 716
guard-rail 0.0013 667 770 708 817
guard-rail 0.0013 674 761 726 808
guard-rail 0.0010 795 716 831 750
rail 0.9016 89 594 868 1080
rail 0.8534 868 597 1109 1078
rail 0.2112 784 599 850 639
rail 0.1377 888 601 940 640
rail 0.1111 877 613 932 644
rail 0.1021 736 648 1068 1074
rail 0.0644 875 594 930 630
rail 0.0629 795 593 877 634
rail 0.0408 760 620 816 654
rail 0.0402 814 590 878 620
rail 0.0366 899 597 969 644
rail 0.0278 865 605 912 641
rail 0.0239 764 621 834 676
rail 0.0220 838 593 909 621
rail 0.0184 885 624 930 655
rail 0.0182 776 590 860 655
rail 0.0173 834 865 1112 1074
rail 0.0134 756 599 817 635
rail 0.0114 724 613 788 648
rail 0.0108 872 604 938 659
rail 0.0097 782 615 839 652
rail 0.0097 825 576 875 610
rail 0.0079 855 578 897 607
rail 0.0070 714 616 759 649
rail 0.0051 897 584 961 630
rail 0.0038 766 581 843 634
rail 0.0036 872 557 927 620
rail 0.0036 790 734 1174 1167
rail 0.0027 356 694 638 1036
rail 0.0026 420 630 937 1064
rail 0.0026 862 576 930 635
rail 0.0022 745 565 897 707
rail 0.0020 872 578 928 608
rail 0.0018 721 596 807 656
rail 0.0015 745 629 813 694
rail 0.0014 802 606 908 681
rail 0.0013 125 809 610 1077
rail 0.0013 802 566 856 614
rail 0.0012 853 577 958 711
rail 0.0010 807 594 998 738
switch-indicator 0.0497 1268 987 1319 1056
switch-indicator 0.0145 716 618 751 648
switch-indicator 0.0103 908 599 970 649
switch-indicator 0.0084 516 700 538 722
switch-indicator 0.0075 1005 689 1024 711
switch-indicator 0.0046 1294 1009 1328 1057
switch-indicator 0.0045 943 620 974 658
switch-indicator 0.0044 702 625 734 654
switch-indicator 0.0042 925 620 965 653
switch-indicator 0.0029 1004 671 1027 708
switch-left 0.2671 847 975 1121 1077
switch-left 0.0309 875 639 924 671
switch-left 0.0164 862 919 1104 1051
switch-left 0.0080 751 665 820 712
switch-left 0.0049 132 970 490 1081
switch-left 0.0045 876 1020 1147 1087
switch-left 0.0039 728 689 802 736
switch-left 0.0029 741 635 815 688
switch-left 0.0027 857 648 911 680
switch-left 0.0021 746 1005 1074 1080
switch-left 0.0014 966 1020 1111 1081
switch-left 0.0010 128 1017 415 1087
switch-right 0.2296 853 960 1113 1076
switch-right 0.1260 879 628 922 652
switch-right 0.0718 878 617 929 646
switch-right 0.0337 874 639 927 671
switch-right 0.0118 751 671 814 712
switch-right 0.0091 765 665 829 703
switch-right 0.0043 855 638 913 684
switch-right 0.0033 725 679 799 723
switch-right 0.0015 782 677 848 712
switch-right 0.0012 777 656 849 697
switch-unknown 0.1848 769 630 817 656
switch-unknown 0.1297 779 607 833 645
switch-unknown 0.0624 761 641 812 680
switch-unknown 0.0293 736 627 796 655
switch-unknown 0.0186 869 608 912 644
switch-unknown 0.0046 715 624 759 652
switch-unknown 0.0043 731 644 795 688
switch-unknown 0.0021 713 658 765 688
switch-unknown 0.0011 824 619 891 662
switch-static 0.3120 1107 1012 1215 1075
switch-static 0.1711 590 691 627 710
switch-static 0.1142 1101 1002 1316 1078
switch-static 0.0681 1230 987 1327 1064
switch-static 0.0669 594 686 641 707
switch-static 0.0481 886 626 929 653
switch-static 0.0452 1268 987 1320 1056
switch-static 0.0354 183 835 283 882
switch-static 0.0159 1004 688 1023 708
switch-static 0.0154 927 621 967 653
switch-static 0.0150 17 811 120 875
switch-static 0.0120 1086 996 1205 1053
switch-static 0.0094 725 612 787 653
switch-static 0.0081 1179 1021 1325 1075
switch-static 0.0072 764 1031 857 1077
switch-static 0.0069 618 680 648 701
switch-static 0.0066 1094 986 1232 1087
switch-static 0.0066 1253 984 1298 1037
switch-static 0.0048 1117 972 1348 1065
switch-static 0.0046 1294 1009 1330 1056
switch-static 0.0042 1005 989 1211 1078
switch-static 0.0034 998 686 1031 710
switch-static 0.0025 1162 1019 1244 1079
switch-static 0.0018 509 698 547 725
switch-static 0.0017 768 1005 876 1079
switch-static 0.0016 655 639 696 666
switch-static 0.0015 1119 1033 1209 1086
switch-static 0.0014 232 828 287 854
switch-static 0.0014 12 1030 133 1081
switch-static 0.0012 582 692 620 718
switch-static 0.0011 938 619 982 657
switch-static 0.0010 63 805 119 881
track-sign-front 0.0272 946 605 965 644
track-sign-front 0.0182 956 560 969 579
track-sign-front 0.0170 959 559 972 575
track-sign-front 0.0100 915 583 966 635
track-sign-front 0.0094 947 581 969 629
track-sign-front 0.0026 928 535 976 621
track-sign-front 0.0025 957 542 973 591
track-sign-front 0.0025 736 588 770 633
track-sign-front 0.0022 1010 589 1041 620
track-sign-front 0.0019 954 557 971 588
track-sign-front 0.0017 720 580 754 642
track-sign-front 0.0016 904 548 940 627
track-sign-front 0.0016 1085 446 1108 473
track-sign-front 0.0015 1021 590 1055 619
track-sign-front 0.0013 1005 591 1038 646
track-signal-front 0.0041 668 482 683 527
track-signal-back 0.0187 744 464 758 499
track-signal-back 0.0062 667 485 681 521
track-signal-back 0.0039 909 535 928 572
track-signal-back 0.0030 858 523 885 574
track-signal-back 0.0023 668 488 683 546
track-signal-back 0.0016 890 521 929 584
track-signal-back 0.0014 845 525 875 573
track-signal-back 0.0010 748 463 771 500
track-signal-back 0.0010 851 523 872 559
pole 0.0661 228 -39 282 906
pole 0.0116 986 387 1005 661
pole 0.0061 806 543 845 627
pole 0.0041 1184 -3 1245 929
pole 0.0031 807 500 828 620
pole 0.0025 234 -8 335 853
pole 0.0023 935 418 957 646
pole 0.0019 960 390 993 660
pole 0.0016 798 534 829 630
pole 0.0015 667 458 684 575
pole 0.0015 199 57 305 864
pole 0.0012 1195 182 1239 825
