crossing 0.0445 784 707 946 792
crossing 0.0208 1131 687 1408 830
crossing 0.0097 716 542 989 989
crossing 0.0068 991 547 1061 573
crossing 0.0063 752 649 960 839
crossing 0.0044 988 546 1489 961
crossing 0.0032 1181 719 1347 807
crossing 0.0030 1151 651 1462 898
crossing 0.0026 704 836 991 1073
crossing 0.0023 1188 748 1385 830
crossing 0.0020 837 546 901 569
crossing 0.0019 1098 591 1346 800
crossing 0.0018 1121 674 1349 780
crossing 0.0014 999 553 1071 581
crossing 0.0012 1164 701 1320 785
crossing 0.0010 819 727 924 789
train-car 0.0025 745 419 827 486
platform 0.5517 340 513 802 789
platform 0.5143 1066 517 1426 713
platform 0.0402 952 481 1410 771
platform 0.0105 1087 516 1643 781
platform 0.0049 642 451 782 606
platform 0.0033 14 510 802 1028
platform 0.0032 1149 483 1324 597
platform 0.0019 609 445 799 676
platform 0.0013 542 490 816 740
platform 0.0012 -8 479 694 729
platform 0.0011 422 557 687 788
rail 0.9468 941 489 1801 1081
rail 0.9273 701 492 994 1074
rail 0.1953 815 510 894 545
rail 0.1669 828 495 974 534
rail 0.1455 878 506 984 541
rail 0.1021 916 483 1362 765
rail 0.0845 785 498 884 542
rail 0.0839 834 501 910 538
rail 0.0709 916 492 1020 533
rail 0.0422 954 508 1031 549
rail 0.0227 887 491 1034 551
rail 0.0205 841 510 943 544
rail 0.0159 865 480 1005 538
rail 0.0132 868 483 978 518
rail 0.0129 857 486 1001 1077
rail 0.0126 895 521 996 549
rail 0.0126 976 520 1041 556
rail 0.0090 792 508 851 542
rail 0.0090 928 481 1013 518
rail 0.0059 835 473 970 524
rail 0.0052 800 517 861 548
rail 0.0051 742 482 884 539
rail 0.0042 797 478 910 520
rail 0.0041 955 485 1064 539
rail 0.0032 803 461 1015 557
rail 0.0027 966 511 1059 566
rail 0.0026 1068 526 1831 743
rail 0.0025 1185 626 1708 1071
rail 0.0025 672 453 901 557
rail 0.0024 841 526 928 550
rail 0.0022 985 494 1076 553
rail 0.0022 850 468 1423 1056
rail 0.0020 832 504 1167 845
rail 0.0019 750 448 943 601
rail 0.0018 918 442 1312 611
rail 0.0018 776 429 1068 619
rail 0.0017 778 487 848 533
rail 0.0016 839 465 905 531
rail 0.0015 1472 551 1715 775
rail 0.0015 0 513 766 1059
rail 0.0011 898 445 1105 608
rail 0.0011 920 433 1131 539
rail 0.0011 1445 610 1917 965
rail 0.0010 1267 565 1631 781
switch-left 0.0645 839 522 898 548
switch-right 0.1445 835 516 894 546
switch-right 0.0211 977 523 1040 553
switch-right 0.0124 896 522 995 549
switch-right 0.0025 990 545 1063 576
switch-right 0.0024 842 526 924 550
switch-unknown 0.0715 978 529 1040 554
switch-unknown 0.0627 836 523 895 548
switch-unknown 0.0524 891 509 984 542
switch-unknown 0.0438 955 510 1030 548
switch-unknown 0.0431 836 501 901 536
switch-unknown 0.0413 935 506 1014 541
switch-unknown 0.0355 950 496 1018 532
switch-unknown 0.0140 933 522 1007 553
switch-unknown 0.0056 883 484 964 516
switch-unknown 0.0030 988 539 1064 574
switch-static 0.0219 900 522 989 548
track-sign-front 0.6537 1409 646 1475 870
track-sign-front 0.4464 1557 566 1645 653
track-sign-front 0.0950 1367 634 1450 871
track-sign-front 0.0898 1381 609 1477 937
track-sign-front 0.0400 494 503 545 606
track-sign-front 0.0331 1081 333 1104 364
track-sign-front 0.0127 1366 630 1416 838
track-sign-front 0.0070 1352 390 1380 437
track-sign-front 0.0060 672 378 699 406
track-sign-front 0.0053 1168 335 1189 363
track-sign-front 0.0052 1074 336 1099 371
track-sign-front 0.0037 1228 527 1602 811
track-sign-front 0.0023 1614 212 1681 280
track-sign-front 0.0022 542 556 567 611
track-sign-front 0.0022 1370 520 1456 816
track-sign-front 0.0020 492 490 543 534
track-sign-front 0.0019 1631 275 1688 324
track-sign-front 0.0018 1216 331 1318 387
track-sign-front 0.0018 1037 436 1058 483
track-sign-front 0.0016 1175 335 1233 376
track-sign-front 0.0014 1557 533 1646 735
track-sign-front 0.0013 1219 347 1317 411
track-sign-front 0.0013 526 569 565 612
track-sign-front 0.0013 1237 300 1296 354
track-sign-front 0.0013 1070 322 1099 362
track-sign-front 0.0013 891 397 907 442
track-sign-front 0.0012 1421 634 1463 681
track-sign-front 0.0011 490 519 544 711
track-sign-front 0.0010 1373 640 1423 772
track-sign-front 0.0010 1399 631 1540 889
track-sign-front 0.0010 492 531 524 611
track-signal-front 0.3838 1586 311 1638 439
track-signal-front 0.3131 1158 281 1173 315
track-signal-front 0.0694 1085 386 1101 422
track-signal-front 0.0495 1039 390 1069 437
track-signal-front 0.0203 1154 282 1168 311
track-signal-front 0.0154 1049 387 1075 422
track-signal-front 0.0104 1652 359 1686 432
track-signal-front 0.0093 465 315 500 402
track-signal-front 0.0075 1544 316 1610 403
track-signal-front 0.0073 1544 317 1589 362
track-signal-front 0.0069 1085 387 1104 451
track-signal-front 0.0053 1084 332 1107 359
track-signal-front 0.0047 1050 372 1099 435
track-signal-front 0.0041 1561 314 1631 377
track-signal-front 0.0038 1628 337 1691 443
track-signal-front 0.0037 1152 279 1179 317
track-signal-front 0.0037 1159 275 1171 298
track-signal-front 0.0035 391 392 414 460
track-signal-front 0.0025 532 374 560 434
track-signal-front 0.0025 534 395 557 478
track-signal-front 0.0025 1085 370 1113 413
track-signal-front 0.0019 1158 311 1184 365
track-signal-front 0.0015 1096 417 1131 480
track-signal-front 0.0014 1596 311 1632 344
track-signal-front 0.0013 1024 387 1092 439
track-signal-front 0.0012 1545 278 1658 430
track-signal-front 0.0012 1122 420 1149 478
track-signal-front 0.0011 464 349 493 408
track-signal-back 0.0491 545 274 591 383
track-signal-back 0.0197 494 266 537 399
track-signal-back 0.0175 1266 303 1282 331
track-signal-back 0.0163 509 270 564 391
track-signal-back 0.0066 469 291 507 397
track-signal-back 0.0051 1268 302 1288 340
track-signal-back 0.0046 498 276 534 325
track-signal-back 0.0026 472 283 546 410
track-signal-back 0.0025 463 308 495 380
track-signal-back 0.0021 471 278 518 352
track-signal-back 0.0014 506 268 545 333
track-signal-back 0.0012 517 249 597 378
track-signal-back 0.0010 462 243 616 405
person-group 0.0038 651 440 776 570
car 0.0025 740 422 829 498
car 0.0015 728 432 838 538
person 0.7185 86 465 134 584
person 0.4637 691 445 734 571
person 0.3457 732 448 763 563
person 0.2952 666 434 716 579
person 0.1663 715 449 753 564
person 0.0231 1125 439 1152 504
person 0.0140 715 459 801 561
person 0.0130 1104 431 1140 531
person 0.0120 1165 434 1191 539
person 0.0107 1146 437 1184 505
person 0.0065 1154 430 1202 545
person 0.0063 1221 478 1257 582
person 0.0063 737 450 784 554
person 0.0058 1190 456 1253 574
person 0.0045 1162 429 1188 499
person 0.0039 1105 422 1167 526
person 0.0034 695 458 776 599
person 0.0034 653 443 701 568
person 0.0032 702 429 726 519
person 0.0030 710 437 741 515
person 0.0027 668 467 735 599
person 0.0023 108 466 166 584
person 0.0021 737 431 820 540
person 0.0020 1174 469 1199 561
person 0.0018 1119 448 1147 530
person 0.0016 1099 446 1128 538
person 0.0015 1171 444 1226 561
person 0.0015 1167 391 1250 567
person 0.0013 1039 441 1057 504
person 0.0012 732 425 794 511
person 0.0010 1161 440 1281 595
pole 0.0101 842 70 875 573
pole 0.0038 1091 427 1112 535
pole 0.0027 846 289 869 530
pole 0.0017 1194 458 1628 783
pole 0.0016 886 399 907 515
pole 0.0013 1346 262 1469 891
pole 0.0012 1377 340 1437 808
pole 0.0012 824 -37 882 610
pole 0.0011 849 279 888 539
pole 0.0010 855 139 878 441
rail-occluder 0.0469 1584 646 1616 769
rail-occluder 0.0054 807 519 851 546
rail-occluder 0.0030 1576 574 1625 787
rail-occluder 0.0029 1589 649 1638 772
rail-occluder 0.0014 1569 658 1609 771
rail-occluder 0.0011 995 493 1067 556
