crossing 0.0994 1001 480 1033 494
crossing 0.0288 981 481 1021 496
crossing 0.0154 1008 475 1043 495
crossing 0.0065 1015 482 1054 497
crossing 0.0059 953 482 992 499
crossing 0.0049 990 476 1032 498
crossing 0.0044 944 464 978 493
train-car 0.0284 1005 431 1043 475
train-car 0.0160 949 441 968 474
train-car 0.0095 1018 428 1040 456
train-car 0.0038 941 440 979 478
train-car 0.0026 1006 472 1044 498
train-car 0.0021 965 448 1036 481
train-car 0.0018 942 463 985 492
rail 0.9577 600 470 986 1075
rail 0.9207 1004 472 1789 1072
rail 0.0011 0 856 117 1052
switch-indicator 0.0105 699 598 734 643
switch-indicator 0.0074 643 742 660 773
switch-indicator 0.0057 690 602 733 679
switch-indicator 0.0029 711 613 746 678
switch-indicator 0.0027 1606 600 1639 723
switch-indicator 0.0026 1264 575 1293 609
switch-indicator 0.0017 716 634 742 689
switch-indicator 0.0013 728 618 772 676
switch-static 0.0419 800 583 852 611
switch-static 0.0143 699 600 732 641
switch-static 0.0050 1259 579 1297 610
switch-static 0.0043 693 598 736 662
switch-static 0.0030 1489 713 1606 760
switch-static 0.0022 557 743 652 783
switch-static 0.0016 774 594 830 632
switch-static 0.0015 658 605 713 653
switch-static 0.0014 1472 702 1589 746
switch-static 0.0012 820 573 872 601
switch-static 0.0012 654 613 709 682
switch-static 0.0012 1267 586 1320 614
switch-static 0.0011 677 633 732 697
switch-static 0.0010 660 638 714 695
switch-static 0.0010 1526 727 1657 771
track-sign-front 0.0054 627 429 653 481
track-sign-front 0.0043 1272 477 1292 504
track-sign-front 0.0017 1217 449 1243 490
track-sign-front 0.0016 872 459 909 495
track-sign-front 0.0016 860 458 897 497
track-sign-front 0.0014 875 502 892 551
track-sign-front 0.0013 1239 462 1283 501
track-sign-front 0.0013 871 473 889 526
track-sign-front 0.0011 632 444 660 500
track-sign-front 0.0011 866 438 897 485
track-sign-front 0.0010 719 489 743 568
track-signal-front 0.4037 930 414 944 436
track-signal-front 0.0367 1018 430 1038 453
track-signal-front 0.0163 921 427 967 484
track-signal-front 0.0117 1150 427 1172 477
track-signal-front 0.0076 923 422 945 474
track-signal-front 0.0065 1142 436 1167 480
track-signal-front 0.0062 941 454 967 490
track-signal-front 0.0060 933 412 974 447
track-signal-front 0.0049 1881 1 1919 52
track-signal-front 0.0043 924 411 953 441
track-signal-front 0.0031 1863 -3 1919 78
track-signal-front 0.0023 1155 425 1186 482
track-signal-front 0.0016 1897 -1 1919 41
track-signal-front 0.0012 1007 391 1035 451
track-signal-front 0.0010 1136 451 1164 487
track-signal-front 0.0010 941 402 984 439
track-signal-front 0.0010 879 404 923 455
track-signal-front 0.0010 1121 334 1159 398
track-signal-back 0.0080 1155 428 1174 461
track-signal-back 0.0034 1199 348 1224 378
track-signal-back 0.0023 625 430 649 463
track-signal-back 0.0018 1159 424 1184 453
track-signal-back 0.0010 696 388 725 427
person 0.0012 1603 595 1641 718
pole 0.0011 459 -37 535 779
