guard-rail 0.1266 334 914 572 1073
guard-rail 0.0464 1063 792 1080 1041
guard-rail 0.0162 1070 793 1088 1037
guard-rail 0.0140 1008 540 1133 615
guard-rail 0.0121 1032 535 1133 586
guard-rail 0.0096 1060 520 1128 559
guard-rail 0.0084 1076 494 1112 545
guard-rail 0.0074 1064 829 1078 964
guard-rail 0.0059 1043 792 1067 1039
guard-rail 0.0035 1074 844 1087 980
guard-rail 0.0029 990 551 1062 597
guard-rail 0.0027 1062 865 1076 1010
guard-rail 0.0024 171 790 860 1124
guard-rail 0.0021 1046 815 1079 1075
guard-rail 0.0019 315 861 788 1069
guard-rail 0.0018 1083 469 1144 550
guard-rail 0.0016 1102 437 1144 544
guard-rail 0.0013 1045 852 1065 974
guard-rail 0.0013 1115 455 1159 557
guard-rail 0.0011 1139 454 1162 555
guard-rail 0.0010 1120 497 1157 549
train-car 0.0442 779 464 961 583
rail 0.8472 6 544 886 1057
rail 0.8189 723 447 1159 1077
rail 0.6807 320 485 1112 1079
rail 0.1659 438 622 782 991
rail 0.1446 675 920 817 1076
rail 0.0287 750 924 830 1080
rail 0.0245 375 882 842 1078
rail 0.0180 699 868 857 1075
rail 0.0092 709 844 1098 1078
rail 0.0067 378 723 900 1074
rail 0.0054 2 547 754 818
rail 0.0029 605 868 816 1061
rail 0.0023 564 776 920 1048
rail 0.0019 721 951 797 1082
rail 0.0019 614 720 1069 1078
rail 0.0015 699 581 1000 1043
rail 0.0013 818 614 1115 1055
rail 0.0013 269 908 525 1071
rail 0.0012 671 944 764 1071
switch-indicator 0.0015 830 505 975 588
switch-left 0.3079 1004 551 1131 610
switch-left 0.0052 986 545 1127 648
switch-left 0.0022 744 910 1092 1070
switch-left 0.0011 1021 519 1148 631
switch-right 0.3414 1018 553 1131 605
switch-right 0.1037 977 557 1127 624
switch-right 0.0114 1049 546 1141 594
switch-right 0.0077 1054 540 1141 574
switch-right 0.0019 984 549 1072 600
switch-static 0.0023 1001 542 1053 579
switch-static 0.0013 639 920 791 996
switch-static 0.0010 1132 538 1178 566
track-sign-front 0.1476 1264 460 1295 491
track-sign-front 0.0045 1262 452 1302 502
track-sign-front 0.0043 1477 758 1518 798
track-sign-front 0.0014 1146 417 1173 443
track-sign-front 0.0013 786 444 965 559
person 0.7460 1495 554 1609 872
person 0.6986 539 644 674 976
person 0.1202 455 635 759 1003
person 0.0450 531 656 615 917
person 0.0120 584 613 726 995
person 0.0110 600 641 686 954
person 0.0053 1482 556 1585 758
person 0.0043 1459 555 1556 834
person 0.0024 525 677 582 890
person 0.0020 568 746 701 1041
person 0.0018 1517 651 1605 794
person 0.0018 1436 577 1514 822
rail-occluder 0.4476 792 463 960 584
rail-occluder 0.0029 802 507 954 608
rail-occluder 0.0016 561 333 1107 705
