rail 0.9299 969 548 1284 1075
switch-static 0.0021 1072 588 1102 612
track-sign-front 0.0392 1270 525 1283 566
track-sign-front 0.0168 1270 508 1284 557
track-sign-front 0.0050 1269 538 1283 586
track-sign-front 0.0029 1255 440 1280 477
track-sign-front 0.0018 1066 591 1094 615
track-sign-front 0.0014 1254 424 1279 524
track-sign-front 0.0013 1257 405 1279 475
track-sign-front 0.0012 1079 581 1106 605
pole 0.0424 1266 396 1291 623
pole 0.0261 1255 345 1287 622
pole 0.0101 1269 502 1286 576
pole 0.0048 1261 376 1303 645
pole 0.0046 1269 529 1284 570
pole 0.0031 1270 450 1291 580
pole 0.0029 1273 402 1309 605
pole 0.0020 1268 534 1285 594
pole 0.0019 1233 399 1279 622
pole 0.0016 1261 435 1284 578
pole 0.0012 1255 432 1281 483
pole 0.0011 1250 287 1321 664
