rail 0.9377 771 551 1109 1074
rail 0.9073 2 537 1100 1072
track-sign-front 0.0077 542 536 562 567
track-sign-front 0.0010 803 504 821 598
track-signal-front 0.7680 1007 355 1042 427
track-signal-front 0.0113 1000 321 1053 485
track-signal-front 0.0053 805 509 821 536
track-signal-front 0.0047 1032 414 1064 483
track-signal-front 0.0033 1017 426 1056 455
track-signal-front 0.0033 1016 354 1058 533
track-signal-front 0.0017 1007 404 1045 448
track-signal-front 0.0015 1012 294 1049 429
track-signal-front 0.0011 1028 353 1066 427
track-signal-back 0.0240 791 421 813 469
track-signal-back 0.0064 787 413 821 476
track-signal-back 0.0048 801 485 821 540
track-signal-back 0.0015 812 414 849 469
track-signal-back 0.0011 795 453 818 505
pole 0.3009 1038 289 1076 652
pole 0.0502 1043 462 1080 667
pole 0.0353 1081 420 1112 628
pole 0.0265 1096 439 1124 561
pole 0.0235 1126 447 1141 551
pole 0.0146 982 434 1002 577
pole 0.0129 1092 447 1110 565
pole 0.0124 1104 408 1135 559
pole 0.0112 1055 434 1110 662
pole 0.0091 1029 419 1074 747
pole 0.0087 1092 442 1125 650
pole 0.0078 1124 459 1149 578
pole 0.0067 1042 458 1070 604
pole 0.0058 1070 299 1102 625
pole 0.0047 989 411 1027 641
pole 0.0035 1041 508 1074 636
pole 0.0030 987 475 1009 612
pole 0.0029 1029 346 1069 559
pole 0.0026 988 505 1007 579
pole 0.0026 1140 452 1169 552
pole 0.0022 800 445 818 659
pole 0.0022 937 476 951 580
pole 0.0020 1118 462 1158 639
pole 0.0019 1073 444 1141 666
pole 0.0019 1039 419 1065 554
pole 0.0018 803 485 822 559
pole 0.0017 1064 283 1128 664
pole 0.0016 1114 443 1153 557
pole 0.0013 977 373 1014 601
pole 0.0012 1123 403 1143 529
pole 0.0010 1099 353 1143 578
pole 0.0010 1011 415 1051 477
