rail 0.9525 299 645 732 1079
rail 0.9351 527 636 1173 1078
rail 0.0020 736 704 939 1020
rail 0.0018 338 614 546 983
track-sign-front 0.7307 419 722 460 775
track-sign-front 0.7305 1146 718 1184 769
track-sign-front 0.3909 1152 699 1200 773
track-sign-front 0.3283 1175 644 1220 712
track-sign-front 0.0943 406 639 452 706
track-sign-front 0.0065 418 727 459 816
track-sign-front 0.0060 1141 644 1213 808
track-sign-front 0.0049 423 591 454 653
track-sign-front 0.0049 413 675 467 791
track-sign-front 0.0046 1159 601 1189 639
track-sign-front 0.0034 425 546 452 592
track-sign-front 0.0033 426 527 453 676
track-sign-front 0.0028 393 644 433 702
track-sign-front 0.0020 400 713 480 834
track-sign-front 0.0020 409 715 454 756
track-sign-front 0.0016 386 660 491 855
track-sign-front 0.0016 410 596 448 662
track-sign-front 0.0015 409 708 523 779
track-sign-front 0.0013 413 550 448 707
track-sign-front 0.0012 432 600 479 652
track-sign-front 0.0012 1173 711 1218 773
track-sign-front 0.0012 1157 582 1194 633
track-signal-front 0.6564 414 461 469 529
track-signal-front 0.6379 1138 467 1204 544
track-signal-front 0.1276 408 642 449 708
track-signal-front 0.0983 1143 498 1180 586
track-signal-front 0.0375 402 486 442 540
track-signal-front 0.0285 407 477 464 552
track-signal-front 0.0266 1148 537 1176 589
track-signal-front 0.0116 403 501 426 538
track-signal-front 0.0098 402 470 428 536
track-signal-front 0.0076 422 524 455 575
track-signal-front 0.0068 1134 485 1196 607
track-signal-front 0.0048 1117 456 1217 569
track-signal-front 0.0038 1154 580 1181 628
track-signal-front 0.0035 426 462 497 526
track-signal-front 0.0032 1150 550 1189 596
track-signal-front 0.0026 408 515 448 578
track-signal-front 0.0023 410 435 465 663
track-signal-front 0.0022 427 487 474 555
track-signal-front 0.0021 1155 470 1229 534
track-signal-front 0.0021 1159 597 1183 638
track-signal-front 0.0017 428 406 464 464
track-signal-front 0.0016 425 526 451 611
track-signal-front 0.0016 405 622 457 731
track-signal-front 0.0014 424 393 470 513
track-signal-front 0.0013 389 444 490 556
track-signal-front 0.0012 418 642 482 705
track-signal-front 0.0010 415 546 446 599
track-signal-front 0.0010 392 451 428 525
track-signal-back 0.0347 405 642 447 710
pole 0.0089 529 473 552 686
pole 0.0069 550 467 573 689
pole 0.0047 541 561 575 677
pole 0.0044 524 445 570 701
pole 0.0035 518 558 564 678
pole 0.0027 512 517 538 680
pole 0.0025 415 486 458 736
pole 0.0014 559 462 581 693
pole 0.0011 497 450 545 689
pole 0.0010 559 545 583 654
rail-occluder 0.0034 534 638 576 692
rail-occluder 0.0033 450 627 574 706
rail-occluder 0.0032 510 600 574 699
rail-occluder 0.0021 475 616 560 686
rail-occluder 0.0015 498 566 543 679
rail-occluder 0.0013 492 640 583 727
rail-occluder 0.0012 478 540 557 696
rail-occluder 0.0011 447 623 536 674
rail-occluder 0.0010 501 533 587 702
