crossing 0.0106 124 684 189 711
crossing 0.0072 101 675 168 709
crossing 0.0018 83 666 134 709
crossing 0.0014 118 663 188 708
guard-rail 0.1690 619 862 1127 1076
guard-rail 0.0295 440 728 1414 1070
guard-rail 0.0108 623 901 786 985
guard-rail 0.0081 578 863 823 1017
guard-rail 0.0069 653 874 941 1050
guard-rail 0.0066 525 786 849 1039
guard-rail 0.0049 601 873 767 950
guard-rail 0.0036 617 857 744 911
guard-rail 0.0035 626 777 1134 918
guard-rail 0.0025 522 849 650 891
guard-rail 0.0025 637 789 1215 1001
guard-rail 0.0018 585 804 651 856
guard-rail 0.0018 563 855 715 918
guard-rail 0.0017 706 792 973 904
guard-rail 0.0016 550 825 759 986
guard-rail 0.0014 527 813 679 897
guard-rail 0.0013 580 792 658 840
guard-rail 0.0013 698 815 981 1020
guard-rail 0.0011 539 861 631 901
guard-rail 0.0011 605 841 673 884
guard-rail 0.0010 658 920 757 980
guard-rail 0.0010 631 878 733 940
train-car 0.0319 364 642 475 733
train-car 0.0093 300 672 417 733
train-car 0.0055 335 664 405 726
train-car 0.0053 329 665 381 746
train-car 0.0040 371 684 473 733
train-car 0.0015 257 644 461 764
train-car 0.0012 379 622 463 707
rail 0.9309 82 659 562 1079
rail 0.6897 159 698 1198 1080
rail 0.5989 297 714 1916 1078
rail 0.0885 841 831 1917 1074
rail 0.0401 577 832 1145 1078
rail 0.0221 171 685 887 888
rail 0.0138 391 726 713 836
rail 0.0120 344 722 1279 939
rail 0.0095 267 703 742 817
rail 0.0080 533 765 743 858
rail 0.0077 129 701 614 939
rail 0.0060 362 789 474 851
rail 0.0048 455 745 822 876
rail 0.0047 1280 919 1922 1078
rail 0.0046 551 770 1034 907
rail 0.0043 462 725 640 814
rail 0.0041 576 776 878 869
rail 0.0041 454 779 846 1026
rail 0.0037 373 737 514 783
rail 0.0037 592 768 765 925
rail 0.0032 159 680 378 744
rail 0.0032 482 750 695 825
rail 0.0032 280 730 558 903
rail 0.0027 805 835 1450 1053
rail 0.0027 117 680 196 710
rail 0.0027 147 670 568 816
rail 0.0024 763 813 1394 968
rail 0.0020 727 725 1840 972
rail 0.0020 202 688 429 766
rail 0.0016 573 769 734 826
rail 0.0016 92 656 407 777
rail 0.0016 470 735 577 792
rail 0.0016 505 795 699 912
rail 0.0014 163 721 466 1036
rail 0.0014 316 741 781 978
rail 0.0014 314 718 477 783
rail 0.0014 79 655 178 701
rail 0.0013 1084 904 1657 1074
rail 0.0013 405 745 481 776
rail 0.0012 558 742 710 795
rail 0.0011 373 692 621 782
rail 0.0011 377 712 537 805
rail 0.0011 298 707 437 764
rail 0.0011 1461 961 1881 1083
rail 0.0011 410 741 601 827
rail 0.0010 2 697 51 1019
rail 0.0010 663 774 1196 888
rail 0.0010 550 772 672 823
switch-indicator 0.3127 678 810 718 866
switch-indicator 0.2350 400 797 430 846
switch-indicator 0.0384 281 706 297 733
switch-indicator 0.0283 655 806 709 868
switch-indicator 0.0251 279 701 324 736
switch-indicator 0.0246 247 690 260 711
switch-indicator 0.0234 629 815 699 866
switch-indicator 0.0141 244 691 273 725
switch-indicator 0.0078 378 790 450 853
switch-indicator 0.0064 626 755 642 772
switch-indicator 0.0043 780 782 807 803
switch-unknown 0.0011 601 758 644 781
switch-static 0.0054 418 754 464 783
switch-static 0.0046 629 828 706 876
switch-static 0.0023 604 797 668 846
switch-static 0.0019 15 829 53 874
switch-static 0.0019 427 753 499 790
switch-static 0.0013 772 781 815 807
switch-static 0.0012 345 822 407 858
track-sign-front 0.7436 798 675 821 711
track-sign-front 0.1970 1285 284 1350 377
track-sign-front 0.0335 10 123 41 205
track-sign-front 0.0131 510 723 529 761
track-sign-front 0.0108 627 754 640 770
track-sign-front 0.0078 794 593 826 752
track-sign-front 0.0077 43 681 72 731
track-sign-front 0.0076 1283 517 1339 554
track-sign-front 0.0070 55 603 76 679
track-sign-front 0.0068 246 681 261 704
track-sign-front 0.0045 1287 265 1360 347
track-sign-front 0.0035 46 662 86 733
track-sign-front 0.0034 1296 275 1377 396
track-sign-front 0.0030 798 682 828 724
track-sign-front 0.0028 781 772 825 801
track-sign-front 0.0027 392 248 433 288
track-sign-front 0.0027 41 623 77 739
track-sign-front 0.0015 30 693 69 732
track-sign-front 0.0011 783 673 830 719
track-sign-front 0.0011 0 695 22 740
track-sign-front 0.0010 5 115 58 230
track-sign-front 0.0010 807 672 864 721
track-sign-front 0.0010 27 633 69 711
track-signal-front 0.7411 701 309 759 407
track-signal-front 0.7101 403 278 458 389
track-signal-front 0.6106 992 335 1054 428
track-signal-front 0.3646 1285 283 1349 427
track-signal-front 0.3374 401 420 449 473
track-signal-front 0.3173 55 591 73 621
track-signal-front 0.2997 1001 455 1043 501
track-signal-front 0.2314 1282 360 1341 437
track-signal-front 0.1788 115 612 126 640
track-signal-front 0.1220 1239 285 1292 392
track-signal-front 0.0992 1244 283 1333 394
track-signal-front 0.0656 988 362 1048 484
track-signal-front 0.0635 344 598 364 630
track-signal-front 0.0500 1289 278 1353 360
track-signal-front 0.0324 399 431 452 505
track-signal-front 0.0234 53 586 72 609
track-signal-front 0.0219 413 254 457 357
track-signal-front 0.0192 991 419 1049 536
track-signal-front 0.0176 1005 294 1055 334
track-signal-front 0.0148 695 331 760 477
track-signal-front 0.0139 397 308 456 448
track-signal-front 0.0108 107 606 126 630
track-signal-front 0.0078 38 589 69 619
track-signal-front 0.0077 692 393 751 507
track-signal-front 0.0076 995 299 1056 365
track-signal-front 0.0067 999 496 1046 534
track-signal-front 0.0062 1293 272 1379 399
track-signal-front 0.0059 399 377 458 509
track-signal-front 0.0057 698 402 750 464
track-signal-front 0.0048 399 370 448 450
track-signal-front 0.0042 341 582 369 634
track-signal-front 0.0038 53 596 79 636
track-signal-front 0.0031 1235 273 1292 479
track-signal-front 0.0029 1272 394 1319 472
track-signal-front 0.0025 703 386 754 438
track-signal-front 0.0024 1010 336 1067 477
track-signal-front 0.0023 1290 384 1339 460
track-signal-front 0.0021 393 247 433 288
track-signal-front 0.0021 979 308 1072 432
track-signal-front 0.0019 688 278 780 413
track-signal-front 0.0018 1259 317 1329 442
track-signal-front 0.0015 386 240 487 409
track-signal-front 0.0015 1254 278 1321 358
track-signal-front 0.0015 387 227 417 288
track-signal-front 0.0015 682 274 749 371
track-signal-front 0.0014 410 246 460 296
track-signal-front 0.0013 1168 267 1336 401
track-signal-front 0.0013 410 261 526 399
track-signal-front 0.0013 1320 296 1417 411
track-signal-front 0.0013 677 246 727 317
track-signal-front 0.0012 984 413 1039 493
track-signal-front 0.0012 1234 273 1377 442
track-signal-front 0.0012 703 253 754 322
track-signal-front 0.0012 1294 296 1396 455
track-signal-front 0.0012 421 266 475 365
track-signal-front 0.0011 1286 350 1360 460
track-signal-front 0.0010 387 299 426 459
track-signal-front 0.0010 983 468 1039 538
track-signal-back 0.2312 401 420 449 477
track-signal-back 0.0668 343 599 363 631
track-signal-back 0.0547 688 420 754 518
track-signal-back 0.0353 113 612 127 643
track-signal-back 0.0172 690 477 760 522
track-signal-back 0.0167 111 615 126 659
track-signal-back 0.0123 44 677 74 731
track-signal-back 0.0109 400 450 453 505
track-signal-back 0.0088 1280 435 1324 465
track-signal-back 0.0030 57 607 81 677
track-signal-back 0.0018 717 448 760 518
track-signal-back 0.0015 105 604 125 633
track-signal-back 0.0012 1276 474 1329 531
fence 0.0013 872 873 1745 1100
pole 0.0463 345 355 378 763
pole 0.0385 341 562 363 747
pole 0.0312 490 321 529 781
pole 0.0303 0 4 52 839
pole 0.0206 221 479 239 726
pole 0.0150 777 396 843 816
pole 0.0123 14 283 66 846
pole 0.0103 341 521 367 690
pole 0.0096 498 448 522 762
pole 0.0073 421 275 504 768
pole 0.0072 388 368 452 602
pole 0.0069 326 344 372 776
pole 0.0063 795 283 861 785
pole 0.0059 175 517 193 736
pole 0.0058 343 416 366 748
pole 0.0053 221 467 260 733
pole 0.0052 110 613 127 665
pole 0.0052 56 597 76 691
pole 0.0050 470 205 527 753
pole 0.0048 1568 22 1670 1008
pole 0.0048 337 355 406 766
pole 0.0047 44 621 75 741
pole 0.0043 324 595 366 759
pole 0.0042 642 405 683 811
pole 0.0037 747 333 868 825
pole 0.0037 257 464 283 739
pole 0.0036 450 459 468 751
pole 0.0033 340 627 388 738
pole 0.0032 168 588 194 710
pole 0.0031 368 467 390 736
pole 0.0031 183 496 214 747
pole 0.0030 329 665 380 742
pole 0.0022 98 643 156 708
pole 0.0021 428 410 481 797
pole 0.0021 477 539 529 775
pole 0.0021 1078 384 1123 838
pole 0.0019 829 365 872 765
pole 0.0018 87 643 130 704
pole 0.0016 223 537 237 675
pole 0.0016 56 618 101 724
pole 0.0016 149 635 202 719
pole 0.0014 316 627 353 729
pole 0.0012 -2 108 100 859
pole 0.0011 209 440 246 724
pole 0.0011 799 423 847 727
pole 0.0011 331 560 382 747
pole 0.0011 215 583 240 705
pole 0.0011 735 405 815 811
pole 0.0011 312 600 410 751
pole 0.0011 235 408 289 737
pole 0.0010 21 492 92 860
pole 0.0010 715 309 812 635
pole 0.0010 474 318 562 723
rail-occluder 0.4293 679 808 718 865
rail-occluder 0.1688 512 734 529 765
rail-occluder 0.1066 400 797 430 846
rail-occluder 0.0338 304 697 339 738
rail-occluder 0.0228 182 700 205 718
rail-occluder 0.0172 279 701 327 738
rail-occluder 0.0161 245 690 261 716
rail-occluder 0.0123 511 742 533 779
rail-occluder 0.0120 308 692 357 745
rail-occluder 0.0109 155 689 204 717
rail-occluder 0.0108 282 701 311 732
rail-occluder 0.0094 642 805 717 867
rail-occluder 0.0078 460 753 510 793
rail-occluder 0.0072 173 693 202 721
rail-occluder 0.0070 223 689 259 717
rail-occluder 0.0063 780 780 815 802
rail-occluder 0.0058 608 805 675 856
rail-occluder 0.0052 406 752 451 780
rail-occluder 0.0042 483 731 530 770
rail-occluder 0.0042 431 755 495 790
rail-occluder 0.0039 281 711 306 737
rail-occluder 0.0039 335 711 364 746
rail-occluder 0.0036 340 686 383 741
rail-occluder 0.0036 481 720 546 797
rail-occluder 0.0032 390 799 460 863
rail-occluder 0.0032 425 763 466 790
rail-occluder 0.0032 465 767 504 794
rail-occluder 0.0028 655 779 743 916
rail-occluder 0.0027 417 752 467 785
rail-occluder 0.0026 666 791 780 856
rail-occluder 0.0023 277 689 374 737
rail-occluder 0.0020 616 768 780 894
rail-occluder 0.0018 116 679 197 713
rail-occluder 0.0017 788 778 828 804
rail-occluder 0.0016 505 721 534 763
rail-occluder 0.0015 453 728 560 771
rail-occluder 0.0015 388 741 452 773
rail-occluder 0.0014 472 696 541 774
rail-occluder 0.0013 381 745 425 781
rail-occluder 0.0013 626 751 643 773
rail-occluder 0.0012 340 716 393 755
rail-occluder 0.0012 680 791 729 829
rail-occluder 0.0012 623 757 666 780
rail-occluder 0.0011 954 844 985 876
rail-occluder 0.0010 776 783 830 827
