crossing 0.0011 1591 605 1882 687
guard-rail 0.0400 761 725 820 850
guard-rail 0.0305 825 493 860 530
guard-rail 0.0257 1062 536 1768 1070
guard-rail 0.0160 729 725 883 855
guard-rail 0.0099 813 494 864 550
guard-rail 0.0060 1185 640 1570 1068
guard-rail 0.0055 806 476 866 621
guard-rail 0.0054 820 506 850 580
guard-rail 0.0049 846 487 901 517
guard-rail 0.0045 868 488 927 520
guard-rail 0.0034 785 487 836 524
guard-rail 0.0023 751 465 870 551
guard-rail 0.0021 829 502 861 587
guard-rail 0.0020 790 494 837 543
guard-rail 0.0018 778 479 843 538
guard-rail 0.0016 837 496 893 540
train-car 0.0408 651 363 816 422
train-car 0.0129 680 371 775 421
train-car 0.0101 630 378 728 438
train-car 0.0099 829 424 872 453
train-car 0.0098 632 388 688 443
train-car 0.0067 858 394 893 416
train-car 0.0056 597 340 766 435
train-car 0.0050 825 403 883 444
train-car 0.0034 667 360 878 444
train-car 0.0034 689 382 874 425
train-car 0.0021 651 398 764 454
train-car 0.0021 795 394 873 443
train-car 0.0010 608 360 730 465
rail 0.8608 839 437 1872 1072
rail 0.8583 599 425 975 1076
rail 0.7491 1105 477 1915 793
rail 0.2344 716 544 1006 1026
rail 0.2323 1180 487 1926 656
rail 0.1487 713 432 977 786
rail 0.0506 717 714 977 921
rail 0.0292 1446 504 1929 634
rail 0.0277 1392 532 1926 728
rail 0.0141 1144 597 1778 1072
rail 0.0125 1402 488 1920 576
rail 0.0125 804 464 963 732
rail 0.0119 1646 580 1920 723
rail 0.0081 1567 560 1918 668
rail 0.0081 726 449 944 651
rail 0.0060 1773 598 1919 705
rail 0.0046 815 419 872 451
rail 0.0037 863 431 1039 1078
rail 0.0031 892 441 1725 629
rail 0.0031 1767 634 1922 751
rail 0.0026 1312 472 1503 554
rail 0.0026 829 543 975 702
rail 0.0026 784 461 879 683
rail 0.0025 1727 584 1908 662
rail 0.0023 1749 566 1923 777
rail 0.0021 1675 638 1921 841
rail 0.0021 1244 455 1574 596
rail 0.0020 1673 518 1923 624
rail 0.0019 791 421 894 501
rail 0.0019 806 427 871 465
rail 0.0018 739 411 871 452
rail 0.0016 639 433 896 880
rail 0.0016 670 399 838 450
rail 0.0013 1111 480 1643 719
rail 0.0013 711 429 1205 987
rail 0.0012 1126 469 1524 556
rail 0.0012 1438 579 1921 911
rail 0.0012 570 531 678 630
rail 0.0011 602 373 826 539
rail 0.0011 1015 461 1336 542
rail 0.0010 699 413 885 533
rail 0.0010 698 425 755 475
switch-indicator 0.1486 716 449 737 478
switch-indicator 0.0576 1390 485 1419 532
switch-indicator 0.0138 612 546 676 641
switch-indicator 0.0119 1367 469 1385 508
switch-indicator 0.0111 620 547 656 628
switch-indicator 0.0077 1379 471 1424 527
switch-indicator 0.0019 582 522 701 638
switch-indicator 0.0010 300 748 434 910
switch-left 0.2179 730 710 983 889
switch-left 0.0572 777 633 992 780
switch-left 0.0147 805 598 981 695
switch-left 0.0109 806 564 994 847
switch-left 0.0042 686 803 979 906
switch-left 0.0027 754 721 905 841
switch-right 0.2497 732 713 984 893
switch-right 0.0155 813 574 975 689
switch-right 0.0110 800 646 983 748
switch-right 0.0017 841 486 904 520
switch-unknown 0.0191 836 428 869 454
switch-unknown 0.0057 844 435 871 459
switch-unknown 0.0046 812 429 866 460
switch-unknown 0.0046 831 465 865 502
switch-unknown 0.0029 810 466 860 503
switch-unknown 0.0018 841 466 899 502
switch-unknown 0.0015 794 459 873 514
switch-unknown 0.0012 871 473 921 507
switch-static 0.0497 285 743 433 888
switch-static 0.0064 631 617 740 667
switch-static 0.0044 329 742 430 845
switch-static 0.0016 602 575 742 667
switch-static 0.0016 264 770 383 901
switch-static 0.0014 632 634 741 688
switch-static 0.0013 557 533 719 654
switch-static 0.0012 141 758 414 961
track-sign-front 0.0053 1081 415 1105 434
track-sign-front 0.0023 256 622 277 658
track-sign-front 0.0020 1369 459 1387 491
track-sign-front 0.0017 780 379 818 425
track-sign-front 0.0010 1088 405 1136 458
track-signal-front 0.0058 866 391 892 414
pole 0.0212 671 300 683 436
pole 0.0089 666 324 696 447
pole 0.0044 661 290 685 444
pole 0.0034 640 325 692 452
rail-occluder 0.2063 1115 472 1134 508
rail-occluder 0.0584 1392 491 1416 532
rail-occluder 0.0208 712 447 741 479
rail-occluder 0.0202 1377 469 1411 527
rail-occluder 0.0171 832 426 870 453
rail-occluder 0.0167 1834 501 1920 616
rail-occluder 0.0133 1390 477 1427 533
rail-occluder 0.0109 1111 463 1141 511
rail-occluder 0.0096 1833 545 1921 668
rail-occluder 0.0074 1819 595 1907 651
rail-occluder 0.0065 568 546 667 642
rail-occluder 0.0062 1827 594 1853 648
rail-occluder 0.0044 1374 494 1414 539
rail-occluder 0.0040 1776 509 1788 548
rail-occluder 0.0031 702 433 742 486
rail-occluder 0.0025 1313 472 1468 539
rail-occluder 0.0023 714 427 739 473
rail-occluder 0.0020 633 391 678 452
rail-occluder 0.0018 1766 508 1789 545
rail-occluder 0.0017 1080 451 1144 507
rail-occluder 0.0017 1835 604 1921 676
rail-occluder 0.0017 1233 505 1287 531
rail-occluder 0.0017 1115 424 1146 516
rail-occluder 0.0016 1790 479 1926 717
rail-occluder 0.0016 843 433 873 463
rail-occluder 0.0015 1339 470 1387 528
rail-occluder 0.0013 1420 462 1455 531
rail-occluder 0.0013 1789 580 1885 646
rail-occluder 0.0013 1211 505 1265 534
rail-occluder 0.0012 1358 467 1419 535
rail-occluder 0.0011 1887 595 1919 658
rail-occluder 0.0011 647 388 713 454
rail-occluder 0.0011 1073 465 1180 517
rail-occluder 0.0011 1774 515 1794 567
rail-occluder 0.0010 1875 492 1921 652
rail-occluder 0.0010 777 409 836 452
