crossing 0.0712 976 625 1026 644
crossing 0.0025 956 618 999 643
guard-rail 0.7391 995 621 1268 1078
guard-rail 0.6011 981 621 1048 1083
guard-rail 0.1444 978 614 1517 1078
guard-rail 0.0889 988 610 1117 1083
guard-rail 0.0459 979 689 1021 1039
guard-rail 0.0355 981 625 1030 644
guard-rail 0.0125 995 685 1068 1036
guard-rail 0.0120 970 690 991 1038
guard-rail 0.0117 946 621 992 1077
guard-rail 0.0052 1041 690 1195 1031
guard-rail 0.0048 1126 698 1409 1056
guard-rail 0.0032 1016 623 1047 646
guard-rail 0.0018 965 622 999 646
guard-rail 0.0014 979 613 1015 929
guard-rail 0.0010 992 636 1038 691
rail 0.8773 971 564 1298 1075
rail 0.0019 1079 584 1530 1059
track-sign-front 0.0741 1018 551 1030 566
track-sign-front 0.0188 936 552 949 568
track-sign-front 0.0117 1016 535 1028 560
track-sign-front 0.0104 928 551 946 569
track-sign-front 0.0059 932 552 955 576
track-sign-front 0.0048 1016 551 1050 577
track-sign-front 0.0040 1285 482 1314 523
track-sign-front 0.0028 917 554 948 577
track-sign-front 0.0026 1016 546 1032 575
track-sign-front 0.0026 1048 550 1068 572
pole 0.0044 1848 28 1922 1100
pole 0.0012 1015 527 1030 566
