crossing 0.6868 1025 550 1125 589
crossing 0.0027 972 519 1176 652
crossing 0.0020 1023 519 1124 595
crossing 0.0010 1035 552 1155 628
rail 0.9206 848 427 1262 1076
switch-indicator 0.0198 904 505 928 541
switch-indicator 0.0037 894 503 932 576
switch-indicator 0.0014 911 502 941 550
switch-static 0.0016 892 504 927 535
track-sign-front 0.7264 1231 446 1266 482
track-sign-front 0.3460 1735 422 1814 484
track-sign-front 0.1063 1741 435 1793 494
track-sign-front 0.0673 906 511 926 533
track-sign-front 0.0209 399 327 445 384
track-sign-front 0.0157 1729 409 1806 448
track-sign-front 0.0089 1766 423 1820 473
track-sign-front 0.0066 421 329 447 365
track-sign-front 0.0050 896 505 925 532
track-sign-front 0.0039 1048 378 1063 402
track-sign-front 0.0039 1732 412 1866 519
track-sign-front 0.0026 1739 429 1784 554
track-sign-front 0.0022 1692 413 1816 519
track-sign-front 0.0021 1051 381 1066 407
track-sign-front 0.0021 1228 445 1262 514
track-sign-front 0.0013 1229 434 1261 471
track-sign-front 0.0010 416 336 445 406
pole 0.0052 428 350 451 554
rail-occluder 0.0039 890 496 919 583
rail-occluder 0.0027 852 411 874 450
