crossing 0.0014 1728 694 1889 755
train-car 0.9035 744 439 1055 660
train-car 0.9000 1037 351 1629 698
train-car 0.0019 1215 422 1426 650
train-car 0.0018 1292 387 1622 694
platform 0.0058 4 644 429 786
rail 0.8363 916 687 1577 1077
rail 0.6421 17 650 1625 1089
rail 0.6066 1679 675 1919 1077
rail 0.5188 13 647 1065 843
rail 0.0408 1765 676 1918 970
rail 0.0328 427 654 1173 793
rail 0.0212 1818 695 1919 1083
rail 0.0173 1838 691 1920 926
rail 0.0147 673 662 1095 783
rail 0.0139 365 645 1398 932
rail 0.0124 1785 692 1918 853
rail 0.0113 0 696 720 844
rail 0.0093 938 643 1060 692
rail 0.0063 6 663 431 805
rail 0.0054 1877 722 1921 902
rail 0.0039 923 659 1073 707
rail 0.0034 1837 732 1915 815
rail 0.0034 263 653 849 803
rail 0.0032 437 616 957 735
rail 0.0031 1723 687 1904 792
rail 0.0022 704 698 1362 1001
rail 0.0021 1798 707 1916 796
rail 0.0019 627 676 980 765
rail 0.0019 6 742 430 866
rail 0.0019 324 551 692 742
rail 0.0018 1857 763 1919 858
rail 0.0018 982 658 1364 854
rail 0.0017 644 623 1029 710
rail 0.0017 30 851 1057 1082
rail 0.0016 1874 764 1921 823
rail 0.0015 570 575 688 685
rail 0.0014 1628 630 1904 915
rail 0.0011 1582 691 1850 1084
rail 0.0011 1851 637 1921 811
rail 0.0011 826 668 1112 761
rail 0.0011 1117 765 1340 1020
rail 0.0010 0 785 304 901
rail 0.0010 844 636 1066 695
rail 0.0010 98 666 711 779
rail 0.0010 903 622 1053 683
rail 0.0010 1774 564 1925 861
rail 0.0010 483 554 741 736
switch-right 0.0035 1847 759 1918 820
track-sign-front 0.1610 1090 391 1113 425
track-sign-front 0.0508 709 521 731 544
track-sign-front 0.0167 706 519 732 571
track-sign-front 0.0078 1040 383 1061 424
track-sign-front 0.0064 79 309 104 384
track-sign-front 0.0032 1082 379 1113 439
track-sign-front 0.0025 1273 251 1305 277
track-sign-front 0.0012 1031 378 1065 417
track-sign-front 0.0010 1043 369 1071 421
track-sign-front 0.0010 1041 393 1061 456
track-signal-front 0.0138 1691 474 1711 496
track-signal-front 0.0013 1695 471 1715 508
car 0.0015 408 549 600 689
person 0.5173 1734 504 1794 667
person 0.3643 597 550 636 671
person 0.1467 287 564 324 688
person 0.0255 1892 568 1922 680
person 0.0152 1681 513 1770 669
person 0.0136 1859 559 1918 684
person 0.0098 575 552 613 678
person 0.0084 1819 564 1908 682
person 0.0072 706 523 733 610
person 0.0064 277 570 312 677
person 0.0056 1700 502 1873 747
person 0.0053 1778 510 1841 691
person 0.0049 1811 552 1865 688
person 0.0040 1744 525 1891 689
person 0.0036 565 562 592 679
person 0.0032 1702 491 1810 658
person 0.0028 1670 522 1723 665
person 0.0027 1791 605 1919 811
person 0.0016 1738 499 1789 598
person 0.0012 288 550 318 639
person 0.0012 1884 509 1926 661
person 0.0012 529 531 595 694
person 0.0011 702 558 727 616
person 0.0010 703 558 747 621
