crossing 0.0086 1114 658 1148 685
crossing 0.0021 1109 649 1153 673
crossing 0.0015 1092 639 1141 671
crossing 0.0012 963 600 1012 626
guard-rail 0.5488 811 802 846 924
guard-rail 0.4513 475 829 643 925
guard-rail 0.3152 463 846 590 936
guard-rail 0.2579 413 809 715 951
guard-rail 0.1904 1110 702 1131 727
guard-rail 0.1809 798 813 837 939
guard-rail 0.1402 523 805 679 908
guard-rail 0.0537 452 722 778 951
guard-rail 0.0511 1017 691 1031 722
guard-rail 0.0307 554 802 688 874
guard-rail 0.0272 358 762 702 1049
guard-rail 0.0228 1112 676 1138 721
guard-rail 0.0191 588 708 991 1006
guard-rail 0.0190 480 778 720 913
guard-rail 0.0164 770 803 844 959
guard-rail 0.0145 785 687 819 712
guard-rail 0.0132 1017 687 1045 719
guard-rail 0.0122 884 667 926 704
guard-rail 0.0101 457 871 549 937
guard-rail 0.0080 781 767 871 917
guard-rail 0.0073 1098 695 1124 727
guard-rail 0.0047 368 830 653 994
guard-rail 0.0044 808 843 834 948
guard-rail 0.0044 796 682 864 722
guard-rail 0.0035 699 716 937 966
guard-rail 0.0034 415 865 603 962
guard-rail 0.0024 1094 688 1128 737
guard-rail 0.0019 585 783 711 863
guard-rail 0.0018 822 768 861 898
guard-rail 0.0017 998 663 1017 716
guard-rail 0.0017 860 679 916 728
guard-rail 0.0016 818 779 844 894
guard-rail 0.0015 812 759 881 953
guard-rail 0.0015 1055 629 1082 694
guard-rail 0.0014 768 822 814 943
guard-rail 0.0010 1073 671 1120 724
rail 0.8907 986 603 1236 1076
rail 0.8756 242 598 972 1086
rail 0.2714 539 662 961 1071
rail 0.0139 390 676 884 988
rail 0.0034 987 604 1191 842
rail 0.0022 1019 614 1121 672
rail 0.0017 1888 899 1920 1079
rail 0.0016 953 596 989 632
rail 0.0016 1066 627 1330 1060
rail 0.0015 702 608 962 873
rail 0.0015 972 595 1115 711
rail 0.0012 805 638 941 727
rail 0.0012 753 645 924 804
rail 0.0011 619 712 935 930
rail 0.0010 957 598 1020 631
rail 0.0010 741 589 1004 1014
switch-indicator 0.1058 791 654 810 705
switch-indicator 0.0925 791 644 808 683
switch-indicator 0.0860 788 678 814 707
switch-indicator 0.0071 808 650 837 684
switch-indicator 0.0027 786 644 827 704
switch-indicator 0.0025 1061 628 1080 659
switch-left 0.1427 995 906 1238 1074
switch-left 0.1172 826 674 905 720
switch-left 0.0057 887 650 947 676
switch-left 0.0045 883 666 927 704
switch-left 0.0045 861 669 932 716
switch-left 0.0026 982 1011 1249 1083
switch-left 0.0023 998 867 1202 1007
switch-left 0.0019 872 647 945 700
switch-left 0.0017 1013 977 1185 1075
switch-left 0.0014 744 654 921 797
switch-left 0.0010 857 680 917 726
switch-left 0.0010 834 686 922 744
switch-right 0.1724 829 671 905 712
switch-right 0.1026 872 660 925 690
switch-right 0.0961 998 889 1242 1067
switch-right 0.0843 841 665 909 699
switch-right 0.0558 883 656 928 681
switch-right 0.0094 889 651 946 675
switch-right 0.0028 795 684 865 720
switch-right 0.0010 1013 808 1178 970
switch-unknown 0.0041 957 601 986 624
switch-unknown 0.0033 950 582 994 628
switch-unknown 0.0011 961 576 1013 626
switch-static 0.1049 822 667 892 701
switch-static 0.0727 802 660 853 704
switch-static 0.0348 785 677 820 709
switch-static 0.0177 1230 914 1393 987
switch-static 0.0147 809 651 837 681
switch-static 0.0129 811 674 895 719
switch-static 0.0060 1220 911 1353 965
switch-static 0.0031 727 683 775 709
switch-static 0.0030 854 652 906 680
switch-static 0.0026 910 653 951 680
switch-static 0.0025 820 644 866 681
switch-static 0.0019 1262 924 1355 981
switch-static 0.0017 765 690 815 724
track-sign-front 0.0300 1065 632 1078 649
track-sign-front 0.0169 909 586 926 606
track-sign-front 0.0040 1881 997 1920 1080
track-sign-front 0.0030 249 560 269 656
track-sign-front 0.0026 1031 550 1056 618
track-sign-front 0.0022 1115 586 1131 617
track-sign-front 0.0018 283 693 306 753
track-sign-front 0.0017 249 568 286 664
track-sign-front 0.0016 899 569 918 600
track-sign-front 0.0012 1868 936 1920 1080
track-sign-front 0.0010 1078 535 1102 612
track-signal-front 0.0069 528 252 569 321
track-signal-front 0.0011 525 228 579 309
track-signal-front 0.0010 508 233 565 325
track-signal-back 0.0012 1027 512 1048 594
track-signal-back 0.0010 1029 523 1043 553
rail-occluder 0.0013 1058 627 1084 654
