crossing 0.0086 838 842 1026 920
crossing 0.0046 787 772 924 817
crossing 0.0032 827 833 992 888
crossing 0.0022 832 860 1078 950
crossing 0.0011 937 980 1212 1075
guard-rail 0.0030 942 1025 1006 1074
guard-rail 0.0024 1146 1031 1205 1074
guard-rail 0.0014 933 1024 980 1076
train-car 0.6187 339 446 857 712
train-car 0.1729 578 484 845 712
train-car 0.0387 301 292 839 837
train-car 0.0013 294 49 641 950
train-car 0.0013 361 498 626 906
train-car 0.0011 491 467 716 677
rail 0.9284 737 710 1211 1077
rail 0.0914 0 837 216 1073
rail 0.0148 -30 716 928 1063
rail 0.0147 745 716 1837 1072
rail 0.0101 0 739 223 1008
rail 0.0075 -4 750 453 1074
rail 0.0072 298 80 885 877
rail 0.0046 1 779 167 937
rail 0.0045 -2 854 68 1069
rail 0.0037 907 989 1200 1083
rail 0.0030 0 747 144 883
rail 0.0028 30 626 823 961
rail 0.0028 661 762 1027 1077
rail 0.0020 0 729 76 887
rail 0.0019 799 763 1102 1035
rail 0.0015 987 1012 1225 1077
rail 0.0014 -3 696 138 843
rail 0.0014 290 759 1139 1081
rail 0.0014 191 606 1229 997
rail 0.0013 485 742 1006 990
rail 0.0012 -1 586 290 800
rail 0.0012 3 537 446 851
rail 0.0011 -6 593 142 783
rail 0.0011 -12 616 309 1039
rail 0.0010 740 737 960 1002
rail 0.0010 345 687 1073 936
rail 0.0010 266 558 652 835
switch-left 0.0040 929 1007 1223 1077
switch-left 0.0016 809 798 951 856
switch-left 0.0016 804 814 973 902
switch-left 0.0010 902 977 1165 1070
switch-right 0.0041 810 783 929 835
switch-right 0.0028 797 805 995 909
switch-right 0.0025 819 809 979 867
switch-right 0.0013 903 980 1185 1046
track-sign-front 0.1224 1061 578 1084 627
track-sign-front 0.0737 1591 305 1625 334
track-sign-front 0.0144 1589 661 1610 738
track-sign-front 0.0075 1251 723 1263 817
track-sign-front 0.0063 1593 608 1611 674
track-sign-front 0.0043 1451 638 1468 718
track-sign-front 0.0042 7 838 109 884
track-sign-front 0.0040 1582 611 1617 740
track-sign-front 0.0039 4 827 213 888
track-sign-front 0.0020 1242 730 1259 808
track-sign-front 0.0015 1587 690 1615 736
track-sign-front 0.0014 1568 615 1639 729
track-sign-front 0.0014 1580 608 1629 679
track-sign-front 0.0012 1741 440 1780 534
track-sign-front 0.0011 169 841 241 1033
track-sign-front 0.0011 1602 302 1647 334
track-sign-front 0.0010 1587 633 1612 845
track-sign-front 0.0010 1574 653 1611 742
track-signal-front 0.6701 1561 338 1617 539
track-signal-front 0.5709 423 227 512 430
track-signal-front 0.1514 1473 397 1533 546
track-signal-front 0.0155 1563 331 1619 428
track-signal-front 0.0088 434 232 509 316
track-signal-front 0.0067 1199 172 1229 252
track-signal-front 0.0042 413 167 560 571
track-signal-front 0.0023 471 226 520 436
track-signal-front 0.0023 423 233 483 359
track-signal-front 0.0022 1508 368 1586 548
track-signal-front 0.0021 1436 395 1476 561
track-signal-front 0.0020 363 42 625 773
track-signal-front 0.0020 1574 321 1653 541
track-signal-front 0.0020 1563 417 1613 561
track-signal-front 0.0016 1515 344 1628 559
track-signal-front 0.0016 1099 506 1136 575
track-signal-front 0.0015 1117 491 1167 571
track-signal-front 0.0013 411 193 506 359
track-signal-front 0.0013 424 232 480 297
track-signal-front 0.0013 1202 170 1234 217
track-signal-front 0.0012 1040 463 1067 510
track-signal-front 0.0010 1453 368 1575 576
track-signal-front 0.0010 422 280 481 420
track-signal-back 0.0030 1194 173 1228 256
person 0.0289 896 615 922 692
person 0.0207 978 534 1015 611
person 0.0186 1060 571 1088 633
person 0.0044 10 615 55 708
person 0.0041 1098 510 1139 582
person 0.0039 1 617 29 711
person 0.0018 1059 569 1085 706
person 0.0017 3 557 58 707
person 0.0016 21 615 77 712
person 0.0016 969 529 1021 647
person 0.0016 1103 498 1162 575
person 0.0015 985 533 1016 582
person 0.0015 1065 547 1120 651
person 0.0012 886 566 916 658
person 0.0011 -1 548 29 707
person 0.0011 870 577 895 674
pole 0.0282 388 2 711 933
pole 0.0095 497 -39 588 895
pole 0.0020 511 95 571 753
pole 0.0011 322 274 677 1045
