crossing 0.0013 1165 607 1248 642
guard-rail 0.4025 801 775 893 836
guard-rail 0.2600 1198 922 1305 1075
guard-rail 0.2383 447 954 643 1075
guard-rail 0.0730 1116 784 1147 833
guard-rail 0.0343 716 962 812 1080
guard-rail 0.0295 826 740 931 829
guard-rail 0.0284 1007 937 1025 1080
guard-rail 0.0242 508 950 657 1045
guard-rail 0.0233 548 674 1055 978
guard-rail 0.0164 791 752 903 853
guard-rail 0.0116 995 940 1018 1079
guard-rail 0.0113 760 762 884 890
guard-rail 0.0106 1106 766 1151 835
guard-rail 0.0084 1020 664 1084 711
guard-rail 0.0074 490 916 713 1052
guard-rail 0.0058 846 752 920 812
guard-rail 0.0045 1179 921 1266 1054
guard-rail 0.0044 485 971 591 1072
guard-rail 0.0039 1016 939 1034 1075
guard-rail 0.0036 715 1010 800 1075
guard-rail 0.0024 1128 785 1161 841
guard-rail 0.0024 435 1005 598 1080
guard-rail 0.0023 791 791 873 854
guard-rail 0.0021 1010 707 1065 778
guard-rail 0.0021 744 796 850 874
guard-rail 0.0020 746 824 812 876
guard-rail 0.0019 1069 702 1099 750
guard-rail 0.0017 921 672 977 706
guard-rail 0.0017 1043 679 1085 747
guard-rail 0.0016 1017 732 1054 787
guard-rail 0.0016 767 948 858 1066
guard-rail 0.0015 857 722 948 796
guard-rail 0.0014 1080 713 1103 759
guard-rail 0.0014 943 664 998 708
guard-rail 0.0010 1284 1031 1316 1076
guard-rail 0.0010 1243 958 1310 1081
train-car 0.0017 1031 525 1053 551
train-car 0.0017 956 531 1084 560
train-car 0.0013 976 522 1067 553
train-car 0.0011 1018 524 1065 553
rail 0.9192 969 554 1318 1076
rail 0.8976 428 652 1072 1075
rail 0.8115 1155 604 1863 1047
rail 0.7691 1247 608 1857 810
rail 0.5146 1194 923 1304 1075
rail 0.4507 992 916 1306 1080
rail 0.2905 718 948 841 1073
rail 0.1243 432 947 814 1078
rail 0.0543 429 958 640 1075
rail 0.0449 1007 925 1025 1084
rail 0.0248 995 929 1020 1084
rail 0.0118 416 874 888 1071
rail 0.0107 638 892 925 1076
rail 0.0070 712 873 1041 1077
rail 0.0053 1054 700 1652 1080
rail 0.0050 723 709 1098 1074
rail 0.0046 1015 925 1035 1083
rail 0.0042 320 910 489 1015
rail 0.0036 679 970 812 1077
rail 0.0020 981 920 1028 1072
rail 0.0020 1004 927 1048 1082
rail 0.0020 949 929 1058 1079
rail 0.0020 972 621 1086 719
rail 0.0018 538 929 870 1053
rail 0.0018 1023 528 1841 868
rail 0.0017 570 971 848 1078
rail 0.0015 1402 655 1662 771
rail 0.0014 935 862 1338 1150
rail 0.0014 691 911 862 1053
rail 0.0014 981 797 1290 1027
rail 0.0014 859 549 1192 927
rail 0.0013 1717 927 1906 1039
rail 0.0012 680 718 901 1007
rail 0.0012 751 963 873 1084
rail 0.0012 719 1005 826 1075
rail 0.0011 1280 966 1607 1085
rail 0.0011 745 956 1011 1079
rail 0.0011 761 921 1270 1113
rail 0.0011 1415 707 1611 989
rail 0.0010 1233 809 1430 1018
rail 0.0010 239 783 838 1165
switch-indicator 0.0156 1112 601 1130 643
switch-indicator 0.0137 1110 601 1134 670
switch-indicator 0.0030 908 610 927 653
switch-indicator 0.0020 1074 596 1101 633
switch-left 0.2837 974 662 1075 715
switch-left 0.0708 992 905 1272 1058
switch-left 0.0178 980 901 1223 999
switch-left 0.0043 959 640 1090 761
switch-left 0.0037 1013 902 1174 970
switch-left 0.0029 1017 665 1083 712
switch-left 0.0016 978 687 1069 750
switch-left 0.0011 992 911 1089 1023
switch-right 0.3231 974 661 1076 715
switch-right 0.0777 988 903 1277 1060
switch-right 0.0280 976 645 1061 686
switch-right 0.0034 1014 667 1086 710
switch-right 0.0025 696 932 855 1032
switch-right 0.0024 1023 897 1255 977
switch-unknown 0.0011 1165 617 1250 678
switch-static 0.1660 1116 665 1168 692
switch-static 0.1561 323 934 475 1020
switch-static 0.1502 1275 862 1411 956
switch-static 0.1294 1397 967 1614 1073
switch-static 0.0706 1273 848 1396 922
switch-static 0.0634 1063 662 1115 686
switch-static 0.0289 1290 892 1443 971
switch-static 0.0281 1063 629 1107 660
switch-static 0.0278 1066 617 1097 637
switch-static 0.0263 310 927 546 1045
switch-static 0.0204 1045 660 1094 689
switch-static 0.0202 1295 847 1383 895
switch-static 0.0156 1464 972 1605 1052
switch-static 0.0149 1064 606 1101 641
switch-static 0.0134 1430 1012 1610 1075
switch-static 0.0125 1091 666 1157 693
switch-static 0.0105 1110 638 1164 688
switch-static 0.0080 311 951 450 1045
switch-static 0.0074 1101 654 1173 698
switch-static 0.0033 996 644 1120 701
switch-static 0.0031 1250 913 1423 981
switch-static 0.0026 1275 876 1500 998
switch-static 0.0021 1306 922 1491 981
switch-static 0.0021 1311 916 1405 974
switch-static 0.0018 924 660 980 690
switch-static 0.0015 1355 995 1560 1074
switch-static 0.0015 1235 896 1389 966
switch-static 0.0013 340 920 484 990
switch-static 0.0013 1320 859 1411 930
switch-static 0.0010 1069 596 1106 632
switch-static 0.0010 1472 1018 1576 1072
switch-static 0.0010 1059 597 1096 624
switch-static 0.0010 1312 873 1473 956
switch-static 0.0010 385 934 471 997
switch-static 0.0010 1226 927 1625 1062
track-sign-front 0.6284 1233 507 1270 544
track-sign-front 0.3055 1086 551 1100 566
track-sign-front 0.1939 1636 354 1664 389
track-sign-front 0.1051 909 593 924 635
track-sign-front 0.0489 1073 548 1098 564
track-sign-front 0.0199 1083 532 1103 565
track-sign-front 0.0181 1086 555 1104 580
track-sign-front 0.0147 1112 602 1129 650
track-sign-front 0.0136 1236 522 1266 550
track-sign-front 0.0111 451 646 484 682
track-sign-front 0.0097 1031 528 1052 552
track-sign-front 0.0052 1080 546 1106 571
track-sign-front 0.0046 1075 598 1101 630
track-sign-front 0.0044 1636 227 1662 279
track-sign-front 0.0044 1632 333 1665 419
track-sign-front 0.0034 904 589 931 643
track-sign-front 0.0033 1239 532 1261 631
track-sign-front 0.0030 1627 173 1654 214
track-sign-front 0.0021 1083 513 1102 583
track-sign-front 0.0019 1036 481 1075 571
track-sign-front 0.0015 1056 544 1104 577
track-sign-front 0.0012 906 573 925 610
track-sign-front 0.0012 906 594 948 648
track-sign-front 0.0011 1625 180 1657 237
track-signal-front 0.0174 1637 234 1667 291
track-signal-front 0.0131 1632 234 1676 355
track-signal-front 0.0059 1034 528 1052 549
track-signal-front 0.0036 1618 232 1671 319
track-signal-front 0.0011 1630 239 1698 396
pole 0.1435 1237 492 1258 762
pole 0.1294 1629 210 1661 749
pole 0.0827 1055 363 1072 584
pole 0.0666 1839 -57 1919 1088
pole 0.0163 1235 636 1252 758
pole 0.0150 1239 541 1256 664
pole 0.0127 1057 360 1084 592
pole 0.0110 1646 223 1693 803
pole 0.0098 1218 524 1268 775
pole 0.0073 1235 480 1268 618
pole 0.0062 1626 272 1681 804
pole 0.0057 1055 419 1069 552
pole 0.0055 1633 343 1658 676
pole 0.0040 1858 122 1915 812
pole 0.0040 1239 607 1258 739
pole 0.0023 1039 425 1070 622
pole 0.0021 1059 375 1070 518
pole 0.0019 38 7 107 535
pole 0.0015 1044 326 1072 549
pole 0.0014 1753 31 1921 1116
pole 0.0012 1042 346 1095 607
pole 0.0011 1214 476 1276 627
pole 0.0010 1607 205 1733 792
rail-occluder 0.5425 1665 673 1701 774
rail-occluder 0.0345 1163 628 1188 659
rail-occluder 0.0072 1651 658 1706 803
rail-occluder 0.0044 1159 614 1210 661
rail-occluder 0.0028 1110 636 1199 696
rail-occluder 0.0020 1228 621 1258 765
rail-occluder 0.0020 1141 604 1222 669
rail-occluder 0.0016 1164 626 1216 689
rail-occluder 0.0015 1232 663 1252 756
rail-occluder 0.0015 1107 600 1136 652
rail-occluder 0.0014 1662 676 1725 789
rail-occluder 0.0013 1135 554 1193 598
rail-occluder 0.0012 1149 553 1218 601
rail-occluder 0.0010 1090 593 1159 669
rail-occluder 0.0010 1164 608 1255 690
