rail 0.9579 956 515 1302 1074
rail 0.0797 -3 649 629 864
rail 0.0312 193 659 621 796
rail 0.0225 -9 611 844 939
rail 0.0076 0 650 506 1027
rail 0.0039 269 635 817 790
rail 0.0026 77 604 645 768
rail 0.0024 243 684 506 819
rail 0.0024 5 630 328 888
rail 0.0023 168 589 1002 839
rail 0.0020 273 650 570 754
rail 0.0019 276 656 613 921
rail 0.0015 -13 485 524 868
rail 0.0014 938 514 1015 546
rail 0.0011 0 594 188 979
rail 0.0011 686 492 987 1062
pole 0.0024 7 437 273 853
pole 0.0014 955 475 984 544
pole 0.0011 13 354 433 897
rail-occluder 0.0116 -8 609 514 863
rail-occluder 0.0068 3 526 297 880
