train-car 0.0014 903 567 939 589
platform 0.9096 1026 578 1910 1072
platform 0.8371 2 584 951 996
platform 0.0147 1173 588 1856 685
platform 0.0015 318 573 965 842
platform 0.0014 70 715 641 1046
platform 0.0010 1290 588 1617 661
rail 0.9594 900 569 1155 1070
rail 0.9194 212 581 988 1076
rail 0.8121 1088 559 1901 875
rail 0.0618 1165 576 1882 734
rail 0.0162 1745 677 1922 759
rail 0.0104 1738 668 1921 826
rail 0.0095 1470 330 1875 1000
rail 0.0083 1212 578 1310 744
rail 0.0066 1705 588 1907 927
rail 0.0044 1578 540 1932 1003
rail 0.0030 1786 697 1921 785
rail 0.0029 1814 682 1920 745
rail 0.0026 1138 562 1624 682
rail 0.0025 1703 569 1862 811
rail 0.0019 1667 648 1956 761
rail 0.0017 1258 606 1663 868
rail 0.0015 1065 562 1298 662
rail 0.0014 1334 612 1859 953
rail 0.0013 1163 560 1292 689
track-sign-front 0.6925 1218 537 1267 583
track-sign-front 0.1406 1707 686 1745 747
track-sign-front 0.0079 1221 535 1322 585
track-sign-front 0.0058 1217 505 1263 593
track-sign-front 0.0028 1740 677 1792 777
track-sign-front 0.0025 1202 531 1252 586
track-sign-front 0.0011 900 567 934 591
track-signal-front 0.0093 1048 551 1062 574
track-signal-front 0.0035 1038 553 1064 579
person 0.5349 1249 578 1302 740
person 0.1097 1221 571 1280 751
person 0.0065 1223 636 1267 748
person 0.0011 1184 570 1326 758
pole 0.3993 1746 510 1804 1003
pole 0.2559 1101 518 1113 607
pole 0.2276 1578 529 1609 889
pole 0.2098 1484 261 1741 888
pole 0.0771 1215 515 1278 726
pole 0.0305 1533 270 1641 911
pole 0.0280 1565 518 1627 907
pole 0.0252 1222 537 1259 693
pole 0.0145 1757 622 1795 1049
pole 0.0143 1624 484 1880 961
pole 0.0122 1591 211 1782 919
pole 0.0109 1049 545 1065 582
pole 0.0108 1745 539 1787 854
pole 0.0108 1103 488 1116 606
pole 0.0097 1513 517 1677 953
pole 0.0079 1718 537 1757 810
pole 0.0064 1096 542 1110 623
pole 0.0058 1648 249 1753 815
pole 0.0054 1690 506 1831 849
pole 0.0042 1381 456 1771 757
pole 0.0028 1114 528 1153 605
pole 0.0025 1479 276 1601 846
pole 0.0025 1684 149 1765 901
pole 0.0024 1088 513 1117 616
pole 0.0024 1698 236 1748 811
pole 0.0021 1641 366 1819 877
pole 0.0020 1702 573 1774 778
pole 0.0018 1586 622 1617 905
pole 0.0015 1585 496 1647 807
pole 0.0015 1302 269 1716 807
pole 0.0014 1225 436 1272 653
pole 0.0012 1680 229 1731 738
pole 0.0011 1717 609 1755 744
pole 0.0011 1584 493 1606 772
pole 0.0011 1197 462 1289 641
pole 0.0010 1079 479 1119 608
rail-occluder 0.2208 1499 255 1747 920
rail-occluder 0.2172 1237 570 1303 740
rail-occluder 0.0595 1707 690 1745 753
rail-occluder 0.0176 1584 526 1791 787
rail-occluder 0.0142 1551 448 1759 859
rail-occluder 0.0129 1224 513 1269 707
rail-occluder 0.0081 1224 549 1255 679
rail-occluder 0.0070 1745 610 1788 842
rail-occluder 0.0043 1646 591 1799 847
rail-occluder 0.0035 1598 522 1729 733
rail-occluder 0.0032 1690 552 1833 813
rail-occluder 0.0029 1711 666 1747 789
rail-occluder 0.0026 1613 587 1711 753
rail-occluder 0.0024 1266 535 1335 593
rail-occluder 0.0021 1095 543 1111 623
rail-occluder 0.0017 1558 232 1880 974
rail-occluder 0.0014 1232 492 1341 748
rail-occluder 0.0011 1696 572 1749 775
rail-occluder 0.0011 906 569 940 596
rail-occluder 0.0010 1603 616 1682 772
rail-occluder 0.0010 1654 653 1706 737
