train-car 0.7050 542 410 1592 824
platform 0.0010 196 693 549 767
rail 0.5320 83 678 1974 1079
rail 0.1778 3 782 612 1003
rail 0.1455 1317 721 1789 842
rail 0.1115 0 732 66 878
rail 0.0716 11 717 596 924
rail 0.0344 36 702 581 807
rail 0.0247 0 723 60 1039
rail 0.0237 1272 716 1894 919
rail 0.0219 -19 803 1489 1079
rail 0.0210 -1 698 302 881
rail 0.0195 0 748 68 820
rail 0.0172 200 726 586 827
rail 0.0152 0 727 345 978
rail 0.0139 -3 701 95 848
rail 0.0122 -18 677 1486 958
rail 0.0086 1456 735 1721 842
rail 0.0081 0 731 127 944
rail 0.0081 1132 713 1726 876
rail 0.0079 59 632 402 842
rail 0.0075 446 397 2093 921
rail 0.0063 1459 705 1735 789
rail 0.0057 340 731 594 801
rail 0.0057 -10 695 265 784
rail 0.0055 825 712 1937 1007
rail 0.0050 1295 823 1917 969
rail 0.0047 192 879 1641 1142
rail 0.0042 -5 715 222 820
rail 0.0040 1621 765 1925 961
rail 0.0039 1327 726 1629 811
rail 0.0035 135 770 1890 1298
rail 0.0033 1463 664 1762 771
rail 0.0033 290 717 592 776
rail 0.0032 -4 863 450 1016
rail 0.0028 92 642 260 848
rail 0.0026 289 787 604 906
rail 0.0025 1356 681 1773 806
rail 0.0023 347 749 594 834
rail 0.0023 1089 816 1902 1048
rail 0.0021 1626 846 1928 1017
rail 0.0020 209 809 671 975
rail 0.0017 613 941 1207 1093
rail 0.0017 8 877 612 1075
rail 0.0016 -49 582 537 879
rail 0.0015 188 918 1055 1087
rail 0.0014 -1 627 119 759
rail 0.0014 1766 837 1922 964
rail 0.0013 1600 627 1678 719
rail 0.0013 1436 691 1708 760
rail 0.0013 0 770 41 898
rail 0.0013 -10 651 268 750
rail 0.0013 1496 699 1887 826
rail 0.0012 412 760 575 817
rail 0.0012 190 707 512 781
rail 0.0012 392 781 591 840
rail 0.0011 -4 777 141 1070
rail 0.0011 1568 713 1715 780
rail 0.0011 1706 662 1917 886
rail 0.0011 1382 874 1920 995
track-sign-front 0.0158 609 382 654 426
track-sign-front 0.0037 1872 433 1909 474
track-sign-front 0.0015 1866 440 1908 496
track-sign-front 0.0011 1878 496 1919 552
track-signal-front 0.0034 922 317 954 349
track-signal-back 0.0023 571 -8 645 67
track-signal-back 0.0010 563 1 618 77
car 0.0618 1725 637 1926 855
car 0.0010 1819 645 1923 853
person 0.7503 186 608 245 813
person 0.6792 21 623 66 723
person 0.1670 280 620 315 710
person 0.1162 1618 615 1660 705
person 0.0387 37 626 85 722
person 0.0243 4 619 51 721
person 0.0225 0 611 19 697
person 0.0115 14 605 60 696
person 0.0103 1588 610 1620 697
person 0.0099 284 609 338 709
person 0.0085 1595 611 1645 695
person 0.0080 145 612 450 764
person 0.0041 196 602 245 723
person 0.0033 198 652 268 837
person 0.0032 1625 615 1656 674
person 0.0028 32 602 76 698
person 0.0023 51 614 93 690
person 0.0020 284 603 310 684
person 0.0019 3 648 64 765
person 0.0019 224 620 273 723
person 0.0018 241 618 271 704
person 0.0016 163 596 233 774
person 0.0011 240 612 319 764
