guard-rail 0.0515 829 670 901 705
guard-rail 0.0341 736 633 780 665
guard-rail 0.0283 752 623 794 657
guard-rail 0.0256 787 619 844 655
guard-rail 0.0238 737 648 776 673
guard-rail 0.0111 719 639 764 665
guard-rail 0.0081 712 647 765 675
guard-rail 0.0076 748 647 792 678
guard-rail 0.0076 755 599 807 646
guard-rail 0.0055 838 619 885 675
guard-rail 0.0035 739 600 783 645
guard-rail 0.0019 774 637 829 684
guard-rail 0.0015 711 598 766 649
guard-rail 0.0015 825 675 856 713
guard-rail 0.0011 758 670 792 710
train-car 0.6992 8 499 772 910
train-car 0.6718 492 512 761 698
train-car 0.0459 984 554 1180 599
train-car 0.0264 -2 612 529 950
train-car 0.0164 1089 562 1178 603
train-car 0.0109 918 553 1174 582
train-car 0.0075 325 518 789 756
train-car 0.0060 1111 559 1218 604
train-car 0.0045 1154 539 1211 592
train-car 0.0038 896 550 1181 616
train-car 0.0032 1043 555 1134 598
train-car 0.0025 814 528 880 576
train-car 0.0023 1097 514 1192 604
train-car 0.0020 457 411 805 739
train-car 0.0019 430 541 700 735
train-car 0.0018 879 536 1149 584
train-car 0.0016 1106 529 1135 599
train-car 0.0016 1041 537 1198 594
train-car 0.0015 180 621 462 831
train-car 0.0011 1020 549 1117 588
rail 0.9236 20 593 836 1078
rail 0.8691 811 579 1193 1074
rail 0.8305 853 574 1929 830
rail 0.1988 805 600 994 1075
rail 0.1264 809 597 853 633
rail 0.0992 819 568 1885 692
rail 0.0649 1135 595 1917 749
rail 0.0555 841 570 1209 628
rail 0.0549 813 610 855 644
rail 0.0527 816 583 863 623
rail 0.0485 795 602 848 641
rail 0.0397 804 585 860 648
rail 0.0323 785 587 844 630
rail 0.0248 1352 638 1935 742
rail 0.0246 920 562 1236 607
rail 0.0192 824 577 874 607
rail 0.0190 809 577 904 630
rail 0.0189 823 574 1019 619
rail 0.0187 1105 579 1157 607
rail 0.0133 804 576 854 609
rail 0.0111 853 574 1151 682
rail 0.0092 870 559 1171 591
rail 0.0089 1194 630 1923 853
rail 0.0083 746 588 825 630
rail 0.0082 1052 568 1219 611
rail 0.0063 844 602 892 632
rail 0.0061 1577 668 1918 729
rail 0.0060 928 567 1418 621
rail 0.0060 851 573 899 622
rail 0.0055 720 588 792 626
rail 0.0052 788 561 879 689
rail 0.0050 1418 676 1924 821
rail 0.0046 978 577 1658 630
rail 0.0045 810 548 964 615
rail 0.0044 754 597 814 645
rail 0.0042 732 592 780 619
rail 0.0042 819 663 938 793
rail 0.0036 832 581 1095 637
rail 0.0035 778 573 839 607
rail 0.0035 1018 563 1361 603
rail 0.0035 1137 567 1603 613
rail 0.0033 734 599 785 644
rail 0.0030 819 564 940 606
rail 0.0029 843 745 1109 1084
rail 0.0024 1098 593 1175 620
rail 0.0023 1697 644 1914 707
rail 0.0023 1274 542 1650 615
rail 0.0023 903 593 1176 641
rail 0.0021 776 583 1895 1079
rail 0.0021 1376 530 1824 731
rail 0.0021 701 596 775 653
rail 0.0021 1165 586 1737 646
rail 0.0020 1734 665 1931 716
rail 0.0020 891 538 1025 608
rail 0.0019 847 523 931 629
rail 0.0019 697 579 779 632
rail 0.0018 1047 572 1152 608
rail 0.0018 772 562 841 636
rail 0.0017 1171 601 1250 625
rail 0.0016 830 584 1385 708
rail 0.0016 1780 634 1908 685
rail 0.0016 993 575 1142 614
rail 0.0014 1200 604 1262 627
rail 0.0014 770 584 979 801
rail 0.0014 1351 563 1423 602
rail 0.0013 846 542 1310 670
rail 0.0012 717 587 763 620
rail 0.0012 505 562 754 706
rail 0.0012 1040 593 1205 631
rail 0.0011 1148 609 1679 693
rail 0.0010 836 628 884 673
rail 0.0010 644 598 1053 1083
rail 0.0010 1350 90 1781 977
rail 0.0010 1710 688 1910 736
rail 0.0010 1424 509 1584 598
switch-indicator 0.2260 924 666 959 705
switch-indicator 0.1258 940 668 994 715
switch-indicator 0.0849 694 789 742 844
switch-indicator 0.0772 623 685 652 712
switch-indicator 0.0640 958 677 995 719
switch-indicator 0.0285 756 753 768 776
switch-indicator 0.0257 874 602 891 626
switch-indicator 0.0218 858 602 890 632
switch-indicator 0.0140 0 931 36 1035
switch-indicator 0.0099 964 651 996 711
switch-indicator 0.0083 861 574 896 627
switch-indicator 0.0081 709 801 758 842
switch-indicator 0.0037 1791 633 1810 663
switch-indicator 0.0024 1791 630 1832 672
switch-indicator 0.0011 703 810 756 891
switch-indicator 0.0011 864 599 905 630
switch-indicator 0.0010 948 623 993 675
switch-indicator 0.0010 1795 630 1816 657
switch-indicator 0.0010 650 701 791 939
switch-left 0.2576 825 680 907 720
switch-left 0.1036 826 687 921 742
switch-left 0.0368 831 670 899 706
switch-left 0.0182 806 598 866 656
switch-left 0.0043 827 697 946 770
switch-left 0.0036 813 653 938 796
switch-right 0.2589 826 680 906 721
switch-right 0.1485 810 608 854 643
switch-right 0.0544 815 620 861 656
switch-right 0.0420 816 660 896 703
switch-right 0.0221 829 684 933 737
switch-right 0.0050 816 639 855 677
switch-unknown 0.1078 809 597 851 633
switch-unknown 0.1010 814 611 855 641
switch-unknown 0.0509 816 585 860 623
switch-unknown 0.0185 824 574 869 606
switch-unknown 0.0131 804 569 856 609
switch-static 0.3641 923 664 959 708
switch-static 0.0728 916 669 979 718
switch-static 0.0500 957 685 995 717
switch-static 0.0280 607 686 653 712
switch-static 0.0214 891 691 954 720
switch-static 0.0133 919 688 974 715
switch-static 0.0088 1134 711 1203 739
switch-static 0.0085 837 677 926 721
switch-static 0.0042 852 664 915 699
switch-static 0.0038 -3 922 48 1029
switch-static 0.0024 797 793 819 822
switch-static 0.0020 1156 717 1210 742
switch-static 0.0017 1130 666 1195 727
switch-static 0.0013 922 633 971 689
switch-static 0.0010 1127 708 1176 736
track-sign-front 0.5827 693 794 736 832
track-sign-front 0.0271 758 751 770 778
track-sign-front 0.0035 1601 590 1635 651
track-sign-front 0.0026 748 752 768 805
track-sign-front 0.0023 1572 587 1622 654
track-sign-front 0.0019 1545 612 1598 677
track-sign-front 0.0016 1613 597 1641 644
track-sign-front 0.0013 691 769 720 801
track-sign-front 0.0012 1601 608 1630 668
track-sign-front 0.0011 1566 598 1613 694
track-signal-front 0.0160 839 460 855 482
track-signal-front 0.0051 1003 494 1017 518
track-signal-front 0.0035 1151 437 1171 535
track-signal-front 0.0021 1000 484 1016 528
track-signal-front 0.0021 1154 449 1171 492
track-signal-front 0.0018 952 438 972 524
track-signal-front 0.0010 834 459 854 495
track-signal-back 0.0017 952 438 969 500
track-signal-back 0.0012 949 434 968 538
pole 0.7130 1422 25 1640 901
pole 0.5067 949 434 972 622
pole 0.1481 884 471 895 601
pole 0.1402 1110 389 1126 606
pole 0.0786 1153 458 1168 599
pole 0.0462 1110 400 1141 607
pole 0.0438 765 458 778 584
pole 0.0307 1515 137 1678 866
pole 0.0273 1149 478 1178 608
pole 0.0200 963 457 986 628
pole 0.0173 1130 426 1167 613
pole 0.0142 938 433 985 628
pole 0.0135 1112 433 1123 581
pole 0.0095 944 517 973 619
pole 0.0095 884 425 900 615
pole 0.0094 1549 372 1664 641
pole 0.0088 1353 119 1574 895
pole 0.0074 1435 111 1531 798
pole 0.0066 914 438 941 614
pole 0.0060 823 479 872 591
pole 0.0057 1156 524 1212 604
pole 0.0050 711 367 728 593
pole 0.0050 1099 379 1123 625
pole 0.0050 903 469 1000 625
pole 0.0049 877 468 905 604
pole 0.0045 805 480 848 585
pole 0.0043 1604 404 1659 609
pole 0.0040 860 456 1072 628
pole 0.0037 876 416 896 617
pole 0.0035 793 472 823 582
pole 0.0034 1156 428 1181 592
pole 0.0033 1396 365 1806 877
pole 0.0033 934 383 968 605
pole 0.0030 901 472 951 611
pole 0.0029 813 519 853 583
pole 0.0027 1434 303 1624 782
pole 0.0025 1087 437 1133 632
pole 0.0025 1001 482 1017 571
pole 0.0025 1108 528 1133 595
pole 0.0024 1564 418 1652 823
pole 0.0023 1114 497 1174 617
pole 0.0018 832 452 862 575
pole 0.0015 911 344 926 626
pole 0.0015 1434 419 1657 678
pole 0.0013 1257 233 1669 891
pole 0.0013 996 468 1016 550
pole 0.0012 754 450 784 598
pole 0.0012 891 338 915 636
pole 0.0012 1575 592 1606 753
pole 0.0011 962 545 1001 604
pole 0.0011 1395 579 1540 821
pole 0.0010 1489 28 1781 797
pole 0.0010 1390 458 1545 675
rail-occluder 0.0762 1108 576 1161 608
rail-occluder 0.0259 881 547 894 601
rail-occluder 0.0149 1117 581 1174 614
rail-occluder 0.0148 879 574 895 617
rail-occluder 0.0138 1853 639 1888 676
rail-occluder 0.0129 1103 561 1150 605
rail-occluder 0.0102 1868 640 1891 673
rail-occluder 0.0101 1193 606 1241 625
rail-occluder 0.0096 1146 554 1215 598
rail-occluder 0.0087 948 609 973 636
rail-occluder 0.0082 1374 584 1421 622
rail-occluder 0.0074 1207 609 1253 627
rail-occluder 0.0067 872 559 893 606
rail-occluder 0.0059 1154 580 1218 622
rail-occluder 0.0056 1813 640 1855 680
rail-occluder 0.0054 1122 549 1209 610
rail-occluder 0.0046 1366 597 1403 634
rail-occluder 0.0043 1828 636 1895 682
rail-occluder 0.0041 1113 594 1162 618
rail-occluder 0.0041 1166 604 1216 624
rail-occluder 0.0035 940 573 971 636
rail-occluder 0.0033 1374 558 1422 607
rail-occluder 0.0024 1069 572 1132 610
rail-occluder 0.0019 937 606 987 636
rail-occluder 0.0017 1372 595 1428 633
rail-occluder 0.0015 1793 633 1837 671
rail-occluder 0.0015 954 605 1015 636
rail-occluder 0.0014 1881 637 1920 686
rail-occluder 0.0014 1219 611 1275 631
rail-occluder 0.0012 875 579 963 616
rail-occluder 0.0011 1380 577 1455 621
rail-occluder 0.0010 1584 649 1611 736
rail-occluder 0.0010 1387 604 1445 642
