train-car 0.6722 1167 479 1927 807
train-car 0.0034 1701 323 1895 891
train-car 0.0015 1680 492 1920 813
platform 0.0075 30 603 953 1063
rail 0.9381 677 614 1022 1076
rail 0.8552 1094 613 1914 968
rail 0.7140 -7 612 885 876
rail 0.5348 -1 605 793 740
rail 0.1192 9 603 696 682
rail 0.0298 0 659 655 823
rail 0.0231 1017 625 1618 1073
rail 0.0227 -10 635 362 693
rail 0.0184 648 616 941 686
rail 0.0172 1199 570 1916 834
rail 0.0159 431 618 958 760
rail 0.0131 501 622 902 714
rail 0.0127 1769 754 1921 863
rail 0.0107 -19 651 235 698
rail 0.0095 957 613 1031 648
rail 0.0082 222 597 858 666
rail 0.0080 425 598 968 1053
rail 0.0078 1348 676 1927 924
rail 0.0076 168 625 820 798
rail 0.0076 1696 761 1920 966
rail 0.0074 -17 653 753 1011
rail 0.0073 -3 661 215 718
rail 0.0064 788 607 963 644
rail 0.0062 977 608 1052 642
rail 0.0060 1083 620 1550 761
rail 0.0057 965 618 1010 654
rail 0.0054 761 616 990 672
rail 0.0051 1838 767 1921 858
rail 0.0046 -25 633 244 679
rail 0.0043 1888 750 1920 836
rail 0.0042 885 605 1016 645
rail 0.0038 23 610 308 715
rail 0.0038 582 632 826 705
rail 0.0038 1025 609 1105 643
rail 0.0036 845 621 1000 662
rail 0.0036 1113 623 1417 712
rail 0.0034 744 608 902 647
rail 0.0034 -6 718 446 1043
rail 0.0032 997 607 1079 640
rail 0.0032 1784 734 1912 814
rail 0.0031 -4 653 127 702
rail 0.0030 152 689 753 854
rail 0.0029 1779 802 1921 983
rail 0.0026 1843 743 1922 802
rail 0.0025 639 625 819 674
rail 0.0024 -17 618 457 752
rail 0.0023 712 636 926 692
rail 0.0022 713 613 846 650
rail 0.0021 75 647 305 691
rail 0.0021 710 654 843 694
rail 0.0019 59 583 321 678
rail 0.0019 171 565 1034 759
rail 0.0019 719 626 838 675
rail 0.0018 626 647 745 696
rail 0.0017 659 659 751 704
rail 0.0017 1663 792 1918 1067
rail 0.0016 0 666 77 711
rail 0.0016 628 630 745 670
rail 0.0016 767 624 882 673
rail 0.0016 1048 603 1129 646
rail 0.0015 18 717 524 869
rail 0.0015 1835 822 1921 969
rail 0.0015 1715 738 1911 839
rail 0.0015 1886 774 1921 894
rail 0.0014 1110 627 1639 841
rail 0.0014 6 790 165 1074
rail 0.0014 996 587 1047 644
rail 0.0013 720 663 787 694
rail 0.0013 1900 741 1919 792
rail 0.0013 1036 615 1102 662
rail 0.0013 -8 686 169 748
rail 0.0013 -9 639 245 757
rail 0.0012 258 703 541 798
rail 0.0012 687 657 780 697
rail 0.0011 1079 575 1356 757
rail 0.0010 1488 761 1916 940
rail 0.0010 1310 724 1906 1053
rail 0.0010 -21 548 572 729
rail 0.0010 884 597 926 643
rail 0.0010 0 652 79 749
rail 0.0010 265 651 539 739
switch-indicator 0.0832 606 610 625 633
switch-indicator 0.0350 1060 751 1098 819
switch-indicator 0.0061 733 666 775 692
switch-indicator 0.0050 1092 754 1127 813
switch-indicator 0.0042 1108 750 1131 790
switch-indicator 0.0031 1796 717 1842 771
switch-indicator 0.0021 1757 719 1804 767
switch-indicator 0.0014 1822 720 1866 774
switch-indicator 0.0010 1781 733 1841 782
switch-unknown 0.0166 967 612 1021 648
switch-unknown 0.0125 989 607 1041 637
switch-unknown 0.0121 951 606 1004 651
switch-unknown 0.0104 968 621 1009 654
switch-unknown 0.0060 1010 605 1064 636
switch-unknown 0.0048 999 588 1043 638
switch-unknown 0.0020 667 630 745 664
switch-unknown 0.0019 740 627 818 670
switch-unknown 0.0017 772 608 837 640
switch-unknown 0.0017 667 660 746 704
switch-unknown 0.0015 740 608 814 643
switch-unknown 0.0013 640 649 731 693
switch-unknown 0.0011 836 601 914 638
switch-unknown 0.0011 910 620 984 661
switch-static 0.0272 1058 748 1101 814
switch-static 0.0152 1060 737 1091 760
switch-static 0.0069 1017 772 1072 818
switch-static 0.0065 1012 789 1060 815
switch-static 0.0056 691 677 756 700
switch-static 0.0047 675 682 735 705
switch-static 0.0030 1035 738 1076 763
switch-static 0.0029 1111 746 1139 782
switch-static 0.0024 870 657 907 681
switch-static 0.0023 1733 745 1795 774
switch-static 0.0019 722 668 780 696
switch-static 0.0014 1016 738 1079 802
switch-static 0.0014 1098 747 1135 792
switch-static 0.0013 1747 744 1813 781
switch-static 0.0013 991 745 1044 783
switch-static 0.0012 1044 729 1119 822
switch-static 0.0012 1333 775 1379 804
switch-static 0.0012 1067 770 1100 826
track-sign-front 0.0086 1148 500 1172 527
track-sign-front 0.0052 897 592 914 619
track-sign-front 0.0028 1147 487 1172 541
track-sign-front 0.0023 1198 232 1229 263
track-sign-front 0.0019 1903 731 1918 783
track-sign-front 0.0012 1138 271 1184 296
track-sign-front 0.0011 1133 580 1173 675
track-signal-front 0.7988 1122 276 1190 433
track-signal-front 0.7100 180 406 211 490
track-signal-front 0.1396 177 481 209 513
track-signal-front 0.0215 1193 233 1226 266
track-signal-front 0.0094 176 441 208 516
track-signal-front 0.0059 177 443 211 591
track-signal-front 0.0048 182 486 214 554
track-signal-front 0.0038 129 445 147 473
track-signal-front 0.0020 129 436 156 478
track-signal-front 0.0020 1243 459 1259 480
track-signal-front 0.0014 127 452 149 484
track-signal-front 0.0011 1132 271 1186 300
track-signal-front 0.0010 1134 236 1219 353
pole 0.3268 1137 414 1179 820
pole 0.2524 595 687 619 793
pole 0.2342 191 457 214 695
pole 0.1563 1741 29 1837 803
pole 0.0859 1128 286 1191 855
pole 0.0610 1005 460 1024 647
pole 0.0531 689 408 710 650
pole 0.0401 1300 206 1330 710
pole 0.0322 500 467 518 640
pole 0.0194 192 552 213 688
pole 0.0176 219 584 244 681
pole 0.0165 323 412 343 642
pole 0.0161 1727 36 1795 985
pole 0.0159 175 429 227 699
pole 0.0146 945 528 962 635
pole 0.0141 193 507 230 688
pole 0.0135 181 411 215 629
pole 0.0086 980 500 1016 637
pole 0.0081 947 511 982 639
pole 0.0074 164 492 254 699
pole 0.0056 900 574 926 633
pole 0.0047 1731 288 1782 816
pole 0.0045 1009 454 1041 648
pole 0.0045 1120 450 1175 930
pole 0.0044 1141 520 1170 803
pole 0.0042 192 493 212 631
pole 0.0036 0 381 22 675
pole 0.0035 1774 60 1845 678
pole 0.0033 1134 413 1169 699
pole 0.0032 1151 444 1188 713
pole 0.0030 1305 242 1325 580
pole 0.0028 968 499 991 621
pole 0.0028 184 589 275 680
pole 0.0027 1689 32 1780 808
pole 0.0026 972 566 1022 645
pole 0.0025 1146 471 1171 564
pole 0.0025 1309 217 1343 624
pole 0.0025 1289 222 1341 874
pole 0.0025 174 588 250 718
pole 0.0025 984 470 1035 646
pole 0.0025 1701 280 1905 881
pole 0.0023 604 567 624 623
pole 0.0023 1000 570 1043 657
pole 0.0020 1664 54 1841 875
pole 0.0020 676 446 715 655
pole 0.0020 1302 372 1325 681
pole 0.0019 692 463 709 605
pole 0.0019 907 528 940 637
pole 0.0019 896 554 915 625
pole 0.0018 497 494 531 639
pole 0.0017 1134 590 1172 707
pole 0.0017 1142 427 1169 592
pole 0.0017 1741 400 1765 711
pole 0.0016 1133 514 1175 643
pole 0.0016 1093 303 1239 845
pole 0.0014 999 466 1021 605
pole 0.0014 1732 358 1853 768
pole 0.0013 825 533 849 626
pole 0.0012 89 524 293 717
pole 0.0011 1019 572 1059 650
pole 0.0011 896 590 916 623
pole 0.0011 0 389 40 730
pole 0.0011 1148 517 1198 779
pole 0.0010 1075 525 1203 812
pole 0.0010 1110 467 1139 687
pole 0.0010 1014 519 1053 637
rail-occluder 0.2530 593 680 618 791
rail-occluder 0.1693 -3 746 191 1072
rail-occluder 0.0999 606 605 626 632
rail-occluder 0.0580 601 688 627 795
rail-occluder 0.0488 593 683 611 729
rail-occluder 0.0237 232 612 246 674
rail-occluder 0.0213 221 611 245 679
rail-occluder 0.0141 195 648 218 688
rail-occluder 0.0140 584 660 649 774
rail-occluder 0.0132 503 591 518 632
rail-occluder 0.0120 438 629 778 826
rail-occluder 0.0058 604 616 630 648
rail-occluder 0.0054 159 646 252 687
rail-occluder 0.0046 900 592 937 648
rail-occluder 0.0044 583 666 623 754
rail-occluder 0.0043 141 614 321 681
rail-occluder 0.0039 590 669 621 702
rail-occluder 0.0038 892 594 918 638
rail-occluder 0.0038 601 590 632 630
rail-occluder 0.0033 229 591 248 632
rail-occluder 0.0026 742 662 808 689
rail-occluder 0.0026 2 726 206 919
rail-occluder 0.0025 1902 742 1919 790
rail-occluder 0.0024 777 653 817 685
rail-occluder 0.0023 191 659 217 701
rail-occluder 0.0022 776 628 830 671
rail-occluder 0.0021 167 646 216 693
rail-occluder 0.0021 678 608 732 641
rail-occluder 0.0021 493 597 517 642
rail-occluder 0.0019 922 589 980 650
rail-occluder 0.0018 586 677 615 722
rail-occluder 0.0018 229 623 255 696
rail-occluder 0.0017 697 660 772 697
rail-occluder 0.0015 685 600 726 630
rail-occluder 0.0015 892 621 950 663
rail-occluder 0.0014 442 593 578 638
rail-occluder 0.0014 1821 720 1868 773
rail-occluder 0.0013 576 623 636 737
rail-occluder 0.0012 594 708 629 835
rail-occluder 0.0012 192 602 287 672
rail-occluder 0.0012 1054 603 1121 643
rail-occluder 0.0011 789 624 859 670
rail-occluder 0.0011 873 620 930 668
rail-occluder 0.0011 119 654 287 707
rail-occluder 0.0011 501 672 634 810
rail-occluder 0.0011 988 614 1033 657
rail-occluder 0.0011 791 647 846 682
rail-occluder 0.0010 599 586 626 654
