crossing 0.0010 831 424 904 465
guard-rail 0.0010 1830 1015 1921 1078
platform 0.5766 930 431 1292 506
platform 0.1277 830 438 908 509
platform 0.0409 906 429 1212 481
platform 0.0055 905 416 1298 565
platform 0.0032 1002 438 1181 494
platform 0.0031 816 441 978 506
platform 0.0024 895 441 1184 526
platform 0.0023 860 439 929 507
platform 0.0023 858 434 919 560
platform 0.0018 827 426 891 460
platform 0.0015 806 413 902 502
platform 0.0014 743 413 900 524
platform 0.0013 841 388 1258 511
platform 0.0012 904 423 1143 465
platform 0.0011 1010 445 1293 533
platform 0.0011 867 438 910 487
platform 0.0010 698 434 910 581
rail 0.9555 690 444 1059 1074
rail 0.9540 896 442 1913 1076
rail 0.0070 913 439 1217 539
switch-indicator 0.0330 1704 778 1746 849
switch-indicator 0.0040 1302 544 1330 581
switch-static 0.0932 1045 551 1107 580
track-sign-front 0.4602 1550 564 1583 596
track-sign-front 0.0303 0 4 116 156
track-sign-front 0.0078 1544 561 1593 605
track-sign-front 0.0050 1158 370 1183 394
track-sign-front 0.0044 11 12 100 108
track-sign-front 0.0010 6 -76 234 145
track-signal-front 0.0150 1278 335 1307 367
track-signal-front 0.0024 1157 367 1183 397
track-signal-front 0.0012 1275 327 1313 386
