crossing 0.0085 715 804 985 1069
guard-rail 0.1798 846 760 899 803
guard-rail 0.0889 847 762 874 803
guard-rail 0.0755 861 761 924 802
guard-rail 0.0362 891 765 923 800
guard-rail 0.0088 622 756 694 793
guard-rail 0.0088 649 751 723 793
guard-rail 0.0078 584 768 676 813
guard-rail 0.0071 659 741 756 790
guard-rail 0.0070 820 753 940 815
guard-rail 0.0069 838 733 905 800
guard-rail 0.0066 761 698 818 724
guard-rail 0.0055 564 752 716 826
guard-rail 0.0052 585 787 667 824
guard-rail 0.0043 608 760 667 795
guard-rail 0.0041 622 739 764 810
guard-rail 0.0037 666 754 747 804
guard-rail 0.0033 533 759 692 850
guard-rail 0.0031 746 716 798 737
guard-rail 0.0030 567 711 750 813
guard-rail 0.0024 880 756 946 813
guard-rail 0.0023 824 665 926 834
guard-rail 0.0014 551 789 638 824
guard-rail 0.0011 825 763 857 810
guard-rail 0.0011 619 790 682 830
train-car 0.0041 272 681 352 728
platform 0.4505 1023 755 1619 1075
platform 0.0186 54 717 665 986
platform 0.0078 0 786 537 1046
platform 0.0016 219 773 488 933
rail 0.9565 713 656 993 1067
rail 0.8873 81 658 880 1080
rail 0.6326 8 661 813 831
rail 0.2355 0 704 516 843
rail 0.1090 63 681 589 747
rail 0.1067 10 735 333 846
rail 0.1027 261 664 814 751
rail 0.0863 69 671 740 773
rail 0.0860 829 661 922 688
rail 0.0612 871 663 924 690
rail 0.0454 891 659 931 690
rail 0.0285 776 669 871 698
rail 0.0256 793 665 902 693
rail 0.0215 26 775 657 1073
rail 0.0195 772 656 927 700
rail 0.0179 259 698 347 742
rail 0.0177 -1 722 498 981
rail 0.0176 900 643 943 669
rail 0.0157 887 674 931 700
rail 0.0154 5 703 422 784
rail 0.0141 763 672 850 708
rail 0.0141 877 652 928 677
rail 0.0106 709 662 894 732
rail 0.0100 -1 765 172 855
rail 0.0090 -4 774 251 882
rail 0.0088 725 663 839 695
rail 0.0084 515 666 893 825
rail 0.0079 906 650 972 693
rail 0.0072 -1 796 149 887
rail 0.0064 909 644 968 669
rail 0.0063 242 695 388 773
rail 0.0063 593 710 790 806
rail 0.0057 563 664 827 762
rail 0.0056 826 650 933 713
rail 0.0053 1044 700 1693 1048
rail 0.0052 746 679 820 724
rail 0.0049 880 652 945 695
rail 0.0047 2 810 75 868
rail 0.0043 1 753 422 890
rail 0.0042 111 737 383 814
rail 0.0041 645 655 818 689
rail 0.0037 352 680 648 741
rail 0.0035 449 671 740 742
rail 0.0034 -2 726 165 817
rail 0.0034 591 663 820 711
rail 0.0032 134 658 677 734
rail 0.0031 0 780 83 859
rail 0.0030 231 710 794 937
rail 0.0029 318 786 787 1076
rail 0.0028 1241 743 1868 1062
rail 0.0027 809 656 902 679
rail 0.0026 0 815 39 869
rail 0.0025 816 665 934 833
rail 0.0023 475 681 808 910
rail 0.0023 49 791 304 857
rail 0.0023 669 647 933 774
rail 0.0020 266 696 572 747
rail 0.0019 502 646 804 714
rail 0.0019 233 706 467 795
rail 0.0019 910 675 968 701
rail 0.0018 725 704 819 751
rail 0.0018 18 794 158 845
rail 0.0018 -2 825 138 931
rail 0.0018 -2 806 356 1066
rail 0.0017 0 822 68 936
rail 0.0016 438 659 931 1052
rail 0.0015 -7 755 194 964
rail 0.0015 1 695 252 774
rail 0.0014 2 707 65 821
rail 0.0013 -1 797 36 847
rail 0.0013 4 732 56 800
rail 0.0013 787 639 972 776
rail 0.0013 180 661 424 810
rail 0.0013 719 655 796 690
rail 0.0012 357 738 639 1026
rail 0.0012 299 719 484 773
rail 0.0011 2 710 110 787
rail 0.0011 83 577 907 913
rail 0.0011 588 571 782 712
rail 0.0010 716 646 846 677
rail 0.0010 10 708 37 795
rail 0.0010 845 667 997 1051
rail 0.0010 -3 761 75 829
rail 0.0010 425 685 666 770
switch-right 0.0848 886 672 924 690
switch-right 0.0596 889 677 929 697
switch-right 0.0069 713 718 781 742
switch-right 0.0061 689 723 774 762
switch-right 0.0047 726 707 793 734
switch-right 0.0039 660 729 762 781
switch-right 0.0010 881 686 928 722
switch-unknown 0.1201 876 666 924 690
switch-unknown 0.0300 881 649 928 675
switch-unknown 0.0249 790 674 856 694
switch-unknown 0.0182 769 676 844 703
switch-unknown 0.0176 746 705 804 729
switch-unknown 0.0175 842 654 913 679
switch-unknown 0.0174 817 664 897 686
switch-unknown 0.0093 730 708 790 732
switch-unknown 0.0065 748 678 816 724
switch-unknown 0.0033 757 695 824 726
switch-unknown 0.0021 703 715 775 745
switch-unknown 0.0019 817 650 889 679
switch-static 0.0600 490 793 549 816
switch-static 0.0166 495 787 569 814
switch-static 0.0076 915 678 965 700
switch-static 0.0047 706 716 774 741
switch-static 0.0038 931 683 980 709
switch-static 0.0036 730 682 796 725
switch-static 0.0020 512 781 601 811
switch-static 0.0016 555 780 628 812
switch-static 0.0014 90 803 157 831
switch-static 0.0010 465 787 538 815
switch-static 0.0010 586 759 655 798
track-sign-front 0.3179 1035 666 1062 707
track-sign-front 0.0106 1018 617 1034 652
track-sign-front 0.0044 1006 665 1056 711
track-sign-front 0.0038 1017 573 1035 622
track-sign-front 0.0036 1016 623 1041 663
track-sign-front 0.0017 932 634 990 665
track-sign-front 0.0015 977 573 998 617
track-sign-front 0.0015 1022 661 1071 708
track-sign-front 0.0012 1102 634 1130 681
track-sign-front 0.0011 1012 649 1041 704
track-sign-front 0.0011 91 697 126 736
track-sign-front 0.0011 805 641 854 677
track-signal-front 0.1247 1066 514 1109 588
track-signal-front 0.0043 525 596 554 626
track-signal-front 0.0041 350 594 367 618
track-signal-front 0.0034 1115 473 1146 521
track-signal-front 0.0023 1015 478 1035 526
track-signal-front 0.0019 902 623 944 657
track-signal-front 0.0018 798 598 829 644
track-signal-front 0.0016 1014 453 1035 550
track-signal-front 0.0013 1016 624 1041 663
track-signal-front 0.0013 1013 504 1035 578
track-signal-front 0.0011 525 612 545 674
track-signal-front 0.0011 342 595 363 632
track-signal-back 0.1616 1063 514 1107 592
track-signal-back 0.0297 731 598 742 620
track-signal-back 0.0115 1016 525 1036 583
track-signal-back 0.0090 799 604 813 630
track-signal-back 0.0055 625 575 636 628
track-signal-back 0.0036 1017 615 1035 653
track-signal-back 0.0035 1019 572 1042 618
track-signal-back 0.0032 729 594 747 648
track-signal-back 0.0026 1016 502 1037 633
track-signal-back 0.0025 1016 538 1048 612
track-signal-back 0.0010 729 582 743 606
fence 0.0282 1047 725 1906 1076
pole 0.2942 669 506 687 721
pole 0.0732 11 344 45 802
pole 0.0479 676 521 697 720
pole 0.0476 673 552 683 696
pole 0.0451 110 466 129 775
pole 0.0298 464 527 479 712
pole 0.0132 622 567 634 685
pole 0.0106 1008 321 1041 717
pole 0.0043 663 609 698 714
pole 0.0042 680 585 703 701
pole 0.0038 470 557 486 695
pole 0.0035 1012 379 1058 734
pole 0.0034 1014 489 1035 617
pole 0.0027 637 613 700 732
pole 0.0024 100 465 137 813
pole 0.0024 729 596 744 641
pole 0.0023 456 527 488 716
pole 0.0023 20 364 43 701
pole 0.0021 622 559 638 646
pole 0.0020 203 617 215 732
pole 0.0020 711 601 754 688
pole 0.0019 18 634 43 811
pole 0.0019 473 558 494 730
pole 0.0018 2 395 68 817
pole 0.0018 655 511 711 724
pole 0.0017 978 484 1001 680
pole 0.0013 2 471 26 774
pole 0.0012 21 493 53 800
pole 0.0012 593 590 632 694
pole 0.0011 479 646 499 708
pole 0.0011 600 526 770 754
pole 0.0010 582 613 599 681
pole 0.0010 115 557 129 697
rail-occluder 0.1909 275 690 345 735
rail-occluder 0.1051 172 743 189 809
rail-occluder 0.0759 165 750 192 821
rail-occluder 0.0746 200 766 238 825
rail-occluder 0.0700 169 758 239 825
rail-occluder 0.0513 270 699 355 769
rail-occluder 0.0390 132 746 226 823
rail-occluder 0.0332 168 735 210 816
rail-occluder 0.0317 158 800 188 824
rail-occluder 0.0260 72 735 305 820
rail-occluder 0.0256 282 745 302 828
rail-occluder 0.0209 209 754 235 814
rail-occluder 0.0209 157 768 186 822
rail-occluder 0.0191 161 746 187 798
rail-occluder 0.0142 204 763 276 825
rail-occluder 0.0130 159 746 348 823
rail-occluder 0.0130 223 734 404 825
rail-occluder 0.0125 261 752 306 829
rail-occluder 0.0122 276 730 316 819
rail-occluder 0.0110 270 706 430 794
rail-occluder 0.0090 145 792 205 827
rail-occluder 0.0067 331 724 374 820
rail-occluder 0.0057 344 726 397 821
rail-occluder 0.0051 308 747 391 823
rail-occluder 0.0046 271 748 361 827
rail-occluder 0.0043 348 735 427 809
rail-occluder 0.0042 91 792 247 835
rail-occluder 0.0036 293 734 481 837
rail-occluder 0.0034 172 661 450 804
rail-occluder 0.0033 265 695 320 740
rail-occluder 0.0025 276 762 312 841
rail-occluder 0.0023 325 710 376 785
rail-occluder 0.0020 13 728 43 795
rail-occluder 0.0020 240 771 314 833
rail-occluder 0.0020 322 750 448 819
rail-occluder 0.0019 479 672 505 716
rail-occluder 0.0017 362 725 421 766
rail-occluder 0.0016 80 806 128 831
rail-occluder 0.0016 343 716 400 779
rail-occluder 0.0015 387 733 434 803
rail-occluder 0.0015 662 667 695 715
rail-occluder 0.0015 184 768 368 837
rail-occluder 0.0013 201 717 244 784
rail-occluder 0.0013 99 766 310 878
rail-occluder 0.0013 1901 778 1920 828
rail-occluder 0.0013 147 722 188 774
rail-occluder 0.0012 260 717 304 761
rail-occluder 0.0011 640 665 685 715
rail-occluder 0.0011 1098 699 1720 1039
rail-occluder 0.0011 182 773 444 930
rail-occluder 0.0010 206 741 288 808
