guard-rail 0.1714 905 659 922 688
guard-rail 0.1677 1009 654 1025 694
guard-rail 0.1566 1016 662 1032 699
guard-rail 0.1312 788 649 841 676
guard-rail 0.0854 802 644 855 675
guard-rail 0.0674 766 659 817 690
guard-rail 0.0667 1018 674 1034 717
guard-rail 0.0625 888 602 926 627
guard-rail 0.0501 1003 657 1021 689
guard-rail 0.0460 765 669 806 706
guard-rail 0.0371 918 653 939 682
guard-rail 0.0368 819 633 875 663
guard-rail 0.0229 907 625 945 680
guard-rail 0.0207 916 601 944 640
guard-rail 0.0205 807 592 846 626
guard-rail 0.0196 706 653 757 675
guard-rail 0.0191 841 624 885 658
guard-rail 0.0178 777 601 831 631
guard-rail 0.0155 888 620 917 673
guard-rail 0.0138 899 656 931 690
guard-rail 0.0137 692 650 741 674
guard-rail 0.0135 717 651 777 680
guard-rail 0.0132 902 664 918 696
guard-rail 0.0105 1024 689 1042 726
guard-rail 0.0099 924 626 949 666
guard-rail 0.0093 818 587 889 641
guard-rail 0.0085 772 644 849 693
guard-rail 0.0082 754 638 813 676
guard-rail 0.0074 761 604 802 628
guard-rail 0.0073 761 683 797 722
guard-rail 0.0060 744 673 790 713
guard-rail 0.0054 756 652 832 701
guard-rail 0.0036 1000 644 1028 684
guard-rail 0.0033 998 631 1019 677
guard-rail 0.0032 998 667 1020 701
guard-rail 0.0031 1007 655 1038 695
guard-rail 0.0027 862 640 896 675
guard-rail 0.0014 663 723 700 758
guard-rail 0.0013 861 584 924 673
guard-rail 0.0013 708 665 755 701
guard-rail 0.0012 737 689 787 727
guard-rail 0.0011 662 709 704 749
guard-rail 0.0011 1000 633 1033 705
guard-rail 0.0010 791 661 835 699
train-car 0.0059 890 545 960 586
train-car 0.0012 971 538 1026 577
train-car 0.0010 1186 557 1290 600
train-car 0.0010 984 524 1016 584
rail 0.9484 1033 564 1915 1075
rail 0.8954 5 568 917 1080
rail 0.8359 936 564 1189 1073
rail 0.1347 814 581 874 614
rail 0.0736 833 581 916 622
rail 0.0637 879 591 924 624
rail 0.0415 820 578 848 609
rail 0.0295 823 570 863 610
rail 0.0259 890 558 953 602
rail 0.0230 824 566 923 607
rail 0.0208 872 568 938 604
rail 0.0178 318 556 971 940
rail 0.0140 808 568 898 625
rail 0.0130 1029 566 1200 598
rail 0.0115 904 578 965 612
rail 0.0114 10 731 662 1078
rail 0.0108 791 588 842 621
rail 0.0097 847 545 905 615
rail 0.0088 873 576 945 630
rail 0.0081 905 565 976 597
rail 0.0064 815 592 894 637
rail 0.0057 1052 571 1183 615
rail 0.0056 869 573 1057 1071
rail 0.0049 1107 546 1196 706
rail 0.0044 777 576 861 629
rail 0.0034 1043 562 1246 610
rail 0.0030 1079 550 1218 654
rail 0.0026 1012 564 1165 629
rail 0.0023 1008 556 1136 600
rail 0.0022 943 565 995 591
rail 0.0020 1039 555 1332 683
rail 0.0019 960 560 1023 585
rail 0.0019 884 562 966 622
rail 0.0018 1203 575 1411 627
rail 0.0018 768 540 979 690
rail 0.0016 1068 556 1158 597
rail 0.0016 994 568 1223 730
rail 0.0016 845 592 931 666
rail 0.0014 976 556 1106 590
rail 0.0013 507 581 981 836
rail 0.0012 1078 563 1475 731
rail 0.0012 936 566 991 608
rail 0.0011 1105 552 1441 663
rail 0.0011 765 600 799 630
rail 0.0011 688 572 940 746
rail 0.0010 773 564 856 607
switch-indicator 0.0225 1330 891 1423 961
switch-indicator 0.0020 1090 622 1121 657
switch-indicator 0.0011 619 616 649 658
switch-right 0.0268 881 599 922 629
switch-unknown 0.1298 881 595 920 624
switch-unknown 0.0937 815 583 856 614
switch-unknown 0.0405 847 583 910 626
switch-unknown 0.0349 858 599 915 629
switch-unknown 0.0202 906 575 962 615
switch-unknown 0.0123 794 590 839 619
switch-unknown 0.0043 775 602 833 632
switch-unknown 0.0040 943 559 998 589
switch-unknown 0.0028 1076 575 1157 612
switch-unknown 0.0020 758 605 807 630
switch-unknown 0.0017 940 571 988 601
switch-static 0.0201 1329 890 1421 959
switch-static 0.0071 682 644 735 671
switch-static 0.0060 766 603 796 625
switch-static 0.0041 749 609 784 633
switch-static 0.0037 658 637 696 661
switch-static 0.0021 666 645 714 678
switch-static 0.0014 646 630 688 662
switch-static 0.0013 629 881 742 928
switch-static 0.0011 748 600 782 626
track-sign-front 0.0184 1329 891 1422 966
track-sign-front 0.0029 835 541 852 585
track-sign-front 0.0027 1042 525 1082 579
track-sign-front 0.0023 619 618 644 649
track-sign-front 0.0017 992 540 1034 593
track-signal-front 0.0076 1001 516 1022 576
track-signal-front 0.0038 980 513 1022 586
track-signal-back 0.2349 880 505 892 537
track-signal-back 0.0859 1210 503 1222 531
track-signal-back 0.0014 874 505 902 541
track-signal-back 0.0014 1874 289 1920 409
track-signal-back 0.0011 887 496 945 588
pole 0.6363 1050 345 1079 620
pole 0.1162 1150 534 1170 719
pole 0.0465 878 488 893 615
pole 0.0347 1210 488 1224 606
pole 0.0269 1149 463 1164 710
pole 0.0226 1137 534 1183 721
pole 0.0217 971 471 983 586
pole 0.0197 773 397 789 611
pole 0.0182 1005 506 1018 566
pole 0.0171 1154 597 1168 723
pole 0.0130 1148 533 1164 639
pole 0.0123 1146 488 1159 573
pole 0.0101 1145 501 1163 594
pole 0.0093 881 504 902 608
pole 0.0076 1043 425 1068 626
pole 0.0075 1206 493 1234 608
pole 0.0055 1156 592 1182 702
pole 0.0052 1115 521 1202 701
pole 0.0052 1130 524 1169 675
pole 0.0045 1026 509 1060 589
pole 0.0042 1033 355 1092 636
pole 0.0041 984 482 1024 583
pole 0.0040 1049 433 1073 582
pole 0.0039 1140 464 1173 694
pole 0.0028 1189 469 1199 546
pole 0.0026 1143 467 1156 566
pole 0.0023 1151 498 1190 700
pole 0.0022 1180 427 1207 634
pole 0.0020 966 407 994 615
pole 0.0020 1054 334 1126 628
pole 0.0020 1126 587 1198 729
pole 0.0020 1092 535 1181 638
pole 0.0020 1002 522 1021 577
pole 0.0020 1005 482 1024 559
pole 0.0017 1197 527 1229 612
pole 0.0016 1053 397 1075 544
pole 0.0016 1325 386 1342 620
pole 0.0015 1068 378 1168 656
pole 0.0013 1044 515 1082 594
pole 0.0012 1059 434 1096 623
pole 0.0011 1006 456 1028 584
pole 0.0011 818 477 839 592
pole 0.0011 1178 475 1208 581
pole 0.0011 1143 425 1191 646
pole 0.0010 951 513 1000 595
pole 0.0010 1012 539 1070 595
pole 0.0010 1035 534 1108 621
rail-occluder 0.0107 1128 563 1171 721
rail-occluder 0.0077 1095 616 1129 659
rail-occluder 0.0026 1142 613 1166 718
rail-occluder 0.0016 1078 602 1124 652
rail-occluder 0.0016 1049 571 1131 613
rail-occluder 0.0012 1214 567 1268 619
rail-occluder 0.0010 1209 545 1268 606
