guard-rail 0.0084 1657 764 1770 822
guard-rail 0.0031 1709 603 1913 684
guard-rail 0.0013 1660 751 1728 815
guard-rail 0.0010 1794 616 1919 680
guard-rail 0.0010 1753 623 1914 708
rail 0.9554 675 443 1059 1076
rail 0.8242 1158 464 1916 1070
rail 0.8137 1190 451 1921 765
rail 0.3391 1248 450 1934 619
rail 0.0323 1467 528 1923 687
rail 0.0178 1590 563 1921 718
rail 0.0058 1662 578 1917 676
rail 0.0046 1723 592 1921 724
rail 0.0027 1388 520 1906 856
rail 0.0021 1256 399 1895 559
rail 0.0020 1596 531 1909 629
rail 0.0018 1756 602 1910 659
rail 0.0016 1046 420 1814 653
rail 0.0013 1176 459 1672 637
rail 0.0012 1670 756 1919 1004
rail 0.0012 924 421 1179 502
rail 0.0012 1651 681 1915 860
rail 0.0011 1752 570 1918 640
rail 0.0010 1531 550 1850 653
rail 0.0010 1761 632 1922 746
rail 0.0010 1702 511 1949 731
rail 0.0010 1569 470 1930 620
switch-indicator 0.0179 630 619 665 719
switch-indicator 0.0020 619 610 667 763
track-sign-front 0.1007 897 408 913 429
track-sign-front 0.0691 916 397 950 422
track-sign-front 0.0662 935 399 953 417
track-sign-front 0.0177 934 401 951 427
track-sign-front 0.0150 894 402 915 438
track-sign-front 0.0145 940 399 959 418
track-sign-front 0.0067 898 414 914 475
track-sign-front 0.0012 891 325 928 447
track-sign-front 0.0010 929 395 958 415
track-sign-front 0.0010 332 328 409 624
track-signal-front 0.0085 1231 357 1246 386
track-signal-front 0.0023 1194 357 1216 381
track-signal-front 0.0019 1230 352 1245 410
track-signal-front 0.0019 1232 349 1249 378
track-signal-front 0.0017 1352 355 1374 384
track-signal-front 0.0012 1189 346 1215 415
track-signal-front 0.0012 1319 359 1340 387
track-signal-back 0.0010 0 213 44 276
pole 0.1128 891 170 914 497
pole 0.0278 899 213 921 506
pole 0.0187 1187 351 1200 462
pole 0.0092 1232 360 1243 456
pole 0.0073 880 170 930 516
pole 0.0066 879 175 907 499
pole 0.0043 897 412 915 479
pole 0.0033 1345 420 1358 499
pole 0.0032 1544 181 1564 491
pole 0.0025 894 328 917 450
pole 0.0021 1227 373 1244 475
pole 0.0020 1185 365 1218 481
pole 0.0018 902 299 921 435
pole 0.0017 888 318 923 509
pole 0.0016 1344 382 1362 495
pole 0.0010 840 373 873 444
rail-occluder 0.0113 1062 433 1175 516
rail-occluder 0.0040 1003 417 1185 503
rail-occluder 0.0013 1338 451 1359 501
rail-occluder 0.0012 1087 455 1185 524
rail-occluder 0.0010 1126 447 1190 515
