crossing 0.7622 896 660 1011 721
crossing 0.4553 1202 648 1387 715
crossing 0.0378 1163 609 1423 721
crossing 0.0205 950 482 1888 1029
crossing 0.0063 979 506 1058 530
crossing 0.0055 1160 642 1480 807
crossing 0.0045 1234 656 1347 709
crossing 0.0043 914 502 958 524
crossing 0.0042 799 543 1119 897
crossing 0.0031 1122 550 1463 739
crossing 0.0031 1587 876 1919 1075
crossing 0.0024 816 574 1081 788
crossing 0.0023 1269 658 1377 716
crossing 0.0021 1245 665 1431 727
crossing 0.0018 1597 849 1811 947
crossing 0.0015 887 610 1015 720
crossing 0.0014 946 500 985 527
crossing 0.0013 994 503 1072 538
train-car 0.0341 901 506 936 527
train-car 0.0147 905 497 945 529
train-car 0.0105 939 492 984 517
train-car 0.0088 915 494 972 521
train-car 0.0035 958 495 1036 522
platform 0.0288 874 505 942 532
platform 0.0081 977 498 1061 531
platform 0.0046 1 542 829 1096
platform 0.0043 1024 531 1736 729
platform 0.0042 828 506 940 545
platform 0.0041 597 536 803 704
platform 0.0039 913 501 960 526
platform 0.0035 1007 509 1405 643
platform 0.0027 1037 510 1303 571
platform 0.0021 152 533 756 859
platform 0.0013 631 520 888 675
platform 0.0013 842 496 926 529
platform 0.0011 863 519 933 556
rail 0.9594 812 514 1132 1075
rail 0.9544 967 509 1918 1075
rail 0.2319 1 511 790 745
rail 0.0540 -2 545 643 683
rail 0.0530 -6 569 526 762
rail 0.0111 -9 585 357 700
rail 0.0085 -1 569 680 1046
rail 0.0061 -6 617 349 847
rail 0.0055 -3 593 248 660
rail 0.0043 -5 626 246 768
rail 0.0037 291 518 820 647
rail 0.0026 63 433 568 703
rail 0.0014 -1 587 161 695
rail 0.0011 650 526 828 652
rail 0.0010 3 580 303 639
track-sign-front 0.0855 1693 618 1737 655
track-sign-front 0.0356 382 560 424 650
track-sign-front 0.0227 383 555 421 602
track-sign-front 0.0133 1687 599 1741 665
track-sign-front 0.0038 1691 577 1745 632
track-sign-front 0.0026 872 478 939 538
track-sign-front 0.0018 853 484 911 530
track-sign-front 0.0013 388 531 425 593
track-sign-front 0.0012 1693 614 1737 703
track-sign-front 0.0010 1098 467 1113 507
track-sign-front 0.0010 1688 549 1734 619
track-signal-front 0.0396 900 459 912 488
track-signal-front 0.0139 1271 399 1307 453
track-signal-front 0.0089 801 482 819 514
track-signal-front 0.0033 1216 375 1243 430
track-signal-front 0.0032 966 447 985 476
track-signal-front 0.0026 952 462 987 522
track-signal-front 0.0017 1270 423 1310 483
track-signal-front 0.0013 871 476 907 507
track-signal-front 0.0012 1264 449 1317 508
track-signal-front 0.0010 919 473 978 521
track-signal-back 0.0400 900 456 911 484
track-signal-back 0.0316 618 393 635 428
track-signal-back 0.0314 811 462 823 486
track-signal-back 0.0223 901 459 917 494
track-signal-back 0.0184 805 462 823 507
track-signal-back 0.0071 1290 449 1321 488
track-signal-back 0.0070 799 436 821 495
track-signal-back 0.0060 899 440 910 461
track-signal-back 0.0059 1296 451 1326 505
track-signal-back 0.0056 1056 437 1074 471
track-signal-back 0.0049 248 232 303 334
track-signal-back 0.0038 1054 422 1080 466
track-signal-back 0.0023 799 482 820 515
track-signal-back 0.0022 616 394 634 455
track-signal-back 0.0018 1281 432 1332 517
track-signal-back 0.0017 1294 457 1340 522
track-signal-back 0.0016 1272 424 1310 481
track-signal-back 0.0014 1052 441 1071 518
track-signal-back 0.0011 1306 471 1355 530
track-signal-back 0.0010 619 404 638 517
fence 0.1966 -1 517 797 822
fence 0.0167 -1 585 522 916
fence 0.0104 417 530 798 708
fence 0.0088 264 530 747 779
pole 0.2106 227 130 263 783
pole 0.1068 744 217 775 651
pole 0.0822 620 407 638 597
pole 0.0149 346 566 359 687
pole 0.0137 221 78 286 715
pole 0.0091 753 268 780 601
pole 0.0076 621 462 634 589
pole 0.0062 209 176 294 965
pole 0.0051 743 343 768 614
pole 0.0050 473 209 504 704
pole 0.0049 337 558 377 733
pole 0.0048 723 190 789 796
pole 0.0046 686 425 697 540
pole 0.0042 617 436 636 666
pole 0.0041 340 588 368 706
pole 0.0039 759 311 794 593
pole 0.0033 616 470 653 668
pole 0.0032 220 495 285 744
pole 0.0032 625 411 656 592
pole 0.0023 610 412 649 622
pole 0.0020 239 123 304 485
pole 0.0019 616 499 636 606
pole 0.0018 577 469 658 678
pole 0.0018 375 537 432 665
pole 0.0017 153 203 320 938
pole 0.0016 679 446 699 557
pole 0.0014 0 609 19 747
pole 0.0014 0 647 20 880
pole 0.0013 1052 430 1070 532
pole 0.0012 621 409 675 642
pole 0.0011 377 315 432 726
pole 0.0011 620 517 645 627
pole 0.0011 713 333 798 665
pole 0.0011 737 244 761 578
pole 0.0011 436 191 508 735
pole 0.0011 687 417 704 547
pole 0.0010 239 180 317 756
rail-occluder 0.0455 381 553 426 695
rail-occluder 0.0250 20 644 77 779
rail-occluder 0.0135 293 550 508 709
rail-occluder 0.0120 347 567 359 652
rail-occluder 0.0113 336 553 379 696
rail-occluder 0.0107 348 545 455 702
rail-occluder 0.0088 344 560 365 698
rail-occluder 0.0082 334 535 766 756
rail-occluder 0.0074 27 529 681 773
rail-occluder 0.0043 8 628 100 751
rail-occluder 0.0042 356 541 544 768
rail-occluder 0.0042 -1 615 24 825
rail-occluder 0.0041 2 620 156 779
rail-occluder 0.0039 229 582 407 720
rail-occluder 0.0035 475 533 722 711
rail-occluder 0.0028 602 532 802 706
rail-occluder 0.0024 0 642 69 828
rail-occluder 0.0022 377 539 639 711
rail-occluder 0.0020 208 600 422 822
rail-occluder 0.0018 676 545 791 669
rail-occluder 0.0015 346 563 361 618
rail-occluder 0.0013 413 548 463 699
rail-occluder 0.0012 68 617 97 654
rail-occluder 0.0012 319 565 405 770
rail-occluder 0.0011 535 561 682 696
rail-occluder 0.0011 631 549 738 652
