guard-rail 0.2751 1049 644 1065 683
guard-rail 0.0435 756 752 837 810
guard-rail 0.0378 869 651 918 677
guard-rail 0.0247 1059 651 1080 686
guard-rail 0.0246 898 631 945 665
guard-rail 0.0213 867 658 909 685
guard-rail 0.0185 1043 643 1075 682
guard-rail 0.0158 768 740 851 797
guard-rail 0.0138 887 645 935 672
guard-rail 0.0135 735 771 815 822
guard-rail 0.0111 1052 653 1076 705
guard-rail 0.0110 914 626 950 653
guard-rail 0.0073 805 734 861 780
guard-rail 0.0071 917 598 970 641
guard-rail 0.0069 975 588 1047 658
guard-rail 0.0066 910 614 947 646
guard-rail 0.0035 853 663 899 699
guard-rail 0.0030 1051 626 1084 694
guard-rail 0.0028 697 692 898 857
guard-rail 0.0027 863 639 902 676
guard-rail 0.0026 998 592 1062 644
guard-rail 0.0021 558 767 662 831
guard-rail 0.0020 855 634 938 687
guard-rail 0.0017 1062 666 1087 721
guard-rail 0.0017 834 676 875 704
guard-rail 0.0016 529 730 632 791
guard-rail 0.0015 571 721 639 767
guard-rail 0.0014 680 747 730 792
guard-rail 0.0014 432 643 758 875
guard-rail 0.0014 1047 658 1066 706
guard-rail 0.0013 934 587 1001 636
guard-rail 0.0012 519 701 669 821
guard-rail 0.0012 579 788 643 827
guard-rail 0.0011 575 587 962 1017
guard-rail 0.0011 691 759 778 827
guard-rail 0.0011 874 700 918 728
guard-rail 0.0010 867 669 923 710
guard-rail 0.0010 680 715 826 835
guard-rail 0.0010 923 679 965 707
train-car 0.8382 604 458 952 585
train-car 0.4626 213 485 285 537
train-car 0.1735 909 493 977 523
train-car 0.1536 515 470 600 530
train-car 0.1181 470 462 554 528
train-car 0.1064 193 484 379 538
train-car 0.0790 505 398 544 573
train-car 0.0751 551 472 611 533
train-car 0.0652 517 498 598 551
train-car 0.0582 252 489 391 528
train-car 0.0417 559 493 612 545
train-car 0.0403 502 436 559 543
train-car 0.0391 454 437 544 545
train-car 0.0269 465 446 605 537
train-car 0.0244 142 489 527 541
train-car 0.0234 423 480 529 528
train-car 0.0201 576 457 618 544
train-car 0.0186 1031 490 1090 537
train-car 0.0176 470 515 567 565
train-car 0.0167 568 445 602 530
train-car 0.0162 585 435 620 515
train-car 0.0150 1036 506 1084 546
train-car 0.0138 397 453 545 530
train-car 0.0134 860 487 960 522
train-car 0.0133 443 502 548 545
train-car 0.0124 956 492 1012 520
train-car 0.0123 87 471 416 609
train-car 0.0116 529 444 610 556
train-car 0.0116 234 502 444 539
train-car 0.0112 428 428 510 539
train-car 0.0112 52 497 355 565
train-car 0.0108 749 478 993 548
train-car 0.0096 290 447 410 566
train-car 0.0085 579 494 623 554
train-car 0.0083 364 422 405 557
train-car 0.0082 406 491 491 534
train-car 0.0066 125 471 299 543
train-car 0.0063 937 503 1024 566
train-car 0.0063 495 507 543 569
train-car 0.0062 277 467 413 523
train-car 0.0045 367 509 527 544
train-car 0.0042 209 469 332 530
train-car 0.0041 278 500 371 539
train-car 0.0041 252 454 475 535
train-car 0.0041 597 460 674 546
train-car 0.0038 147 439 357 565
train-car 0.0034 575 392 600 543
train-car 0.0034 353 470 478 547
train-car 0.0033 897 480 986 536
train-car 0.0031 563 349 975 697
train-car 0.0028 360 400 453 559
train-car 0.0027 412 506 479 543
train-car 0.0027 802 473 875 577
train-car 0.0024 360 468 417 537
train-car 0.0023 944 475 998 518
train-car 0.0023 957 460 985 530
train-car 0.0021 902 464 943 528
train-car 0.0020 191 469 278 532
train-car 0.0019 423 498 505 548
train-car 0.0017 58 447 275 531
train-car 0.0015 601 505 661 558
train-car 0.0014 423 407 639 580
train-car 0.0014 557 458 699 561
train-car 0.0014 579 437 650 522
train-car 0.0013 131 501 279 559
train-car 0.0011 1045 483 1100 528
train-car 0.0011 263 400 464 572
train-car 0.0010 989 472 1096 529
train-car 0.0010 696 471 866 576
train-car 0.0010 163 475 255 538
platform 0.0104 1022 489 1091 533
platform 0.0091 1017 521 1084 553
platform 0.0044 982 490 1060 522
rail 0.9420 945 507 1226 1076
rail 0.9124 16 525 985 1082
rail 0.7108 -2 538 567 676
rail 0.5869 1 553 660 779
rail 0.5636 4 530 454 616
rail 0.1081 980 545 1025 583
rail 0.0781 -3 542 283 610
rail 0.0584 -3 557 352 664
rail 0.0383 1003 529 1069 562
rail 0.0380 7 564 260 628
rail 0.0301 976 555 1035 610
rail 0.0255 76 537 420 587
rail 0.0237 32 510 952 811
rail 0.0216 11 520 325 586
rail 0.0191 491 523 594 567
rail 0.0153 976 522 1022 564
rail 0.0139 986 518 1055 560
rail 0.0135 0 594 604 928
rail 0.0111 989 505 1089 572
rail 0.0110 320 529 572 569
rail 0.0092 0 592 253 671
rail 0.0092 171 535 605 606
rail 0.0088 -10 546 183 597
rail 0.0085 1019 520 1083 554
rail 0.0066 312 509 527 544
rail 0.0065 944 494 997 532
rail 0.0063 466 543 610 586
rail 0.0061 613 518 949 609
rail 0.0059 993 546 1068 584
rail 0.0055 215 536 427 579
rail 0.0050 220 555 375 591
rail 0.0044 941 525 1024 587
rail 0.0042 358 548 732 655
rail 0.0042 -1 591 169 650
rail 0.0039 302 543 585 591
rail 0.0039 564 517 601 584
rail 0.0035 415 556 601 637
rail 0.0034 3 576 163 630
rail 0.0034 120 555 390 646
rail 0.0033 434 550 550 596
rail 0.0031 971 525 1040 638
rail 0.0026 249 506 967 698
rail 0.0023 959 553 1055 681
rail 0.0022 521 538 631 618
rail 0.0021 494 507 683 619
rail 0.0020 491 535 911 676
rail 0.0019 578 565 626 610
rail 0.0019 316 571 894 745
rail 0.0019 409 528 522 570
rail 0.0018 0 617 163 672
rail 0.0018 -28 523 184 581
rail 0.0018 659 486 1000 593
rail 0.0018 474 509 987 870
rail 0.0017 1008 589 1142 824
rail 0.0017 1019 547 1105 616
rail 0.0015 359 563 924 971
rail 0.0015 621 549 841 641
rail 0.0014 -2 578 91 653
rail 0.0014 -16 523 207 636
rail 0.0013 933 556 1026 598
rail 0.0012 -3 550 77 601
rail 0.0012 463 569 611 625
rail 0.0012 572 521 628 571
rail 0.0012 75 573 233 616
rail 0.0012 0 626 78 674
rail 0.0011 -7 479 269 606
rail 0.0011 -4 584 171 707
rail 0.0011 331 490 447 561
rail 0.0010 576 549 672 606
rail 0.0010 222 569 377 621
switch-indicator 0.0493 606 652 629 680
switch-indicator 0.0198 1037 528 1069 551
switch-indicator 0.0086 501 702 566 757
switch-indicator 0.0033 1069 582 1095 613
switch-indicator 0.0027 1057 579 1097 639
switch-indicator 0.0016 912 559 948 601
switch-indicator 0.0012 1075 582 1114 620
switch-indicator 0.0010 593 621 634 700
switch-left 0.1179 974 587 1041 634
switch-right 0.1887 975 585 1041 621
switch-right 0.1495 980 547 1024 579
switch-right 0.1310 981 556 1034 590
switch-right 0.0023 936 584 996 622
switch-right 0.0010 995 583 1063 624
switch-unknown 0.0190 977 525 1021 558
switch-static 0.1766 1064 590 1095 620
switch-static 0.0283 1009 531 1067 558
switch-static 0.0258 513 707 554 752
switch-static 0.0096 930 577 980 617
switch-static 0.0089 500 702 575 754
switch-static 0.0084 1070 585 1095 610
switch-static 0.0061 1033 527 1076 554
switch-static 0.0060 998 548 1064 582
switch-static 0.0055 427 658 472 677
switch-static 0.0045 927 569 966 600
switch-static 0.0043 1045 569 1094 616
switch-static 0.0034 506 711 608 766
switch-static 0.0025 1045 584 1103 635
switch-static 0.0025 911 577 947 627
switch-static 0.0024 1075 585 1114 619
switch-static 0.0022 998 582 1063 625
switch-static 0.0013 415 644 476 677
switch-static 0.0011 844 583 890 610
track-sign-front 0.0655 1524 575 1546 602
track-sign-front 0.0539 384 533 396 588
track-sign-front 0.0362 383 469 396 533
track-sign-front 0.0214 72 523 83 554
track-sign-front 0.0061 1886 578 1919 942
track-sign-front 0.0054 68 538 84 560
track-sign-front 0.0042 70 505 84 560
track-sign-front 0.0041 1888 586 1920 751
track-sign-front 0.0025 413 504 470 543
track-sign-front 0.0022 1158 592 1177 639
track-sign-front 0.0017 1035 480 1089 520
track-sign-front 0.0013 1047 512 1099 544
track-sign-front 0.0013 1879 627 1914 858
track-sign-front 0.0011 0 520 14 568
track-sign-front 0.0010 1097 514 1127 541
track-sign-front 0.0010 1889 687 1920 805
track-signal-front 0.0083 596 438 623 495
track-signal-front 0.0077 574 433 600 498
track-signal-front 0.0047 901 453 940 535
track-signal-front 0.0040 954 455 986 529
track-signal-front 0.0021 1001 452 1034 511
track-signal-front 0.0014 916 461 982 536
track-signal-front 0.0010 971 442 1028 520
track-signal-back 0.1734 907 439 921 464
track-signal-back 0.1311 384 383 400 463
track-signal-back 0.0340 459 407 471 449
track-signal-back 0.0219 382 336 401 519
track-signal-back 0.0158 402 379 431 463
track-signal-back 0.0151 415 383 435 458
track-signal-back 0.0126 959 453 971 487
track-signal-back 0.0116 579 388 597 467
track-signal-back 0.0100 457 381 473 470
track-signal-back 0.0082 439 397 473 455
track-signal-back 0.0047 935 431 971 485
track-signal-back 0.0044 1001 446 1028 486
track-signal-back 0.0043 687 439 700 470
track-signal-back 0.0042 375 384 402 485
track-signal-back 0.0032 604 442 641 483
track-signal-back 0.0028 994 449 1018 481
track-signal-back 0.0026 444 376 470 476
track-signal-back 0.0024 600 452 650 497
track-signal-back 0.0019 579 375 593 429
track-signal-back 0.0019 640 459 658 483
track-signal-back 0.0017 583 394 626 482
track-signal-back 0.0015 901 437 929 467
track-signal-back 0.0011 418 378 466 455
pole 0.1527 516 353 532 561
pole 0.1221 382 420 397 593
pole 0.0876 383 466 395 548
pole 0.0718 835 341 850 585
pole 0.0522 383 337 402 568
pole 0.0346 517 372 526 509
pole 0.0239 518 439 547 541
pole 0.0205 456 378 474 551
pole 0.0201 568 508 593 589
pole 0.0157 570 532 584 620
pole 0.0139 837 416 849 549
pole 0.0116 372 412 402 591
pole 0.0116 444 419 490 545
pole 0.0089 836 499 851 581
pole 0.0085 838 373 849 509
pole 0.0082 456 225 471 546
pole 0.0078 514 319 527 525
pole 0.0062 499 296 534 592
pole 0.0056 452 163 482 579
pole 0.0055 425 416 474 546
pole 0.0052 456 384 471 467
pole 0.0051 520 392 540 531
pole 0.0041 375 365 439 588
pole 0.0041 388 334 423 575
pole 0.0039 335 282 354 577
pole 0.0038 435 353 465 569
pole 0.0035 384 436 450 576
pole 0.0032 828 476 859 579
pole 0.0031 405 501 442 546
pole 0.0028 394 466 448 551
pole 0.0027 70 466 84 555
pole 0.0025 824 496 850 581
pole 0.0021 1074 -12 1150 751
pole 0.0020 352 474 430 589
pole 0.0017 510 352 551 545
pole 0.0016 787 391 900 577
pole 0.0015 465 348 526 579
pole 0.0011 459 302 489 573
pole 0.0010 802 475 856 580
rail-occluder 0.0801 383 545 395 608
rail-occluder 0.0299 380 563 395 626
rail-occluder 0.0261 384 525 396 582
rail-occluder 0.0228 570 531 587 623
rail-occluder 0.0197 494 521 545 572
rail-occluder 0.0188 503 521 579 568
rail-occluder 0.0173 571 568 591 614
rail-occluder 0.0100 533 514 593 570
rail-occluder 0.0090 594 576 618 609
rail-occluder 0.0087 276 557 323 588
rail-occluder 0.0067 470 522 525 573
rail-occluder 0.0061 474 553 507 592
rail-occluder 0.0057 488 543 537 580
rail-occluder 0.0046 585 563 620 612
rail-occluder 0.0036 265 543 330 577
rail-occluder 0.0031 0 536 14 576
rail-occluder 0.0030 463 542 562 582
rail-occluder 0.0027 431 526 500 571
rail-occluder 0.0027 576 512 627 575
rail-occluder 0.0025 557 537 605 619
rail-occluder 0.0025 368 595 392 631
rail-occluder 0.0024 607 635 638 675
rail-occluder 0.0023 356 553 421 626
rail-occluder 0.0022 281 535 361 577
rail-occluder 0.0022 245 555 314 592
rail-occluder 0.0020 376 586 396 636
rail-occluder 0.0020 449 549 496 586
rail-occluder 0.0016 383 516 438 578
rail-occluder 0.0015 0 541 18 593
rail-occluder 0.0015 380 546 424 595
rail-occluder 0.0014 68 533 86 568
rail-occluder 0.0013 475 579 501 611
rail-occluder 0.0011 269 573 330 616
