crossing 0.0010 945 641 986 665
rail 0.9464 933 638 1178 1077
rail 0.0028 1081 635 1872 895
track-sign-front 0.8368 1378 668 1431 851
track-sign-front 0.3070 1034 640 1047 670
track-sign-front 0.0919 895 659 907 686
track-sign-front 0.0611 994 604 1008 624
track-sign-front 0.0578 781 685 807 726
track-sign-front 0.0528 1037 638 1055 666
track-sign-front 0.0503 1548 675 1572 701
track-sign-front 0.0404 779 678 808 756
track-sign-front 0.0234 781 710 809 769
track-sign-front 0.0227 1036 626 1050 662
track-sign-front 0.0059 1036 642 1061 681
track-sign-front 0.0053 1244 666 1259 688
track-sign-front 0.0040 888 656 903 687
track-sign-front 0.0035 903 598 939 640
track-sign-front 0.0031 895 602 924 635
track-sign-front 0.0030 862 605 881 627
track-sign-front 0.0027 929 633 967 664
track-sign-front 0.0023 1026 638 1055 674
track-sign-front 0.0022 1380 667 1429 740
track-sign-front 0.0019 1338 661 1491 841
track-sign-front 0.0017 782 648 810 719
track-sign-front 0.0017 897 607 945 675
track-sign-front 0.0016 782 691 819 783
track-sign-front 0.0014 1899 652 1919 752
track-sign-front 0.0014 1900 642 1919 706
track-sign-front 0.0012 1117 645 1146 677
track-sign-front 0.0011 1899 624 1921 684
track-sign-front 0.0010 937 645 968 669
track-signal-front 0.1178 995 602 1007 625
track-signal-front 0.0019 962 593 1006 641
track-signal-back 0.0111 920 537 940 570
track-signal-back 0.0040 909 528 937 565
track-signal-back 0.0035 914 534 942 587
track-signal-back 0.0015 905 582 942 641
track-signal-back 0.0014 898 534 925 570
track-signal-back 0.0012 924 575 951 640
track-signal-back 0.0012 924 539 950 593
pole 0.0486 1866 85 1922 966
pole 0.0460 1890 182 1919 868
pole 0.0197 1490 446 1507 673
pole 0.0033 1868 726 1915 964
pole 0.0030 1479 428 1504 683
pole 0.0023 1821 170 1925 978
pole 0.0022 1859 514 1920 1021
pole 0.0017 1252 537 1268 656
pole 0.0012 1849 194 1911 839
pole 0.0010 1492 490 1505 633
rail-occluder 0.0021 1867 742 1916 950
