crossing 0.0050 950 503 979 522
guard-rail 0.1786 872 568 915 598
guard-rail 0.0861 1019 576 1038 602
guard-rail 0.0571 889 580 918 615
guard-rail 0.0336 832 542 904 583
guard-rail 0.0082 1016 574 1045 612
guard-rail 0.0074 1010 571 1041 601
guard-rail 0.0073 775 551 850 581
guard-rail 0.0064 925 576 954 617
guard-rail 0.0049 1028 589 1057 633
guard-rail 0.0048 904 594 930 622
guard-rail 0.0047 1016 557 1069 679
guard-rail 0.0042 754 557 809 581
guard-rail 0.0028 928 550 966 602
guard-rail 0.0024 928 572 1015 801
guard-rail 0.0021 1089 725 1158 806
guard-rail 0.0021 977 559 1021 593
guard-rail 0.0021 1035 577 1070 615
guard-rail 0.0020 856 554 928 604
guard-rail 0.0020 992 579 1022 604
guard-rail 0.0019 1015 597 1045 628
guard-rail 0.0017 902 590 940 629
guard-rail 0.0014 892 565 992 634
guard-rail 0.0013 1024 539 1084 716
guard-rail 0.0011 801 516 1101 740
guard-rail 0.0011 944 549 989 588
guard-rail 0.0010 953 633 1002 797
train-car 0.0016 950 452 996 510
train-car 0.0014 946 501 990 523
train-car 0.0012 963 471 1028 502
rail 0.9505 3 490 950 1077
rail 0.9025 959 504 1356 1073
rail 0.7205 835 517 1137 792
rail 0.2433 819 491 1224 1090
rail 0.1190 947 681 1154 842
rail 0.1072 964 612 1206 869
rail 0.0197 868 507 959 539
rail 0.0127 854 511 926 541
rail 0.0108 957 545 1124 795
rail 0.0045 906 543 1037 790
rail 0.0044 911 502 980 528
rail 0.0034 862 517 967 583
rail 0.0032 831 532 903 589
rail 0.0031 948 707 1208 920
rail 0.0026 1070 563 1555 1030
rail 0.0022 760 541 915 610
rail 0.0021 830 518 933 563
rail 0.0016 930 498 971 525
rail 0.0012 838 571 1064 1089
rail 0.0010 971 516 1228 802
switch-indicator 0.5016 772 647 810 763
switch-indicator 0.1538 1534 773 1620 960
switch-indicator 0.0087 777 645 834 754
switch-indicator 0.0020 1544 849 1615 963
switch-indicator 0.0016 777 649 808 686
switch-indicator 0.0014 421 574 450 638
switch-indicator 0.0011 1539 812 1629 1043
switch-left 0.2768 957 716 1179 823
switch-left 0.0199 821 537 890 578
switch-left 0.0130 973 750 1197 851
switch-left 0.0047 958 687 1139 787
switch-right 0.3481 952 707 1178 819
switch-right 0.0970 821 534 888 561
switch-right 0.0159 833 543 902 583
switch-right 0.0042 931 672 1136 794
switch-right 0.0020 1071 719 1172 811
switch-unknown 0.2459 827 538 885 568
switch-unknown 0.0739 833 525 900 555
switch-unknown 0.0465 856 513 921 537
switch-unknown 0.0279 880 509 917 531
switch-unknown 0.0087 843 532 929 579
switch-unknown 0.0070 800 543 874 578
switch-unknown 0.0048 815 530 866 555
switch-unknown 0.0045 928 502 971 524
switch-unknown 0.0043 884 496 959 531
switch-unknown 0.0034 944 494 990 524
switch-static 0.4755 1268 775 1416 852
switch-static 0.1796 1307 799 1436 856
switch-static 0.0517 1518 772 1622 949
switch-static 0.0166 1216 779 1365 842
switch-static 0.0115 193 724 274 764
switch-static 0.0076 1348 809 1437 850
switch-static 0.0073 1267 769 1367 832
switch-static 0.0026 1262 808 1449 880
switch-static 0.0023 1329 808 1504 866
switch-static 0.0022 1350 803 1565 904
switch-static 0.0020 1221 801 1354 855
switch-static 0.0012 1219 776 1307 829
switch-static 0.0011 1377 813 1458 859
switch-static 0.0011 869 517 956 576
switch-static 0.0010 1473 762 1592 959
track-sign-front 0.0825 669 463 688 495
track-sign-front 0.0689 1036 482 1049 501
track-sign-front 0.0489 1032 475 1049 496
track-sign-front 0.0226 672 450 691 492
track-sign-front 0.0136 675 463 696 495
track-sign-front 0.0128 1038 462 1068 496
track-sign-front 0.0086 1013 476 1049 505
track-sign-front 0.0055 1068 462 1083 493
track-sign-front 0.0049 1035 472 1067 526
track-sign-front 0.0048 775 648 804 675
track-sign-front 0.0048 681 433 696 456
track-sign-front 0.0045 418 570 446 628
track-sign-front 0.0036 1182 518 1202 546
track-sign-front 0.0036 799 481 817 505
track-sign-front 0.0019 683 425 701 451
track-sign-front 0.0018 503 518 521 551
track-sign-front 0.0018 666 443 687 483
track-sign-front 0.0018 1039 441 1081 491
track-sign-front 0.0017 749 494 775 527
track-sign-front 0.0013 667 472 692 503
track-sign-front 0.0012 1188 518 1210 548
track-sign-front 0.0012 1640 429 1695 708
track-sign-front 0.0011 960 480 1014 522
track-sign-front 0.0011 1174 477 1196 528
track-sign-front 0.0010 753 480 793 522
track-signal-front 0.0128 1014 470 1046 496
track-signal-front 0.0097 1034 454 1055 490
track-signal-front 0.0044 999 433 1036 497
track-signal-front 0.0014 967 454 1025 512
track-signal-front 0.0014 1510 764 1634 956
track-signal-front 0.0012 988 416 1022 505
track-signal-front 0.0011 1208 454 1228 478
track-signal-back 0.0534 886 441 897 460
track-signal-back 0.0047 882 435 896 455
track-signal-back 0.0012 1001 422 1022 468
pole 0.0062 936 421 950 517
pole 0.0048 934 430 959 528
pole 0.0011 899 415 956 541
pole 0.0011 1645 29 1763 1015
