platform 0.5321 800 572 900 619
platform 0.0077 854 572 910 607
platform 0.0028 747 534 951 647
platform 0.0025 787 586 886 627
platform 0.0025 784 567 906 656
rail 0.9534 889 576 1143 1075
rail 0.8921 214 585 925 1076
track-sign-front 0.0138 841 517 864 562
track-sign-front 0.0022 843 514 882 590
track-sign-front 0.0015 1014 554 1039 583
track-sign-front 0.0014 865 563 917 600
track-sign-front 0.0010 817 516 862 567
track-sign-front 0.0010 941 556 981 588
track-signal-front 0.0891 843 498 863 520
track-signal-front 0.0154 839 492 861 513
track-signal-front 0.0057 843 505 866 538
track-signal-back 0.1677 835 498 862 521
track-signal-back 0.0097 825 499 863 532
track-signal-back 0.0018 833 490 867 515
track-signal-back 0.0014 843 505 865 539
