crossing 0.0132 1092 736 1336 939
crossing 0.0012 1150 770 1313 902
guard-rail 0.0011 1109 761 1262 962
train-car 0.0645 401 526 562 600
train-car 0.0262 393 519 634 630
train-car 0.0182 358 543 493 636
train-car 0.0132 478 520 731 655
train-car 0.0111 424 539 511 596
train-car 0.0105 407 548 578 643
train-car 0.0077 450 530 535 585
train-car 0.0074 374 552 465 613
train-car 0.0055 549 517 839 665
train-car 0.0048 510 529 663 623
train-car 0.0044 393 493 706 602
train-car 0.0041 345 528 502 588
train-car 0.0039 345 513 549 574
train-car 0.0039 412 535 481 587
train-car 0.0025 290 529 458 642
train-car 0.0024 604 507 763 634
train-car 0.0023 344 520 525 704
train-car 0.0023 323 481 526 592
train-car 0.0022 601 552 767 667
train-car 0.0020 639 515 938 680
train-car 0.0018 450 518 618 594
train-car 0.0017 529 488 759 605
train-car 0.0014 209 546 449 678
train-car 0.0013 550 531 622 619
train-car 0.0013 388 528 455 583
train-car 0.0012 364 535 406 575
train-car 0.0012 362 541 434 616
train-car 0.0010 76 512 419 686
train-car 0.0010 653 501 820 646
rail 0.7411 1258 643 1924 1061
rail 0.6567 1095 649 1472 1075
rail 0.5959 190 641 642 1076
rail 0.4260 663 693 898 1076
rail 0.1770 565 682 764 1078
rail 0.1200 371 593 459 668
rail 0.0785 1098 761 1354 1080
rail 0.0763 1434 670 1934 955
rail 0.0650 1104 643 1329 902
rail 0.0531 350 587 560 796
rail 0.0417 753 712 976 1074
rail 0.0384 395 585 479 657
rail 0.0338 389 646 703 1077
rail 0.0266 57 585 521 1048
rail 0.0255 325 582 449 663
rail 0.0247 300 588 468 748
rail 0.0237 368 585 494 734
rail 0.0233 546 603 665 671
rail 0.0226 378 576 463 634
rail 0.0210 416 605 652 806
rail 0.0196 244 585 582 948
rail 0.0155 674 703 827 933
rail 0.0144 418 589 503 647
rail 0.0138 614 685 782 941
rail 0.0123 476 651 719 861
rail 0.0121 451 593 645 728
rail 0.0120 266 585 489 829
rail 0.0115 1161 779 1557 1080
rail 0.0114 372 623 461 696
rail 0.0110 425 618 556 784
rail 0.0107 1574 716 1924 1064
rail 0.0106 477 579 640 655
rail 0.0105 590 617 675 668
rail 0.0099 1154 615 1655 1042
rail 0.0091 406 546 578 645
rail 0.0091 632 680 763 852
rail 0.0082 678 706 802 847
rail 0.0079 512 607 689 817
rail 0.0078 555 585 708 664
rail 0.0071 681 721 748 865
rail 0.0069 1096 633 1269 826
rail 0.0068 1594 708 1914 907
rail 0.0068 517 596 621 653
rail 0.0067 1390 785 1545 1070
rail 0.0063 597 608 658 653
rail 0.0060 1090 733 1293 939
rail 0.0058 648 729 765 1042
rail 0.0058 838 681 1150 1075
rail 0.0057 518 593 694 714
rail 0.0053 576 610 808 818
rail 0.0049 1233 630 1811 907
rail 0.0048 343 591 419 656
rail 0.0046 326 570 707 851
rail 0.0045 964 659 1349 1077
rail 0.0043 1086 637 1177 692
rail 0.0043 1161 862 1370 1078
rail 0.0040 422 570 549 634
rail 0.0039 396 659 579 819
rail 0.0036 1054 709 1237 1073
rail 0.0035 526 606 607 678
rail 0.0032 576 621 691 705
rail 0.0032 406 596 513 681
rail 0.0032 600 723 723 999
rail 0.0030 664 695 754 807
rail 0.0030 444 558 673 675
rail 0.0028 57 574 455 839
rail 0.0028 1125 631 1411 822
rail 0.0028 1194 644 1534 775
rail 0.0028 452 590 583 658
rail 0.0027 197 605 440 921
rail 0.0027 1349 774 1765 1084
rail 0.0027 611 609 752 730
rail 0.0026 1477 694 1730 1055
rail 0.0025 980 706 1177 1070
rail 0.0025 335 614 422 673
rail 0.0024 1060 619 1122 657
rail 0.0023 327 782 582 1067
rail 0.0023 329 557 426 640
rail 0.0023 1742 851 1917 1073
rail 0.0023 531 708 737 878
rail 0.0022 237 589 426 732
rail 0.0021 558 577 655 647
rail 0.0021 567 626 702 763
rail 0.0020 626 654 745 784
rail 0.0019 1647 616 1919 834
rail 0.0019 451 708 666 876
rail 0.0019 672 630 1098 1057
rail 0.0019 70 867 426 1068
rail 0.0019 343 626 456 759
rail 0.0018 579 669 741 821
rail 0.0018 1395 637 1911 833
rail 0.0018 1111 749 1231 1016
rail 0.0017 470 620 596 774
rail 0.0017 1055 622 1153 678
rail 0.0016 504 773 703 1088
rail 0.0015 377 624 512 818
rail 0.0014 1068 612 1143 651
rail 0.0014 552 653 670 836
rail 0.0014 480 599 557 650
rail 0.0013 1064 629 1219 769
rail 0.0013 657 659 792 792
rail 0.0012 1701 733 1918 850
rail 0.0012 708 741 850 1032
rail 0.0012 1405 667 1612 1048
rail 0.0012 1758 695 1918 917
rail 0.0012 644 664 725 737
rail 0.0011 449 647 534 749
rail 0.0011 1168 618 1572 846
rail 0.0011 467 606 558 676
rail 0.0011 534 622 643 770
rail 0.0010 509 558 899 867
rail 0.0010 10 873 286 1074
rail 0.0010 515 614 609 721
rail 0.0010 1165 814 1402 1007
rail 0.0010 1435 798 1671 1068
rail 0.0010 666 617 901 811
rail 0.0010 1082 636 1207 884
rail 0.0010 1281 629 1535 1030
switch-indicator 0.1019 1073 607 1091 629
switch-indicator 0.0757 1149 597 1164 618
switch-indicator 0.0310 1132 588 1166 614
switch-indicator 0.0304 1060 606 1081 629
switch-indicator 0.0235 1145 597 1166 629
switch-indicator 0.0136 1124 585 1141 610
switch-indicator 0.0107 1075 615 1103 652
switch-indicator 0.0055 1053 605 1070 631
switch-indicator 0.0044 1063 608 1102 639
switch-indicator 0.0042 526 608 549 644
switch-indicator 0.0033 969 657 987 675
switch-indicator 0.0030 1053 604 1090 631
switch-indicator 0.0029 1069 606 1141 653
switch-indicator 0.0020 633 805 649 863
switch-indicator 0.0017 1057 611 1100 663
switch-indicator 0.0014 524 612 554 660
switch-indicator 0.0014 620 753 661 924
switch-indicator 0.0013 1116 572 1139 607
switch-indicator 0.0011 713 643 730 681
switch-indicator 0.0011 1155 589 1178 619
switch-unknown 0.0234 402 588 475 655
switch-unknown 0.0199 1083 631 1157 672
switch-unknown 0.0155 1094 648 1176 690
switch-unknown 0.0127 396 612 466 672
switch-unknown 0.0122 436 596 488 639
switch-unknown 0.0099 556 603 625 649
switch-unknown 0.0081 582 613 644 662
switch-unknown 0.0078 598 618 670 667
switch-unknown 0.0075 377 635 457 683
switch-unknown 0.0039 1103 661 1180 702
switch-unknown 0.0036 448 599 520 642
switch-unknown 0.0035 552 578 621 641
switch-unknown 0.0020 446 571 527 630
switch-unknown 0.0020 536 609 598 672
switch-unknown 0.0018 492 604 549 646
switch-unknown 0.0016 598 633 669 690
switch-unknown 0.0015 579 578 635 644
switch-unknown 0.0013 656 675 715 722
switch-unknown 0.0012 432 609 488 665
switch-unknown 0.0011 1096 656 1143 712
switch-unknown 0.0011 677 712 742 784
switch-unknown 0.0011 672 685 734 755
switch-unknown 0.0010 518 579 557 634
switch-unknown 0.0010 479 571 549 625
track-sign-front 0.0021 714 639 729 672
track-sign-front 0.0020 1703 473 1729 679
track-sign-front 0.0015 165 501 193 525
track-sign-front 0.0014 1705 502 1727 603
track-sign-front 0.0014 966 521 992 546
track-signal-front 0.0868 1614 405 1666 475
track-signal-front 0.0335 17 713 59 768
track-signal-front 0.0207 1617 360 1662 460
track-signal-front 0.0087 1623 349 1652 441
track-signal-front 0.0083 1194 478 1222 512
track-signal-front 0.0066 365 542 380 571
track-signal-front 0.0062 120 606 136 627
track-signal-front 0.0047 340 452 373 493
track-signal-front 0.0045 951 520 980 542
track-signal-front 0.0041 1270 445 1304 495
track-signal-front 0.0031 652 524 663 580
track-signal-front 0.0030 1841 334 1911 426
track-signal-front 0.0027 1313 535 1331 557
track-signal-front 0.0027 366 535 403 572
track-signal-front 0.0024 362 541 382 594
track-signal-front 0.0024 1762 74 1907 301
track-signal-front 0.0020 680 493 710 527
track-signal-front 0.0020 1173 482 1215 522
track-signal-front 0.0019 9 697 68 811
track-signal-front 0.0017 115 602 136 636
track-signal-front 0.0016 641 528 663 576
track-signal-front 0.0015 953 520 990 559
track-signal-front 0.0014 1187 479 1212 508
track-signal-front 0.0014 1626 352 1648 384
track-signal-front 0.0013 1204 471 1232 500
track-signal-front 0.0012 650 525 667 606
track-signal-front 0.0012 671 492 710 544
track-signal-front 0.0012 361 522 386 566
track-signal-front 0.0011 1205 477 1231 519
track-signal-front 0.0011 874 520 896 581
track-signal-front 0.0011 1099 510 1130 541
track-signal-front 0.0011 1619 419 1664 512
track-signal-front 0.0010 337 447 384 482
track-signal-front 0.0010 1259 440 1306 535
track-signal-front 0.0010 2 690 73 882
pole 0.0043 1706 485 1729 721
pole 0.0011 1691 500 1743 709
rail-occluder 0.0013 1085 686 1194 934
