guard-rail 0.0623 0 721 353 906
guard-rail 0.0159 1 755 215 963
guard-rail 0.0134 60 712 429 851
guard-rail 0.0083 0 752 174 877
guard-rail 0.0049 13 711 239 807
guard-rail 0.0029 968 454 1039 484
guard-rail 0.0028 233 712 393 772
guard-rail 0.0025 944 462 999 487
guard-rail 0.0022 -1 795 163 924
guard-rail 0.0021 0 807 129 883
guard-rail 0.0020 180 717 408 801
guard-rail 0.0017 853 487 936 520
rail 0.9497 679 416 1064 1073
rail 0.9471 1077 419 1916 1076
rail 0.8689 -2 448 1040 957
rail 0.7605 1118 419 1920 692
rail 0.1107 0 725 353 1036
rail 0.0525 7 723 383 883
rail 0.0505 1018 424 1068 456
rail 0.0434 1026 419 1085 450
rail 0.0201 1012 433 1050 459
rail 0.0116 754 459 1031 538
rail 0.0099 0 749 222 994
rail 0.0094 -3 593 668 951
rail 0.0084 60 656 549 859
rail 0.0075 1055 420 1106 446
rail 0.0069 1205 453 1850 836
rail 0.0067 1025 413 1070 442
rail 0.0062 1121 427 1243 462
rail 0.0058 1035 414 1090 439
rail 0.0052 1001 430 1062 476
rail 0.0050 810 475 981 527
rail 0.0048 1358 467 1915 659
rail 0.0044 727 484 974 548
rail 0.0043 933 438 1050 501
rail 0.0038 834 430 1055 529
rail 0.0031 1608 515 1924 679
rail 0.0031 1225 430 1899 580
rail 0.0030 3 698 309 821
rail 0.0028 1012 421 1083 466
rail 0.0028 1083 417 1196 447
rail 0.0026 1747 537 1923 677
rail 0.0024 856 454 1035 511
rail 0.0022 1112 417 1322 467
rail 0.0022 1061 414 1152 442
rail 0.0020 1060 414 1112 435
rail 0.0017 -3 802 167 1073
rail 0.0014 1061 428 1099 455
rail 0.0014 822 490 935 527
rail 0.0014 1649 546 1922 756
rail 0.0013 1110 414 1500 535
rail 0.0012 1120 419 1416 493
rail 0.0012 1829 563 1923 661
rail 0.0010 662 441 1040 599
rail 0.0010 1836 556 1921 609
rail 0.0010 1042 411 1214 457
rail 0.0010 1687 522 1912 634
switch-indicator 0.0979 689 521 728 549
switch-indicator 0.0182 1036 425 1089 457
switch-indicator 0.0130 1071 430 1088 451
switch-indicator 0.0038 683 508 757 558
switch-indicator 0.0028 644 471 662 524
switch-indicator 0.0025 681 524 717 554
switch-indicator 0.0019 644 476 664 560
switch-left 0.0107 108 729 345 803
switch-left 0.0106 88 705 422 825
switch-left 0.0082 201 711 396 776
switch-left 0.0036 170 719 331 788
switch-right 0.1563 1010 446 1049 471
switch-right 0.0380 1005 454 1047 476
switch-right 0.0322 62 721 362 821
switch-right 0.0108 164 708 438 794
switch-right 0.0024 212 703 389 760
switch-unknown 0.0769 1018 426 1063 454
switch-unknown 0.0339 1014 433 1048 457
switch-unknown 0.0220 791 514 877 540
switch-unknown 0.0152 1026 412 1066 440
switch-unknown 0.0129 1036 412 1089 437
switch-unknown 0.0113 1065 420 1095 444
switch-unknown 0.0071 806 505 901 536
switch-unknown 0.0067 1065 412 1106 433
switch-unknown 0.0048 723 520 840 558
switch-unknown 0.0033 1153 434 1213 463
switch-unknown 0.0025 1078 416 1138 438
switch-unknown 0.0024 1100 419 1176 443
switch-unknown 0.0024 834 493 919 524
switch-unknown 0.0023 781 522 860 547
switch-unknown 0.0022 1128 422 1198 453
switch-unknown 0.0014 1166 436 1240 465
switch-static 0.1559 731 515 786 540
switch-static 0.1185 689 518 775 550
switch-static 0.0947 687 520 731 550
switch-static 0.0394 1108 518 1153 540
switch-static 0.0315 1575 540 1636 572
switch-static 0.0161 53 701 165 740
switch-static 0.0096 758 516 846 541
switch-static 0.0077 719 517 797 550
switch-static 0.0057 35 692 184 754
switch-static 0.0052 751 511 798 534
switch-static 0.0045 1571 532 1627 563
switch-static 0.0030 464 586 513 608
switch-static 0.0025 69 683 182 737
switch-static 0.0023 29 704 229 778
switch-static 0.0016 680 512 745 555
switch-static 0.0015 975 439 1034 478
switch-static 0.0012 980 416 1018 450
switch-static 0.0011 676 523 721 555
track-sign-front 0.1472 643 472 659 495
track-sign-front 0.0076 644 470 661 522
track-sign-front 0.0049 638 470 665 498
track-sign-front 0.0022 644 468 682 498
track-sign-front 0.0018 1358 420 1378 453
track-sign-front 0.0015 1334 417 1377 458
track-sign-front 0.0014 739 343 758 368
pole 0.0076 1616 122 1646 524
pole 0.0014 1161 348 1171 419
rail-occluder 0.0245 1573 539 1637 571
rail-occluder 0.0011 1346 429 1374 469
rail-occluder 0.0010 1556 509 1636 581
