crossing 0.3985 885 735 973 771
crossing 0.0264 883 724 968 755
crossing 0.0062 878 700 1051 806
crossing 0.0027 900 628 937 658
crossing 0.0026 834 671 1028 875
crossing 0.0020 893 649 952 694
crossing 0.0018 884 654 967 719
crossing 0.0013 868 683 986 837
crossing 0.0012 873 764 1006 830
crossing 0.0010 877 686 960 760
guard-rail 0.0017 621 709 737 762
train-car 0.0012 831 542 898 616
rail 0.9211 7 577 898 1078
rail 0.8834 833 576 1085 1071
rail 0.3382 1 605 794 887
rail 0.0269 87 578 741 765
rail 0.0184 315 602 880 723
rail 0.0112 3 615 549 774
rail 0.0095 -3 664 543 866
rail 0.0038 830 574 910 628
rail 0.0030 11 627 422 728
rail 0.0025 868 581 923 614
rail 0.0022 2 684 501 1011
rail 0.0019 1 650 341 755
rail 0.0016 449 596 841 685
rail 0.0013 139 515 428 757
rail 0.0010 541 653 724 741
rail 0.0010 8 723 339 876
rail 0.0010 190 665 692 834
switch-indicator 0.0140 782 657 809 700
switch-right 0.0014 629 698 741 737
switch-unknown 0.0031 872 577 923 613
switch-unknown 0.0012 895 576 936 609
switch-static 0.1518 590 682 646 702
switch-static 0.1041 987 684 1043 715
switch-static 0.0472 986 686 1053 736
switch-static 0.0407 983 716 1068 761
switch-static 0.0308 576 686 637 708
switch-static 0.0242 998 706 1074 749
switch-static 0.0145 979 733 1069 775
switch-static 0.0126 591 676 665 699
switch-static 0.0120 981 719 1037 753
switch-static 0.0101 781 657 812 700
switch-static 0.0066 610 679 688 702
switch-static 0.0064 1013 715 1097 765
switch-static 0.0031 971 677 1027 704
switch-static 0.0022 796 666 851 704
switch-static 0.0021 591 689 664 723
switch-static 0.0020 958 627 988 645
switch-static 0.0018 142 724 197 750
switch-static 0.0015 954 677 1008 720
switch-static 0.0014 429 750 500 779
switch-static 0.0013 1027 738 1101 777
switch-static 0.0013 554 692 634 722
switch-static 0.0011 952 666 1113 808
switch-static 0.0011 975 668 1064 726
switch-static 0.0010 819 681 873 718
switch-static 0.0010 771 653 823 706
track-sign-front 0.0731 783 658 809 695
track-sign-front 0.0710 360 491 391 518
track-sign-front 0.0455 368 575 388 677
track-sign-front 0.0233 369 599 387 735
track-sign-front 0.0079 361 549 392 601
track-sign-front 0.0043 296 553 333 588
track-sign-front 0.0036 365 550 398 663
track-sign-front 0.0023 362 494 394 552
track-sign-front 0.0019 321 599 363 700
track-sign-front 0.0018 372 385 403 417
track-sign-front 0.0013 312 615 354 677
track-sign-front 0.0013 383 607 433 690
track-sign-front 0.0012 305 568 350 678
track-sign-front 0.0010 363 515 397 588
track-signal-front 0.7972 818 435 847 486
track-signal-front 0.7316 362 385 401 493
track-signal-front 0.1026 357 495 390 521
track-signal-front 0.0672 359 427 396 506
track-signal-front 0.0034 374 386 421 484
track-signal-front 0.0015 336 492 383 556
track-signal-front 0.0014 357 367 398 450
track-signal-front 0.0011 363 485 392 562
track-signal-front 0.0010 332 430 374 511
track-signal-front 0.0010 344 402 388 502
track-signal-back 0.0104 359 553 388 592
track-signal-back 0.0039 344 554 380 591
track-signal-back 0.0011 1176 375 1221 436
pole 0.4723 819 458 841 696
pole 0.3998 291 237 344 713
pole 0.3235 363 475 404 766
pole 0.3048 368 539 391 756
pole 0.0564 293 274 384 771
pole 0.0413 342 374 408 769
pole 0.0299 821 530 843 665
pole 0.0206 378 490 429 756
pole 0.0201 822 494 838 636
pole 0.0165 363 474 391 681
pole 0.0158 331 669 349 770
pole 0.0158 803 462 856 697
pole 0.0144 257 217 364 734
pole 0.0104 360 552 388 596
pole 0.0097 816 525 851 703
pole 0.0086 342 600 396 830
pole 0.0077 282 490 449 763
pole 0.0075 837 517 897 629
pole 0.0073 283 500 347 717
pole 0.0070 326 506 364 742
pole 0.0059 811 426 836 687
pole 0.0053 325 698 343 792
pole 0.0050 813 530 833 667
pole 0.0045 795 581 835 713
pole 0.0044 367 628 389 761
pole 0.0043 849 508 882 608
pole 0.0037 817 475 875 680
pole 0.0037 288 530 321 705
pole 0.0036 816 573 854 660
pole 0.0034 818 558 840 720
pole 0.0032 296 532 333 611
pole 0.0032 267 508 324 714
pole 0.0030 298 493 338 635
pole 0.0029 323 566 379 774
pole 0.0029 344 553 380 595
pole 0.0026 296 574 352 758
pole 0.0023 261 569 279 687
pole 0.0023 824 419 852 660
pole 0.0017 313 591 355 701
pole 0.0017 304 339 342 629
pole 0.0016 1 626 15 727
pole 0.0016 332 475 378 628
pole 0.0016 260 388 335 748
pole 0.0013 212 568 230 683
pole 0.0013 874 547 927 612
pole 0.0012 1 561 19 745
pole 0.0011 372 516 466 736
pole 0.0010 257 604 273 687
pole 0.0010 806 534 908 676
pole 0.0010 297 541 344 663
pole 0.0010 286 346 330 665
rail-occluder 0.0320 782 655 809 697
rail-occluder 0.0109 367 687 392 764
rail-occluder 0.0068 327 625 357 777
rail-occluder 0.0031 323 644 351 737
rail-occluder 0.0018 308 628 349 717
rail-occluder 0.0017 302 638 359 807
rail-occluder 0.0010 315 717 340 804
rail-occluder 0.0010 287 657 318 703
