crossing 0.0193 793 657 857 676
crossing 0.0120 736 655 817 674
crossing 0.0083 762 656 846 678
crossing 0.0036 802 648 884 667
crossing 0.0032 541 627 623 652
crossing 0.0032 800 653 888 677
crossing 0.0018 588 624 637 659
guard-rail 0.7097 1189 917 1264 983
guard-rail 0.6614 815 926 846 984
guard-rail 0.2218 1175 922 1239 990
guard-rail 0.1027 826 922 862 984
guard-rail 0.0309 1044 911 1088 947
guard-rail 0.0256 1236 761 1258 808
guard-rail 0.0246 1226 747 1259 811
guard-rail 0.0200 1166 910 1276 1010
guard-rail 0.0140 1214 906 1282 972
guard-rail 0.0104 806 917 856 991
guard-rail 0.0074 1206 758 1256 827
guard-rail 0.0068 1200 786 1252 835
guard-rail 0.0061 1137 885 1319 1003
guard-rail 0.0057 806 818 876 1016
guard-rail 0.0030 1218 744 1278 835
guard-rail 0.0028 1163 903 1266 962
guard-rail 0.0021 810 915 837 978
guard-rail 0.0019 1235 719 1269 759
guard-rail 0.0018 1016 884 1085 986
guard-rail 0.0017 1224 721 1264 769
guard-rail 0.0017 778 905 890 1032
guard-rail 0.0017 1193 816 1383 1012
guard-rail 0.0015 1046 921 1086 964
guard-rail 0.0012 750 883 944 1043
guard-rail 0.0011 1219 880 1329 967
guard-rail 0.0010 1032 913 1100 975
guard-rail 0.0010 1186 806 1234 851
rail 0.8714 533 621 1049 1081
rail 0.5506 734 657 1400 1078
rail 0.0174 573 625 1410 872
rail 0.0059 597 626 725 657
rail 0.0045 592 625 796 671
rail 0.0030 789 830 1311 1036
rail 0.0029 182 597 1119 1109
rail 0.0025 1 588 357 732
rail 0.0016 662 852 1180 1062
rail 0.0014 624 632 941 689
rail 0.0014 557 785 1289 1092
rail 0.0014 646 655 934 1034
rail 0.0013 763 930 1075 1036
switch-right 0.0017 1211 679 1316 707
switch-unknown 0.0116 693 639 813 670
switch-unknown 0.0109 718 650 805 672
switch-unknown 0.0081 637 633 729 661
switch-unknown 0.0070 661 636 748 665
switch-unknown 0.0043 616 629 708 655
switch-unknown 0.0019 1184 683 1279 709
switch-unknown 0.0012 638 624 724 650
switch-unknown 0.0012 627 619 693 647
switch-unknown 0.0011 1210 679 1318 708
switch-unknown 0.0010 645 644 728 671
switch-static 0.0156 1249 676 1328 701
switch-static 0.0019 1217 680 1311 705
switch-static 0.0019 1096 771 1168 793
track-sign-front 0.3649 803 504 818 613
track-sign-front 0.2037 803 479 820 527
track-sign-front 0.1204 1743 494 1827 542
track-sign-front 0.1011 801 490 816 552
track-sign-front 0.0746 336 526 355 590
track-sign-front 0.0638 803 553 817 610
track-sign-front 0.0411 571 456 606 498
track-sign-front 0.0253 797 483 822 619
track-sign-front 0.0193 533 508 570 545
track-sign-front 0.0152 534 513 556 543
track-sign-front 0.0150 599 316 625 336
track-sign-front 0.0129 1750 507 1817 588
track-sign-front 0.0110 805 577 817 605
track-sign-front 0.0085 798 465 826 571
track-sign-front 0.0084 1761 530 1808 590
track-sign-front 0.0073 533 469 558 586
track-sign-front 0.0067 534 507 552 570
track-sign-front 0.0030 338 531 362 605
track-sign-front 0.0021 1726 437 1840 625
track-sign-front 0.0018 544 455 598 562
track-sign-front 0.0015 600 313 632 345
track-sign-front 0.0014 338 536 354 634
track-sign-front 0.0012 1756 482 1867 554
track-sign-front 0.0011 793 526 820 649
track-sign-front 0.0010 592 452 666 501
track-sign-front 0.0010 703 519 721 541
track-signal-front 0.1108 803 480 821 520
track-signal-front 0.0152 800 475 833 510
track-signal-front 0.0045 338 522 353 572
track-signal-front 0.0024 798 458 827 524
track-signal-front 0.0015 1722 575 1741 624
track-signal-front 0.0012 799 422 851 505
track-signal-front 0.0012 824 443 850 519
track-signal-front 0.0010 333 516 362 590
track-signal-back 0.0345 570 455 603 495
track-signal-back 0.0061 542 395 581 472
track-signal-back 0.0060 551 401 593 483
track-signal-back 0.0053 566 450 607 535
track-signal-back 0.0049 559 414 598 511
track-signal-back 0.0018 827 400 848 451
track-signal-back 0.0010 830 399 847 430
pole 0.1502 594 404 617 710
pole 0.0259 599 544 614 672
pole 0.0226 574 375 614 684
pole 0.0147 473 256 502 664
pole 0.0108 597 407 634 706
pole 0.0077 532 462 555 616
pole 0.0074 536 420 583 674
pole 0.0056 548 363 599 672
pole 0.0041 1243 71 1277 652
pole 0.0039 596 451 619 572
pole 0.0026 533 509 548 640
pole 0.0025 594 507 612 647
pole 0.0021 496 254 537 737
pole 0.0012 590 534 652 706
pole 0.0012 584 485 614 624
pole 0.0011 570 474 641 699
pole 0.0011 592 509 623 698
pole 0.0011 448 266 515 660
rail-occluder 0.0010 533 596 553 655
rail-occluder 0.0010 535 625 600 657
