crossing 0.0017 753 518 813 556
crossing 0.0017 727 521 783 557
crossing 0.0015 557 963 823 1070
crossing 0.0011 711 521 761 551
train-car 0.0437 775 521 816 544
train-car 0.0162 473 514 663 613
train-car 0.0061 725 519 774 546
train-car 0.0031 777 499 827 545
train-car 0.0027 614 521 686 569
train-car 0.0027 577 521 670 583
train-car 0.0025 785 519 833 548
train-car 0.0013 742 485 824 548
train-car 0.0010 821 486 852 514
rail 0.9446 540 549 828 1074
rail 0.9334 1 551 747 1075
track-sign-front 0.0063 831 485 852 508
track-sign-front 0.0056 472 428 504 457
track-sign-front 0.0026 785 519 832 548
track-sign-front 0.0014 1074 125 1101 149
track-sign-front 0.0010 462 430 506 468
track-signal-front 0.0056 827 486 849 511
track-signal-back 0.0603 836 397 853 435
track-signal-back 0.0016 843 402 875 448
track-signal-back 0.0012 837 391 853 418
car 0.0074 460 515 655 623
car 0.0016 0 603 148 798
person 0.0096 1894 563 1921 642
person 0.0058 1878 543 1918 640
person 0.0010 1838 544 1912 641
pole 0.0029 776 430 790 550
pole 0.0013 756 465 811 564
pole 0.0010 715 467 744 557
