guard-rail 0.7297 1362 714 1679 1073
guard-rail 0.5991 820 735 907 1078
guard-rail 0.5530 1182 565 1230 662
guard-rail 0.1710 1248 492 1327 533
guard-rail 0.1157 1118 756 1221 1072
guard-rail 0.0903 1109 491 1127 536
guard-rail 0.0889 1115 491 1142 535
guard-rail 0.0654 1161 754 1271 1072
guard-rail 0.0341 1231 487 1304 522
guard-rail 0.0158 1335 703 1569 947
guard-rail 0.0152 1094 478 1114 537
guard-rail 0.0144 1222 496 1303 535
guard-rail 0.0129 1254 501 1359 543
guard-rail 0.0108 1163 484 1208 525
guard-rail 0.0106 1212 513 1253 544
guard-rail 0.0084 1134 481 1198 533
guard-rail 0.0068 1214 522 1252 558
guard-rail 0.0065 1107 739 1178 993
guard-rail 0.0063 1170 499 1213 534
guard-rail 0.0063 1189 506 1232 543
guard-rail 0.0054 1128 494 1180 541
guard-rail 0.0053 1215 482 1271 521
guard-rail 0.0052 1229 495 1332 553
guard-rail 0.0049 1080 440 1159 498
guard-rail 0.0048 1127 465 1190 507
guard-rail 0.0048 1133 534 1718 1050
guard-rail 0.0040 1161 472 1208 508
guard-rail 0.0039 1179 488 1222 530
guard-rail 0.0036 1269 498 1416 550
guard-rail 0.0031 1161 469 1315 559
guard-rail 0.0027 1456 803 1704 1074
guard-rail 0.0024 1179 556 1217 629
guard-rail 0.0024 1188 559 1279 663
guard-rail 0.0024 1406 714 1560 1043
guard-rail 0.0023 1208 472 1274 508
guard-rail 0.0022 1097 470 1159 539
guard-rail 0.0019 1192 521 1242 564
guard-rail 0.0018 1174 693 1589 1039
guard-rail 0.0018 1161 526 1233 655
guard-rail 0.0017 1308 510 1399 551
guard-rail 0.0017 1242 479 1314 514
guard-rail 0.0016 1150 540 1332 676
guard-rail 0.0016 1062 434 1127 506
guard-rail 0.0015 1221 520 1284 561
guard-rail 0.0015 723 714 1086 1087
guard-rail 0.0014 848 722 901 942
guard-rail 0.0014 1106 468 1205 557
guard-rail 0.0012 1105 761 1173 895
guard-rail 0.0011 1179 436 1237 469
guard-rail 0.0011 804 750 874 1068
guard-rail 0.0011 1209 738 1281 1044
guard-rail 0.0010 1007 729 1378 1078
train-car 0.0042 965 354 1018 389
train-car 0.0038 968 372 1020 397
train-car 0.0038 967 334 1022 399
train-car 0.0035 947 330 1001 393
train-car 0.0033 1000 330 1044 383
train-car 0.0028 1015 338 1060 386
train-car 0.0012 956 369 1005 394
rail 0.9398 788 374 1281 1072
rail 0.8181 -2 374 940 925
rail 0.8121 1005 391 1927 1066
rail 0.6497 1142 404 1914 611
rail 0.0783 1378 434 1880 588
rail 0.0359 1007 387 1059 413
rail 0.0230 -2 406 805 653
rail 0.0160 1577 459 1906 592
rail 0.0117 1115 401 1641 512
rail 0.0061 1664 484 1894 617
rail 0.0057 1025 388 1091 415
rail 0.0057 795 730 1244 1071
rail 0.0056 1059 575 1592 990
rail 0.0040 1138 448 1491 541
rail 0.0038 951 420 1474 1082
rail 0.0034 994 380 1087 429
rail 0.0032 1268 412 1591 499
rail 0.0031 1254 393 1889 519
rail 0.0028 1125 708 1638 1076
rail 0.0027 804 403 968 1085
rail 0.0024 971 379 1038 407
rail 0.0023 0 464 538 675
rail 0.0021 1320 453 1888 737
rail 0.0017 1747 506 1927 615
rail 0.0016 995 357 1617 883
rail 0.0015 1171 418 1664 578
rail 0.0012 1318 648 1884 1068
rail 0.0010 1684 515 1916 664
rail 0.0010 993 393 1065 444
switch-indicator 0.0077 1155 400 1182 439
switch-indicator 0.0039 1161 391 1194 442
switch-left 0.0133 883 752 1174 861
switch-left 0.0100 1046 423 1101 457
switch-left 0.0054 1058 421 1133 468
switch-left 0.0047 829 742 1193 971
switch-left 0.0022 1132 692 1515 892
switch-left 0.0018 1189 724 1437 858
switch-left 0.0014 1070 425 1161 484
switch-right 0.0657 1060 428 1132 459
switch-right 0.0089 1044 422 1101 456
switch-right 0.0084 1078 433 1171 475
switch-right 0.0030 1062 418 1159 467
switch-right 0.0022 908 714 1211 891
switch-right 0.0010 1154 754 1380 844
switch-unknown 0.1118 1018 392 1071 417
switch-unknown 0.0875 1031 401 1080 425
switch-unknown 0.0840 1010 389 1056 412
switch-unknown 0.0678 1053 423 1118 452
switch-unknown 0.0642 1041 414 1094 437
switch-unknown 0.0204 993 377 1056 408
switch-unknown 0.0161 1049 405 1108 431
switch-unknown 0.0072 966 370 1018 397
switch-unknown 0.0060 1030 386 1086 413
switch-unknown 0.0029 976 380 1032 406
switch-unknown 0.0028 955 367 1005 394
switch-unknown 0.0017 1009 401 1051 432
switch-static 0.0106 708 605 813 644
switch-static 0.0086 1100 422 1168 447
switch-static 0.0071 1669 598 1759 632
switch-static 0.0032 680 607 773 643
switch-static 0.0026 1151 402 1184 438
switch-static 0.0023 1077 399 1138 427
switch-static 0.0022 1647 578 1789 641
switch-static 0.0019 742 599 814 636
switch-static 0.0018 744 614 807 648
switch-static 0.0014 667 608 792 661
track-sign-front 0.1061 1353 344 1371 371
track-sign-front 0.0417 1165 390 1183 422
track-sign-front 0.0306 1462 257 1498 362
track-sign-front 0.0250 1436 239 1466 313
track-sign-front 0.0211 1436 248 1480 291
track-sign-front 0.0134 1443 240 1499 335
track-sign-front 0.0106 1477 288 1500 367
track-sign-front 0.0054 1475 255 1498 321
track-sign-front 0.0044 1159 339 1180 400
track-sign-front 0.0039 1434 241 1469 372
track-sign-front 0.0029 1827 244 1853 372
track-sign-front 0.0027 1433 210 1458 324
track-sign-front 0.0027 1349 333 1376 380
track-sign-front 0.0019 1829 198 1859 419
track-sign-front 0.0012 1353 340 1378 408
track-sign-front 0.0010 1444 323 1489 384
track-signal-front 0.0072 1004 337 1023 365
track-signal-front 0.0051 956 333 980 361
track-signal-front 0.0030 1022 331 1060 379
track-signal-front 0.0015 976 323 1023 363
track-signal-front 0.0012 864 304 880 330
track-signal-front 0.0010 943 325 979 362
pole 0.5158 1414 -22 1493 510
pole 0.0677 1157 82 1189 431
pole 0.0469 1083 201 1098 424
pole 0.0255 1365 19 1407 466
pole 0.0247 1196 238 1214 422
pole 0.0223 1409 123 1460 504
pole 0.0148 1157 195 1181 420
pole 0.0135 1419 214 1485 518
pole 0.0129 1167 88 1202 447
pole 0.0112 1853 -44 1913 546
pole 0.0104 1748 51 1780 592
pole 0.0089 1191 149 1213 440
pole 0.0064 1178 227 1212 424
pole 0.0061 1466 261 1499 375
pole 0.0061 1358 122 1379 454
pole 0.0058 1429 317 1468 508
pole 0.0048 1833 24 1888 592
pole 0.0037 1777 77 1849 559
pole 0.0035 1085 247 1096 393
pole 0.0030 1420 258 1453 515
pole 0.0030 1068 188 1097 438
pole 0.0028 1081 189 1116 433
pole 0.0026 1191 259 1222 446
pole 0.0026 1407 322 1512 537
pole 0.0022 1455 218 1508 514
pole 0.0021 1097 190 1163 444
pole 0.0017 1445 258 1486 448
pole 0.0017 1389 367 1475 517
pole 0.0015 1134 102 1197 435
pole 0.0014 1158 245 1178 387
pole 0.0013 1600 283 1627 535
pole 0.0013 1451 -28 1498 415
pole 0.0013 1150 188 1211 437
pole 0.0012 1202 237 1240 429
pole 0.0012 1428 224 1538 514
pole 0.0012 1159 272 1200 440
pole 0.0012 1551 24 1797 571
pole 0.0011 1713 -1 1795 570
pole 0.0010 1439 11 1733 561
pole 0.0010 1754 230 1777 541
pole 0.0010 1422 350 1451 475
pole 0.0010 1159 352 1197 434
rail-occluder 0.1330 1541 444 1665 563
rail-occluder 0.1127 1702 502 1772 587
rail-occluder 0.0931 1443 434 1757 582
rail-occluder 0.0310 1563 441 1649 528
rail-occluder 0.0237 1613 474 1828 588
rail-occluder 0.0216 1165 390 1185 424
rail-occluder 0.0099 1544 440 1611 529
rail-occluder 0.0080 1678 471 1796 574
rail-occluder 0.0062 1570 447 1698 540
rail-occluder 0.0036 1541 436 1570 477
rail-occluder 0.0025 1211 398 1246 431
rail-occluder 0.0022 1174 387 1236 435
rail-occluder 0.0017 1191 400 1235 453
rail-occluder 0.0016 1536 437 1580 513
rail-occluder 0.0016 1561 401 1640 509
rail-occluder 0.0015 1465 405 1731 509
rail-occluder 0.0013 1140 395 1265 432
rail-occluder 0.0013 1659 502 1847 625
rail-occluder 0.0012 1523 471 1779 603
rail-occluder 0.0010 1700 518 1806 608
