crossing 0.0011 77 637 234 679
guard-rail 0.7909 1081 687 1148 893
guard-rail 0.4973 693 685 882 883
guard-rail 0.3505 557 607 1001 967
guard-rail 0.2535 1018 645 1148 879
guard-rail 0.0719 1071 675 1124 846
guard-rail 0.0218 929 782 958 947
guard-rail 0.0169 846 763 943 947
guard-rail 0.0163 652 691 847 962
guard-rail 0.0132 896 783 950 942
guard-rail 0.0128 1077 674 1098 748
guard-rail 0.0103 916 809 951 954
guard-rail 0.0085 806 615 988 1016
guard-rail 0.0083 905 773 961 1000
guard-rail 0.0070 774 683 895 816
guard-rail 0.0068 680 757 800 882
guard-rail 0.0063 728 721 833 859
guard-rail 0.0059 1075 681 1112 793
guard-rail 0.0054 1073 643 1090 697
guard-rail 0.0041 860 729 976 985
guard-rail 0.0036 939 758 970 961
guard-rail 0.0029 1067 628 1084 684
guard-rail 0.0027 857 822 932 939
guard-rail 0.0021 929 747 982 1032
guard-rail 0.0020 1010 628 1166 1051
guard-rail 0.0019 1066 667 1096 733
guard-rail 0.0018 1076 697 1190 1071
guard-rail 0.0018 825 800 938 1005
guard-rail 0.0017 940 827 968 939
guard-rail 0.0015 1103 714 1157 983
guard-rail 0.0011 1069 689 1103 761
rail 0.9126 476 492 1041 1074
rail 0.9066 895 463 1221 1077
rail 0.8842 0 456 885 754
rail 0.4966 8 467 921 1026
rail 0.0730 1008 621 1140 903
rail 0.0164 795 459 892 499
rail 0.0131 703 553 1010 1034
rail 0.0099 809 507 853 538
rail 0.0067 1022 555 1214 1034
rail 0.0058 1009 460 1057 485
rail 0.0049 1000 473 1046 505
rail 0.0046 807 483 881 527
rail 0.0031 807 663 969 1067
rail 0.0030 794 449 870 488
rail 0.0029 751 460 866 498
rail 0.0026 834 461 913 505
rail 0.0026 784 456 1079 1080
rail 0.0025 622 590 976 901
rail 0.0023 857 484 909 520
rail 0.0022 897 518 1060 1075
rail 0.0019 262 453 933 673
rail 0.0017 794 477 884 561
rail 0.0013 982 466 1025 488
rail 0.0012 5 518 660 719
rail 0.0010 822 449 935 519
switch-indicator 0.0690 938 507 954 525
switch-indicator 0.0134 927 505 953 533
switch-indicator 0.0028 899 484 956 532
switch-indicator 0.0027 1082 513 1119 547
switch-indicator 0.0022 1140 506 1163 554
switch-left 0.1361 981 524 1046 570
switch-left 0.0135 992 517 1057 550
switch-right 0.3542 984 525 1043 559
switch-right 0.0468 992 507 1035 535
switch-right 0.0029 977 532 1044 584
switch-unknown 0.0290 810 508 852 536
switch-unknown 0.0134 811 462 876 495
switch-unknown 0.0117 1000 470 1044 501
switch-unknown 0.0065 810 482 876 527
switch-unknown 0.0050 1010 459 1055 481
switch-unknown 0.0034 806 437 853 489
switch-unknown 0.0024 819 442 881 488
switch-unknown 0.0022 844 454 904 507
switch-static 0.2205 1045 520 1088 541
switch-static 0.0661 992 516 1057 546
switch-static 0.0428 1064 528 1103 551
switch-static 0.0220 940 510 974 538
switch-static 0.0215 1050 519 1106 546
switch-static 0.0185 897 551 937 570
switch-static 0.0147 941 501 972 523
switch-static 0.0124 1044 511 1084 536
switch-static 0.0098 990 502 1031 528
switch-static 0.0088 1082 515 1118 543
switch-static 0.0083 879 547 926 573
switch-static 0.0054 1132 530 1160 557
switch-static 0.0039 1072 496 1114 539
switch-static 0.0035 1074 525 1146 562
switch-static 0.0026 917 522 979 572
switch-static 0.0025 996 480 1061 538
switch-static 0.0020 931 506 963 531
switch-static 0.0017 853 553 902 583
switch-static 0.0014 920 505 955 535
track-sign-front 0.0967 1091 465 1107 482
track-sign-front 0.0663 531 526 548 544
track-sign-front 0.0398 1149 467 1161 491
track-sign-front 0.0390 1145 469 1161 534
track-sign-front 0.0186 761 409 770 449
track-sign-front 0.0157 765 457 774 478
track-sign-front 0.0141 983 466 995 477
track-sign-front 0.0130 762 430 772 475
track-sign-front 0.0128 1143 490 1162 550
track-sign-front 0.0113 809 511 835 537
track-sign-front 0.0101 1101 465 1118 482
track-sign-front 0.0082 968 462 998 483
track-sign-front 0.0068 875 483 912 521
track-sign-front 0.0067 877 463 918 514
track-sign-front 0.0064 1146 467 1162 503
track-sign-front 0.0059 934 417 955 485
track-sign-front 0.0043 527 522 545 548
track-sign-front 0.0039 1029 453 1060 483
track-sign-front 0.0032 1258 465 1295 536
track-sign-front 0.0032 1084 464 1113 485
track-sign-front 0.0030 420 510 452 558
track-sign-front 0.0028 937 444 984 482
track-sign-front 0.0026 982 462 1013 483
track-sign-front 0.0026 913 412 955 502
track-sign-front 0.0024 1138 527 1163 557
track-sign-front 0.0024 923 437 956 510
track-sign-front 0.0023 1262 469 1294 509
track-sign-front 0.0022 856 434 897 486
track-sign-front 0.0020 1040 433 1086 488
track-sign-front 0.0017 1035 455 1098 484
track-sign-front 0.0013 1046 415 1063 464
track-sign-front 0.0012 870 409 926 511
track-signal-back 0.0027 1232 351 1263 372
pole 0.7128 874 115 916 548
pole 0.0243 940 359 952 482
pole 0.0099 418 156 461 574
pole 0.0085 935 356 954 506
pole 0.0059 939 263 954 532
pole 0.0056 760 396 770 452
pole 0.0052 924 331 954 527
pole 0.0042 759 372 773 486
pole 0.0036 888 183 922 531
pole 0.0029 872 327 920 537
pole 0.0028 810 397 833 475
pole 0.0022 1062 368 1074 472
pole 0.0021 837 84 950 565
pole 0.0020 804 375 826 484
pole 0.0017 863 361 897 516
pole 0.0017 943 382 958 481
pole 0.0017 932 412 953 498
pole 0.0014 917 402 951 517
pole 0.0014 856 223 924 573
pole 0.0014 762 430 776 491
pole 0.0012 887 292 955 546
rail-occluder 0.2197 803 533 821 615
rail-occluder 0.0402 809 510 846 537
rail-occluder 0.0145 672 514 689 533
rail-occluder 0.0137 529 523 549 548
rail-occluder 0.0111 803 521 834 614
rail-occluder 0.0034 864 484 905 519
rail-occluder 0.0031 799 478 863 564
rail-occluder 0.0030 672 513 708 533
rail-occluder 0.0030 900 450 947 503
rail-occluder 0.0029 791 511 848 632
rail-occluder 0.0018 808 532 867 609
rail-occluder 0.0016 797 483 835 573
rail-occluder 0.0015 877 487 916 548
rail-occluder 0.0013 922 439 951 510
rail-occluder 0.0012 666 512 688 539
