guard-rail 0.0026 21 552 494 882
guard-rail 0.0017 11 437 671 1034
platform 0.7141 0 346 973 1066
platform 0.2618 3 385 775 727
platform 0.0141 675 351 911 433
platform 0.0116 -2 444 524 689
rail 0.9554 799 357 1136 1070
rail 0.4343 7 355 940 980
rail 0.1775 687 359 917 477
rail 0.0633 375 327 753 646
rail 0.0503 494 356 904 554
rail 0.0218 16 408 693 796
rail 0.0059 251 343 896 739
rail 0.0047 301 366 556 733
rail 0.0044 685 373 851 444
rail 0.0040 677 375 843 529
rail 0.0040 629 322 747 544
rail 0.0030 665 359 915 624
rail 0.0028 20 366 698 610
rail 0.0023 1 494 527 879
rail 0.0021 647 357 882 422
rail 0.0020 832 337 904 409
rail 0.0018 857 353 920 400
rail 0.0017 787 341 952 414
rail 0.0015 -1 387 361 566
rail 0.0014 14 367 414 490
rail 0.0013 946 351 998 374
rail 0.0012 554 395 825 594
track-sign-front 0.7096 1072 400 1103 435
track-sign-front 0.0040 969 350 1006 374
track-sign-front 0.0021 980 356 1007 377
track-sign-front 0.0018 952 347 995 373
track-sign-front 0.0018 1055 395 1116 445
track-sign-front 0.0015 987 353 1020 375
track-signal-front 0.0012 956 337 990 371
pole 0.2981 807 251 823 444
pole 0.1551 861 291 878 405
pole 0.1548 674 314 699 535
pole 0.1394 333 297 349 479
pole 0.1033 610 312 672 550
pole 0.0894 398 332 529 672
pole 0.0848 883 284 895 394
pole 0.0799 632 307 688 539
pole 0.0664 804 310 817 445
pole 0.0417 855 326 879 416
pole 0.0342 854 257 873 425
pole 0.0280 556 317 681 561
pole 0.0206 770 323 853 453
pole 0.0178 558 307 624 581
pole 0.0164 798 253 833 445
pole 0.0150 868 259 885 395
pole 0.0147 791 347 820 453
pole 0.0129 398 313 700 603
pole 0.0106 811 257 824 397
pole 0.0098 337 355 350 481
pole 0.0069 219 334 234 491
pole 0.0063 875 346 904 403
pole 0.0063 245 324 264 492
pole 0.0053 800 350 835 448
pole 0.0050 616 332 750 552
pole 0.0037 742 291 885 455
pole 0.0034 679 346 696 495
pole 0.0034 309 344 548 754
pole 0.0033 477 286 550 603
pole 0.0032 254 346 271 478
pole 0.0031 839 266 884 422
pole 0.0029 832 299 909 406
pole 0.0022 681 256 704 509
pole 0.0021 681 388 702 517
pole 0.0021 853 281 892 406
pole 0.0016 574 301 795 512
pole 0.0016 324 328 350 493
pole 0.0016 326 273 608 633
pole 0.0016 897 295 937 389
pole 0.0016 657 305 720 521
pole 0.0015 0 453 50 979
pole 0.0015 786 253 805 425
pole 0.0013 616 356 665 507
pole 0.0011 335 320 367 482
pole 0.0011 678 310 695 430
pole 0.0010 585 248 650 545
pole 0.0010 784 271 865 431
pole 0.0010 0 425 98 993
rail-occluder 0.4397 386 327 667 673
rail-occluder 0.1756 101 334 786 702
rail-occluder 0.0780 479 330 693 604
rail-occluder 0.0698 411 319 562 643
rail-occluder 0.0436 595 332 677 563
rail-occluder 0.0383 402 358 494 684
rail-occluder 0.0302 535 322 644 602
rail-occluder 0.0274 847 382 861 416
rail-occluder 0.0269 850 373 865 417
rail-occluder 0.0232 634 338 682 547
rail-occluder 0.0202 560 314 714 567
rail-occluder 0.0079 466 313 594 617
rail-occluder 0.0072 620 338 750 560
rail-occluder 0.0037 635 422 686 528
rail-occluder 0.0033 561 411 760 539
rail-occluder 0.0027 367 414 539 800
rail-occluder 0.0025 295 395 607 826
rail-occluder 0.0016 613 412 663 540
rail-occluder 0.0016 658 420 704 522
rail-occluder 0.0014 795 377 838 464
rail-occluder 0.0014 813 379 894 420
rail-occluder 0.0014 404 479 484 662
