train-car 0.8074 836 536 1378 757
train-car 0.0307 862 552 938 592
train-car 0.0114 960 527 1284 719
train-car 0.0043 884 546 950 605
train-car 0.0030 826 519 932 591
train-car 0.0026 911 500 950 607
train-car 0.0019 867 481 1329 674
train-car 0.0014 871 554 977 615
train-car 0.0013 1117 543 1393 756
rail 0.9389 106 570 821 1072
rail 0.8884 773 570 1143 1074
rail 0.8321 1279 728 1917 1076
rail 0.6953 1341 705 1920 912
rail 0.0033 703 529 1906 1064
rail 0.0012 764 559 926 595
rail 0.0012 797 561 953 609
rail 0.0011 1501 738 1934 987
track-sign-front 0.3276 543 516 561 619
track-sign-front 0.1222 754 513 771 590
track-sign-front 0.1163 544 453 565 620
track-sign-front 0.1158 755 540 769 580
track-sign-front 0.0748 539 512 559 661
track-sign-front 0.0217 824 541 835 580
track-sign-front 0.0091 539 571 557 653
track-sign-front 0.0085 1114 564 1131 679
track-sign-front 0.0060 990 569 1256 709
track-sign-front 0.0037 1114 608 1137 681
track-sign-front 0.0037 542 369 572 667
track-sign-front 0.0034 753 554 767 612
track-sign-front 0.0016 748 538 775 585
track-sign-front 0.0014 749 498 776 604
track-sign-front 0.0012 1573 481 1614 512
track-sign-front 0.0011 542 532 574 667
track-sign-front 0.0010 535 558 565 673
track-sign-front 0.0010 1115 552 1131 623
track-signal-front 0.0427 825 505 836 539
track-signal-front 0.0271 927 498 944 530
track-signal-front 0.0180 928 487 945 553
track-signal-front 0.0028 823 488 849 542
track-signal-front 0.0011 932 456 953 517
track-signal-back 0.0015 755 441 771 546
track-signal-back 0.0015 1020 494 1036 532
pole 0.1316 753 444 773 602
pole 0.1021 1116 254 1147 750
pole 0.0846 823 490 835 588
pole 0.0382 756 499 774 589
pole 0.0265 927 474 946 568
pole 0.0237 868 478 883 595
pole 0.0164 914 488 947 615
pole 0.0112 929 494 946 542
pole 0.0112 1318 355 1351 691
pole 0.0096 1113 526 1132 717
pole 0.0088 823 497 838 548
pole 0.0082 1324 382 1344 581
pole 0.0059 755 542 770 590
pole 0.0044 822 549 862 594
pole 0.0039 928 546 948 611
pole 0.0036 870 468 898 601
pole 0.0035 1096 272 1140 755
pole 0.0034 823 540 837 587
pole 0.0030 1028 402 1223 798
pole 0.0028 1118 356 1142 662
pole 0.0028 542 293 578 667
pole 0.0026 868 492 885 548
pole 0.0022 757 415 777 576
pole 0.0018 1292 447 1365 780
pole 0.0014 768 467 835 590
pole 0.0014 1116 431 1136 679
pole 0.0013 823 476 849 555
pole 0.0011 871 480 929 608
pole 0.0010 734 438 788 608
