crossing 0.0011 1123 953 1420 1072
rail 0.7334 1138 548 1691 1076
rail 0.5475 202 563 1558 1066
rail 0.3726 1678 572 1921 803
rail 0.0594 1681 583 1921 1071
rail 0.0224 1715 572 1921 692
rail 0.0103 1772 595 1925 749
rail 0.0064 1829 617 1921 777
rail 0.0043 -102 654 1204 1080
rail 0.0040 1688 538 1921 647
rail 0.0038 1550 537 1932 866
rail 0.0031 1839 567 1920 681
rail 0.0027 1755 534 1925 613
rail 0.0024 1754 605 1913 873
rail 0.0023 399 523 1780 913
rail 0.0021 1450 562 1951 1112
rail 0.0021 1780 553 1935 659
rail 0.0020 1801 530 1916 572
rail 0.0019 1140 603 1438 1072
rail 0.0015 1321 571 1594 1044
rail 0.0014 1826 613 1923 1083
rail 0.0012 1535 516 1888 715
rail 0.0011 1843 528 1924 621
rail 0.0010 1885 554 1921 692
switch-static 0.0019 1462 598 1509 622
track-sign-front 0.6082 579 591 605 620
track-sign-front 0.2141 1405 416 1434 457
track-sign-front 0.1851 961 489 984 517
track-sign-front 0.1352 1181 547 1193 564
track-sign-front 0.0984 1179 543 1194 584
track-sign-front 0.0841 1720 561 1750 580
track-sign-front 0.0678 1481 602 1514 622
track-sign-front 0.0449 582 632 610 673
track-sign-front 0.0316 1179 572 1195 627
track-sign-front 0.0203 1176 523 1193 591
track-sign-front 0.0189 954 455 979 494
track-sign-front 0.0178 1458 546 1477 597
track-sign-front 0.0148 961 487 989 534
track-sign-front 0.0142 1181 598 1194 625
track-sign-front 0.0117 1400 400 1432 438
track-sign-front 0.0085 1170 576 1193 616
track-sign-front 0.0084 1166 549 1196 610
track-sign-front 0.0057 1496 564 1537 614
track-sign-front 0.0044 1179 537 1204 620
track-sign-front 0.0044 1464 599 1509 620
track-sign-front 0.0041 970 508 1003 595
track-sign-front 0.0040 961 457 988 505
track-sign-front 0.0038 579 564 607 632
track-sign-front 0.0035 965 452 998 610
track-sign-front 0.0029 965 501 1001 557
track-sign-front 0.0020 1512 332 1527 354
track-sign-front 0.0020 1173 543 1199 592
track-sign-front 0.0019 1568 479 1613 594
track-sign-front 0.0019 1718 565 1752 608
track-sign-front 0.0017 1169 511 1199 606
track-sign-front 0.0014 1411 392 1457 474
track-sign-front 0.0014 1488 600 1520 629
track-sign-front 0.0013 780 559 817 600
track-sign-front 0.0010 1446 490 1484 613
track-signal-front 0.8178 1394 316 1435 403
track-signal-front 0.7698 947 388 980 461
track-signal-front 0.0284 942 348 976 449
track-signal-front 0.0251 1389 247 1449 491
track-signal-front 0.0140 1874 460 1886 484
track-signal-front 0.0120 935 323 974 419
track-signal-front 0.0074 949 423 978 477
track-signal-front 0.0065 1399 398 1433 442
track-signal-front 0.0051 941 375 989 487
track-signal-front 0.0050 1395 317 1428 347
track-signal-front 0.0035 1510 334 1529 367
track-signal-front 0.0028 947 377 1042 462
track-signal-front 0.0021 950 380 997 451
track-signal-front 0.0017 950 302 983 373
track-signal-front 0.0014 1425 299 1468 412
track-signal-front 0.0012 928 307 980 391
track-signal-front 0.0010 1510 344 1534 426
track-signal-front 0.0010 1871 457 1886 497
pole 0.4151 1708 138 1748 677
pole 0.2957 966 482 1005 722
pole 0.2839 1459 221 1503 641
pole 0.1954 1468 264 1520 666
pole 0.1913 1569 321 1587 604
pole 0.1431 1412 400 1432 612
pole 0.1159 1511 323 1540 640
pole 0.0823 1577 355 1611 595
pole 0.0816 1406 334 1439 618
pole 0.0716 1606 373 1626 586
pole 0.0490 1448 329 1474 638
pole 0.0424 1518 318 1567 627
pole 0.0355 1482 347 1514 642
pole 0.0339 1175 378 1198 634
pole 0.0288 1457 377 1491 616
pole 0.0209 1526 307 1546 619
pole 0.0201 571 143 611 772
pole 0.0178 954 366 1009 727
pole 0.0161 1571 294 1599 588
pole 0.0160 1542 274 1588 614
pole 0.0111 1418 276 1451 583
pole 0.0110 1418 477 1432 613
pole 0.0102 1418 440 1436 700
pole 0.0072 1574 447 1619 611
pole 0.0070 981 523 1027 715
pole 0.0068 1479 244 1509 583
pole 0.0067 977 569 1002 714
pole 0.0061 1528 437 1548 618
pole 0.0056 1612 391 1636 570
pole 0.0051 1164 374 1193 638
pole 0.0049 1609 396 1624 537
pole 0.0046 1181 338 1205 624
pole 0.0046 1433 422 1475 620
pole 0.0045 1458 451 1484 595
pole 0.0042 1572 413 1586 558
pole 0.0042 971 531 998 677
pole 0.0038 1169 248 1202 623
pole 0.0036 1564 384 1595 610
pole 0.0035 1713 317 1752 643
pole 0.0034 1701 135 1731 569
pole 0.0031 1170 475 1202 645
pole 0.0031 1569 369 1583 515
pole 0.0030 1603 472 1635 589
pole 0.0029 1568 464 1595 592
pole 0.0027 1392 388 1451 624
pole 0.0026 1709 272 1735 599
pole 0.0025 1555 325 1616 607
pole 0.0023 1491 358 1576 648
pole 0.0022 1514 459 1546 596
pole 0.0019 1411 435 1441 649
pole 0.0019 1430 275 1469 548
pole 0.0019 542 19 618 731
pole 0.0018 1568 390 1602 539
pole 0.0017 1510 248 1597 637
pole 0.0016 1424 527 1441 715
pole 0.0016 1446 432 1474 579
pole 0.0016 1374 321 1427 614
pole 0.0016 1421 267 1551 674
pole 0.0015 1157 322 1213 645
pole 0.0015 572 123 649 808
pole 0.0015 942 444 985 712
pole 0.0014 1177 439 1198 582
pole 0.0014 1415 450 1445 763
pole 0.0013 1016 539 1056 703
pole 0.0013 1614 377 1627 506
pole 0.0013 1524 414 1543 557
pole 0.0013 1459 405 1540 719
pole 0.0012 1729 178 1803 666
pole 0.0011 1545 416 1656 623
pole 0.0011 937 502 1081 734
pole 0.0011 1478 452 1513 594
pole 0.0010 1540 241 1642 640
pole 0.0010 1513 397 1540 536
rail-occluder 0.0774 1574 543 1601 597
rail-occluder 0.0759 1457 557 1478 607
rail-occluder 0.0611 1524 551 1546 594
rail-occluder 0.0196 1584 541 1631 595
rail-occluder 0.0108 1457 555 1490 619
rail-occluder 0.0092 1563 542 1620 599
rail-occluder 0.0088 1542 546 1593 602
rail-occluder 0.0080 1470 511 1526 622
rail-occluder 0.0044 1605 528 1668 582
rail-occluder 0.0041 1452 550 1521 607
rail-occluder 0.0040 1526 560 1550 607
rail-occluder 0.0037 1178 567 1216 632
rail-occluder 0.0032 1562 560 1594 605
rail-occluder 0.0028 1574 538 1682 592
rail-occluder 0.0025 1569 556 1609 606
rail-occluder 0.0020 1217 577 1238 627
rail-occluder 0.0018 1180 600 1220 635
rail-occluder 0.0016 981 691 1002 720
rail-occluder 0.0014 1464 597 1509 623
rail-occluder 0.0014 1626 527 1700 570
rail-occluder 0.0012 1216 595 1241 632
rail-occluder 0.0010 1428 582 1458 650
