crossing 0.1087 1036 688 1098 708
crossing 0.0017 1074 690 1138 706
crossing 0.0010 1049 691 1110 713
guard-rail 0.8531 1140 903 1303 1076
guard-rail 0.2591 777 911 838 1069
guard-rail 0.0984 803 906 839 978
guard-rail 0.0335 1204 928 1323 1081
guard-rail 0.0310 764 675 822 707
guard-rail 0.0154 753 689 811 717
guard-rail 0.0127 796 915 847 1017
guard-rail 0.0085 1121 890 1241 1047
guard-rail 0.0062 770 686 822 725
guard-rail 0.0062 956 780 1571 1129
guard-rail 0.0055 734 919 827 1071
guard-rail 0.0048 813 914 852 1062
guard-rail 0.0043 787 662 839 716
guard-rail 0.0039 743 696 793 719
guard-rail 0.0028 441 915 528 1072
guard-rail 0.0021 798 698 850 733
guard-rail 0.0019 765 735 926 1042
guard-rail 0.0019 596 905 714 1068
guard-rail 0.0016 887 686 970 733
guard-rail 0.0015 707 696 754 717
rail 0.9208 6 643 824 1077
rail 0.9008 873 651 1311 1074
rail 0.8961 993 646 1709 1076
rail 0.8916 753 640 1046 1073
rail 0.2324 1075 657 1922 936
rail 0.1023 -4 648 742 889
rail 0.0480 398 641 869 1074
rail 0.0275 -1 702 547 981
rail 0.0084 1390 680 1929 866
rail 0.0077 -2 734 337 902
rail 0.0042 0 745 332 1048
rail 0.0038 299 749 759 1067
rail 0.0030 875 635 910 664
rail 0.0027 856 633 903 659
rail 0.0026 -1 770 183 953
rail 0.0016 1590 724 1915 859
rail 0.0015 852 614 898 662
rail 0.0014 572 692 830 1068
rail 0.0013 27 794 499 1073
rail 0.0012 1 754 166 879
rail 0.0012 1215 725 1434 1008
rail 0.0011 33 778 283 876
rail 0.0011 1307 651 1902 803
rail 0.0011 -1 872 169 1068
rail 0.0010 1737 716 1927 876
rail 0.0010 210 727 434 886
switch-indicator 0.0415 402 700 418 719
switch-indicator 0.0170 176 716 192 738
switch-indicator 0.0072 124 721 151 751
switch-indicator 0.0040 127 725 143 749
switch-indicator 0.0017 394 699 424 726
switch-indicator 0.0013 162 820 188 843
switch-indicator 0.0010 155 819 188 854
switch-left 0.1107 884 683 950 719
switch-left 0.0022 757 663 827 713
switch-left 0.0020 886 689 959 740
switch-left 0.0012 871 665 944 716
switch-left 0.0011 849 650 909 680
switch-left 0.0011 811 903 983 971
switch-right 0.3127 882 685 949 717
switch-right 0.0701 884 673 943 703
switch-right 0.0487 879 665 935 693
switch-right 0.0249 757 680 821 709
switch-right 0.0047 743 687 798 713
switch-right 0.0019 849 641 911 682
switch-unknown 0.0266 771 665 830 694
switch-unknown 0.0209 857 634 903 655
switch-unknown 0.0188 875 637 908 659
switch-unknown 0.0126 795 654 842 682
switch-unknown 0.0117 827 633 887 663
switch-unknown 0.0088 810 644 847 675
switch-unknown 0.0058 814 645 875 677
switch-unknown 0.0035 1006 673 1088 704
switch-unknown 0.0030 849 610 899 665
switch-unknown 0.0020 877 623 912 657
switch-unknown 0.0016 777 618 835 685
switch-unknown 0.0015 887 632 922 664
switch-unknown 0.0011 766 623 798 674
switch-static 0.0117 505 745 571 767
switch-static 0.0059 1006 720 1051 742
switch-static 0.0049 488 749 561 772
switch-static 0.0034 1004 712 1054 736
switch-static 0.0029 821 700 879 730
switch-static 0.0028 1006 691 1070 728
switch-static 0.0026 157 821 187 848
switch-static 0.0019 531 736 572 760
switch-static 0.0014 82 803 248 873
switch-static 0.0014 820 678 887 723
switch-static 0.0011 142 815 203 858
switch-static 0.0010 942 682 984 715
track-sign-front 0.0140 176 717 190 737
track-sign-front 0.0123 1397 712 1415 730
track-sign-front 0.0015 1392 708 1426 731
track-signal-back 0.5674 850 559 869 582
track-signal-back 0.3928 961 560 978 585
track-signal-back 0.3474 1022 566 1044 586
track-signal-back 0.2999 716 564 733 588
track-signal-back 0.2305 802 563 823 586
track-signal-back 0.0707 1026 570 1045 595
track-signal-back 0.0582 1128 561 1144 584
track-signal-back 0.0562 716 565 732 610
track-signal-back 0.0512 959 548 976 654
track-signal-back 0.0406 659 564 683 586
track-signal-back 0.0365 852 569 865 611
track-signal-back 0.0154 813 571 824 646
track-signal-back 0.0133 1103 555 1137 596
track-signal-back 0.0120 785 548 799 621
track-signal-back 0.0094 807 560 826 580
track-signal-back 0.0091 849 570 870 626
track-signal-back 0.0081 1130 567 1144 601
track-signal-back 0.0070 1133 562 1150 587
track-signal-back 0.0070 1029 563 1061 584
track-signal-back 0.0046 1097 560 1108 647
track-signal-back 0.0044 1097 555 1109 595
track-signal-back 0.0027 657 560 696 584
track-signal-back 0.0026 648 552 675 647
track-signal-back 0.0026 713 561 755 588
track-signal-back 0.0024 943 528 981 596
track-signal-back 0.0023 922 527 936 639
track-signal-back 0.0022 659 563 686 619
track-signal-back 0.0015 708 560 735 583
track-signal-back 0.0011 922 534 936 581
track-signal-back 0.0011 1100 549 1122 590
track-signal-back 0.0010 959 550 996 578
pole 0.1122 1422 390 1453 730
pole 0.0647 782 548 794 668
pole 0.0402 958 533 978 670
pole 0.0208 775 549 811 672
pole 0.0190 816 567 825 659
pole 0.0185 717 563 729 656
pole 0.0070 1099 556 1113 676
pole 0.0047 918 538 937 663
pole 0.0043 785 525 800 641
pole 0.0039 1034 566 1051 665
pole 0.0034 269 412 290 745
pole 0.0029 839 592 873 667
pole 0.0022 1430 502 1451 737
pole 0.0016 949 550 986 682
pole 0.0015 1400 382 1461 718
pole 0.0014 642 560 678 679
pole 0.0013 958 597 982 677
pole 0.0013 959 520 994 685
pole 0.0010 962 585 1004 672
rail-occluder 0.0029 1004 676 1053 710
rail-occluder 0.0021 1396 715 1416 738
rail-occluder 0.0012 1397 705 1419 730
rail-occluder 0.0010 1525 751 1544 777
rail-occluder 0.0010 1005 709 1055 740
