guard-rail 0.6839 681 703 772 773
guard-rail 0.6333 914 699 932 781
guard-rail 0.0955 656 715 744 785
guard-rail 0.0713 910 686 926 773
guard-rail 0.0710 723 693 802 750
guard-rail 0.0327 742 688 806 722
guard-rail 0.0141 837 703 859 764
guard-rail 0.0129 688 590 759 686
guard-rail 0.0126 604 636 825 821
guard-rail 0.0121 577 683 694 738
guard-rail 0.0091 901 678 935 769
guard-rail 0.0079 715 599 775 673
guard-rail 0.0069 899 625 926 776
guard-rail 0.0069 906 644 925 710
guard-rail 0.0068 823 711 853 768
guard-rail 0.0061 849 627 911 687
guard-rail 0.0051 764 675 816 707
guard-rail 0.0049 702 669 804 775
guard-rail 0.0036 581 703 756 819
guard-rail 0.0036 843 640 884 740
guard-rail 0.0031 780 709 825 793
guard-rail 0.0031 836 616 897 662
guard-rail 0.0028 455 571 981 972
guard-rail 0.0028 924 711 941 792
guard-rail 0.0028 843 649 868 732
guard-rail 0.0025 815 623 843 652
guard-rail 0.0024 450 740 580 835
guard-rail 0.0022 780 664 828 705
guard-rail 0.0020 628 682 740 748
guard-rail 0.0020 839 687 883 760
guard-rail 0.0016 592 745 732 828
guard-rail 0.0015 464 699 652 805
guard-rail 0.0014 921 666 942 717
guard-rail 0.0014 517 694 621 737
guard-rail 0.0012 740 657 829 715
guard-rail 0.0012 740 716 842 807
guard-rail 0.0012 757 687 814 739
guard-rail 0.0011 888 679 950 784
guard-rail 0.0010 742 605 798 662
guard-rail 0.0010 545 700 669 759
train-car 0.5758 -8 507 746 687
train-car 0.0457 10 505 372 659
train-car 0.0221 267 532 814 608
train-car 0.0185 128 513 890 628
train-car 0.0098 303 551 790 656
train-car 0.0069 -18 482 971 785
train-car 0.0038 402 543 696 602
train-car 0.0026 -13 449 393 757
train-car 0.0021 411 562 703 648
train-car 0.0018 441 549 837 620
train-car 0.0017 -13 478 557 634
train-car 0.0016 -11 551 323 697
train-car 0.0015 216 527 408 631
train-car 0.0011 120 536 396 652
platform 0.6177 908 579 1921 1077
platform 0.1480 1613 636 1908 707
platform 0.0298 1686 640 1925 686
platform 0.0032 1505 611 1916 690
platform 0.0023 1013 583 1922 827
platform 0.0020 1784 645 1924 698
platform 0.0018 1709 621 1927 731
platform 0.0016 1631 593 1949 680
platform 0.0014 1593 576 1922 760
platform 0.0010 1145 670 1803 1212
rail 0.9436 727 563 1017 1074
rail 0.8856 220 611 921 1077
rail 0.6902 0 564 784 787
rail 0.4807 579 578 773 705
rail 0.2720 1587 642 1920 790
rail 0.1683 655 576 762 689
rail 0.1128 -8 523 699 686
rail 0.0767 48 616 343 792
rail 0.0702 -14 595 539 736
rail 0.0397 704 586 758 628
rail 0.0377 688 582 753 644
rail 0.0357 681 580 807 656
rail 0.0350 539 605 756 752
rail 0.0251 1409 621 1921 721
rail 0.0243 87 638 250 811
rail 0.0216 1670 656 1922 865
rail 0.0147 658 621 811 741
rail 0.0137 717 585 838 633
rail 0.0122 12 623 505 830
rail 0.0099 1681 646 1927 740
rail 0.0098 414 560 801 686
rail 0.0094 1527 626 1924 895
rail 0.0077 670 565 856 678
rail 0.0074 643 615 769 711
rail 0.0074 711 581 757 608
rail 0.0073 949 564 1409 647
rail 0.0072 395 548 875 847
rail 0.0061 703 569 782 640
rail 0.0057 1315 601 1915 787
rail 0.0042 1522 645 1868 735
rail 0.0040 196 571 795 716
rail 0.0037 1763 691 1920 885
rail 0.0037 611 599 714 696
rail 0.0035 588 559 797 650
rail 0.0033 1839 684 1920 823
rail 0.0033 427 617 725 810
rail 0.0028 35 616 364 693
rail 0.0027 1093 565 1896 721
rail 0.0027 85 637 372 718
rail 0.0026 1605 661 1906 1032
rail 0.0026 745 541 779 615
rail 0.0024 711 551 808 611
rail 0.0022 346 620 773 894
rail 0.0022 1789 662 1924 777
rail 0.0019 639 568 783 610
rail 0.0018 1220 614 1936 919
rail 0.0015 393 603 630 655
rail 0.0015 512 676 885 1078
rail 0.0015 181 601 638 932
rail 0.0013 48 636 259 686
rail 0.0013 434 586 700 710
rail 0.0012 944 556 1213 611
rail 0.0012 922 566 1313 701
rail 0.0012 993 562 1290 627
rail 0.0011 1726 669 1891 812
rail 0.0010 -13 545 280 700
rail 0.0010 752 531 886 612
rail 0.0010 855 568 900 597
switch-left 0.1297 856 611 904 640
switch-left 0.0280 531 675 697 743
switch-left 0.0228 542 623 748 734
switch-left 0.0176 589 665 717 717
switch-left 0.0134 523 689 651 738
switch-left 0.0067 848 608 910 662
switch-left 0.0060 606 647 709 697
switch-left 0.0030 630 631 727 702
switch-left 0.0026 562 677 669 724
switch-left 0.0021 845 630 912 687
switch-left 0.0011 495 702 633 765
switch-right 0.2997 857 613 906 638
switch-right 0.0740 862 608 902 631
switch-right 0.0225 573 670 703 726
switch-right 0.0188 847 612 913 657
switch-right 0.0172 581 639 738 701
switch-right 0.0127 523 690 670 751
switch-right 0.0024 537 684 642 727
switch-right 0.0016 543 651 700 710
switch-unknown 0.0613 709 588 755 622
switch-unknown 0.0314 697 589 756 649
switch-unknown 0.0246 743 600 799 627
switch-unknown 0.0215 715 581 754 606
switch-unknown 0.0139 713 592 781 639
switch-unknown 0.0037 855 560 903 598
switch-unknown 0.0032 767 576 834 622
switch-unknown 0.0021 870 558 913 593
switch-unknown 0.0014 763 592 831 632
switch-static 0.3019 146 812 257 860
switch-static 0.1036 695 686 755 709
switch-static 0.0376 326 824 421 865
switch-static 0.0363 704 684 776 715
switch-static 0.0332 133 824 233 866
switch-static 0.0146 841 612 897 636
switch-static 0.0092 204 766 522 911
switch-static 0.0047 818 597 844 634
switch-static 0.0046 292 803 427 877
switch-static 0.0045 367 814 456 859
switch-static 0.0036 642 673 723 710
switch-static 0.0024 300 783 479 895
switch-static 0.0023 306 829 397 871
switch-static 0.0020 101 782 384 862
switch-static 0.0019 110 774 249 877
switch-static 0.0013 883 598 938 642
switch-static 0.0012 211 679 601 976
switch-static 0.0012 341 742 406 773
track-sign-front 0.0010 978 525 1005 584
track-signal-front 0.3881 824 493 837 522
track-signal-front 0.2181 771 514 780 537
track-signal-front 0.0768 824 499 837 546
track-signal-front 0.0036 766 502 798 547
track-signal-front 0.0014 811 493 837 523
pole 0.3627 824 508 836 619
pole 0.0785 771 513 781 580
pole 0.0522 767 522 779 604
pole 0.0181 1165 463 1181 635
pole 0.0111 996 266 1028 594
pole 0.0087 801 510 838 625
pole 0.0076 1241 16 1405 720
pole 0.0059 819 535 846 625
pole 0.0046 744 536 782 616
pole 0.0029 1247 39 1324 701
pole 0.0023 1159 415 1179 606
pole 0.0022 783 537 844 637
pole 0.0017 985 293 1016 612
pole 0.0016 830 560 886 642
pole 0.0015 382 561 397 621
pole 0.0012 1153 463 1191 640
pole 0.0011 1441 450 1474 701
pole 0.0010 871 461 887 570
rail-occluder 0.7231 98 645 195 799
rail-occluder 0.1241 92 659 149 808
rail-occluder 0.0162 97 729 229 858
rail-occluder 0.0075 382 586 396 623
rail-occluder 0.0067 83 663 201 874
rail-occluder 0.0048 114 646 242 828
rail-occluder 0.0046 86 608 240 953
rail-occluder 0.0041 379 588 401 639
rail-occluder 0.0035 496 623 520 651
rail-occluder 0.0026 352 645 396 697
rail-occluder 0.0023 94 648 136 760
rail-occluder 0.0021 490 616 530 648
rail-occluder 0.0018 355 641 423 690
rail-occluder 0.0017 820 563 847 632
rail-occluder 0.0014 -48 541 359 885
rail-occluder 0.0014 144 645 200 708
rail-occluder 0.0014 357 665 380 708
rail-occluder 0.0013 147 641 202 669
rail-occluder 0.0012 350 637 408 673
rail-occluder 0.0012 108 641 199 732
rail-occluder 0.0011 78 637 260 733
