crossing 0.0077 1194 707 1553 823
crossing 0.0038 917 698 1750 963
crossing 0.0023 1120 715 1529 887
crossing 0.0020 1764 677 1922 988
crossing 0.0013 1214 665 1736 827
rail 0.8847 954 669 1906 1079
rail 0.3727 0 731 913 1076
rail 0.1557 47 644 1529 1071
rail 0.0432 1762 681 1919 1082
rail 0.0102 376 632 1430 947
rail 0.0051 144 515 1669 924
rail 0.0041 432 771 760 924
rail 0.0028 638 655 1540 844
rail 0.0020 -2 800 541 1080
rail 0.0018 6 704 688 934
rail 0.0018 30 585 1024 882
rail 0.0017 386 789 887 1072
rail 0.0017 475 599 1106 877
rail 0.0013 332 778 677 952
rail 0.0011 1280 668 1902 961
rail 0.0011 439 752 1367 1089
switch-left 0.0250 566 793 752 855
switch-left 0.0133 477 794 713 885
switch-left 0.0055 631 778 814 841
switch-left 0.0053 611 783 764 823
switch-left 0.0040 622 803 745 846
switch-left 0.0035 530 775 763 907
switch-left 0.0030 544 799 680 844
switch-left 0.0022 343 798 666 920
switch-left 0.0018 593 755 782 872
switch-left 0.0016 526 815 694 896
switch-right 0.0185 622 794 757 836
switch-right 0.0145 567 794 754 857
switch-right 0.0091 489 802 707 879
switch-right 0.0041 533 798 691 845
switch-right 0.0040 642 785 773 824
switch-right 0.0035 543 808 674 865
switch-right 0.0034 630 779 812 843
switch-right 0.0010 365 809 645 909
switch-unknown 0.0045 581 803 743 862
switch-unknown 0.0011 518 807 658 867
switch-unknown 0.0011 540 817 723 897
track-sign-front 0.6981 910 677 943 789
track-sign-front 0.4754 1052 650 1080 746
track-sign-front 0.0790 227 510 247 545
track-sign-front 0.0724 419 509 443 535
track-sign-front 0.0302 414 496 444 537
track-sign-front 0.0179 1052 636 1083 689
track-sign-front 0.0179 1052 610 1085 719
track-sign-front 0.0162 1475 615 1496 666
track-sign-front 0.0146 630 475 654 498
track-sign-front 0.0074 914 591 967 671
track-sign-front 0.0071 1041 643 1092 753
track-sign-front 0.0064 909 610 946 764
track-sign-front 0.0055 874 350 960 457
track-sign-front 0.0052 1474 534 1510 662
track-sign-front 0.0037 1474 592 1505 668
track-sign-front 0.0033 367 520 390 550
track-sign-front 0.0031 1071 596 1091 654
track-sign-front 0.0031 1051 682 1078 769
track-sign-front 0.0029 412 473 441 506
track-sign-front 0.0028 1070 543 1092 714
track-sign-front 0.0028 910 652 943 713
track-sign-front 0.0025 220 500 249 554
track-sign-front 0.0025 1879 512 1916 542
track-sign-front 0.0025 918 658 962 790
track-sign-front 0.0023 1728 379 1761 407
track-sign-front 0.0018 915 687 991 794
track-sign-front 0.0018 1061 595 1093 697
track-sign-front 0.0017 1049 632 1075 676
track-sign-front 0.0016 1076 595 1093 633
track-sign-front 0.0015 225 503 259 542
track-sign-front 0.0014 935 604 965 671
track-sign-front 0.0013 847 682 966 831
track-sign-front 0.0012 915 566 957 773
track-sign-front 0.0011 405 481 445 550
track-sign-front 0.0010 814 709 940 793
track-sign-front 0.0010 1036 702 1072 773
track-signal-front 0.0900 926 596 963 663
track-signal-front 0.0041 1237 560 1268 631
track-signal-front 0.0032 1729 373 1762 409
track-signal-front 0.0014 1678 356 1697 411
person 0.5229 685 520 757 713
person 0.5050 653 516 705 706
person 0.3912 1229 578 1264 660
person 0.1958 927 595 963 661
person 0.0840 880 553 922 670
person 0.0317 1162 580 1202 665
person 0.0234 1177 578 1215 664
person 0.0189 709 521 787 709
person 0.0163 1152 584 1188 664
person 0.0101 644 509 777 722
person 0.0084 396 608 431 682
person 0.0079 912 580 967 673
person 0.0067 1239 576 1292 660
person 0.0054 369 522 389 555
person 0.0051 1237 560 1268 633
person 0.0045 655 512 698 625
person 0.0030 1143 596 1166 649
person 0.0030 402 604 466 678
person 0.0029 1259 557 1303 655
person 0.0029 605 516 677 678
person 0.0025 1278 554 1313 649
person 0.0022 373 591 417 670
person 0.0020 423 515 908 795
person 0.0019 456 604 512 679
person 0.0019 421 598 498 673
person 0.0016 1470 532 1503 645
person 0.0015 612 521 666 626
person 0.0013 378 605 445 678
person 0.0013 589 523 646 642
pole 0.0050 1047 357 1088 778
pole 0.0025 903 520 947 674
pole 0.0021 1054 426 1076 729
pole 0.0014 892 490 937 687
pole 0.0012 1064 460 1090 746
pole 0.0010 994 352 1095 783
