guard-rail 0.0068 869 436 922 473
guard-rail 0.0062 881 451 921 478
guard-rail 0.0041 880 435 950 474
guard-rail 0.0033 911 434 991 474
guard-rail 0.0018 890 450 945 489
guard-rail 0.0010 937 449 1008 490
guard-rail 0.0010 909 448 986 489
rail 0.8919 755 384 1886 1074
rail 0.8852 570 404 979 1071
rail 0.2031 744 387 938 465
rail 0.1358 742 396 1073 1076
rail 0.0479 782 394 877 458
rail 0.0337 789 392 1039 480
rail 0.0264 820 432 913 475
rail 0.0242 747 390 801 453
rail 0.0183 0 545 58 774
rail 0.0170 681 389 921 435
rail 0.0157 812 438 868 470
rail 0.0115 821 449 877 473
rail 0.0112 789 391 1150 532
rail 0.0085 0 563 48 949
rail 0.0076 740 392 864 432
rail 0.0070 2 557 43 685
rail 0.0067 832 419 999 484
rail 0.0062 851 426 936 477
rail 0.0061 840 409 952 465
rail 0.0058 0 538 60 646
rail 0.0055 794 391 940 443
rail 0.0053 671 371 920 481
rail 0.0045 853 409 1081 504
rail 0.0042 776 420 854 468
rail 0.0030 733 379 959 425
rail 0.0027 710 369 959 541
rail 0.0026 -1 606 33 871
rail 0.0023 874 447 926 483
rail 0.0022 -2 531 116 806
rail 0.0022 10 519 75 727
rail 0.0020 -1 570 96 1025
rail 0.0017 767 380 881 423
rail 0.0016 792 427 840 464
rail 0.0016 820 387 1322 600
rail 0.0012 0 507 90 654
rail 0.0011 0 537 66 587
rail 0.0011 799 372 1374 1058
rail 0.0010 940 419 1002 455
rail 0.0010 759 386 1243 766
rail 0.0010 830 394 1011 449
rail 0.0010 780 399 994 597
switch-indicator 0.0171 1101 444 1123 481
switch-indicator 0.0012 952 408 980 439
switch-unknown 0.0393 816 447 872 473
switch-unknown 0.0231 808 402 878 458
switch-unknown 0.0135 826 440 906 476
switch-unknown 0.0129 788 393 867 435
switch-unknown 0.0094 831 403 915 460
switch-unknown 0.0072 862 416 932 458
switch-unknown 0.0052 882 418 953 451
switch-unknown 0.0029 909 425 1024 478
switch-unknown 0.0026 933 430 1006 471
switch-unknown 0.0025 832 396 906 432
switch-unknown 0.0020 920 416 982 457
switch-unknown 0.0013 977 453 1064 492
switch-unknown 0.0013 792 381 857 417
switch-unknown 0.0013 857 402 930 435
switch-unknown 0.0013 956 438 1027 481
switch-unknown 0.0010 775 381 833 413
switch-static 0.0202 824 450 874 472
switch-static 0.0028 1095 444 1126 477
switch-static 0.0025 1037 439 1087 469
switch-static 0.0021 949 420 994 450
switch-static 0.0020 1077 445 1127 496
switch-static 0.0013 1011 441 1074 473
track-sign-front 0.7800 746 394 780 431
track-sign-front 0.3167 358 92 418 124
track-sign-front 0.2008 580 409 631 434
track-sign-front 0.0904 142 395 185 438
track-sign-front 0.0557 728 429 773 463
track-sign-front 0.0280 1102 445 1124 478
track-sign-front 0.0230 727 438 755 463
track-sign-front 0.0095 724 408 759 466
track-sign-front 0.0088 729 389 782 446
track-sign-front 0.0076 575 392 645 435
track-sign-front 0.0048 139 388 229 446
track-sign-front 0.0046 634 363 669 405
track-sign-front 0.0023 197 681 242 756
track-sign-front 0.0018 741 420 779 471
track-sign-front 0.0018 567 404 640 456
track-sign-front 0.0018 189 394 243 460
track-sign-front 0.0012 132 397 206 465
track-sign-front 0.0012 346 93 382 129
rail-occluder 0.0177 743 397 777 458
