guard-rail 0.0785 990 655 1037 679
guard-rail 0.0333 977 650 1024 677
guard-rail 0.0228 1003 657 1049 682
guard-rail 0.0078 991 662 1043 698
guard-rail 0.0042 883 632 947 679
guard-rail 0.0036 973 644 1048 687
guard-rail 0.0025 949 626 1002 665
guard-rail 0.0020 982 667 1028 703
guard-rail 0.0020 963 646 1002 680
guard-rail 0.0019 1006 647 1060 678
guard-rail 0.0016 1005 665 1063 701
guard-rail 0.0012 895 611 970 665
rail 0.9549 3 569 877 1077
rail 0.9355 864 550 1155 1075
rail 0.8699 897 589 1884 1078
rail 0.0085 880 581 918 611
rail 0.0078 880 544 916 584
rail 0.0045 887 561 940 598
rail 0.0030 890 536 944 581
rail 0.0025 860 568 912 598
rail 0.0013 860 564 970 700
rail 0.0011 867 550 909 583
switch-indicator 0.0018 981 568 1018 622
switch-left 0.0743 882 611 947 656
switch-left 0.0031 911 601 979 634
switch-left 0.0027 884 633 947 678
switch-right 0.2333 882 606 940 640
switch-right 0.1637 884 592 926 614
switch-right 0.0512 881 612 946 657
switch-right 0.0093 880 583 918 609
switch-right 0.0029 883 633 949 677
switch-right 0.0020 860 589 918 615
switch-right 0.0011 842 594 904 635
switch-unknown 0.0321 882 583 916 606
switch-unknown 0.0030 859 558 914 601
switch-unknown 0.0024 869 545 906 583
switch-static 0.0230 939 605 979 626
switch-static 0.0229 916 590 975 618
switch-static 0.0153 911 600 981 630
switch-static 0.0129 934 591 984 625
switch-static 0.0054 857 581 921 616
switch-static 0.0049 883 553 943 602
switch-static 0.0023 916 570 974 609
track-sign-front 0.0670 806 567 819 594
track-sign-front 0.0048 804 554 819 587
track-sign-front 0.0033 977 567 1019 610
track-sign-front 0.0030 735 575 752 595
track-sign-front 0.0024 999 566 1017 602
track-sign-front 0.0016 992 572 1015 618
track-sign-front 0.0016 951 563 987 596
track-sign-front 0.0010 473 531 500 573
pole 0.0313 806 579 818 663
pole 0.0018 933 400 953 621
rail-occluder 0.0257 806 568 818 624
rail-occluder 0.0106 802 585 830 654
rail-occluder 0.0082 802 559 826 631
rail-occluder 0.0077 841 602 864 624
rail-occluder 0.0017 836 590 867 625
rail-occluder 0.0015 801 598 819 668
rail-occluder 0.0013 991 570 1015 619
rail-occluder 0.0010 732 577 748 602
