guard-rail 0.3383 1232 646 1341 722
guard-rail 0.0568 1346 628 1489 691
guard-rail 0.0528 1397 628 1502 678
guard-rail 0.0520 1394 627 1471 664
guard-rail 0.0419 1269 658 1363 727
guard-rail 0.0358 1284 633 1435 708
guard-rail 0.0316 1184 585 1572 800
guard-rail 0.0285 1198 599 1394 728
guard-rail 0.0270 1424 641 1516 684
guard-rail 0.0227 1138 579 1181 614
guard-rail 0.0189 1345 640 1477 724
guard-rail 0.0188 1215 647 1369 771
guard-rail 0.0142 1139 573 1178 596
guard-rail 0.0140 1115 569 1171 595
guard-rail 0.0127 1129 578 1170 606
guard-rail 0.0125 1279 684 1358 731
guard-rail 0.0116 1360 626 1450 661
guard-rail 0.0114 1308 624 1434 679
guard-rail 0.0083 1148 597 1187 631
guard-rail 0.0078 1244 676 1333 731
guard-rail 0.0065 1371 618 1474 675
guard-rail 0.0056 1384 632 1536 763
guard-rail 0.0051 1381 651 1508 730
guard-rail 0.0047 1362 660 1452 721
guard-rail 0.0041 1192 634 1303 710
guard-rail 0.0041 1165 564 1419 769
guard-rail 0.0040 1092 557 1140 586
guard-rail 0.0035 1345 594 1556 732
guard-rail 0.0035 1320 611 1426 654
guard-rail 0.0032 1083 541 1138 578
guard-rail 0.0031 1443 632 1530 674
guard-rail 0.0030 1279 596 1449 689
guard-rail 0.0029 1363 675 1485 745
guard-rail 0.0029 1146 601 1203 642
guard-rail 0.0027 1300 653 1399 729
guard-rail 0.0027 1163 512 1208 567
guard-rail 0.0027 1299 602 1409 645
guard-rail 0.0026 1435 624 1557 717
guard-rail 0.0025 1144 578 1201 622
guard-rail 0.0022 1333 652 1427 717
guard-rail 0.0020 1062 524 1115 574
guard-rail 0.0018 1280 683 1415 738
guard-rail 0.0018 1051 510 1535 993
guard-rail 0.0017 1151 567 1202 595
guard-rail 0.0016 1105 572 1142 601
guard-rail 0.0015 1057 519 1088 555
guard-rail 0.0013 1216 653 1282 722
guard-rail 0.0012 1294 622 1380 672
guard-rail 0.0012 1078 549 1120 583
guard-rail 0.0012 1280 713 1369 772
guard-rail 0.0011 1129 590 1171 631
guard-rail 0.0011 1421 619 1524 655
train-car 0.1620 499 500 767 560
train-car 0.0863 493 514 631 556
train-car 0.0352 560 502 707 550
train-car 0.0255 469 519 659 570
train-car 0.0183 972 475 1119 507
train-car 0.0158 617 507 742 560
train-car 0.0114 1141 473 1191 504
train-car 0.0110 652 505 707 561
train-car 0.0087 599 502 865 562
train-car 0.0086 464 478 808 573
train-car 0.0072 621 497 689 562
train-car 0.0030 1009 466 1170 502
train-car 0.0030 728 511 748 550
train-car 0.0029 400 490 809 623
train-car 0.0027 977 449 1158 510
train-car 0.0026 674 509 800 558
train-car 0.0019 407 501 568 565
train-car 0.0018 530 459 773 550
train-car 0.0017 481 516 571 561
train-car 0.0017 469 532 584 567
train-car 0.0015 672 484 822 539
train-car 0.0015 1013 459 1107 513
train-car 0.0014 1040 419 1166 499
train-car 0.0013 979 462 1065 512
train-car 0.0013 321 503 560 588
train-car 0.0011 594 484 678 551
train-car 0.0010 454 471 678 558
train-car 0.0010 717 477 775 541
rail 0.9459 913 500 1222 1073
rail 0.9401 200 504 1011 1073
rail 0.9210 1066 483 1918 1075
rail 0.6844 -3 539 793 842
rail 0.6354 -2 547 697 698
rail 0.1309 0 567 457 653
rail 0.1164 74 537 708 635
rail 0.0904 -13 602 566 813
rail 0.0546 1197 494 1903 848
rail 0.0291 1154 504 1195 530
rail 0.0278 -22 580 370 699
rail 0.0238 299 539 704 609
rail 0.0190 1147 487 1193 525
rail 0.0186 986 487 1100 518
rail 0.0175 1024 496 1102 525
rail 0.0118 192 551 804 754
rail 0.0108 19 611 142 690
rail 0.0107 318 544 800 682
rail 0.0106 1079 512 1473 751
rail 0.0105 1094 493 1186 527
rail 0.0100 77 501 964 630
rail 0.0099 372 507 837 612
rail 0.0097 1053 497 1116 526
rail 0.0094 1496 492 1923 639
rail 0.0091 1057 505 1108 541
rail 0.0090 -4 588 176 671
rail 0.0080 1202 547 1525 737
rail 0.0069 -2 654 322 910
rail 0.0061 69 569 164 675
rail 0.0060 403 534 649 568
rail 0.0059 1330 613 1918 939
rail 0.0055 87 557 416 612
rail 0.0054 4 523 485 628
rail 0.0054 1071 502 1166 534
rail 0.0053 399 531 496 624
rail 0.0049 9 571 285 623
rail 0.0049 -3 612 670 1024
rail 0.0047 -7 633 347 786
rail 0.0047 1130 490 1206 541
rail 0.0045 1416 478 1898 578
rail 0.0041 371 541 545 612
rail 0.0041 1069 489 1196 545
rail 0.0041 438 550 638 596
rail 0.0040 489 556 713 662
rail 0.0040 374 557 630 633
rail 0.0038 520 519 753 570
rail 0.0034 67 503 659 600
rail 0.0033 683 514 864 591
rail 0.0033 2 577 72 678
rail 0.0031 1267 568 1906 745
rail 0.0030 486 592 641 650
rail 0.0029 34 635 130 701
rail 0.0028 24 607 267 683
rail 0.0027 499 543 723 599
rail 0.0026 1245 474 1885 662
rail 0.0025 1614 518 1908 671
rail 0.0025 3 719 224 919
rail 0.0025 1007 485 1139 544
rail 0.0024 699 541 846 603
rail 0.0022 -4 543 221 869
rail 0.0021 666 509 888 555
rail 0.0021 244 563 464 645
rail 0.0021 956 488 1046 522
rail 0.0020 -2 586 133 931
rail 0.0019 1157 495 1221 545
rail 0.0019 1168 487 1230 522
rail 0.0018 121 592 394 684
rail 0.0017 1562 503 1867 604
rail 0.0017 1132 474 1201 524
rail 0.0017 114 473 1084 786
rail 0.0015 -10 498 396 905
rail 0.0013 965 497 1076 533
rail 0.0013 1157 509 1216 578
rail 0.0013 18 650 144 725
rail 0.0013 488 579 595 627
rail 0.0012 1038 508 1109 570
rail 0.0012 -1 577 86 740
rail 0.0012 1054 512 1093 566
rail 0.0011 767 489 886 552
rail 0.0011 5 699 150 801
rail 0.0011 1 655 118 838
rail 0.0011 1071 503 1192 587
rail 0.0010 1085 416 1180 515
rail 0.0010 1605 666 1917 909
rail 0.0010 -8 575 118 634
rail 0.0010 1653 472 1923 588
rail 0.0010 1061 497 1577 983
rail 0.0010 1182 554 1387 702
rail 0.0010 1193 339 1386 707
switch-indicator 0.0210 764 564 782 598
switch-unknown 0.0143 1034 496 1095 524
switch-unknown 0.0123 1051 506 1091 533
switch-unknown 0.0074 1001 484 1085 520
switch-unknown 0.0032 1034 502 1075 534
switch-unknown 0.0021 971 482 1026 521
switch-unknown 0.0014 516 602 603 642
switch-unknown 0.0014 968 503 1021 529
switch-static 0.0010 1594 639 1685 683
track-sign-front 0.0842 103 550 124 579
track-sign-front 0.0701 765 565 781 593
track-sign-front 0.0156 101 543 136 600
track-sign-front 0.0083 1616 476 1636 505
track-sign-front 0.0063 1302 433 1318 458
track-sign-front 0.0055 6 573 41 626
track-sign-front 0.0035 1610 471 1638 516
track-sign-front 0.0029 3 563 26 620
track-sign-front 0.0021 5 559 55 619
track-sign-front 0.0016 770 559 794 597
track-sign-front 0.0015 0 577 29 657
track-sign-front 0.0013 1304 435 1329 464
track-sign-front 0.0010 757 561 789 598
track-signal-front 0.0020 580 485 598 536
track-signal-front 0.0015 785 387 802 422
track-signal-front 0.0011 786 369 814 457
pole 0.3633 -1 -50 77 895
pole 0.2490 119 414 141 645
pole 0.1829 814 297 845 567
pole 0.1758 103 423 136 682
pole 0.1076 636 204 672 573
pole 0.0899 101 494 127 633
pole 0.0686 -5 -42 127 1134
pole 0.0508 791 356 814 560
pole 0.0475 400 489 417 619
pole 0.0462 101 542 126 593
pole 0.0445 1104 343 1129 519
pole 0.0428 451 538 463 612
pole 0.0420 439 525 463 626
pole 0.0370 793 408 808 543
pole 0.0292 1120 345 1144 522
pole 0.0231 260 414 280 579
pole 0.0231 104 543 138 691
pole 0.0229 448 501 466 608
pole 0.0191 731 515 744 552
pole 0.0185 89 411 148 708
pole 0.0162 121 459 137 604
pole 0.0156 400 462 426 595
pole 0.0156 645 325 671 598
pole 0.0144 424 455 459 597
pole 0.0143 803 378 840 558
pole 0.0116 727 492 741 545
pole 0.0112 401 497 416 567
pole 0.0106 939 418 967 517
pole 0.0100 122 427 154 664
pole 0.0093 23 265 138 847
pole 0.0092 1094 350 1118 515
pole 0.0086 72 450 189 678
pole 0.0081 177 471 188 588
pole 0.0080 796 306 857 570
pole 0.0070 658 504 704 562
pole 0.0067 1220 43 1307 574
pole 0.0065 446 487 472 574
pole 0.0064 668 456 697 563
pole 0.0060 909 405 935 524
pole 0.0058 127 460 145 600
pole 0.0058 645 451 679 565
pole 0.0056 107 500 135 609
pole 0.0051 789 401 803 527
pole 0.0050 -8 308 349 919
pole 0.0049 398 466 441 627
pole 0.0049 787 308 818 522
pole 0.0049 89 509 148 645
pole 0.0048 0 421 133 1007
pole 0.0044 942 416 989 522
pole 0.0043 18 483 144 755
pole 0.0041 823 392 862 556
pole 0.0040 55 -19 158 958
pole 0.0038 688 427 712 547
pole 0.0037 656 410 685 560
pole 0.0037 975 411 1003 517
pole 0.0034 611 206 660 547
pole 0.0033 -6 332 106 711
pole 0.0032 -1 -1 49 682
pole 0.0031 651 339 687 579
pole 0.0030 1093 428 1138 516
pole 0.0029 256 450 288 596
pole 0.0029 816 385 842 528
pole 0.0028 1092 321 1140 514
pole 0.0027 -1 410 80 814
pole 0.0026 167 493 195 603
pole 0.0026 428 495 475 617
pole 0.0024 484 478 504 549
pole 0.0024 1113 440 1179 514
pole 0.0024 103 423 163 643
pole 0.0023 822 301 875 556
pole 0.0023 902 402 922 522
pole 0.0022 855 434 883 534
pole 0.0022 427 387 449 601
pole 0.0021 472 492 506 565
pole 0.0021 135 554 161 616
pole 0.0020 823 452 875 549
pole 0.0019 417 366 440 616
pole 0.0018 1131 347 1164 517
pole 0.0018 702 484 881 570
pole 0.0017 0 540 90 962
pole 0.0017 255 492 274 570
pole 0.0017 120 432 135 559
pole 0.0016 634 323 664 597
pole 0.0016 1099 390 1165 530
pole 0.0015 1263 286 1302 537
pole 0.0015 784 470 868 561
pole 0.0015 1110 316 1152 510
pole 0.0013 722 472 770 544
pole 0.0013 69 455 130 663
pole 0.0013 673 457 727 557
pole 0.0012 490 462 510 544
pole 0.0012 441 438 475 587
pole 0.0012 491 407 507 577
pole 0.0012 174 481 202 580
pole 0.0011 756 452 811 550
pole 0.0011 256 477 566 621
pole 0.0011 643 398 672 538
pole 0.0011 1064 445 1120 514
pole 0.0010 970 449 1026 509
pole 0.0010 426 440 451 550
rail-occluder 0.1741 399 561 411 631
rail-occluder 0.1179 110 576 129 678
rail-occluder 0.1139 764 562 781 594
rail-occluder 0.1072 691 549 740 602
rail-occluder 0.0634 398 534 417 630
rail-occluder 0.0473 495 642 520 665
rail-occluder 0.0387 395 560 429 634
rail-occluder 0.0369 102 516 130 698
rail-occluder 0.0313 400 559 462 631
rail-occluder 0.0294 718 521 749 587
rail-occluder 0.0210 452 551 465 625
rail-occluder 0.0186 654 529 703 571
rail-occluder 0.0172 105 552 138 665
rail-occluder 0.0159 373 553 436 648
rail-occluder 0.0157 109 645 129 694
rail-occluder 0.0146 95 581 143 691
rail-occluder 0.0138 490 641 513 676
rail-occluder 0.0115 696 530 761 594
rail-occluder 0.0099 79 560 195 671
rail-occluder 0.0085 720 513 767 579
rail-occluder 0.0078 744 559 783 615
rail-occluder 0.0068 502 629 545 663
rail-occluder 0.0067 18 774 194 938
rail-occluder 0.0067 729 513 746 552
rail-occluder 0.0065 659 542 726 597
rail-occluder 0.0061 133 573 165 609
rail-occluder 0.0058 111 617 131 706
rail-occluder 0.0054 633 550 690 579
rail-occluder 0.0053 753 561 789 597
rail-occluder 0.0044 405 520 487 629
rail-occluder 0.0038 7 560 141 734
rail-occluder 0.0035 482 640 522 683
rail-occluder 0.0033 668 523 773 623
rail-occluder 0.0033 46 615 114 685
rail-occluder 0.0031 380 495 441 622
rail-occluder 0.0028 36 633 127 701
rail-occluder 0.0027 88 662 129 700
rail-occluder 0.0026 110 661 138 702
rail-occluder 0.0026 239 554 269 604
rail-occluder 0.0024 81 629 153 708
rail-occluder 0.0023 599 517 675 571
rail-occluder 0.0021 495 578 547 613
rail-occluder 0.0020 3 611 105 719
rail-occluder 0.0019 503 551 572 596
rail-occluder 0.0019 509 583 569 618
rail-occluder 0.0018 47 582 122 667
rail-occluder 0.0017 234 574 270 615
rail-occluder 0.0017 1 675 147 942
rail-occluder 0.0017 485 530 564 567
rail-occluder 0.0017 547 549 621 587
rail-occluder 0.0017 390 552 529 628
rail-occluder 0.0016 151 573 197 609
rail-occluder 0.0016 477 548 551 598
rail-occluder 0.0016 604 553 674 588
rail-occluder 0.0015 565 516 651 569
rail-occluder 0.0015 413 596 603 709
rail-occluder 0.0014 112 584 179 661
rail-occluder 0.0014 156 557 194 600
rail-occluder 0.0014 489 606 546 665
rail-occluder 0.0014 0 576 66 671
rail-occluder 0.0013 504 601 577 643
rail-occluder 0.0012 245 554 289 601
rail-occluder 0.0012 60 564 119 639
rail-occluder 0.0012 515 549 604 591
rail-occluder 0.0011 25 710 390 979
rail-occluder 0.0011 1610 474 1637 518
rail-occluder 0.0011 576 549 645 589
rail-occluder 0.0011 304 582 498 749
rail-occluder 0.0011 391 618 604 764
rail-occluder 0.0010 1 576 32 660
rail-occluder 0.0010 492 575 689 692
rail-occluder 0.0010 53 656 160 710
rail-occluder 0.0010 376 669 461 732
rail-occluder 0.0010 245 518 272 594
rail-occluder 0.0010 539 600 639 687
rail-occluder 0.0010 1592 468 1615 535
