train-car 0.8827 560 436 888 645
train-car 0.0051 555 248 902 671
rail 0.9513 889 538 1329 1075
rail 0.7994 986 535 1921 795
rail 0.7241 2 616 684 957
rail 0.6049 3 597 600 790
rail 0.0596 1169 563 1913 720
rail 0.0410 1376 604 1921 753
rail 0.0221 1017 554 1919 1064
rail 0.0133 2 630 347 765
rail 0.0100 23 564 655 710
rail 0.0078 1567 652 1926 763
rail 0.0057 1446 625 1922 855
rail 0.0037 1235 646 1904 970
rail 0.0034 936 533 1727 704
rail 0.0030 902 534 992 561
rail 0.0029 1673 685 1917 775
rail 0.0026 1467 727 1918 1055
rail 0.0024 2 658 243 819
rail 0.0024 1486 587 1910 697
rail 0.0021 -1 643 223 746
rail 0.0019 959 529 1215 587
rail 0.0019 1595 630 1904 723
rail 0.0018 -6 610 373 890
rail 0.0016 6 493 998 939
rail 0.0016 9 493 528 670
rail 0.0016 11 603 352 712
rail 0.0015 983 540 1352 598
rail 0.0014 34 713 595 1058
rail 0.0014 892 531 957 555
rail 0.0013 985 536 1438 656
rail 0.0011 -83 630 767 1235
rail 0.0011 131 613 396 725
track-sign-front 0.2425 414 420 431 641
track-sign-front 0.0904 416 460 429 604
track-sign-front 0.0628 1399 571 1415 612
track-sign-front 0.0281 416 510 429 637
track-sign-front 0.0151 982 505 1005 582
track-sign-front 0.0145 1014 562 1026 591
track-sign-front 0.0129 1017 557 1033 588
track-sign-front 0.0122 414 435 431 550
track-sign-front 0.0105 415 432 433 493
track-sign-front 0.0090 415 355 434 570
track-sign-front 0.0063 1399 556 1415 585
track-sign-front 0.0052 779 565 793 646
track-sign-front 0.0040 988 547 1015 590
track-sign-front 0.0040 409 471 436 662
track-sign-front 0.0039 416 583 427 644
track-sign-front 0.0029 953 518 998 573
track-sign-front 0.0018 409 478 423 622
track-sign-front 0.0016 408 445 420 572
track-sign-front 0.0011 1239 542 1254 577
track-sign-front 0.0010 1398 546 1417 596
track-signal-front 0.4673 373 333 411 401
track-signal-front 0.2689 991 461 1005 485
track-signal-front 0.1823 1020 485 1031 512
track-signal-front 0.1461 620 448 641 475
track-signal-front 0.1331 382 395 417 429
track-signal-front 0.0874 991 457 1004 543
track-signal-front 0.0838 1184 469 1197 495
track-signal-front 0.0633 1017 469 1034 531
track-signal-front 0.0519 989 454 1006 506
track-signal-front 0.0369 1008 432 1040 527
track-signal-front 0.0332 557 443 569 467
track-signal-front 0.0172 369 337 425 433
track-signal-front 0.0162 398 394 430 451
track-signal-front 0.0136 367 261 428 526
track-signal-front 0.0118 954 436 997 517
track-signal-front 0.0110 958 437 975 500
track-signal-front 0.0108 394 335 433 412
track-signal-front 0.0085 412 336 436 426
track-signal-front 0.0077 618 419 643 483
track-signal-front 0.0062 1553 495 1579 548
track-signal-front 0.0047 614 389 647 420
track-signal-front 0.0035 1132 443 1149 492
track-signal-front 0.0033 1152 456 1194 506
track-signal-front 0.0028 980 439 1018 509
track-signal-front 0.0025 365 310 406 385
track-signal-front 0.0024 555 445 571 480
track-signal-front 0.0015 412 310 439 503
track-signal-front 0.0014 391 294 428 400
track-signal-front 0.0012 947 396 967 464
track-signal-front 0.0011 411 371 441 443
track-signal-front 0.0010 1135 434 1158 488
track-signal-front 0.0010 413 397 439 470
track-signal-front 0.0010 408 319 445 408
track-signal-front 0.0010 1176 463 1203 493
pole 0.4549 1010 355 1034 574
pole 0.2482 777 116 807 649
pole 0.1904 1131 467 1142 590
pole 0.1820 1093 463 1108 595
pole 0.1528 413 409 430 645
pole 0.1451 408 276 441 663
pole 0.1058 1187 463 1199 584
pole 0.0998 868 357 885 567
pole 0.0809 988 459 1004 584
pole 0.0800 1016 461 1033 582
pole 0.0551 1092 424 1117 591
pole 0.0551 851 341 871 606
pole 0.0471 1184 465 1197 529
pole 0.0448 1019 480 1031 564
pole 0.0383 1088 400 1109 582
pole 0.0335 1190 499 1201 587
pole 0.0253 948 443 972 559
pole 0.0219 960 377 993 582
pole 0.0216 1130 406 1148 577
pole 0.0214 1192 518 1209 592
pole 0.0181 990 388 1030 603
pole 0.0157 1008 487 1034 600
pole 0.0154 875 414 887 553
pole 0.0141 958 398 976 536
pole 0.0138 415 310 434 603
pole 0.0131 954 454 1000 582
pole 0.0110 1014 356 1077 610
pole 0.0103 1130 459 1167 591
pole 0.0089 1765 339 1794 668
pole 0.0087 851 391 864 536
pole 0.0053 747 112 814 714
pole 0.0052 1196 557 1208 588
pole 0.0050 784 215 801 549
pole 0.0048 1054 463 1093 588
pole 0.0048 1013 504 1051 587
pole 0.0046 979 508 1004 579
pole 0.0046 982 370 1059 602
pole 0.0045 1119 470 1152 592
pole 0.0045 824 307 885 636
pole 0.0045 1076 394 1134 588
pole 0.0042 859 355 890 589
pole 0.0041 923 480 981 564
pole 0.0036 954 417 970 505
pole 0.0035 777 330 800 623
pole 0.0033 406 376 424 642
pole 0.0031 1095 486 1140 605
pole 0.0031 963 465 1028 583
pole 0.0028 399 238 457 652
pole 0.0026 1132 420 1149 516
pole 0.0026 1217 464 1241 590
pole 0.0023 1055 391 1083 576
pole 0.0022 909 452 940 550
pole 0.0021 415 542 432 657
pole 0.0020 997 469 1050 584
pole 0.0018 1743 330 1804 681
pole 0.0017 952 349 973 537
pole 0.0017 875 390 902 601
pole 0.0016 1220 508 1252 593
pole 0.0016 1134 487 1186 601
pole 0.0015 961 316 1031 571
pole 0.0014 1185 456 1216 593
pole 0.0014 1012 558 1027 591
pole 0.0014 406 480 440 667
pole 0.0013 1029 506 1154 603
pole 0.0013 788 260 893 685
pole 0.0013 875 332 892 548
pole 0.0012 365 404 403 653
pole 0.0012 1068 460 1156 593
pole 0.0011 1083 410 1105 530
pole 0.0011 946 523 1007 570
pole 0.0011 766 202 833 632
pole 0.0010 888 504 954 555
pole 0.0010 930 381 985 571
pole 0.0010 777 580 795 645
rail-occluder 0.0417 1400 574 1413 616
rail-occluder 0.0408 1197 566 1210 587
rail-occluder 0.0317 1096 545 1107 587
rail-occluder 0.0201 1200 571 1213 593
rail-occluder 0.0189 1093 540 1122 594
rail-occluder 0.0178 1056 550 1074 577
rail-occluder 0.0130 1125 555 1140 590
rail-occluder 0.0080 1398 588 1412 633
rail-occluder 0.0028 1124 571 1144 598
rail-occluder 0.0027 1055 537 1079 575
rail-occluder 0.0020 987 544 1143 586
rail-occluder 0.0018 1016 556 1035 588
rail-occluder 0.0014 1384 571 1410 622
rail-occluder 0.0013 1396 607 1428 646
rail-occluder 0.0012 1097 553 1131 620
rail-occluder 0.0011 1200 548 1251 604
rail-occluder 0.0011 1184 559 1209 613
rail-occluder 0.0010 1394 575 1421 616
rail-occluder 0.0010 1026 546 1191 592
rail-occluder 0.0010 1210 579 1246 609
