crossing 0.0016 847 570 905 606
train-car 0.8198 1051 511 1505 713
train-car 0.0080 828 554 920 586
train-car 0.0019 842 544 943 582
train-car 0.0016 1081 559 1393 702
train-car 0.0013 822 552 892 579
train-car 0.0011 853 525 933 593
platform 0.7972 35 567 903 831
platform 0.0098 939 563 998 593
platform 0.0046 951 556 1018 599
platform 0.0010 611 566 897 610
rail 0.9572 873 565 1131 1071
rail 0.8517 17 570 925 1078
rail 0.7346 1434 690 1921 877
rail 0.7268 1497 659 1917 760
rail 0.0369 1583 678 1916 797
rail 0.0310 1112 648 1915 881
rail 0.0217 1495 628 1915 724
rail 0.0215 1633 668 1927 730
rail 0.0213 1491 650 1694 700
rail 0.0200 1416 661 1789 731
rail 0.0165 1596 677 1742 722
rail 0.0135 1687 688 1924 746
rail 0.0122 1481 669 1673 715
rail 0.0095 937 558 997 594
rail 0.0093 1504 631 1682 676
rail 0.0076 1630 649 1931 709
rail 0.0071 1703 699 1919 832
rail 0.0061 1368 650 1841 785
rail 0.0060 930 572 973 596
rail 0.0057 934 570 989 602
rail 0.0053 1567 652 1742 703
rail 0.0052 903 568 1867 838
rail 0.0052 1558 667 1801 752
rail 0.0047 1584 690 1650 720
rail 0.0043 1566 732 1924 928
rail 0.0037 1543 683 1661 716
rail 0.0032 1755 745 1921 863
rail 0.0030 1736 701 1928 776
rail 0.0030 894 568 960 594
rail 0.0027 1732 754 1920 986
rail 0.0022 1514 616 1669 658
rail 0.0021 1751 679 1911 727
rail 0.0018 1550 718 1872 856
rail 0.0018 1847 682 1920 824
rail 0.0017 1506 698 1827 814
rail 0.0016 1523 617 1895 685
rail 0.0016 1488 653 1537 679
rail 0.0014 1746 729 1919 804
rail 0.0013 1839 727 1920 880
rail 0.0013 1487 551 1919 790
rail 0.0012 1832 679 1923 762
rail 0.0012 1469 621 1721 732
rail 0.0012 1683 793 1917 1079
rail 0.0012 1270 703 1880 964
rail 0.0011 1276 692 1790 824
rail 0.0011 1459 672 1602 709
rail 0.0011 1544 626 1757 694
rail 0.0011 840 568 912 606
rail 0.0011 1757 654 1926 715
rail 0.0010 1754 798 1914 889
rail 0.0010 1498 603 1682 703
switch-indicator 0.0328 1604 697 1629 715
switch-indicator 0.0018 1490 654 1530 676
switch-unknown 0.0098 931 568 971 596
switch-unknown 0.0034 896 561 961 595
switch-static 0.0052 1594 699 1625 717
switch-static 0.0041 1589 694 1645 720
switch-static 0.0015 1489 653 1526 676
track-sign-front 0.1123 1065 556 1083 584
track-sign-front 0.0458 1060 542 1081 587
track-sign-front 0.0446 1866 387 1920 477
track-sign-front 0.0304 1062 575 1083 634
track-sign-front 0.0187 533 508 552 534
track-sign-front 0.0091 1064 524 1094 572
track-sign-front 0.0059 1056 524 1082 557
track-sign-front 0.0047 1098 639 1117 675
track-sign-front 0.0046 1073 519 1102 549
track-sign-front 0.0035 953 548 1017 602
track-sign-front 0.0035 525 506 554 540
track-sign-front 0.0033 1076 632 1115 676
track-sign-front 0.0028 1038 530 1068 562
track-sign-front 0.0026 1058 599 1087 634
track-sign-front 0.0025 526 520 551 558
track-sign-front 0.0022 830 554 890 582
track-sign-front 0.0020 945 526 999 594
track-sign-front 0.0019 1058 500 1081 578
track-sign-front 0.0018 1062 615 1082 656
track-sign-front 0.0014 616 520 634 599
track-sign-front 0.0014 1675 609 1692 666
track-sign-front 0.0013 1766 626 1794 670
track-sign-front 0.0012 1902 481 1920 572
track-sign-front 0.0011 1458 530 1473 562
track-signal-front 0.0556 1865 385 1921 478
track-signal-front 0.0085 920 499 937 526
track-signal-front 0.0067 917 494 941 535
track-signal-front 0.0040 835 552 871 577
track-signal-front 0.0031 1460 529 1475 557
track-signal-front 0.0021 893 502 919 530
track-signal-front 0.0016 926 486 950 567
track-signal-front 0.0016 882 495 922 559
track-signal-back 0.0435 1864 390 1920 480
pole 0.2988 1059 200 1090 668
pole 0.0101 1891 331 1920 802
pole 0.0066 1903 424 1920 730
pole 0.0047 617 367 635 645
pole 0.0027 1059 521 1088 633
pole 0.0024 817 465 836 582
pole 0.0023 1871 225 1922 905
pole 0.0021 1050 310 1086 718
pole 0.0018 1672 607 1694 689
pole 0.0017 926 510 968 600
pole 0.0017 1895 548 1918 751
pole 0.0016 975 484 1009 585
pole 0.0015 989 463 1002 555
pole 0.0011 1662 583 1689 683
pole 0.0011 1058 226 1113 694
pole 0.0010 1410 410 1428 536
rail-occluder 0.2870 1659 676 1680 713
rail-occluder 0.0173 1648 670 1686 715
rail-occluder 0.0160 1643 657 1668 697
rail-occluder 0.0056 1603 693 1663 718
rail-occluder 0.0053 1622 658 1715 720
rail-occluder 0.0053 1662 692 1692 724
rail-occluder 0.0039 1662 647 1688 711
rail-occluder 0.0027 1571 689 1635 715
rail-occluder 0.0022 1650 600 1686 710
rail-occluder 0.0018 1638 624 1665 692
rail-occluder 0.0011 1591 695 1628 721
