crossing 0.0051 235 525 354 555
crossing 0.0038 227 532 322 552
crossing 0.0025 278 522 361 545
crossing 0.0025 280 530 362 558
crossing 0.0019 310 514 390 549
guard-rail 0.4954 639 603 753 671
guard-rail 0.4417 990 613 1001 679
guard-rail 0.1495 984 612 996 679
guard-rail 0.0834 673 596 768 652
guard-rail 0.0390 420 545 837 835
guard-rail 0.0235 987 471 1049 506
guard-rail 0.0203 980 609 990 660
guard-rail 0.0179 981 479 1039 520
guard-rail 0.0135 958 478 1031 532
guard-rail 0.0110 845 539 915 604
guard-rail 0.0108 610 576 740 680
guard-rail 0.0107 868 483 943 530
guard-rail 0.0106 1001 455 1075 495
guard-rail 0.0101 993 427 1051 464
guard-rail 0.0096 835 496 911 575
guard-rail 0.0092 994 602 1013 667
guard-rail 0.0088 984 609 1010 682
guard-rail 0.0047 707 582 779 636
guard-rail 0.0045 1000 624 1012 686
guard-rail 0.0037 979 624 991 684
guard-rail 0.0037 839 628 862 669
guard-rail 0.0033 989 598 1017 701
guard-rail 0.0033 956 508 1014 584
guard-rail 0.0031 965 542 1004 600
guard-rail 0.0030 1002 470 1059 522
guard-rail 0.0029 1080 436 1138 457
guard-rail 0.0024 941 570 1010 650
guard-rail 0.0023 788 551 874 599
guard-rail 0.0021 617 626 721 682
guard-rail 0.0019 966 427 1036 480
guard-rail 0.0019 377 460 1017 895
guard-rail 0.0017 906 423 947 491
guard-rail 0.0016 916 425 977 484
guard-rail 0.0016 932 422 997 498
guard-rail 0.0014 842 592 873 667
guard-rail 0.0014 776 559 843 601
guard-rail 0.0014 812 562 892 616
guard-rail 0.0011 605 620 683 689
guard-rail 0.0011 487 446 911 780
train-car 0.8485 627 326 839 439
train-car 0.8079 1067 245 1916 587
train-car 0.0526 860 353 910 396
train-car 0.0525 836 364 921 399
train-car 0.0340 636 326 747 433
train-car 0.0305 815 355 897 405
train-car 0.0194 839 371 946 412
train-car 0.0149 832 352 885 394
train-car 0.0133 861 353 925 425
train-car 0.0123 763 343 840 416
train-car 0.0122 791 348 859 410
train-car 0.0083 875 314 912 412
train-car 0.0062 704 332 806 430
train-car 0.0054 801 368 924 427
train-car 0.0049 1059 351 1366 432
train-car 0.0048 603 377 864 461
train-car 0.0031 872 351 954 387
train-car 0.0030 884 328 947 397
train-car 0.0029 1054 351 1083 394
train-car 0.0028 567 336 701 421
train-car 0.0028 1072 333 1513 439
train-car 0.0027 619 350 866 515
train-car 0.0024 1018 360 1118 402
train-car 0.0021 1053 297 1682 467
train-car 0.0021 218 401 585 497
train-car 0.0018 539 349 623 393
train-car 0.0015 1059 352 1122 393
train-car 0.0015 1046 355 1093 402
train-car 0.0012 359 416 429 482
train-car 0.0011 557 345 656 396
train-car 0.0010 487 210 957 620
train-car 0.0010 914 347 986 380
train-car 0.0010 911 375 977 409
train-car 0.0010 672 309 897 399
train-car 0.0010 736 323 946 444
rail 0.9015 989 372 1914 1073
rail 0.8927 -1 420 1006 1074
rail 0.8692 655 414 1081 1074
rail 0.8187 1027 371 1914 721
rail 0.6132 -1 441 620 676
rail 0.5752 865 398 1081 588
rail 0.5312 -2 450 244 551
rail 0.4535 -2 390 899 791
rail 0.2499 876 432 997 593
rail 0.2093 14 431 252 499
rail 0.1560 885 454 1042 559
rail 0.1525 880 490 979 582
rail 0.1412 -12 450 200 511
rail 0.1060 535 385 631 440
rail 0.0940 7 415 584 512
rail 0.0878 898 486 986 533
rail 0.0800 12 440 429 535
rail 0.0682 -1 508 441 671
rail 0.0644 991 394 1080 449
rail 0.0592 910 387 1083 1079
rail 0.0540 1031 416 1083 450
rail 0.0538 810 487 943 582
rail 0.0529 -3 444 270 633
rail 0.0520 814 385 986 610
rail 0.0466 816 376 940 425
rail 0.0370 998 408 1055 449
rail 0.0350 799 515 908 589
rail 0.0338 949 433 1078 548
rail 0.0333 859 462 953 550
rail 0.0315 -7 468 134 536
rail 0.0308 863 514 958 595
rail 0.0286 927 390 1068 486
rail 0.0282 885 465 973 528
rail 0.0259 531 396 670 463
rail 0.0236 761 446 953 605
rail 0.0204 -1 424 230 473
rail 0.0180 -1 482 190 590
rail 0.0180 903 506 1015 590
rail 0.0166 -15 440 150 492
rail 0.0157 0 498 74 542
rail 0.0145 879 382 948 430
rail 0.0141 874 385 964 456
rail 0.0135 527 378 589 420
rail 0.0134 -2 472 85 554
rail 0.0133 961 383 1043 428
rail 0.0133 1 549 258 655
rail 0.0132 979 418 1063 479
rail 0.0127 1018 424 1084 460
rail 0.0121 531 376 639 420
rail 0.0115 0 489 76 525
rail 0.0106 253 438 665 531
rail 0.0104 813 381 892 421
rail 0.0103 -2 462 86 507
rail 0.0100 951 484 1029 551
rail 0.0080 965 369 1061 417
rail 0.0079 102 389 723 525
rail 0.0078 516 391 750 472
rail 0.0074 -10 406 357 726
rail 0.0070 10 494 174 547
rail 0.0070 -1 502 40 542
rail 0.0066 1 443 77 527
rail 0.0065 987 442 1083 517
rail 0.0064 1004 413 1104 492
rail 0.0061 774 377 888 429
rail 0.0058 987 373 1048 445
rail 0.0056 846 400 919 445
rail 0.0056 1010 389 1210 444
rail 0.0054 306 466 580 526
rail 0.0053 989 354 1036 426
rail 0.0051 95 431 695 583
rail 0.0050 -12 429 68 479
rail 0.0050 717 347 1104 727
rail 0.0049 881 403 921 442
rail 0.0049 13 467 645 955
rail 0.0048 992 458 1063 534
rail 0.0048 -1 492 68 582
rail 0.0045 860 376 980 505
rail 0.0045 873 373 960 409
rail 0.0045 966 376 1104 492
rail 0.0043 898 409 997 513
rail 0.0042 26 473 197 534
rail 0.0042 575 373 641 410
rail 0.0042 450 435 669 512
rail 0.0042 382 386 693 492
rail 0.0041 991 377 1083 412
rail 0.0039 915 405 980 472
rail 0.0038 -14 402 339 507
rail 0.0038 1046 412 1169 453
rail 0.0036 114 475 231 513
rail 0.0034 792 394 910 450
rail 0.0033 34 469 369 592
rail 0.0030 -1 577 173 651
rail 0.0028 547 380 704 430
rail 0.0028 656 384 902 451
rail 0.0028 0 462 41 509
rail 0.0025 940 483 1101 616
rail 0.0025 932 379 1178 555
rail 0.0024 448 384 784 527
rail 0.0024 949 395 1158 970
rail 0.0023 121 428 292 471
rail 0.0023 -6 532 182 628
rail 0.0023 626 434 950 624
rail 0.0022 797 383 862 419
rail 0.0022 190 405 500 467
rail 0.0022 684 427 917 545
rail 0.0022 367 560 995 1041
rail 0.0022 925 387 1005 479
rail 0.0021 913 383 976 430
rail 0.0020 0 506 30 577
rail 0.0019 2 429 34 468
rail 0.0018 1368 470 1928 703
rail 0.0017 472 387 594 453
rail 0.0016 983 473 1081 566
rail 0.0016 -10 423 101 555
rail 0.0016 934 386 1007 434
rail 0.0016 799 364 967 488
rail 0.0015 1216 418 1898 629
rail 0.0015 971 396 1220 645
rail 0.0015 265 388 634 470
rail 0.0014 578 417 674 470
rail 0.0013 1004 367 1136 432
rail 0.0012 562 353 937 579
rail 0.0012 -2 567 175 712
rail 0.0011 946 358 1052 434
rail 0.0011 -19 307 644 621
rail 0.0010 819 405 884 439
rail 0.0010 214 384 529 448
rail 0.0010 591 412 726 468
rail 0.0010 495 367 644 483
switch-indicator 0.3177 131 447 143 466
switch-indicator 0.2863 371 441 398 467
switch-indicator 0.1456 369 438 395 498
switch-indicator 0.0626 128 446 146 468
switch-indicator 0.0134 885 404 914 443
switch-indicator 0.0104 80 433 196 482
switch-indicator 0.0046 1313 987 1462 1073
switch-indicator 0.0043 134 439 163 462
switch-indicator 0.0042 4 424 30 464
switch-indicator 0.0015 325 453 380 502
switch-indicator 0.0011 366 439 430 473
switch-left 0.1815 867 505 989 601
switch-left 0.0658 841 550 1014 621
switch-left 0.0318 862 538 959 607
switch-left 0.0193 913 491 1003 558
switch-left 0.0169 795 540 907 598
switch-left 0.0145 907 543 1010 595
switch-left 0.0128 832 514 911 589
switch-left 0.0092 825 576 1028 651
switch-left 0.0060 831 524 983 644
switch-left 0.0017 795 559 914 620
switch-left 0.0012 779 564 878 610
switch-left 0.0011 889 559 992 612
switch-right 0.0911 867 510 983 597
switch-right 0.0898 898 486 983 531
switch-right 0.0282 902 477 985 511
switch-right 0.0204 1020 425 1085 458
switch-right 0.0170 835 537 926 606
switch-right 0.0052 923 464 1002 512
switch-right 0.0032 784 549 881 600
switch-right 0.0023 793 560 915 620
switch-right 0.0017 814 574 992 659
switch-right 0.0012 959 536 1007 603
switch-unknown 0.1795 1040 421 1084 448
switch-unknown 0.0472 1013 405 1071 440
switch-unknown 0.0221 995 389 1051 435
switch-unknown 0.0037 1055 429 1100 457
switch-unknown 0.0029 1053 392 1123 437
switch-unknown 0.0019 1075 420 1144 451
switch-unknown 0.0011 932 398 994 460
switch-unknown 0.0010 915 366 976 407
switch-static 0.4087 1082 497 1125 527
switch-static 0.3970 1038 583 1127 622
switch-static 0.3552 818 470 883 500
switch-static 0.2655 717 524 764 570
switch-static 0.1928 720 513 829 543
switch-static 0.1898 719 513 775 545
switch-static 0.1459 1073 586 1163 626
switch-static 0.0895 831 475 899 508
switch-static 0.0589 719 509 853 560
switch-static 0.0407 785 482 927 576
switch-static 0.0405 613 599 646 629
switch-static 0.0368 1110 585 1156 623
switch-static 0.0336 762 516 838 553
switch-static 0.0241 747 498 894 563
switch-static 0.0238 1161 436 1188 453
switch-static 0.0238 93 515 146 531
switch-static 0.0206 755 502 839 541
switch-static 0.0206 1142 976 1465 1079
switch-static 0.0203 1006 413 1049 446
switch-static 0.0190 810 461 901 524
switch-static 0.0157 801 473 842 498
switch-static 0.0151 844 446 944 527
switch-static 0.0147 848 465 933 505
switch-static 0.0123 1163 432 1191 448
switch-static 0.0109 813 501 896 576
switch-static 0.0100 875 428 923 463
switch-static 0.0084 1085 495 1153 525
switch-static 0.0074 840 445 915 494
switch-static 0.0059 1305 986 1464 1074
switch-static 0.0054 801 447 858 503
switch-static 0.0052 1151 434 1187 459
switch-static 0.0047 1071 491 1128 536
switch-static 0.0039 1002 588 1104 628
switch-static 0.0038 884 404 942 447
switch-static 0.0038 46 505 127 533
switch-static 0.0037 972 402 1041 458
switch-static 0.0032 55 507 183 540
switch-static 0.0031 93 485 160 526
switch-static 0.0029 1154 427 1202 451
switch-static 0.0027 857 403 914 448
switch-static 0.0020 316 536 377 558
switch-static 0.0020 1110 987 1345 1072
switch-static 0.0019 606 586 689 625
switch-static 0.0018 1112 438 1175 463
switch-static 0.0018 1032 591 1135 645
switch-static 0.0018 330 533 387 554
switch-static 0.0017 1004 502 1161 648
switch-static 0.0016 1030 487 1108 529
switch-static 0.0015 510 562 732 665
switch-static 0.0015 38 476 126 523
switch-static 0.0015 1078 469 1144 517
switch-static 0.0014 666 494 796 559
switch-static 0.0014 998 558 1103 620
switch-static 0.0013 593 381 895 687
switch-static 0.0013 933 412 1237 774
switch-static 0.0010 306 526 413 559
switch-static 0.0010 598 586 655 647
switch-static 0.0010 957 517 1240 710
track-sign-front 0.1086 373 440 398 464
track-sign-front 0.0278 806 474 838 497
track-sign-front 0.0039 361 436 403 467
track-sign-front 0.0018 522 373 574 411
track-sign-front 0.0013 754 379 813 427
track-sign-front 0.0010 414 391 431 418
track-signal-front 0.0167 712 296 721 314
track-signal-front 0.0012 708 291 722 318
track-signal-front 0.0010 309 318 325 347
track-signal-back 0.6161 886 225 903 262
track-signal-back 0.5009 994 261 1008 290
track-signal-back 0.4881 766 234 781 269
track-signal-back 0.4424 886 264 902 291
track-signal-back 0.3903 996 295 1007 330
track-signal-back 0.2542 767 270 783 301
track-signal-back 0.1609 886 241 903 287
track-signal-back 0.0831 768 278 783 320
track-signal-back 0.0691 994 290 1008 351
track-signal-back 0.0161 888 258 902 393
track-signal-back 0.0158 882 224 907 278
track-signal-back 0.0131 712 296 722 315
track-signal-back 0.0110 762 232 786 278
track-signal-back 0.0102 988 262 1013 301
track-signal-back 0.0100 770 272 792 301
track-signal-back 0.0091 966 328 983 375
track-signal-back 0.0069 884 221 917 261
track-signal-back 0.0065 888 265 915 296
track-signal-back 0.0046 964 325 989 389
track-signal-back 0.0045 891 307 924 382
track-signal-back 0.0044 988 296 1012 330
track-signal-back 0.0024 766 230 798 267
track-signal-back 0.0022 769 237 792 277
track-signal-back 0.0017 990 242 1008 277
track-signal-back 0.0017 713 293 728 311
track-signal-back 0.0016 988 259 1013 384
track-signal-back 0.0016 889 239 913 286
track-signal-back 0.0016 769 284 796 336
track-signal-back 0.0016 769 291 782 376
track-signal-back 0.0014 762 272 791 324
track-signal-back 0.0010 917 321 970 372
pole 0.2009 887 212 904 441
pole 0.0829 889 266 901 408
pole 0.0601 994 293 1009 421
pole 0.0354 878 300 909 421
pole 0.0107 860 350 927 422
pole 0.0101 984 326 1015 431
pole 0.0081 990 347 1035 429
pole 0.0029 892 268 919 421
pole 0.0016 967 329 990 388
pole 0.0013 860 232 918 445
pole 0.0012 766 257 782 421
rail-occluder 0.2129 198 454 241 505
rail-occluder 0.1972 526 458 539 508
rail-occluder 0.1328 128 449 145 474
rail-occluder 0.0657 552 385 579 446
rail-occluder 0.0301 115 444 155 486
rail-occluder 0.0203 555 436 585 501
rail-occluder 0.0179 545 384 626 452
rail-occluder 0.0147 366 442 399 500
rail-occluder 0.0145 530 448 584 507
rail-occluder 0.0145 525 381 576 440
rail-occluder 0.0111 881 383 921 435
rail-occluder 0.0108 522 405 671 484
rail-occluder 0.0105 539 420 633 494
rail-occluder 0.0101 6 427 29 467
rail-occluder 0.0100 360 474 395 527
rail-occluder 0.0093 117 450 178 498
rail-occluder 0.0093 201 428 237 495
rail-occluder 0.0077 515 455 561 511
rail-occluder 0.0072 139 455 220 504
rail-occluder 0.0072 233 424 369 490
rail-occluder 0.0065 13 468 99 504
rail-occluder 0.0064 134 437 216 473
rail-occluder 0.0060 216 426 257 494
rail-occluder 0.0054 212 415 238 484
rail-occluder 0.0053 450 450 586 517
rail-occluder 0.0052 530 374 582 419
rail-occluder 0.0045 83 449 204 508
rail-occluder 0.0039 8 431 44 476
rail-occluder 0.0035 551 447 601 494
rail-occluder 0.0029 573 427 651 483
rail-occluder 0.0027 164 423 285 479
rail-occluder 0.0026 604 434 658 473
rail-occluder 0.0025 140 477 213 510
rail-occluder 0.0023 343 462 403 557
rail-occluder 0.0023 181 420 235 474
rail-occluder 0.0023 142 430 214 460
rail-occluder 0.0022 74 438 152 480
rail-occluder 0.0021 13 443 103 487
rail-occluder 0.0019 519 442 542 494
rail-occluder 0.0019 236 452 315 496
rail-occluder 0.0019 174 408 425 477
rail-occluder 0.0018 40 458 126 502
rail-occluder 0.0016 487 394 713 508
rail-occluder 0.0016 271 408 461 485
rail-occluder 0.0016 627 430 675 467
rail-occluder 0.0015 336 503 401 537
rail-occluder 0.0013 372 485 453 521
rail-occluder 0.0013 273 443 371 503
rail-occluder 0.0012 333 457 461 535
rail-occluder 0.0012 200 404 331 495
