crossing 0.7449 763 873 1169 1074
crossing 0.2974 2 844 680 1074
crossing 0.0259 615 642 701 665
crossing 0.0246 2 898 349 1076
crossing 0.0207 551 615 632 642
crossing 0.0137 797 728 944 762
crossing 0.0132 583 638 681 665
crossing 0.0127 760 829 989 1082
crossing 0.0122 521 615 604 642
crossing 0.0101 567 622 657 663
crossing 0.0101 326 837 657 1062
crossing 0.0053 558 777 1152 1080
crossing 0.0043 244 841 952 1077
crossing 0.0042 640 647 717 669
crossing 0.0041 836 801 1109 886
crossing 0.0040 661 643 745 668
crossing 0.0039 247 875 562 1055
crossing 0.0035 512 617 578 648
crossing 0.0029 776 714 922 754
crossing 0.0028 620 606 693 651
crossing 0.0027 687 644 771 672
crossing 0.0026 628 586 669 612
crossing 0.0025 947 860 1177 1067
crossing 0.0022 765 884 907 1075
crossing 0.0021 555 598 628 633
crossing 0.0020 591 603 675 653
crossing 0.0014 581 645 654 673
crossing 0.0013 400 828 675 960
crossing 0.0011 844 735 939 766
crossing 0.0011 1045 863 1166 1057
crossing 0.0010 516 608 619 653
guard-rail 0.0588 879 803 896 874
guard-rail 0.0098 786 796 906 1083
guard-rail 0.0097 868 798 902 880
guard-rail 0.0090 874 816 893 885
guard-rail 0.0047 870 799 894 856
guard-rail 0.0029 777 685 989 1048
guard-rail 0.0010 845 760 903 1020
rail 0.9047 591 624 1165 1075
rail 0.6647 3 646 705 1072
rail 0.0093 333 627 744 1074
rail 0.0074 188 648 1030 1081
rail 0.0032 225 834 972 1077
rail 0.0018 510 701 696 929
rail 0.0013 426 662 688 989
rail 0.0012 774 667 1153 993
rail 0.0011 807 800 1098 884
rail 0.0011 1 915 313 1088
rail 0.0011 273 671 537 1042
rail 0.0010 487 606 897 1024
track-sign-front 0.0350 1110 634 1124 736
track-sign-front 0.0199 1316 717 1333 880
track-sign-front 0.0178 1075 627 1093 724
track-sign-front 0.0161 1127 632 1151 744
track-sign-front 0.0137 701 519 715 562
track-sign-front 0.0125 1394 688 1415 806
track-sign-front 0.0101 1315 766 1331 856
track-sign-front 0.0083 631 588 666 610
track-sign-front 0.0071 1175 639 1196 756
track-sign-front 0.0070 1316 685 1336 809
track-sign-front 0.0063 877 556 899 596
track-sign-front 0.0049 1313 686 1342 858
track-sign-front 0.0046 1358 682 1383 738
track-sign-front 0.0042 1208 635 1232 721
track-sign-front 0.0041 1215 640 1236 677
track-sign-front 0.0041 1140 631 1179 750
track-sign-front 0.0040 1803 498 1855 545
track-sign-front 0.0034 1359 675 1417 822
track-sign-front 0.0033 1044 658 1061 722
track-sign-front 0.0029 1134 628 1155 690
track-sign-front 0.0029 691 573 725 635
track-sign-front 0.0028 915 538 930 567
track-sign-front 0.0028 1077 625 1108 720
track-sign-front 0.0023 626 568 676 619
track-sign-front 0.0023 686 407 705 448
track-sign-front 0.0022 1094 628 1136 734
track-sign-front 0.0021 1048 641 1083 732
track-sign-front 0.0021 876 565 900 623
track-sign-front 0.0020 734 479 754 512
track-sign-front 0.0020 1356 681 1394 759
track-sign-front 0.0019 1173 635 1195 677
track-sign-front 0.0019 874 545 917 584
track-sign-front 0.0018 702 525 732 577
track-sign-front 0.0016 1054 545 1081 575
track-sign-front 0.0014 1140 628 1172 680
track-sign-front 0.0014 701 569 744 633
track-sign-front 0.0013 483 607 535 634
track-sign-front 0.0013 717 555 748 617
track-sign-front 0.0012 1398 725 1416 842
track-sign-front 0.0012 1031 624 1059 723
track-sign-front 0.0012 698 451 716 575
track-sign-front 0.0012 1336 674 1374 816
track-sign-front 0.0011 15 641 40 740
track-sign-front 0.0011 1197 637 1235 676
track-sign-front 0.0011 672 503 706 594
track-sign-front 0.0011 1315 693 1360 887
track-sign-front 0.0010 1258 565 1294 628
track-sign-front 0.0010 673 526 699 638
track-sign-front 0.0010 909 541 933 589
track-signal-front 0.0578 1465 294 1567 377
track-signal-front 0.0319 1245 344 1320 390
track-signal-front 0.0084 11 276 126 448
track-signal-front 0.0064 1244 343 1354 410
track-signal-front 0.0050 1325 337 1408 444
track-signal-front 0.0048 1300 405 1355 599
track-signal-front 0.0040 723 479 748 510
track-signal-front 0.0034 1291 328 1369 637
track-signal-front 0.0031 1266 338 1388 467
track-signal-front 0.0027 40 286 123 394
track-signal-front 0.0018 1306 360 1386 576
track-signal-front 0.0014 1258 423 1293 541
track-signal-front 0.0012 1350 348 1406 496
track-signal-front 0.0012 1288 340 1372 427
track-signal-front 0.0012 1470 283 1597 429
track-signal-front 0.0011 1288 411 1335 554
track-signal-front 0.0010 1254 432 1278 567
track-signal-front 0.0010 1264 410 1309 557
track-signal-front 0.0010 13 301 79 472
track-signal-back 0.0070 15 277 128 429
track-signal-back 0.0017 14 276 74 395
track-signal-back 0.0016 686 407 705 448
track-signal-back 0.0014 19 320 100 481
person 0.0394 1206 641 1233 761
person 0.0069 1175 639 1196 756
person 0.0063 1212 637 1259 768
person 0.0050 879 562 901 616
person 0.0039 1213 638 1235 708
person 0.0032 1254 644 1279 751
person 0.0028 1075 625 1094 702
person 0.0023 1257 645 1276 709
person 0.0016 1020 569 1043 616
pole 0.0706 1092 15 1149 752
pole 0.0361 856 72 884 670
pole 0.0173 698 327 713 643
pole 0.0083 743 194 777 657
pole 0.0050 684 362 708 646
pole 0.0043 1401 -25 1513 974
pole 0.0038 688 227 717 640
pole 0.0034 688 333 708 527
pole 0.0034 744 295 766 624
pole 0.0028 835 55 890 686
pole 0.0020 1113 82 1162 663
pole 0.0020 714 243 759 766
pole 0.0019 752 248 774 574
pole 0.0016 760 231 779 548
pole 0.0012 716 76 783 692
pole 0.0012 860 195 882 532
rail-occluder 0.0040 629 585 669 611
