platform 0.0018 1050 612 1802 1089
platform 0.0016 1330 671 1896 1087
rail 0.9438 773 632 1091 1075
rail 0.0410 1329 637 1924 915
rail 0.0020 1549 690 1933 1061
rail 0.0017 1216 646 1838 1046
rail 0.0014 1220 600 1830 831
track-sign-front 0.1425 388 629 488 811
track-sign-front 0.0844 1160 605 1187 639
track-sign-front 0.0452 1157 560 1188 596
track-sign-front 0.0228 1155 575 1188 647
track-sign-front 0.0055 1144 560 1169 593
track-sign-front 0.0050 1149 557 1181 587
track-sign-front 0.0032 1172 557 1191 586
track-sign-front 0.0027 395 706 479 818
track-sign-front 0.0015 450 616 488 671
track-sign-front 0.0010 1178 559 1207 594
track-sign-front 0.0010 386 624 475 736
track-signal-front 0.5026 1170 383 1210 457
track-signal-front 0.3688 1086 392 1109 447
track-signal-front 0.0646 1162 382 1193 462
track-signal-front 0.0580 1165 367 1193 430
track-signal-front 0.0469 1087 390 1106 423
track-signal-front 0.0380 1164 366 1183 400
track-signal-front 0.0130 1048 396 1087 433
track-signal-front 0.0110 1297 401 1326 434
track-signal-front 0.0068 1162 420 1184 466
track-signal-front 0.0062 1179 384 1237 476
track-signal-front 0.0049 1089 393 1136 462
track-signal-front 0.0048 1185 421 1218 465
track-signal-front 0.0039 1066 394 1123 461
track-signal-front 0.0035 1111 391 1162 461
track-signal-front 0.0023 1103 375 1157 443
track-signal-front 0.0022 1081 405 1109 466
track-signal-front 0.0021 1169 365 1189 391
track-signal-front 0.0019 1204 398 1247 459
track-signal-front 0.0012 1044 403 1072 443
track-signal-front 0.0012 1173 358 1247 522
track-signal-back 0.0073 1298 399 1326 434
fence 0.1247 1261 622 1923 1068
person 0.0020 1865 603 1911 749
person 0.0010 1827 579 1917 746
person 0.0010 1885 620 1919 754
pole 0.0040 1767 361 1798 606
pole 0.0028 1847 373 1893 640
pole 0.0023 1236 302 1285 724
pole 0.0013 1853 358 1910 763
rail-occluder 0.0010 1199 625 1632 882
