crossing 0.4083 874 741 988 770
crossing 0.2337 1250 752 1368 780
crossing 0.0993 1258 744 1394 773
crossing 0.0322 858 727 982 779
crossing 0.0310 860 741 1002 794
crossing 0.0288 1272 757 1382 787
crossing 0.0203 1207 749 1322 774
crossing 0.0196 1327 752 1410 771
crossing 0.0092 1310 743 1420 767
crossing 0.0079 1194 750 1280 771
crossing 0.0066 1171 742 1299 771
crossing 0.0058 1241 739 1393 793
crossing 0.0056 1230 718 1406 766
crossing 0.0025 1110 684 1162 702
crossing 0.0017 825 687 1033 837
crossing 0.0016 1165 708 1354 754
crossing 0.0015 1148 730 1273 767
crossing 0.0013 794 673 868 700
crossing 0.0012 1340 750 1449 775
crossing 0.0011 1126 715 1332 771
crossing 0.0010 883 754 989 805
guard-rail 0.0023 934 701 982 733
platform 0.8411 13 728 802 1077
platform 0.5653 1445 738 1929 882
platform 0.0152 1410 705 1930 1013
platform 0.0026 1515 729 1960 828
platform 0.0018 1090 663 1915 844
rail 0.9307 769 679 1122 1076
rail 0.9088 1074 681 1918 1080
rail 0.0632 791 679 959 717
rail 0.0399 850 693 973 729
rail 0.0149 813 681 977 744
rail 0.0115 806 683 896 711
rail 0.0085 872 701 990 743
rail 0.0037 861 685 1066 722
rail 0.0020 775 639 1015 801
rail 0.0014 841 674 992 708
rail 0.0013 1225 693 1898 848
rail 0.0012 674 661 1463 1085
rail 0.0012 838 674 1213 738
rail 0.0012 880 691 1315 802
rail 0.0011 914 697 998 737
rail 0.0010 869 681 1047 752
switch-indicator 0.0101 1143 718 1186 757
switch-indicator 0.0018 1116 717 1189 766
switch-indicator 0.0011 618 985 686 1070
switch-right 0.0362 874 700 974 736
switch-unknown 0.0302 873 693 959 722
switch-unknown 0.0150 809 684 887 709
switch-unknown 0.0037 857 676 939 705
switch-unknown 0.0025 827 689 916 723
switch-static 0.0017 1142 719 1207 762
switch-static 0.0012 1394 758 1463 783
switch-static 0.0010 1126 738 1247 776
track-sign-front 0.0584 1591 592 1610 634
track-sign-front 0.0251 1355 571 1381 596
track-sign-front 0.0163 1590 603 1609 676
track-sign-front 0.0114 1649 660 1674 774
track-sign-front 0.0061 820 556 835 579
track-sign-front 0.0045 1592 634 1608 678
track-sign-front 0.0035 1650 655 1672 699
track-sign-front 0.0035 1115 544 1126 576
track-sign-front 0.0029 1652 645 1674 684
track-sign-front 0.0022 1224 610 1248 645
track-sign-front 0.0016 1708 637 1724 682
track-sign-front 0.0013 1580 581 1613 651
track-sign-front 0.0012 1592 580 1624 669
track-signal-front 0.2322 1186 501 1215 554
track-signal-front 0.1258 1188 486 1214 524
track-signal-front 0.0777 705 503 736 554
track-signal-front 0.0244 1590 590 1610 627
track-signal-front 0.0056 720 506 749 554
track-signal-front 0.0049 1188 471 1217 541
track-signal-front 0.0038 1590 578 1608 614
track-signal-front 0.0036 1649 403 1689 436
track-signal-front 0.0016 1114 541 1130 571
track-signal-front 0.0016 1169 498 1219 561
track-signal-front 0.0014 1115 551 1129 587
track-signal-front 0.0013 690 499 741 561
person 0.7870 309 554 428 858
person 0.0321 368 567 446 855
person 0.0258 294 585 473 943
person 0.0019 322 646 418 787
person 0.0019 285 540 380 819
person 0.0017 394 636 457 851
person 0.0014 304 562 404 755
pole 0.4133 1052 114 1085 778
pole 0.0100 1055 407 1086 739
pole 0.0067 1059 145 1111 782
pole 0.0049 1651 440 1671 762
pole 0.0032 1043 241 1098 850
pole 0.0022 1636 450 1665 756
pole 0.0017 1112 544 1125 661
pole 0.0013 1011 461 1027 698
rail-occluder 0.0012 1107 705 1181 739
rail-occluder 0.0011 1017 676 1056 714
rail-occluder 0.0010 1451 747 1478 786
