crossing 0.0015 1291 617 1412 653
guard-rail 0.0213 1234 608 1325 639
guard-rail 0.0201 1161 581 1255 621
guard-rail 0.0161 1146 575 1234 607
guard-rail 0.0140 1190 596 1284 634
guard-rail 0.0096 1132 569 1209 597
guard-rail 0.0085 1281 612 1369 641
guard-rail 0.0055 1260 618 1354 650
guard-rail 0.0054 1222 615 1303 644
guard-rail 0.0028 1258 600 1344 632
guard-rail 0.0025 995 520 1042 560
guard-rail 0.0023 973 517 1025 570
guard-rail 0.0013 954 516 995 565
guard-rail 0.0012 1007 609 1072 695
guard-rail 0.0012 1107 574 1281 638
guard-rail 0.0012 977 535 1023 599
guard-rail 0.0011 990 530 1036 605
guard-rail 0.0010 1015 574 1064 685
train-car 0.0230 989 503 1045 531
train-car 0.0106 1008 496 1064 532
rail 0.9389 958 501 1305 1077
rail 0.9176 131 503 940 1075
rail 0.8548 984 513 1919 988
rail 0.8134 1051 512 1913 739
rail 0.2590 983 513 1356 631
rail 0.2046 987 510 1205 590
rail 0.1722 1081 514 1911 628
rail 0.1011 945 506 1134 1052
rail 0.0809 987 509 1146 560
rail 0.0585 968 730 1176 981
rail 0.0549 1104 556 1346 641
rail 0.0516 972 505 1034 534
rail 0.0307 1177 585 1341 640
rail 0.0265 963 507 1134 675
rail 0.0241 995 508 1072 542
rail 0.0232 1068 546 1220 594
rail 0.0201 958 512 1094 843
rail 0.0189 1040 525 1182 582
rail 0.0152 943 496 1003 529
rail 0.0136 981 509 1510 691
rail 0.0131 997 517 1097 557
rail 0.0111 1229 600 1359 647
rail 0.0106 1377 525 1921 594
rail 0.0105 967 516 1071 722
rail 0.0075 1053 508 1208 562
rail 0.0064 1045 506 1291 595
rail 0.0062 927 521 1015 1070
rail 0.0058 968 492 1400 840
rail 0.0053 1021 542 1269 630
rail 0.0051 1045 500 1128 566
rail 0.0049 878 638 1219 1060
rail 0.0047 991 520 1044 569
rail 0.0044 964 502 1046 548
rail 0.0042 1241 555 1812 718
rail 0.0036 1099 514 1276 554
rail 0.0036 1744 546 1927 595
rail 0.0034 1199 600 1419 661
rail 0.0031 973 510 1028 584
rail 0.0029 1103 511 1424 582
rail 0.0025 956 500 1039 645
rail 0.0024 1596 535 1925 633
rail 0.0024 926 506 987 536
rail 0.0019 1180 499 1859 579
rail 0.0018 1759 559 1926 624
rail 0.0018 1689 533 1926 580
rail 0.0017 913 508 1045 885
rail 0.0016 1140 553 1587 661
rail 0.0015 965 617 1029 1036
rail 0.0014 952 465 1892 663
rail 0.0014 1397 570 1919 751
rail 0.0014 1380 509 1923 690
rail 0.0012 946 478 1138 595
rail 0.0011 1189 539 1640 876
rail 0.0011 1374 677 1615 901
rail 0.0010 967 675 1176 875
rail 0.0010 1776 829 1922 1077
rail 0.0010 760 493 1156 1081
rail 0.0010 1122 529 1247 575
rail 0.0010 983 864 1240 996
switch-indicator 0.3818 1421 719 1485 822
switch-indicator 0.0045 1592 1017 1664 1086
switch-indicator 0.0028 610 948 716 1074
switch-indicator 0.0024 1744 523 1797 551
switch-indicator 0.0010 1578 995 1676 1122
switch-left 0.2452 965 792 1196 920
switch-left 0.0736 966 743 1248 965
switch-left 0.0344 1229 606 1329 640
switch-left 0.0291 1166 585 1293 629
switch-left 0.0270 982 858 1201 942
switch-left 0.0247 954 598 1241 1030
switch-left 0.0214 1139 572 1241 608
switch-left 0.0106 1117 562 1224 603
switch-left 0.0097 1250 616 1364 651
switch-left 0.0026 966 716 1180 879
switch-left 0.0010 1291 617 1412 653
switch-left 0.0010 975 831 1270 1010
switch-right 0.2522 967 794 1194 922
switch-right 0.0335 1131 567 1229 600
switch-right 0.0221 1112 560 1207 594
switch-right 0.0152 1182 587 1278 628
switch-right 0.0136 1207 594 1303 631
switch-right 0.0119 1045 722 1328 984
switch-right 0.0071 1235 599 1325 632
switch-right 0.0045 1141 568 1265 614
switch-right 0.0034 971 575 1103 770
switch-unknown 0.0704 994 507 1045 536
switch-unknown 0.0204 1107 559 1184 585
switch-unknown 0.0149 949 503 1000 533
switch-unknown 0.0103 1095 546 1174 581
switch-unknown 0.0069 931 503 980 534
switch-unknown 0.0060 1074 530 1150 576
switch-unknown 0.0058 1015 522 1071 550
switch-unknown 0.0026 1081 498 1142 563
switch-unknown 0.0015 1101 503 1163 551
switch-unknown 0.0011 1140 533 1225 569
switch-static 0.4170 1215 833 1394 909
switch-static 0.2205 1102 696 1211 732
switch-static 0.1559 1099 696 1158 726
switch-static 0.1384 1250 849 1441 933
switch-static 0.0945 1203 838 1318 897
switch-static 0.0575 1591 1013 1673 1075
switch-static 0.0542 1070 680 1216 737
switch-static 0.0451 1262 839 1370 901
switch-static 0.0243 1343 617 1417 638
switch-static 0.0150 1885 760 1919 783
switch-static 0.0146 1183 818 1350 894
switch-static 0.0145 1298 875 1445 943
switch-static 0.0103 1310 613 1405 640
switch-static 0.0072 609 947 720 1069
switch-static 0.0060 1372 901 1436 949
switch-static 0.0047 1195 825 1291 875
switch-static 0.0046 1364 622 1430 644
switch-static 0.0044 1277 870 1380 925
switch-static 0.0042 1231 805 1378 879
switch-static 0.0040 980 531 1314 1001
switch-static 0.0037 1177 853 1399 946
switch-static 0.0032 1038 629 1205 762
switch-static 0.0031 1130 694 1245 739
switch-static 0.0030 1143 709 1214 746
switch-static 0.0029 1315 896 1440 956
switch-static 0.0027 1248 884 1421 960
switch-static 0.0027 1207 871 1305 924
switch-static 0.0026 1157 782 1406 887
switch-static 0.0025 1107 703 1212 754
switch-static 0.0025 1884 722 1920 791
switch-static 0.0022 1587 990 1707 1076
switch-static 0.0021 1070 660 1326 865
switch-static 0.0020 1153 810 1270 864
switch-static 0.0014 1149 831 1276 897
switch-static 0.0011 1234 845 1338 909
switch-static 0.0011 606 964 769 1098
switch-static 0.0010 1167 818 1332 960
track-sign-front 0.0106 1039 481 1064 521
track-sign-front 0.0074 25 529 49 560
track-sign-front 0.0040 875 470 892 515
track-sign-front 0.0039 875 439 886 516
track-sign-front 0.0018 878 475 921 518
track-sign-front 0.0017 742 479 763 520
track-sign-front 0.0014 1903 483 1918 532
track-sign-front 0.0012 722 480 756 511
track-sign-front 0.0010 743 369 760 607
track-signal-front 0.0013 1753 522 1797 550
track-signal-front 0.0012 1903 486 1919 543
track-signal-back 0.1710 1078 435 1098 478
track-signal-back 0.0049 1034 397 1046 495
track-signal-back 0.0021 1075 437 1112 481
track-signal-back 0.0011 1040 424 1108 523
pole 0.5391 1073 245 1098 584
pole 0.3470 1211 288 1234 562
pole 0.0750 1037 409 1048 527
pole 0.0631 985 406 995 525
pole 0.0382 1033 433 1058 521
pole 0.0245 1059 236 1108 603
pole 0.0148 1021 398 1045 528
pole 0.0138 983 421 1002 528
pole 0.0137 1074 391 1101 530
pole 0.0130 1204 285 1251 562
pole 0.0126 1033 318 1050 569
pole 0.0124 999 415 1045 532
pole 0.0062 1186 294 1223 570
pole 0.0062 1094 382 1127 575
pole 0.0055 1169 422 1194 538
pole 0.0052 1111 419 1144 542
pole 0.0052 1073 410 1107 608
pole 0.0051 959 415 1002 535
pole 0.0039 1095 442 1136 558
pole 0.0033 1217 368 1241 579
pole 0.0032 1145 421 1186 540
pole 0.0026 1207 407 1236 545
pole 0.0025 1179 349 1208 569
pole 0.0024 874 404 888 551
pole 0.0024 1044 378 1104 574
pole 0.0021 1012 383 1082 576
pole 0.0019 1217 363 1235 513
pole 0.0015 1082 280 1110 591
pole 0.0014 739 293 768 625
pole 0.0013 1040 289 1070 542
pole 0.0012 1158 450 1206 538
pole 0.0012 1268 461 1281 531
pole 0.0010 1055 454 1124 571
rail-occluder 0.0106 1436 727 1498 821
rail-occluder 0.0064 1218 535 1235 566
rail-occluder 0.0048 1756 524 1795 554
rail-occluder 0.0018 1406 673 1506 824
rail-occluder 0.0010 1201 531 1244 565
rail-occluder 0.0010 1213 508 1241 568
rail-occluder 0.0010 1437 725 1525 854
