crossing 0.1206 984 429 1034 449
crossing 0.0832 982 420 1039 445
crossing 0.0511 1088 420 1132 438
crossing 0.0285 1086 414 1123 434
crossing 0.0129 1094 424 1147 442
crossing 0.0124 992 413 1066 445
crossing 0.0121 1074 406 1117 429
crossing 0.0055 898 417 952 438
crossing 0.0047 940 416 1010 442
crossing 0.0044 917 416 982 439
crossing 0.0032 954 427 1008 450
crossing 0.0030 1007 424 1065 450
crossing 0.0016 878 415 936 444
guard-rail 0.0011 0 965 59 1072
platform 0.3484 0 430 842 665
platform 0.1275 0 418 985 843
platform 0.0099 2 412 846 550
platform 0.0024 -7 434 542 576
rail 0.9308 1084 393 1917 1062
rail 0.9151 814 403 1296 1071
rail 0.7596 3 416 987 999
rail 0.2572 4 439 715 604
rail 0.0467 985 412 1056 439
rail 0.0226 980 422 1034 449
rail 0.0190 -7 455 633 726
rail 0.0104 -8 470 489 627
rail 0.0083 931 413 1023 443
rail 0.0064 958 403 1049 447
rail 0.0033 1024 400 1105 429
rail 0.0031 912 414 989 439
rail 0.0021 1014 409 1100 442
rail 0.0016 265 399 936 641
rail 0.0015 850 397 1026 455
rail 0.0013 895 414 958 440
rail 0.0011 860 414 949 448
rail 0.0010 950 426 1011 452
rail 0.0010 1074 404 1117 433
switch-indicator 0.0114 329 769 362 848
switch-unknown 0.0416 989 413 1049 437
switch-unknown 0.0154 1004 406 1071 435
switch-unknown 0.0141 964 409 1036 435
switch-unknown 0.0032 1037 395 1097 427
switch-unknown 0.0032 936 404 1010 435
switch-unknown 0.0019 918 407 982 435
switch-unknown 0.0016 1027 406 1090 445
switch-static 0.0013 856 477 889 509
switch-static 0.0012 308 765 374 858
track-sign-front 0.0661 1085 194 1127 234
track-sign-front 0.0212 681 454 701 488
track-sign-front 0.0176 680 446 723 512
track-sign-front 0.0124 1172 394 1190 415
track-sign-front 0.0103 1199 360 1221 387
track-sign-front 0.0101 1418 440 1449 481
track-sign-front 0.0095 1201 383 1228 414
track-sign-front 0.0085 1197 357 1229 406
track-sign-front 0.0071 559 370 579 440
track-sign-front 0.0062 806 453 831 527
track-sign-front 0.0057 543 290 575 395
track-sign-front 0.0055 1209 366 1227 405
track-sign-front 0.0044 552 337 580 459
track-sign-front 0.0043 1338 192 1364 220
track-sign-front 0.0041 1167 369 1210 416
track-sign-front 0.0037 853 378 875 451
track-sign-front 0.0029 1801 351 1848 469
track-sign-front 0.0021 532 292 558 396
track-sign-front 0.0017 1189 358 1210 382
track-sign-front 0.0015 1211 345 1230 381
track-sign-front 0.0013 1167 389 1190 422
track-sign-front 0.0011 1313 7 1350 47
track-sign-front 0.0010 0 964 53 1080
track-signal-front 0.7356 1088 44 1131 127
track-signal-front 0.6677 1317 43 1360 121
track-signal-front 0.6072 849 210 878 272
track-signal-front 0.1279 543 286 571 371
track-signal-front 0.1026 1468 1 1533 97
track-signal-front 0.0418 754 232 776 278
track-signal-front 0.0101 857 211 896 272
track-signal-front 0.0058 519 280 540 344
track-signal-front 0.0052 1092 37 1170 126
track-signal-front 0.0051 522 298 540 365
track-signal-front 0.0045 551 291 580 374
track-signal-front 0.0039 1085 83 1128 146
track-signal-front 0.0037 528 275 554 329
track-signal-front 0.0035 525 281 563 371
track-signal-front 0.0030 752 224 787 282
track-signal-front 0.0025 1061 31 1121 110
track-signal-front 0.0025 531 279 583 381
track-signal-front 0.0025 831 204 891 279
track-signal-front 0.0022 541 266 572 339
track-signal-front 0.0018 774 238 816 294
track-signal-front 0.0018 1459 0 1514 70
track-signal-front 0.0016 1431 -12 1556 111
track-signal-front 0.0011 1471 41 1524 130
track-signal-front 0.0010 1330 40 1393 116
track-signal-back 0.0205 1085 183 1130 234
track-signal-back 0.0162 1083 127 1132 211
track-signal-back 0.0069 1088 112 1129 177
track-signal-back 0.0017 1105 133 1141 193
track-signal-back 0.0010 1030 2 1071 76
pole 0.0300 859 246 881 475
pole 0.0201 860 384 876 467
pole 0.0136 838 223 877 507
pole 0.0078 815 213 831 468
pole 0.0071 853 326 874 503
pole 0.0065 815 262 843 506
pole 0.0060 558 356 579 491
pole 0.0050 828 339 872 522
pole 0.0049 859 329 878 452
pole 0.0044 682 397 727 539
pole 0.0044 687 537 717 630
pole 0.0031 853 414 885 483
pole 0.0024 546 267 579 460
pole 0.0015 545 379 581 561
pole 0.0015 866 252 901 471
pole 0.0014 802 222 828 455
pole 0.0014 844 316 877 453
pole 0.0014 774 338 831 531
pole 0.0013 817 296 832 427
pole 0.0012 790 266 826 499
pole 0.0012 674 317 740 573
pole 0.0010 812 322 843 452
rail-occluder 0.2369 685 472 733 612
rail-occluder 0.1645 692 486 735 562
rail-occluder 0.0532 680 503 721 626
rail-occluder 0.0300 807 448 832 523
rail-occluder 0.0143 696 497 727 640
rail-occluder 0.0117 794 439 841 531
rail-occluder 0.0077 677 542 709 626
rail-occluder 0.0071 814 431 836 512
rail-occluder 0.0069 689 424 742 561
rail-occluder 0.0051 684 447 713 561
rail-occluder 0.0043 644 429 794 604
rail-occluder 0.0042 714 482 773 566
rail-occluder 0.0037 666 498 731 663
rail-occluder 0.0034 744 450 848 538
rail-occluder 0.0024 811 437 873 518
rail-occluder 0.0024 681 422 729 515
rail-occluder 0.0019 647 496 712 644
rail-occluder 0.0018 701 403 753 524
rail-occluder 0.0017 837 385 888 485
rail-occluder 0.0016 722 430 869 574
rail-occluder 0.0015 699 465 802 555
rail-occluder 0.0014 851 472 888 506
rail-occluder 0.0014 811 371 847 498
rail-occluder 0.0012 796 415 904 505
