crossing 0.0018 308 722 491 767
crossing 0.0010 666 628 1093 775
rail 0.7625 637 585 1898 1077
rail 0.6141 163 581 879 1078
rail 0.0456 -9 587 455 1074
rail 0.0036 -9 625 198 1077
rail 0.0033 0 601 302 855
rail 0.0032 308 590 1304 1077
rail 0.0032 903 589 1882 905
rail 0.0030 6 580 513 826
rail 0.0023 201 591 853 844
rail 0.0021 780 618 1450 1070
rail 0.0014 874 762 1870 1089
rail 0.0011 92 620 331 1068
track-sign-front 0.3054 586 434 611 464
track-sign-front 0.0447 381 507 415 548
track-sign-front 0.0282 992 462 1014 486
track-sign-front 0.0020 884 450 903 473
track-sign-front 0.0015 578 447 608 503
track-sign-front 0.0014 824 456 837 479
track-sign-front 0.0014 875 448 901 471
track-sign-front 0.0012 583 416 614 476
track-signal-front 0.0028 737 441 756 478
person 0.0147 1643 484 1686 632
person 0.0060 380 503 416 558
person 0.0060 1695 529 1723 605
person 0.0045 1682 518 1722 620
person 0.0014 1656 498 1702 610
person 0.0014 920 506 941 543
person 0.0012 1627 458 1672 614
pole 0.0057 1214 60 1253 604
pole 0.0010 1209 58 1278 677
