train-car 0.8844 0 274 496 1069
train-car 0.0017 21 368 492 776
train-car 0.0010 1284 570 1518 746
platform 0.8695 688 591 1915 1078
platform 0.0335 491 596 560 668
platform 0.0156 493 597 544 645
platform 0.0057 874 607 1792 832
rail 0.9032 628 598 891 1078
rail 0.8799 480 593 612 778
rail 0.1336 483 601 587 711
rail 0.0343 490 596 560 668
rail 0.0137 492 597 545 644
rail 0.0021 473 570 757 1024
rail 0.0017 373 531 829 860
rail 0.0015 361 599 671 1079
rail 0.0012 450 630 605 855
rail 0.0010 474 560 653 724
track-sign-front 0.0853 1000 579 1020 604
track-sign-front 0.0046 670 528 684 563
track-sign-front 0.0037 991 574 1023 603
track-sign-front 0.0016 717 579 737 602
track-sign-front 0.0016 663 519 684 577
track-sign-front 0.0013 671 541 685 600
track-signal-front 0.0049 571 542 586 569
track-signal-front 0.0035 670 528 686 554
person-group 0.0668 1338 627 1504 775
person-group 0.0029 1244 636 1667 807
person 0.6909 1667 633 1739 821
person 0.1740 1346 637 1395 770
person 0.1018 1338 628 1471 774
person 0.0848 1376 636 1438 770
person 0.0234 1390 640 1497 772
person 0.0062 1437 658 1491 776
person 0.0056 1432 637 1527 783
person 0.0033 1281 629 1321 738
person 0.0029 1281 624 1367 752
person 0.0026 1397 630 1449 740
person 0.0025 1645 634 1775 845
person 0.0014 1687 666 1754 813
person 0.0013 1365 614 1532 758
person 0.0012 1709 657 1795 825
person 0.0012 1454 670 1557 796
