train-car 0.9064 452 329 1307 907
train-car 0.0139 785 369 1420 925
train-car 0.0010 946 498 1313 883
rail 0.6547 1303 785 1916 1064
rail 0.5777 816 885 1430 1076
rail 0.1858 133 609 500 695
rail 0.1790 629 800 1572 1077
rail 0.1685 1339 756 1920 947
rail 0.1321 1136 932 1418 1071
rail 0.0701 222 567 1771 1055
rail 0.0344 608 648 1973 978
rail 0.0306 241 629 495 690
rail 0.0229 0 568 462 673
rail 0.0174 839 944 1061 1070
rail 0.0070 40 617 490 740
rail 0.0064 991 870 1758 1080
rail 0.0055 658 416 1657 931
rail 0.0040 101 547 512 724
rail 0.0039 178 636 464 713
rail 0.0038 250 600 492 664
rail 0.0037 897 938 1257 1072
rail 0.0036 67 585 393 655
rail 0.0033 132 579 464 637
rail 0.0031 756 883 1111 1069
rail 0.0030 245 648 539 727
rail 0.0030 -19 497 434 708
rail 0.0018 836 792 1935 1122
rail 0.0015 1555 799 1933 996
rail 0.0014 1316 767 2010 1314
rail 0.0012 1587 724 1920 916
rail 0.0012 1425 865 1903 1213
rail 0.0011 -2 593 489 890
rail 0.0011 300 622 471 676
rail 0.0010 1318 690 1898 878
rail 0.0010 1490 848 1721 1017
switch-static 0.0014 1 785 89 865
track-sign-front 0.0171 46 438 101 484
track-sign-front 0.0092 49 470 87 734
track-sign-front 0.0035 18 402 116 480
track-sign-front 0.0028 1272 784 1295 817
track-sign-front 0.0024 457 482 481 508
track-sign-front 0.0023 0 783 94 858
track-sign-front 0.0016 58 546 88 654
track-sign-front 0.0015 41 414 97 667
track-sign-front 0.0011 20 429 97 492
track-sign-front 0.0010 1263 780 1290 813
track-signal-front 0.2137 1145 303 1209 380
track-signal-front 0.0023 1120 304 1214 411
track-signal-front 0.0019 1137 276 1217 363
track-signal-front 0.0011 0 365 129 454
pole 0.0112 49 442 89 717
pole 0.0098 1859 111 1900 707
pole 0.0039 1827 12 1905 1003
pole 0.0016 1868 44 1917 646
