crossing 0.0941 -2 567 47 601
crossing 0.0347 -1 537 39 591
crossing 0.0174 0 514 36 551
crossing 0.0160 0 487 31 516
crossing 0.0010 7 499 92 545
guard-rail 0.0016 61 595 140 626
guard-rail 0.0010 84 604 173 637
guard-rail 0.0010 38 591 119 640
rail 0.8705 0 479 136 1076
rail 0.8166 13 578 987 1074
rail 0.0221 1 536 107 631
rail 0.0134 1 509 131 666
rail 0.0093 1 476 143 557
rail 0.0079 0 496 67 581
rail 0.0077 0 483 29 509
rail 0.0065 12 559 442 748
rail 0.0061 -1 486 49 518
rail 0.0049 0 523 47 587
rail 0.0048 -4 537 74 685
rail 0.0047 -4 479 124 526
rail 0.0044 13 469 210 578
rail 0.0042 259 592 1937 1135
rail 0.0042 2 483 202 722
rail 0.0041 -1 509 54 555
rail 0.0041 3 562 192 665
rail 0.0039 -8 476 69 509
rail 0.0038 274 724 610 1071
rail 0.0035 16 552 644 817
rail 0.0031 -29 504 470 1074
rail 0.0029 15 575 302 679
rail 0.0028 5 463 194 514
rail 0.0022 23 567 127 641
rail 0.0017 -116 472 233 1077
rail 0.0017 -4 574 115 698
rail 0.0017 38 587 161 633
rail 0.0016 263 670 855 1062
rail 0.0014 0 676 103 1097
rail 0.0013 -2 431 156 644
rail 0.0012 0 596 87 668
rail 0.0011 354 688 541 1036
switch-left 0.1183 -2 579 70 628
switch-left 0.0160 0 591 77 652
switch-right 0.1419 -6 582 67 625
switch-right 0.0778 -3 570 53 604
switch-right 0.0378 -8 593 98 638
switch-right 0.0021 22 582 132 652
switch-right 0.0011 -2 593 115 680
switch-right 0.0010 0 603 83 659
switch-static 0.0019 5 564 90 606
track-sign-front 0.0774 5 135 37 167
track-sign-front 0.0179 878 117 922 144
track-sign-front 0.0075 1203 474 1267 591
track-sign-front 0.0027 1197 413 1276 663
track-sign-front 0.0026 540 484 559 513
track-sign-front 0.0022 483 534 514 629
track-sign-front 0.0018 30 358 51 455
track-sign-front 0.0011 -1 126 48 181
track-signal-front 0.0455 89 385 109 414
track-signal-front 0.0252 57 377 108 427
track-signal-front 0.0251 63 382 100 414
track-signal-front 0.0236 61 410 82 436
track-signal-front 0.0220 58 382 83 431
track-signal-front 0.0032 42 362 85 427
track-signal-front 0.0019 54 406 86 442
track-signal-front 0.0015 61 313 79 362
track-signal-front 0.0015 62 323 83 395
track-signal-front 0.0011 80 393 110 445
person 0.6699 389 499 449 639
person 0.6081 235 468 274 569
person 0.5158 138 472 175 562
person 0.1985 167 462 200 560
person 0.0210 384 429 471 744
person 0.0085 371 500 424 639
person 0.0073 173 452 215 552
person 0.0045 176 459 199 527
person 0.0029 189 459 250 600
person 0.0028 428 487 497 664
person 0.0026 172 449 193 501
person 0.0012 163 401 241 591
pole 0.1280 29 204 47 527
pole 0.1192 448 2 527 1003
pole 0.0559 438 35 509 736
pole 0.0244 190 8 230 627
pole 0.0123 416 25 562 1078
pole 0.0103 34 214 77 512
pole 0.0063 403 513 523 1023
pole 0.0046 6 201 42 527
pole 0.0038 29 328 52 535
pole 0.0033 24 253 58 546
pole 0.0022 63 455 94 522
pole 0.0021 467 288 521 814
pole 0.0019 61 279 82 441
pole 0.0017 51 227 78 452
pole 0.0015 44 456 112 526
pole 0.0015 30 300 45 439
pole 0.0015 62 405 90 515
pole 0.0015 197 44 253 598
pole 0.0014 1177 -10 1280 979
pole 0.0012 177 14 239 808
pole 0.0012 475 -26 563 884
pole 0.0012 431 333 523 687
rail-occluder 0.0019 54 477 101 525
rail-occluder 0.0018 24 476 131 532
rail-occluder 0.0013 474 529 513 668
