crossing 0.0070 818 746 1065 794
crossing 0.0043 1271 729 1553 801
crossing 0.0020 981 666 1912 1006
platform 0.0014 1595 718 1915 880
rail 0.9108 767 678 1244 1074
rail 0.7565 724 656 1906 1080
rail 0.0032 678 647 1591 934
rail 0.0028 780 721 1097 796
rail 0.0026 748 709 1147 907
rail 0.0023 144 648 1292 1085
rail 0.0023 796 645 1818 834
rail 0.0017 826 745 1066 810
rail 0.0015 1227 723 1899 1071
rail 0.0011 1074 559 1276 651
rail 0.0010 458 636 1183 948
rail 0.0010 408 594 963 843
rail 0.0010 853 603 1393 725
switch-left 0.0039 791 743 1055 792
track-sign-front 0.0138 587 509 607 540
track-sign-front 0.0100 950 528 990 567
track-sign-front 0.0069 505 449 533 484
track-sign-front 0.0061 511 446 557 484
track-sign-front 0.0018 535 455 560 487
track-sign-front 0.0013 586 515 605 554
track-signal-front 0.0048 1461 502 1483 533
track-signal-front 0.0015 1450 503 1484 542
person-group 0.0257 1076 575 1300 667
car 0.4119 521 584 780 795
car 0.0041 852 577 1076 654
car 0.0020 429 564 842 851
person 0.1169 1476 593 1516 701
person 0.0224 1460 583 1503 687
person 0.0167 1440 586 1464 675
person 0.0110 1106 564 1300 670
person 0.0098 1091 582 1213 666
person 0.0082 1228 570 1287 673
person 0.0080 1259 572 1293 669
person 0.0064 1491 590 1522 674
person 0.0052 1207 568 1257 672
person 0.0045 1431 590 1458 662
person 0.0043 1181 561 1235 664
person 0.0039 1115 589 1173 664
person 0.0034 1484 576 1515 661
person 0.0030 1136 571 1233 670
person 0.0023 1090 582 1153 664
person 0.0014 725 532 742 572
person 0.0014 1136 576 1193 659
person 0.0011 1485 594 1559 700
person 0.0010 1419 597 1467 686
