crossing 0.0018 907 581 952 605
train-car 0.0048 1046 509 1091 600
train-car 0.0024 1012 528 1077 594
train-car 0.0014 1009 534 1120 607
train-car 0.0010 1547 552 1649 601
platform 0.5563 -2 551 839 898
platform 0.1051 953 568 1881 1077
platform 0.0055 2 613 564 858
platform 0.0017 995 539 1092 601
platform 0.0013 1063 523 1367 667
platform 0.0011 972 559 1115 612
platform 0.0010 231 573 786 659
rail 0.9409 882 550 1147 1072
rail 0.8662 3 548 887 1076
rail 0.2079 3 563 753 721
rail 0.0951 1094 580 1509 688
rail 0.0603 758 553 899 643
rail 0.0371 787 550 906 600
rail 0.0352 1051 588 1855 740
rail 0.0241 733 500 881 715
rail 0.0195 -4 607 457 722
rail 0.0183 1038 563 1329 684
rail 0.0092 807 551 897 584
rail 0.0061 0 641 339 741
rail 0.0043 1022 574 1892 855
rail 0.0038 755 585 853 654
rail 0.0032 802 552 927 625
rail 0.0032 1663 948 1910 1089
rail 0.0027 1236 581 1685 663
rail 0.0027 766 566 847 636
rail 0.0025 -5 552 569 849
rail 0.0021 830 535 911 584
rail 0.0021 717 581 837 673
rail 0.0017 403 543 814 1023
rail 0.0016 844 550 946 592
rail 0.0015 859 545 939 572
rail 0.0015 1156 598 1316 684
rail 0.0015 1390 566 1724 682
rail 0.0014 970 545 1084 597
rail 0.0014 906 554 950 582
rail 0.0014 916 557 965 584
rail 0.0014 926 553 1009 587
rail 0.0013 1467 608 1663 676
rail 0.0013 1463 584 1656 656
rail 0.0013 729 516 811 640
rail 0.0011 782 539 881 587
rail 0.0011 948 545 1043 590
rail 0.0011 1718 962 1960 1120
rail 0.0011 78 419 761 693
rail 0.0011 1034 553 1192 641
rail 0.0011 1073 593 2032 1129
rail 0.0010 -10 613 176 757
rail 0.0010 -4 671 159 746
switch-unknown 0.0036 766 592 834 652
switch-unknown 0.0035 898 546 948 577
switch-unknown 0.0030 915 556 962 583
switch-unknown 0.0023 767 617 819 656
switch-unknown 0.0012 913 542 971 581
switch-unknown 0.0011 867 528 933 574
switch-static 0.0030 1660 938 1916 1079
track-sign-front 0.0020 562 640 667 798
track-sign-front 0.0011 340 464 370 598
track-sign-front 0.0010 954 525 999 583
track-sign-front 0.0010 967 539 1021 591
track-signal-back 0.0027 1098 382 1132 587
track-signal-back 0.0016 1102 403 1158 515
track-signal-back 0.0011 739 364 775 520
person 0.0041 2 541 65 684
person 0.0022 2 563 39 680
pole 0.1923 630 297 751 912
pole 0.1564 729 345 777 789
pole 0.1152 1096 410 1127 634
pole 0.1024 346 370 370 682
pole 0.0771 1078 409 1104 626
pole 0.0585 696 340 776 872
pole 0.0539 1161 385 1181 674
pole 0.0527 646 297 715 801
pole 0.0299 1074 412 1091 609
pole 0.0240 347 528 362 666
pole 0.0226 1101 398 1151 655
pole 0.0155 540 396 559 620
pole 0.0117 1069 461 1088 601
pole 0.0097 1143 416 1192 703
pole 0.0089 743 399 786 703
pole 0.0067 1084 387 1116 616
pole 0.0065 720 427 765 723
pole 0.0062 1071 477 1118 617
pole 0.0060 1048 497 1089 610
pole 0.0055 1075 394 1140 641
pole 0.0053 1160 485 1182 621
pole 0.0049 1014 515 1072 603
pole 0.0048 335 374 386 679
pole 0.0046 1003 372 1021 603
pole 0.0045 1086 502 1131 640
pole 0.0039 1077 439 1096 588
pole 0.0039 730 473 772 670
pole 0.0032 334 444 367 681
pole 0.0032 570 559 703 845
pole 0.0030 740 337 777 631
pole 0.0027 999 503 1051 602
pole 0.0026 360 390 400 671
pole 0.0021 982 479 1016 595
pole 0.0018 973 514 1012 585
pole 0.0018 880 484 910 574
pole 0.0018 1106 445 1226 689
pole 0.0017 773 475 825 637
pole 0.0017 328 407 354 649
pole 0.0017 1147 545 1183 662
pole 0.0017 327 549 385 704
pole 0.0016 1145 523 1206 690
pole 0.0016 1052 526 1164 620
pole 0.0016 867 477 901 580
pole 0.0016 999 440 1036 627
pole 0.0016 1094 487 1182 662
pole 0.0012 531 445 558 658
pole 0.0012 540 439 569 656
pole 0.0012 996 455 1016 573
pole 0.0011 343 486 365 622
pole 0.0011 352 345 377 640
pole 0.0011 1000 445 1025 577
pole 0.0010 566 518 812 1033
pole 0.0010 512 336 886 955
pole 0.0010 622 591 676 846
rail-occluder 0.0036 572 661 657 812
rail-occluder 0.0024 587 569 691 835
rail-occluder 0.0022 1076 557 1107 630
rail-occluder 0.0017 551 631 673 856
rail-occluder 0.0016 1126 589 1161 641
rail-occluder 0.0011 1105 572 1176 642
rail-occluder 0.0010 1078 558 1147 635
rail-occluder 0.0010 758 570 801 628
rail-occluder 0.0010 710 535 753 707
