crossing 0.1093 889 480 926 494
crossing 0.0915 747 481 807 494
crossing 0.0837 725 479 780 493
crossing 0.0762 897 485 930 498
crossing 0.0732 766 483 820 499
crossing 0.0153 893 479 935 501
crossing 0.0053 853 470 904 494
crossing 0.0045 714 477 764 496
crossing 0.0036 908 467 968 497
crossing 0.0024 909 482 960 506
crossing 0.0022 784 477 857 500
crossing 0.0018 835 470 887 494
guard-rail 0.2521 987 830 1040 1078
guard-rail 0.0390 854 832 889 1077
guard-rail 0.0151 849 835 1035 1074
guard-rail 0.0096 989 828 1116 1076
guard-rail 0.0052 991 871 1035 1015
guard-rail 0.0052 833 829 926 1078
guard-rail 0.0041 783 485 852 510
guard-rail 0.0035 935 817 1044 1039
guard-rail 0.0030 818 502 888 556
guard-rail 0.0030 820 482 890 519
guard-rail 0.0028 764 480 905 605
guard-rail 0.0027 885 498 941 537
guard-rail 0.0025 800 495 862 569
guard-rail 0.0023 811 495 889 610
guard-rail 0.0016 881 576 981 653
guard-rail 0.0016 982 854 1027 978
guard-rail 0.0015 986 835 1056 947
guard-rail 0.0015 1004 868 1051 1079
guard-rail 0.0015 774 811 830 1066
guard-rail 0.0014 874 501 956 604
guard-rail 0.0013 843 854 878 1083
guard-rail 0.0013 930 600 982 650
guard-rail 0.0011 857 870 885 1013
guard-rail 0.0011 1013 822 1068 911
guard-rail 0.0010 881 812 1011 887
train-car 0.0020 905 432 939 492
rail 0.8484 757 460 1137 1077
rail 0.5794 699 471 979 1077
rail 0.4022 720 475 962 638
rail 0.1161 983 833 1044 1076
rail 0.0207 856 826 1068 1075
rail 0.0207 912 561 1149 944
rail 0.0206 839 538 965 641
rail 0.0095 888 480 930 507
rail 0.0069 990 828 1115 1075
rail 0.0061 617 485 903 650
rail 0.0053 792 741 1080 966
rail 0.0049 727 478 785 495
rail 0.0046 832 569 988 689
rail 0.0045 836 477 917 520
rail 0.0036 848 473 912 497
rail 0.0033 774 486 931 593
rail 0.0031 856 476 949 586
rail 0.0024 624 456 964 843
rail 0.0023 698 644 845 961
rail 0.0022 973 722 1146 1068
rail 0.0018 628 467 878 582
rail 0.0018 667 445 1052 705
rail 0.0017 905 469 969 496
rail 0.0017 774 484 865 515
rail 0.0015 812 472 908 502
rail 0.0015 869 460 969 621
rail 0.0014 756 481 871 630
rail 0.0014 762 816 970 1085
rail 0.0012 880 492 945 555
rail 0.0010 865 496 1003 670
rail 0.0010 654 492 855 920
switch-indicator 0.7233 1197 676 1242 765
switch-indicator 0.0392 1088 700 1233 783
switch-indicator 0.0120 650 550 685 647
switch-indicator 0.0111 652 565 747 662
switch-indicator 0.0075 689 612 756 658
switch-indicator 0.0049 1143 681 1237 778
switch-indicator 0.0014 644 564 681 698
switch-indicator 0.0012 1208 681 1257 781
switch-indicator 0.0012 1191 669 1292 771
switch-left 0.3937 857 586 978 651
switch-left 0.0139 815 808 1052 909
switch-left 0.0033 817 681 1126 1025
switch-left 0.0031 776 767 1042 937
switch-left 0.0030 864 552 963 637
switch-left 0.0020 790 808 1011 1004
switch-left 0.0019 894 606 983 654
switch-left 0.0014 867 822 1016 899
switch-right 0.3839 855 586 980 651
switch-right 0.0036 795 806 1051 897
switch-static 0.4918 1002 623 1137 669
switch-static 0.2445 1068 727 1170 778
switch-static 0.1615 988 626 1081 662
switch-static 0.1129 691 619 761 661
switch-static 0.0709 1020 729 1153 786
switch-static 0.0594 1104 724 1208 777
switch-static 0.0545 1057 625 1149 672
switch-static 0.0378 1080 705 1231 782
switch-static 0.0309 767 611 826 654
switch-static 0.0235 769 615 800 656
switch-static 0.0179 692 600 796 658
switch-static 0.0138 1086 671 1274 778
switch-static 0.0115 983 646 1207 793
switch-static 0.0108 716 578 874 655
switch-static 0.0104 718 479 751 495
switch-static 0.0093 794 614 847 650
switch-static 0.0084 1064 634 1198 679
switch-static 0.0080 1012 733 1101 794
switch-static 0.0068 701 595 774 629
switch-static 0.0043 991 599 1167 680
switch-static 0.0040 1097 637 1163 676
switch-static 0.0036 1165 659 1283 771
switch-static 0.0029 984 634 1064 672
switch-static 0.0025 903 558 1237 761
switch-static 0.0023 740 594 801 630
switch-static 0.0021 849 480 905 510
switch-static 0.0017 631 559 838 690
switch-static 0.0017 688 628 773 677
switch-static 0.0016 962 593 1211 891
switch-static 0.0016 991 683 1171 861
switch-static 0.0015 1043 708 1193 824
switch-static 0.0013 946 478 994 510
switch-static 0.0011 1065 638 1241 707
switch-static 0.0010 777 594 832 632
track-sign-front 0.0177 650 556 685 630
track-sign-front 0.0043 673 445 692 476
track-sign-front 0.0020 664 443 687 477
track-sign-front 0.0013 675 430 713 486
track-signal-back 0.0119 734 389 745 421
track-signal-back 0.0102 734 391 743 408
track-signal-back 0.0052 910 412 927 472
track-signal-back 0.0047 642 401 659 423
track-signal-back 0.0040 674 431 694 467
track-signal-back 0.0033 722 379 746 471
track-signal-back 0.0025 736 386 748 403
track-signal-back 0.0024 697 403 720 461
track-signal-back 0.0019 702 406 718 439
track-signal-back 0.0014 877 359 893 378
track-signal-back 0.0013 907 384 925 458
track-signal-back 0.0013 870 357 907 476
track-signal-back 0.0012 876 362 890 397
track-signal-back 0.0010 638 398 671 444
track-signal-back 0.0010 876 355 902 397
pole 0.0348 830 361 848 488
pole 0.0181 871 363 890 493
pole 0.0044 879 367 922 491
pole 0.0016 731 386 745 474
pole 0.0015 859 427 895 496
pole 0.0013 822 359 862 485
pole 0.0012 874 420 933 503
pole 0.0010 871 341 903 497
