train-car 0.7241 22 252 868 677
train-car 0.1378 974 398 1014 441
train-car 0.0373 528 420 667 661
train-car 0.0045 253 298 901 569
train-car 0.0027 149 347 512 719
train-car 0.0027 -4 244 537 604
train-car 0.0019 476 315 625 603
train-car 0.0016 521 344 965 543
train-car 0.0013 917 393 1012 449
train-car 0.0010 931 404 968 443
platform 0.9385 1 443 916 1078
platform 0.6633 997 430 1913 932
platform 0.0021 1082 444 1756 770
rail 0.9535 835 439 1199 1074
rail 0.9196 984 438 1919 1072
rail 0.0012 964 411 1021 473
track-sign-front 0.0425 948 343 960 363
track-sign-front 0.0096 1086 341 1098 371
track-sign-front 0.0092 139 125 209 182
track-sign-front 0.0049 952 339 966 361
track-sign-front 0.0041 1299 334 1318 368
track-sign-front 0.0034 244 126 318 193
track-sign-front 0.0021 1019 514 1038 537
track-sign-front 0.0019 152 285 201 369
track-sign-front 0.0019 994 331 1009 356
track-sign-front 0.0013 1363 302 1392 328
track-signal-front 0.0668 947 339 961 366
track-signal-front 0.0478 992 337 1007 376
track-signal-front 0.0272 934 404 951 435
track-signal-front 0.0171 976 384 1015 446
track-signal-front 0.0153 1086 340 1098 383
track-signal-front 0.0070 981 351 1013 422
track-signal-front 0.0062 248 128 335 192
track-signal-front 0.0057 922 399 950 433
track-signal-front 0.0051 1300 333 1319 366
track-signal-front 0.0037 934 402 962 444
track-signal-front 0.0014 940 337 969 370
track-signal-front 0.0011 289 129 336 194
track-signal-front 0.0010 986 335 1013 379
track-signal-front 0.0010 950 356 995 438
track-signal-back 0.0028 240 123 327 186
track-signal-back 0.0014 874 187 908 276
person-group 0.1480 748 400 895 505
person-group 0.0908 5 456 271 862
person-group 0.0297 614 394 887 577
person-group 0.0202 29 295 833 859
person-group 0.0100 802 387 902 484
person-group 0.0056 -1 458 121 700
person-group 0.0043 710 391 916 545
person-group 0.0027 30 439 231 639
person 0.6200 381 451 492 709
person 0.6147 542 435 620 662
person 0.5431 624 428 689 654
person 0.5277 154 477 271 857
person 0.4836 689 414 736 568
person 0.4051 735 411 775 515
person 0.3866 33 468 275 866
person 0.3424 53 521 151 874
person 0.3238 307 452 378 709
person 0.2325 701 410 776 536
person 0.2202 660 426 735 589
person 0.2067 240 475 323 827
person 0.0928 467 457 539 671
person 0.0838 191 497 307 839
person 0.0601 277 428 499 750
person 0.0563 770 400 867 507
person 0.0511 651 415 701 596
person 0.0377 -2 472 72 843
person 0.0345 501 436 596 669
person 0.0321 515 440 662 673
person 0.0320 778 409 822 513
person 0.0244 182 389 576 778
person 0.0235 795 393 895 485
person 0.0226 669 424 714 558
person 0.0224 813 408 871 492
person 0.0141 272 451 382 824
person 0.0139 -1 460 135 809
person 0.0128 577 419 637 613
person 0.0100 638 430 687 556
person 0.0095 353 430 439 693
person 0.0083 753 398 816 505
person 0.0065 0 473 66 637
person 0.0061 98 450 175 592
person 0.0053 63 564 215 911
person 0.0053 25 632 145 906
person 0.0050 -1 588 30 797
person 0.0047 841 397 893 471
person 0.0044 732 416 829 539
person 0.0042 45 441 196 705
person 0.0042 583 435 727 667
person 0.0041 -3 467 37 692
person 0.0041 327 431 389 653
person 0.0039 796 419 848 509
person 0.0034 269 456 352 704
person 0.0033 78 488 173 808
person 0.0033 319 484 374 634
person 0.0032 114 359 430 793
person 0.0031 274 523 342 813
person 0.0028 474 483 524 631
person 0.0026 616 497 670 646
person 0.0023 69 651 145 795
person 0.0022 111 467 209 784
person 0.0021 1191 416 1216 459
person 0.0021 432 447 502 633
person 0.0021 6 453 115 626
person 0.0019 105 432 319 727
person 0.0015 1060 403 1078 437
person 0.0015 324 456 372 575
person 0.0015 803 383 858 464
person 0.0015 582 420 634 511
person 0.0013 664 453 715 632
person 0.0013 118 457 182 552
person 0.0013 1 627 72 893
person 0.0013 662 413 703 524
person 0.0012 822 378 877 462
person 0.0012 683 418 752 664
person 0.0012 154 555 228 873
person 0.0012 -7 537 41 760
person 0.0011 615 423 676 547
person 0.0011 721 429 766 551
person 0.0010 190 463 271 649
person 0.0010 831 380 911 456
person 0.0010 516 506 573 644
pole 0.0013 175 88 238 458
