guard-rail 0.0096 879 565 942 597
guard-rail 0.0064 930 542 992 587
rail 0.9626 4 509 1016 1079
rail 0.9529 1014 507 1335 1073
rail 0.3376 1695 521 1931 578
rail 0.0748 1598 505 1923 571
rail 0.0732 1685 511 1924 625
rail 0.0440 1762 513 1936 563
rail 0.0434 976 509 1052 536
rail 0.0313 961 510 1029 551
rail 0.0310 943 514 1017 564
rail 0.0302 1709 501 1915 543
rail 0.0232 917 516 1027 580
rail 0.0205 1488 502 1919 614
rail 0.0170 974 506 1020 530
rail 0.0160 1775 529 1927 611
rail 0.0133 1617 527 1918 670
rail 0.0130 918 533 995 588
rail 0.0113 1012 507 1063 539
rail 0.0112 934 528 1007 571
rail 0.0100 955 511 1067 562
rail 0.0090 1710 509 1877 561
rail 0.0067 1731 557 1922 735
rail 0.0067 1431 482 1895 576
rail 0.0058 1819 517 1933 583
rail 0.0056 1727 526 1871 572
rail 0.0046 1473 539 1920 759
rail 0.0046 1834 540 1920 655
rail 0.0043 1735 536 1889 590
rail 0.0043 1745 539 1914 646
rail 0.0035 1034 513 1073 546
rail 0.0034 1851 505 1913 590
rail 0.0034 1809 507 1902 561
rail 0.0028 892 547 969 588
rail 0.0027 1599 530 1880 612
rail 0.0025 1762 626 1923 766
rail 0.0025 879 508 1038 607
rail 0.0024 1603 592 1912 801
rail 0.0023 925 521 990 559
rail 0.0022 1876 536 1921 618
rail 0.0022 1566 501 1804 563
rail 0.0020 951 498 1013 529
rail 0.0020 1828 611 1924 715
rail 0.0020 1758 488 1966 550
rail 0.0020 1786 513 1877 553
rail 0.0018 1678 508 1810 554
rail 0.0018 1306 482 1920 690
rail 0.0016 1032 524 1074 558
rail 0.0015 1838 637 1921 762
rail 0.0014 1569 493 1863 542
rail 0.0014 1744 512 1834 553
rail 0.0013 1843 501 1947 565
rail 0.0013 1687 521 1798 578
rail 0.0013 1706 437 1946 652
rail 0.0012 1878 511 1917 593
rail 0.0011 1789 561 1923 677
rail 0.0010 1812 446 1918 587
switch-indicator 0.1057 959 605 978 634
switch-indicator 0.0037 863 523 879 554
switch-indicator 0.0016 958 600 987 640
switch-left 0.0110 909 552 982 589
switch-left 0.0075 887 557 966 594
switch-right 0.0111 913 554 977 589
switch-right 0.0068 887 559 964 594
switch-right 0.0010 1040 530 1076 563
switch-unknown 0.0173 1016 508 1064 537
switch-unknown 0.0089 923 538 988 583
switch-unknown 0.0045 1036 512 1070 544
switch-unknown 0.0026 1037 525 1071 555
switch-unknown 0.0024 896 550 964 585
switch-static 0.0146 917 638 988 667
switch-static 0.0107 943 604 993 665
switch-static 0.0069 949 598 983 637
switch-static 0.0031 931 644 1009 671
switch-static 0.0026 924 568 978 614
switch-static 0.0014 905 550 995 624
switch-static 0.0010 917 618 1000 670
track-sign-front 0.7775 1382 522 1424 574
track-sign-front 0.0303 864 523 878 548
track-sign-front 0.0077 1877 473 1892 541
track-sign-front 0.0076 862 532 876 557
track-sign-front 0.0041 861 488 881 551
track-sign-front 0.0040 1117 485 1136 522
track-sign-front 0.0030 1358 467 1445 615
track-sign-front 0.0027 1119 500 1136 539
track-sign-front 0.0014 1877 466 1908 534
track-sign-front 0.0014 1358 518 1383 572
track-sign-front 0.0012 1386 489 1419 539
track-signal-back 0.0450 978 438 991 466
track-signal-back 0.0050 974 436 988 459
track-signal-back 0.0020 968 429 994 522
pole 0.2017 1876 311 1897 567
pole 0.0102 1869 320 1891 586
pole 0.0091 1873 485 1895 573
pole 0.0061 1877 417 1892 598
pole 0.0050 1860 304 1913 573
pole 0.0043 1878 369 1893 518
pole 0.0041 1877 365 1915 586
pole 0.0040 1881 280 1909 557
pole 0.0022 1879 384 1907 526
pole 0.0020 1839 478 1912 586
pole 0.0016 1879 479 1918 576
pole 0.0012 1879 444 1904 560
pole 0.0011 970 436 993 521
rail-occluder 0.0051 1775 532 1846 566
rail-occluder 0.0035 1621 490 1711 564
rail-occluder 0.0032 1779 543 1840 577
rail-occluder 0.0020 1550 512 1787 576
rail-occluder 0.0017 1659 503 1715 561
rail-occluder 0.0016 1885 530 1919 619
rail-occluder 0.0014 1675 507 1760 553
rail-occluder 0.0013 1763 538 1823 584
rail-occluder 0.0013 1392 464 1860 581
rail-occluder 0.0013 1679 522 1760 572
rail-occluder 0.0012 1880 514 1920 588
rail-occluder 0.0012 1557 483 1690 568
rail-occluder 0.0011 1720 523 1806 571
