rail 0.8267 812 371 1194 1068
rail 0.0207 772 385 1027 1081
rail 0.0088 987 373 1343 1066
rail 0.0051 1013 280 1964 1110
rail 0.0022 1092 369 1540 1058
rail 0.0020 1132 478 1845 1029
rail 0.0012 855 576 1112 1004
rail 0.0010 666 369 925 1062
switch-indicator 0.0047 1089 362 1104 389
switch-indicator 0.0041 1043 357 1067 377
switch-indicator 0.0012 1043 357 1084 387
switch-unknown 0.0023 1028 357 1060 387
switch-static 0.0972 815 448 884 481
track-sign-front 0.0248 1090 365 1102 385
track-sign-front 0.0208 875 264 891 283
track-sign-front 0.0131 759 465 780 497
track-sign-front 0.0038 1043 357 1059 376
track-sign-front 0.0030 1092 356 1105 381
track-sign-front 0.0028 789 346 802 375
track-sign-front 0.0022 822 422 874 472
track-sign-front 0.0017 788 349 802 406
track-sign-front 0.0013 869 263 896 287
track-sign-front 0.0012 802 441 830 480
track-sign-front 0.0011 755 465 791 511
track-sign-front 0.0011 789 338 806 364
track-signal-front 0.1993 925 320 946 344
track-signal-front 0.0386 928 324 947 357
track-signal-front 0.0193 919 318 952 350
track-signal-front 0.0149 935 321 966 347
track-signal-front 0.0047 874 262 892 287
track-signal-front 0.0013 918 310 962 373
