guard-rail 0.0028 912 708 1003 780
guard-rail 0.0021 936 700 990 751
guard-rail 0.0011 964 717 1016 806
rail 0.8695 812 545 1160 1077
rail 0.6298 866 719 1072 1077
rail 0.0185 937 573 1153 983
rail 0.0122 980 734 1055 1076
rail 0.0018 829 615 1034 854
rail 0.0015 761 566 951 1009
switch-indicator 0.4505 785 645 811 694
switch-indicator 0.0124 750 677 770 718
switch-indicator 0.0079 775 644 826 698
switch-indicator 0.0068 1026 637 1050 674
switch-indicator 0.0050 746 646 770 723
switch-indicator 0.0044 749 661 789 720
switch-indicator 0.0021 744 678 779 733
switch-indicator 0.0019 760 635 797 712
switch-indicator 0.0019 775 598 805 688
switch-indicator 0.0010 738 605 770 692
switch-left 0.2669 868 705 997 776
switch-left 0.0382 799 559 1105 1011
switch-left 0.0144 859 721 1024 842
switch-left 0.0052 916 700 1065 762
switch-right 0.3049 869 705 995 776
switch-right 0.0109 940 708 1117 807
switch-right 0.0032 915 697 1069 766
switch-right 0.0026 876 694 981 731
switch-static 0.6154 786 700 849 739
switch-static 0.4327 784 713 856 766
switch-static 0.3548 1016 731 1096 770
switch-static 0.2219 1001 704 1070 743
switch-static 0.2086 995 710 1088 762
switch-static 0.0958 782 683 833 732
switch-static 0.0573 999 701 1060 729
switch-static 0.0227 1038 744 1104 772
switch-static 0.0181 978 702 1045 742
switch-static 0.0166 788 644 822 700
switch-static 0.0085 792 690 880 729
switch-static 0.0072 798 738 872 768
switch-static 0.0064 765 691 871 778
switch-static 0.0040 976 669 1106 785
switch-static 0.0036 789 665 919 835
switch-static 0.0034 980 723 1076 784
switch-static 0.0030 749 662 793 720
switch-static 0.0025 747 693 842 749
switch-static 0.0025 754 628 875 786
switch-static 0.0024 961 707 1037 772
switch-static 0.0021 749 717 835 767
switch-static 0.0016 950 693 982 721
track-sign-front 0.0601 770 569 793 598
track-sign-front 0.0041 1153 557 1208 597
track-sign-front 0.0030 974 541 997 572
track-sign-front 0.0026 948 534 995 579
track-sign-front 0.0023 928 532 973 575
track-sign-front 0.0017 973 549 998 588
track-sign-front 0.0015 767 548 794 592
track-sign-front 0.0013 901 531 943 567
track-sign-front 0.0012 953 471 975 586
track-sign-front 0.0011 757 569 791 613
track-signal-back 0.0621 770 569 792 599
pole 0.0019 958 452 970 572
pole 0.0013 954 438 973 620
