crossing 0.0012 1178 647 1344 689
guard-rail 0.0060 -1 858 328 1077
guard-rail 0.0038 59 831 397 993
guard-rail 0.0036 28 776 373 912
guard-rail 0.0035 158 831 399 933
guard-rail 0.0026 1814 811 1920 875
guard-rail 0.0022 392 768 589 870
guard-rail 0.0020 -11 847 186 972
guard-rail 0.0019 203 818 354 905
guard-rail 0.0017 -2 921 163 1070
guard-rail 0.0017 216 850 343 916
guard-rail 0.0017 235 793 329 838
guard-rail 0.0012 335 826 492 885
guard-rail 0.0012 251 834 342 896
guard-rail 0.0010 206 888 285 928
guard-rail 0.0010 466 779 593 829
train-car 0.7373 1327 512 1525 628
train-car 0.1667 1509 502 1911 607
train-car 0.0882 1455 530 1924 710
train-car 0.0261 1154 516 1718 705
train-car 0.0146 1277 492 1876 617
train-car 0.0122 1025 469 1920 797
train-car 0.0094 1560 546 1915 610
train-car 0.0057 1517 512 1697 592
train-car 0.0046 1541 451 1624 615
train-car 0.0032 1497 541 1786 600
train-car 0.0029 1373 434 1762 616
train-car 0.0023 1477 488 1661 601
train-car 0.0022 1482 415 1933 585
train-car 0.0020 1454 361 1928 688
train-car 0.0020 1490 546 1653 600
train-car 0.0019 1780 432 1920 589
train-car 0.0017 1375 509 1480 622
train-car 0.0015 1255 459 1668 645
train-car 0.0013 1628 456 1955 587
train-car 0.0011 1141 298 1665 795
train-car 0.0010 1304 580 1542 649
train-car 0.0010 1549 545 1693 598
train-car 0.0010 1523 459 1860 567
rail 0.9059 873 568 1152 1075
rail 0.7900 0 580 896 1072
rail 0.6702 0 776 469 1074
rail 0.5953 953 564 1915 1022
rail 0.5609 -2 572 837 757
rail 0.4308 1063 583 1918 821
rail 0.2539 1268 593 1930 725
rail 0.1547 1350 638 1919 877
rail 0.1335 -1 609 681 721
rail 0.1162 1 620 726 924
rail 0.1094 1475 620 1923 743
rail 0.0841 1494 576 1923 664
rail 0.0620 -7 782 376 958
rail 0.0501 70 559 1091 830
rail 0.0418 1026 568 1509 645
rail 0.0407 906 586 970 625
rail 0.0399 920 579 1004 618
rail 0.0386 979 574 1426 708
rail 0.0338 928 568 1140 628
rail 0.0326 980 574 1273 650
rail 0.0314 896 572 1057 625
rail 0.0299 133 760 496 918
rail 0.0299 874 574 1162 816
rail 0.0288 953 571 1088 613
rail 0.0267 906 570 985 610
rail 0.0252 960 562 1069 599
rail 0.0208 879 593 944 627
rail 0.0200 1559 607 1919 697
rail 0.0190 1297 600 1455 898
rail 0.0152 978 594 1168 643
rail 0.0148 259 560 974 705
rail 0.0144 1049 606 1151 638
rail 0.0128 1017 564 1126 599
rail 0.0124 1564 568 1913 624
rail 0.0116 896 563 1181 657
rail 0.0115 890 573 979 634
rail 0.0113 -5 818 278 1068
rail 0.0111 1025 570 1158 628
rail 0.0109 1068 589 1203 636
rail 0.0109 1138 578 1390 624
rail 0.0102 1260 596 1552 845
rail 0.0101 -8 643 456 755
rail 0.0099 633 576 848 673
rail 0.0095 1046 568 1101 595
rail 0.0087 1645 650 1920 744
rail 0.0085 1627 580 1929 641
rail 0.0085 1053 594 1263 646
rail 0.0084 1065 579 1311 630
rail 0.0082 933 584 1503 925
rail 0.0077 867 566 946 606
rail 0.0076 982 574 1060 609
rail 0.0075 1813 801 1920 911
rail 0.0072 1085 542 1534 620
rail 0.0067 963 585 1205 673
rail 0.0065 1160 589 1682 754
rail 0.0065 1132 595 1390 646
rail 0.0063 698 580 818 619
rail 0.0062 574 591 833 707
rail 0.0061 1667 756 1922 936
rail 0.0059 1033 564 1186 604
rail 0.0059 1356 606 1440 883
rail 0.0057 1148 559 1379 604
rail 0.0056 1558 659 1927 824
rail 0.0055 919 592 1000 631
rail 0.0055 -11 657 551 858
rail 0.0052 883 597 975 649
rail 0.0050 605 579 978 727
rail 0.0049 282 728 606 942
rail 0.0048 166 781 429 887
rail 0.0048 1062 612 1174 647
rail 0.0046 1062 572 1120 622
rail 0.0045 205 603 704 796
rail 0.0044 1238 688 1896 1074
rail 0.0043 1255 570 1495 1019
rail 0.0042 887 554 1346 770
rail 0.0041 754 579 839 611
rail 0.0038 849 590 918 627
rail 0.0035 729 570 827 607
rail 0.0035 1038 590 1317 689
rail 0.0035 1239 558 1381 597
rail 0.0035 168 804 440 1018
rail 0.0034 986 555 1049 583
rail 0.0033 160 748 625 1017
rail 0.0029 1046 562 1279 608
rail 0.0029 1236 583 1379 634
rail 0.0029 206 818 435 942
rail 0.0029 1737 572 1932 622
rail 0.0028 97 836 393 983
rail 0.0028 436 587 875 724
rail 0.0028 1070 570 1098 594
rail 0.0028 1120 617 1354 683
rail 0.0028 763 570 1050 748
rail 0.0028 734 571 950 644
rail 0.0027 1059 612 1264 674
rail 0.0027 1826 812 1917 875
rail 0.0026 816 563 1042 663
rail 0.0025 1286 596 1372 642
rail 0.0024 1202 573 1433 656
rail 0.0024 1272 573 1456 759
rail 0.0024 896 555 952 584
rail 0.0024 1253 600 1422 645
rail 0.0024 1460 718 1928 960
rail 0.0023 1752 618 1926 712
rail 0.0023 -8 840 187 973
rail 0.0023 1206 593 1436 708
rail 0.0023 1002 601 1445 779
rail 0.0023 872 586 1100 694
rail 0.0022 3 680 327 800
rail 0.0022 969 523 1387 667
rail 0.0021 992 551 1087 582
rail 0.0021 651 584 815 633
rail 0.0021 1159 533 1572 673
rail 0.0020 1299 583 1502 648
rail 0.0019 576 480 866 783
rail 0.0019 808 559 993 1072
rail 0.0019 1680 677 1917 805
rail 0.0019 1230 556 1811 693
rail 0.0018 605 647 770 701
rail 0.0018 537 638 849 733
rail 0.0018 1316 612 1598 717
rail 0.0018 700 579 802 654
rail 0.0017 822 561 936 603
rail 0.0017 3 675 249 758
rail 0.0017 1071 447 1549 706
rail 0.0017 1747 674 1922 758
rail 0.0017 514 564 762 687
rail 0.0017 1252 543 1487 665
rail 0.0017 1385 646 1642 754
rail 0.0016 -5 694 192 847
rail 0.0016 1121 585 1255 626
rail 0.0016 1123 633 1252 678
rail 0.0016 948 549 1044 584
rail 0.0016 1804 816 1923 1021
rail 0.0015 672 560 835 607
rail 0.0015 1749 491 1921 665
rail 0.0015 765 567 888 599
rail 0.0014 1630 547 1935 613
rail 0.0014 1515 572 1769 621
rail 0.0014 960 584 1086 641
rail 0.0014 -6 909 169 1074
rail 0.0013 1740 589 1928 649
rail 0.0013 1071 566 1147 598
rail 0.0012 635 610 781 690
rail 0.0012 1326 617 1470 679
rail 0.0012 855 558 944 627
rail 0.0012 802 581 898 624
rail 0.0011 265 665 478 703
rail 0.0011 910 548 979 586
rail 0.0011 -37 834 389 1168
rail 0.0011 1697 791 1914 889
rail 0.0011 817 570 968 727
rail 0.0011 553 561 1119 1038
rail 0.0010 821 526 1250 718
rail 0.0010 1281 560 1343 594
rail 0.0010 -4 700 164 789
rail 0.0010 294 812 504 943
rail 0.0010 1613 728 1903 868
rail 0.0010 717 588 831 639
rail 0.0010 1333 633 1458 704
switch-indicator 0.0850 1313 616 1335 635
switch-indicator 0.0339 1076 573 1091 590
switch-indicator 0.0187 1317 604 1340 634
switch-indicator 0.0151 1058 571 1094 591
switch-indicator 0.0110 1296 617 1323 645
switch-indicator 0.0107 1321 612 1352 635
switch-indicator 0.0101 1305 615 1345 637
switch-indicator 0.0089 1071 574 1107 611
switch-indicator 0.0030 1293 615 1360 646
switch-indicator 0.0024 1280 616 1336 649
switch-indicator 0.0016 1283 582 1340 637
switch-indicator 0.0011 796 576 856 618
switch-left 0.0763 238 765 457 862
switch-left 0.0396 349 760 565 834
switch-left 0.0182 295 765 441 825
switch-left 0.0107 267 776 520 894
switch-left 0.0106 215 781 386 840
switch-left 0.0103 437 766 581 826
switch-left 0.0101 266 803 425 862
switch-left 0.0069 348 767 486 815
switch-left 0.0063 260 712 548 855
switch-left 0.0056 309 733 578 927
switch-left 0.0047 324 805 509 880
switch-left 0.0046 376 746 613 859
switch-left 0.0037 342 782 486 841
switch-left 0.0021 316 778 424 838
switch-left 0.0020 251 786 348 834
switch-left 0.0018 293 817 452 896
switch-left 0.0017 890 613 960 644
switch-left 0.0015 217 799 380 870
switch-right 0.0680 247 771 451 860
switch-right 0.0356 357 761 560 835
switch-right 0.0321 159 767 469 901
switch-right 0.0229 283 763 451 826
switch-right 0.0191 147 740 563 844
switch-right 0.0129 430 765 587 828
switch-right 0.0096 342 765 491 816
switch-right 0.0089 284 794 503 883
switch-right 0.0068 164 788 378 872
switch-right 0.0067 336 740 576 870
switch-right 0.0055 335 781 492 843
switch-right 0.0044 238 780 363 832
switch-right 0.0039 372 757 510 804
switch-right 0.0039 408 750 573 809
switch-right 0.0035 291 741 516 830
switch-right 0.0034 312 753 469 803
switch-right 0.0021 893 614 957 641
switch-right 0.0010 359 689 727 867
switch-unknown 0.1511 896 599 955 629
switch-unknown 0.0849 906 589 968 623
switch-unknown 0.0241 927 581 999 617
switch-unknown 0.0198 895 568 955 606
switch-unknown 0.0190 965 563 1031 595
switch-unknown 0.0176 1082 610 1151 636
switch-unknown 0.0157 932 568 1007 605
switch-unknown 0.0131 986 561 1046 592
switch-unknown 0.0129 377 766 505 817
switch-unknown 0.0116 958 576 1022 609
switch-unknown 0.0069 998 561 1076 594
switch-unknown 0.0059 873 561 940 603
switch-unknown 0.0058 999 579 1083 618
switch-unknown 0.0058 1001 553 1034 582
switch-unknown 0.0050 1096 596 1170 629
switch-unknown 0.0039 1031 574 1104 617
switch-unknown 0.0039 1036 606 1109 633
switch-unknown 0.0037 900 551 948 583
switch-unknown 0.0032 857 592 908 628
switch-unknown 0.0030 928 593 992 630
switch-unknown 0.0022 729 581 791 614
switch-unknown 0.0020 1010 597 1083 629
switch-unknown 0.0020 915 546 973 583
switch-unknown 0.0019 968 530 1026 593
switch-unknown 0.0018 1005 547 1071 580
switch-unknown 0.0016 1114 603 1200 638
switch-unknown 0.0013 255 782 346 827
switch-unknown 0.0012 605 677 718 717
switch-unknown 0.0012 1118 588 1205 624
switch-unknown 0.0011 1148 589 1225 620
switch-unknown 0.0010 1091 617 1187 652
switch-static 0.0310 359 678 423 712
switch-static 0.0059 861 604 907 630
switch-static 0.0058 1084 617 1150 640
switch-static 0.0058 1173 655 1240 682
switch-static 0.0033 1200 608 1370 642
switch-static 0.0032 121 779 332 848
switch-static 0.0029 1252 613 1324 641
switch-static 0.0026 176 776 278 825
switch-static 0.0021 821 601 884 631
switch-static 0.0020 1100 619 1177 649
switch-static 0.0020 1063 617 1125 643
switch-static 0.0018 1217 618 1348 667
switch-static 0.0015 338 687 421 725
switch-static 0.0014 206 778 353 832
switch-static 0.0014 1147 641 1230 676
switch-static 0.0013 1216 649 1345 686
switch-static 0.0013 805 601 857 632
switch-static 0.0011 237 783 326 824
switch-static 0.0010 1187 656 1269 685
track-sign-front 0.0333 875 131 943 165
track-sign-front 0.0036 1086 528 1101 550
track-sign-front 0.0030 2 441 45 480
track-sign-front 0.0026 1081 529 1102 573
track-sign-front 0.0026 915 131 941 161
track-sign-front 0.0025 894 126 943 156
track-sign-front 0.0018 965 518 983 566
track-sign-front 0.0015 1182 421 1209 452
track-sign-front 0.0013 608 565 636 673
track-sign-front 0.0010 259 539 278 578
track-signal-front 0.0274 970 522 980 540
track-signal-front 0.0204 1006 475 1021 499
track-signal-front 0.0155 969 514 981 533
track-signal-front 0.0074 454 509 468 533
track-signal-front 0.0066 1318 496 1331 520
track-signal-front 0.0052 1380 496 1391 514
track-signal-front 0.0042 871 509 892 547
track-signal-front 0.0031 1010 468 1036 495
track-signal-front 0.0029 1316 496 1332 545
track-signal-front 0.0028 994 467 1023 530
track-signal-front 0.0023 860 502 887 556
track-signal-front 0.0017 968 508 983 539
track-signal-front 0.0016 1007 461 1029 490
track-signal-back 0.0101 1114 434 1135 469
track-signal-back 0.0025 1105 426 1140 466
pole 0.3753 609 5 682 841
pole 0.2924 614 -12 753 849
pole 0.2868 1224 -5 1280 862
pole 0.2798 842 358 858 612
pole 0.0833 1561 390 1580 616
pole 0.0530 591 115 654 796
pole 0.0506 677 66 769 847
pole 0.0165 853 379 877 635
pole 0.0134 692 257 760 756
pole 0.0103 1197 31 1310 902
pole 0.0098 1152 460 1165 581
pole 0.0095 1548 368 1580 637
pole 0.0079 834 413 855 622
pole 0.0076 1113 456 1125 574
pole 0.0063 1563 437 1577 585
pole 0.0052 542 29 659 803
pole 0.0049 842 435 856 585
pole 0.0039 1241 -16 1328 868
pole 0.0037 1126 444 1156 574
pole 0.0036 828 364 863 607
pole 0.0035 1562 339 1592 624
pole 0.0031 592 528 630 720
pole 0.0024 712 405 749 707
pole 0.0024 633 7 717 690
pole 0.0022 836 484 862 603
pole 0.0020 1112 203 1419 959
pole 0.0020 874 384 901 616
pole 0.0020 1534 445 1603 614
pole 0.0018 802 392 827 616
pole 0.0018 872 466 891 591
pole 0.0017 1362 638 1441 889
pole 0.0016 583 358 643 768
pole 0.0015 683 441 773 685
pole 0.0015 591 535 666 704
pole 0.0015 845 397 857 538
pole 0.0014 1130 498 1328 679
pole 0.0014 688 7 833 831
pole 0.0013 996 478 1032 583
pole 0.0012 634 231 767 704
pole 0.0012 420 172 461 653
pole 0.0011 1544 473 1579 599
pole 0.0011 810 508 882 640
pole 0.0011 856 452 881 577
pole 0.0010 1145 502 1175 586
pole 0.0010 517 505 691 751
pole 0.0010 846 353 868 574
pole 0.0010 1212 222 1279 707
rail-occluder 0.0066 594 527 627 714
rail-occluder 0.0017 1290 561 1339 591
rail-occluder 0.0017 763 581 833 610
rail-occluder 0.0011 1798 434 1918 571
