guard-rail 0.7484 1057 643 1494 1069
guard-rail 0.5855 882 655 956 1038
guard-rail 0.4150 970 653 1015 1057
guard-rail 0.1239 908 563 1020 1073
guard-rail 0.0877 232 696 736 1001
guard-rail 0.0600 287 635 683 890
guard-rail 0.0326 901 693 946 922
guard-rail 0.0158 975 687 1006 913
guard-rail 0.0133 1107 685 1403 917
guard-rail 0.0132 293 728 619 961
guard-rail 0.0112 957 662 1002 981
guard-rail 0.0084 1480 763 1920 1027
guard-rail 0.0077 397 705 681 916
guard-rail 0.0073 985 721 1021 1045
guard-rail 0.0070 1027 596 1313 1005
guard-rail 0.0058 1021 621 1061 674
guard-rail 0.0043 913 681 960 886
guard-rail 0.0040 1031 618 1088 678
guard-rail 0.0038 61 781 645 1081
guard-rail 0.0038 1021 609 1043 641
guard-rail 0.0037 412 600 665 835
guard-rail 0.0032 916 692 942 818
guard-rail 0.0031 864 755 936 1077
guard-rail 0.0030 1545 788 1883 945
guard-rail 0.0029 1023 622 1040 667
guard-rail 0.0029 287 684 541 856
guard-rail 0.0029 440 657 814 939
guard-rail 0.0028 251 719 477 902
guard-rail 0.0028 1197 706 1587 1074
guard-rail 0.0027 1180 708 1352 1011
guard-rail 0.0027 1020 602 1059 639
guard-rail 0.0026 853 708 980 1082
guard-rail 0.0024 480 636 711 891
guard-rail 0.0024 1055 651 1282 861
guard-rail 0.0024 1028 630 1068 690
guard-rail 0.0023 217 751 506 1028
guard-rail 0.0022 1015 588 1057 627
guard-rail 0.0019 0 841 107 977
guard-rail 0.0019 1010 572 1049 617
guard-rail 0.0018 985 680 1020 908
guard-rail 0.0018 394 751 693 1030
guard-rail 0.0018 1025 611 1086 647
guard-rail 0.0017 937 668 967 735
guard-rail 0.0017 299 632 528 792
guard-rail 0.0016 961 704 992 844
guard-rail 0.0015 923 688 957 817
guard-rail 0.0015 976 686 998 816
guard-rail 0.0014 1571 757 1915 892
guard-rail 0.0013 468 725 703 857
guard-rail 0.0013 947 664 986 737
guard-rail 0.0013 -1 889 67 977
guard-rail 0.0013 1640 841 1932 1064
guard-rail 0.0012 270 814 564 1005
guard-rail 0.0011 7 849 93 929
guard-rail 0.0011 444 768 727 942
guard-rail 0.0010 978 657 997 737
guard-rail 0.0010 600 681 661 800
guard-rail 0.0010 10 836 157 944
guard-rail 0.0010 1130 736 1469 985
rail 0.8732 847 556 1037 1072
rail 0.8645 999 557 1589 1070
rail 0.3568 -1 631 687 941
rail 0.1379 -1 719 499 982
rail 0.0732 133 590 718 842
rail 0.0720 141 657 832 1046
rail 0.0635 12 303 442 1037
rail 0.0448 310 602 757 712
rail 0.0320 348 159 677 950
rail 0.0239 -1 771 606 1081
rail 0.0192 0 785 338 1037
rail 0.0126 325 603 850 922
rail 0.0094 -34 698 316 932
rail 0.0090 1 778 186 980
rail 0.0087 -43 566 469 867
rail 0.0073 531 606 694 655
rail 0.0061 0 843 69 967
rail 0.0059 1468 759 1924 1040
rail 0.0059 0 829 120 970
rail 0.0054 586 618 677 687
rail 0.0046 300 662 639 828
rail 0.0046 573 540 810 955
rail 0.0045 0 800 73 929
rail 0.0043 1316 683 1907 954
rail 0.0038 418 338 879 1003
rail 0.0036 470 579 697 687
rail 0.0034 1 -56 569 933
rail 0.0032 -2 610 170 972
rail 0.0031 836 661 962 1061
rail 0.0029 281 623 610 767
rail 0.0025 556 633 676 704
rail 0.0023 -3 729 142 898
rail 0.0023 0 892 69 1077
rail 0.0023 -4 816 160 1065
rail 0.0021 674 538 1042 1070
rail 0.0021 0 747 67 890
rail 0.0018 1549 810 1882 963
rail 0.0016 1570 758 1921 922
rail 0.0016 -3 880 44 1036
rail 0.0014 -2 842 45 937
rail 0.0013 589 606 672 650
rail 0.0012 600 601 715 654
rail 0.0012 1092 652 1887 1064
rail 0.0011 1 855 243 1111
rail 0.0011 418 695 837 988
rail 0.0011 368 607 663 687
rail 0.0010 595 642 668 697
rail 0.0010 305 541 586 713
rail 0.0010 -12 808 300 1288
rail 0.0010 1711 876 1927 1070
rail 0.0010 -1 783 42 900
track-sign-front 0.0367 1204 598 1218 625
track-sign-front 0.0162 1054 544 1064 565
track-sign-front 0.0109 1087 573 1098 595
track-sign-front 0.0074 1048 536 1064 570
track-sign-front 0.0035 1196 592 1212 620
track-sign-front 0.0019 1052 545 1077 586
track-sign-front 0.0018 1053 524 1064 557
track-sign-front 0.0017 1207 603 1226 635
track-sign-front 0.0014 1195 597 1214 636
track-sign-front 0.0013 1207 591 1227 621
track-sign-front 0.0012 1090 565 1105 592
track-signal-front 0.1837 1014 505 1026 526
track-signal-front 0.0261 1016 501 1028 521
track-signal-front 0.0095 984 503 1029 535
track-signal-front 0.0078 989 503 1021 525
track-signal-front 0.0075 1151 474 1183 500
track-signal-front 0.0022 974 503 993 538
track-signal-front 0.0014 854 501 876 534
track-signal-front 0.0013 1016 488 1028 512
track-signal-front 0.0011 1010 508 1031 573
track-signal-front 0.0011 854 488 886 526
track-signal-back 0.0081 1151 473 1183 499
track-signal-back 0.0010 1279 427 1311 476
pole 0.6406 647 328 793 892
pole 0.3749 24 54 612 1043
pole 0.2778 382 65 631 925
pole 0.1642 766 349 837 788
pole 0.1472 -1 352 437 979
pole 0.0446 366 375 569 835
pole 0.0373 341 202 511 924
pole 0.0350 461 39 595 855
pole 0.0258 246 48 574 886
pole 0.0245 803 405 846 699
pole 0.0225 -4 636 384 967
pole 0.0216 620 339 740 987
pole 0.0214 -2 152 170 1046
pole 0.0172 334 533 667 792
pole 0.0169 744 465 812 778
pole 0.0161 376 412 469 735
pole 0.0154 689 255 837 836
pole 0.0151 378 418 422 727
pole 0.0099 819 407 860 702
pole 0.0095 464 142 690 896
pole 0.0054 780 438 836 674
pole 0.0047 28 441 658 805
pole 0.0040 664 386 785 722
pole 0.0040 0 491 269 1011
pole 0.0036 346 423 407 722
pole 0.0035 282 462 427 861
pole 0.0032 766 510 827 732
pole 0.0032 195 422 414 908
pole 0.0030 831 400 870 654
pole 0.0029 490 308 834 905
pole 0.0029 493 502 692 752
pole 0.0028 721 515 799 733
pole 0.0023 754 376 811 692
pole 0.0023 583 454 787 1038
pole 0.0021 535 598 667 707
pole 0.0021 401 411 527 740
pole 0.0020 586 239 722 816
pole 0.0019 -10 -26 290 861
pole 0.0019 838 11 1010 742
pole 0.0018 611 31 812 811
pole 0.0015 782 482 849 755
pole 0.0015 661 486 758 766
pole 0.0015 256 203 449 826
pole 0.0015 593 537 741 896
pole 0.0015 125 193 403 852
pole 0.0014 -5 480 159 927
pole 0.0014 339 487 547 717
pole 0.0013 772 384 914 780
pole 0.0013 827 466 879 744
pole 0.0011 318 435 381 713
pole 0.0011 -8 62 89 974
pole 0.0010 403 238 599 738
pole 0.0010 843 455 875 697
rail-occluder 0.0038 46 735 354 965
rail-occluder 0.0015 516 597 675 837
rail-occluder 0.0012 590 688 646 753
