rail 0.9379 963 561 1315 1073
switch-static 0.0304 1258 832 1390 886
switch-static 0.0194 1305 832 1399 872
switch-static 0.0114 1294 637 1355 674
switch-static 0.0050 1254 848 1316 886
switch-static 0.0028 1253 815 1426 904
switch-static 0.0023 1250 847 1359 907
switch-static 0.0019 1294 804 1419 873
switch-static 0.0017 1267 795 1394 858
switch-static 0.0014 1253 851 1286 887
track-sign-front 0.0923 1629 347 1722 428
track-sign-front 0.0333 1574 484 1608 517
track-sign-front 0.0159 1570 457 1618 520
track-sign-front 0.0022 1574 624 1600 660
track-sign-front 0.0020 1754 769 1845 916
track-sign-front 0.0017 1577 492 1605 528
track-signal-front 0.0574 1630 346 1723 428
track-signal-front 0.0361 1554 376 1622 454
track-signal-front 0.0340 1554 377 1654 514
track-signal-front 0.0333 1585 433 1662 515
track-signal-front 0.0047 1601 395 1689 489
track-signal-front 0.0017 1590 353 1713 453
track-signal-back 0.1401 1574 127 1654 204
track-signal-back 0.0848 1554 378 1621 470
track-signal-back 0.0396 1554 377 1655 515
track-signal-back 0.0313 1593 355 1716 485
track-signal-back 0.0290 1577 422 1664 507
track-signal-back 0.0052 1565 372 1623 434
track-signal-back 0.0017 1536 318 1621 493
track-signal-back 0.0016 1553 112 1647 235
track-signal-back 0.0013 1567 442 1611 522
track-signal-back 0.0012 1546 113 1657 544
