guard-rail 0.0145 1763 589 1905 643
guard-rail 0.0088 1611 591 1717 636
guard-rail 0.0044 1764 586 1858 628
guard-rail 0.0034 1721 593 1864 639
guard-rail 0.0015 1755 560 1867 613
guard-rail 0.0014 1786 609 1889 675
guard-rail 0.0011 1827 633 1922 753
guard-rail 0.0010 1810 624 1911 711
train-car 0.7469 1251 353 1400 460
train-car 0.6637 3 356 726 522
train-car 0.2041 785 196 1296 947
train-car 0.1191 780 572 1313 882
train-car 0.0126 903 290 1423 504
train-car 0.0073 1188 339 1458 505
train-car 0.0063 -9 363 310 503
train-car 0.0055 0 364 82 506
train-car 0.0053 230 316 374 537
train-car 0.0049 625 370 704 419
train-car 0.0040 589 380 734 431
train-car 0.0038 869 202 1451 624
train-car 0.0033 666 365 698 421
train-car 0.0028 769 381 807 423
train-car 0.0020 594 353 684 433
train-car 0.0018 666 366 724 410
train-car 0.0017 998 332 1420 452
train-car 0.0016 631 353 734 426
train-car 0.0014 885 532 1315 710
train-car 0.0013 7 400 444 526
train-car 0.0013 678 288 711 422
train-car 0.0013 -10 330 161 522
train-car 0.0012 -3 169 716 582
train-car 0.0011 1098 212 1639 632
train-car 0.0010 242 386 456 482
train-car 0.0010 1304 361 1422 447
train-car 0.0010 1248 279 1403 485
rail 0.9099 4 446 856 1072
rail 0.7963 1278 449 1918 793
rail 0.7565 1245 495 1920 1082
rail 0.7262 0 402 797 660
rail 0.7181 1382 428 1918 578
rail 0.4154 1440 416 1920 513
rail 0.1934 -5 380 709 529
rail 0.1715 876 810 1255 1078
rail 0.1128 -5 430 646 586
rail 0.0684 744 194 1314 919
rail 0.0517 2 468 575 646
rail 0.0492 1695 453 1854 533
rail 0.0459 1501 460 1918 671
rail 0.0445 1561 448 1920 544
rail 0.0300 685 393 815 427
rail 0.0297 1762 582 1922 772
rail 0.0253 1657 436 1916 505
rail 0.0252 1382 416 1614 452
rail 0.0234 827 389 1926 987
rail 0.0223 1636 542 1922 810
rail 0.0204 664 403 798 442
rail 0.0196 275 400 881 530
rail 0.0174 -43 290 1452 1081
rail 0.0168 1357 415 1773 466
rail 0.0165 773 392 807 428
rail 0.0119 2 473 325 564
rail 0.0108 1516 429 1864 489
rail 0.0108 1748 451 1922 498
rail 0.0104 -1 495 304 632
rail 0.0102 1758 590 1914 662
rail 0.0102 1386 429 1611 467
rail 0.0089 1743 460 1923 552
rail 0.0079 585 395 803 468
rail 0.0078 1145 421 1936 634
rail 0.0074 1389 407 1609 438
rail 0.0071 610 409 730 475
rail 0.0067 1520 451 1817 497
rail 0.0058 1618 562 1892 663
rail 0.0057 679 382 790 414
rail 0.0052 524 410 780 497
rail 0.0049 1125 375 1607 526
rail 0.0049 1434 443 1654 479
rail 0.0048 1809 603 1921 718
rail 0.0045 884 306 1475 469
rail 0.0044 1264 684 1806 1045
rail 0.0044 -1 504 165 611
rail 0.0044 1723 431 1870 489
rail 0.0042 1337 431 1523 476
rail 0.0042 1464 512 1922 881
rail 0.0041 1762 528 1919 620
rail 0.0040 4 342 1222 811
rail 0.0039 637 389 766 433
rail 0.0039 1556 413 1920 474
rail 0.0038 0 537 246 659
rail 0.0037 -1 486 167 566
rail 0.0037 388 387 817 477
rail 0.0036 1700 598 1917 890
rail 0.0035 1488 436 1752 476
rail 0.0032 1697 544 1926 700
rail 0.0029 1830 474 1923 552
rail 0.0029 1350 425 1589 488
rail 0.0026 793 685 1291 1048
rail 0.0026 1605 480 1903 621
rail 0.0025 2 478 215 533
rail 0.0024 1333 418 1531 453
rail 0.0024 1824 573 1920 668
rail 0.0024 1255 460 1363 492
rail 0.0023 1496 427 1790 464
rail 0.0023 1832 457 1922 505
rail 0.0023 1248 396 1755 509
rail 0.0022 0 517 424 674
rail 0.0021 840 554 1463 813
rail 0.0021 1400 360 1910 461
rail 0.0021 1461 582 1662 1011
rail 0.0020 1757 475 1912 527
rail 0.0020 895 347 1882 691
rail 0.0020 1278 432 1565 508
rail 0.0020 1406 423 1707 496
rail 0.0019 1279 443 1665 561
rail 0.0019 1397 481 1460 511
rail 0.0017 1853 501 1920 612
rail 0.0017 1234 461 1299 501
rail 0.0017 385 454 644 502
rail 0.0017 705 364 794 421
rail 0.0016 653 414 804 466
rail 0.0016 -1 497 74 619
rail 0.0016 0 412 336 522
rail 0.0015 1848 484 1924 528
rail 0.0015 1829 635 1921 852
rail 0.0015 1382 454 1611 505
rail 0.0014 1632 389 1950 520
rail 0.0014 1458 532 1694 702
rail 0.0014 1706 412 1925 601
rail 0.0014 1523 488 1785 626
rail 0.0014 -2 519 266 752
rail 0.0013 1849 500 1924 548
rail 0.0013 226 350 1141 630
rail 0.0013 1253 431 1407 482
rail 0.0013 -3 492 79 555
rail 0.0013 1482 455 1605 485
rail 0.0013 0 554 163 646
rail 0.0013 1747 511 1918 586
rail 0.0013 -4 403 156 567
rail 0.0013 709 553 1634 954
rail 0.0013 1385 292 1927 653
rail 0.0012 1740 416 1922 485
rail 0.0012 1736 494 1878 557
rail 0.0012 1310 433 1431 468
rail 0.0012 1882 494 1920 553
rail 0.0012 1315 453 1494 501
rail 0.0012 1474 455 1716 491
rail 0.0011 1489 462 1744 564
rail 0.0011 1833 441 1923 489
rail 0.0011 0 552 74 668
rail 0.0011 -2 553 153 732
rail 0.0011 30 487 600 793
rail 0.0010 522 377 698 423
rail 0.0010 1381 403 1534 433
rail 0.0010 1254 458 1488 542
rail 0.0010 1496 529 1706 863
switch-left 0.0023 1690 581 1837 626
switch-unknown 0.0018 1620 441 1712 473
switch-unknown 0.0015 1620 458 1713 489
switch-unknown 0.0010 1251 464 1307 491
switch-static 0.0774 1416 906 1533 962
switch-static 0.0082 1412 492 1449 511
switch-static 0.0043 1757 533 1817 566
switch-static 0.0032 1373 898 1526 995
switch-static 0.0013 1713 521 1837 570
track-sign-front 0.0351 1144 636 1228 692
track-sign-front 0.0104 1126 599 1235 639
track-sign-front 0.0101 270 458 294 597
track-sign-front 0.0083 1120 607 1240 677
track-sign-front 0.0068 270 458 289 502
track-sign-front 0.0055 940 268 1108 332
track-sign-front 0.0051 271 495 292 561
track-sign-front 0.0043 666 363 701 420
track-sign-front 0.0032 266 418 289 511
track-sign-front 0.0027 1089 632 1282 712
track-sign-front 0.0020 272 541 293 613
track-sign-front 0.0013 1098 556 1263 718
track-sign-front 0.0011 884 220 1159 429
track-sign-front 0.0011 1141 594 1254 658
track-signal-front 0.0108 599 378 612 409
track-signal-front 0.0026 527 380 540 413
track-signal-front 0.0025 573 373 614 413
track-signal-front 0.0011 554 375 580 413
track-signal-front 0.0010 521 378 539 427
pole 0.6662 623 1 672 491
pole 0.3482 780 188 804 427
pole 0.1644 259 137 287 642
pole 0.0497 797 197 1114 759
pole 0.0439 794 197 822 424
pole 0.0255 253 214 303 589
pole 0.0205 813 177 970 752
pole 0.0187 268 384 297 626
pole 0.0170 261 144 279 433
pole 0.0149 681 252 701 430
pole 0.0140 915 180 1287 742
pole 0.0111 1101 160 1254 759
pole 0.0098 253 170 281 507
pole 0.0094 262 391 326 616
pole 0.0094 211 217 331 584
pole 0.0093 637 117 671 462
pole 0.0091 776 377 800 426
pole 0.0088 624 118 654 465
pole 0.0080 649 184 678 487
pole 0.0077 755 200 1263 913
pole 0.0065 268 405 291 555
pole 0.0064 768 191 818 428
pole 0.0062 720 185 1628 991
pole 0.0055 264 329 287 545
pole 0.0053 779 255 797 406
pole 0.0049 1350 220 1369 411
pole 0.0042 256 345 343 554
pole 0.0039 1017 110 1351 904
pole 0.0036 772 363 806 432
pole 0.0035 741 247 769 414
pole 0.0035 772 295 800 424
pole 0.0035 725 274 747 403
pole 0.0034 661 183 688 464
pole 0.0031 752 211 786 421
pole 0.0028 658 310 710 455
pole 0.0028 595 -2 705 480
pole 0.0028 784 248 811 447
pole 0.0027 1028 229 1377 585
pole 0.0024 615 290 691 474
pole 0.0024 627 42 661 392
pole 0.0024 797 166 909 675
pole 0.0022 787 157 811 400
pole 0.0022 675 354 712 414
pole 0.0021 247 154 274 391
pole 0.0020 638 366 694 419
pole 0.0020 798 243 820 385
pole 0.0020 637 149 695 496
pole 0.0017 597 378 616 410
pole 0.0017 132 156 156 375
pole 0.0016 759 150 800 432
pole 0.0014 603 130 661 506
pole 0.0014 1134 284 1314 493
pole 0.0013 1691 125 1723 409
pole 0.0013 1348 218 1380 454
pole 0.0013 254 471 305 637
pole 0.0011 1101 234 1260 528
pole 0.0011 616 159 641 472
pole 0.0011 268 414 295 497
pole 0.0011 660 260 694 388
pole 0.0010 240 397 316 535
pole 0.0010 608 188 692 568
pole 0.0010 602 361 675 421
rail-occluder 0.4605 789 198 1296 930
rail-occluder 0.4458 1762 451 1790 484
rail-occluder 0.2558 776 539 1308 888
rail-occluder 0.1061 1765 453 1789 534
rail-occluder 0.1060 680 417 695 445
rail-occluder 0.0776 673 417 696 480
rail-occluder 0.0612 619 423 637 485
rail-occluder 0.0383 776 391 803 428
rail-occluder 0.0370 1757 443 1806 500
rail-occluder 0.0298 655 421 685 487
rail-occluder 0.0254 675 405 697 445
rail-occluder 0.0213 1638 434 1880 502
rail-occluder 0.0210 792 183 1118 708
rail-occluder 0.0140 658 451 676 484
rail-occluder 0.0119 620 412 634 457
rail-occluder 0.0111 665 447 689 483
rail-occluder 0.0076 612 415 710 494
rail-occluder 0.0062 610 422 649 487
rail-occluder 0.0051 1762 496 1799 559
rail-occluder 0.0050 670 414 706 449
rail-occluder 0.0050 825 241 1352 494
rail-occluder 0.0048 1525 458 1567 480
rail-occluder 0.0045 594 370 623 423
rail-occluder 0.0041 675 379 719 438
rail-occluder 0.0037 633 369 694 439
rail-occluder 0.0037 898 566 1303 766
rail-occluder 0.0037 920 197 1231 741
rail-occluder 0.0033 555 417 692 499
rail-occluder 0.0032 616 441 632 489
rail-occluder 0.0029 1765 431 1790 477
rail-occluder 0.0029 1518 451 1573 476
rail-occluder 0.0026 1759 443 1829 481
rail-occluder 0.0025 269 491 296 604
rail-occluder 0.0024 587 422 668 488
rail-occluder 0.0023 610 376 661 445
rail-occluder 0.0020 1537 461 1594 482
rail-occluder 0.0018 644 450 688 485
rail-occluder 0.0016 777 375 815 423
rail-occluder 0.0015 1698 455 1774 490
rail-occluder 0.0015 570 370 617 424
rail-occluder 0.0013 1252 466 1283 496
rail-occluder 0.0013 750 384 807 438
rail-occluder 0.0013 948 476 1202 756
rail-occluder 0.0011 1530 446 1608 476
rail-occluder 0.0010 272 544 297 607
rail-occluder 0.0010 1730 450 1863 495
