guard-rail 0.0020 1505 883 1826 987
guard-rail 0.0016 1521 882 1765 942
guard-rail 0.0011 1478 858 1570 894
train-car 0.0060 814 712 851 751
train-car 0.0032 829 714 857 752
rail 0.8211 902 759 1924 1079
rail 0.8183 315 785 817 1076
rail 0.8122 762 760 1178 1078
rail 0.7518 1 762 767 1047
rail 0.5887 1067 756 1915 876
rail 0.2782 0 801 596 951
rail 0.1399 1369 767 1918 835
rail 0.0537 704 764 773 792
rail 0.0498 1367 786 1924 931
rail 0.0463 742 765 804 790
rail 0.0365 1 840 370 949
rail 0.0347 1267 826 1924 1072
rail 0.0322 722 770 793 799
rail 0.0211 1561 774 1921 822
rail 0.0193 680 760 806 807
rail 0.0177 679 767 750 794
rail 0.0160 1476 861 1917 968
rail 0.0143 1511 646 1788 823
rail 0.0124 720 750 793 776
rail 0.0109 1102 713 1876 830
rail 0.0093 2 867 248 972
rail 0.0092 1104 759 1729 834
rail 0.0088 793 742 1894 921
rail 0.0087 1688 777 1924 812
rail 0.0084 1574 790 1918 862
rail 0.0080 750 760 835 791
rail 0.0080 68 771 746 909
rail 0.0067 1692 789 1922 831
rail 0.0062 733 766 840 814
rail 0.0051 546 731 706 1086
rail 0.0049 745 745 809 776
rail 0.0047 145 658 448 912
rail 0.0045 982 762 1268 827
rail 0.0043 1501 871 1924 1062
rail 0.0037 700 743 771 780
rail 0.0037 1289 813 1762 958
rail 0.0036 0 838 444 1032
rail 0.0035 854 745 1541 854
rail 0.0034 977 810 1586 1051
rail 0.0034 728 746 846 798
rail 0.0032 796 749 1195 933
rail 0.0030 759 776 825 816
rail 0.0029 1462 689 1898 862
rail 0.0029 1488 763 1828 816
rail 0.0028 1316 813 1620 895
rail 0.0027 619 754 1048 1063
rail 0.0025 1648 753 1930 802
rail 0.0024 1012 769 1425 836
rail 0.0023 1608 745 1905 839
rail 0.0022 -2 890 160 969
rail 0.0020 402 645 727 1044
rail 0.0018 1614 896 1909 962
rail 0.0018 1133 677 1931 1005
rail 0.0017 1371 897 1824 1095
rail 0.0017 1166 780 1666 889
rail 0.0016 953 767 1128 795
rail 0.0015 1701 807 1917 865
rail 0.0015 772 770 862 833
rail 0.0015 654 746 773 815
rail 0.0015 730 784 790 815
rail 0.0014 663 749 705 793
rail 0.0014 1006 781 1089 808
rail 0.0013 714 758 1056 832
rail 0.0013 375 813 509 872
rail 0.0013 780 763 973 803
rail 0.0013 1772 783 1939 816
rail 0.0013 1035 753 1607 812
rail 0.0012 1516 783 1861 839
rail 0.0012 1 929 238 1055
rail 0.0012 883 749 1181 809
rail 0.0012 404 20 617 1012
rail 0.0011 1393 823 1543 890
rail 0.0011 1669 864 1915 943
rail 0.0011 799 803 848 840
rail 0.0010 1008 767 1217 799
rail 0.0010 -1 891 78 985
rail 0.0010 381 512 829 1100
switch-indicator 0.1466 425 826 444 857
switch-indicator 0.0089 462 823 479 852
switch-indicator 0.0020 114 819 134 854
switch-indicator 0.0016 421 816 471 868
switch-left 0.0015 1449 853 1555 892
switch-left 0.0012 1478 862 1610 905
switch-right 0.0010 1448 847 1601 929
switch-unknown 0.1165 728 773 788 796
switch-unknown 0.1016 706 774 767 797
switch-unknown 0.0521 742 765 800 788
switch-unknown 0.0497 675 774 746 796
switch-unknown 0.0165 761 777 823 812
switch-unknown 0.0131 729 749 783 775
switch-unknown 0.0121 777 796 828 822
switch-unknown 0.0110 755 788 816 817
switch-unknown 0.0066 705 743 764 777
switch-unknown 0.0066 656 771 724 802
switch-unknown 0.0050 752 755 830 793
switch-unknown 0.0027 1100 781 1175 811
switch-unknown 0.0026 735 783 783 814
switch-unknown 0.0022 1120 798 1199 824
switch-unknown 0.0020 1095 778 1228 812
switch-unknown 0.0018 449 836 533 878
switch-unknown 0.0013 646 785 717 823
switch-unknown 0.0010 1124 794 1246 827
switch-static 0.1487 1318 985 1432 1032
switch-static 0.0371 1088 805 1133 825
switch-static 0.0352 1068 800 1127 821
switch-static 0.0287 1051 794 1087 814
switch-static 0.0271 1276 798 1337 818
switch-static 0.0245 1463 848 1534 874
switch-static 0.0100 1060 793 1116 816
switch-static 0.0095 1097 810 1136 836
switch-static 0.0072 1352 820 1401 844
switch-static 0.0069 1039 795 1074 815
switch-static 0.0068 1085 796 1143 822
switch-static 0.0065 1425 836 1528 866
switch-static 0.0059 1217 905 1345 958
switch-static 0.0055 1316 964 1473 1032
switch-static 0.0043 1099 803 1152 827
switch-static 0.0041 1320 985 1464 1061
switch-static 0.0041 1165 885 1575 1040
switch-static 0.0040 1023 801 1605 1060
switch-static 0.0037 1256 795 1320 816
switch-static 0.0035 1021 786 1077 809
switch-static 0.0034 1290 795 1358 815
switch-static 0.0030 1476 832 1559 865
switch-static 0.0026 1267 976 1421 1039
switch-static 0.0020 1101 813 1173 857
switch-static 0.0017 1315 806 1394 837
switch-static 0.0016 1460 855 1542 888
switch-static 0.0016 1410 831 1498 857
switch-static 0.0010 1282 902 1443 1027
track-sign-front 0.6492 468 295 519 351
track-sign-front 0.2195 1394 670 1408 814
track-sign-front 0.1886 590 610 617 832
track-sign-front 0.1549 581 537 622 1042
track-sign-front 0.0861 832 720 851 754
track-sign-front 0.0560 39 828 79 867
track-sign-front 0.0433 1645 664 1663 808
track-sign-front 0.0417 594 668 615 802
track-sign-front 0.0334 1394 736 1408 820
track-sign-front 0.0327 1392 653 1410 764
track-sign-front 0.0276 915 720 931 754
track-sign-front 0.0214 828 810 849 851
track-sign-front 0.0201 497 773 513 793
track-sign-front 0.0182 212 710 225 736
track-sign-front 0.0165 152 775 168 829
track-sign-front 0.0159 463 284 522 384
track-sign-front 0.0155 1398 710 1413 820
track-sign-front 0.0136 817 706 851 755
track-sign-front 0.0132 595 791 622 1085
track-sign-front 0.0126 668 718 683 774
track-sign-front 0.0103 1612 513 1637 538
track-sign-front 0.0089 1394 774 1407 837
track-sign-front 0.0086 571 575 635 872
track-sign-front 0.0080 1397 657 1414 789
track-sign-front 0.0070 1217 743 1236 765
track-sign-front 0.0070 1783 629 1800 662
track-sign-front 0.0068 1384 674 1418 839
track-sign-front 0.0065 1215 741 1230 760
track-sign-front 0.0057 663 738 697 798
track-sign-front 0.0053 589 686 619 953
track-sign-front 0.0051 1638 626 1663 729
track-sign-front 0.0047 577 360 606 549
track-sign-front 0.0046 873 708 891 776
track-sign-front 0.0044 567 378 614 586
track-sign-front 0.0043 799 798 854 842
track-sign-front 0.0043 833 730 850 778
track-sign-front 0.0043 1391 765 1405 819
track-sign-front 0.0035 152 764 167 804
track-sign-front 0.0035 362 777 374 817
track-sign-front 0.0034 570 847 651 1072
track-sign-front 0.0030 1781 587 1802 704
track-sign-front 0.0030 599 619 628 854
track-sign-front 0.0029 601 894 621 1029
track-sign-front 0.0029 422 822 441 849
track-sign-front 0.0026 585 766 623 873
track-sign-front 0.0026 600 678 629 801
track-sign-front 0.0025 1772 614 1800 676
track-sign-front 0.0020 211 699 229 761
track-sign-front 0.0019 210 676 229 738
track-sign-front 0.0019 582 544 607 821
track-sign-front 0.0018 114 796 134 848
track-sign-front 0.0018 580 405 609 509
track-sign-front 0.0017 877 699 938 786
track-sign-front 0.0016 664 694 682 799
track-sign-front 0.0015 1397 764 1419 817
track-sign-front 0.0015 466 318 543 402
track-sign-front 0.0014 492 772 521 798
track-sign-front 0.0013 595 519 630 795
track-sign-front 0.0013 601 927 624 1081
track-sign-front 0.0013 647 775 700 808
track-sign-front 0.0013 589 694 613 834
track-sign-front 0.0013 1328 733 1342 762
track-sign-front 0.0012 822 813 848 900
track-sign-front 0.0012 210 630 228 782
track-sign-front 0.0011 362 733 374 826
track-sign-front 0.0011 532 330 607 518
track-sign-front 0.0011 110 743 134 840
track-sign-front 0.0010 208 715 224 755
track-sign-front 0.0010 459 165 606 636
track-signal-front 0.8119 421 4 559 298
track-signal-front 0.8119 1362 527 1393 614
track-signal-front 0.8115 1609 516 1641 603
track-signal-front 0.7316 563 498 624 581
track-signal-front 0.6200 271 588 305 635
track-signal-front 0.2043 1384 634 1409 676
track-signal-front 0.1474 1382 613 1405 639
track-signal-front 0.1293 1629 598 1666 625
track-signal-front 0.0560 115 735 130 764
track-signal-front 0.0117 270 576 303 669
track-signal-front 0.0097 1388 608 1425 639
track-signal-front 0.0087 1611 554 1643 616
track-signal-front 0.0086 1610 514 1643 560
track-signal-front 0.0067 564 457 640 643
track-signal-front 0.0064 1370 526 1406 701
track-signal-front 0.0059 1617 509 1663 717
track-signal-front 0.0053 116 724 133 754
track-signal-front 0.0041 277 635 305 678
track-signal-front 0.0039 1370 568 1407 639
track-signal-front 0.0025 1393 643 1419 693
track-signal-front 0.0023 1628 515 1671 600
track-signal-front 0.0023 1639 630 1664 676
track-signal-front 0.0020 1387 574 1426 719
track-signal-front 0.0018 1388 620 1426 676
track-signal-front 0.0017 543 387 640 675
track-signal-front 0.0015 434 -5 545 165
track-signal-front 0.0014 109 734 137 768
track-signal-front 0.0011 270 642 299 687
track-signal-front 0.0010 262 521 317 714
track-signal-front 0.0010 432 104 565 419
track-signal-back 0.0040 1636 631 1664 686
pole 0.5162 799 308 835 894
pole 0.4758 580 533 625 1082
pole 0.4617 1641 611 1666 820
pole 0.3773 1393 648 1410 825
pole 0.3403 278 635 300 893
pole 0.2868 1764 429 1796 818
pole 0.1679 1385 593 1414 845
pole 0.1246 555 231 638 1035
pole 0.1015 669 597 686 785
pole 0.0864 915 587 931 778
pole 0.0827 925 601 947 782
pole 0.0471 984 619 1001 779
pole 0.0456 659 586 682 792
pole 0.0451 1484 528 1503 777
pole 0.0436 1627 514 1669 825
pole 0.0320 881 592 912 786
pole 0.0260 1111 468 1132 781
pole 0.0256 877 634 890 773
pole 0.0245 575 731 639 1085
pole 0.0245 964 607 995 782
pole 0.0196 1571 636 1728 833
pole 0.0187 586 561 627 855
pole 0.0172 1645 697 1662 825
pole 0.0165 681 597 713 787
pole 0.0159 261 621 312 901
pole 0.0150 876 554 893 803
pole 0.0147 591 405 644 918
pole 0.0142 626 506 647 802
pole 0.0124 283 644 325 885
pole 0.0110 199 483 224 815
pole 0.0104 1621 683 1665 863
pole 0.0103 509 612 655 1108
pole 0.0100 913 709 933 763
pole 0.0094 1615 613 1662 820
pole 0.0093 1347 583 1372 810
pole 0.0090 519 90 665 1109
pole 0.0080 792 338 853 1032
pole 0.0079 159 659 433 916
pole 0.0079 1634 613 1684 818
pole 0.0075 587 630 616 938
pole 0.0075 1636 547 1665 761
pole 0.0069 599 605 630 822
pole 0.0068 808 430 834 775
pole 0.0067 231 648 324 921
pole 0.0066 270 695 295 936
pole 0.0066 710 601 735 789
pole 0.0064 909 599 941 779
pole 0.0062 280 715 297 864
pole 0.0059 920 645 960 781
pole 0.0057 799 524 820 821
pole 0.0051 1364 587 1427 844
pole 0.0048 562 79 622 796
pole 0.0047 1771 569 1797 827
pole 0.0045 1119 490 1138 798
pole 0.0041 1778 471 1806 783
pole 0.0040 1381 708 1425 867
pole 0.0039 571 264 613 601
pole 0.0038 810 579 852 922
pole 0.0037 937 606 993 793
pole 0.0033 868 643 923 781
pole 0.0032 807 775 851 940
pole 0.0030 1319 659 1462 847
pole 0.0028 490 578 511 807
pole 0.0028 551 598 634 1025
pole 0.0028 6 135 131 983
pole 0.0027 987 606 1012 788
pole 0.0026 871 592 945 814
pole 0.0025 1613 696 1737 861
pole 0.0025 559 468 640 876
pole 0.0025 801 635 835 803
pole 0.0024 613 588 650 805
pole 0.0024 737 632 760 768
pole 0.0021 1390 751 1407 835
pole 0.0020 800 805 823 969
pole 0.0020 819 333 895 898
pole 0.0018 648 609 679 758
pole 0.0017 849 470 922 874
pole 0.0016 1208 636 1226 761
pole 0.0016 704 645 749 783
pole 0.0016 1489 546 1520 794
pole 0.0016 306 600 375 919
pole 0.0016 748 707 842 827
pole 0.0015 345 529 381 883
pole 0.0015 873 707 889 778
pole 0.0015 733 651 773 779
pole 0.0015 516 211 616 652
pole 0.0015 821 534 856 816
pole 0.0014 631 499 649 707
pole 0.0014 267 760 295 878
pole 0.0014 1438 525 1502 859
pole 0.0014 1488 628 1503 763
pole 0.0014 360 682 375 870
pole 0.0014 1062 608 1081 779
pole 0.0014 870 504 889 765
pole 0.0014 794 630 824 768
pole 0.0014 897 602 973 793
pole 0.0014 808 680 845 848
pole 0.0013 800 800 850 842
pole 0.0013 1349 635 1370 762
pole 0.0013 719 612 738 750
pole 0.0013 1212 612 1235 780
pole 0.0013 1486 584 1501 726
pole 0.0013 326 643 370 888
pole 0.0013 970 641 1009 781
pole 0.0013 780 685 843 804
pole 0.0012 791 640 860 985
pole 0.0012 802 368 829 698
pole 0.0012 1631 484 1695 842
pole 0.0012 623 623 646 768
pole 0.0011 1106 444 1126 722
pole 0.0011 868 616 899 787
pole 0.0011 1333 728 1435 855
pole 0.0011 782 760 844 947
pole 0.0010 1352 562 1376 727
pole 0.0010 829 609 868 798
pole 0.0010 770 270 889 953
pole 0.0010 780 526 855 881
pole 0.0010 192 483 242 845
pole 0.0010 1772 431 1847 808
pole 0.0010 1762 624 1793 816
rail-occluder 0.1281 424 827 449 862
rail-occluder 0.0468 442 826 475 860
rail-occluder 0.0378 967 751 988 774
rail-occluder 0.0272 458 829 482 863
rail-occluder 0.0096 973 740 991 771
rail-occluder 0.0083 914 720 942 768
rail-occluder 0.0065 1220 744 1242 769
rail-occluder 0.0065 875 751 889 778
rail-occluder 0.0057 913 727 936 786
rail-occluder 0.0035 421 824 456 885
rail-occluder 0.0033 1214 740 1236 772
rail-occluder 0.0029 255 840 287 898
rail-occluder 0.0024 256 823 277 860
rail-occluder 0.0019 870 746 911 790
rail-occluder 0.0018 833 719 850 792
rail-occluder 0.0016 922 743 984 797
rail-occluder 0.0015 395 810 455 900
rail-occluder 0.0013 222 847 317 897
rail-occluder 0.0010 258 813 281 872
rail-occluder 0.0010 666 741 700 796
