crossing 0.0016 885 652 930 678
train-car 0.0073 910 643 942 674
rail 0.9587 162 651 878 1078
rail 0.9484 700 650 977 1075
rail 0.8804 940 661 1722 1078
rail 0.0170 1007 652 1923 872
rail 0.0014 397 737 615 1002
rail 0.0013 -3 741 134 1004
rail 0.0012 1295 804 1704 1059
rail 0.0010 -1 743 129 876
track-sign-front 0.0177 536 696 570 734
track-sign-front 0.0070 551 657 574 684
track-sign-front 0.0057 1515 944 1577 1045
track-sign-front 0.0018 531 688 576 745
track-sign-front 0.0014 389 684 439 718
track-signal-front 0.0217 939 615 959 634
track-signal-front 0.0097 899 616 913 634
track-signal-front 0.0067 899 608 948 642
track-signal-front 0.0031 921 612 958 675
track-signal-front 0.0010 887 614 932 674
track-signal-back 0.0101 942 613 964 634
track-signal-back 0.0025 1071 580 1082 617
track-signal-back 0.0010 937 609 958 632
track-signal-back 0.0010 1068 564 1081 615
pole 0.6946 1315 266 1359 801
pole 0.0055 1329 492 1367 801
pole 0.0052 1663 217 1711 801
pole 0.0040 1275 259 1388 795
pole 0.0018 1325 407 1356 754
rail-occluder 0.0496 1512 945 1578 1074
rail-occluder 0.0031 1482 938 1618 1083
