platform 0.0113 1017 573 1915 910
rail 0.9452 729 582 1086 1074
rail 0.8201 934 584 1921 1082
rail 0.0049 0 641 64 783
rail 0.0018 -1 657 67 926
rail 0.0012 -1 607 47 740
rail 0.0011 -2 664 44 768
track-sign-front 0.0495 938 487 958 509
track-sign-front 0.0436 1053 473 1074 498
track-sign-front 0.0200 1057 471 1082 495
track-sign-front 0.0022 1050 480 1073 511
track-sign-front 0.0010 1053 464 1084 490
track-sign-front 0.0010 762 582 779 609
track-signal-front 0.2443 952 419 967 442
track-signal-front 0.0385 954 422 969 451
track-signal-front 0.0203 824 500 839 521
track-signal-front 0.0176 795 420 810 445
track-signal-front 0.0051 950 419 967 462
track-signal-front 0.0049 945 417 974 446
track-signal-front 0.0037 820 487 837 511
track-signal-front 0.0026 821 501 840 533
track-signal-front 0.0026 821 493 855 565
track-signal-front 0.0019 798 519 815 552
track-signal-front 0.0010 875 416 893 442
person 0.7960 1809 513 1885 724
person 0.5733 1303 528 1331 611
person 0.5569 1335 521 1363 612
person 0.3642 1001 529 1021 585
person 0.2362 1307 524 1359 615
person 0.2063 1039 532 1059 584
person 0.0775 1256 523 1280 595
person 0.0393 1486 510 1520 615
person 0.0224 1187 537 1206 566
person 0.0204 1340 521 1380 616
person 0.0169 1546 505 1581 621
person 0.0115 1448 503 1525 616
person 0.0089 1387 509 1457 613
person 0.0089 1356 510 1390 608
person 0.0076 1430 513 1469 610
person 0.0074 1268 535 1306 613
person 0.0067 1305 511 1325 587
person 0.0066 1075 521 1115 588
person 0.0059 1093 527 1115 584
person 0.0058 1180 537 1202 582
person 0.0048 1384 507 1425 607
person 0.0044 849 539 869 569
person 0.0042 468 522 505 599
person 0.0033 1758 502 1802 634
person 0.0030 1313 507 1346 593
person 0.0028 1269 520 1340 612
person 0.0022 1047 520 1087 588
person 0.0021 798 519 815 560
person 0.0021 1520 495 1590 623
person 0.0017 1473 486 1543 616
person 0.0016 991 525 1053 588
person 0.0016 1291 509 1369 592
person 0.0015 1622 503 1660 615
person 0.0014 1030 521 1064 579
person 0.0014 1772 502 1832 644
person 0.0012 1407 505 1440 583
person 0.0012 1606 515 1644 623
person 0.0011 980 522 1020 585
person 0.0010 1007 537 1052 612
person 0.0010 1858 477 1917 646
