crossing 0.0049 770 533 821 550
crossing 0.0025 886 532 951 552
guard-rail 0.0062 0 805 325 1055
guard-rail 0.0023 55 771 395 955
guard-rail 0.0014 186 738 420 972
guard-rail 0.0013 21 784 335 903
train-car 0.6056 1106 469 1294 576
train-car 0.0500 1865 428 1920 661
train-car 0.0315 873 485 1298 594
train-car 0.0058 1054 460 1344 615
train-car 0.0029 1623 446 1914 634
train-car 0.0029 1786 458 1919 691
train-car 0.0027 1491 535 1892 640
train-car 0.0025 847 440 1317 560
train-car 0.0023 1069 303 1333 630
train-car 0.0017 960 336 1420 706
train-car 0.0012 1263 499 1666 595
train-car 0.0011 830 372 1550 783
train-car 0.0010 1820 437 1921 626
rail 0.9242 4 519 811 1052
rail 0.9200 842 530 1169 1076
rail 0.9060 906 525 1890 1080
rail 0.3715 1266 565 1922 861
rail 0.2442 1343 558 1921 695
rail 0.2129 0 728 438 1049
rail 0.1181 1290 548 1860 632
rail 0.0792 885 528 1162 596
rail 0.0740 1528 584 1921 733
rail 0.0567 814 509 1240 605
rail 0.0507 1000 547 1133 588
rail 0.0323 877 523 1119 568
rail 0.0280 1267 544 1681 611
rail 0.0273 1460 602 1930 811
rail 0.0201 1644 606 1920 705
rail 0.0188 1529 634 1915 917
rail 0.0169 1395 557 1698 605
rail 0.0125 1023 546 1109 579
rail 0.0109 845 469 1320 593
rail 0.0099 1383 621 1925 1053
rail 0.0092 1141 550 1693 718
rail 0.0074 850 518 1801 844
rail 0.0065 154 552 756 899
rail 0.0061 -8 810 324 1015
rail 0.0054 1538 564 1719 621
rail 0.0054 998 532 1221 587
rail 0.0050 1014 544 1083 592
rail 0.0047 820 521 1071 556
rail 0.0043 829 518 1083 587
rail 0.0041 973 552 1168 615
rail 0.0040 1308 556 1616 643
rail 0.0040 10 683 632 1133
rail 0.0039 1057 565 1153 600
rail 0.0036 975 526 1152 560
rail 0.0036 1 794 204 966
rail 0.0035 980 533 1070 570
rail 0.0035 4 751 355 909
rail 0.0032 866 531 945 555
rail 0.0031 1549 578 1884 673
rail 0.0031 855 528 1026 564
rail 0.0030 794 485 1249 668
rail 0.0029 932 530 1066 562
rail 0.0029 948 513 1224 562
rail 0.0028 1684 597 1923 779
rail 0.0026 243 601 504 826
rail 0.0024 1 842 195 1058
rail 0.0021 1708 643 1928 885
rail 0.0020 1111 698 1233 797
rail 0.0016 1003 503 1294 588
rail 0.0015 210 732 427 904
rail 0.0014 1268 458 1904 674
rail 0.0014 1495 559 1643 604
rail 0.0014 1821 480 1924 745
rail 0.0013 943 505 1644 738
rail 0.0013 103 671 553 872
rail 0.0013 1557 627 1866 784
rail 0.0012 1472 511 1911 657
rail 0.0012 1184 484 1636 606
rail 0.0012 6 464 700 812
rail 0.0012 1525 573 1661 612
rail 0.0011 100 754 401 987
rail 0.0011 1025 562 1118 606
rail 0.0010 1702 594 1918 670
switch-indicator 0.6143 666 716 733 815
switch-indicator 0.3653 1135 725 1198 799
switch-indicator 0.0028 511 1007 555 1077
switch-left 0.0093 325 712 474 778
switch-left 0.0023 280 687 521 799
switch-left 0.0015 301 739 450 788
switch-left 0.0011 372 713 498 766
switch-right 0.0068 346 711 484 769
switch-unknown 0.0240 1027 552 1110 585
switch-unknown 0.0226 1014 541 1076 576
switch-unknown 0.0156 1042 558 1127 591
switch-unknown 0.0148 1001 538 1050 563
switch-unknown 0.0087 1076 577 1155 607
switch-unknown 0.0053 1052 570 1137 601
switch-unknown 0.0053 874 534 941 553
switch-unknown 0.0037 961 535 1037 557
switch-unknown 0.0032 776 524 825 549
switch-unknown 0.0030 1099 583 1164 610
switch-unknown 0.0024 1009 527 1073 556
switch-unknown 0.0023 995 530 1045 556
switch-unknown 0.0015 899 534 978 559
switch-unknown 0.0011 1037 565 1105 603
switch-static 0.3249 332 685 402 722
switch-static 0.0248 326 691 441 735
switch-static 0.0122 762 809 810 847
switch-static 0.0087 239 680 494 815
switch-static 0.0084 653 720 747 823
switch-static 0.0064 359 710 475 757
switch-static 0.0063 293 680 402 728
switch-static 0.0038 290 698 448 794
switch-static 0.0026 851 609 889 634
switch-static 0.0021 1543 784 1593 818
switch-static 0.0020 1100 728 1201 834
switch-static 0.0020 1259 611 1315 658
switch-static 0.0016 1239 589 1288 637
switch-static 0.0016 219 631 580 747
switch-static 0.0014 1123 584 1178 608
switch-static 0.0014 1511 772 1592 818
switch-static 0.0013 265 640 469 779
track-sign-front 0.4499 1136 725 1199 795
track-sign-front 0.0755 664 713 734 792
track-sign-front 0.0039 1139 712 1193 772
track-sign-front 0.0011 1671 462 1692 484
track-signal-front 0.0168 769 444 789 470
track-signal-front 0.0066 769 446 788 489
track-signal-front 0.0031 756 446 784 472
track-signal-front 0.0010 1203 366 1223 448
track-signal-back 0.0022 834 395 853 490
track-signal-back 0.0012 834 400 852 435
fence 0.2545 1252 565 1923 925
fence 0.0107 1244 565 1686 833
fence 0.0064 1538 661 1918 1033
pole 0.5206 439 -2 553 965
pole 0.2424 832 392 853 559
pole 0.0899 1205 331 1224 599
pole 0.0307 1194 388 1233 593
pole 0.0116 819 402 849 553
pole 0.0111 478 160 545 858
pole 0.0103 1169 393 1256 592
pole 0.0084 469 31 608 941
pole 0.0059 1207 397 1223 537
pole 0.0053 840 405 868 553
pole 0.0052 441 215 522 877
pole 0.0046 830 492 852 548
pole 0.0029 461 39 532 732
pole 0.0029 376 -6 496 945
pole 0.0026 807 401 873 565
pole 0.0024 996 424 1013 540
pole 0.0022 818 479 849 566
pole 0.0021 783 410 822 548
pole 0.0015 825 443 878 587
pole 0.0013 688 257 709 565
pole 0.0011 414 381 571 948
rail-occluder 0.0389 1625 566 1691 619
rail-occluder 0.0126 1297 603 1338 658
rail-occluder 0.0116 1278 595 1382 666
rail-occluder 0.0086 1609 571 1694 644
rail-occluder 0.0068 1262 587 1473 698
rail-occluder 0.0067 1230 565 1594 751
rail-occluder 0.0056 1272 598 1313 643
rail-occluder 0.0052 1017 541 1048 591
rail-occluder 0.0046 1287 591 1327 646
rail-occluder 0.0038 1318 610 1392 672
rail-occluder 0.0031 1239 591 1273 628
rail-occluder 0.0029 1571 570 1839 670
rail-occluder 0.0028 1383 605 1638 823
rail-occluder 0.0025 1327 605 1428 683
rail-occluder 0.0021 1248 589 1345 653
rail-occluder 0.0021 1570 566 1729 653
rail-occluder 0.0021 1005 537 1061 596
rail-occluder 0.0019 1559 674 1850 937
rail-occluder 0.0019 1601 572 1756 622
rail-occluder 0.0015 1523 645 1781 870
rail-occluder 0.0013 1581 567 1676 619
rail-occluder 0.0012 1610 541 1781 630
rail-occluder 0.0011 1539 581 1602 615
