guard-rail 0.3623 1125 826 1148 901
guard-rail 0.0338 1121 843 1143 913
guard-rail 0.0162 1131 814 1162 884
guard-rail 0.0157 1262 603 1346 686
guard-rail 0.0076 1109 824 1160 907
guard-rail 0.0055 1098 679 1175 708
guard-rail 0.0048 1126 838 1165 919
guard-rail 0.0042 1303 610 1365 687
guard-rail 0.0041 1053 1014 1081 1074
guard-rail 0.0037 1463 839 1481 931
guard-rail 0.0035 1050 693 1226 1030
guard-rail 0.0029 1448 850 1473 922
guard-rail 0.0027 1094 799 1178 960
guard-rail 0.0021 1403 649 1443 689
guard-rail 0.0020 1148 645 1226 689
guard-rail 0.0020 1122 673 1193 708
guard-rail 0.0015 1113 818 1148 880
guard-rail 0.0014 1115 635 1171 664
guard-rail 0.0013 1147 666 1225 712
guard-rail 0.0012 1116 862 1145 932
guard-rail 0.0012 1108 844 1152 953
guard-rail 0.0011 1109 820 1248 904
guard-rail 0.0011 926 672 1012 712
guard-rail 0.0010 1133 805 1221 882
guard-rail 0.0010 931 659 1016 695
guard-rail 0.0010 1460 800 1485 1013
guard-rail 0.0010 1102 696 1173 726
train-car 0.7137 1 505 718 705
train-car 0.0753 980 527 1166 594
train-car 0.0724 796 515 1168 619
train-car 0.0323 -4 485 1204 763
train-car 0.0222 2 572 1120 855
train-car 0.0074 738 510 1175 714
train-car 0.0065 963 533 1198 631
train-car 0.0051 305 482 673 651
train-car 0.0038 212 524 779 674
train-car 0.0027 804 444 1186 665
train-car 0.0022 584 454 1302 791
train-car 0.0022 672 539 823 651
train-car 0.0018 747 513 864 663
train-car 0.0017 1020 535 1117 588
train-car 0.0017 192 281 1255 767
train-car 0.0015 553 524 848 638
train-car 0.0015 424 491 781 640
rail 0.8780 1181 586 1527 1079
rail 0.8429 1044 587 1359 1076
rail 0.8101 2 592 1285 978
rail 0.4210 1204 587 1429 699
rail 0.1363 1206 606 1293 687
rail 0.1237 1 679 947 904
rail 0.1179 1299 604 1416 692
rail 0.1149 1191 645 1292 708
rail 0.0901 -4 574 1106 795
rail 0.0848 1214 602 1282 640
rail 0.0690 1290 578 1525 625
rail 0.0479 1202 591 1347 669
rail 0.0397 1190 614 1355 708
rail 0.0391 1456 584 1535 615
rail 0.0281 1223 583 1333 627
rail 0.0261 181 549 1603 874
rail 0.0260 1247 580 1410 632
rail 0.0217 1233 596 1326 699
rail 0.0167 2 732 710 968
rail 0.0157 1453 591 1525 629
rail 0.0147 1260 596 1393 662
rail 0.0142 1341 626 1406 688
rail 0.0141 1400 582 1501 620
rail 0.0118 1351 587 1506 635
rail 0.0116 1015 608 1359 703
rail 0.0099 21 531 685 728
rail 0.0095 518 569 1470 766
rail 0.0085 440 591 1481 1081
rail 0.0077 1293 572 1563 664
rail 0.0071 1042 591 1309 677
rail 0.0059 767 629 1209 721
rail 0.0056 696 522 1178 677
rail 0.0053 1070 550 1457 811
rail 0.0052 1295 589 1408 625
rail 0.0052 1414 593 1496 631
rail 0.0048 1158 628 1325 741
rail 0.0046 1048 629 1185 664
rail 0.0046 1444 574 1549 633
rail 0.0045 1287 595 1461 717
rail 0.0044 1075 617 1347 888
rail 0.0043 799 652 1073 739
rail 0.0042 1431 581 1524 608
rail 0.0041 902 520 1543 894
rail 0.0039 1396 594 1461 628
rail 0.0039 254 701 1176 1084
rail 0.0038 1122 660 1292 728
rail 0.0037 1146 630 1227 663
rail 0.0033 1146 606 1234 642
rail 0.0030 1454 576 1630 618
rail 0.0028 1226 578 1283 609
rail 0.0026 1175 605 1258 639
rail 0.0026 1231 572 1332 611
rail 0.0024 1476 586 1557 650
rail 0.0024 1109 635 1173 662
rail 0.0023 1269 578 1344 610
rail 0.0023 717 633 1055 766
rail 0.0021 -1 760 266 1059
rail 0.0021 1398 601 1520 688
rail 0.0019 900 667 1039 713
rail 0.0018 1217 568 1269 604
rail 0.0017 1170 622 1264 674
rail 0.0017 1467 570 1578 609
rail 0.0017 761 562 984 756
rail 0.0017 1253 573 1401 610
rail 0.0016 1194 571 1278 630
rail 0.0016 1019 616 1221 667
rail 0.0015 1213 535 1528 665
rail 0.0015 1180 598 1243 625
rail 0.0014 1138 609 1187 648
rail 0.0014 920 573 1337 692
rail 0.0013 870 643 1097 710
rail 0.0013 749 638 941 753
rail 0.0013 41 796 624 1048
rail 0.0013 904 582 1259 776
rail 0.0013 1141 646 1242 689
rail 0.0013 938 653 1053 692
rail 0.0012 212 728 691 875
rail 0.0012 1366 566 1553 731
rail 0.0012 1107 613 1184 656
rail 0.0012 1437 601 1564 680
rail 0.0010 1744 101 1938 1037
rail 0.0010 1490 573 1702 627
rail 0.0010 1108 548 1407 718
rail 0.0010 886 655 1012 700
switch-indicator 0.4911 1348 626 1379 685
switch-indicator 0.0553 1557 651 1581 682
switch-indicator 0.0165 493 711 536 745
switch-indicator 0.0136 1145 640 1169 662
switch-indicator 0.0118 1032 667 1102 718
switch-indicator 0.0049 1349 602 1392 664
switch-indicator 0.0047 901 625 925 671
switch-indicator 0.0044 1339 638 1389 691
switch-indicator 0.0043 1142 606 1181 645
switch-indicator 0.0031 1356 625 1414 679
switch-indicator 0.0027 739 687 780 718
switch-indicator 0.0024 1145 639 1175 675
switch-indicator 0.0023 1144 602 1182 624
switch-indicator 0.0021 1313 623 1366 701
switch-indicator 0.0018 1530 636 1580 679
switch-indicator 0.0015 1120 613 1176 652
switch-indicator 0.0012 1561 660 1583 693
switch-indicator 0.0010 744 649 845 712
switch-left 0.2013 1187 655 1290 710
switch-left 0.0425 1175 679 1295 724
switch-left 0.0020 1400 672 1514 713
switch-left 0.0016 1229 662 1308 706
switch-right 0.2217 1191 655 1288 705
switch-right 0.0756 1202 626 1283 680
switch-right 0.0540 1216 605 1279 639
switch-right 0.0019 1175 623 1259 672
switch-right 0.0018 1402 672 1513 714
switch-right 0.0016 1425 655 1513 694
switch-right 0.0014 1231 663 1306 706
switch-right 0.0010 1436 616 1514 673
switch-unknown 0.1596 1217 607 1279 635
switch-unknown 0.0243 1450 589 1510 617
switch-unknown 0.0146 1229 602 1318 648
switch-unknown 0.0109 1280 588 1328 616
switch-unknown 0.0103 1424 588 1483 616
switch-unknown 0.0099 1319 591 1384 619
switch-unknown 0.0098 1291 588 1364 621
switch-unknown 0.0086 1239 587 1319 621
switch-unknown 0.0083 1269 600 1346 648
switch-unknown 0.0073 1462 581 1534 608
switch-unknown 0.0071 1295 603 1362 641
switch-unknown 0.0058 1430 598 1484 624
switch-unknown 0.0046 1341 587 1413 615
switch-unknown 0.0045 1225 570 1281 610
switch-unknown 0.0045 1031 633 1158 670
switch-unknown 0.0040 1071 634 1159 660
switch-unknown 0.0036 1448 579 1505 608
switch-unknown 0.0034 1178 604 1250 636
switch-unknown 0.0026 1184 597 1238 624
switch-unknown 0.0022 1215 554 1269 607
switch-unknown 0.0017 1369 587 1444 616
switch-unknown 0.0013 953 655 1040 687
switch-unknown 0.0012 886 671 1011 713
switch-unknown 0.0010 1490 561 1556 609
switch-unknown 0.0010 1245 559 1319 613
switch-unknown 0.0010 1427 571 1476 609
switch-static 0.2691 1039 678 1099 712
switch-static 0.0324 747 682 798 709
switch-static 0.0246 1046 670 1120 706
switch-static 0.0240 1062 678 1137 708
switch-static 0.0103 1003 635 1081 663
switch-static 0.0090 757 678 818 708
switch-static 0.0084 1151 633 1221 663
switch-static 0.0082 1344 659 1383 697
switch-static 0.0082 1006 657 1090 697
switch-static 0.0075 1409 598 1446 623
switch-static 0.0074 1120 638 1169 661
switch-static 0.0068 1146 641 1172 671
switch-static 0.0059 1355 646 1418 688
switch-static 0.0056 740 689 778 715
switch-static 0.0047 1380 595 1441 627
switch-static 0.0041 978 650 1067 683
switch-static 0.0040 232 713 286 740
switch-static 0.0037 1399 590 1455 617
switch-static 0.0035 1588 744 1688 799
switch-static 0.0034 1151 603 1229 642
switch-static 0.0032 1009 630 1076 651
switch-static 0.0028 741 678 781 704
switch-static 0.0028 761 656 837 703
switch-static 0.0027 1493 652 1547 688
switch-static 0.0027 1021 684 1089 721
switch-static 0.0025 1115 637 1174 681
switch-static 0.0024 1588 713 1644 763
switch-static 0.0024 1064 649 1157 696
switch-static 0.0024 1528 635 1583 682
switch-static 0.0024 1024 636 1103 668
switch-static 0.0021 724 686 768 711
switch-static 0.0020 964 638 1035 663
switch-static 0.0019 976 670 1065 704
switch-static 0.0018 988 627 1057 655
switch-static 0.0017 1156 594 1223 624
switch-static 0.0015 1468 652 1513 690
switch-static 0.0013 1592 756 1650 799
switch-static 0.0013 1307 668 1361 706
switch-static 0.0013 735 650 858 709
switch-static 0.0011 1586 714 1627 743
switch-static 0.0011 1490 589 1546 646
switch-static 0.0010 1403 632 1450 677
track-sign-front 0.1508 831 608 862 642
track-sign-front 0.0159 834 602 876 649
track-sign-front 0.0051 831 618 860 665
track-sign-front 0.0050 1112 566 1124 607
track-sign-front 0.0047 1532 527 1562 585
track-sign-front 0.0037 1289 577 1324 608
track-sign-front 0.0030 809 527 870 677
track-sign-front 0.0028 1527 538 1549 572
track-sign-front 0.0019 1540 511 1576 591
track-sign-front 0.0015 827 475 859 533
track-signal-back 0.0076 1169 432 1183 475
track-signal-back 0.0030 1166 440 1184 517
track-signal-back 0.0029 1552 428 1570 544
track-signal-back 0.0024 613 361 639 401
track-signal-back 0.0016 1172 432 1186 462
track-signal-back 0.0015 448 427 478 502
track-signal-back 0.0010 443 436 467 496
pole 0.4750 824 103 868 752
pole 0.2159 837 186 923 753
pole 0.1233 878 232 924 708
pole 0.1218 480 382 503 672
pole 0.0721 1551 393 1573 623
pole 0.0601 618 386 643 634
pole 0.0563 573 220 607 685
pole 0.0340 791 95 903 775
pole 0.0284 576 355 594 663
pole 0.0212 814 341 884 745
pole 0.0202 602 357 642 658
pole 0.0194 586 313 635 687
pole 0.0192 1608 223 1646 666
pole 0.0105 833 546 868 707
pole 0.0076 1298 409 1315 606
pole 0.0075 458 361 501 662
pole 0.0075 1161 418 1184 603
pole 0.0071 1128 388 1149 629
pole 0.0065 1166 457 1192 589
pole 0.0059 861 299 953 715
pole 0.0056 1548 343 1590 671
pole 0.0050 578 242 597 580
pole 0.0048 894 347 918 673
pole 0.0048 770 249 873 774
pole 0.0039 807 480 1053 658
pole 0.0039 820 514 909 730
pole 0.0038 1552 439 1568 582
pole 0.0037 1540 451 1568 596
pole 0.0032 834 380 866 673
pole 0.0030 1120 316 1153 621
pole 0.0029 768 524 986 722
pole 0.0028 822 456 879 699
pole 0.0025 624 376 657 633
pole 0.0025 550 255 616 672
pole 0.0024 889 251 918 577
pole 0.0023 623 454 639 594
pole 0.0023 1524 432 1547 618
pole 0.0021 810 555 885 705
pole 0.0020 1606 325 1628 635
pole 0.0018 482 460 500 600
pole 0.0017 1281 396 1306 617
pole 0.0017 994 388 1014 631
pole 0.0017 1132 463 1151 592
pole 0.0017 1535 500 1561 615
pole 0.0016 902 531 932 657
pole 0.0016 448 401 478 544
pole 0.0015 1614 260 1662 742
pole 0.0015 484 410 513 697
pole 0.0014 1558 378 1615 628
pole 0.0014 1134 413 1183 626
pole 0.0014 932 370 963 647
pole 0.0013 1104 427 1162 646
pole 0.0013 1388 489 1418 614
pole 0.0013 1169 484 1203 606
pole 0.0012 882 427 947 680
pole 0.0011 833 205 860 536
pole 0.0011 448 410 543 653
pole 0.0010 439 376 465 634
pole 0.0010 1000 391 1021 630
rail-occluder 0.0161 496 712 533 743
rail-occluder 0.0141 1346 612 1373 669
rail-occluder 0.0111 834 569 871 728
rail-occluder 0.0099 839 636 869 757
rail-occluder 0.0074 905 626 926 669
rail-occluder 0.0045 1112 569 1124 609
rail-occluder 0.0042 488 713 519 748
rail-occluder 0.0036 1345 601 1395 667
rail-occluder 0.0031 750 687 799 719
rail-occluder 0.0025 804 574 888 730
rail-occluder 0.0024 844 604 884 737
rail-occluder 0.0019 762 546 990 703
rail-occluder 0.0019 898 638 941 685
rail-occluder 0.0018 741 532 855 666
rail-occluder 0.0017 812 652 859 734
rail-occluder 0.0016 845 676 882 754
rail-occluder 0.0015 891 575 923 684
rail-occluder 0.0014 806 525 1052 674
rail-occluder 0.0013 833 592 999 678
rail-occluder 0.0013 482 707 549 763
rail-occluder 0.0011 757 558 811 671
rail-occluder 0.0010 819 642 921 757
