crossing 0.0015 1017 489 1072 532
guard-rail 0.0091 835 506 906 600
guard-rail 0.0076 836 499 879 562
guard-rail 0.0054 785 502 869 615
guard-rail 0.0026 808 545 886 638
guard-rail 0.0013 801 494 865 568
guard-rail 0.0011 836 560 897 630
platform 0.1667 1013 478 1121 519
platform 0.0045 998 477 1062 519
platform 0.0020 1016 488 1078 531
platform 0.0012 1004 464 1158 550
rail 0.9481 19 472 970 1073
rail 0.9470 983 467 1289 1074
rail 0.5304 726 486 954 639
rail 0.1250 739 510 875 639
rail 0.0706 717 576 851 649
rail 0.0300 805 481 948 582
rail 0.0129 864 486 928 532
rail 0.0104 776 529 916 649
rail 0.0085 845 494 937 550
rail 0.0076 803 513 891 629
rail 0.0064 698 496 904 738
rail 0.0058 641 488 853 629
rail 0.0043 817 481 899 538
rail 0.0036 778 483 892 598
rail 0.0031 888 479 956 529
rail 0.0027 699 536 821 634
rail 0.0026 857 477 900 507
rail 0.0026 10 478 874 788
rail 0.0024 866 475 937 507
rail 0.0022 857 476 957 561
rail 0.0021 839 474 941 530
rail 0.0019 636 476 985 1070
rail 0.0018 909 479 967 520
rail 0.0018 837 490 879 525
rail 0.0018 778 505 980 769
rail 0.0017 898 471 956 506
rail 0.0017 915 469 940 505
rail 0.0017 773 477 888 528
rail 0.0015 651 440 1003 713
rail 0.0015 567 545 766 663
rail 0.0012 706 482 852 574
rail 0.0012 889 488 945 553
rail 0.0011 689 561 782 619
rail 0.0011 840 527 952 616
rail 0.0010 588 490 919 799
rail 0.0010 928 478 1014 526
rail 0.0010 735 568 925 697
rail 0.0010 796 474 915 515
switch-indicator 0.1494 626 560 660 637
switch-indicator 0.0718 628 609 699 643
switch-indicator 0.0334 619 584 668 645
switch-indicator 0.0059 619 554 682 654
switch-indicator 0.0047 910 549 941 581
switch-indicator 0.0026 611 558 651 644
switch-indicator 0.0014 877 555 930 585
switch-left 0.1769 717 598 838 646
switch-left 0.0677 692 612 824 659
switch-left 0.0136 746 566 849 639
switch-left 0.0059 688 577 831 666
switch-left 0.0052 672 597 795 643
switch-left 0.0034 742 609 844 663
switch-left 0.0032 710 582 805 632
switch-left 0.0024 676 566 880 692
switch-left 0.0018 689 630 809 681
switch-right 0.1594 718 599 837 647
switch-right 0.0072 766 590 881 645
switch-right 0.0011 690 624 795 667
switch-unknown 0.0189 867 488 924 526
switch-unknown 0.0125 850 501 907 546
switch-unknown 0.0106 866 500 920 538
switch-unknown 0.0041 907 473 940 522
switch-unknown 0.0020 915 476 959 519
switch-unknown 0.0017 899 489 940 549
switch-static 0.1345 634 609 712 639
switch-static 0.0250 624 590 702 644
switch-static 0.0201 912 556 942 578
switch-static 0.0146 609 613 679 649
switch-static 0.0119 665 596 758 633
switch-static 0.0118 845 621 903 662
switch-static 0.0093 825 620 882 658
switch-static 0.0055 795 619 862 656
switch-static 0.0053 638 605 750 652
switch-static 0.0048 693 579 777 622
switch-static 0.0036 809 604 886 651
switch-static 0.0031 600 604 652 650
switch-static 0.0031 587 625 653 653
switch-static 0.0027 916 543 951 578
switch-static 0.0016 730 566 924 698
track-sign-front 0.0960 1097 473 1117 506
track-sign-front 0.0449 1052 474 1122 510
track-sign-front 0.0149 1019 470 1107 516
track-sign-front 0.0094 1098 457 1117 485
track-sign-front 0.0074 918 471 937 499
track-sign-front 0.0050 916 435 935 502
track-sign-front 0.0041 1112 475 1143 509
track-sign-front 0.0038 1081 450 1116 489
track-sign-front 0.0036 626 531 654 604
track-sign-front 0.0031 918 467 953 497
track-sign-front 0.0011 628 494 659 556
track-sign-front 0.0010 1065 465 1139 519
track-sign-front 0.0010 1655 635 1777 759
track-signal-front 0.0063 841 409 866 440
track-signal-front 0.0029 1001 434 1035 476
track-signal-front 0.0027 848 407 878 443
track-signal-front 0.0022 847 397 888 433
track-signal-front 0.0017 1014 440 1047 486
track-signal-front 0.0011 818 403 843 464
pole 0.0248 921 229 934 542
pole 0.0231 969 343 981 482
pole 0.0212 915 97 941 555
pole 0.0109 920 343 933 486
pole 0.0104 969 310 986 538
pole 0.0095 973 346 986 480
pole 0.0039 969 371 994 491
pole 0.0031 921 293 954 557
pole 0.0015 905 64 954 586
pole 0.0013 624 474 657 619
pole 0.0013 912 358 961 495
pole 0.0013 919 411 935 529
pole 0.0012 959 406 993 502
rail-occluder 0.0019 621 528 656 632
rail-occluder 0.0012 626 502 655 603
