crossing 0.8598 816 839 1173 1076
crossing 0.7538 4 830 470 1076
crossing 0.0130 -2 807 275 1017
crossing 0.0029 71 805 442 995
crossing 0.0013 25 678 575 1067
crossing 0.0010 769 930 1155 1101
crossing 0.0010 36 926 370 1075
guard-rail 0.0016 1091 835 1152 1075
rail 0.9637 14 331 961 1068
rail 0.9592 810 333 1169 1074
switch-indicator 0.0028 615 506 636 539
switch-static 0.0034 712 432 746 458
switch-static 0.0030 618 507 639 535
switch-static 0.0024 1308 667 1342 698
switch-static 0.0016 1100 552 1131 578
switch-static 0.0013 723 439 766 462
track-sign-front 0.1636 209 526 237 547
track-sign-front 0.0175 1109 363 1126 393
track-sign-front 0.0163 709 350 723 386
track-sign-front 0.0070 1227 469 1254 492
track-sign-front 0.0061 1177 341 1193 373
track-sign-front 0.0048 1002 314 1017 329
track-sign-front 0.0043 210 521 252 550
track-sign-front 0.0029 710 429 731 454
track-sign-front 0.0027 1303 505 1334 529
track-sign-front 0.0023 999 311 1026 341
track-sign-front 0.0023 1307 668 1340 697
track-sign-front 0.0022 1028 345 1054 367
track-sign-front 0.0021 1088 365 1125 398
track-sign-front 0.0020 707 418 725 453
track-sign-front 0.0017 708 363 723 440
track-sign-front 0.0017 1217 468 1244 494
track-sign-front 0.0014 1101 362 1132 395
track-sign-front 0.0013 1224 474 1248 498
track-sign-front 0.0013 207 513 242 567
track-sign-front 0.0011 1107 372 1128 408
track-sign-front 0.0011 1181 340 1205 376
track-sign-front 0.0010 1219 460 1256 491
track-signal-front 0.0799 1444 310 1470 351
track-signal-front 0.0372 1472 422 1571 516
track-signal-front 0.0024 1514 383 1571 509
track-signal-front 0.0012 1420 305 1482 355
track-signal-front 0.0010 1464 437 1531 512
track-signal-front 0.0010 1531 431 1572 520
track-signal-back 0.7777 714 212 748 270
track-signal-back 0.0540 715 262 740 295
track-signal-back 0.0178 943 306 961 324
track-signal-back 0.0071 710 338 725 382
track-signal-back 0.0034 711 272 734 345
track-signal-back 0.0033 711 320 726 360
track-signal-back 0.0031 707 186 757 301
track-signal-back 0.0030 945 299 960 319
track-signal-back 0.0023 717 171 754 267
track-signal-back 0.0022 981 309 1017 332
track-signal-back 0.0018 720 210 773 270
track-signal-back 0.0012 923 305 953 328
track-signal-back 0.0012 709 298 725 383
pole 0.0171 216 531 244 669
rail-occluder 0.0100 212 533 248 667
