crossing 0.0337 875 654 918 666
crossing 0.0240 902 646 948 666
crossing 0.0235 975 646 1012 660
crossing 0.0225 907 652 943 664
crossing 0.0153 861 646 902 664
crossing 0.0140 853 654 909 669
crossing 0.0124 945 645 1010 663
crossing 0.0089 912 728 998 753
crossing 0.0079 868 653 926 671
crossing 0.0079 912 641 973 665
crossing 0.0057 978 641 1033 659
crossing 0.0021 841 643 885 665
crossing 0.0018 888 734 1006 785
crossing 0.0016 925 716 995 746
crossing 0.0011 810 656 895 680
guard-rail 0.0159 809 803 899 1050
guard-rail 0.0135 794 866 867 1075
guard-rail 0.0066 820 828 896 972
guard-rail 0.0032 851 818 901 914
guard-rail 0.0011 814 884 874 1032
rail 0.8617 19 653 971 1073
rail 0.8575 766 642 1092 1075
rail 0.5927 805 824 1051 1079
rail 0.4936 804 826 886 1075
rail 0.0470 1012 855 1069 1073
rail 0.0247 809 724 1068 970
rail 0.0143 784 843 856 1077
rail 0.0105 1032 882 1077 1072
rail 0.0055 926 833 1069 1079
rail 0.0048 934 688 1105 995
rail 0.0023 675 770 952 1076
rail 0.0014 929 655 1226 1027
rail 0.0012 65 703 730 1002
rail 0.0011 979 781 1060 1062
switch-left 0.1997 855 815 1027 904
switch-left 0.0663 827 815 1046 957
switch-left 0.0016 907 806 1048 882
switch-right 0.2144 864 811 1023 887
switch-right 0.0021 896 808 1003 862
switch-static 0.4351 1030 794 1118 834
switch-static 0.1143 1038 777 1140 839
switch-static 0.0266 1068 768 1141 826
switch-static 0.0207 1041 799 1173 860
switch-static 0.0198 1094 771 1130 794
switch-static 0.0134 1015 715 1060 735
switch-static 0.0071 1055 765 1134 805
switch-static 0.0064 1049 824 1179 886
switch-static 0.0055 931 673 1101 1013
switch-static 0.0053 1025 754 1153 863
switch-static 0.0038 1004 800 1100 845
switch-static 0.0032 1000 796 1057 836
switch-static 0.0031 966 737 1194 911
switch-static 0.0023 1058 848 1178 907
switch-static 0.0020 1084 778 1166 850
switch-static 0.0019 1002 720 1052 745
switch-static 0.0010 1018 745 1126 824
track-sign-front 0.1101 768 645 785 670
track-sign-front 0.0311 764 650 781 680
track-sign-front 0.0248 772 644 793 666
track-sign-front 0.0232 1053 638 1072 661
track-sign-front 0.0073 648 677 669 698
track-sign-front 0.0069 1052 628 1074 655
track-sign-front 0.0039 763 643 792 673
track-sign-front 0.0036 770 628 790 661
track-sign-front 0.0032 359 745 389 778
track-sign-front 0.0021 1060 635 1086 666
track-sign-front 0.0018 761 648 816 681
track-sign-front 0.0013 756 649 788 684
track-sign-front 0.0012 652 678 677 706
track-sign-front 0.0012 1037 644 1068 672
track-sign-front 0.0011 925 595 959 652
track-signal-back 0.0016 928 587 949 632
track-signal-back 0.0014 926 574 941 642
track-signal-back 0.0010 863 580 891 632
pole 0.0068 1030 487 1052 670
