train-car 0.7120 910 213 1912 913
rail 0.9533 672 430 1082 1077
rail 0.9165 8 423 686 837
rail 0.3472 764 429 934 475
rail 0.0506 831 437 933 472
rail 0.0205 670 416 936 478
rail 0.0178 722 418 905 459
rail 0.0129 742 427 824 450
rail 0.0092 1594 729 1921 974
rail 0.0049 716 426 805 455
rail 0.0035 784 426 840 451
rail 0.0029 808 432 903 464
rail 0.0023 782 426 816 448
rail 0.0022 854 448 931 478
rail 0.0021 699 404 991 527
rail 0.0019 821 436 993 481
rail 0.0018 859 434 1916 1075
rail 0.0015 1757 730 1919 890
rail 0.0014 252 514 447 759
rail 0.0013 610 407 878 464
rail 0.0011 811 445 902 481
rail 0.0010 1617 720 1909 866
switch-unknown 0.0092 754 431 805 448
switch-unknown 0.0053 725 425 793 446
switch-unknown 0.0019 661 429 691 451
switch-static 0.0010 224 590 270 615
track-sign-front 0.0028 796 412 814 444
track-signal-front 0.0858 711 341 722 358
track-signal-back 0.1303 710 340 724 361
track-signal-back 0.1154 616 344 628 368
track-signal-back 0.0126 615 343 629 418
pole 0.1174 712 342 723 445
pole 0.0398 -5 -68 90 1101
pole 0.0248 616 339 632 432
pole 0.0055 711 404 724 448
pole 0.0027 713 403 738 448
pole 0.0021 705 325 733 442
pole 0.0016 690 347 750 449
pole 0.0016 641 328 671 433
pole 0.0015 0 180 79 837
rail-occluder 0.0144 786 428 812 446
rail-occluder 0.0106 796 427 824 446
rail-occluder 0.0014 788 428 868 459
