rail 0.8448 725 747 978 1076
rail 0.3274 1160 681 1922 1075
rail 0.0472 1850 668 1919 1079
rail 0.0054 1311 706 1570 1043
rail 0.0020 510 725 984 1118
rail 0.0019 1725 685 1921 1074
rail 0.0019 1878 708 1923 1025
rail 0.0017 1871 535 1920 1000
track-sign-front 0.8630 1399 800 1462 900
track-sign-front 0.1113 1400 740 1453 799
track-sign-front 0.0054 1399 752 1467 854
track-sign-front 0.0044 1398 716 1462 817
track-sign-front 0.0044 1373 705 1494 987
track-sign-front 0.0033 1412 807 1505 910
track-sign-front 0.0019 774 639 797 756
track-signal-back 0.0013 1880 3 1915 88
pole 0.1486 1382 -37 1496 1087
pole 0.0143 776 594 791 795
pole 0.0089 777 635 790 763
pole 0.0033 1391 175 1469 853
pole 0.0030 1417 -21 1547 1062
pole 0.0022 1332 8 1453 1031
pole 0.0016 763 703 793 769
pole 0.0010 770 585 799 762
