crossing 0.0573 1003 445 1047 466
crossing 0.0280 931 447 963 465
crossing 0.0217 384 670 607 758
crossing 0.0158 1010 454 1047 471
crossing 0.0146 915 446 955 466
crossing 0.0124 363 685 621 810
crossing 0.0118 935 441 995 468
crossing 0.0044 970 436 1030 466
crossing 0.0043 930 448 961 481
crossing 0.0042 999 435 1047 458
crossing 0.0028 308 656 601 853
crossing 0.0020 815 490 877 509
crossing 0.0019 881 444 929 474
crossing 0.0016 894 449 949 496
crossing 0.0013 977 423 1013 461
crossing 0.0012 1011 452 1061 477
crossing 0.0011 873 457 926 497
crossing 0.0011 1026 438 1092 470
crossing 0.0010 1010 421 1056 463
train-car 0.0031 999 435 1047 457
platform 0.0111 1063 466 1542 747
platform 0.0012 1097 454 1360 726
rail 0.9267 8 459 964 1064
rail 0.8390 742 452 1181 1070
rail 0.7242 628 762 1079 1077
rail 0.1034 861 747 1112 1007
rail 0.0208 868 665 1165 920
rail 0.0114 844 753 1088 877
rail 0.0037 14 642 628 1067
rail 0.0026 -6 528 758 823
rail 0.0026 242 640 550 1062
rail 0.0024 152 121 862 1018
rail 0.0016 959 784 1071 1078
rail 0.0016 931 493 1173 1029
rail 0.0015 319 672 585 903
rail 0.0011 833 765 968 1067
rail 0.0010 169 680 1072 1072
rail 0.0010 883 781 1048 1077
switch-left 0.2467 870 746 1110 874
switch-left 0.0142 833 737 1089 976
switch-left 0.0084 928 744 1104 828
switch-left 0.0023 934 712 1101 801
switch-right 0.3586 870 744 1111 872
switch-right 0.0082 911 709 1121 804
switch-static 0.0064 577 854 735 903
switch-static 0.0025 590 821 751 898
switch-static 0.0020 596 788 714 860
switch-static 0.0017 620 790 687 850
track-sign-front 0.0054 527 841 563 898
track-sign-front 0.0020 922 201 941 249
track-sign-front 0.0012 518 802 566 933
track-signal-front 0.0019 924 199 941 265
person 0.0407 1833 428 1911 609
person 0.0073 1885 431 1922 614
person 0.0021 1801 422 1927 670
person 0.0016 1807 425 1880 592
person 0.0011 1848 418 1921 786
pole 0.6061 856 -9 891 596
pole 0.1938 939 181 955 508
pole 0.1460 480 3 582 1031
pole 0.1368 960 193 981 495
pole 0.1203 975 236 990 484
pole 0.0800 921 89 954 585
pole 0.0744 909 11 944 592
pole 0.0691 969 256 985 489
pole 0.0653 928 173 946 512
pole 0.0406 931 157 964 510
pole 0.0289 1039 285 1051 473
pole 0.0228 418 124 614 1004
pole 0.0124 979 311 989 459
pole 0.0069 500 209 576 891
pole 0.0042 488 83 553 771
pole 0.0036 516 48 605 988
pole 0.0033 895 126 966 560
pole 0.0031 939 310 953 462
pole 0.0022 1021 278 1045 482
pole 0.0022 1040 319 1059 453
pole 0.0020 961 290 983 444
pole 0.0020 866 141 886 487
pole 0.0018 896 168 923 514
pole 0.0017 398 -40 549 889
pole 0.0017 803 10 932 612
pole 0.0016 432 537 580 812
pole 0.0016 967 221 996 473
pole 0.0016 987 237 1034 494
pole 0.0015 936 273 956 423
pole 0.0015 1043 298 1055 431
pole 0.0014 924 150 941 370
pole 0.0014 509 815 556 1078
pole 0.0013 928 312 945 458
pole 0.0013 469 368 582 754
pole 0.0012 1038 202 1053 437
pole 0.0012 520 822 562 941
pole 0.0012 391 677 605 911
pole 0.0012 1010 343 1044 469
pole 0.0011 476 757 560 1040
pole 0.0011 922 214 988 511
pole 0.0011 958 250 981 396
pole 0.0011 1036 269 1062 472
pole 0.0010 528 225 595 808
rail-occluder 0.0057 930 498 950 525
rail-occluder 0.0016 930 445 962 486
