crossing 0.7995 959 733 1161 867
crossing 0.7571 443 719 717 827
crossing 0.0279 418 658 744 900
crossing 0.0111 973 822 1176 877
crossing 0.0103 435 776 652 830
crossing 0.0097 198 557 885 981
crossing 0.0048 1029 740 1142 845
crossing 0.0036 957 698 1142 822
crossing 0.0020 967 634 1198 908
crossing 0.0013 988 738 1105 846
crossing 0.0013 513 705 778 814
crossing 0.0012 833 555 1254 1028
crossing 0.0011 1034 737 1219 874
crossing 0.0011 569 719 717 819
guard-rail 0.0071 1097 744 1152 844
rail 0.9639 950 537 1331 1073
rail 0.9573 6 533 944 1075
switch-unknown 0.0011 926 537 959 554
switch-static 0.0011 572 667 613 704
track-sign-front 0.2372 1591 537 1609 721
track-sign-front 0.1493 473 636 486 667
track-sign-front 0.1270 589 568 606 598
track-sign-front 0.0796 1458 721 1477 852
track-sign-front 0.0776 1285 645 1300 735
track-sign-front 0.0760 471 634 486 694
track-sign-front 0.0201 1589 583 1608 794
track-sign-front 0.0133 1289 657 1303 757
track-sign-front 0.0107 1262 640 1302 662
track-sign-front 0.0102 1460 774 1476 882
track-sign-front 0.0090 1454 725 1485 873
track-sign-front 0.0072 475 635 489 725
track-sign-front 0.0061 3 664 28 784
track-sign-front 0.0052 1590 648 1616 751
track-sign-front 0.0051 1282 645 1308 754
track-sign-front 0.0046 469 630 485 657
track-sign-front 0.0045 586 534 604 596
track-sign-front 0.0045 1591 540 1608 640
track-sign-front 0.0042 1631 670 1648 762
track-sign-front 0.0037 1598 651 1636 780
track-sign-front 0.0037 1592 657 1606 761
track-sign-front 0.0032 620 644 638 666
track-sign-front 0.0027 1022 552 1049 579
track-sign-front 0.0026 11 684 30 793
track-sign-front 0.0025 1277 646 1303 704
track-sign-front 0.0022 466 631 493 677
track-sign-front 0.0019 581 656 623 684
track-sign-front 0.0019 579 664 606 688
track-sign-front 0.0018 1020 542 1055 575
track-sign-front 0.0018 1249 636 1291 659
track-sign-front 0.0017 1017 553 1038 581
track-sign-front 0.0017 1575 531 1628 764
track-sign-front 0.0016 224 676 235 762
track-sign-front 0.0016 1270 637 1304 737
track-sign-front 0.0015 1589 512 1611 581
track-sign-front 0.0014 1007 525 1042 578
track-sign-front 0.0013 581 550 611 611
track-sign-front 0.0011 1581 540 1605 705
track-sign-front 0.0011 584 497 601 569
track-sign-front 0.0011 1007 508 1036 556
track-sign-front 0.0010 1165 552 1181 604
track-sign-front 0.0010 1462 823 1478 880
track-signal-front 0.3902 1584 492 1651 538
track-signal-front 0.0544 1584 444 1641 537
track-signal-front 0.0466 1586 408 1618 550
track-signal-front 0.0068 1580 459 1651 575
track-signal-front 0.0020 1590 394 1612 491
track-signal-front 0.0016 1574 493 1609 547
track-signal-front 0.0010 1563 412 1632 539
