crossing 0.0018 437 787 533 824
rail 0.9460 26 662 551 1080
rail 0.8880 315 662 948 1078
rail 0.0025 531 717 763 1035
rail 0.0016 334 655 463 768
rail 0.0014 299 667 492 800
rail 0.0012 278 669 571 937
rail 0.0011 286 656 840 845
rail 0.0010 10 669 327 893
track-sign-front 0.0534 406 644 419 667
track-sign-front 0.0047 417 650 437 670
track-sign-front 0.0018 422 650 448 679
track-sign-front 0.0011 268 611 297 668
track-signal-back 0.0195 639 521 665 563
track-signal-back 0.0050 634 510 672 572
pole 0.0322 401 650 416 752
pole 0.0027 326 593 358 703
pole 0.0023 379 652 441 751
pole 0.0022 407 601 421 682
pole 0.0013 280 606 307 667
pole 0.0012 310 575 345 690
pole 0.0010 332 518 360 692
rail-occluder 0.3031 321 641 351 694
rail-occluder 0.0133 404 641 421 673
rail-occluder 0.0125 300 640 355 701
rail-occluder 0.0095 402 646 418 695
rail-occluder 0.0093 389 663 418 771
rail-occluder 0.0091 235 643 276 703
rail-occluder 0.0071 267 623 309 685
rail-occluder 0.0062 381 656 431 747
rail-occluder 0.0059 260 637 338 700
rail-occluder 0.0054 239 644 277 677
rail-occluder 0.0054 254 630 294 677
rail-occluder 0.0039 360 659 447 776
rail-occluder 0.0031 228 641 297 713
rail-occluder 0.0027 329 643 381 700
rail-occluder 0.0025 307 598 349 697
rail-occluder 0.0017 190 642 284 767
rail-occluder 0.0017 354 663 401 724
rail-occluder 0.0015 290 630 397 746
rail-occluder 0.0014 361 675 405 761
rail-occluder 0.0013 386 688 406 772
rail-occluder 0.0010 306 609 368 734
