crossing 0.0020 919 677 982 712
rail 0.9159 859 570 1050 1075
rail 0.9065 868 586 1921 993
rail 0.4281 1460 714 1919 827
rail 0.0436 983 620 1926 841
rail 0.0431 1570 737 1923 865
rail 0.0385 1312 670 1920 854
rail 0.0211 1462 716 1924 933
rail 0.0120 1631 747 1931 818
rail 0.0085 1222 692 1914 983
rail 0.0048 1515 723 1828 805
rail 0.0038 1754 769 1917 896
rail 0.0022 1670 846 1918 957
rail 0.0020 1341 689 1721 789
rail 0.0019 1603 712 1921 794
rail 0.0017 1760 739 1923 823
rail 0.0016 1505 805 1912 982
rail 0.0016 1604 781 1918 900
rail 0.0013 1405 565 1943 926
rail 0.0013 1682 708 1929 901
switch-indicator 0.0123 968 564 984 594
switch-left 0.0010 908 572 968 632
switch-right 0.0031 905 578 971 623
switch-unknown 0.2094 922 585 965 609
switch-unknown 0.0719 896 575 958 602
switch-unknown 0.0287 884 563 937 590
switch-unknown 0.0195 955 569 981 599
switch-unknown 0.0188 926 590 969 621
switch-unknown 0.0035 859 553 902 587
switch-unknown 0.0035 874 553 919 580
switch-unknown 0.0034 936 592 976 634
switch-unknown 0.0018 847 522 889 588
switch-unknown 0.0017 885 554 946 581
switch-unknown 0.0014 915 588 961 630
track-sign-front 0.2171 968 566 980 586
track-sign-front 0.0397 1398 571 1415 651
track-sign-front 0.0123 1086 524 1104 552
track-sign-front 0.0047 1399 530 1419 621
track-sign-front 0.0035 1085 502 1102 573
track-sign-front 0.0024 1389 561 1418 656
track-sign-front 0.0024 1376 377 1413 428
track-sign-front 0.0022 1396 601 1413 681
track-sign-front 0.0014 843 517 874 589
track-sign-front 0.0013 961 565 987 592
track-sign-front 0.0012 1402 526 1422 581
track-sign-front 0.0010 1082 520 1110 562
pole 0.2874 1101 542 1124 735
pole 0.0649 1093 358 1128 749
pole 0.0172 1084 279 1144 776
pole 0.0130 1086 526 1135 729
pole 0.0045 1089 437 1117 723
pole 0.0045 1104 577 1130 798
pole 0.0037 857 462 879 591
pole 0.0033 1075 192 1118 761
pole 0.0031 1065 66 1130 886
pole 0.0029 1096 540 1118 673
pole 0.0021 847 464 872 595
pole 0.0015 1113 329 1156 709
pole 0.0011 1107 625 1134 720
pole 0.0010 849 522 886 591
pole 0.0010 1102 360 1140 653
rail-occluder 0.0070 1835 769 1919 858
rail-occluder 0.0018 1516 712 1567 760
rail-occluder 0.0015 1468 704 1590 777
rail-occluder 0.0013 1792 769 1918 892
rail-occluder 0.0012 1844 721 1921 838
rail-occluder 0.0010 1872 776 1922 847
