guard-rail 0.0010 980 462 1028 527
train-car 0.8837 1084 158 1911 1070
rail 0.9385 682 445 1056 1076
rail 0.0407 1043 429 1096 469
rail 0.0396 713 795 1057 1079
rail 0.0389 968 428 1019 465
rail 0.0155 963 424 1010 453
rail 0.0140 971 430 1050 481
rail 0.0100 1002 435 1091 476
rail 0.0072 974 442 1033 495
rail 0.0044 1062 420 1892 1088
rail 0.0042 1017 424 1087 460
rail 0.0041 1034 442 1098 490
rail 0.0040 1055 424 1104 460
rail 0.0032 978 423 1028 456
rail 0.0030 991 450 1083 490
rail 0.0012 1064 446 1099 493
rail 0.0011 760 795 1039 940
rail 0.0010 877 482 1051 1036
switch-indicator 0.0015 835 579 868 640
switch-indicator 0.0010 810 567 858 635
switch-left 0.0341 715 805 1067 1079
switch-left 0.0078 814 786 1050 935
switch-left 0.0024 737 726 1036 993
switch-right 0.0064 814 788 1050 933
switch-static 0.4155 1106 772 1237 861
switch-static 0.0128 1141 773 1248 831
switch-static 0.0048 1072 784 1179 849
switch-static 0.0038 1101 776 1192 837
switch-static 0.0029 1147 792 1242 868
switch-static 0.0010 1105 719 1343 892
switch-static 0.0010 1144 819 1220 873
track-sign-front 0.0047 867 425 891 532
track-sign-front 0.0036 973 421 1030 453
track-sign-front 0.0033 860 423 886 493
track-sign-front 0.0021 869 454 913 544
track-sign-front 0.0014 861 424 883 457
track-sign-front 0.0014 869 472 901 569
track-sign-front 0.0012 971 405 1016 443
track-signal-front 0.0019 1009 351 1031 374
track-signal-front 0.0010 1014 351 1044 376
