crossing 0.0013 860 607 940 631
rail 0.9187 749 553 1114 1075
rail 0.8957 64 547 895 1075
rail 0.0027 1800 905 1918 1070
rail 0.0015 950 582 1261 762
rail 0.0014 1780 707 1929 1024
rail 0.0013 815 549 929 593
rail 0.0011 1725 845 1919 1080
rail 0.0011 700 528 812 614
rail 0.0010 839 566 1026 659
track-sign-front 0.5468 1879 701 1918 897
track-sign-front 0.5415 1072 608 1096 713
track-sign-front 0.0944 1365 344 1428 416
track-sign-front 0.0921 1245 447 1279 487
track-sign-front 0.0330 1244 491 1277 524
track-sign-front 0.0204 1368 491 1405 533
track-sign-front 0.0150 1242 453 1281 516
track-sign-front 0.0124 1855 669 1903 916
track-sign-front 0.0112 1292 481 1325 516
track-sign-front 0.0092 1073 612 1115 724
track-sign-front 0.0088 1844 374 1884 415
track-sign-front 0.0054 1616 655 1671 824
track-sign-front 0.0050 1883 690 1918 723
track-sign-front 0.0045 1040 600 1136 719
track-sign-front 0.0040 940 418 973 439
track-sign-front 0.0039 1043 385 1077 419
track-sign-front 0.0029 1264 576 1298 632
track-sign-front 0.0028 1878 692 1920 749
track-sign-front 0.0027 1243 420 1282 493
track-sign-front 0.0026 1366 416 1437 458
track-sign-front 0.0023 1234 519 1272 627
track-sign-front 0.0022 1105 434 1123 459
track-sign-front 0.0022 792 338 815 368
track-sign-front 0.0021 624 526 643 570
track-sign-front 0.0021 1070 597 1093 674
track-sign-front 0.0020 1186 468 1257 565
track-sign-front 0.0019 1830 365 1893 417
track-sign-front 0.0018 1865 725 1921 1057
track-sign-front 0.0018 1240 565 1284 632
track-sign-front 0.0016 1052 598 1093 715
track-sign-front 0.0016 1869 638 1921 846
track-sign-front 0.0016 795 344 825 374
track-sign-front 0.0015 1286 488 1325 536
track-sign-front 0.0014 1886 754 1920 1016
track-sign-front 0.0014 1084 332 1108 365
track-sign-front 0.0014 694 559 716 589
track-sign-front 0.0013 1056 384 1092 423
track-sign-front 0.0013 1251 496 1291 550
track-sign-front 0.0013 955 403 977 437
track-sign-front 0.0013 838 383 859 417
track-sign-front 0.0013 544 394 578 442
track-sign-front 0.0012 1346 334 1449 441
track-sign-front 0.0012 1873 696 1916 807
track-sign-front 0.0012 1074 600 1094 630
track-sign-front 0.0012 354 245 397 307
track-sign-front 0.0011 1237 395 1281 467
track-sign-front 0.0011 1263 461 1314 519
track-sign-front 0.0010 760 527 811 556
track-signal-front 0.0236 1054 489 1073 511
track-signal-front 0.0132 1154 496 1182 539
track-signal-front 0.0069 1165 484 1193 543
track-signal-front 0.0061 1032 386 1048 410
track-signal-front 0.0045 988 373 1009 404
track-signal-front 0.0044 1142 499 1168 539
track-signal-front 0.0039 989 372 1026 408
track-signal-front 0.0039 1023 382 1045 414
track-signal-front 0.0037 1099 437 1119 466
track-signal-front 0.0029 1157 486 1178 514
track-signal-front 0.0028 1172 486 1191 510
track-signal-front 0.0024 1125 483 1142 510
track-signal-front 0.0024 1124 479 1169 533
track-signal-front 0.0021 935 506 952 540
track-signal-front 0.0020 1088 438 1114 480
track-signal-front 0.0019 887 477 909 500
track-signal-front 0.0018 1057 483 1100 520
track-signal-front 0.0018 1030 384 1057 417
track-signal-front 0.0016 1079 458 1107 503
track-signal-front 0.0015 1108 481 1139 523
track-signal-front 0.0012 1048 487 1080 514
track-signal-front 0.0011 839 382 861 411
track-signal-front 0.0010 533 475 568 530
car 0.4524 720 557 795 614
car 0.0155 738 536 805 594
car 0.0106 704 538 822 628
car 0.0101 784 525 824 561
car 0.0095 740 549 833 616
car 0.0012 722 583 793 625
car 0.0012 758 550 895 609
person 0.0109 1169 489 1203 589
person 0.0107 621 540 641 577
person 0.0051 935 515 953 543
person 0.0034 1051 485 1072 514
person 0.0033 928 507 951 548
person 0.0033 1531 554 1608 761
person 0.0029 802 524 840 554
person 0.0028 1177 530 1205 606
person 0.0025 1543 586 1603 715
person 0.0023 1174 496 1222 616
person 0.0023 789 525 824 553
person 0.0022 627 538 651 573
person 0.0019 939 513 975 545
person 0.0014 1511 477 1624 761
person 0.0012 1571 604 1663 816
person 0.0012 1559 584 1619 750
person 0.0010 1460 533 1581 790
person 0.0010 2 577 46 670
pole 0.0026 82 -30 168 752
