crossing 0.7505 855 410 1031 582
crossing 0.6471 793 653 1098 819
crossing 0.5451 271 420 753 594
crossing 0.4917 750 508 1138 940
crossing 0.2220 -3 648 335 836
crossing 0.2050 142 391 830 670
crossing 0.0653 768 349 825 371
crossing 0.0563 903 374 976 401
crossing 0.0550 303 461 588 594
crossing 0.0473 314 517 571 586
crossing 0.0354 -3 654 186 812
crossing 0.0288 671 397 745 416
crossing 0.0212 -12 505 681 1000
crossing 0.0174 26 427 608 590
crossing 0.0143 -7 651 136 762
crossing 0.0124 640 393 732 412
crossing 0.0112 436 409 767 558
crossing 0.0107 874 387 1011 517
crossing 0.0059 18 598 596 831
crossing 0.0057 628 382 739 410
crossing 0.0053 683 394 764 420
crossing 0.0052 600 389 723 416
crossing 0.0050 770 317 1185 650
crossing 0.0049 697 373 777 406
crossing 0.0049 -2 653 87 829
crossing 0.0045 -7 618 321 1019
crossing 0.0044 340 539 508 587
crossing 0.0040 756 341 823 365
crossing 0.0037 848 519 1035 600
crossing 0.0029 89 654 393 789
crossing 0.0028 -4 745 173 836
crossing 0.0026 9 455 337 578
crossing 0.0024 711 387 785 414
crossing 0.0024 946 407 1028 599
crossing 0.0023 336 477 515 579
crossing 0.0020 671 403 742 425
crossing 0.0020 761 680 1169 874
crossing 0.0020 -2 396 68 590
crossing 0.0018 612 373 708 408
crossing 0.0018 425 451 602 584
crossing 0.0017 -2 623 257 765
crossing 0.0017 217 455 515 565
crossing 0.0016 884 463 1000 579
crossing 0.0016 386 371 938 593
crossing 0.0014 -2 662 45 822
crossing 0.0014 805 450 1096 659
crossing 0.0012 852 439 919 572
crossing 0.0012 761 630 1010 785
crossing 0.0011 359 447 660 631
crossing 0.0010 685 390 1039 584
crossing 0.0010 103 461 432 589
guard-rail 0.0015 864 448 901 570
train-car 0.0347 889 260 934 288
train-car 0.0131 890 266 941 302
train-car 0.0064 871 273 932 316
train-car 0.0053 901 288 999 321
train-car 0.0036 904 233 975 296
train-car 0.0013 993 288 1049 321
rail 0.8690 699 298 1185 1079
rail 0.5611 10 309 890 1015
rail 0.3737 843 304 956 363
rail 0.3217 763 464 1134 972
rail 0.1961 911 308 968 365
rail 0.1950 912 303 998 349
rail 0.1498 859 302 935 343
rail 0.1258 752 312 939 371
rail 0.1190 879 305 967 350
rail 0.1076 59 309 933 691
rail 0.0798 843 301 917 330
rail 0.0602 773 316 880 365
rail 0.0371 770 340 842 370
rail 0.0337 927 292 1033 332
rail 0.0257 737 327 887 381
rail 0.0207 869 317 944 369
rail 0.0147 881 296 1005 372
rail 0.0139 863 279 996 404
rail 0.0115 848 297 906 320
rail 0.0110 928 301 1037 358
rail 0.0100 800 308 871 347
rail 0.0060 704 290 988 407
rail 0.0059 907 326 1001 378
rail 0.0043 6 520 611 1065
rail 0.0033 763 288 930 348
rail 0.0033 704 257 924 1078
rail 0.0029 827 322 921 374
rail 0.0029 904 277 992 324
rail 0.0025 690 338 832 392
rail 0.0024 983 291 1049 328
rail 0.0022 916 344 1916 858
rail 0.0019 876 335 1048 540
rail 0.0018 27 380 682 557
rail 0.0017 834 296 886 319
rail 0.0015 848 349 951 396
rail 0.0014 695 330 815 368
rail 0.0014 823 252 967 381
rail 0.0012 942 351 1064 407
rail 0.0012 1416 410 1929 918
rail 0.0011 770 351 871 387
rail 0.0010 961 297 1064 351
rail 0.0010 450 292 1065 1064
switch-left 0.0149 772 350 827 380
switch-left 0.0051 713 360 794 396
switch-right 0.2600 910 341 968 373
switch-right 0.1371 905 355 972 390
switch-right 0.0232 767 347 826 376
switch-right 0.0066 736 354 824 390
switch-right 0.0043 715 362 791 396
switch-right 0.0031 714 350 799 386
switch-unknown 0.1466 844 302 910 325
switch-unknown 0.1245 858 303 932 340
switch-unknown 0.0802 771 347 830 370
switch-unknown 0.0450 779 319 867 361
switch-unknown 0.0323 850 298 901 318
switch-unknown 0.0317 807 310 895 348
switch-unknown 0.0079 870 262 935 314
switch-unknown 0.0070 718 352 793 380
switch-unknown 0.0036 836 293 879 319
switch-static 0.0236 974 368 1015 397
switch-static 0.0169 970 357 1011 391
switch-static 0.0132 973 372 1046 400
switch-static 0.0081 909 327 997 384
switch-static 0.0044 917 364 1003 402
switch-static 0.0029 835 355 910 393
switch-static 0.0028 977 378 1060 410
switch-static 0.0027 805 325 899 373
switch-static 0.0027 701 349 772 379
switch-static 0.0023 740 380 815 418
switch-static 0.0017 972 349 1050 393
switch-static 0.0015 844 385 897 413
switch-static 0.0014 781 351 857 388
switch-static 0.0012 826 388 885 419
switch-static 0.0010 705 333 760 360
switch-static 0.0010 635 355 671 379
track-sign-front 0.0566 1076 290 1099 316
track-sign-front 0.0061 1082 213 1107 252
track-sign-front 0.0043 1081 289 1111 325
track-sign-front 0.0030 1004 278 1040 324
track-sign-front 0.0030 727 280 746 301
track-sign-front 0.0029 726 276 758 304
track-sign-front 0.0016 1088 207 1120 245
track-sign-front 0.0015 1 173 60 218
track-sign-front 0.0014 -1 172 28 216
track-sign-front 0.0014 1380 234 1408 282
track-signal-front 0.0149 1084 219 1111 280
track-signal-front 0.0088 1410 151 1491 209
track-signal-front 0.0077 1607 175 1640 273
track-signal-front 0.0072 1589 139 1656 203
track-signal-front 0.0050 1002 197 1017 260
track-signal-front 0.0040 1592 147 1655 281
track-signal-front 0.0034 1088 200 1120 287
track-signal-front 0.0028 1547 206 1595 321
track-signal-front 0.0028 1596 148 1673 231
track-signal-front 0.0028 988 205 1020 273
track-signal-front 0.0012 943 192 986 302
track-signal-front 0.0011 253 212 294 254
track-signal-front 0.0010 1560 132 1673 268
track-signal-back 0.0043 1413 139 1491 203
fence 0.0020 1325 381 1878 812
person 0.0034 315 326 345 411
person 0.0014 308 285 354 381
person 0.0011 322 289 366 348
pole 0.0536 739 60 767 370
pole 0.0161 1046 22 1068 355
pole 0.0136 2 358 66 574
pole 0.0085 794 89 815 353
pole 0.0085 1006 110 1019 330
pole 0.0077 1007 172 1017 278
pole 0.0075 752 79 790 359
pole 0.0059 1040 7 1081 370
pole 0.0055 1642 371 1690 857
pole 0.0055 730 40 757 336
pole 0.0054 845 184 860 310
pole 0.0038 1103 2 1136 374
pole 0.0033 1037 64 1057 366
pole 0.0031 1071 159 1118 318
pole 0.0025 1529 352 1793 874
pole 0.0022 161 366 187 451
pole 0.0015 935 201 992 315
pole 0.0012 842 119 859 333
pole 0.0012 795 180 815 306
rail-occluder 0.0461 0 353 66 577
rail-occluder 0.0023 999 290 1040 327
rail-occluder 0.0019 1329 380 1877 807
rail-occluder 0.0011 1396 383 1789 676
rail-occluder 0.0010 158 362 187 452
