guard-rail 0.7477 49 426 850 1074
guard-rail 0.4124 862 391 991 1076
guard-rail 0.3829 839 377 1097 1078
guard-rail 0.3557 968 419 1058 1066
guard-rail 0.0294 812 382 953 1062
guard-rail 0.0115 292 511 730 1081
guard-rail 0.0045 10 547 560 1046
guard-rail 0.0029 386 409 913 996
guard-rail 0.0029 248 529 567 997
guard-rail 0.0022 991 489 1116 1093
guard-rail 0.0011 668 414 1057 1085
train-car 0.0073 881 358 933 391
train-car 0.0021 854 358 908 387
rail 0.7246 811 371 1108 1074
rail 0.4373 10 392 905 1062
rail 0.2955 911 369 963 397
rail 0.0739 933 371 980 400
rail 0.0507 882 364 940 399
rail 0.0318 897 375 958 404
rail 0.0183 804 385 959 1064
rail 0.0153 858 379 934 410
rail 0.0082 840 380 913 421
rail 0.0082 936 360 991 390
rail 0.0080 916 357 972 407
rail 0.0066 850 369 914 407
rail 0.0056 949 374 1024 402
rail 0.0037 904 344 970 392
rail 0.0028 816 377 900 430
rail 0.0017 827 368 894 407
rail 0.0014 965 376 1014 412
rail 0.0013 928 369 991 413
rail 0.0012 978 374 1056 404
track-sign-front 0.0053 1028 376 1050 403
track-sign-front 0.0031 995 374 1044 401
track-sign-front 0.0029 1030 379 1056 412
track-sign-front 0.0020 843 367 879 401
track-sign-front 0.0019 1036 346 1052 383
track-sign-front 0.0017 848 359 872 388
track-signal-front 0.0109 996 317 1007 334
