crossing 0.0122 1022 538 1095 564
crossing 0.0033 1044 537 1135 566
crossing 0.0023 1030 546 1101 574
train-car 0.3948 1112 303 1921 1053
train-car 0.0171 1123 315 1668 781
train-car 0.0063 1601 110 1921 1098
train-car 0.0011 71 359 104 450
train-car 0.0011 12 403 120 474
platform 0.0261 1069 344 1917 1071
rail 0.9587 683 427 1079 1075
rail 0.8834 2 428 804 1033
rail 0.8008 0 424 775 711
rail 0.7443 853 425 1174 668
rail 0.6787 -7 429 709 575
rail 0.3749 -9 436 542 514
rail 0.2247 -27 451 450 546
rail 0.1679 878 432 1148 572
rail 0.1329 0 452 354 503
rail 0.0761 -18 465 326 526
rail 0.0668 91 405 598 502
rail 0.0497 -9 485 349 574
rail 0.0413 29 467 179 498
rail 0.0267 0 418 418 489
rail 0.0237 871 452 1082 543
rail 0.0210 2 454 200 493
rail 0.0204 76 443 421 481
rail 0.0200 0 473 178 514
rail 0.0140 -19 493 234 554
rail 0.0131 919 483 1204 641
rail 0.0116 -18 460 150 506
rail 0.0115 201 427 689 481
rail 0.0107 78 468 132 498
rail 0.0078 273 370 435 499
rail 0.0072 -5 510 556 699
rail 0.0068 -19 442 147 485
rail 0.0066 299 434 581 473
rail 0.0057 226 424 458 516
rail 0.0056 958 487 1155 582
rail 0.0053 1276 94 1931 1034
rail 0.0049 839 437 1016 510
rail 0.0047 2 521 209 572
rail 0.0043 851 432 988 485
rail 0.0040 910 455 1306 685
rail 0.0039 -8 438 360 660
rail 0.0039 909 467 1030 512
rail 0.0039 0 466 163 547
rail 0.0036 254 419 527 470
rail 0.0035 -4 545 354 682
rail 0.0035 409 432 668 472
rail 0.0033 421 436 554 470
rail 0.0033 927 473 1068 539
rail 0.0032 134 455 458 501
rail 0.0031 236 447 552 501
rail 0.0031 78 456 125 490
rail 0.0030 951 466 1113 553
rail 0.0028 386 418 636 464
rail 0.0028 909 387 1912 1074
rail 0.0025 180 456 256 496
rail 0.0024 -5 326 164 712
rail 0.0023 248 411 779 515
rail 0.0022 866 427 931 479
rail 0.0022 591 398 719 459
rail 0.0022 124 464 396 541
rail 0.0021 833 435 1185 876
rail 0.0020 132 422 412 468
rail 0.0018 978 515 1110 576
rail 0.0018 24 427 288 473
rail 0.0018 663 421 783 454
rail 0.0018 867 412 1445 746
rail 0.0017 272 414 371 525
rail 0.0017 76 459 233 499
rail 0.0016 455 423 732 485
rail 0.0016 307 368 375 500
rail 0.0016 479 397 725 463
rail 0.0015 812 428 1051 565
rail 0.0015 4 501 152 591
rail 0.0015 865 425 1122 509
rail 0.0015 811 408 1049 495
rail 0.0015 134 410 380 510
rail 0.0014 9 420 192 468
rail 0.0014 722 426 797 453
rail 0.0013 279 395 527 510
rail 0.0013 356 432 480 470
rail 0.0012 3 574 141 655
rail 0.0012 926 461 1080 621
rail 0.0012 0 431 103 507
rail 0.0012 10 532 196 596
rail 0.0012 177 441 322 481
rail 0.0011 529 401 619 469
rail 0.0011 239 435 356 478
rail 0.0011 818 410 954 468
rail 0.0011 15 615 153 675
rail 0.0010 847 392 932 494
rail 0.0010 571 421 744 469
switch-indicator 0.0908 481 442 493 461
switch-unknown 0.0084 938 486 1012 510
switch-unknown 0.0074 961 491 1028 517
switch-unknown 0.0035 966 502 1033 532
switch-unknown 0.0034 875 426 918 478
switch-unknown 0.0031 916 462 987 499
switch-unknown 0.0027 731 434 780 453
switch-unknown 0.0026 937 474 1001 504
switch-unknown 0.0024 800 413 840 458
switch-unknown 0.0023 976 489 1048 525
switch-unknown 0.0022 892 423 950 481
switch-unknown 0.0021 920 479 989 508
switch-unknown 0.0018 983 506 1051 541
switch-unknown 0.0015 998 513 1082 550
switch-unknown 0.0015 806 432 848 456
switch-unknown 0.0014 888 452 960 488
switch-unknown 0.0012 749 428 800 453
switch-unknown 0.0011 836 423 879 464
switch-static 0.0271 86 470 126 496
switch-static 0.0134 248 610 344 642
switch-static 0.0045 183 586 429 668
switch-static 0.0035 47 477 130 509
switch-static 0.0028 88 479 160 508
switch-static 0.0019 60 444 119 479
switch-static 0.0017 230 597 365 660
switch-static 0.0011 985 470 1045 511
switch-static 0.0011 42 531 125 566
switch-static 0.0011 961 475 1025 509
track-sign-front 0.2340 200 417 214 445
track-sign-front 0.1489 934 406 943 426
track-sign-front 0.1390 198 376 214 468
track-sign-front 0.1156 614 395 625 448
track-sign-front 0.0884 335 381 348 481
track-sign-front 0.0802 200 423 213 464
track-sign-front 0.0460 932 411 941 445
track-sign-front 0.0392 865 418 875 445
track-sign-front 0.0364 864 403 876 450
track-sign-front 0.0149 75 340 103 365
track-sign-front 0.0066 931 401 943 431
track-sign-front 0.0039 184 410 231 458
track-sign-front 0.0038 929 418 953 483
track-sign-front 0.0035 1347 398 1372 422
track-sign-front 0.0034 1237 555 1263 584
track-sign-front 0.0024 73 351 102 447
track-sign-front 0.0021 1432 554 1463 585
track-sign-front 0.0018 1025 433 1043 457
track-sign-front 0.0013 1344 391 1367 417
track-sign-front 0.0010 68 400 107 473
track-signal-front 0.7876 319 280 346 325
track-signal-front 0.6360 690 331 710 359
track-signal-front 0.6172 614 339 628 373
track-signal-front 0.6171 192 259 210 296
track-signal-front 0.5503 193 303 209 331
track-signal-front 0.5489 930 352 947 381
track-signal-front 0.5173 865 343 879 369
track-signal-front 0.4645 804 372 813 394
track-signal-front 0.3670 865 356 879 387
track-signal-front 0.2924 613 355 628 388
track-signal-front 0.2871 692 362 707 389
track-signal-front 0.2493 866 370 878 391
track-signal-front 0.1728 321 326 345 363
track-signal-front 0.0503 867 341 886 373
track-signal-front 0.0441 931 347 948 369
track-signal-front 0.0206 196 351 212 384
track-signal-front 0.0143 522 316 537 400
track-signal-front 0.0139 690 324 709 345
track-signal-front 0.0127 802 371 816 405
track-signal-front 0.0122 193 341 207 386
track-signal-front 0.0121 189 239 217 375
track-signal-front 0.0095 865 359 891 404
track-signal-front 0.0085 686 331 712 377
track-signal-front 0.0082 929 347 971 380
track-signal-front 0.0082 198 322 214 404
track-signal-front 0.0078 608 338 633 377
track-signal-front 0.0070 656 306 680 330
track-signal-front 0.0065 693 329 724 354
track-signal-front 0.0060 655 313 695 342
track-signal-front 0.0058 518 317 536 358
track-signal-front 0.0056 926 349 953 387
track-signal-front 0.0051 193 246 210 270
track-signal-front 0.0049 686 361 714 393
track-signal-front 0.0046 198 304 214 351
track-signal-front 0.0034 650 305 689 360
track-signal-front 0.0031 608 353 633 394
track-signal-front 0.0031 805 369 820 388
track-signal-front 0.0030 323 281 381 339
track-signal-front 0.0025 312 273 359 334
track-signal-front 0.0020 82 338 106 361
track-signal-front 0.0020 196 273 215 385
track-signal-front 0.0019 867 340 889 423
track-signal-front 0.0017 859 356 886 390
track-signal-front 0.0016 689 320 719 412
track-signal-front 0.0016 340 312 383 360
track-signal-front 0.0015 504 308 532 336
track-signal-front 0.0015 928 333 959 406
track-signal-front 0.0014 635 328 691 397
track-signal-front 0.0013 564 313 597 408
track-signal-front 0.0011 989 302 1008 364
track-signal-front 0.0010 310 156 360 489
track-signal-front 0.0010 257 302 284 326
track-signal-front 0.0010 686 339 741 431
track-signal-front 0.0010 372 321 400 350
track-signal-back 0.0105 520 325 535 397
pole 0.1893 333 316 351 511
pole 0.1392 194 283 214 487
pole 0.0988 335 400 349 508
pole 0.0878 326 326 358 551
pole 0.0737 568 391 577 470
pole 0.0650 613 370 626 454
pole 0.0523 566 355 578 467
pole 0.0499 690 357 706 459
pole 0.0456 692 409 702 452
pole 0.0429 197 409 214 463
pole 0.0407 615 403 627 450
pole 0.0394 197 331 211 441
pole 0.0369 647 367 660 454
pole 0.0361 564 302 580 469
pole 0.0332 196 347 222 533
pole 0.0268 321 237 352 517
pole 0.0237 865 372 879 460
pole 0.0208 615 414 624 463
pole 0.0184 521 286 538 432
pole 0.0168 338 310 375 508
pole 0.0110 257 321 265 451
pole 0.0091 519 323 533 438
pole 0.0090 325 323 350 450
pole 0.0084 863 414 882 464
pole 0.0082 166 380 229 532
pole 0.0072 437 333 450 453
pole 0.0067 651 310 673 477
pole 0.0049 329 421 352 527
pole 0.0046 642 385 665 465
pole 0.0046 567 418 579 472
pole 0.0045 567 247 594 479
pole 0.0043 614 410 633 471
pole 0.0037 190 346 210 469
pole 0.0037 75 358 100 448
pole 0.0035 864 415 877 449
pole 0.0034 589 297 631 444
pole 0.0033 864 388 908 478
pole 0.0032 868 355 901 463
pole 0.0032 795 395 820 456
pole 0.0029 255 352 268 458
pole 0.0029 303 391 382 518
pole 0.0025 313 238 370 539
pole 0.0024 335 376 380 485
pole 0.0022 580 366 638 483
pole 0.0022 542 276 584 463
pole 0.0020 181 262 230 506
pole 0.0019 35 356 110 511
pole 0.0019 23 327 396 559
pole 0.0017 604 306 650 428
pole 0.0017 348 326 383 454
pole 0.0017 258 313 270 428
pole 0.0016 679 300 717 439
pole 0.0016 13 66 117 796
pole 0.0015 -1 -74 80 835
pole 0.0015 558 352 595 463
pole 0.0013 515 364 535 452
pole 0.0012 42 380 162 513
pole 0.0011 919 421 964 494
pole 0.0011 661 361 721 472
pole 0.0010 56 306 101 474
pole 0.0010 1659 185 1924 1016
pole 0.0010 596 368 669 480
pole 0.0010 286 351 328 460
pole 0.0010 802 375 817 426
rail-occluder 0.1026 481 440 492 459
rail-occluder 0.0281 198 453 217 489
rail-occluder 0.0180 693 420 703 459
rail-occluder 0.0174 199 422 215 470
rail-occluder 0.0123 90 470 142 495
rail-occluder 0.0122 484 439 506 463
rail-occluder 0.0110 83 456 122 488
rail-occluder 0.0074 328 434 350 515
rail-occluder 0.0070 201 431 218 485
rail-occluder 0.0060 481 448 497 475
rail-occluder 0.0037 192 458 242 492
rail-occluder 0.0020 885 451 914 483
rail-occluder 0.0019 460 424 497 465
rail-occluder 0.0016 331 464 352 522
rail-occluder 0.0015 406 433 476 467
rail-occluder 0.0015 143 456 215 494
rail-occluder 0.0011 89 448 170 486
rail-occluder 0.0010 152 431 217 491
rail-occluder 0.0010 416 412 465 464
