crossing 0.0013 1158 603 1221 627
guard-rail 0.0038 1198 600 1263 635
guard-rail 0.0034 1170 602 1246 631
guard-rail 0.0032 1178 585 1250 626
guard-rail 0.0018 1204 655 1263 685
guard-rail 0.0011 1217 607 1271 638
guard-rail 0.0010 1266 575 1311 604
rail 0.9381 1152 529 1912 1073
rail 0.9208 853 521 1202 1074
rail 0.2487 1273 551 1919 876
rail 0.0095 1147 530 1207 559
rail 0.0020 1574 680 1922 896
rail 0.0015 1139 525 1225 582
rail 0.0014 1083 524 1201 556
rail 0.0013 1452 628 1680 808
rail 0.0012 1166 528 1248 570
rail 0.0011 1163 526 1270 602
rail 0.0011 1166 510 1256 554
rail 0.0010 1225 565 1684 734
switch-left 0.0016 1177 585 1249 624
switch-right 0.0015 1155 594 1219 626
switch-unknown 0.0088 1149 532 1201 558
switch-unknown 0.0016 1257 567 1306 593
switch-unknown 0.0014 1129 529 1173 559
switch-static 0.0014 1002 612 1055 641
track-sign-front 0.0269 963 485 979 516
track-sign-front 0.0057 962 494 981 529
track-sign-front 0.0057 953 483 974 519
track-signal-front 0.0755 1182 463 1198 483
track-signal-front 0.0177 1182 455 1205 497
track-signal-front 0.0035 1140 436 1192 512
track-signal-front 0.0032 1182 445 1214 487
track-signal-front 0.0015 1241 455 1274 531
track-signal-front 0.0012 1210 438 1258 545
pole 0.0117 1141 423 1152 544
pole 0.0072 1204 432 1237 561
pole 0.0045 1219 449 1260 553
pole 0.0033 1265 444 1288 550
pole 0.0030 1213 479 1254 570
pole 0.0023 1343 276 1379 666
pole 0.0022 1347 309 1372 570
pole 0.0022 1184 452 1204 506
pole 0.0016 1136 441 1165 552
pole 0.0014 1146 392 1186 561
pole 0.0014 1176 451 1212 546
pole 0.0010 1236 458 1273 535
rail-occluder 0.5481 1389 617 1411 673
rail-occluder 0.0053 1387 624 1429 702
rail-occluder 0.0037 1380 605 1417 671
rail-occluder 0.0018 1228 528 1273 588
rail-occluder 0.0017 1234 556 1275 592
rail-occluder 0.0016 1364 611 1443 683
rail-occluder 0.0011 1327 579 1462 723
rail-occluder 0.0011 1392 577 1411 657
rail-occluder 0.0010 1218 521 1260 576
rail-occluder 0.0010 1392 610 1427 659
