crossing 0.7927 1070 865 1423 1079
crossing 0.0073 1215 896 1439 1079
crossing 0.0019 1027 863 1163 1065
guard-rail 0.1610 1188 618 1229 757
guard-rail 0.0215 1175 602 1244 768
guard-rail 0.0125 1199 693 1227 764
guard-rail 0.0077 1195 670 1237 763
guard-rail 0.0063 1096 574 1343 994
guard-rail 0.0026 1147 572 1280 757
rail 0.8545 1076 578 1414 1070
rail 0.0033 1104 567 1308 754
track-sign-front 0.7464 1347 573 1372 628
track-sign-front 0.0529 1278 650 1296 681
track-sign-front 0.0512 0 194 63 293
track-sign-front 0.0416 1242 571 1258 595
track-sign-front 0.0102 1354 573 1386 633
track-sign-front 0.0057 707 296 737 338
track-sign-front 0.0054 1345 524 1373 589
track-sign-front 0.0029 1334 565 1383 635
track-sign-front 0.0017 1350 609 1373 657
track-sign-front 0.0016 1237 572 1266 604
track-sign-front 0.0016 1339 486 1371 585
track-sign-front 0.0014 -4 180 105 338
track-sign-front 0.0012 1350 583 1378 673
track-signal-front 0.0060 1297 431 1316 533
track-signal-front 0.0049 671 381 739 463
track-signal-front 0.0045 1301 445 1318 487
track-signal-front 0.0022 706 391 758 433
track-signal-front 0.0018 734 398 763 423
track-signal-back 0.0013 671 391 729 464
pole 0.3321 1244 336 1265 632
pole 0.0965 1325 176 1374 674
pole 0.0362 1295 422 1312 587
pole 0.0249 1253 324 1299 643
pole 0.0237 1243 425 1261 612
pole 0.0185 1270 374 1305 621
pole 0.0163 1296 467 1311 565
pole 0.0141 1230 325 1280 627
pole 0.0042 1310 316 1360 690
pole 0.0033 1339 273 1372 603
pole 0.0028 1302 423 1330 587
pole 0.0026 1239 488 1266 609
pole 0.0023 1301 407 1319 525
pole 0.0021 1317 -29 1386 703
pole 0.0019 1229 444 1267 687
pole 0.0019 1273 458 1314 585
pole 0.0016 1303 179 1427 747
pole 0.0014 1329 533 1373 617
pole 0.0013 1266 131 1393 692
pole 0.0011 1844 37 1927 1090
pole 0.0010 1292 492 1323 617
pole 0.0010 1246 397 1263 537
pole 0.0010 1322 289 1364 578
pole 0.0010 1290 520 1324 581
