crossing 0.0733 475 632 734 703
crossing 0.0544 827 640 1005 696
crossing 0.0434 580 627 774 692
crossing 0.0317 758 672 1017 773
crossing 0.0209 799 660 994 715
crossing 0.0186 910 548 982 581
crossing 0.0150 474 647 656 698
crossing 0.0093 416 643 690 720
crossing 0.0079 495 665 676 712
crossing 0.0063 655 626 790 675
crossing 0.0054 560 639 708 695
crossing 0.0044 798 607 1011 739
crossing 0.0041 887 552 987 593
crossing 0.0034 343 631 679 764
crossing 0.0034 638 610 778 664
crossing 0.0032 444 618 644 695
crossing 0.0027 847 592 1006 673
crossing 0.0025 853 691 1027 754
crossing 0.0024 522 589 776 700
crossing 0.0022 852 555 927 582
crossing 0.0018 474 609 812 746
crossing 0.0017 634 624 741 681
crossing 0.0017 797 693 959 758
crossing 0.0017 885 562 997 614
crossing 0.0012 223 540 883 849
crossing 0.0011 508 652 618 694
crossing 0.0011 574 605 748 672
crossing 0.0010 557 664 659 703
crossing 0.0010 594 593 829 728
platform 0.0058 1649 653 1905 1022
platform 0.0049 1363 789 1934 1069
platform 0.0022 1739 674 1877 965
platform 0.0017 8 573 480 854
platform 0.0016 1594 824 1922 948
rail 0.9207 566 532 1039 1077
rail 0.9152 10 542 851 1073
rail 0.6923 778 638 1882 1075
rail 0.2637 1326 640 1874 1077
rail 0.0967 779 678 1205 754
rail 0.0511 2 787 473 1074
rail 0.0448 532 645 1658 878
rail 0.0405 874 691 1170 744
rail 0.0249 716 659 1424 763
rail 0.0175 491 654 1300 1071
rail 0.0149 699 660 1042 859
rail 0.0144 740 662 1233 820
rail 0.0141 50 763 1144 1081
rail 0.0119 3 685 522 943
rail 0.0108 937 679 1198 732
rail 0.0080 838 688 1125 774
rail 0.0070 1584 657 1646 1020
rail 0.0059 1693 652 1885 924
rail 0.0048 696 714 1009 812
rail 0.0043 634 735 979 853
rail 0.0043 573 628 853 998
rail 0.0043 509 626 1010 935
rail 0.0040 858 661 1282 733
rail 0.0039 -2 730 350 924
rail 0.0038 736 692 985 759
rail 0.0037 783 636 1158 724
rail 0.0034 1428 686 1707 1043
rail 0.0031 790 611 1054 984
rail 0.0031 495 723 909 964
rail 0.0028 460 538 1919 908
rail 0.0026 473 796 1038 1077
rail 0.0026 6 798 322 1001
rail 0.0025 -2 903 352 1080
rail 0.0024 96 819 698 1066
rail 0.0024 2 793 255 920
rail 0.0023 793 769 1450 1035
rail 0.0022 356 794 743 907
rail 0.0022 1762 626 1918 864
rail 0.0021 779 571 1165 788
rail 0.0021 242 678 841 954
rail 0.0018 249 802 751 1002
rail 0.0018 800 596 1009 701
rail 0.0018 857 683 1127 727
rail 0.0017 883 693 1048 754
rail 0.0017 158 830 431 1061
rail 0.0016 754 537 1186 1055
rail 0.0015 641 757 1089 1029
rail 0.0015 435 803 855 887
rail 0.0015 649 789 917 855
rail 0.0014 1184 697 1654 1069
rail 0.0014 1569 630 1965 972
rail 0.0013 863 565 997 629
rail 0.0013 566 752 841 928
rail 0.0012 682 529 1011 816
rail 0.0011 2 844 246 1051
rail 0.0011 52 982 286 1077
rail 0.0010 104 939 396 1070
rail 0.0010 982 691 1146 737
rail 0.0010 0 810 160 911
rail 0.0010 602 600 981 721
switch-left 0.0420 730 703 1014 786
switch-left 0.0022 684 798 884 865
switch-left 0.0014 444 809 739 896
switch-left 0.0013 805 724 1022 799
switch-left 0.0012 228 811 417 878
switch-left 0.0011 674 728 990 936
switch-right 0.0303 739 704 1022 786
switch-right 0.0030 666 794 942 871
switch-right 0.0019 204 808 423 906
switch-right 0.0010 535 816 738 870
track-sign-front 0.3789 467 385 521 442
track-sign-front 0.1904 1086 561 1103 602
track-sign-front 0.0581 1093 326 1139 386
track-sign-front 0.0533 1820 354 1843 421
track-sign-front 0.0330 1632 444 1657 544
track-sign-front 0.0207 1087 554 1109 616
track-sign-front 0.0128 1400 592 1422 680
track-sign-front 0.0111 1643 459 1681 596
track-sign-front 0.0095 1079 562 1099 600
track-sign-front 0.0091 1632 409 1668 509
track-sign-front 0.0091 1042 414 1067 440
track-sign-front 0.0089 1661 492 1697 570
track-sign-front 0.0080 491 442 536 525
track-sign-front 0.0062 1360 396 1424 566
track-sign-front 0.0061 1620 447 1651 549
track-sign-front 0.0055 423 536 446 630
track-sign-front 0.0041 463 368 524 472
track-sign-front 0.0035 877 251 899 305
track-sign-front 0.0035 1809 348 1839 444
track-sign-front 0.0029 1090 564 1105 660
track-sign-front 0.0026 1607 420 1653 540
track-sign-front 0.0024 870 230 897 300
track-sign-front 0.0023 1849 685 1898 906
track-sign-front 0.0020 881 397 909 433
track-sign-front 0.0018 1031 403 1068 441
track-sign-front 0.0018 1650 334 1670 367
track-sign-front 0.0015 1391 564 1426 684
track-sign-front 0.0012 1452 411 1500 508
track-sign-front 0.0012 475 448 511 486
track-sign-front 0.0011 1054 561 1122 601
track-sign-front 0.0010 1394 402 1442 551
track-signal-front 0.4691 1095 331 1136 426
track-signal-front 0.3749 1105 259 1136 314
track-signal-front 0.1965 1101 269 1138 361
track-signal-front 0.0710 1644 408 1671 451
track-signal-front 0.0316 1639 375 1676 452
track-signal-front 0.0184 1091 363 1125 438
track-signal-front 0.0120 1212 337 1232 376
track-signal-front 0.0117 1628 342 1675 435
track-signal-front 0.0099 1049 413 1075 442
track-signal-front 0.0098 1101 386 1133 449
track-signal-front 0.0085 1112 248 1148 318
track-signal-front 0.0074 1123 401 1143 477
track-signal-front 0.0045 1075 402 1118 443
track-signal-front 0.0043 1638 332 1669 392
track-signal-front 0.0039 1120 426 1140 483
track-signal-front 0.0036 1081 319 1123 365
track-signal-front 0.0036 844 197 894 277
track-signal-front 0.0029 1078 333 1141 451
track-signal-front 0.0028 1047 395 1079 443
track-signal-front 0.0025 860 198 901 306
track-signal-front 0.0023 1058 352 1093 420
track-signal-front 0.0021 1642 402 1674 483
track-signal-front 0.0021 1104 320 1138 373
track-signal-front 0.0019 1643 403 1702 451
track-signal-front 0.0019 1612 381 1648 447
track-signal-front 0.0018 1096 233 1145 342
track-signal-front 0.0016 1658 496 1698 592
track-signal-front 0.0016 871 251 898 310
track-signal-front 0.0013 1203 335 1234 411
track-signal-front 0.0013 1106 229 1134 287
track-signal-front 0.0012 1607 403 1644 462
person 0.4712 135 480 207 670
person 0.4593 54 462 102 650
person 0.2843 116 476 174 672
person 0.1932 1715 657 1783 893
person 0.1772 1780 662 1848 906
person 0.1467 520 463 559 539
person 0.1005 168 476 215 629
person 0.0667 80 473 132 665
person 0.0648 417 503 452 626
person 0.0580 1056 463 1083 535
person 0.0391 1756 683 1819 898
person 0.0322 1672 492 1713 596
person 0.0265 1689 493 1727 601
person 0.0231 1181 498 1206 616
person 0.0222 1354 385 1423 628
person 0.0208 495 506 523 618
person 0.0190 96 489 142 680
person 0.0182 1141 516 1170 618
person 0.0148 1168 476 1210 607
person 0.0144 1182 471 1219 584
person 0.0128 1144 480 1198 618
person 0.0122 476 502 520 641
person 0.0112 1731 639 1882 906
person 0.0109 930 466 955 531
person 0.0097 497 472 535 581
person 0.0093 192 483 241 613
person 0.0092 1728 714 1780 862
person 0.0085 1791 721 1839 868
person 0.0081 1713 496 1763 602
person 0.0067 1652 472 1723 639
person 0.0066 501 456 557 568
person 0.0065 1838 536 1872 599
person 0.0061 1789 349 1828 777
person 0.0061 180 479 215 566
person 0.0055 1734 501 1781 598
person 0.0053 534 459 565 531
person 0.0051 1357 469 1401 625
person 0.0051 1212 495 1246 614
person 0.0046 438 499 488 638
person 0.0041 107 513 157 663
person 0.0040 205 482 237 582
person 0.0036 86 477 229 677
person 0.0034 1379 457 1423 682
person 0.0034 1333 491 1374 610
person 0.0033 1836 682 1887 904
person 0.0032 161 518 210 663
person 0.0030 1116 482 1165 595
person 0.0029 489 487 541 624
person 0.0027 290 516 345 624
person 0.0027 538 463 585 545
person 0.0026 1324 506 1356 606
person 0.0026 1780 687 1839 822
person 0.0025 1773 487 1795 622
person 0.0024 28 455 74 651
person 0.0024 408 491 475 620
person 0.0024 1781 473 1802 671
person 0.0023 1746 469 1778 559
person 0.0022 1693 489 1727 555
person 0.0022 1670 490 1707 554
person 0.0021 1100 512 1131 612
person 0.0020 1147 538 1189 623
person 0.0020 34 469 176 665
person 0.0020 1183 550 1200 615
person 0.0020 1659 467 1698 622
person 0.0019 1843 526 1902 603
person 0.0019 1795 458 1867 666
person 0.0018 1710 675 1771 822
person 0.0017 923 487 961 559
person 0.0017 397 501 446 581
person 0.0015 1695 486 1792 598
person 0.0015 501 459 545 529
person 0.0014 1762 652 1801 741
person 0.0014 1170 528 1227 616
person 0.0013 529 473 570 555
person 0.0012 1118 478 1146 546
person 0.0011 1779 677 1885 978
person 0.0010 49 436 93 594
person 0.0010 1094 498 1191 626
person 0.0010 1750 640 1820 814
person 0.0010 67 473 115 600
person 0.0010 1308 439 1375 609
person 0.0010 912 466 972 538
pole 0.1908 1653 532 1677 741
pole 0.0356 1605 648 1629 861
pole 0.0259 1649 436 1691 738
pole 0.0051 1792 366 1832 847
pole 0.0033 1772 67 1841 872
pole 0.0032 1585 641 1653 871
pole 0.0013 1785 457 1810 735
pole 0.0012 1658 558 1683 696
pole 0.0010 1767 528 1854 815
rail-occluder 0.1016 1652 567 1688 758
rail-occluder 0.0944 1650 620 1678 742
rail-occluder 0.0766 1706 652 1773 877
rail-occluder 0.0573 1655 644 1712 750
rail-occluder 0.0339 1687 653 1726 763
rail-occluder 0.0325 1603 637 1637 868
rail-occluder 0.0271 1612 639 1640 777
rail-occluder 0.0228 1619 627 1670 748
rail-occluder 0.0098 1700 648 1740 854
rail-occluder 0.0097 1634 630 1697 765
rail-occluder 0.0090 1691 637 1880 891
rail-occluder 0.0082 1607 630 1656 788
rail-occluder 0.0066 1704 658 1761 786
rail-occluder 0.0059 1573 636 1681 868
rail-occluder 0.0055 1659 584 1682 720
rail-occluder 0.0055 1401 590 1422 682
rail-occluder 0.0023 1724 654 1793 744
rail-occluder 0.0022 1687 635 1735 727
rail-occluder 0.0015 1569 637 1826 829
rail-occluder 0.0015 1717 650 1796 812
rail-occluder 0.0013 1706 646 1782 690
rail-occluder 0.0010 1689 642 1813 733
