guard-rail 0.4148 990 727 1005 781
guard-rail 0.2856 673 737 743 776
guard-rail 0.1868 693 728 757 770
guard-rail 0.1020 816 739 870 777
guard-rail 0.0824 829 734 882 769
guard-rail 0.0772 717 723 762 761
guard-rail 0.0607 846 718 906 762
guard-rail 0.0483 983 719 999 779
guard-rail 0.0445 866 707 918 751
guard-rail 0.0228 790 738 882 793
guard-rail 0.0220 1095 745 1149 802
guard-rail 0.0204 981 726 1012 784
guard-rail 0.0180 1128 727 1147 783
guard-rail 0.0143 802 753 857 797
guard-rail 0.0125 655 730 752 828
guard-rail 0.0122 946 623 987 654
guard-rail 0.0102 961 619 1037 656
guard-rail 0.0098 936 626 970 654
guard-rail 0.0087 804 712 906 778
guard-rail 0.0072 965 783 1052 857
guard-rail 0.0071 828 707 889 753
guard-rail 0.0064 1104 729 1138 780
guard-rail 0.0062 709 735 775 774
guard-rail 0.0057 972 693 1023 823
guard-rail 0.0052 682 716 934 815
guard-rail 0.0051 951 791 1009 890
guard-rail 0.0050 958 780 1000 858
guard-rail 0.0047 903 626 955 655
guard-rail 0.0047 932 611 979 651
guard-rail 0.0044 594 679 833 846
guard-rail 0.0042 976 753 1022 836
guard-rail 0.0041 881 700 945 745
guard-rail 0.0040 978 684 1015 769
guard-rail 0.0034 858 681 894 717
guard-rail 0.0030 992 698 1020 765
guard-rail 0.0028 814 714 842 750
guard-rail 0.0027 854 741 921 779
guard-rail 0.0026 1136 735 1157 797
guard-rail 0.0025 648 749 734 804
guard-rail 0.0024 947 751 997 836
guard-rail 0.0023 711 643 1015 864
guard-rail 0.0023 1142 719 1158 777
guard-rail 0.0023 625 575 1050 985
guard-rail 0.0022 964 641 1029 686
guard-rail 0.0022 770 755 853 805
guard-rail 0.0022 868 679 917 715
guard-rail 0.0021 939 650 1000 684
guard-rail 0.0020 921 646 975 683
guard-rail 0.0018 650 746 695 789
guard-rail 0.0016 995 741 1082 806
guard-rail 0.0016 944 827 1005 944
guard-rail 0.0016 1127 697 1154 752
guard-rail 0.0015 1119 724 1155 787
guard-rail 0.0015 1119 620 1157 664
guard-rail 0.0015 1118 586 1161 665
guard-rail 0.0014 1006 715 1060 782
guard-rail 0.0014 938 679 1043 772
guard-rail 0.0014 855 658 897 701
guard-rail 0.0013 897 678 952 719
guard-rail 0.0013 732 718 797 764
guard-rail 0.0012 1059 748 1135 807
guard-rail 0.0012 825 666 1000 773
guard-rail 0.0011 963 696 999 761
guard-rail 0.0011 794 727 836 766
guard-rail 0.0011 901 648 956 690
guard-rail 0.0010 874 707 952 763
guard-rail 0.0010 659 695 812 905
guard-rail 0.0010 1086 623 1142 665
guard-rail 0.0010 883 668 1103 847
train-car 0.0069 1043 548 1152 587
platform 0.0285 1077 546 1163 583
platform 0.0219 1106 541 1160 600
platform 0.0195 1042 540 1162 614
rail 0.8552 316 566 1105 1074
rail 0.8501 880 552 1186 1082
rail 0.6452 931 811 1042 1074
rail 0.3676 1083 808 1150 1072
rail 0.3427 1015 561 1128 642
rail 0.2014 956 782 1097 1063
rail 0.1754 1071 800 1121 1074
rail 0.1626 1009 580 1086 645
rail 0.1478 1003 771 1155 1064
rail 0.1340 900 829 1005 1077
rail 0.1138 1051 802 1097 1073
rail 0.0821 947 586 1059 644
rail 0.0792 1016 591 1061 636
rail 0.0780 1036 552 1138 610
rail 0.0565 1045 566 1112 626
rail 0.0532 1044 723 1168 978
rail 0.0446 1119 797 1178 1077
rail 0.0261 1019 791 1111 990
rail 0.0257 934 590 1025 635
rail 0.0232 254 717 868 1075
rail 0.0180 1017 572 1054 609
rail 0.0160 922 567 1096 669
rail 0.0115 1083 816 1143 950
rail 0.0097 897 584 1031 647
rail 0.0086 1068 818 1120 953
rail 0.0072 1027 534 1157 628
rail 0.0066 922 604 989 650
rail 0.0065 1083 664 1198 1034
rail 0.0064 -31 567 941 1004
rail 0.0059 1128 660 1286 941
rail 0.0058 1012 528 1294 1075
rail 0.0054 1014 614 1089 654
rail 0.0052 1059 807 1192 1078
rail 0.0044 956 825 1039 948
rail 0.0041 995 528 1161 727
rail 0.0035 896 876 965 1072
rail 0.0035 884 533 1131 819
rail 0.0034 733 789 1160 1084
rail 0.0033 993 568 1122 688
rail 0.0030 850 587 1042 690
rail 0.0029 989 875 1096 1071
rail 0.0026 794 769 1024 1070
rail 0.0024 615 585 1048 888
rail 0.0023 744 566 1092 797
rail 0.0023 1142 810 1201 1063
rail 0.0021 996 818 1091 948
rail 0.0020 502 733 771 1023
rail 0.0017 277 871 619 1069
rail 0.0016 1140 876 1179 1071
rail 0.0014 961 866 1025 1007
rail 0.0014 1076 864 1112 1009
rail 0.0012 319 964 561 1082
rail 0.0012 1019 547 1119 585
rail 0.0012 384 957 652 1089
rail 0.0011 947 563 1059 622
rail 0.0011 868 815 958 1060
rail 0.0010 748 595 1047 728
switch-indicator 0.0283 1219 735 1258 806
switch-indicator 0.0066 850 592 866 639
switch-left 0.2191 951 777 1113 894
switch-left 0.0803 1058 790 1161 894
switch-left 0.0611 1008 601 1067 647
switch-left 0.0448 963 789 1082 865
switch-left 0.0157 1059 755 1160 829
switch-left 0.0156 934 796 1075 933
switch-left 0.0095 971 775 1067 837
switch-left 0.0079 961 618 1040 654
switch-left 0.0076 1010 798 1108 907
switch-left 0.0012 385 940 605 1057
switch-left 0.0010 376 951 560 1017
switch-right 0.2233 961 788 1115 893
switch-right 0.1342 1014 604 1062 646
switch-right 0.0983 1055 790 1162 894
switch-right 0.0959 1007 618 1060 654
switch-right 0.0549 906 602 1151 1045
switch-right 0.0170 970 787 1068 862
switch-right 0.0164 1025 763 1157 833
switch-right 0.0134 965 766 1107 834
switch-right 0.0050 1013 784 1113 866
switch-right 0.0048 955 801 1049 916
switch-right 0.0043 1006 635 1067 676
switch-right 0.0042 977 775 1058 835
switch-right 0.0033 1079 776 1164 862
switch-right 0.0028 1088 801 1156 923
switch-right 0.0011 978 745 1098 807
switch-unknown 0.1247 1016 591 1059 634
switch-unknown 0.0978 1019 574 1051 603
switch-unknown 0.0233 962 590 1033 626
switch-unknown 0.0212 954 597 1036 648
switch-unknown 0.0145 949 594 1007 630
switch-unknown 0.0097 1018 550 1052 583
switch-unknown 0.0038 1015 536 1043 587
switch-static 0.4279 1176 779 1237 814
switch-static 0.2583 1180 749 1259 814
switch-static 0.1727 1171 648 1230 685
switch-static 0.0608 1209 738 1257 806
switch-static 0.0179 1156 778 1199 815
switch-static 0.0116 1200 849 1250 877
switch-static 0.0111 1063 622 1106 649
switch-static 0.0098 1182 659 1230 692
switch-static 0.0097 1053 592 1104 645
switch-static 0.0086 1171 638 1241 703
switch-static 0.0077 1161 766 1226 808
switch-static 0.0075 918 761 968 791
switch-static 0.0062 1134 782 1199 825
switch-static 0.0059 1096 695 1231 862
switch-static 0.0046 1056 616 1115 658
switch-static 0.0041 1014 614 1086 656
switch-static 0.0039 943 621 991 654
switch-static 0.0038 1187 727 1262 780
switch-static 0.0037 1170 779 1260 864
switch-static 0.0031 1146 712 1260 816
switch-static 0.0029 815 637 847 659
switch-static 0.0029 1197 834 1260 878
switch-static 0.0026 931 625 973 655
switch-static 0.0024 824 628 870 659
switch-static 0.0023 1180 817 1254 883
switch-static 0.0018 897 768 968 802
switch-static 0.0014 1083 584 1139 651
switch-static 0.0012 1221 732 1259 774
switch-static 0.0012 889 754 968 789
switch-static 0.0011 1192 639 1249 680
switch-static 0.0010 1200 854 1258 893
switch-static 0.0010 1211 710 1256 763
track-sign-front 0.0068 851 590 864 636
track-sign-front 0.0015 933 568 947 594
track-sign-front 0.0012 374 646 399 693
track-sign-front 0.0010 431 721 491 770
track-signal-front 0.0075 930 490 941 512
track-signal-front 0.0010 929 498 941 541
track-signal-back 0.0606 586 234 621 359
track-signal-back 0.0068 930 490 942 515
track-signal-back 0.0021 1197 439 1222 469
track-signal-back 0.0019 932 470 944 518
track-signal-back 0.0017 1202 437 1218 461
track-signal-back 0.0014 590 244 643 340
track-signal-back 0.0014 568 219 609 355
track-signal-back 0.0011 1207 442 1227 466
track-signal-back 0.0011 931 495 944 542
pole 0.0076 3 -4 96 1022
pole 0.0043 1092 498 1141 581
pole 0.0038 979 467 998 587
pole 0.0027 1050 535 1141 589
pole 0.0015 1078 484 1124 584
pole 0.0013 1019 548 1052 588
pole 0.0012 1483 -18 1612 1057
pole 0.0012 930 425 946 560
pole 0.0010 1016 532 1043 594
pole 0.0010 1106 510 1160 573
rail-occluder 0.0055 1091 559 1141 619
rail-occluder 0.0024 1114 553 1155 618
rail-occluder 0.0023 849 589 865 639
