guard-rail 0.5978 877 726 903 771
guard-rail 0.1238 871 704 897 772
guard-rail 0.0629 887 726 914 770
guard-rail 0.0580 861 684 918 845
guard-rail 0.0551 558 658 661 701
guard-rail 0.0358 838 603 970 975
guard-rail 0.0220 699 736 718 773
guard-rail 0.0061 577 647 652 684
guard-rail 0.0045 703 740 726 775
guard-rail 0.0036 690 624 744 667
guard-rail 0.0029 691 732 724 774
guard-rail 0.0028 882 728 924 789
guard-rail 0.0025 546 637 620 682
guard-rail 0.0025 845 719 890 774
guard-rail 0.0024 863 661 891 755
guard-rail 0.0022 672 639 731 672
guard-rail 0.0021 617 664 677 713
guard-rail 0.0018 597 639 673 682
guard-rail 0.0016 207 963 343 1070
guard-rail 0.0016 613 645 685 699
guard-rail 0.0013 657 633 719 679
guard-rail 0.0012 701 642 746 675
guard-rail 0.0010 212 993 308 1073
rail 0.8911 784 547 1052 1069
rail 0.8800 6 551 785 1079
rail 0.8401 658 628 1006 1076
rail 0.2216 10 722 576 1073
rail 0.1365 730 559 826 589
rail 0.0739 714 554 800 594
rail 0.0595 705 560 764 613
rail 0.0535 765 561 828 583
rail 0.0494 680 560 807 627
rail 0.0466 693 578 758 618
rail 0.0413 732 553 778 583
rail 0.0389 718 558 843 618
rail 0.0346 744 596 766 630
rail 0.0302 744 550 808 583
rail 0.0263 667 600 742 650
rail 0.0136 796 564 830 585
rail 0.0128 710 543 761 588
rail 0.0125 704 587 802 638
rail 0.0097 762 565 839 604
rail 0.0085 790 558 836 589
rail 0.0073 0 824 72 1053
rail 0.0071 680 599 763 631
rail 0.0054 241 604 735 941
rail 0.0048 656 544 832 667
rail 0.0047 688 562 746 608
rail 0.0045 -2 813 115 967
rail 0.0041 867 744 1021 1069
rail 0.0034 628 550 784 703
rail 0.0027 783 733 998 1100
rail 0.0027 198 753 496 1029
rail 0.0027 0 807 69 937
rail 0.0026 800 548 840 582
rail 0.0025 0 829 65 896
rail 0.0023 668 593 774 673
rail 0.0021 0 808 33 1015
rail 0.0017 671 565 940 851
rail 0.0017 5 772 239 1021
rail 0.0015 685 623 747 664
rail 0.0015 629 599 724 661
rail 0.0013 271 593 960 1092
rail 0.0013 -1 810 134 1076
rail 0.0012 595 632 829 1063
rail 0.0012 392 669 653 799
rail 0.0012 576 571 744 695
rail 0.0011 494 558 765 785
rail 0.0011 799 628 930 913
rail 0.0010 846 551 1934 1120
rail 0.0010 794 570 834 601
switch-indicator 0.2164 751 601 764 633
switch-indicator 0.0249 279 658 303 720
switch-indicator 0.0080 683 592 760 636
switch-indicator 0.0054 894 609 932 637
switch-indicator 0.0028 862 576 890 627
switch-indicator 0.0020 735 600 778 637
switch-indicator 0.0014 275 662 308 747
switch-indicator 0.0011 921 610 939 635
switch-left 0.1698 497 689 630 746
switch-left 0.0581 448 705 591 771
switch-left 0.0538 549 664 655 712
switch-left 0.0341 661 612 718 651
switch-left 0.0094 581 650 669 694
switch-left 0.0090 543 682 646 734
switch-left 0.0031 467 680 637 783
switch-right 0.1726 670 608 721 636
switch-right 0.1570 524 689 629 737
switch-right 0.0667 686 601 740 628
switch-right 0.0578 482 701 604 756
switch-right 0.0339 663 613 717 650
switch-right 0.0317 552 670 652 716
switch-right 0.0159 576 649 673 696
switch-right 0.0034 446 722 585 783
switch-right 0.0027 478 664 644 780
switch-right 0.0024 594 638 677 684
switch-right 0.0021 800 575 829 593
switch-right 0.0018 630 618 704 663
switch-unknown 0.1168 687 602 739 626
switch-unknown 0.0642 695 582 755 619
switch-unknown 0.0066 776 568 829 598
switch-unknown 0.0025 630 613 705 664
switch-static 0.4358 498 664 546 690
switch-static 0.2877 417 696 495 736
switch-static 0.1739 445 693 535 730
switch-static 0.1191 467 690 560 736
switch-static 0.0808 638 603 695 629
switch-static 0.0770 642 602 676 622
switch-static 0.0598 872 619 904 636
switch-static 0.0528 657 605 717 629
switch-static 0.0485 626 604 664 623
switch-static 0.0332 441 679 569 746
switch-static 0.0263 473 668 551 716
switch-static 0.0258 420 708 477 738
switch-static 0.0194 498 659 542 681
switch-static 0.0092 418 703 462 732
switch-static 0.0091 540 630 578 648
switch-static 0.0060 505 646 574 682
switch-static 0.0018 516 663 602 696
switch-static 0.0014 413 676 518 727
switch-static 0.0013 877 616 915 642
switch-static 0.0012 381 641 627 789
switch-static 0.0012 810 558 868 592
switch-static 0.0010 870 580 926 645
track-sign-front 0.0330 1342 550 1423 973
track-sign-front 0.0264 279 657 303 720
track-sign-front 0.0110 257 613 275 641
track-sign-front 0.0036 912 559 930 601
track-sign-front 0.0026 917 581 933 634
track-sign-front 0.0020 1372 570 1427 857
track-sign-front 0.0018 855 571 889 601
track-sign-front 0.0016 1405 730 1434 792
track-sign-front 0.0016 549 523 569 583
track-sign-front 0.0015 1348 620 1400 917
track-sign-front 0.0015 255 614 274 663
track-sign-front 0.0014 1389 666 1433 861
track-sign-front 0.0013 643 569 668 608
track-sign-front 0.0012 887 558 926 594
track-sign-front 0.0011 688 514 736 597
track-sign-front 0.0011 273 668 302 754
track-signal-back 0.0521 698 486 709 516
track-signal-back 0.0093 698 475 710 564
track-signal-back 0.0039 838 473 852 499
track-signal-back 0.0032 838 468 857 514
track-signal-back 0.0021 694 455 742 550
track-signal-back 0.0016 718 461 739 503
track-signal-back 0.0014 785 516 815 558
track-signal-back 0.0012 689 466 708 512
pole 0.0711 0 264 32 871
pole 0.0372 1339 32 1454 1012
pole 0.0127 -3 143 46 933
pole 0.0097 230 19 297 817
pole 0.0090 643 338 659 632
pole 0.0032 697 478 712 568
pole 0.0031 6 276 68 854
pole 0.0028 247 228 286 783
pole 0.0019 643 458 656 595
pole 0.0015 639 429 654 623
pole 0.0011 693 458 709 599
pole 0.0011 705 465 755 591
