crossing 0.0017 891 705 952 732
train-car 0.0015 630 499 753 636
train-car 0.0011 655 528 758 584
platform 0.9163 1 659 863 1076
platform 0.7396 1021 624 1918 861
platform 0.0277 8 666 747 845
platform 0.0054 1183 651 1746 822
platform 0.0052 1330 685 1931 845
platform 0.0034 1054 631 1710 769
rail 0.9547 732 627 1026 1075
rail 0.7226 980 632 1921 1038
rail 0.0191 49 666 691 803
rail 0.0083 908 631 939 654
rail 0.0044 909 631 959 659
rail 0.0038 892 629 938 660
rail 0.0015 902 638 945 697
rail 0.0014 919 619 1032 655
rail 0.0013 1010 644 1114 687
rail 0.0010 964 631 1074 665
switch-unknown 0.0082 907 630 939 649
switch-static 0.0041 812 750 866 777
switch-static 0.0023 870 705 936 735
switch-static 0.0017 863 700 893 731
track-sign-front 0.1026 803 570 822 591
track-sign-front 0.0802 1104 677 1138 711
track-sign-front 0.0115 799 560 820 584
track-sign-front 0.0019 764 558 815 596
track-sign-front 0.0016 729 531 757 587
track-sign-front 0.0015 634 536 662 610
track-sign-front 0.0012 751 582 780 674
track-sign-front 0.0010 748 562 796 629
track-signal-front 0.1327 804 570 821 591
track-signal-front 0.0047 798 568 828 594
track-signal-front 0.0029 833 592 857 620
track-signal-front 0.0016 833 600 858 630
track-signal-front 0.0011 797 536 839 590
person 0.6961 164 646 251 953
person 0.0084 202 648 258 926
person 0.0045 172 681 243 828
person 0.0033 751 602 773 683
person 0.0030 183 651 279 1020
person 0.0022 172 740 238 881
person 0.0017 213 647 247 750
pole 0.4148 1037 532 1052 677
pole 0.1825 1031 512 1060 682
pole 0.1693 456 508 542 773
pole 0.1622 972 539 992 663
pole 0.1496 971 548 984 657
pole 0.0828 331 472 364 773
pole 0.0820 563 516 614 743
pole 0.0162 1003 544 1054 677
pole 0.0146 614 529 665 722
pole 0.0142 976 516 1003 663
pole 0.0116 1111 677 1136 777
pole 0.0112 521 548 558 748
pole 0.0105 543 554 603 735
pole 0.0096 1 367 128 990
pole 0.0056 1023 588 1057 690
pole 0.0048 314 491 357 792
pole 0.0044 131 429 182 880
pole 0.0044 576 578 638 737
pole 0.0040 955 568 1019 659
pole 0.0037 537 387 610 764
pole 0.0034 1014 506 1072 687
pole 0.0031 110 592 759 848
pole 0.0025 72 390 172 923
pole 0.0024 629 482 660 680
pole 0.0024 625 577 672 705
pole 0.0021 533 467 560 736
pole 0.0019 600 589 651 726
pole 0.0016 540 596 582 724
pole 0.0015 633 513 684 706
pole 0.0015 1020 584 1136 730
pole 0.0014 748 581 771 681
pole 0.0013 68 111 144 916
pole 0.0013 526 464 667 735
pole 0.0012 533 437 581 723
pole 0.0012 941 545 975 654
pole 0.0012 1048 558 1107 687
pole 0.0012 730 508 755 610
pole 0.0012 735 524 767 685
pole 0.0011 936 565 996 677
rail-occluder 0.0933 1106 679 1139 745
rail-occluder 0.0877 1105 675 1138 713
rail-occluder 0.0052 1095 669 1149 760
rail-occluder 0.0049 961 609 990 659
rail-occluder 0.0043 1030 642 1057 688
rail-occluder 0.0035 968 610 1025 664
rail-occluder 0.0033 993 620 1046 669
rail-occluder 0.0016 1000 639 1051 685
rail-occluder 0.0015 1032 647 1088 688
