crossing 0.0290 1099 616 1173 649
crossing 0.0274 1071 624 1149 670
crossing 0.0172 1050 636 1127 687
crossing 0.0121 1089 644 1146 683
crossing 0.0117 1020 617 1080 673
crossing 0.0105 964 658 1027 694
crossing 0.0090 885 625 957 653
crossing 0.0089 1015 604 1068 645
crossing 0.0088 1024 681 1088 710
crossing 0.0080 792 682 862 720
crossing 0.0077 1111 655 1142 680
crossing 0.0075 764 619 981 689
crossing 0.0064 962 673 1020 699
crossing 0.0062 864 626 943 660
crossing 0.0059 950 658 1005 689
crossing 0.0057 995 599 1050 635
crossing 0.0054 983 613 1064 677
crossing 0.0051 907 612 979 644
crossing 0.0047 1015 634 1084 688
crossing 0.0043 969 640 1055 693
crossing 0.0041 971 627 1029 673
crossing 0.0040 832 652 906 681
crossing 0.0038 935 659 1104 727
crossing 0.0037 831 616 971 669
crossing 0.0031 968 599 1036 635
crossing 0.0031 838 630 912 674
crossing 0.0024 854 642 930 680
crossing 0.0023 896 617 988 661
crossing 0.0023 974 669 1059 710
crossing 0.0018 940 602 997 638
crossing 0.0017 800 638 892 705
crossing 0.0014 788 656 870 701
crossing 0.0014 937 623 1068 713
crossing 0.0012 828 632 955 693
crossing 0.0011 935 619 1002 665
crossing 0.0011 803 614 894 675
crossing 0.0010 912 650 983 686
guard-rail 0.0156 1038 680 1102 709
guard-rail 0.0078 1039 691 1089 727
guard-rail 0.0057 910 780 966 849
guard-rail 0.0043 996 665 1124 764
guard-rail 0.0022 1018 686 1079 751
guard-rail 0.0021 1038 695 1080 771
guard-rail 0.0019 1050 685 1112 732
guard-rail 0.0013 981 699 1053 819
guard-rail 0.0011 1077 665 1140 703
guard-rail 0.0010 1009 683 1075 795
train-car 0.6137 1039 555 1100 623
train-car 0.0094 1039 587 1100 634
train-car 0.0092 1039 603 1138 650
train-car 0.0051 1028 561 1047 602
train-car 0.0042 1000 584 1051 629
train-car 0.0035 1046 562 1151 616
train-car 0.0016 986 563 1108 654
train-car 0.0016 996 601 1052 638
train-car 0.0015 1014 557 1059 607
train-car 0.0013 1026 557 1158 661
train-car 0.0010 1032 553 1055 593
platform 0.2331 1087 610 1234 644
platform 0.0880 720 610 962 685
platform 0.0826 1060 610 1168 643
platform 0.0558 1044 629 1136 671
platform 0.0547 1096 601 1230 632
platform 0.0201 1204 594 1302 637
platform 0.0190 1051 587 1169 623
platform 0.0160 1050 608 1212 665
platform 0.0149 1240 588 1284 640
platform 0.0138 696 612 923 658
platform 0.0111 704 629 962 721
platform 0.0103 774 610 971 653
platform 0.0081 1035 642 1112 695
platform 0.0070 1016 606 1071 645
platform 0.0056 591 615 942 699
platform 0.0056 1132 618 1225 649
platform 0.0053 1071 632 1255 690
platform 0.0026 731 637 886 691
platform 0.0025 1102 612 1286 669
platform 0.0022 1136 587 1222 636
platform 0.0022 1128 603 1266 648
platform 0.0018 782 605 874 660
platform 0.0018 1007 584 1263 731
platform 0.0016 1101 573 1229 620
platform 0.0016 861 609 943 652
platform 0.0015 758 646 907 707
platform 0.0013 1081 569 1280 681
platform 0.0013 686 563 977 741
platform 0.0013 579 606 961 791
rail 0.9438 8 618 987 1079
rail 0.8829 778 617 1023 1078
rail 0.6074 921 635 1145 827
rail 0.4184 879 625 1143 1077
rail 0.0930 893 714 1027 917
rail 0.0384 906 706 1142 923
rail 0.0307 920 713 1081 850
rail 0.0148 979 620 1117 723
rail 0.0120 729 618 965 738
rail 0.0109 962 599 1134 776
rail 0.0106 1044 635 1133 686
rail 0.0069 998 667 1110 726
rail 0.0061 1085 641 1143 683
rail 0.0055 1032 676 1108 716
rail 0.0054 732 619 991 845
rail 0.0030 819 614 1006 690
rail 0.0030 997 624 1201 782
rail 0.0029 752 668 876 732
rail 0.0027 872 617 971 653
rail 0.0024 1108 649 1144 683
rail 0.0024 484 625 966 872
rail 0.0021 978 631 1219 1066
rail 0.0021 1020 602 1151 737
rail 0.0020 1003 631 1098 694
rail 0.0019 840 619 964 667
rail 0.0018 15 807 626 1073
rail 0.0017 864 583 1183 865
rail 0.0017 995 593 1053 645
rail 0.0015 1018 652 1138 772
rail 0.0015 802 605 1089 830
rail 0.0015 1072 662 1140 705
rail 0.0015 572 642 926 770
rail 0.0013 911 625 1039 811
rail 0.0012 782 603 1044 723
rail 0.0011 953 720 1040 1049
rail 0.0010 599 678 875 798
switch-indicator 0.0031 532 939 578 992
switch-indicator 0.0010 1118 665 1143 697
switch-left 0.3753 912 771 1029 847
switch-left 0.0411 921 738 1072 842
switch-left 0.0032 910 777 970 852
switch-right 0.3710 910 768 1025 848
switch-right 0.0547 921 742 1075 841
switch-right 0.0023 682 718 775 754
switch-right 0.0022 902 777 976 852
switch-right 0.0017 709 699 802 736
switch-unknown 0.0032 790 683 859 731
switch-unknown 0.0019 689 721 768 750
switch-unknown 0.0014 738 701 813 732
switch-unknown 0.0011 701 714 790 756
switch-static 0.0357 1028 818 1118 854
switch-static 0.0132 1018 811 1120 842
switch-static 0.0106 837 828 881 852
switch-static 0.0082 1112 818 1230 860
switch-static 0.0079 773 766 824 789
switch-static 0.0033 531 940 578 992
switch-static 0.0031 1030 831 1111 869
switch-static 0.0018 697 717 768 745
switch-static 0.0017 1045 816 1171 858
switch-static 0.0015 999 676 1199 1020
switch-static 0.0011 535 932 587 972
track-sign-front 0.6705 1250 590 1285 628
track-sign-front 0.0926 1239 550 1285 627
track-sign-front 0.0626 730 558 750 583
track-sign-front 0.0424 1237 528 1284 598
track-sign-front 0.0060 1183 533 1201 563
track-sign-front 0.0023 728 564 747 607
track-sign-front 0.0018 934 547 955 601
track-sign-front 0.0010 1180 606 1220 643
track-sign-front 0.0010 1241 592 1294 644
track-signal-front 0.0412 1235 519 1273 582
track-signal-front 0.0100 1030 561 1046 599
track-signal-front 0.0072 1184 532 1203 564
track-signal-front 0.0032 1032 555 1052 588
track-signal-front 0.0014 1229 497 1285 591
track-signal-back 0.0076 1183 533 1200 561
track-signal-back 0.0056 1228 519 1264 564
track-signal-back 0.0046 910 465 930 528
track-signal-back 0.0025 920 489 942 549
track-signal-back 0.0024 873 530 884 565
track-signal-back 0.0018 933 506 951 608
track-signal-back 0.0015 1222 505 1271 576
track-signal-back 0.0014 901 457 924 506
rail-occluder 0.0047 791 685 858 730
rail-occluder 0.0019 815 678 861 741
rail-occluder 0.0010 795 672 883 747
