crossing 0.0046 1845 601 1923 650
crossing 0.0032 1849 620 1923 663
crossing 0.0032 1880 596 1921 651
crossing 0.0024 1884 621 1921 668
guard-rail 0.0018 1820 773 1881 1080
train-car 0.0034 1157 450 1444 573
train-car 0.0024 1202 454 1335 573
train-car 0.0012 1163 492 1345 564
train-car 0.0011 1214 269 1341 710
train-car 0.0011 963 466 1612 651
train-car 0.0010 1061 411 1402 616
rail 0.8704 1360 598 1918 1077
rail 0.1532 668 532 1901 1079
rail 0.0548 -46 578 1696 1088
rail 0.0495 1831 613 1918 1081
rail 0.0121 1699 607 1932 1081
rail 0.0072 678 651 1281 1075
rail 0.0062 0 703 1085 1079
rail 0.0034 360 679 1466 1111
rail 0.0031 1294 575 1879 828
rail 0.0025 909 638 1418 1064
rail 0.0025 610 563 1611 926
rail 0.0019 122 489 1512 911
rail 0.0017 463 533 601 634
rail 0.0017 521 525 750 641
rail 0.0015 727 640 1334 896
rail 0.0015 1484 676 1760 1030
rail 0.0014 1825 748 1890 1074
rail 0.0012 1230 531 1755 754
rail 0.0011 1783 566 1921 830
rail 0.0011 608 593 1207 823
rail 0.0010 1209 599 1704 907
track-sign-front 0.0207 1732 505 1757 549
track-sign-front 0.0167 1610 421 1648 470
track-sign-front 0.0036 341 448 361 479
track-sign-front 0.0016 1812 501 1840 553
track-sign-front 0.0016 1620 448 1653 494
track-sign-front 0.0013 1305 467 1326 526
track-sign-front 0.0013 1309 466 1328 507
track-signal-front 0.0105 1486 461 1513 489
track-signal-front 0.0026 341 449 362 484
track-signal-front 0.0017 181 391 199 432
track-signal-front 0.0015 548 520 574 560
track-signal-front 0.0012 484 483 506 513
track-signal-back 0.0239 1321 59 1393 303
track-signal-back 0.0011 1302 42 1430 279
person-group 0.0035 623 515 845 627
person-group 0.0023 701 523 906 627
fence 0.1823 668 534 1904 1075
fence 0.0300 386 629 1439 1075
fence 0.0116 1105 551 1885 898
person 0.6620 182 541 235 652
person 0.6488 354 545 410 646
person 0.5894 221 546 266 656
person 0.4933 647 515 685 630
person 0.4620 862 536 891 620
person 0.4358 514 538 553 637
person 0.3887 61 540 102 660
person 0.3314 1132 506 1169 598
person 0.3283 1601 520 1627 579
person 0.3005 1481 497 1525 586
person 0.2807 532 536 574 639
person 0.2625 593 524 630 639
person 0.2194 43 541 88 656
person 0.2017 842 530 893 629
person 0.1538 469 535 497 631
person 0.1457 924 555 966 624
person 0.1441 1112 506 1149 603
person 0.1060 698 518 739 630
person 0.1008 800 528 839 632
person 0.0962 767 515 836 631
person 0.0891 757 511 791 623
person 0.0803 31 546 72 654
person 0.0788 201 540 255 648
person 0.0606 1193 510 1231 574
person 0.0572 695 511 771 632
person 0.0408 1162 506 1206 593
person 0.0383 1496 505 1542 588
person 0.0330 489 535 560 645
person 0.0321 546 521 576 618
person 0.0278 783 518 823 595
person 0.0274 572 536 620 643
person 0.0210 766 534 800 637
person 0.0142 1731 504 1757 550
person 0.0137 511 534 534 607
person 0.0131 659 508 706 607
person 0.0122 652 518 676 570
person 0.0119 70 533 104 612
person 0.0098 787 533 863 634
person 0.0098 453 528 505 639
person 0.0093 1117 514 1163 626
person 0.0084 327 544 374 624
person 0.0081 115 532 142 635
person 0.0067 325 551 349 599
person 0.0067 134 532 169 628
person 0.0067 1515 489 1551 578
person 0.0065 607 515 647 615
person 0.0063 1816 487 1855 558
person 0.0059 504 559 539 651
person 0.0058 1556 493 1586 559
person 0.0055 1604 516 1647 579
person 0.0052 43 529 69 614
person 0.0052 1016 522 1039 572
person 0.0050 657 514 686 577
person 0.0049 186 533 216 611
person 0.0044 825 524 876 601
person 0.0042 1180 507 1237 601
person 0.0041 867 522 895 592
person 0.0041 1829 499 1858 554
person 0.0040 574 513 613 608
person 0.0038 168 551 286 665
person 0.0038 139 545 183 643
person 0.0036 735 541 789 636
person 0.0035 236 542 262 599
person 0.0033 724 509 784 599
person 0.0029 1601 483 1627 555
person 0.0028 533 511 573 598
person 0.0027 1496 470 1532 571
person 0.0027 369 525 407 617
person 0.0026 1786 488 1850 556
person 0.0026 753 510 818 601
person 0.0025 587 561 638 647
person 0.0024 911 565 963 663
person 0.0024 644 494 729 617
person 0.0022 1606 468 1650 591
person 0.0021 235 542 279 624
person 0.0021 1808 479 1844 625
person 0.0021 436 540 470 616
person 0.0021 791 562 851 663
person 0.0019 1203 516 1245 613
person 0.0019 157 559 228 656
person 0.0018 460 523 492 611
person 0.0017 1204 503 1280 601
person 0.0016 1813 501 1841 551
person 0.0016 140 536 168 594
person 0.0016 797 513 851 591
person 0.0016 357 532 396 613
person 0.0015 1571 482 1606 540
person 0.0015 1631 492 1657 582
person 0.0015 469 578 515 640
person 0.0015 102 544 265 663
person 0.0015 858 568 896 649
person 0.0014 229 544 355 650
person 0.0014 1132 517 1197 636
person 0.0014 38 563 106 679
person 0.0014 683 509 726 588
person 0.0013 1375 523 1395 568
person 0.0013 363 535 444 630
person 0.0013 1588 494 1641 590
person 0.0013 328 545 361 594
person 0.0012 1457 470 1500 560
person 0.0012 1130 499 1155 547
person 0.0011 1833 469 1869 555
person 0.0011 809 518 840 576
pole 0.0573 1735 550 1749 671
pole 0.0241 1812 532 1822 656
pole 0.0095 1659 44 1688 610
pole 0.0059 1811 491 1829 659
pole 0.0047 1276 91 1315 643
pole 0.0035 1651 508 1675 706
pole 0.0030 1734 497 1756 657
pole 0.0027 1490 407 1525 587
pole 0.0022 1642 7 1697 647
pole 0.0021 1711 534 1762 683
pole 0.0017 1502 240 1538 599
pole 0.0016 1616 379 1665 501
pole 0.0016 1656 564 1672 686
pole 0.0015 1725 548 1743 660
pole 0.0015 1784 485 1841 652
pole 0.0013 1664 125 1702 692
rail-occluder 0.0033 1733 537 1760 669
rail-occluder 0.0026 1317 604 1590 815
rail-occluder 0.0018 692 626 1279 1022
rail-occluder 0.0018 1332 585 1507 771
rail-occluder 0.0017 1026 661 1120 1060
rail-occluder 0.0016 1232 601 1503 831
rail-occluder 0.0015 1396 571 1633 769
rail-occluder 0.0015 929 624 1403 1006
rail-occluder 0.0013 843 681 1109 1049
rail-occluder 0.0013 1119 598 1606 908
rail-occluder 0.0011 1691 550 1797 685
rail-occluder 0.0011 1740 531 1867 677
rail-occluder 0.0011 1631 519 1680 702
rail-occluder 0.0011 1599 522 1628 661
rail-occluder 0.0010 1022 633 1315 901
rail-occluder 0.0010 1004 655 1257 1051
