crossing 0.0012 1531 750 1610 780
rail 0.8734 908 779 1595 1077
rail 0.2844 60 825 983 1078
rail 0.2398 1 731 1626 1076
rail 0.0093 15 899 613 1076
rail 0.0018 61 680 1759 1429
rail 0.0017 308 679 1311 1003
rail 0.0016 1111 835 1343 1029
rail 0.0012 271 843 828 999
rail 0.0011 1196 810 1609 1069
switch-static 0.0157 1526 846 1565 868
track-sign-front 0.2813 954 320 1010 399
track-sign-front 0.0311 255 596 325 673
track-sign-front 0.0151 1023 613 1053 694
track-sign-front 0.0112 1046 623 1079 698
track-sign-front 0.0098 1022 619 1041 687
track-sign-front 0.0071 562 430 584 464
track-sign-front 0.0057 1520 845 1563 866
track-sign-front 0.0057 1341 649 1362 679
track-sign-front 0.0029 511 557 529 592
track-sign-front 0.0026 423 587 447 629
track-sign-front 0.0021 1029 561 1057 697
track-sign-front 0.0018 1031 612 1069 691
track-sign-front 0.0017 744 677 761 735
track-sign-front 0.0015 1041 590 1082 664
track-sign-front 0.0014 1058 645 1088 692
track-sign-front 0.0014 1037 563 1069 636
track-sign-front 0.0013 1061 617 1099 662
track-sign-front 0.0012 1341 649 1363 728
track-sign-front 0.0011 905 311 1016 416
track-sign-front 0.0011 938 291 1037 399
track-sign-front 0.0011 1150 11 1191 272
track-sign-front 0.0010 238 581 367 678
track-sign-front 0.0010 1067 612 1109 649
track-signal-front 0.1456 1029 502 1060 539
track-signal-front 0.1383 823 174 870 308
track-signal-front 0.0593 471 260 510 373
track-signal-front 0.0318 702 171 761 319
track-signal-front 0.0256 1519 605 1540 649
track-signal-front 0.0116 1520 585 1538 624
track-signal-front 0.0103 563 431 585 468
track-signal-front 0.0094 1413 64 1465 107
track-signal-front 0.0069 1031 482 1077 533
track-signal-front 0.0034 1032 508 1059 567
track-signal-front 0.0033 1516 585 1544 653
track-signal-front 0.0031 725 163 870 313
track-signal-front 0.0024 1023 494 1071 549
track-signal-front 0.0022 1033 539 1058 622
track-signal-front 0.0021 509 554 526 597
track-signal-front 0.0021 1030 494 1067 603
track-signal-front 0.0017 1057 461 1092 519
track-signal-front 0.0016 1035 522 1068 578
track-signal-front 0.0016 1030 430 1060 569
track-signal-front 0.0015 1064 465 1104 531
track-signal-front 0.0013 589 213 653 338
track-signal-front 0.0010 1023 490 1054 535
track-signal-back 0.0466 472 260 511 374
track-signal-back 0.0211 560 464 618 531
track-signal-back 0.0137 1518 586 1538 634
track-signal-back 0.0083 562 436 591 524
track-signal-back 0.0071 603 226 650 344
track-signal-back 0.0046 781 436 889 611
track-signal-back 0.0034 1516 594 1543 649
track-signal-back 0.0027 394 513 427 584
track-signal-back 0.0019 508 553 525 586
track-signal-back 0.0019 779 444 835 607
track-signal-back 0.0018 1519 579 1536 613
track-signal-back 0.0017 845 442 891 603
pole 0.0026 1411 37 1471 895
pole 0.0012 1423 200 1463 816
pole 0.0011 1518 594 1535 747
