rail 0.9485 721 628 1008 1076
rail 0.9294 66 634 846 1078
rail 0.0052 321 605 768 1003
switch-static 0.3440 514 764 590 796
switch-static 0.1041 989 754 1051 783
switch-static 0.0494 493 755 596 805
switch-static 0.0106 537 761 599 789
switch-static 0.0058 958 674 994 699
switch-static 0.0053 982 744 1053 797
switch-static 0.0035 489 747 643 822
switch-static 0.0030 495 772 589 829
switch-static 0.0019 996 757 1062 812
track-sign-front 0.0144 960 677 992 698
track-sign-front 0.0144 738 631 757 647
track-sign-front 0.0088 714 624 752 657
track-sign-front 0.0032 714 633 726 665
track-sign-front 0.0022 715 609 727 644
track-sign-front 0.0013 712 649 730 689
track-sign-front 0.0012 1399 699 1413 723
track-sign-front 0.0012 735 584 757 611
track-sign-front 0.0010 713 573 752 622
