train-car 0.7482 7 439 513 561
train-car 0.0332 -18 434 302 543
train-car 0.0113 145 476 494 568
train-car 0.0044 1 369 524 645
train-car 0.0033 264 497 513 559
train-car 0.0027 395 497 507 563
train-car 0.0016 17 471 343 569
train-car 0.0013 126 456 404 551
train-car 0.0012 126 439 223 548
rail 0.9349 842 567 1117 1074
rail 0.9316 93 562 855 1071
rail 0.0031 -40 490 498 577
track-sign-front 0.0263 951 571 970 589
track-sign-front 0.0259 1028 558 1048 582
track-sign-front 0.0132 890 535 901 581
track-sign-front 0.0129 920 543 935 574
track-sign-front 0.0126 918 549 942 575
track-sign-front 0.0114 898 535 929 561
track-sign-front 0.0038 772 557 788 579
track-sign-front 0.0038 947 569 965 597
track-sign-front 0.0023 957 548 978 580
track-sign-front 0.0022 770 541 793 583
track-sign-front 0.0022 1034 558 1061 586
track-sign-front 0.0012 944 569 979 592
track-signal-front 0.3431 809 519 821 539
track-signal-front 0.3392 890 535 900 552
track-signal-front 0.0716 887 528 899 545
track-signal-front 0.0485 809 525 820 547
track-signal-front 0.0435 806 513 819 534
track-signal-front 0.0029 905 530 928 562
track-signal-front 0.0015 891 479 912 561
track-signal-front 0.0015 800 507 871 547
track-signal-front 0.0011 889 535 902 586
track-signal-front 0.0011 802 518 829 543
pole 0.0019 185 223 214 545
pole 0.0010 890 446 912 593
rail-occluder 0.0029 174 541 220 567
rail-occluder 0.0018 414 502 500 567
rail-occluder 0.0017 0 524 24 576
rail-occluder 0.0013 0 520 30 626
rail-occluder 0.0012 118 510 437 576
rail-occluder 0.0012 151 536 227 566
