train-car 0.0052 1042 226 1909 906
rail 0.9481 811 551 1111 1072
rail 0.9182 949 547 1917 1060
rail 0.2144 953 556 1097 590
rail 0.2098 945 554 1143 603
rail 0.0523 1019 566 1147 608
rail 0.0132 970 564 1235 628
rail 0.0114 1012 558 1073 582
rail 0.0092 939 550 995 574
rail 0.0067 919 545 1215 649
rail 0.0063 930 550 974 571
rail 0.0031 1003 567 1084 599
rail 0.0019 1022 552 1097 586
rail 0.0017 953 559 1056 612
rail 0.0011 953 525 1106 591
rail 0.0011 903 526 1730 877
switch-unknown 0.0259 943 549 987 570
switch-unknown 0.0167 1047 569 1124 601
switch-unknown 0.0167 995 562 1080 587
switch-unknown 0.0132 958 556 1052 582
switch-unknown 0.0119 1097 597 1165 620
switch-unknown 0.0118 1072 587 1153 618
switch-unknown 0.0093 930 543 974 569
switch-unknown 0.0031 1070 575 1141 602
switch-unknown 0.0020 1039 550 1082 582
switch-unknown 0.0014 1119 608 1188 628
track-sign-front 0.0100 1253 556 1275 580
track-sign-front 0.0099 778 545 793 569
track-sign-front 0.0029 775 547 792 579
track-sign-front 0.0013 1249 554 1286 587
track-sign-front 0.0011 777 506 794 570
track-sign-front 0.0010 911 529 953 568
pole 0.0074 946 450 963 573
pole 0.0042 908 461 926 567
pole 0.0028 924 478 962 570
pole 0.0018 1054 481 1077 566
pole 0.0017 954 379 973 593
pole 0.0012 936 478 995 574
pole 0.0011 974 502 1015 567
