guard-rail 0.6028 1043 868 1183 1080
guard-rail 0.5541 657 870 786 1076
guard-rail 0.1086 654 931 743 1078
guard-rail 0.0584 1085 926 1187 1080
guard-rail 0.0219 919 974 941 1081
guard-rail 0.0122 1031 847 1137 1041
guard-rail 0.0060 664 672 744 707
guard-rail 0.0059 561 716 654 754
guard-rail 0.0049 676 894 763 1037
guard-rail 0.0048 1114 972 1192 1083
guard-rail 0.0042 927 968 949 1074
guard-rail 0.0038 687 821 821 1035
guard-rail 0.0035 649 980 717 1078
guard-rail 0.0034 902 974 922 1080
guard-rail 0.0032 960 691 997 725
guard-rail 0.0031 902 783 1278 1119
guard-rail 0.0028 593 777 942 1098
guard-rail 0.0024 585 705 677 742
guard-rail 0.0024 690 669 762 698
guard-rail 0.0023 1135 1011 1193 1081
guard-rail 0.0023 645 694 716 728
guard-rail 0.0023 653 1012 700 1076
guard-rail 0.0021 1061 906 1147 1052
guard-rail 0.0019 1014 738 1194 1084
guard-rail 0.0017 617 703 696 731
guard-rail 0.0013 707 842 819 953
guard-rail 0.0012 529 692 684 756
guard-rail 0.0012 699 871 789 1008
guard-rail 0.0010 929 985 963 1082
guard-rail 0.0010 1034 859 1115 978
rail 0.9076 898 629 1195 1074
rail 0.8940 642 618 1001 1077
rail 0.8582 6 626 874 1045
rail 0.0230 12 669 708 914
rail 0.0036 -2 703 543 1010
rail 0.0029 0 728 441 884
rail 0.0020 1010 745 1199 1082
rail 0.0019 585 649 809 735
rail 0.0018 932 613 1002 651
rail 0.0016 667 647 823 700
rail 0.0015 533 665 777 752
rail 0.0012 0 762 290 941
rail 0.0012 941 630 1001 660
rail 0.0011 740 613 1119 1023
rail 0.0010 818 601 969 646
rail 0.0010 519 626 877 771
switch-indicator 0.0204 986 642 1014 665
switch-left 0.1130 894 666 976 715
switch-left 0.0049 905 653 988 701
switch-left 0.0019 884 648 998 732
switch-left 0.0015 683 667 768 701
switch-left 0.0011 897 688 973 745
switch-right 0.1959 903 663 971 694
switch-right 0.1121 894 668 976 716
switch-right 0.0151 915 650 978 680
switch-unknown 0.0199 738 651 811 675
switch-unknown 0.0112 717 655 796 678
switch-unknown 0.0109 768 640 833 667
switch-unknown 0.0059 762 647 822 674
switch-unknown 0.0051 695 660 777 685
switch-unknown 0.0026 937 607 996 652
switch-unknown 0.0022 659 665 765 700
switch-static 0.0353 964 680 1025 711
switch-static 0.0222 980 639 1020 679
switch-static 0.0083 949 678 995 720
switch-static 0.0081 962 690 1006 722
switch-static 0.0044 989 648 1031 683
switch-static 0.0033 943 629 1001 663
switch-static 0.0033 914 648 991 696
switch-static 0.0025 881 655 944 687
switch-static 0.0017 850 650 902 679
switch-static 0.0013 838 621 899 662
track-sign-front 0.1157 817 595 835 615
track-sign-front 0.0135 620 611 639 644
track-sign-front 0.0099 893 522 916 555
track-sign-front 0.0057 618 600 640 632
track-sign-front 0.0035 812 598 835 639
track-sign-front 0.0018 1041 599 1062 648
track-sign-front 0.0015 616 616 638 669
track-sign-front 0.0014 1037 562 1064 635
track-sign-front 0.0012 611 608 642 637
track-signal-front 0.0050 815 559 836 631
track-signal-front 0.0012 1008 525 1034 597
track-signal-back 0.0133 893 525 912 564
track-signal-back 0.0010 894 514 921 550
pole 0.0339 896 521 908 631
pole 0.0287 1020 545 1034 656
pole 0.0101 1018 526 1043 678
pole 0.0082 892 517 914 573
pole 0.0042 818 484 839 639
pole 0.0034 815 553 836 636
pole 0.0023 942 585 960 627
pole 0.0018 1019 561 1060 670
pole 0.0017 822 515 845 632
pole 0.0016 883 503 921 629
pole 0.0013 962 521 992 629
pole 0.0010 808 517 833 633
rail-occluder 0.0213 816 593 837 620
rail-occluder 0.0044 820 626 872 658
rail-occluder 0.0034 801 630 846 660
rail-occluder 0.0028 812 600 854 646
rail-occluder 0.0014 936 606 974 648
rail-occluder 0.0013 839 610 894 647
