guard-rail 0.0136 1854 709 1920 826
guard-rail 0.0089 947 436 1031 616
guard-rail 0.0055 1852 699 1918 772
guard-rail 0.0012 675 444 934 554
guard-rail 0.0012 1842 647 1921 750
guard-rail 0.0010 897 432 1017 605
train-car 0.3735 1280 387 1374 493
train-car 0.0695 1180 387 1371 497
train-car 0.0031 1232 345 1379 524
train-car 0.0025 1286 431 1373 506
train-car 0.0023 1124 317 1365 538
train-car 0.0023 968 379 994 422
train-car 0.0012 1228 386 1447 594
train-car 0.0011 961 376 992 407
train-car 0.0010 1187 457 1315 503
platform 0.0272 1285 536 1917 1074
rail 0.9605 0 430 1015 1074
rail 0.9537 679 430 1065 1075
rail 0.3521 1337 496 1920 848
rail 0.0428 1320 474 1909 673
rail 0.0214 1511 523 1918 724
rail 0.0134 1342 567 1920 1073
rail 0.0119 1549 587 1926 893
rail 0.0077 1851 714 1918 828
rail 0.0075 1664 587 1920 742
rail 0.0070 1330 492 1689 647
rail 0.0044 1768 630 1921 779
rail 0.0035 1328 501 1492 590
rail 0.0034 1684 629 1924 857
rail 0.0025 1821 711 1922 867
rail 0.0024 1830 612 1921 728
rail 0.0021 1751 560 1921 709
rail 0.0021 682 434 988 571
rail 0.0018 927 440 1042 611
rail 0.0015 1629 661 1929 1058
rail 0.0015 1787 712 1922 973
rail 0.0012 1282 488 1451 583
rail 0.0012 1247 475 1400 593
rail 0.0011 1316 503 1436 554
rail 0.0011 1307 498 1390 525
rail 0.0011 1320 493 1434 528
rail 0.0011 1579 550 1891 663
rail 0.0011 1041 457 1791 1079
rail 0.0010 1822 696 1919 799
switch-indicator 0.0010 127 705 171 778
switch-unknown 0.0040 1003 418 1047 441
track-sign-front 0.0143 634 409 672 458
track-sign-front 0.0078 613 413 662 480
track-sign-front 0.0058 651 410 676 455
track-sign-front 0.0056 1211 471 1267 543
track-sign-front 0.0046 608 430 630 497
track-sign-front 0.0034 607 455 626 495
track-sign-front 0.0013 1174 392 1317 535
track-sign-front 0.0011 1217 465 1281 500
track-sign-front 0.0010 610 413 635 468
track-sign-front 0.0010 604 441 642 507
track-signal-front 0.2614 971 376 983 397
track-signal-front 0.0156 970 375 986 407
track-signal-front 0.0140 1056 378 1075 398
track-signal-front 0.0102 1382 380 1397 401
track-signal-front 0.0096 967 377 993 419
track-signal-front 0.0039 1062 372 1080 396
track-signal-front 0.0030 1052 375 1077 412
track-signal-front 0.0023 1056 358 1082 397
track-signal-front 0.0023 971 369 995 389
track-signal-front 0.0014 1385 379 1402 408
track-signal-front 0.0013 945 364 982 407
fence 0.3948 1307 486 1922 855
fence 0.0061 1285 495 1567 638
fence 0.0031 1190 467 1656 709
fence 0.0031 1100 463 1736 877
fence 0.0011 1211 563 1865 1080
pole 0.0088 1208 11 1281 549
pole 0.0066 1115 363 1372 507
pole 0.0055 1162 35 1304 571
pole 0.0011 1119 104 1255 546
pole 0.0010 1083 -97 1333 566
rail-occluder 0.0084 1334 505 1497 604
rail-occluder 0.0067 1386 507 1468 598
rail-occluder 0.0054 1211 473 1271 553
rail-occluder 0.0047 1354 500 1648 641
rail-occluder 0.0043 1419 509 1477 605
rail-occluder 0.0029 1263 502 1392 600
rail-occluder 0.0027 1450 510 1482 606
rail-occluder 0.0024 1279 513 1342 575
rail-occluder 0.0022 1429 525 1695 711
rail-occluder 0.0021 1438 519 1498 622
rail-occluder 0.0019 1314 511 1520 665
rail-occluder 0.0018 1182 480 1459 675
rail-occluder 0.0016 1476 550 1745 767
rail-occluder 0.0015 1280 489 1336 527
rail-occluder 0.0015 1375 545 1440 589
rail-occluder 0.0011 1519 547 1793 688
rail-occluder 0.0011 1292 488 1368 526
rail-occluder 0.0010 1318 514 1436 585
rail-occluder 0.0010 1285 500 1366 544
