crossing 0.6630 364 634 591 790
crossing 0.3915 761 666 923 784
crossing 0.1123 343 731 543 796
crossing 0.0657 783 724 915 787
crossing 0.0393 313 680 546 807
crossing 0.0324 338 754 509 800
crossing 0.0193 474 616 596 749
crossing 0.0138 503 620 588 678
crossing 0.0129 680 633 940 778
crossing 0.0058 711 637 995 911
crossing 0.0048 421 597 561 776
crossing 0.0037 181 519 675 985
crossing 0.0030 412 680 585 774
crossing 0.0027 514 619 590 653
crossing 0.0027 424 643 525 767
crossing 0.0026 475 615 566 658
crossing 0.0023 575 549 1038 877
crossing 0.0017 163 600 408 821
crossing 0.0015 550 583 641 768
crossing 0.0015 809 676 915 765
crossing 0.0015 676 613 786 646
crossing 0.0011 446 604 585 673
guard-rail 0.0033 509 607 595 783
platform 0.0013 212 606 485 684
rail 0.9184 4 582 592 1079
rail 0.8018 485 584 1021 1079
rail 0.0056 625 610 869 1064
rail 0.0050 548 595 959 809
rail 0.0022 157 663 406 1027
rail 0.0018 721 605 1013 1030
switch-static 0.0135 1 853 37 897
track-sign-front 0.0553 365 407 399 441
track-sign-front 0.0499 417 394 436 437
track-sign-front 0.0301 169 312 268 422
track-sign-front 0.0165 423 488 447 518
track-sign-front 0.0144 1203 321 1258 386
track-sign-front 0.0108 1024 124 1049 161
track-sign-front 0.0102 854 456 876 495
track-sign-front 0.0097 846 456 873 516
track-sign-front 0.0064 1136 266 1213 405
track-sign-front 0.0059 409 380 440 427
track-sign-front 0.0040 595 491 609 560
track-sign-front 0.0038 1192 279 1258 396
track-sign-front 0.0038 421 482 449 556
track-sign-front 0.0030 782 484 808 512
track-sign-front 0.0025 360 400 404 455
track-sign-front 0.0022 587 482 610 577
track-sign-front 0.0021 411 482 440 557
track-sign-front 0.0018 634 544 660 654
track-sign-front 0.0017 392 490 417 532
track-sign-front 0.0016 1032 126 1064 164
track-sign-front 0.0015 1048 434 1085 491
track-sign-front 0.0015 534 504 556 544
track-sign-front 0.0013 363 421 400 480
track-sign-front 0.0012 857 501 878 540
track-sign-front 0.0012 580 318 607 361
track-sign-front 0.0011 623 522 656 644
track-signal-front 0.5007 210 427 271 529
track-signal-front 0.1328 994 366 1037 482
track-signal-front 0.0849 848 458 874 497
track-signal-front 0.0662 1001 429 1032 493
track-signal-front 0.0552 193 425 244 538
track-signal-front 0.0445 937 396 954 476
track-signal-front 0.0431 903 460 923 510
track-signal-front 0.0361 417 394 437 437
track-signal-front 0.0313 1007 459 1029 487
track-signal-front 0.0308 227 417 291 513
track-signal-front 0.0208 1184 454 1208 502
track-signal-front 0.0187 1577 428 1605 498
track-signal-front 0.0174 980 369 1022 425
track-signal-front 0.0099 980 353 1031 451
track-signal-front 0.0091 196 388 263 505
track-signal-front 0.0091 1130 265 1210 412
track-signal-front 0.0078 937 440 958 494
track-signal-front 0.0075 296 517 322 566
track-signal-front 0.0074 941 420 963 485
track-signal-front 0.0072 993 402 1029 499
track-signal-front 0.0064 845 451 884 511
track-signal-front 0.0060 390 387 439 448
track-signal-front 0.0059 940 381 970 481
track-signal-front 0.0055 421 477 448 516
track-signal-front 0.0054 910 418 953 497
track-signal-front 0.0049 1008 456 1050 491
track-signal-front 0.0047 898 469 929 516
track-signal-front 0.0045 1014 354 1087 471
track-signal-front 0.0039 812 380 835 471
track-signal-front 0.0037 893 427 925 506
track-signal-front 0.0034 409 416 435 497
track-signal-front 0.0034 1003 341 1063 442
track-signal-front 0.0033 782 479 808 510
track-signal-front 0.0029 1000 418 1057 497
track-signal-front 0.0029 954 359 991 464
track-signal-front 0.0025 535 502 556 537
track-signal-front 0.0025 1562 429 1608 519
track-signal-front 0.0023 175 425 226 534
track-signal-front 0.0022 80 395 97 421
track-signal-front 0.0022 592 470 609 533
track-signal-front 0.0021 531 12 665 118
track-signal-front 0.0019 212 411 249 494
track-signal-front 0.0019 234 457 292 532
track-signal-front 0.0018 768 472 800 509
track-signal-front 0.0017 165 421 276 549
track-signal-front 0.0016 410 443 443 520
track-signal-front 0.0015 1579 430 1624 522
track-signal-front 0.0015 189 488 221 565
track-signal-front 0.0015 932 364 959 469
track-signal-front 0.0015 363 415 407 485
track-signal-front 0.0014 936 349 955 445
track-signal-front 0.0014 812 415 840 483
track-signal-front 0.0013 729 463 752 504
track-signal-front 0.0013 735 459 765 503
track-signal-front 0.0012 411 398 448 537
track-signal-front 0.0012 248 401 288 494
track-signal-front 0.0011 1049 436 1084 491
track-signal-front 0.0011 1537 410 1599 484
track-signal-front 0.0011 585 458 612 545
track-signal-front 0.0011 1133 260 1201 348
track-signal-front 0.0010 971 322 1084 492
track-signal-front 0.0010 176 450 213 553
track-signal-front 0.0010 821 389 859 474
track-signal-front 0.0010 1046 381 1085 471
track-signal-back 0.0051 1072 356 1107 410
track-signal-back 0.0046 1118 261 1213 407
track-signal-back 0.0041 1054 345 1096 427
track-signal-back 0.0035 1047 349 1088 460
track-signal-back 0.0028 1067 355 1105 450
track-signal-back 0.0025 1071 286 1109 381
track-signal-back 0.0017 1047 289 1091 377
person 0.7202 188 564 271 773
person 0.6923 1031 535 1095 739
person 0.0206 223 570 285 770
person 0.0131 1009 511 1055 729
person 0.0097 297 521 322 569
person 0.0055 271 571 293 619
person 0.0045 1046 543 1124 749
person 0.0042 187 581 241 728
person 0.0016 167 558 231 780
person 0.0016 264 572 293 666
person 0.0015 197 560 246 635
person 0.0013 1008 538 1047 668
person 0.0013 983 539 1118 757
person 0.0011 191 519 221 578
pole 0.2858 616 139 660 742
pole 0.2298 586 86 636 730
pole 0.1211 575 54 616 713
pole 0.0199 631 223 673 712
pole 0.0090 606 316 670 773
pole 0.0071 624 169 683 857
pole 0.0067 422 458 445 649
pole 0.0059 569 45 671 795
pole 0.0059 616 405 656 798
pole 0.0048 559 342 580 621
pole 0.0041 575 327 608 638
pole 0.0041 619 563 649 787
pole 0.0038 381 539 393 656
pole 0.0038 557 239 594 681
pole 0.0036 623 310 657 654
pole 0.0034 629 494 654 705
pole 0.0029 592 346 616 628
pole 0.0025 568 486 600 617
pole 0.0024 417 489 438 621
pole 0.0024 586 449 609 611
pole 0.0022 428 545 445 642
pole 0.0021 548 158 607 764
pole 0.0021 412 448 441 594
pole 0.0020 595 489 617 616
pole 0.0019 604 579 632 799
pole 0.0019 565 580 702 775
pole 0.0019 594 462 611 592
pole 0.0017 628 251 650 585
pole 0.0015 478 403 502 610
pole 0.0015 572 275 597 595
pole 0.0015 634 274 661 603
pole 0.0013 1208 465 1229 746
pole 0.0013 631 567 658 780
pole 0.0012 604 43 651 631
pole 0.0012 595 135 721 838
pole 0.0011 541 448 572 604
pole 0.0010 604 486 632 659
pole 0.0010 548 495 587 611
