rail 0.9348 829 553 1186 1075
rail 0.7984 913 539 1916 862
rail 0.0062 1264 598 1917 824
rail 0.0014 776 534 1860 1136
rail 0.0011 1624 670 1921 876
switch-static 0.0348 1683 1016 1914 1079
switch-static 0.0252 832 642 876 664
switch-static 0.0130 1117 635 1208 677
switch-static 0.0051 1100 624 1189 671
switch-static 0.0037 1097 614 1145 643
switch-static 0.0022 1138 642 1229 682
switch-static 0.0020 813 637 872 666
switch-static 0.0016 1642 984 1888 1074
switch-static 0.0013 1719 1025 1813 1075
switch-static 0.0012 1688 1001 1911 1128
switch-static 0.0010 747 735 785 761
track-sign-front 0.3584 742 591 764 632
track-sign-front 0.0254 1281 532 1303 555
track-sign-front 0.0177 1275 527 1322 562
track-sign-front 0.0103 1311 548 1332 584
track-sign-front 0.0103 1270 512 1295 574
track-sign-front 0.0048 1098 613 1131 639
track-sign-front 0.0048 1901 544 1919 591
track-sign-front 0.0046 1312 509 1331 612
track-sign-front 0.0028 1287 467 1320 612
track-sign-front 0.0018 740 533 768 666
track-sign-front 0.0013 742 574 768 618
track-sign-front 0.0012 823 576 843 609
track-signal-front 0.1360 1661 459 1696 491
track-signal-front 0.0090 1662 466 1694 509
track-signal-back 0.6554 769 367 813 421
track-signal-back 0.6352 1666 326 1707 387
track-signal-back 0.6298 770 432 812 488
track-signal-back 0.6288 1663 396 1704 453
track-signal-back 0.1643 1662 458 1696 489
track-signal-back 0.0143 763 335 817 508
track-signal-back 0.0103 1216 434 1237 471
track-signal-back 0.0076 779 431 834 490
track-signal-back 0.0070 1658 363 1711 495
track-signal-back 0.0069 1662 466 1694 509
track-signal-back 0.0058 1849 329 1916 400
track-signal-back 0.0042 1862 354 1914 446
track-signal-back 0.0039 1662 316 1712 417
track-signal-back 0.0029 1880 366 1919 440
track-signal-back 0.0024 768 340 821 440
track-signal-back 0.0016 1875 385 1904 466
track-signal-back 0.0015 1875 428 1902 496
track-signal-back 0.0015 1218 439 1239 496
track-signal-back 0.0012 752 361 787 420
track-signal-back 0.0012 1673 449 1718 508
track-signal-back 0.0011 916 480 929 508
pole 0.4485 1076 412 1092 594
pole 0.3152 1304 276 1334 655
pole 0.2882 983 454 994 567
pole 0.1364 1028 417 1055 580
pole 0.1185 825 398 846 608
pole 0.0301 1016 436 1049 572
pole 0.0215 833 437 849 583
pole 0.0168 1267 375 1283 628
pole 0.0126 792 380 833 628
pole 0.0101 1081 414 1108 596
pole 0.0093 1077 474 1097 602
pole 0.0090 1271 473 1296 612
pole 0.0084 943 483 959 557
pole 0.0071 1068 427 1098 601
pole 0.0062 976 440 1007 574
pole 0.0051 1013 410 1073 590
pole 0.0042 763 361 826 580
pole 0.0041 1282 352 1322 651
pole 0.0041 1056 399 1107 597
pole 0.0040 1873 375 1900 632
pole 0.0035 830 422 863 598
pole 0.0035 1079 419 1091 528
pole 0.0031 1268 435 1281 577
pole 0.0030 1665 449 1710 524
pole 0.0030 770 337 849 694
pole 0.0029 784 438 810 657
pole 0.0025 1310 404 1332 655
pole 0.0021 814 447 845 637
pole 0.0020 1265 425 1277 547
pole 0.0019 912 477 930 538
pole 0.0017 1302 414 1340 691
pole 0.0017 777 454 801 653
pole 0.0017 726 223 801 794
pole 0.0017 793 459 826 597
pole 0.0016 762 394 816 716
pole 0.0016 826 459 852 634
pole 0.0015 1879 381 1915 626
pole 0.0014 1064 497 1095 597
pole 0.0014 1860 344 1904 587
pole 0.0014 1675 413 1716 541
pole 0.0012 1683 400 1725 612
pole 0.0010 1308 413 1330 551
rail-occluder 0.0010 1026 512 1056 575
