crossing 0.0013 886 548 921 575
guard-rail 0.0016 1620 863 1915 1035
guard-rail 0.0012 1831 958 1920 1054
train-car 0.0590 0 409 70 539
train-car 0.0167 -2 430 140 559
train-car 0.0051 4 322 99 543
train-car 0.0034 -3 418 247 531
train-car 0.0019 6 340 69 483
train-car 0.0015 1 459 75 586
train-car 0.0013 -1 398 308 602
platform 0.9491 1 481 868 1076
rail 0.9433 847 493 1156 1075
rail 0.9355 915 493 1914 1051
rail 0.6561 4 487 771 627
rail 0.4251 1035 516 1913 769
rail 0.1659 1 483 416 538
rail 0.1487 -4 491 634 571
rail 0.0434 0 506 438 604
rail 0.0350 1351 565 1921 755
rail 0.0250 -7 471 319 518
rail 0.0195 -8 465 789 742
rail 0.0188 0 488 221 529
rail 0.0164 -1 445 306 549
rail 0.0149 1571 618 1922 757
rail 0.0144 231 466 665 587
rail 0.0125 -6 496 272 547
rail 0.0085 -1 517 526 655
rail 0.0060 1706 642 1921 761
rail 0.0047 80 451 651 538
rail 0.0044 1 536 339 634
rail 0.0041 -4 512 146 613
rail 0.0040 1451 591 1918 850
rail 0.0030 1645 869 1921 1058
rail 0.0029 167 392 650 572
rail 0.0028 1745 647 1922 716
rail 0.0027 3 416 509 579
rail 0.0020 1755 655 1921 820
rail 0.0019 513 510 611 541
rail 0.0019 4 464 161 539
rail 0.0019 -1 499 78 622
rail 0.0018 -2 553 137 638
rail 0.0018 0 560 37 613
rail 0.0018 978 438 1823 685
rail 0.0018 4 508 264 582
rail 0.0017 353 456 579 577
rail 0.0016 2 552 71 610
rail 0.0016 1187 537 1750 700
rail 0.0015 1 577 54 612
rail 0.0015 3 543 208 607
rail 0.0014 1699 877 1915 994
rail 0.0013 473 507 666 544
rail 0.0013 383 487 716 545
rail 0.0012 -1 493 118 556
rail 0.0012 -1 546 66 660
rail 0.0010 90 501 415 546
rail 0.0010 0 486 41 617
rail 0.0010 1627 649 1900 821
switch-static 0.0030 0 582 32 612
track-sign-front 0.0064 906 450 925 490
track-sign-front 0.0025 889 458 927 497
track-sign-front 0.0010 968 470 985 502
track-signal-front 0.0063 850 469 875 492
track-signal-front 0.0063 70 430 88 470
track-signal-front 0.0043 845 459 864 487
track-signal-front 0.0013 263 212 285 241
track-signal-front 0.0010 12 412 88 507
track-signal-back 0.0010 59 425 94 484
pole 0.6814 538 239 577 533
pole 0.3565 439 20 528 627
pole 0.2414 739 336 758 540
pole 0.1794 381 339 397 529
pole 0.1132 383 261 402 524
pole 0.1075 438 144 497 672
pole 0.0850 735 415 750 546
pole 0.0750 245 99 287 547
pole 0.0562 382 401 393 537
pole 0.0547 444 349 478 672
pole 0.0342 148 342 164 507
pole 0.0318 624 392 635 511
pole 0.0209 155 344 173 508
pole 0.0206 377 209 411 573
pole 0.0185 440 323 466 635
pole 0.0184 536 310 562 537
pole 0.0119 535 407 555 534
pole 0.0108 760 381 797 524
pole 0.0098 50 205 91 535
pole 0.0091 508 133 574 574
pole 0.0089 372 333 420 596
pole 0.0088 745 350 755 498
pole 0.0086 787 402 812 521
pole 0.0082 736 385 766 531
pole 0.0076 386 227 421 548
pole 0.0068 370 134 443 644
pole 0.0067 727 350 762 556
pole 0.0055 751 353 772 523
pole 0.0050 2 417 88 541
pole 0.0045 453 343 485 538
pole 0.0044 135 334 160 524
pole 0.0044 448 217 487 552
pole 0.0044 374 351 403 544
pole 0.0039 387 31 475 616
pole 0.0039 539 384 568 526
pole 0.0038 13 280 90 575
pole 0.0038 336 367 352 500
pole 0.0036 699 397 726 517
pole 0.0033 732 469 745 555
pole 0.0030 365 389 400 573
pole 0.0030 357 298 412 541
pole 0.0027 191 371 626 591
pole 0.0023 137 346 181 525
pole 0.0022 623 323 639 518
pole 0.0022 47 427 104 534
pole 0.0020 626 362 638 484
pole 0.0020 369 451 395 543
pole 0.0020 553 229 582 506
pole 0.0018 333 326 356 510
pole 0.0018 469 11 582 548
pole 0.0018 389 348 429 552
pole 0.0017 385 321 400 470
pole 0.0017 463 373 499 498
pole 0.0016 611 421 635 529
pole 0.0016 234 134 295 683
pole 0.0016 496 253 557 562
pole 0.0015 243 228 271 539
pole 0.0013 59 321 189 560
pole 0.0013 449 388 477 526
pole 0.0013 436 412 468 547
pole 0.0013 258 109 287 437
pole 0.0013 427 262 468 561
pole 0.0013 543 317 573 469
pole 0.0012 43 389 273 518
pole 0.0012 752 444 806 531
pole 0.0012 452 159 498 476
pole 0.0011 435 421 462 671
pole 0.0011 736 469 754 554
pole 0.0011 369 423 563 625
pole 0.0010 723 437 769 545
pole 0.0010 142 222 555 638
pole 0.0010 603 277 632 544
pole 0.0010 626 397 662 512
rail-occluder 0.0140 553 516 573 537
rail-occluder 0.0070 119 507 144 537
rail-occluder 0.0058 549 501 574 541
rail-occluder 0.0047 294 472 308 513
rail-occluder 0.0037 540 511 570 536
rail-occluder 0.0020 289 479 316 518
rail-occluder 0.0019 104 506 160 537
rail-occluder 0.0018 176 476 228 526
rail-occluder 0.0017 530 465 562 541
rail-occluder 0.0017 121 501 176 538
rail-occluder 0.0013 290 478 338 527
rail-occluder 0.0012 137 479 214 528
rail-occluder 0.0012 80 501 146 539
rail-occluder 0.0012 196 477 246 524
rail-occluder 0.0011 189 469 224 514
rail-occluder 0.0010 503 509 606 537
