guard-rail 0.0848 625 611 693 649
guard-rail 0.0539 702 627 753 655
guard-rail 0.0263 613 613 657 664
guard-rail 0.0213 763 640 809 661
guard-rail 0.0212 613 649 647 690
guard-rail 0.0189 614 670 641 696
guard-rail 0.0187 696 623 738 662
guard-rail 0.0172 716 627 775 657
guard-rail 0.0127 627 644 691 689
guard-rail 0.0112 645 661 682 707
guard-rail 0.0089 609 623 639 679
guard-rail 0.0064 756 649 809 670
guard-rail 0.0057 673 604 740 648
guard-rail 0.0054 724 607 769 652
guard-rail 0.0049 663 673 687 716
guard-rail 0.0043 701 643 750 668
guard-rail 0.0039 563 686 581 708
guard-rail 0.0031 597 669 630 706
guard-rail 0.0030 656 694 677 728
guard-rail 0.0017 725 647 785 670
guard-rail 0.0014 662 682 683 730
guard-rail 0.0014 675 641 724 676
guard-rail 0.0012 800 668 859 700
guard-rail 0.0012 501 680 527 715
guard-rail 0.0011 565 678 601 713
rail 0.9167 460 568 753 1075
rail 0.8830 783 553 1915 1077
rail 0.0351 623 602 692 649
rail 0.0275 605 567 659 599
rail 0.0177 552 556 1398 1076
rail 0.0093 572 575 630 610
rail 0.0088 552 560 633 600
rail 0.0087 589 578 649 612
rail 0.0056 610 559 656 586
rail 0.0049 594 570 685 624
rail 0.0046 458 826 761 1074
rail 0.0046 543 575 725 717
rail 0.0022 455 588 583 1075
rail 0.0021 595 592 647 638
rail 0.0018 566 556 654 614
rail 0.0015 661 568 707 604
rail 0.0014 562 557 919 1051
rail 0.0014 644 585 699 629
rail 0.0013 596 568 755 667
rail 0.0012 943 631 1480 1060
rail 0.0012 387 642 497 797
rail 0.0011 608 959 1006 1083
rail 0.0011 676 570 695 601
rail 0.0010 15 949 343 1070
rail 0.0010 654 592 813 659
switch-indicator 0.0215 434 662 457 704
switch-indicator 0.0112 386 664 467 730
switch-indicator 0.0085 374 684 437 737
switch-indicator 0.0024 347 662 420 749
switch-indicator 0.0023 369 691 399 750
switch-indicator 0.0020 672 584 717 618
switch-indicator 0.0017 741 577 762 613
switch-indicator 0.0016 373 634 409 712
switch-indicator 0.0013 337 640 383 705
switch-indicator 0.0012 361 649 494 766
switch-left 0.2711 453 905 761 1074
switch-left 0.0330 621 601 694 652
switch-left 0.0128 451 1007 760 1083
switch-left 0.0098 466 688 755 1078
switch-left 0.0069 460 966 893 1085
switch-left 0.0012 415 964 791 1148
switch-left 0.0012 573 973 783 1080
switch-right 0.1968 452 876 761 1077
switch-right 0.0501 625 612 693 649
switch-right 0.0093 639 618 699 663
switch-unknown 0.2465 627 607 688 637
switch-unknown 0.0735 607 584 672 625
switch-unknown 0.0371 591 582 647 609
switch-unknown 0.0337 608 567 657 597
switch-unknown 0.0136 579 578 626 606
switch-unknown 0.0106 614 559 653 585
switch-unknown 0.0059 643 582 702 627
switch-unknown 0.0035 599 590 647 638
switch-static 0.1023 382 693 468 729
switch-static 0.0969 207 994 423 1062
switch-static 0.0930 409 679 472 723
switch-static 0.0770 773 957 1013 1070
switch-static 0.0411 232 992 375 1045
switch-static 0.0210 731 756 766 782
switch-static 0.0209 416 694 490 721
switch-static 0.0204 90 979 428 1072
switch-static 0.0204 810 649 860 675
switch-static 0.0196 433 663 467 698
switch-static 0.0189 794 643 843 667
switch-static 0.0129 784 641 816 661
switch-static 0.0092 781 644 827 669
switch-static 0.0077 373 693 436 739
switch-static 0.0076 847 1016 996 1074
switch-static 0.0071 217 960 469 1072
switch-static 0.0061 788 953 972 1031
switch-static 0.0053 188 1012 490 1087
switch-static 0.0053 222 1012 377 1079
switch-static 0.0031 833 660 888 688
switch-static 0.0031 454 677 508 713
switch-static 0.0026 367 654 479 748
switch-static 0.0025 866 980 975 1073
switch-static 0.0024 246 957 394 1042
switch-static 0.0022 844 971 948 1051
switch-static 0.0021 714 579 765 622
switch-static 0.0019 742 1003 1015 1089
switch-static 0.0017 727 962 933 1051
switch-static 0.0016 686 923 1004 1040
switch-static 0.0015 18 999 354 1078
switch-static 0.0015 299 972 485 1043
switch-static 0.0014 390 687 484 748
switch-static 0.0013 176 923 450 1041
switch-static 0.0012 293 996 388 1065
switch-static 0.0010 468 663 510 697
switch-static 0.0010 829 959 926 1021
track-sign-front 0.1667 1051 512 1066 542
track-sign-front 0.0414 209 700 254 770
track-sign-front 0.0350 1225 616 1246 644
track-sign-front 0.0162 791 510 817 568
track-sign-front 0.0107 679 573 694 596
track-sign-front 0.0103 745 577 761 604
track-sign-front 0.0071 679 568 701 600
track-sign-front 0.0066 1071 495 1102 546
track-sign-front 0.0057 782 525 815 573
track-sign-front 0.0055 940 568 952 591
track-sign-front 0.0045 1223 582 1246 654
track-sign-front 0.0042 792 540 819 597
track-sign-front 0.0035 1045 511 1073 545
track-sign-front 0.0034 669 523 692 584
track-sign-front 0.0030 421 534 445 574
track-sign-front 0.0026 1087 490 1098 531
track-sign-front 0.0026 942 559 982 587
track-sign-front 0.0026 978 555 1009 578
track-sign-front 0.0025 932 570 949 591
track-sign-front 0.0025 741 519 763 580
track-sign-front 0.0022 745 578 785 614
track-sign-front 0.0021 352 559 377 600
track-sign-front 0.0020 1762 479 1790 528
track-sign-front 0.0020 1049 521 1065 556
track-sign-front 0.0019 405 527 443 576
track-sign-front 0.0019 519 514 545 570
track-sign-front 0.0018 792 564 820 618
track-sign-front 0.0018 384 510 408 552
track-sign-front 0.0017 359 533 381 600
track-sign-front 0.0014 211 690 248 742
track-sign-front 0.0011 569 517 613 600
track-sign-front 0.0010 212 712 257 817
track-sign-front 0.0010 940 557 958 583
track-sign-front 0.0010 392 510 431 555
track-signal-front 0.0359 528 513 538 533
track-signal-front 0.0083 523 508 535 527
track-signal-front 0.0013 391 366 403 394
track-signal-back 0.0505 528 514 537 532
track-signal-back 0.0160 789 497 817 574
track-signal-back 0.0072 668 509 686 557
track-signal-back 0.0044 600 459 614 577
track-signal-back 0.0044 868 472 880 563
track-signal-back 0.0043 526 509 539 536
track-signal-back 0.0027 594 478 609 582
track-signal-back 0.0021 358 556 379 600
track-signal-back 0.0015 1089 488 1105 518
track-signal-back 0.0015 553 476 570 508
track-signal-back 0.0012 832 449 870 565
track-signal-back 0.0011 678 427 696 556
track-signal-back 0.0011 546 472 572 524
track-signal-back 0.0011 581 457 615 554
track-signal-back 0.0010 389 368 402 401
pole 0.2136 785 340 809 627
pole 0.1118 741 376 758 602
pole 0.0279 690 397 717 601
pole 0.0250 790 472 816 595
pole 0.0245 801 388 827 624
pole 0.0180 678 397 696 612
pole 0.0162 745 435 757 579
pole 0.0145 1207 34 1250 691
pole 0.0143 598 465 611 588
pole 0.0125 777 363 825 618
pole 0.0092 738 360 772 609
pole 0.0072 734 430 762 579
pole 0.0036 788 416 808 560
pole 0.0030 585 518 640 602
pole 0.0030 1675 -18 1794 945
pole 0.0029 804 441 831 577
pole 0.0021 669 480 686 583
pole 0.0020 867 466 880 578
pole 0.0018 828 426 862 624
pole 0.0014 681 461 725 588
pole 0.0013 825 468 869 583
pole 0.0013 793 531 819 605
pole 0.0011 1165 35 1249 699
