rail 0.9495 247 608 835 1079
rail 0.9387 732 602 1202 1077
rail 0.0027 535 617 839 1070
rail 0.0017 421 680 678 1016
track-sign-front 0.1234 946 593 962 612
track-sign-front 0.0786 726 568 742 607
track-sign-front 0.0525 1350 686 1384 734
track-sign-front 0.0308 944 588 960 606
track-sign-front 0.0178 785 581 798 605
track-sign-front 0.0154 780 575 794 609
track-sign-front 0.0131 1352 615 1390 738
track-sign-front 0.0077 712 565 736 622
track-sign-front 0.0070 723 554 753 632
track-sign-front 0.0060 1353 671 1392 741
track-sign-front 0.0047 903 588 940 614
track-sign-front 0.0040 898 587 921 611
track-sign-front 0.0029 940 592 970 616
track-sign-front 0.0027 1075 611 1101 633
track-sign-front 0.0019 699 518 737 627
track-sign-front 0.0018 1327 683 1389 739
track-sign-front 0.0013 948 590 986 629
track-sign-front 0.0013 847 567 866 618
track-sign-front 0.0013 978 601 999 632
track-sign-front 0.0012 937 586 965 608
track-sign-front 0.0011 1359 585 1394 689
pole 0.1537 734 471 759 635
pole 0.0430 724 550 744 619
pole 0.0216 767 543 793 615
pole 0.0133 754 494 778 623
pole 0.0125 784 558 799 606
pole 0.0071 725 577 743 646
pole 0.0061 711 449 749 667
pole 0.0057 793 497 814 618
pole 0.0045 702 457 734 656
pole 0.0044 714 491 766 643
pole 0.0035 726 556 751 641
pole 0.0031 778 576 795 615
pole 0.0028 740 488 787 626
pole 0.0025 728 582 756 654
pole 0.0020 783 579 799 611
pole 0.0013 766 583 798 645
pole 0.0013 685 373 729 682
pole 0.0011 801 501 822 611
pole 0.0010 775 495 824 620
pole 0.0010 803 482 814 599
