crossing 0.5157 758 848 1215 1076
crossing 0.0039 650 816 1143 1012
crossing 0.0022 755 848 1063 989
crossing 0.0017 774 842 1040 930
rail 0.9105 474 553 1229 1077
rail 0.0022 -2 505 1095 1083
rail 0.0010 292 524 1145 891
switch-indicator 0.0022 563 641 577 670
track-sign-front 0.0156 0 481 28 636
track-sign-front 0.0103 530 522 545 570
track-sign-front 0.0051 1244 567 1310 701
track-sign-front 0.0010 1239 623 1304 700
track-signal-back 0.0288 1 439 30 507
track-signal-back 0.0256 -1 445 30 598
track-signal-back 0.0010 431 613 453 681
person 0.6440 1829 623 1921 909
person 0.0167 1836 639 1919 776
person 0.0138 1870 655 1923 958
person 0.0039 1555 851 1681 1000
person 0.0035 1803 626 1894 867
person 0.0025 1493 846 1708 1028
person 0.0013 1578 858 1662 968
person 0.0013 1832 696 1916 841
person 0.0012 1747 651 1923 1045
pole 0.0124 527 530 545 577
pole 0.0041 535 519 557 584
pole 0.0016 500 497 545 584
pole 0.0010 535 535 570 605
rail-occluder 0.0176 514 529 542 575
rail-occluder 0.0064 503 532 541 603
rail-occluder 0.0044 522 532 543 600
rail-occluder 0.0018 471 514 525 587
rail-occluder 0.0014 459 531 558 597
