guard-rail 0.0037 1207 416 1254 584
guard-rail 0.0011 1204 414 1240 542
rail 0.9231 708 396 1284 1075
rail 0.9089 1217 395 1902 1076
rail 0.3550 1201 404 1517 1079
rail 0.2776 1112 401 1256 1083
rail 0.0035 1109 491 1193 1087
rail 0.0031 1012 388 1396 1085
rail 0.0022 1203 401 1264 563
rail 0.0017 890 446 1148 1046
rail 0.0015 1471 471 1713 1032
rail 0.0011 1153 398 1294 569
rail 0.0011 1009 429 1167 1060
track-sign-front 0.0085 994 423 1010 444
track-sign-front 0.0027 868 476 891 541
track-sign-front 0.0025 992 427 1008 455
