crossing 0.0028 1837 705 1920 761
crossing 0.0021 949 597 1052 639
crossing 0.0013 1810 686 1919 774
guard-rail 0.0039 1053 658 1073 705
guard-rail 0.0015 1035 652 1074 707
train-car 0.0011 -5 492 151 578
train-car 0.0010 492 381 616 588
rail 0.9336 8 500 1008 1071
rail 0.8960 931 491 1253 1073
rail 0.8112 1050 482 1916 861
rail 0.5741 1182 488 1918 638
rail 0.3974 -2 572 480 747
rail 0.1584 1378 503 1923 605
rail 0.0991 -6 532 426 615
rail 0.0819 -2 549 403 671
rail 0.0494 1485 524 1926 649
rail 0.0366 1590 525 1919 602
rail 0.0257 1374 526 1927 733
rail 0.0246 1191 485 1877 563
rail 0.0165 -2 611 352 801
rail 0.0157 55 533 629 693
rail 0.0136 -14 505 860 723
rail 0.0116 976 491 1041 520
rail 0.0116 1651 549 1922 640
rail 0.0110 1 599 360 711
rail 0.0095 -5 635 267 753
rail 0.0092 -7 510 363 586
rail 0.0091 1804 586 1920 647
rail 0.0077 1640 552 1922 730
rail 0.0071 1742 542 1921 599
rail 0.0069 4 548 238 652
rail 0.0064 -2 546 152 610
rail 0.0060 1832 599 1920 675
rail 0.0054 1806 710 1919 1070
rail 0.0050 1809 681 1921 886
rail 0.0050 1790 615 1920 796
rail 0.0047 1591 506 1918 571
rail 0.0045 644 498 1022 620
rail 0.0044 0 594 503 879
rail 0.0042 99 578 459 685
rail 0.0042 1836 667 1919 776
rail 0.0041 1834 711 1920 811
rail 0.0040 1030 482 1094 513
rail 0.0040 969 504 1046 532
rail 0.0039 1068 479 1104 509
rail 0.0039 -1 618 147 720
rail 0.0038 949 497 1023 539
rail 0.0036 49 501 550 576
rail 0.0034 1802 582 1919 729
rail 0.0032 -19 534 235 583
rail 0.0028 1013 484 1079 519
rail 0.0028 749 499 1024 578
rail 0.0027 1709 636 1925 895
rail 0.0027 1878 568 1921 721
rail 0.0026 891 538 1524 1089
rail 0.0025 0 560 94 653
rail 0.0024 1839 560 1921 602
rail 0.0024 238 548 558 656
rail 0.0024 1275 448 1842 546
rail 0.0024 -5 553 89 605
rail 0.0024 65 632 183 706
rail 0.0023 121 619 405 711
rail 0.0023 1149 478 1598 542
rail 0.0023 1032 441 1084 516
rail 0.0021 900 500 1010 545
rail 0.0020 -1 648 155 824
rail 0.0020 949 487 1063 533
rail 0.0019 1834 548 1921 626
rail 0.0018 1827 555 1928 692
rail 0.0018 -3 583 194 784
rail 0.0018 824 510 990 550
rail 0.0018 1488 519 1852 580
rail 0.0018 -7 653 132 737
rail 0.0017 -4 481 475 650
rail 0.0016 -8 528 127 588
rail 0.0016 1200 400 1930 714
rail 0.0015 0 592 81 717
rail 0.0015 1891 606 1920 784
rail 0.0014 1434 563 1920 960
rail 0.0014 960 469 1071 512
rail 0.0013 966 485 1033 512
rail 0.0012 304 541 511 629
rail 0.0012 1731 514 1932 633
rail 0.0012 1360 507 1504 544
rail 0.0012 110 526 434 588
rail 0.0012 1176 556 1942 1123
rail 0.0011 1589 590 1925 818
rail 0.0011 1061 482 1541 640
rail 0.0011 1710 584 1917 704
rail 0.0010 1159 494 1396 545
rail 0.0010 1879 694 1921 934
rail 0.0010 1181 516 1746 700
rail 0.0010 751 516 951 561
rail 0.0010 1473 514 1663 586
switch-indicator 0.0079 109 606 130 660
switch-indicator 0.0034 104 597 127 633
switch-indicator 0.0016 98 596 144 675
switch-unknown 0.2029 957 510 1004 532
switch-unknown 0.1825 960 500 1011 526
switch-unknown 0.0276 975 490 1038 520
switch-unknown 0.0174 915 509 986 536
switch-unknown 0.0143 1070 481 1102 505
switch-unknown 0.0116 900 514 964 537
switch-unknown 0.0096 1072 472 1097 500
switch-unknown 0.0088 930 498 986 528
switch-unknown 0.0062 972 503 1043 533
switch-unknown 0.0056 999 452 1031 515
switch-unknown 0.0039 950 519 1003 546
switch-unknown 0.0018 1083 477 1137 508
switch-unknown 0.0014 1012 501 1068 531
switch-unknown 0.0011 949 461 991 525
switch-static 0.0593 1837 601 1917 634
switch-static 0.0114 1875 593 1921 624
switch-static 0.0012 1823 608 1916 663
track-sign-front 0.5479 557 395 597 421
track-sign-front 0.3935 626 361 680 413
track-sign-front 0.2591 563 510 590 529
track-sign-front 0.0495 561 499 588 542
track-sign-front 0.0475 1238 383 1275 422
track-sign-front 0.0430 1384 463 1400 530
track-sign-front 0.0366 585 314 694 355
track-sign-front 0.0364 1447 485 1461 537
track-sign-front 0.0357 1444 407 1465 493
track-sign-front 0.0352 608 350 675 397
track-sign-front 0.0331 1493 369 1527 400
track-sign-front 0.0288 956 423 975 456
track-sign-front 0.0185 1239 357 1276 447
track-sign-front 0.0146 563 390 615 418
track-sign-front 0.0095 562 507 591 583
track-sign-front 0.0086 613 360 641 412
track-sign-front 0.0082 1740 417 1763 448
track-sign-front 0.0080 884 463 895 493
track-sign-front 0.0068 1003 424 1020 486
track-sign-front 0.0054 1104 458 1129 498
track-sign-front 0.0050 1236 315 1276 530
track-sign-front 0.0049 1298 319 1314 348
track-sign-front 0.0044 645 377 682 414
track-sign-front 0.0038 658 334 699 379
track-sign-front 0.0036 550 390 601 431
track-sign-front 0.0030 810 365 841 389
track-sign-front 0.0029 618 607 661 685
track-sign-front 0.0028 884 448 897 490
track-sign-front 0.0027 879 419 894 437
track-sign-front 0.0026 618 287 685 508
track-sign-front 0.0024 821 370 844 393
track-sign-front 0.0024 1527 315 1544 350
track-sign-front 0.0024 619 528 663 717
track-sign-front 0.0023 619 598 660 640
track-sign-front 0.0019 566 416 593 467
track-sign-front 0.0016 979 393 1019 473
track-sign-front 0.0015 621 598 681 654
track-sign-front 0.0015 631 608 677 684
track-sign-front 0.0014 553 366 613 450
track-sign-front 0.0014 563 522 588 620
track-sign-front 0.0013 613 619 667 742
track-sign-front 0.0012 1496 341 1540 411
track-sign-front 0.0011 621 363 697 443
track-sign-front 0.0010 1217 265 1231 301
track-sign-front 0.0010 518 423 609 606
track-sign-front 0.0010 1281 269 1298 304
track-sign-front 0.0010 561 497 633 559
track-signal-front 0.8364 594 88 707 254
track-signal-front 0.7476 553 312 595 373
track-signal-front 0.5402 1384 380 1401 411
track-signal-front 0.4379 1049 393 1063 425
track-signal-front 0.3417 1444 378 1466 427
track-signal-front 0.1852 1051 374 1068 422
track-signal-front 0.1605 1048 391 1065 448
track-signal-front 0.1496 1444 411 1466 441
track-signal-front 0.1101 1302 331 1316 354
track-signal-front 0.0931 1163 408 1178 431
track-signal-front 0.0902 1063 346 1083 393
track-signal-front 0.0478 1384 398 1401 463
track-signal-front 0.0385 1441 402 1468 461
track-signal-front 0.0312 1382 366 1402 497
track-signal-front 0.0268 544 311 649 371
track-signal-front 0.0186 582 313 694 364
track-signal-front 0.0166 1008 429 1020 478
track-signal-front 0.0145 1006 398 1020 490
track-signal-front 0.0134 1066 350 1091 412
track-signal-front 0.0124 1750 361 1767 402
track-signal-front 0.0123 1392 343 1471 524
track-signal-front 0.0118 1295 329 1312 356
track-signal-front 0.0076 645 317 701 356
track-signal-front 0.0073 1444 349 1471 454
track-signal-front 0.0064 1442 315 1464 419
track-signal-front 0.0064 1811 384 1833 411
track-signal-front 0.0059 1736 414 1762 446
track-signal-front 0.0058 1752 291 1771 461
track-signal-front 0.0055 1042 385 1071 435
track-signal-front 0.0052 1016 302 1034 372
track-signal-front 0.0048 1810 364 1848 445
track-signal-front 0.0048 1750 344 1769 420
track-signal-front 0.0047 1294 327 1321 360
track-signal-front 0.0046 1042 363 1072 480
track-signal-front 0.0044 1055 368 1107 451
track-signal-front 0.0040 1052 332 1082 443
track-signal-front 0.0039 1806 386 1826 419
track-signal-front 0.0038 541 307 613 412
track-signal-front 0.0037 1741 363 1768 457
track-signal-front 0.0036 1820 363 1844 413
track-signal-front 0.0033 1302 333 1319 377
track-signal-front 0.0031 1295 307 1312 377
track-signal-front 0.0025 1383 346 1436 435
track-signal-front 0.0025 1157 405 1184 434
track-signal-front 0.0023 1828 409 1846 450
track-signal-front 0.0021 513 27 570 174
track-signal-front 0.0021 1412 343 1466 459
track-signal-front 0.0019 1404 367 1456 419
track-signal-front 0.0019 584 210 707 449
track-signal-front 0.0018 1382 356 1409 403
track-signal-front 0.0017 1487 369 1519 413
track-signal-front 0.0017 1024 300 1073 467
track-signal-front 0.0016 1115 386 1162 474
track-signal-front 0.0014 999 372 1019 459
track-signal-front 0.0014 1527 311 1545 349
track-signal-front 0.0014 515 55 560 138
track-signal-front 0.0014 1825 335 1847 412
track-signal-front 0.0012 1527 282 1548 351
track-signal-front 0.0012 1021 324 1066 401
track-signal-front 0.0012 1733 394 1767 452
track-signal-front 0.0012 1375 354 1401 434
track-signal-front 0.0011 453 139 472 174
track-signal-front 0.0010 1085 369 1120 456
track-signal-front 0.0010 1277 317 1315 389
track-signal-front 0.0010 451 241 468 289
track-signal-back 0.0202 955 419 975 450
track-signal-back 0.0047 1062 335 1080 379
track-signal-back 0.0021 655 305 702 358
track-signal-back 0.0018 1440 309 1463 392
track-signal-back 0.0014 996 378 1012 456
pole 0.6118 1234 100 1278 645
pole 0.3417 615 365 686 843
pole 0.1780 1049 387 1064 514
pole 0.1552 1381 376 1398 546
pole 0.1389 396 63 445 650
pole 0.0661 1442 386 1467 514
pole 0.0416 1445 425 1464 544
pole 0.0410 1047 444 1060 514
pole 0.0368 1533 280 1555 540
pole 0.0179 1383 462 1401 536
pole 0.0131 1004 367 1020 517
pole 0.0130 1043 348 1073 505
pole 0.0125 1740 211 1780 586
pole 0.0110 592 183 712 840
pole 0.0081 1507 292 1559 531
pole 0.0078 1399 370 1444 549
pole 0.0075 1246 105 1319 643
pole 0.0074 365 446 838 940
pole 0.0067 1378 360 1404 492
pole 0.0063 1113 436 1129 492
pole 0.0062 1201 107 1304 647
pole 0.0060 556 285 658 750
pole 0.0053 1007 419 1022 492
pole 0.0050 373 82 421 654
pole 0.0047 1065 411 1097 503
pole 0.0045 1527 333 1551 530
pole 0.0043 1032 365 1072 558
pole 0.0042 409 253 456 659
pole 0.0042 1723 414 1737 543
pole 0.0038 1237 309 1276 596
pole 0.0037 1536 383 1551 524
pole 0.0036 617 601 682 861
pole 0.0035 1098 369 1130 499
pole 0.0035 632 347 691 457
pole 0.0032 1439 364 1474 549
pole 0.0031 579 496 742 854
pole 0.0030 1060 342 1101 507
pole 0.0030 994 331 1014 500
pole 0.0029 1169 391 1193 506
pole 0.0027 1723 373 1758 533
pole 0.0027 1215 279 1283 634
pole 0.0027 532 421 600 605
pole 0.0027 639 398 672 703
pole 0.0026 560 381 597 595
pole 0.0024 1222 385 1269 641
pole 0.0024 369 69 471 646
pole 0.0023 1756 186 1780 498
pole 0.0022 1540 271 1567 543
pole 0.0022 1358 367 1387 539
pole 0.0021 565 514 592 622
pole 0.0021 1000 452 1031 522
pole 0.0020 1334 381 1433 550
pole 0.0020 1744 191 1812 622
pole 0.0019 1714 368 1735 548
pole 0.0017 1170 453 1191 501
pole 0.0017 1721 324 1775 611
pole 0.0017 1378 451 1432 563
pole 0.0016 381 336 446 670
pole 0.0016 1149 394 1187 498
pole 0.0016 1247 150 1267 492
pole 0.0016 710 236 741 606
pole 0.0015 1719 459 1736 554
pole 0.0015 1535 344 1553 486
pole 0.0014 497 373 612 594
pole 0.0013 1422 369 1494 548
pole 0.0012 598 314 715 496
pole 0.0012 1253 265 1281 507
pole 0.0011 1457 367 1562 590
pole 0.0011 633 360 661 656
pole 0.0011 616 271 709 691
pole 0.0011 1522 174 1559 507
pole 0.0010 1005 309 1081 548
pole 0.0010 1523 388 1577 584
pole 0.0010 468 389 674 641
pole 0.0010 299 36 462 589
pole 0.0010 1711 265 1755 568
rail-occluder 0.1282 613 592 673 832
rail-occluder 0.0475 1448 495 1462 543
rail-occluder 0.0367 1576 498 1596 529
rail-occluder 0.0227 1450 491 1462 523
rail-occluder 0.0208 1047 478 1072 513
rail-occluder 0.0174 114 654 131 681
rail-occluder 0.0165 1040 478 1063 520
rail-occluder 0.0155 112 615 132 683
rail-occluder 0.0114 1384 495 1400 540
rail-occluder 0.0048 115 661 134 699
rail-occluder 0.0047 1445 521 1461 547
rail-occluder 0.0040 413 560 436 632
rail-occluder 0.0033 418 564 451 633
rail-occluder 0.0032 1725 513 1740 545
rail-occluder 0.0027 1406 504 1508 543
rail-occluder 0.0023 244 640 271 678
rail-occluder 0.0018 1511 504 1546 531
rail-occluder 0.0017 1431 495 1477 545
rail-occluder 0.0016 555 500 594 603
rail-occluder 0.0014 1522 504 1564 534
rail-occluder 0.0013 286 573 310 622
rail-occluder 0.0012 325 555 491 649
rail-occluder 0.0012 1465 508 1529 536
rail-occluder 0.0011 1354 495 1432 539
rail-occluder 0.0011 628 596 681 702
rail-occluder 0.0010 1371 460 1415 543
