crossing 0.4637 732 257 923 385
crossing 0.0045 665 443 897 516
crossing 0.0044 773 267 887 365
crossing 0.0037 772 242 919 291
crossing 0.0014 655 119 1052 494
crossing 0.0010 705 324 906 426
crossing 0.0010 212 238 588 400
guard-rail 0.0409 12 920 422 1078
guard-rail 0.0123 22 955 290 1075
guard-rail 0.0032 322 947 390 1076
guard-rail 0.0027 52 981 218 1072
guard-rail 0.0010 304 920 410 1066
guard-rail 0.0010 28 1016 191 1077
platform 0.0786 1012 46 1261 244
platform 0.0612 998 72 1887 495
platform 0.0321 0 25 337 384
platform 0.0101 1237 0 1460 360
platform 0.0087 978 31 1391 331
platform 0.0054 969 2 1628 413
platform 0.0024 -2 205 322 369
platform 0.0020 913 80 1206 262
rail 0.8889 338 72 953 1077
rail 0.5396 2 54 822 982
rail 0.4603 332 461 1930 1073
rail 0.0781 2 185 561 819
rail 0.0311 0 701 1233 1073
rail 0.0311 -1 66 458 443
rail 0.0138 28 828 842 1075
rail 0.0107 975 151 1900 554
rail 0.0098 12 886 515 1073
rail 0.0082 1032 332 1923 593
rail 0.0081 9 216 516 524
rail 0.0057 1455 491 1921 675
rail 0.0055 645 70 1162 1091
rail 0.0054 794 62 958 1079
rail 0.0048 368 401 932 784
rail 0.0043 1431 444 1924 609
rail 0.0035 1040 424 1920 732
rail 0.0035 4 207 336 417
rail 0.0030 -9 264 393 684
rail 0.0029 672 387 1891 889
rail 0.0027 467 635 1539 1068
rail 0.0027 1472 539 1919 769
rail 0.0025 1158 270 1940 513
rail 0.0022 18 348 410 1047
rail 0.0019 116 910 732 1088
rail 0.0018 -20 -95 460 267
rail 0.0014 1268 516 1905 832
rail 0.0012 1312 403 1904 548
rail 0.0012 1429 539 1928 1021
rail 0.0011 1728 512 1922 687
rail 0.0010 1609 542 1906 671
rail 0.0010 2 306 315 414
track-sign-front 0.0077 1657 58 1693 200
track-sign-front 0.0015 1664 49 1697 149
person-group 0.4042 12 -9 385 286
person-group 0.0505 -1 9 218 358
person-group 0.0399 210 0 376 256
person-group 0.0175 106 27 345 253
person-group 0.0040 5 50 159 292
person-group 0.0031 1083 -29 1329 189
person-group 0.0021 1144 -27 1664 304
person-group 0.0013 70 60 185 279
person-group 0.0010 188 -49 460 204
car 0.8810 436 59 685 260
car 0.7765 640 8 767 124
car 0.4498 861 4 956 82
car 0.2731 753 8 834 71
car 0.0357 938 1 976 72
car 0.0228 707 -2 848 91
car 0.0083 814 0 872 47
car 0.0058 412 39 570 245
car 0.0029 491 57 677 153
car 0.0025 636 -9 760 74
car 0.0019 834 1 933 66
car 0.0018 693 -61 1072 160
car 0.0017 461 121 641 239
car 0.0015 343 38 733 296
car 0.0013 641 -23 921 180
car 0.0012 788 -20 1023 181
car 0.0012 463 -19 965 264
person 0.6227 1420 -10 1520 299
person 0.5343 1009 -4 1052 102
person 0.5165 1332 -7 1414 289
person 0.4080 1058 -7 1106 178
person 0.2576 1347 -13 1492 299
person 0.2432 411 17 478 207
person 0.1043 307 5 378 255
person 0.0912 1100 -3 1140 145
person 0.0600 947 -5 980 71
person 0.0590 1257 -14 1305 197
person 0.0514 1205 -10 1271 198
person 0.0474 240 0 377 259
person 0.0394 980 -5 1040 103
person 0.0303 1226 -10 1295 168
person 0.0246 3 31 73 342
person 0.0209 978 -6 1006 69
person 0.0175 1278 -15 1439 280
person 0.0162 1475 -16 1544 301
person 0.0154 213 9 328 241
person 0.0148 1111 -10 1176 191
person 0.0142 9 32 151 306
person 0.0140 874 0 974 81
person 0.0123 361 14 486 242
person 0.0105 1313 -13 1384 294
person 0.0099 -1 42 31 348
person 0.0099 1039 6 1101 238
person 0.0094 3 34 318 380
person 0.0077 1079 -13 1133 239
person 0.0076 165 32 287 248
person 0.0055 1502 -3 1592 278
person 0.0051 0 128 44 386
person 0.0049 1201 -22 1343 190
person 0.0047 1198 -12 1247 160
person 0.0045 1051 20 1126 260
person 0.0044 345 -2 403 212
person 0.0043 368 -1 421 203
person 0.0033 985 31 1195 252
person 0.0032 1268 -11 1336 250
person 0.0028 1054 -8 1093 91
person 0.0025 128 28 236 256
person 0.0025 984 -6 1008 42
person 0.0023 49 -8 172 260
person 0.0021 1396 4 1660 343
person 0.0021 1073 -16 1106 98
person 0.0020 1379 -104 1589 241
person 0.0019 213 22 627 298
person 0.0019 1212 -3 1265 124
person 0.0018 1103 -15 1132 96
person 0.0017 322 70 376 216
person 0.0017 1538 -2 1611 266
person 0.0017 999 -11 1173 163
person 0.0016 263 29 343 288
person 0.0016 1651 87 1693 230
person 0.0016 1 103 106 414
person 0.0015 752 -182 1064 78
person 0.0015 1344 70 1408 218
person 0.0014 974 9 1017 106
person 0.0013 32 121 135 304
person 0.0013 942 -11 1010 68
person 0.0013 1267 7 1314 140
person 0.0011 950 12 996 102
person 0.0011 1320 -163 1644 288
person 0.0010 1162 -20 1214 167
person 0.0010 1131 8 1180 139
person 0.0010 1105 -28 1215 147
pole 0.0024 1888 49 1921 601
pole 0.0012 1864 -15 1921 667
