crossing 0.0010 1015 755 1129 831
rail 0.9493 995 596 1243 1072
rail 0.9487 354 597 1027 1076
rail 0.0118 966 605 1025 640
rail 0.0089 10 924 217 1080
rail 0.0080 3 865 242 1039
rail 0.0057 948 609 1008 645
rail 0.0054 989 601 1044 627
rail 0.0035 7 839 403 1074
rail 0.0033 973 616 1003 647
rail 0.0026 7 836 305 987
rail 0.0021 552 683 786 1012
rail 0.0021 950 622 1000 651
rail 0.0014 1017 600 1057 634
rail 0.0014 -4 850 189 978
rail 0.0014 972 578 1030 640
rail 0.0013 943 603 1029 653
rail 0.0011 1423 686 1923 1081
switch-indicator 0.0019 802 669 821 697
switch-unknown 0.0170 974 607 1016 640
switch-unknown 0.0158 981 602 1043 634
switch-unknown 0.0092 976 620 1001 644
switch-unknown 0.0090 956 604 1004 646
switch-unknown 0.0072 955 624 997 651
switch-unknown 0.0071 1020 602 1054 630
switch-unknown 0.0037 976 569 1022 636
switch-unknown 0.0020 1021 559 1068 628
switch-unknown 0.0011 932 633 982 662
switch-static 0.0335 13 920 221 1075
switch-static 0.0166 647 718 687 749
switch-static 0.0164 306 885 442 953
switch-static 0.0033 801 675 821 697
switch-static 0.0032 316 902 411 961
switch-static 0.0026 354 871 472 937
switch-static 0.0025 309 862 495 964
switch-static 0.0023 268 874 443 988
switch-static 0.0010 317 868 431 929
switch-static 0.0010 614 718 661 756
switch-static 0.0010 58 918 227 1020
track-sign-front 0.1790 1127 634 1140 651
track-sign-front 0.1754 935 597 951 612
track-sign-front 0.1248 1089 588 1103 607
track-sign-front 0.0893 986 563 998 580
track-sign-front 0.0431 28 911 225 1076
track-sign-front 0.0242 1141 588 1157 609
track-sign-front 0.0228 650 720 686 747
track-sign-front 0.0204 931 594 976 619
track-sign-front 0.0121 803 672 819 692
track-sign-front 0.0112 1489 643 1522 669
track-sign-front 0.0110 1256 714 1288 738
track-sign-front 0.0092 780 586 799 609
track-sign-front 0.0091 1045 562 1091 614
track-sign-front 0.0078 933 579 953 614
track-sign-front 0.0065 716 587 747 614
track-sign-front 0.0045 1347 778 1398 809
track-sign-front 0.0036 869 598 884 624
track-sign-front 0.0030 1285 609 1311 647
track-sign-front 0.0028 1495 581 1516 617
track-sign-front 0.0028 1080 586 1109 623
track-sign-front 0.0027 928 596 956 617
track-sign-front 0.0025 1174 597 1202 619
track-sign-front 0.0021 1126 627 1161 663
track-sign-front 0.0017 922 592 954 632
track-sign-front 0.0017 1119 632 1148 654
track-sign-front 0.0016 56 927 160 1047
track-sign-front 0.0013 1135 552 1158 612
track-sign-front 0.0012 1126 635 1143 678
track-sign-front 0.0012 583 597 612 648
track-sign-front 0.0010 221 677 252 717
track-sign-front 0.0010 1104 591 1144 656
track-signal-front 0.3144 1129 530 1151 566
track-signal-front 0.1727 1049 562 1062 585
track-signal-front 0.1413 986 563 999 581
track-signal-front 0.0851 1088 585 1102 604
track-signal-front 0.0570 932 377 950 401
track-signal-front 0.0162 984 561 1013 588
track-signal-front 0.0149 1125 523 1157 578
track-signal-front 0.0084 927 352 951 399
track-signal-front 0.0077 721 588 748 613
track-signal-front 0.0071 931 379 952 423
track-signal-front 0.0060 926 374 957 403
track-signal-front 0.0041 1135 523 1153 554
track-signal-front 0.0027 937 375 966 402
track-signal-front 0.0026 932 390 954 467
track-signal-front 0.0016 924 364 958 443
track-signal-front 0.0014 922 339 957 419
track-signal-front 0.0013 1041 560 1072 591
track-signal-front 0.0012 581 596 610 648
track-signal-front 0.0011 1095 551 1142 611
track-signal-front 0.0010 1080 583 1107 607
track-signal-back 0.0071 0 0 62 111
track-signal-back 0.0040 1081 205 1160 321
rail-occluder 0.0329 15 918 221 1075
