rail 0.9504 934 567 1196 1072
rail 0.9137 205 569 962 1077
rail 0.9001 990 558 1922 1056
rail 0.0738 1094 577 1921 845
rail 0.0083 1009 566 1255 643
rail 0.0039 1223 586 1901 714
rail 0.0034 1029 559 1168 682
rail 0.0025 996 562 1103 625
rail 0.0019 1108 577 1212 634
rail 0.0015 1089 558 1175 646
rail 0.0015 1022 545 1106 665
rail 0.0015 1031 574 1375 653
rail 0.0013 988 572 1058 606
rail 0.0010 1019 561 1594 796
switch-indicator 0.0040 1277 616 1291 636
switch-unknown 0.0019 956 560 990 581
switch-unknown 0.0018 973 557 1018 589
switch-unknown 0.0013 1013 566 1080 617
switch-unknown 0.0011 1111 592 1170 636
track-sign-front 0.5643 1080 581 1096 605
track-sign-front 0.1583 1078 564 1098 616
track-sign-front 0.0308 1079 528 1095 629
track-sign-front 0.0276 1114 549 1127 602
track-sign-front 0.0223 1117 510 1129 605
track-sign-front 0.0218 917 556 931 573
track-sign-front 0.0171 1109 531 1127 617
track-sign-front 0.0074 1074 550 1102 631
track-sign-front 0.0038 1273 583 1296 634
track-sign-front 0.0031 1082 652 1097 684
track-sign-front 0.0031 1262 554 1307 600
track-sign-front 0.0028 814 555 833 600
track-sign-front 0.0027 930 557 973 578
track-sign-front 0.0025 1279 614 1296 638
track-sign-front 0.0021 814 572 831 610
track-sign-front 0.0015 813 530 840 581
track-sign-front 0.0011 1084 664 1099 694
track-signal-front 0.5478 1073 464 1101 500
track-signal-front 0.0423 1073 472 1097 515
track-signal-front 0.0104 1038 456 1055 478
track-signal-front 0.0096 1036 457 1054 492
track-signal-front 0.0027 1066 462 1113 506
track-signal-front 0.0020 1055 459 1105 488
track-signal-front 0.0013 1074 474 1122 522
track-signal-front 0.0011 1117 489 1139 579
pole 0.1766 1076 482 1098 670
pole 0.1155 1079 568 1094 684
pole 0.0738 1080 498 1094 625
pole 0.0525 1069 442 1105 708
pole 0.0155 1024 465 1044 584
pole 0.0144 1115 485 1130 629
pole 0.0139 1107 490 1126 659
pole 0.0137 1015 467 1036 592
pole 0.0121 1054 474 1117 690
pole 0.0094 1072 565 1101 686
pole 0.0093 1030 463 1049 555
pole 0.0088 1005 486 1034 601
pole 0.0071 1113 543 1128 612
pole 0.0051 1058 409 1095 660
pole 0.0048 1032 456 1098 681
pole 0.0043 1460 223 1534 638
pole 0.0042 1080 545 1107 646
pole 0.0034 1072 442 1103 567
pole 0.0033 1026 516 1178 703
pole 0.0030 1074 542 1122 696
pole 0.0029 978 499 1014 598
pole 0.0025 1021 487 1053 606
pole 0.0018 955 538 984 586
pole 0.0013 1010 524 1090 639
pole 0.0012 1117 484 1139 583
pole 0.0012 1021 449 1069 588
pole 0.0011 994 554 1038 601
pole 0.0011 1017 539 1073 619
rail-occluder 0.0028 1006 574 1036 602
rail-occluder 0.0020 1076 651 1095 686
rail-occluder 0.0014 1105 558 1162 638
rail-occluder 0.0012 1128 578 1194 629
rail-occluder 0.0011 1265 616 1289 638
rail-occluder 0.0011 1273 582 1297 632
