crossing 0.2328 465 637 742 707
crossing 0.0860 385 641 722 738
crossing 0.0664 539 637 735 682
crossing 0.0428 1 574 826 935
crossing 0.0161 827 637 1066 747
crossing 0.0132 350 616 762 805
crossing 0.0067 -1 664 506 887
crossing 0.0066 584 624 762 672
crossing 0.0059 875 621 1063 690
crossing 0.0058 729 615 1104 902
crossing 0.0051 475 652 657 726
crossing 0.0041 365 661 625 762
crossing 0.0022 575 645 688 687
crossing 0.0021 808 670 1072 809
crossing 0.0016 600 637 711 674
crossing 0.0015 16 993 206 1073
crossing 0.0014 488 632 654 692
crossing 0.0012 247 624 686 758
crossing 0.0012 399 650 594 716
crossing 0.0012 5 690 337 837
crossing 0.0010 164 633 760 874
train-car 0.7797 710 424 926 573
train-car 0.0366 803 422 912 558
train-car 0.0059 642 377 973 627
train-car 0.0041 720 426 830 574
train-car 0.0031 741 477 792 570
train-car 0.0016 818 425 894 483
rail 0.9295 581 555 1128 1076
rail 0.9030 8 563 869 1072
rail 0.0219 5 586 764 870
rail 0.0040 -4 657 514 902
rail 0.0012 -10 697 334 1042
track-sign-front 0.5043 1111 337 1170 392
track-sign-front 0.0213 912 286 960 332
track-sign-front 0.0118 670 454 684 479
track-sign-front 0.0117 1165 319 1184 352
track-sign-front 0.0079 1165 323 1192 386
track-sign-front 0.0076 1121 400 1156 435
track-sign-front 0.0069 1106 314 1179 407
track-sign-front 0.0042 1172 360 1194 406
track-sign-front 0.0040 587 430 600 454
track-sign-front 0.0033 1170 314 1187 343
track-sign-front 0.0026 1020 439 1038 467
track-sign-front 0.0025 920 276 968 351
track-sign-front 0.0020 1122 380 1168 436
track-sign-front 0.0019 589 433 602 463
track-sign-front 0.0018 1103 413 1133 453
track-sign-front 0.0018 528 428 542 450
track-sign-front 0.0014 1101 425 1129 467
track-sign-front 0.0013 691 537 707 573
track-sign-front 0.0013 1135 333 1190 391
track-sign-front 0.0010 664 444 684 482
track-sign-front 0.0010 1026 453 1042 493
track-signal-front 0.1235 436 331 465 397
track-signal-front 0.0688 438 355 463 388
track-signal-front 0.0621 433 286 467 398
track-signal-front 0.0093 669 368 684 396
track-signal-front 0.0060 1891 351 1918 460
track-signal-front 0.0047 846 426 870 446
track-signal-front 0.0043 441 314 481 405
track-signal-front 0.0041 1874 428 1908 463
track-signal-front 0.0040 669 372 684 416
track-signal-front 0.0030 437 360 462 464
track-signal-front 0.0024 1882 394 1920 468
track-signal-front 0.0017 668 452 686 484
track-signal-back 0.0022 1884 343 1919 455
person 0.0218 417 463 473 628
person 0.0211 285 436 359 634
person 0.0070 743 486 774 567
person 0.0049 730 465 791 568
person 0.0033 221 466 295 648
person 0.0024 713 441 817 574
person 0.0022 215 487 267 638
person 0.0013 300 447 364 563
person 0.0011 684 536 708 576
person 0.0010 224 525 253 627
