guard-rail 0.5865 516 767 576 806
guard-rail 0.0262 486 751 569 811
guard-rail 0.0126 277 776 417 824
guard-rail 0.0117 51 724 592 875
guard-rail 0.0103 239 765 392 819
guard-rail 0.0102 494 773 562 823
guard-rail 0.0092 467 713 628 842
guard-rail 0.0076 543 760 588 804
guard-rail 0.0067 520 737 623 799
guard-rail 0.0064 329 782 412 817
guard-rail 0.0057 115 750 434 849
guard-rail 0.0052 487 737 593 863
guard-rail 0.0044 441 763 551 816
guard-rail 0.0042 177 769 366 836
guard-rail 0.0033 304 788 398 823
guard-rail 0.0024 1687 630 1787 662
guard-rail 0.0022 483 695 604 741
guard-rail 0.0022 224 719 397 801
guard-rail 0.0020 428 752 563 799
guard-rail 0.0017 26 772 409 926
guard-rail 0.0016 778 629 851 654
guard-rail 0.0015 1693 639 1791 684
guard-rail 0.0015 257 764 438 848
guard-rail 0.0015 414 639 700 953
guard-rail 0.0015 232 768 329 812
guard-rail 0.0014 329 769 448 814
guard-rail 0.0013 727 641 812 675
guard-rail 0.0013 564 694 667 738
guard-rail 0.0012 1786 644 1884 690
guard-rail 0.0012 474 713 612 775
guard-rail 0.0011 308 750 441 794
guard-rail 0.0010 964 669 985 719
guard-rail 0.0010 68 791 337 901
train-car 0.5506 1100 484 1279 579
train-car 0.2586 1652 458 1919 574
train-car 0.2142 1085 474 1415 580
train-car 0.0302 1071 479 1780 622
train-car 0.0283 1591 516 1924 606
train-car 0.0176 1185 439 1431 597
train-car 0.0114 1127 491 1232 570
train-car 0.0112 1642 448 1921 688
train-car 0.0105 1688 535 1925 670
train-car 0.0095 1198 481 1268 577
train-car 0.0085 1160 491 1661 581
train-car 0.0081 1430 476 1859 608
train-car 0.0078 1728 487 1926 597
train-car 0.0073 1511 398 1915 637
train-car 0.0072 974 517 1194 556
train-car 0.0061 1096 371 1284 633
train-car 0.0058 1003 526 1120 555
train-car 0.0049 1781 467 1919 576
train-car 0.0049 1149 505 1355 580
train-car 0.0049 1044 539 1250 585
train-car 0.0045 1629 487 1664 556
train-car 0.0044 1421 511 1446 561
train-car 0.0044 991 501 1251 567
train-car 0.0035 1025 519 1099 559
train-car 0.0033 1710 476 1866 559
train-car 0.0032 1107 182 1266 814
train-car 0.0030 1237 463 1304 585
train-car 0.0026 1221 489 1476 563
train-car 0.0025 1149 395 1673 662
train-car 0.0023 1402 509 1464 563
train-car 0.0022 992 185 1418 808
train-car 0.0020 1229 512 1278 571
train-car 0.0018 1259 457 1354 594
train-car 0.0016 1371 419 1559 641
train-car 0.0016 1024 463 1272 560
train-car 0.0016 1728 486 1794 554
train-car 0.0016 1643 464 1686 550
train-car 0.0016 1641 366 1926 586
train-car 0.0015 1747 476 1825 559
train-car 0.0015 1175 520 1474 599
train-car 0.0014 1255 423 1316 597
train-car 0.0014 1292 477 1367 573
train-car 0.0014 1036 509 1132 560
train-car 0.0014 942 517 1087 555
train-car 0.0014 1428 504 1473 562
train-car 0.0013 1016 404 1841 766
train-car 0.0013 976 538 1049 562
train-car 0.0013 941 492 1108 567
train-car 0.0013 982 484 1101 534
train-car 0.0011 1356 463 1466 598
platform 0.0673 1482 542 1917 607
platform 0.0163 1121 535 1697 601
platform 0.0160 1598 518 1934 588
platform 0.0119 1365 520 1922 642
platform 0.0065 1672 558 1939 607
platform 0.0041 1223 531 1534 579
platform 0.0034 1221 549 1802 630
platform 0.0028 1224 548 1535 594
platform 0.0028 1234 460 1932 668
platform 0.0025 855 510 992 557
platform 0.0024 1535 526 1853 578
platform 0.0019 1114 500 1705 649
platform 0.0014 1314 518 1548 567
rail 0.9172 795 547 1094 1077
rail 0.8383 5 570 929 1077
rail 0.7092 2 570 875 796
rail 0.5724 1252 565 1919 708
rail 0.2950 1651 619 1918 702
rail 0.1954 1280 535 1935 648
rail 0.1337 2 618 757 896
rail 0.0802 12 714 650 1075
rail 0.0632 1472 563 1924 656
rail 0.0609 1649 629 1923 786
rail 0.0506 565 557 953 655
rail 0.0423 1601 605 1923 660
rail 0.0391 1509 595 1921 720
rail 0.0391 5 605 632 704
rail 0.0285 1718 640 1922 743
rail 0.0282 1 631 559 771
rail 0.0234 1592 573 1933 626
rail 0.0218 1727 621 1927 680
rail 0.0193 1 679 544 858
rail 0.0188 1034 552 1099 587
rail 0.0185 1702 594 1920 643
rail 0.0152 533 565 933 722
rail 0.0151 1744 638 1915 700
rail 0.0151 1347 595 1929 772
rail 0.0150 1035 540 1099 575
rail 0.0122 1027 535 1141 573
rail 0.0105 644 591 923 685
rail 0.0092 1012 535 1087 563
rail 0.0091 1775 598 1898 638
rail 0.0091 678 567 919 642
rail 0.0088 1133 550 1696 629
rail 0.0087 762 560 991 642
rail 0.0086 1822 629 1920 698
rail 0.0082 1130 529 1937 816
rail 0.0071 686 600 877 660
rail 0.0070 702 534 972 627
rail 0.0068 603 573 851 648
rail 0.0063 13 737 521 961
rail 0.0055 1734 653 1921 827
rail 0.0046 1821 600 1881 639
rail 0.0045 717 548 897 608
rail 0.0044 1298 577 1901 911
rail 0.0042 1794 652 1921 728
rail 0.0042 178 605 715 774
rail 0.0042 644 531 829 629
rail 0.0040 1034 544 1197 584
rail 0.0039 795 531 904 594
rail 0.0039 862 551 978 599
rail 0.0037 1663 626 1820 668
rail 0.0035 813 555 899 595
rail 0.0031 645 616 834 699
rail 0.0030 364 541 1056 1032
rail 0.0029 0 701 327 836
rail 0.0028 736 615 895 663
rail 0.0028 1733 575 1921 696
rail 0.0028 1727 564 1935 607
rail 0.0028 854 567 989 626
rail 0.0027 235 532 1017 757
rail 0.0027 1858 680 1921 752
rail 0.0027 871 534 970 572
rail 0.0026 1026 563 1101 607
rail 0.0026 1669 633 1826 693
rail 0.0026 987 532 1101 589
rail 0.0026 1835 589 1921 666
rail 0.0025 761 538 1070 831
rail 0.0025 909 534 984 567
rail 0.0025 839 563 921 601
rail 0.0025 906 554 989 595
rail 0.0024 1886 635 1920 717
rail 0.0024 549 598 809 654
rail 0.0023 1577 630 1869 744
rail 0.0021 847 521 1015 612
rail 0.0021 824 514 944 619
rail 0.0020 235 688 670 906
rail 0.0020 453 679 696 834
rail 0.0020 1577 555 1934 883
rail 0.0020 691 561 782 634
rail 0.0019 762 578 836 631
rail 0.0019 1879 604 1920 700
rail 0.0019 746 584 952 658
rail 0.0018 1846 643 1935 782
rail 0.0018 538 623 825 780
rail 0.0018 1678 651 1921 930
rail 0.0017 730 608 835 653
rail 0.0016 783 552 834 602
rail 0.0016 793 501 917 572
rail 0.0014 700 515 1030 702
rail 0.0014 775 528 869 579
rail 0.0012 14 584 424 678
rail 0.0012 901 507 1064 614
rail 0.0012 850 525 911 606
rail 0.0012 1103 551 1181 581
rail 0.0011 453 616 922 840
rail 0.0011 52 754 389 877
rail 0.0011 4 707 242 793
rail 0.0011 1827 574 1924 630
rail 0.0011 1270 566 1581 625
rail 0.0010 1595 619 1794 651
rail 0.0010 843 515 1130 649
rail 0.0010 13 679 323 770
rail 0.0010 682 471 945 643
rail 0.0010 1876 689 1919 898
switch-indicator 0.0971 1888 701 1920 731
switch-indicator 0.0085 1886 682 1921 751
switch-indicator 0.0032 1868 669 1924 735
switch-indicator 0.0015 434 626 462 654
switch-indicator 0.0010 1085 546 1148 584
switch-left 0.0423 604 670 730 722
switch-left 0.0080 551 682 673 746
switch-left 0.0059 675 662 769 699
switch-left 0.0057 502 720 642 799
switch-left 0.0036 656 653 793 705
switch-left 0.0028 542 678 746 761
switch-left 0.0025 517 715 658 768
switch-right 0.1016 626 669 738 710
switch-right 0.0319 687 651 779 684
switch-right 0.0298 652 662 752 697
switch-right 0.0239 701 645 791 676
switch-right 0.0092 721 628 837 663
switch-right 0.0088 573 669 694 715
switch-right 0.0069 639 650 800 705
switch-right 0.0054 544 693 686 742
switch-right 0.0039 759 627 838 653
switch-right 0.0033 510 713 664 769
switch-right 0.0026 495 694 626 742
switch-right 0.0019 722 638 819 677
switch-right 0.0013 465 711 620 778
switch-right 0.0012 1654 619 1783 653
switch-unknown 0.0136 1639 624 1798 663
switch-unknown 0.0118 981 547 997 575
switch-unknown 0.0118 1014 532 1088 563
switch-unknown 0.0094 1024 554 1088 591
switch-unknown 0.0089 1665 629 1763 658
switch-unknown 0.0059 704 646 771 676
switch-unknown 0.0040 955 547 1001 591
switch-unknown 0.0038 914 554 981 593
switch-unknown 0.0037 912 530 980 568
switch-unknown 0.0037 978 533 1048 564
switch-unknown 0.0036 777 610 826 645
switch-unknown 0.0034 584 667 682 713
switch-unknown 0.0029 744 610 821 650
switch-unknown 0.0026 886 550 957 597
switch-unknown 0.0024 785 613 852 642
switch-unknown 0.0023 912 576 972 606
switch-unknown 0.0019 1035 566 1096 602
switch-unknown 0.0019 890 577 956 612
switch-unknown 0.0016 870 569 912 606
switch-unknown 0.0014 967 542 1006 566
switch-unknown 0.0012 1667 641 1764 676
switch-unknown 0.0011 981 548 1053 592
switch-static 0.0103 569 665 661 704
switch-static 0.0102 1885 704 1921 746
switch-static 0.0063 612 658 703 694
switch-static 0.0045 1034 672 1097 708
switch-static 0.0036 1047 670 1099 694
switch-static 0.0033 1630 637 1710 670
switch-static 0.0029 365 706 406 740
switch-static 0.0028 1015 680 1082 711
switch-static 0.0022 1069 652 1107 686
switch-static 0.0022 513 682 619 721
switch-static 0.0021 1083 634 1109 666
switch-static 0.0021 1644 646 1725 673
switch-static 0.0013 998 729 1035 759
switch-static 0.0012 1878 698 1922 773
switch-static 0.0011 640 639 720 674
switch-static 0.0010 219 737 285 770
track-sign-front 0.2205 595 621 633 669
track-sign-front 0.1219 874 566 886 589
track-sign-front 0.1141 660 510 674 530
track-sign-front 0.0574 873 545 887 590
track-sign-front 0.0304 980 545 996 564
track-sign-front 0.0243 97 448 114 479
track-sign-front 0.0219 1135 554 1150 578
track-sign-front 0.0112 871 520 900 583
track-sign-front 0.0080 4 481 27 523
track-sign-front 0.0054 974 501 1012 572
track-sign-front 0.0041 1632 488 1661 555
track-sign-front 0.0038 658 511 672 570
track-sign-front 0.0034 2 482 22 552
track-sign-front 0.0026 572 513 590 547
track-sign-front 0.0019 796 518 824 564
track-sign-front 0.0015 655 510 679 536
track-sign-front 0.0015 0 470 24 689
track-sign-front 0.0014 1646 459 1687 547
track-sign-front 0.0013 1660 463 1685 521
track-sign-front 0.0013 806 512 840 568
track-sign-front 0.0013 893 496 950 566
track-sign-front 0.0012 588 539 625 626
track-sign-front 0.0011 572 516 606 577
track-sign-front 0.0010 588 527 623 592
track-sign-front 0.0010 7 497 40 557
track-signal-front 0.1537 873 472 886 496
track-signal-front 0.0547 1132 450 1147 486
track-signal-front 0.0423 873 470 886 517
track-signal-front 0.0290 1846 312 1919 366
track-signal-front 0.0217 982 451 1000 488
track-signal-front 0.0171 871 459 888 492
track-signal-front 0.0154 1136 433 1153 479
track-signal-front 0.0130 1139 427 1155 465
track-signal-front 0.0053 1874 310 1921 387
track-signal-front 0.0051 957 465 982 544
track-signal-front 0.0047 1423 513 1442 559
track-signal-front 0.0041 1631 497 1661 564
track-signal-front 0.0037 865 470 894 499
track-signal-front 0.0037 1121 457 1144 493
track-signal-front 0.0033 1428 498 1477 563
track-signal-front 0.0033 1214 480 1251 555
track-signal-front 0.0029 990 468 1034 542
track-signal-front 0.0029 1452 495 1481 566
track-signal-front 0.0024 1128 450 1163 507
track-signal-front 0.0024 1016 472 1064 535
track-signal-front 0.0022 942 475 977 534
track-signal-front 0.0021 1342 475 1366 533
track-signal-front 0.0021 844 469 887 500
track-signal-front 0.0019 1891 355 1921 417
track-signal-front 0.0015 1058 441 1077 537
track-signal-front 0.0014 1844 288 1921 413
track-signal-front 0.0014 1124 450 1155 488
track-signal-front 0.0013 986 498 1042 565
track-signal-front 0.0013 1348 474 1366 513
track-signal-front 0.0011 1897 377 1920 425
track-signal-back 0.2735 1872 256 1896 302
track-signal-back 0.0563 1865 255 1903 340
track-signal-back 0.0416 1849 312 1918 358
track-signal-back 0.0307 978 446 999 485
track-signal-back 0.0283 1853 267 1914 356
track-signal-back 0.0163 957 409 997 482
track-signal-back 0.0069 952 408 981 465
track-signal-back 0.0056 1138 424 1156 468
track-signal-back 0.0045 960 445 1000 503
track-signal-back 0.0042 1144 404 1171 454
track-signal-back 0.0016 1155 399 1199 457
track-signal-back 0.0016 1149 395 1177 441
track-signal-back 0.0016 1872 225 1907 309
track-signal-back 0.0013 947 418 980 488
person 0.0056 1632 506 1658 567
person 0.0022 1637 517 1668 570
pole 0.4828 1549 14 1639 677
pole 0.4713 1277 159 1321 624
pole 0.3513 1458 5 1487 673
pole 0.2196 1164 -1 1249 673
pole 0.1769 580 80 615 626
pole 0.1361 690 186 724 661
pole 0.1155 722 559 732 636
pole 0.0635 721 524 734 644
pole 0.0554 875 477 887 586
pole 0.0547 1448 13 1504 715
pole 0.0401 699 231 741 661
pole 0.0380 720 466 739 645
pole 0.0279 781 270 806 593
pole 0.0263 1 8 37 667
pole 0.0194 586 164 624 720
pole 0.0157 871 462 887 532
pole 0.0148 1456 318 1490 719
pole 0.0119 692 242 713 582
pole 0.0118 765 259 811 634
pole 0.0115 1264 336 1343 625
pole 0.0113 1269 277 1306 589
pole 0.0109 1783 275 1800 553
pole 0.0108 868 472 901 583
pole 0.0097 870 444 892 567
pole 0.0096 872 537 890 594
pole 0.0094 712 414 735 643
pole 0.0090 1464 408 1481 702
pole 0.0089 978 403 1007 608
pole 0.0082 711 527 756 646
pole 0.0080 981 432 1001 507
pole 0.0080 1539 120 1599 682
pole 0.0077 719 368 746 646
pole 0.0077 1593 428 1659 636
pole 0.0073 1624 467 1667 605
pole 0.0073 1245 196 1325 766
pole 0.0067 1445 415 1784 652
pole 0.0062 581 132 652 705
pole 0.0056 700 309 723 619
pole 0.0055 558 72 620 754
pole 0.0053 727 420 755 637
pole 0.0050 1292 135 1371 628
pole 0.0048 1481 -14 1627 681
pole 0.0048 1854 291 1872 537
pole 0.0047 1584 162 1654 682
pole 0.0046 1124 94 1278 860
pole 0.0046 1468 488 1485 721
pole 0.0045 1728 358 1743 570
pole 0.0043 1222 504 1246 736
pole 0.0041 958 424 985 587
pole 0.0036 4 -55 65 802
pole 0.0035 1553 404 1584 649
pole 0.0035 1733 327 1749 544
pole 0.0033 1463 154 1480 485
pole 0.0033 1400 308 1531 731
pole 0.0026 703 363 759 665
pole 0.0026 724 492 750 607
pole 0.0025 1431 508 1508 681
pole 0.0024 1539 393 1595 666
pole 0.0024 10 129 55 708
pole 0.0024 0 489 26 717
pole 0.0023 1455 448 1477 618
pole 0.0023 955 415 1018 607
pole 0.0022 1574 322 1691 643
pole 0.0022 657 491 675 598
pole 0.0021 963 417 1000 531
pole 0.0021 1410 76 1471 667
pole 0.0021 777 292 850 639
pole 0.0021 1392 270 1411 497
pole 0.0020 1468 220 1486 550
pole 0.0020 1251 284 1292 581
pole 0.0020 1545 223 1569 546
pole 0.0019 1846 258 1917 571
pole 0.0019 1729 411 1743 522
pole 0.0019 1459 491 1485 617
pole 0.0018 1058 407 1077 570
pole 0.0017 719 293 781 619
pole 0.0016 1856 292 1903 516
pole 0.0016 1299 278 1333 590
pole 0.0015 589 489 624 676
pole 0.0015 728 348 844 679
pole 0.0015 1228 546 1248 665
pole 0.0014 1660 463 1685 524
pole 0.0014 729 476 757 585
pole 0.0014 1393 157 1442 693
pole 0.0014 1536 460 1574 654
pole 0.0014 1429 483 1467 594
pole 0.0014 946 385 1007 531
pole 0.0014 1520 505 1609 673
pole 0.0014 1570 360 1627 612
pole 0.0014 1785 370 1798 497
pole 0.0014 808 457 910 608
pole 0.0014 1242 354 1285 623
pole 0.0013 1044 453 1087 560
pole 0.0013 1775 298 1816 571
pole 0.0012 1288 351 1426 627
pole 0.0012 1734 378 1748 488
pole 0.0012 1847 352 1866 569
pole 0.0012 1142 376 1234 607
pole 0.0011 587 241 619 572
pole 0.0011 968 391 1025 554
pole 0.0011 860 407 908 566
pole 0.0011 1855 356 1870 477
pole 0.0011 1394 301 1409 422
pole 0.0011 1618 484 1654 570
pole 0.0011 1240 -8 1308 587
pole 0.0010 1221 129 1479 680
pole 0.0010 1145 360 1578 620
pole 0.0010 507 76 643 693
pole 0.0010 1466 566 1486 674
pole 0.0010 1423 544 1605 675
pole 0.0010 1373 96 1468 763
pole 0.0010 678 165 745 616
pole 0.0010 1190 529 1251 767
pole 0.0010 1227 489 1703 669
pole 0.0010 679 270 709 599
pole 0.0010 752 359 804 608
rail-occluder 0.5046 595 623 639 671
rail-occluder 0.0565 721 581 731 636
rail-occluder 0.0474 616 629 659 668
rail-occluder 0.0445 875 571 888 589
rail-occluder 0.0396 1625 599 1649 643
rail-occluder 0.0267 1827 601 1853 631
rail-occluder 0.0251 843 565 868 589
rail-occluder 0.0183 872 564 889 592
rail-occluder 0.0129 837 545 863 585
rail-occluder 0.0105 1815 600 1861 634
rail-occluder 0.0095 1791 599 1832 632
rail-occluder 0.0076 1617 570 1643 647
rail-occluder 0.0071 211 648 228 690
rail-occluder 0.0066 580 647 631 693
rail-occluder 0.0057 1551 600 1586 650
rail-occluder 0.0053 804 527 834 577
rail-occluder 0.0051 1424 514 1439 565
rail-occluder 0.0049 1133 551 1153 581
rail-occluder 0.0046 1825 587 1884 632
rail-occluder 0.0045 606 660 712 697
rail-occluder 0.0044 1768 589 1900 635
rail-occluder 0.0039 1551 602 1572 643
rail-occluder 0.0036 590 553 633 674
rail-occluder 0.0036 808 552 855 588
rail-occluder 0.0034 892 531 947 569
rail-occluder 0.0034 1616 609 1665 662
rail-occluder 0.0032 979 541 999 567
rail-occluder 0.0031 1626 608 1686 646
rail-occluder 0.0030 1121 548 1173 577
rail-occluder 0.0030 1305 552 1344 603
rail-occluder 0.0029 793 552 824 593
rail-occluder 0.0029 1774 582 1817 625
rail-occluder 0.0029 538 571 697 762
rail-occluder 0.0028 782 581 817 627
rail-occluder 0.0028 1283 548 1341 608
rail-occluder 0.0028 573 583 660 697
rail-occluder 0.0025 1189 506 1428 597
rail-occluder 0.0025 719 561 757 634
rail-occluder 0.0025 1196 549 1450 607
rail-occluder 0.0024 1556 603 1625 652
rail-occluder 0.0023 1589 609 1654 662
rail-occluder 0.0021 1628 506 1662 569
rail-occluder 0.0020 1765 604 1824 641
rail-occluder 0.0019 836 569 874 601
rail-occluder 0.0018 1538 605 1604 649
rail-occluder 0.0017 1546 576 1572 631
rail-occluder 0.0017 1572 562 1652 664
rail-occluder 0.0016 862 564 898 593
rail-occluder 0.0014 1275 497 1343 600
rail-occluder 0.0014 581 553 615 648
rail-occluder 0.0013 1622 522 1652 647
rail-occluder 0.0013 1609 543 1641 630
rail-occluder 0.0013 1239 560 1404 616
rail-occluder 0.0013 1634 583 1675 625
rail-occluder 0.0013 1601 553 1688 672
rail-occluder 0.0012 1500 562 1634 666
rail-occluder 0.0011 177 647 265 693
rail-occluder 0.0011 205 627 228 684
rail-occluder 0.0011 1596 609 1719 648
rail-occluder 0.0011 1544 533 1569 623
rail-occluder 0.0011 1746 582 1843 623
rail-occluder 0.0010 751 575 816 626
rail-occluder 0.0010 365 705 405 741
