guard-rail 0.0024 809 790 852 1039
guard-rail 0.0010 793 724 859 1066
rail 0.8880 727 641 1173 1077
track-sign-front 0.0479 583 617 640 740
track-sign-front 0.0313 586 615 642 660
track-sign-front 0.0136 908 567 926 591
track-sign-front 0.0124 425 530 482 622
track-sign-front 0.0079 428 516 482 579
track-sign-front 0.0079 479 628 552 733
track-sign-front 0.0079 432 513 480 548
track-sign-front 0.0058 1058 497 1110 608
track-sign-front 0.0055 568 582 634 662
track-sign-front 0.0035 412 534 476 673
track-sign-front 0.0025 554 575 618 635
track-sign-front 0.0024 916 565 939 591
track-sign-front 0.0024 652 617 681 644
track-sign-front 0.0022 584 596 647 648
track-sign-front 0.0020 668 618 682 643
track-sign-front 0.0014 436 527 500 690
track-sign-front 0.0012 913 557 930 586
person 0.0314 584 615 643 746
person 0.0046 478 627 552 764
