crossing 0.0336 1151 605 1204 634
crossing 0.0171 1089 776 1224 813
crossing 0.0126 1140 629 1206 667
crossing 0.0099 1155 592 1203 625
crossing 0.0064 1132 645 1210 682
crossing 0.0060 1024 651 1117 679
crossing 0.0058 1024 578 1109 609
crossing 0.0047 1110 585 1165 620
crossing 0.0043 1078 576 1148 616
crossing 0.0035 1096 753 1224 799
crossing 0.0019 1114 600 1159 624
crossing 0.0018 1098 720 1225 776
crossing 0.0017 1087 599 1150 626
crossing 0.0011 1115 782 1209 822
guard-rail 0.0026 726 792 901 884
guard-rail 0.0025 988 664 1044 689
guard-rail 0.0015 799 795 884 879
guard-rail 0.0010 839 747 943 814
platform 0.8117 1247 632 1912 1076
platform 0.0016 1450 708 1674 1010
rail 0.9323 1009 591 1278 1075
rail 0.7530 269 594 1113 1080
rail 0.5464 606 873 1142 1076
rail 0.2303 203 858 990 1078
rail 0.0785 639 735 994 937
rail 0.0409 469 629 674 1077
rail 0.0361 545 687 1021 1010
rail 0.0202 658 602 1165 1072
rail 0.0145 706 781 924 897
rail 0.0112 568 879 897 1079
rail 0.0077 1011 564 1112 600
rail 0.0071 276 704 640 1082
rail 0.0055 157 611 778 1063
rail 0.0054 135 910 724 1080
rail 0.0045 704 823 1478 1076
rail 0.0044 622 674 1072 883
rail 0.0038 379 706 525 1076
rail 0.0036 1077 565 1149 597
rail 0.0036 1137 594 1207 652
rail 0.0034 264 954 841 1075
rail 0.0032 389 591 1038 899
rail 0.0031 1155 590 1203 627
rail 0.0027 1103 566 1171 599
rail 0.0026 658 965 1115 1078
rail 0.0021 802 753 1264 1070
rail 0.0021 934 617 1136 1071
rail 0.0020 465 875 709 1054
rail 0.0020 1003 640 1131 686
rail 0.0019 1111 585 1167 618
rail 0.0017 770 903 1087 1064
rail 0.0017 527 718 789 995
rail 0.0017 1017 580 1132 639
rail 0.0016 1078 571 1201 638
rail 0.0015 1125 568 1196 604
rail 0.0014 1053 554 1190 606
rail 0.0014 496 697 609 1080
rail 0.0014 670 657 1008 804
rail 0.0013 1079 581 1146 612
rail 0.0013 510 994 912 1078
rail 0.0012 903 954 1318 1079
rail 0.0011 774 594 1092 856
rail 0.0011 1287 544 1909 1003
rail 0.0010 1052 552 1131 587
rail 0.0010 -64 812 800 1099
rail 0.0010 837 605 1156 780
rail 0.0010 1578 655 1925 952
rail 0.0010 1067 624 1220 692
switch-left 0.0174 680 817 884 894
switch-left 0.0053 633 803 770 865
switch-left 0.0050 613 987 892 1075
switch-left 0.0030 711 746 958 900
switch-left 0.0022 897 699 997 741
switch-left 0.0020 975 643 1095 690
switch-left 0.0017 1004 1029 1135 1076
switch-left 0.0017 893 715 983 754
switch-left 0.0017 893 664 1047 731
switch-left 0.0014 585 765 799 942
switch-left 0.0014 949 668 1032 699
switch-left 0.0013 621 786 864 980
switch-left 0.0011 917 650 1071 708
switch-left 0.0011 867 732 960 783
switch-right 0.0602 660 807 902 895
switch-right 0.0461 616 746 960 933
switch-right 0.0081 834 727 977 779
switch-right 0.0077 762 712 1004 825
switch-right 0.0075 606 806 761 867
switch-right 0.0063 871 702 982 749
switch-right 0.0055 964 659 1048 689
switch-right 0.0051 727 779 924 861
switch-right 0.0048 803 743 959 804
switch-right 0.0047 893 678 998 717
switch-right 0.0030 663 789 799 847
switch-right 0.0029 1127 642 1214 682
switch-right 0.0028 761 753 949 836
switch-right 0.0019 834 709 1018 794
switch-right 0.0018 943 667 1038 700
switch-right 0.0016 911 690 1014 734
switch-right 0.0016 684 764 831 820
switch-right 0.0014 850 739 951 787
switch-right 0.0012 805 715 944 771
switch-right 0.0012 787 681 996 780
switch-right 0.0011 925 673 1022 711
switch-right 0.0010 848 695 954 741
switch-unknown 0.0152 985 656 1056 684
switch-unknown 0.0075 1021 644 1109 679
switch-unknown 0.0069 1055 581 1123 609
switch-unknown 0.0043 1052 564 1129 601
switch-unknown 0.0040 1081 564 1145 596
switch-unknown 0.0040 1013 566 1105 599
switch-unknown 0.0040 1106 564 1168 597
switch-unknown 0.0028 1031 608 1104 648
switch-unknown 0.0022 1049 600 1117 633
switch-unknown 0.0020 1023 578 1110 610
switch-unknown 0.0018 884 675 968 712
switch-unknown 0.0016 1012 620 1091 656
switch-unknown 0.0015 1129 564 1190 603
switch-unknown 0.0011 1063 552 1122 585
track-sign-front 0.0093 1255 315 1282 345
track-sign-front 0.0081 1226 571 1260 602
track-sign-front 0.0037 947 435 967 466
track-sign-front 0.0014 1002 488 1018 520
track-signal-front 0.0061 457 643 658 819
track-signal-back 0.0851 1258 316 1278 343
car 0.3980 420 631 659 815
car 0.0200 143 597 930 977
car 0.0058 414 588 632 1048
car 0.0057 1223 569 1263 603
car 0.0023 295 583 854 847
car 0.0010 1210 566 1269 613
person 0.6698 1342 560 1397 729
person 0.5296 1408 555 1463 725
person 0.0438 1329 557 1377 704
person 0.0268 1324 566 1362 676
person 0.0254 1373 555 1427 707
person 0.0173 1351 553 1394 653
person 0.0166 1225 570 1260 605
person 0.0137 1441 562 1480 736
person 0.0132 1409 553 1456 652
person 0.0071 1417 572 1479 777
person 0.0068 1337 559 1471 739
person 0.0027 1358 558 1387 611
person 0.0023 1277 569 1303 643
person 0.0023 1281 570 1322 671
person 0.0020 1296 571 1429 726
person 0.0017 1223 561 1272 617
person 0.0014 1866 733 1919 1056
person 0.0012 1321 562 1352 618
person 0.0012 1451 603 1483 727
person 0.0011 383 578 405 628
person 0.0011 1303 557 1357 629
pole 0.0434 492 613 630 1078
pole 0.0016 1004 482 1021 579
pole 0.0015 493 64 598 1066
rail-occluder 0.0048 1010 568 1086 600
rail-occluder 0.0035 1009 573 1044 604
rail-occluder 0.0014 1893 745 1918 846
