crossing 0.0073 877 575 915 591
crossing 0.0056 951 573 982 591
crossing 0.0025 858 567 908 592
crossing 0.0020 963 569 1026 591
crossing 0.0010 993 574 1047 598
crossing 0.0010 1 626 122 662
train-car 0.3153 1263 545 1872 643
train-car 0.0693 1472 541 1822 631
train-car 0.0221 1182 568 1870 695
train-car 0.0151 1841 561 1919 613
train-car 0.0127 1814 542 1910 614
train-car 0.0103 1256 554 1678 615
train-car 0.0062 1845 540 1925 593
train-car 0.0048 1871 558 1920 605
train-car 0.0043 1798 538 1873 620
train-car 0.0035 1887 515 1920 601
train-car 0.0034 1363 554 1565 612
train-car 0.0017 1443 477 1859 659
train-car 0.0017 1447 559 1685 630
train-car 0.0016 1781 557 1849 633
train-car 0.0015 1205 453 1896 828
train-car 0.0014 1828 516 1922 635
train-car 0.0010 1487 574 1841 662
train-car 0.0010 1296 495 1824 611
platform 0.6767 -3 557 879 811
platform 0.2994 1116 574 1888 741
platform 0.1169 42 559 903 691
platform 0.0292 1043 562 1847 673
platform 0.0226 999 559 1133 588
platform 0.0190 599 567 896 628
platform 0.0146 1095 576 1643 642
platform 0.0112 -2 635 517 821
platform 0.0097 384 559 909 658
platform 0.0050 1070 563 1139 596
platform 0.0033 1372 593 1914 706
platform 0.0024 -1 685 361 830
platform 0.0022 335 556 858 616
platform 0.0018 672 564 928 606
platform 0.0018 1379 624 1912 765
platform 0.0015 1704 641 1923 735
platform 0.0013 83 558 534 708
platform 0.0011 1018 533 1115 593
platform 0.0010 998 548 1184 592
platform 0.0010 982 566 1062 591
platform 0.0010 1210 579 1545 633
platform 0.0010 564 540 927 645
rail 0.9479 811 567 1116 1072
rail 0.9150 1004 571 1916 1078
rail 0.9026 3 572 920 1076
rail 0.5926 1098 579 1897 781
rail 0.2810 1836 624 1920 672
rail 0.1892 1839 616 1922 651
rail 0.0998 1803 632 1922 689
rail 0.0612 1859 631 1921 701
rail 0.0488 1839 601 1922 633
rail 0.0416 1757 625 1927 672
rail 0.0299 1747 623 1922 717
rail 0.0213 1826 615 1921 728
rail 0.0178 1758 608 1918 658
rail 0.0149 1819 588 1918 629
rail 0.0131 12 558 750 670
rail 0.0109 1250 621 1924 886
rail 0.0080 1534 554 1898 650
rail 0.0069 -18 577 434 654
rail 0.0063 1873 646 1920 724
rail 0.0047 1803 575 1922 707
rail 0.0047 3 604 327 669
rail 0.0045 1783 644 1920 787
rail 0.0038 1449 605 1944 705
rail 0.0031 -16 621 228 666
rail 0.0027 -15 604 233 651
rail 0.0022 1472 631 1930 758
rail 0.0022 1790 567 1875 633
rail 0.0019 1645 658 1924 853
rail 0.0019 100 553 713 621
rail 0.0019 54 508 794 632
rail 0.0018 1719 615 1929 772
rail 0.0018 -8 578 317 630
rail 0.0016 1745 575 1881 681
rail 0.0016 869 572 925 596
rail 0.0013 1622 634 1910 706
rail 0.0013 1735 641 1901 690
rail 0.0012 1852 650 1920 822
switch-indicator 0.0072 1137 702 1179 787
switch-static 0.0012 1136 719 1188 787
track-sign-front 0.0492 614 182 657 232
track-sign-front 0.0356 1099 567 1113 591
track-sign-front 0.0271 1602 275 1636 324
track-sign-front 0.0074 577 556 592 580
track-sign-front 0.0024 1139 558 1156 591
track-sign-front 0.0012 836 541 865 575
track-sign-front 0.0011 1235 553 1255 598
track-sign-front 0.0010 1594 262 1652 324
track-signal-front 0.1266 942 536 952 554
track-signal-front 0.0293 937 530 950 559
track-signal-front 0.0215 943 536 959 560
track-signal-front 0.0173 1900 507 1919 538
track-signal-front 0.0166 1038 522 1054 542
track-signal-front 0.0163 982 514 993 533
track-signal-front 0.0154 932 514 947 546
track-signal-front 0.0092 1033 520 1047 550
track-signal-front 0.0072 855 478 871 516
track-signal-front 0.0049 956 509 995 549
track-signal-front 0.0022 932 506 951 537
track-signal-back 0.0754 1032 520 1046 540
track-signal-back 0.0261 570 360 633 452
track-signal-back 0.0091 855 477 873 519
track-signal-back 0.0046 1025 453 1042 485
track-signal-back 0.0045 1030 510 1048 541
track-signal-back 0.0039 1024 451 1039 472
track-signal-back 0.0024 601 367 633 447
track-signal-back 0.0024 1037 520 1056 546
track-signal-back 0.0013 1019 486 1044 537
person 0.0010 1098 558 1114 588
pole 0.3350 265 4 391 665
pole 0.0128 1204 204 1252 628
pole 0.0074 255 537 300 667
pole 0.0059 803 347 821 613
pole 0.0053 1100 559 1112 586
pole 0.0033 303 13 441 637
pole 0.0031 356 406 378 648
pole 0.0022 258 509 337 673
pole 0.0021 1140 552 1154 583
pole 0.0021 255 374 319 665
pole 0.0018 585 469 604 590
pole 0.0016 592 467 611 586
pole 0.0013 324 365 385 674
pole 0.0013 1205 400 1227 617
pole 0.0011 298 489 397 679
rail-occluder 0.0828 1098 568 1113 596
rail-occluder 0.0229 253 563 305 666
rail-occluder 0.0121 1164 605 1180 635
rail-occluder 0.0049 577 556 591 581
rail-occluder 0.0049 1800 607 1872 653
rail-occluder 0.0036 232 574 329 670
rail-occluder 0.0035 1093 566 1120 599
rail-occluder 0.0025 1149 576 1181 639
rail-occluder 0.0022 1224 568 1251 601
rail-occluder 0.0021 1118 556 1157 595
rail-occluder 0.0017 1792 622 1887 666
rail-occluder 0.0016 286 566 347 659
rail-occluder 0.0016 1803 556 1862 638
rail-occluder 0.0014 281 556 393 655
rail-occluder 0.0013 1117 565 1162 615
rail-occluder 0.0010 1158 587 1200 631
