crossing 0.0016 393 458 490 494
crossing 0.0013 582 400 684 432
crossing 0.0011 613 400 703 426
rail 0.9500 327 319 747 1072
rail 0.8759 410 325 1932 1082
rail 0.8336 473 296 1924 710
rail 0.0121 977 396 1914 624
rail 0.0046 439 303 1661 551
rail 0.0022 533 309 1327 497
rail 0.0020 787 420 1949 902
rail 0.0018 542 321 1098 453
rail 0.0016 640 132 1758 558
rail 0.0013 933 392 1509 529
rail 0.0013 1231 457 1912 687
switch-unknown 0.0018 418 312 462 340
switch-static 0.0011 647 394 713 415
track-sign-front 0.0783 106 347 132 394
track-sign-front 0.0180 109 425 137 461
track-sign-front 0.0123 1893 357 1918 389
track-sign-front 0.0070 104 352 137 438
track-sign-front 0.0059 338 311 358 334
track-sign-front 0.0030 334 311 362 345
track-sign-front 0.0026 88 328 133 418
track-sign-front 0.0016 1027 287 1063 341
track-sign-front 0.0015 1047 293 1066 329
track-sign-front 0.0012 100 343 152 404
track-sign-front 0.0010 341 297 377 337
track-sign-front 0.0010 340 314 382 350
track-sign-front 0.0010 105 413 145 476
track-signal-front 0.2546 584 163 603 205
track-signal-front 0.1312 667 158 686 202
track-signal-front 0.0088 580 160 608 219
track-signal-front 0.0083 554 159 602 209
track-signal-front 0.0034 584 184 604 235
track-signal-front 0.0033 664 158 693 224
track-signal-front 0.0022 1037 99 1084 196
track-signal-front 0.0019 669 165 712 204
track-signal-front 0.0019 413 250 426 277
track-signal-front 0.0018 580 128 614 209
track-signal-front 0.0013 580 217 604 249
track-signal-front 0.0012 663 130 698 206
track-signal-back 0.2750 417 156 433 208
track-signal-back 0.1777 501 158 517 200
track-signal-back 0.0057 1034 103 1081 175
track-signal-back 0.0035 495 155 522 206
track-signal-back 0.0032 417 153 432 177
track-signal-back 0.0026 410 159 435 221
track-signal-back 0.0013 419 174 433 221
track-signal-back 0.0012 1040 195 1071 245
track-signal-back 0.0011 405 122 437 210
track-signal-back 0.0011 487 126 528 208
pole 0.0093 1888 42 1920 615
pole 0.0044 1868 -17 1922 675
pole 0.0011 1026 124 1065 341
