guard-rail 0.0066 919 679 935 722
guard-rail 0.0016 880 557 899 612
rail 0.9611 682 420 1075 1075
rail 0.9568 847 416 1916 1074
rail 0.0015 849 416 901 446
switch-indicator 0.0035 502 694 531 749
switch-indicator 0.0011 491 670 538 767
switch-static 0.5216 1340 622 1392 659
switch-static 0.4798 665 608 716 647
switch-static 0.2074 1381 674 1456 708
switch-static 0.1130 1338 645 1423 698
switch-static 0.0240 664 604 768 651
switch-static 0.0201 1333 624 1436 664
switch-static 0.0190 946 693 990 722
switch-static 0.0168 1296 620 1394 658
switch-static 0.0137 946 693 1044 727
switch-static 0.0109 1392 660 1500 708
switch-static 0.0103 1346 665 1433 705
switch-static 0.0101 647 615 721 663
switch-static 0.0045 1420 673 1528 713
switch-static 0.0036 915 682 964 723
switch-static 0.0026 930 687 980 727
switch-static 0.0017 1464 666 1535 702
switch-static 0.0016 1277 571 1487 770
switch-static 0.0015 1329 627 1396 682
switch-static 0.0012 1311 589 1419 721
switch-static 0.0011 671 586 778 637
switch-static 0.0010 603 538 781 716
track-sign-front 0.5617 1523 472 1552 621
track-sign-front 0.4917 607 442 631 570
track-sign-front 0.1907 610 451 629 490
track-sign-front 0.1223 611 446 634 527
track-sign-front 0.0969 1078 565 1112 620
track-sign-front 0.0488 613 376 632 406
track-sign-front 0.0279 610 543 629 580
track-sign-front 0.0131 1529 481 1553 514
track-sign-front 0.0108 1528 456 1553 541
track-sign-front 0.0104 611 494 636 589
track-sign-front 0.0094 615 346 638 388
track-sign-front 0.0079 932 425 946 447
track-sign-front 0.0063 1520 506 1550 681
track-sign-front 0.0054 598 446 647 584
track-sign-front 0.0048 916 683 959 723
track-sign-front 0.0047 626 453 653 562
track-sign-front 0.0038 614 389 638 467
track-sign-front 0.0037 1516 543 1547 646
track-sign-front 0.0033 611 369 640 405
track-sign-front 0.0029 1517 568 1545 622
track-sign-front 0.0026 607 383 634 414
track-sign-front 0.0022 932 403 952 435
track-sign-front 0.0020 506 705 536 742
track-sign-front 0.0020 1526 469 1573 627
track-sign-front 0.0019 931 430 953 459
track-sign-front 0.0015 1514 585 1544 662
track-sign-front 0.0012 494 667 526 746
track-sign-front 0.0011 798 377 817 422
track-sign-front 0.0011 1524 376 1557 608
track-signal-front 0.8891 585 190 642 272
track-signal-front 0.8568 584 72 641 157
track-signal-front 0.8540 1549 218 1602 304
track-signal-front 0.7064 1557 122 1615 204
track-signal-front 0.5795 597 282 633 319
track-signal-front 0.2998 1554 318 1580 344
track-signal-front 0.0042 590 131 634 225
track-signal-front 0.0039 1547 140 1605 309
track-signal-front 0.0036 1549 260 1596 348
track-signal-front 0.0036 588 211 644 314
track-signal-front 0.0033 593 157 631 195
track-signal-front 0.0020 591 271 624 317
track-signal-front 0.0020 593 48 633 94
track-signal-front 0.0019 605 313 631 358
track-signal-front 0.0011 1562 118 1676 220
track-signal-front 0.0011 606 300 635 377
track-signal-back 0.0034 809 374 830 396
track-signal-back 0.0028 798 373 822 401
track-signal-back 0.0013 601 46 626 73
pole 0.0684 1075 575 1113 711
pole 0.0010 1031 581 1088 709
rail-occluder 0.4866 1077 569 1114 705
rail-occluder 0.4628 1079 568 1112 619
rail-occluder 0.0055 1058 580 1104 730
