rail 0.9457 995 574 1253 1072
rail 0.8847 363 570 1190 1078
track-sign-front 0.0983 992 564 1004 580
track-sign-front 0.0836 1294 556 1321 596
track-sign-front 0.0534 1196 553 1213 576
track-sign-front 0.0514 577 554 635 629
track-sign-front 0.0085 991 559 1008 585
track-sign-front 0.0048 994 570 1005 591
track-sign-front 0.0027 922 538 945 566
track-sign-front 0.0023 551 550 628 643
track-sign-front 0.0020 579 549 627 590
track-sign-front 0.0016 1192 552 1219 582
track-sign-front 0.0015 1270 607 1291 634
track-sign-front 0.0014 993 544 1016 573
track-sign-front 0.0014 1274 551 1329 602
track-sign-front 0.0013 1188 568 1223 610
track-sign-front 0.0010 1266 582 1305 637
track-signal-front 0.0040 1617 365 1644 411
track-signal-front 0.0011 1609 368 1646 429
rail-occluder 0.0010 1174 573 1204 605
