guard-rail 0.0869 854 789 908 819
guard-rail 0.0584 983 770 1049 803
guard-rail 0.0258 961 765 1080 811
guard-rail 0.0207 859 847 1095 1060
guard-rail 0.0105 848 790 884 820
guard-rail 0.0101 932 781 999 816
guard-rail 0.0067 1009 768 1068 797
guard-rail 0.0054 942 849 1095 980
guard-rail 0.0050 979 777 1057 819
guard-rail 0.0048 1537 739 1579 762
guard-rail 0.0045 961 782 1028 818
guard-rail 0.0039 809 731 945 869
guard-rail 0.0036 877 776 954 810
guard-rail 0.0034 842 753 922 853
guard-rail 0.0033 857 751 909 797
guard-rail 0.0029 1496 683 1581 759
guard-rail 0.0024 1561 696 1633 723
guard-rail 0.0022 878 788 951 826
guard-rail 0.0022 1003 793 1077 825
guard-rail 0.0016 916 759 977 789
guard-rail 0.0015 858 705 1191 890
guard-rail 0.0014 1022 802 1099 829
guard-rail 0.0014 844 759 1007 842
guard-rail 0.0014 1538 694 1599 735
guard-rail 0.0012 885 759 960 792
guard-rail 0.0012 1021 773 1088 813
guard-rail 0.0011 719 638 1038 978
guard-rail 0.0011 513 989 662 1079
rail 0.9278 1464 661 1919 1076
rail 0.9158 1241 659 1482 1076
rail 0.8286 338 622 1226 1078
rail 0.7769 1483 664 1924 880
rail 0.1448 1545 675 1927 797
rail 0.0651 1662 706 1920 828
rail 0.0312 1734 720 1927 805
rail 0.0228 1564 700 1846 753
rail 0.0177 1754 733 1916 851
rail 0.0170 1631 692 1929 769
rail 0.0128 1610 784 1873 860
rail 0.0120 621 775 1251 1070
rail 0.0115 1485 667 1716 744
rail 0.0111 330 772 980 1076
rail 0.0104 1473 667 1559 734
rail 0.0100 1808 696 1907 805
rail 0.0099 1481 669 1551 703
rail 0.0093 1468 669 1507 695
rail 0.0087 691 659 1439 907
rail 0.0076 1684 803 1833 853
rail 0.0072 1476 642 1930 759
rail 0.0067 1845 759 1915 858
rail 0.0065 1648 710 1752 741
rail 0.0056 1850 714 1906 817
rail 0.0053 1477 660 1628 728
rail 0.0052 579 651 1520 1055
rail 0.0047 1480 673 1598 715
rail 0.0042 1522 685 1668 731
rail 0.0042 1779 795 1911 861
rail 0.0040 1481 680 1596 760
rail 0.0040 1565 695 1722 740
rail 0.0039 1764 647 1909 807
rail 0.0038 1559 733 1888 895
rail 0.0032 1508 675 1813 765
rail 0.0032 848 659 1357 836
rail 0.0030 1485 717 1570 762
rail 0.0028 1036 668 1428 750
rail 0.0023 1452 643 1581 769
rail 0.0022 850 731 1279 851
rail 0.0021 1762 756 1927 911
rail 0.0021 1510 690 1806 828
rail 0.0017 1536 687 1797 738
rail 0.0017 1868 730 1924 804
rail 0.0016 1412 604 1456 736
rail 0.0016 1863 790 1912 861
rail 0.0015 792 843 1061 1073
rail 0.0013 1133 634 1169 661
rail 0.0013 1733 700 1890 765
rail 0.0012 1874 679 1923 823
rail 0.0012 1510 677 1634 720
rail 0.0011 1665 699 1813 864
rail 0.0010 1706 717 1860 775
rail 0.0010 1874 760 1918 839
rail 0.0010 1235 622 1706 1050
switch-indicator 0.0269 850 724 896 770
switch-indicator 0.0262 1202 686 1214 701
switch-indicator 0.0050 1422 731 1439 754
switch-indicator 0.0038 1200 681 1216 703
switch-indicator 0.0034 846 737 890 787
switch-indicator 0.0030 1205 687 1228 705
switch-indicator 0.0017 1740 713 1781 736
switch-indicator 0.0017 1685 713 1719 739
switch-indicator 0.0013 1195 687 1221 725
switch-left 0.0125 1482 727 1550 757
switch-right 0.0374 1488 737 1559 762
switch-right 0.0137 1482 728 1550 757
switch-right 0.0111 1478 710 1563 760
switch-right 0.0021 1470 688 1542 756
switch-unknown 0.2389 1476 668 1517 687
switch-unknown 0.0431 1470 672 1505 690
switch-unknown 0.0423 1486 665 1536 691
switch-unknown 0.0311 1478 648 1516 679
switch-unknown 0.0084 1116 635 1165 663
switch-unknown 0.0071 1106 646 1152 671
switch-unknown 0.0063 1417 634 1451 705
switch-unknown 0.0055 1485 647 1538 678
switch-unknown 0.0051 1099 651 1140 677
switch-unknown 0.0045 1453 621 1502 693
switch-unknown 0.0040 1472 689 1538 754
switch-unknown 0.0037 1611 705 1678 735
switch-unknown 0.0034 1629 709 1704 734
switch-unknown 0.0028 1499 677 1575 706
switch-unknown 0.0024 1350 674 1404 696
switch-unknown 0.0022 1561 687 1624 714
switch-unknown 0.0021 1501 657 1568 703
switch-unknown 0.0017 1583 699 1660 733
switch-unknown 0.0014 1582 689 1644 718
switch-unknown 0.0013 1539 683 1605 710
switch-static 0.0480 1782 813 1856 844
switch-static 0.0420 1595 745 1657 764
switch-static 0.0317 1497 740 1560 766
switch-static 0.0241 1715 819 1785 844
switch-static 0.0135 856 726 893 749
switch-static 0.0128 1729 815 1841 848
switch-static 0.0119 1688 715 1717 735
switch-static 0.0103 1694 792 1884 853
switch-static 0.0100 1418 729 1437 754
switch-static 0.0045 1630 725 1693 756
switch-static 0.0041 1799 804 1908 852
switch-static 0.0040 1572 747 1632 765
switch-static 0.0029 1564 713 1763 762
switch-static 0.0029 1416 735 1440 764
switch-static 0.0028 844 738 891 786
switch-static 0.0020 1401 728 1439 754
switch-static 0.0019 842 719 905 775
switch-static 0.0017 1694 804 1792 843
switch-static 0.0016 1881 791 1920 867
switch-static 0.0013 1884 845 1920 888
switch-static 0.0012 1557 737 1638 763
switch-static 0.0012 1701 711 1771 738
switch-static 0.0011 964 982 1082 1043
switch-static 0.0011 947 960 1094 1058
track-sign-front 0.0897 205 831 241 863
track-sign-front 0.0400 1345 655 1354 685
track-sign-front 0.0136 926 632 940 651
track-sign-front 0.0105 1840 227 1890 260
track-sign-front 0.0091 1544 606 1556 634
track-sign-front 0.0077 1849 514 1879 685
track-sign-front 0.0074 1138 634 1165 658
track-sign-front 0.0065 1344 615 1355 686
track-sign-front 0.0064 1846 575 1881 624
track-sign-front 0.0055 1821 191 1853 217
track-sign-front 0.0039 1422 723 1436 753
track-sign-front 0.0034 1072 587 1089 611
track-sign-front 0.0030 1293 634 1303 653
track-sign-front 0.0028 1544 583 1557 620
track-sign-front 0.0028 1842 590 1903 661
track-sign-front 0.0024 1543 609 1559 672
track-sign-front 0.0022 926 628 944 661
track-sign-front 0.0019 1405 262 1431 290
track-sign-front 0.0017 201 827 255 873
track-sign-front 0.0017 1540 548 1554 632
track-sign-front 0.0017 1878 605 1923 651
track-sign-front 0.0015 1841 473 1878 628
track-sign-front 0.0012 1852 488 1911 616
track-sign-front 0.0012 1843 551 1900 709
track-sign-front 0.0011 1840 479 1880 532
track-sign-front 0.0010 1095 674 1126 720
track-sign-front 0.0010 203 799 246 880
track-signal-front 0.6742 1408 484 1443 535
track-signal-front 0.6084 1410 534 1444 574
track-signal-front 0.5864 1828 273 1908 384
track-signal-front 0.4901 1832 394 1915 478
track-signal-front 0.4349 1409 488 1444 573
track-signal-front 0.4008 1824 268 1916 478
track-signal-front 0.0189 1822 193 1855 219
track-signal-front 0.0153 1542 600 1555 631
track-signal-front 0.0143 1503 250 1543 287
track-signal-front 0.0103 1861 254 1925 501
track-signal-front 0.0102 1838 228 1884 263
track-signal-front 0.0074 1820 192 1871 233
track-signal-front 0.0042 1401 472 1453 620
track-signal-front 0.0030 1498 233 1529 284
track-signal-front 0.0029 1433 452 1456 494
track-signal-front 0.0022 1871 382 1920 511
track-signal-front 0.0020 1500 231 1550 305
track-signal-front 0.0019 1494 230 1524 263
track-signal-front 0.0017 1824 203 1897 260
track-signal-front 0.0013 1530 582 1550 623
track-signal-front 0.0011 1807 317 1893 494
track-signal-front 0.0011 1891 399 1919 558
track-signal-front 0.0010 1515 586 1560 651
track-signal-front 0.0010 1875 281 1923 396
track-signal-front 0.0010 1814 180 1921 359
track-signal-back 0.0031 1070 586 1088 609
pole 0.3065 1835 469 1900 842
pole 0.2737 1417 558 1437 746
pole 0.2049 1809 240 1920 874
pole 0.0810 1411 516 1445 755
pole 0.0525 1344 648 1354 679
pole 0.0229 1343 560 1356 691
pole 0.0137 1853 605 1899 842
pole 0.0099 1419 582 1444 710
pole 0.0092 1792 516 1895 822
pole 0.0069 203 88 283 1030
pole 0.0049 1399 475 1459 769
pole 0.0046 1409 563 1432 701
pole 0.0038 1878 558 1920 786
pole 0.0036 1461 531 1488 727
pole 0.0032 1420 612 1457 761
pole 0.0030 1394 479 1434 727
pole 0.0026 1207 537 1230 661
pole 0.0024 1453 590 1500 726
pole 0.0024 1171 540 1195 666
pole 0.0023 1148 610 1173 662
pole 0.0021 1737 332 1899 908
pole 0.0019 1539 510 1555 669
pole 0.0018 1216 540 1235 656
pole 0.0018 1334 517 1356 691
pole 0.0018 1395 571 1434 798
pole 0.0017 1159 543 1184 669
pole 0.0015 1427 627 1500 754
pole 0.0013 1478 582 1502 693
pole 0.0013 1856 664 1898 788
pole 0.0012 1336 517 1374 704
pole 0.0012 1695 480 1718 717
pole 0.0012 1380 542 1465 822
pole 0.0012 1844 520 1889 745
pole 0.0010 1338 579 1416 744
pole 0.0010 1420 717 1438 755
rail-occluder 0.0337 1344 653 1354 686
rail-occluder 0.0178 1695 716 1715 736
rail-occluder 0.0123 1342 663 1356 693
rail-occluder 0.0091 1864 782 1911 856
rail-occluder 0.0026 1267 696 1291 713
rail-occluder 0.0020 1813 784 1913 850
rail-occluder 0.0019 1851 724 1911 810
rail-occluder 0.0018 1136 632 1165 662
rail-occluder 0.0015 1694 716 1723 750
rail-occluder 0.0011 1234 695 1289 718
rail-occluder 0.0010 1879 761 1922 836
