guard-rail 0.3987 917 387 961 416
guard-rail 0.3436 7 855 230 1005
guard-rail 0.2292 55 849 226 950
guard-rail 0.0469 124 852 226 935
guard-rail 0.0402 894 392 940 420
guard-rail 0.0282 933 383 966 419
guard-rail 0.0130 910 378 966 427
guard-rail 0.0123 919 399 959 423
guard-rail 0.0109 -3 866 187 961
guard-rail 0.0071 925 368 989 409
guard-rail 0.0050 2 844 57 981
guard-rail 0.0049 1003 381 1047 421
guard-rail 0.0046 -1 854 79 1066
guard-rail 0.0046 941 468 979 534
guard-rail 0.0039 87 859 187 941
guard-rail 0.0036 133 848 255 909
guard-rail 0.0036 1 854 59 923
guard-rail 0.0034 0 857 26 930
guard-rail 0.0033 4 875 166 1073
guard-rail 0.0032 -14 828 281 1093
guard-rail 0.0027 940 462 1011 512
guard-rail 0.0027 3 854 116 926
guard-rail 0.0027 879 406 936 431
guard-rail 0.0027 2 834 216 917
guard-rail 0.0026 889 378 939 412
guard-rail 0.0021 915 351 951 376
guard-rail 0.0016 -1 850 33 970
guard-rail 0.0015 1 808 69 926
guard-rail 0.0015 938 476 970 565
guard-rail 0.0013 58 874 161 948
guard-rail 0.0011 1064 547 1080 618
guard-rail 0.0011 3 784 169 959
guard-rail 0.0010 33 883 136 934
rail 0.9270 4 331 1066 1075
rail 0.7961 756 301 1234 1084
rail 0.7045 1153 293 1916 499
rail 0.4107 1007 301 1109 349
rail 0.1425 849 470 1109 1087
rail 0.0905 -4 854 233 1070
rail 0.0772 997 308 1077 372
rail 0.0624 1356 369 1930 491
rail 0.0596 1000 321 1047 358
rail 0.0375 1004 312 1052 347
rail 0.0331 1013 292 1169 353
rail 0.0272 1027 322 1095 362
rail 0.0261 1262 340 1926 435
rail 0.0206 1586 414 1914 504
rail 0.0198 922 475 1221 1080
rail 0.0153 1040 291 1124 345
rail 0.0117 961 407 1086 541
rail 0.0108 1762 429 1915 482
rail 0.0090 976 280 1102 423
rail 0.0074 1243 269 1741 436
rail 0.0073 1275 168 1926 841
rail 0.0057 1708 436 1918 512
rail 0.0051 1047 280 1197 338
rail 0.0045 974 316 1057 364
rail 0.0040 1008 292 1121 327
rail 0.0036 1271 345 1930 665
rail 0.0035 1026 315 1131 375
rail 0.0035 997 349 1050 408
rail 0.0034 962 300 1049 344
rail 0.0033 1656 401 1919 478
rail 0.0027 1114 284 1518 395
rail 0.0026 9 800 231 926
rail 0.0025 -1 859 87 1060
rail 0.0024 1088 283 1233 324
rail 0.0024 1088 273 1169 344
rail 0.0023 682 332 1033 1087
rail 0.0022 766 471 1193 886
rail 0.0021 1609 386 1922 566
rail 0.0021 1012 281 1073 332
rail 0.0020 990 277 1190 381
rail 0.0019 946 342 1097 567
rail 0.0017 1102 287 1313 329
rail 0.0013 1437 257 1861 467
rail 0.0013 1753 451 1920 539
rail 0.0011 1056 261 1141 345
rail 0.0011 61 839 329 1036
rail 0.0011 1553 387 1863 482
rail 0.0010 -36 721 417 1100
switch-indicator 0.0040 964 291 982 321
switch-left 0.3082 938 463 1065 538
switch-left 0.1269 987 349 1046 391
switch-left 0.0279 983 376 1050 413
switch-left 0.0031 916 381 990 419
switch-left 0.0017 934 474 1082 582
switch-right 0.2404 998 342 1044 370
switch-right 0.2349 940 463 1065 535
switch-right 0.1322 988 347 1046 391
switch-right 0.1273 1001 323 1047 356
switch-right 0.0675 919 437 1096 615
switch-right 0.0271 984 375 1049 414
switch-right 0.0061 965 460 1085 513
switch-right 0.0027 930 462 1026 514
switch-right 0.0010 947 444 1058 498
switch-unknown 0.0341 1004 312 1049 347
switch-static 0.2540 1059 458 1125 483
switch-static 0.2536 1072 458 1151 487
switch-static 0.2151 1113 473 1227 530
switch-static 0.0750 1072 456 1183 508
switch-static 0.0577 1094 455 1163 497
switch-static 0.0522 1109 475 1156 535
switch-static 0.0340 1054 463 1102 481
switch-static 0.0297 975 328 1045 358
switch-static 0.0287 1040 328 1084 354
switch-static 0.0232 949 458 1100 538
switch-static 0.0172 957 337 998 363
switch-static 0.0110 1109 449 1196 485
switch-static 0.0072 1048 464 1150 516
switch-static 0.0050 1083 434 1168 484
switch-static 0.0041 1055 328 1109 360
switch-static 0.0033 1099 422 1153 456
switch-static 0.0032 1138 496 1272 540
switch-static 0.0026 1087 445 1250 554
switch-static 0.0021 921 343 974 373
switch-static 0.0018 1009 395 1247 565
switch-static 0.0018 964 294 1040 342
track-sign-front 0.0035 965 289 984 316
pole 0.2171 1167 66 1185 319
pole 0.1939 1496 255 1519 431
pole 0.0927 1112 252 1124 341
pole 0.0391 1113 270 1133 341
pole 0.0182 1170 246 1187 323
pole 0.0100 1476 273 1537 429
pole 0.0098 1110 202 1150 337
pole 0.0089 1146 239 1190 332
pole 0.0080 1101 286 1126 354
pole 0.0073 1502 311 1521 431
pole 0.0071 1167 211 1189 330
pole 0.0065 1159 124 1187 347
pole 0.0054 1137 60 1170 328
pole 0.0050 1172 140 1186 290
pole 0.0046 1169 276 1191 326
pole 0.0033 1169 126 1182 278
pole 0.0031 1490 276 1563 453
pole 0.0030 1169 101 1197 333
pole 0.0020 1130 148 1158 339
pole 0.0014 1106 205 1126 304
pole 0.0014 1109 290 1145 360
pole 0.0013 1084 259 1163 329
pole 0.0012 1066 247 1129 352
pole 0.0012 1486 195 1532 414
pole 0.0012 1406 261 1655 432
pole 0.0010 1152 57 1206 328
rail-occluder 0.0023 1134 278 1190 326
rail-occluder 0.0010 1899 461 1920 547
