guard-rail 0.0068 995 570 1030 602
guard-rail 0.0052 1147 513 1192 570
guard-rail 0.0047 935 573 1005 606
guard-rail 0.0046 942 601 1002 649
guard-rail 0.0045 1218 522 1286 561
guard-rail 0.0033 834 601 907 636
guard-rail 0.0031 1208 552 1222 643
guard-rail 0.0026 1234 554 1283 582
guard-rail 0.0026 1843 688 1921 751
guard-rail 0.0026 1839 665 1922 731
guard-rail 0.0025 909 576 982 607
guard-rail 0.0024 1255 555 1302 577
guard-rail 0.0020 1256 529 1317 566
guard-rail 0.0017 863 581 928 608
guard-rail 0.0016 1190 526 1225 619
guard-rail 0.0015 1198 535 1229 721
guard-rail 0.0014 1014 567 1048 603
guard-rail 0.0014 1578 616 1716 673
guard-rail 0.0014 960 590 1021 643
guard-rail 0.0014 1728 658 1898 731
guard-rail 0.0014 1879 693 1921 754
guard-rail 0.0013 1886 660 1921 726
guard-rail 0.0012 790 606 872 636
guard-rail 0.0011 909 593 997 644
guard-rail 0.0011 1156 521 1220 622
guard-rail 0.0011 1787 667 1887 722
guard-rail 0.0011 859 598 927 641
guard-rail 0.0011 1119 546 1134 601
guard-rail 0.0011 1213 546 1305 594
guard-rail 0.0010 823 621 882 659
train-car 0.0031 1236 498 1386 529
train-car 0.0016 1858 494 1909 540
rail 0.8960 1105 511 1400 1074
rail 0.8788 19 525 1113 1074
rail 0.8716 1167 514 1911 1054
rail 0.7506 1185 512 1919 775
rail 0.6172 1232 508 1915 636
rail 0.5520 2 535 1096 809
rail 0.3018 1379 523 1906 602
rail 0.2708 1441 572 1917 757
rail 0.1086 1591 605 1919 731
rail 0.0772 1183 515 1617 621
rail 0.0744 1482 547 1928 686
rail 0.0658 -1 622 717 774
rail 0.0604 1478 464 1665 632
rail 0.0597 1179 520 1217 545
rail 0.0573 1168 513 1346 545
rail 0.0544 1177 513 1492 584
rail 0.0463 1646 533 1915 600
rail 0.0321 1232 518 1468 555
rail 0.0316 1090 510 1211 1074
rail 0.0314 1642 563 1919 656
rail 0.0310 1577 624 1922 826
rail 0.0238 1158 509 1215 534
rail 0.0218 1753 566 1921 640
rail 0.0217 1142 507 1203 540
rail 0.0206 -1 678 521 803
rail 0.0184 1794 574 1921 618
rail 0.0183 1562 524 1931 581
rail 0.0179 1788 560 1926 603
rail 0.0171 1870 581 1919 621
rail 0.0160 1245 513 1680 578
rail 0.0156 1289 516 1560 554
rail 0.0154 1112 519 1271 914
rail 0.0151 1181 512 1393 563
rail 0.0137 1747 617 1920 718
rail 0.0137 1885 569 1921 613
rail 0.0131 1509 541 1857 598
rail 0.0123 1192 519 1252 546
rail 0.0119 1781 529 1935 567
rail 0.0112 1100 749 1303 968
rail 0.0097 1045 533 1096 556
rail 0.0094 1319 525 1593 601
rail 0.0088 1695 606 1923 684
rail 0.0086 1749 647 1920 788
rail 0.0085 1683 498 1901 582
rail 0.0075 1849 525 1920 564
rail 0.0072 1162 519 1252 783
rail 0.0071 1800 597 1918 652
rail 0.0067 1305 521 1397 552
rail 0.0067 1802 514 1920 547
rail 0.0063 5 714 331 793
rail 0.0061 1188 511 1223 536
rail 0.0060 1085 662 1275 1034
rail 0.0059 1842 554 1917 615
rail 0.0058 1189 504 1371 533
rail 0.0057 1865 590 1921 701
rail 0.0053 1206 612 1657 1012
rail 0.0050 1551 584 1886 665
rail 0.0050 1754 659 1916 733
rail 0.0049 1804 616 1915 669
rail 0.0049 1829 665 1920 746
rail 0.0047 1213 514 1299 541
rail 0.0040 1483 535 1813 577
rail 0.0038 18 719 242 773
rail 0.0038 1551 566 1880 632
rail 0.0037 1218 532 1445 591
rail 0.0037 1332 793 1577 976
rail 0.0036 1527 605 1855 694
rail 0.0034 1876 531 1920 573
rail 0.0034 1049 524 1120 550
rail 0.0034 1426 508 1607 615
rail 0.0031 5 688 336 760
rail 0.0031 77 570 643 664
rail 0.0030 -1 589 70 651
rail 0.0029 1366 549 1577 643
rail 0.0029 1350 553 1552 608
rail 0.0028 16 737 243 794
rail 0.0028 11 738 318 830
rail 0.0027 1324 526 1418 561
rail 0.0027 1113 512 1223 787
rail 0.0027 1435 563 1613 654
rail 0.0027 1841 556 1918 682
rail 0.0026 1377 527 1625 571
rail 0.0026 1160 509 1276 552
rail 0.0026 1145 509 1195 585
rail 0.0025 1485 441 1911 653
rail 0.0024 1069 527 1152 1063
rail 0.0024 1014 533 1081 554
rail 0.0024 1797 641 1921 711
rail 0.0023 1428 563 1569 609
rail 0.0022 3 701 217 753
rail 0.0022 1193 518 1311 567
rail 0.0021 983 535 1090 592
rail 0.0020 1852 643 1919 694
rail 0.0020 1154 512 1501 677
rail 0.0020 1859 624 1919 671
rail 0.0020 1249 544 1716 746
rail 0.0019 235 579 572 648
rail 0.0018 1091 820 1414 997
rail 0.0018 1714 511 1921 728
rail 0.0017 1535 512 1784 607
rail 0.0017 1883 645 1920 684
rail 0.0017 1042 759 1394 1079
rail 0.0017 1178 552 1276 839
rail 0.0016 524 562 1050 720
rail 0.0016 1228 483 1472 530
rail 0.0016 1469 582 1617 633
rail 0.0016 1535 494 1816 572
rail 0.0015 1522 614 1806 767
rail 0.0015 1558 613 1779 678
rail 0.0015 1124 509 1168 535
rail 0.0014 1489 607 1917 983
rail 0.0014 1731 604 1894 653
rail 0.0014 1082 515 1145 541
rail 0.0014 1149 501 1214 565
rail 0.0013 1367 524 1484 563
rail 0.0013 1440 586 1618 711
rail 0.0013 1127 497 1445 612
rail 0.0013 -12 687 352 874
rail 0.0013 1731 550 1881 600
rail 0.0013 1006 525 1112 582
rail 0.0012 1884 654 1920 732
rail 0.0011 193 603 708 732
rail 0.0011 983 550 1060 605
rail 0.0011 1500 522 1643 669
rail 0.0011 -1 729 187 839
rail 0.0011 1845 698 1919 775
rail 0.0011 1479 499 1575 594
rail 0.0010 1751 400 1913 631
rail 0.0010 1183 503 1285 540
rail 0.0010 978 613 1332 1072
rail 0.0010 10 632 421 730
rail 0.0010 6 748 262 885
rail 0.0010 1845 492 1920 567
switch-indicator 0.0553 852 560 880 588
switch-indicator 0.0045 857 567 903 597
switch-indicator 0.0033 848 565 894 608
switch-left 0.1021 1097 826 1332 960
switch-left 0.0250 1181 525 1218 547
switch-left 0.0038 1102 756 1328 928
switch-left 0.0037 1440 596 1565 631
switch-left 0.0031 1112 870 1311 994
switch-left 0.0021 1095 820 1406 1034
switch-left 0.0020 1130 687 1286 802
switch-right 0.1034 1098 827 1332 962
switch-right 0.0430 1183 526 1217 546
switch-right 0.0065 1467 591 1576 629
switch-right 0.0028 1130 697 1292 794
switch-unknown 0.2650 1191 526 1221 544
switch-unknown 0.0711 1036 536 1089 556
switch-unknown 0.0683 1190 515 1220 531
switch-unknown 0.0618 1161 509 1211 531
switch-unknown 0.0428 1192 521 1247 545
switch-unknown 0.0397 1019 541 1079 566
switch-unknown 0.0305 1147 508 1198 535
switch-unknown 0.0271 995 563 1048 592
switch-unknown 0.0242 1141 503 1190 525
switch-unknown 0.0183 1051 532 1102 554
switch-unknown 0.0161 1007 552 1062 581
switch-unknown 0.0092 1127 508 1165 528
switch-unknown 0.0085 1436 584 1563 624
switch-unknown 0.0075 976 566 1035 594
switch-unknown 0.0072 1055 521 1115 551
switch-unknown 0.0053 1471 598 1576 633
switch-unknown 0.0045 1087 508 1142 543
switch-unknown 0.0040 1200 499 1266 540
switch-unknown 0.0034 1030 546 1076 575
switch-unknown 0.0028 1429 583 1524 615
switch-unknown 0.0024 938 569 1002 595
switch-unknown 0.0021 1360 528 1439 563
switch-unknown 0.0017 1388 526 1464 561
switch-unknown 0.0016 1020 527 1079 558
switch-unknown 0.0014 1428 570 1518 600
switch-unknown 0.0012 1343 553 1411 581
switch-unknown 0.0012 1411 529 1487 562
switch-unknown 0.0011 1412 568 1491 595
switch-unknown 0.0011 1221 497 1297 537
switch-unknown 0.0010 1090 462 1140 550
switch-unknown 0.0010 1364 555 1437 583
switch-static 0.4300 1365 865 1588 994
switch-static 0.1379 1338 765 1454 846
switch-static 0.1096 1353 821 1567 937
switch-static 0.0728 1557 653 1624 679
switch-static 0.0633 1367 769 1444 824
switch-static 0.0405 1395 864 1547 933
switch-static 0.0402 1352 781 1459 889
switch-static 0.0287 1310 735 1478 881
switch-static 0.0264 1268 742 1343 770
switch-static 0.0220 1543 640 1608 676
switch-static 0.0207 1310 755 1436 823
switch-static 0.0163 1372 825 1478 897
switch-static 0.0157 1220 639 1472 989
switch-static 0.0130 1032 681 1090 703
switch-static 0.0083 1423 870 1520 921
switch-static 0.0072 1885 737 1920 774
switch-static 0.0067 1391 762 1458 855
switch-static 0.0066 1342 798 1429 859
switch-static 0.0061 1523 624 1588 674
switch-static 0.0057 1575 632 1661 677
switch-static 0.0056 1283 734 1359 763
switch-static 0.0052 1885 633 1921 677
switch-static 0.0050 1516 649 1590 674
switch-static 0.0049 1283 735 1358 800
switch-static 0.0044 1423 875 1530 961
switch-static 0.0042 969 937 1077 982
switch-static 0.0041 1399 769 1443 809
switch-static 0.0041 1413 614 1491 636
switch-static 0.0040 1415 604 1531 635
switch-static 0.0034 1858 625 1924 673
switch-static 0.0033 1319 777 1406 835
switch-static 0.0032 1380 836 1524 917
switch-static 0.0025 919 572 980 597
switch-static 0.0025 1446 882 1555 987
switch-static 0.0024 1856 716 1922 768
switch-static 0.0020 1408 843 1493 905
switch-static 0.0020 836 574 886 619
switch-static 0.0020 1279 675 1318 699
switch-static 0.0019 893 576 962 602
switch-static 0.0019 848 567 895 609
switch-static 0.0017 1340 899 1478 967
switch-static 0.0017 1380 841 1639 958
switch-static 0.0016 1501 604 1579 641
switch-static 0.0015 1852 643 1923 690
switch-static 0.0015 1353 863 1521 960
switch-static 0.0014 1489 623 1567 662
switch-static 0.0013 1412 812 1458 879
switch-static 0.0012 1277 771 1440 895
switch-static 0.0011 1256 771 1508 998
switch-static 0.0011 968 942 1078 1016
switch-static 0.0010 1409 616 1501 651
track-sign-front 0.0229 1565 452 1584 494
track-sign-front 0.0026 991 468 1020 542
track-sign-front 0.0022 83 452 132 510
track-sign-front 0.0013 970 505 991 526
track-sign-front 0.0011 75 432 122 489
track-sign-front 0.0010 108 464 134 504
track-signal-front 0.7040 1560 253 1598 410
track-signal-front 0.1885 1006 443 1018 463
track-signal-front 0.1471 1564 371 1599 426
track-signal-front 0.0496 1566 449 1582 486
track-signal-front 0.0143 1563 445 1596 485
track-signal-front 0.0071 1564 403 1593 453
track-signal-front 0.0020 1551 256 1607 565
track-signal-front 0.0018 1389 450 1400 486
track-signal-front 0.0015 1559 255 1594 309
track-signal-front 0.0011 1585 457 1622 498
track-signal-front 0.0011 1572 257 1624 409
track-signal-back 0.0323 1058 440 1070 464
track-signal-back 0.0152 1006 445 1018 502
track-signal-back 0.0106 1034 439 1072 466
track-signal-back 0.0104 1091 458 1105 492
track-signal-back 0.0037 1090 440 1112 510
track-signal-back 0.0031 1055 439 1074 512
pole 0.5889 1740 151 1791 596
pole 0.3355 1559 411 1589 666
pole 0.2828 1655 332 1676 581
pole 0.2004 1768 296 1806 590
pole 0.0886 1508 439 1635 653
pole 0.0435 1556 272 1594 675
pole 0.0382 1340 457 1831 639
pole 0.0316 1010 449 1020 552
pole 0.0231 1533 397 1588 671
pole 0.0222 1345 434 1356 524
pole 0.0214 1564 408 1586 544
pole 0.0114 1716 137 1819 610
pole 0.0112 1649 426 1686 656
pole 0.0112 1756 334 1793 613
pole 0.0106 1663 389 1682 612
pole 0.0103 1746 429 1836 632
pole 0.0100 1566 484 1585 620
pole 0.0087 1641 316 1692 596
pole 0.0066 1651 412 1670 550
pole 0.0063 1005 439 1019 511
pole 0.0060 1775 321 1840 604
pole 0.0054 1657 390 1674 541
pole 0.0049 1388 443 1399 515
pole 0.0048 1657 462 1866 631
pole 0.0045 1366 426 1402 534
pole 0.0040 1327 445 1356 529
pole 0.0035 1779 396 1813 604
pole 0.0034 1008 502 1024 556
pole 0.0034 1233 432 1249 524
pole 0.0033 1523 525 1619 679
pole 0.0031 1659 469 1682 588
pole 0.0030 51 -22 182 739
pole 0.0030 1539 486 1585 621
pole 0.0028 1702 389 1881 664
pole 0.0026 1781 387 1807 530
pole 0.0026 1629 458 1764 638
pole 0.0025 1092 421 1110 533
pole 0.0024 1096 407 1120 525
pole 0.0024 1548 494 1596 693
pole 0.0020 1324 448 1376 542
pole 0.0017 1802 355 1836 557
pole 0.0015 1750 489 1791 589
pole 0.0014 1760 232 1796 546
pole 0.0014 1510 350 1572 609
pole 0.0014 1765 488 1805 589
pole 0.0013 1083 457 1113 546
pole 0.0013 1232 438 1262 531
pole 0.0012 1344 449 1410 550
pole 0.0011 579 119 648 606
pole 0.0010 1105 381 1119 502
rail-occluder 0.0386 1888 579 1920 627
rail-occluder 0.0160 1663 533 1675 582
rail-occluder 0.0134 1332 528 1377 558
rail-occluder 0.0084 1863 512 1914 547
rail-occluder 0.0078 1864 587 1924 655
rail-occluder 0.0075 1755 541 1781 598
rail-occluder 0.0048 1761 539 1801 601
rail-occluder 0.0042 1315 553 1348 570
rail-occluder 0.0042 1854 519 1922 564
rail-occluder 0.0039 1303 525 1368 570
rail-occluder 0.0038 1548 617 1593 654
rail-occluder 0.0037 1664 528 1692 579
rail-occluder 0.0035 1341 517 1408 549
rail-occluder 0.0035 1294 515 1370 547
rail-occluder 0.0035 1748 523 1792 594
rail-occluder 0.0033 1282 532 1336 569
rail-occluder 0.0032 1660 548 1702 590
rail-occluder 0.0031 1822 511 1904 551
rail-occluder 0.0026 1879 522 1923 576
rail-occluder 0.0024 1290 553 1325 571
rail-occluder 0.0023 1331 551 1382 574
rail-occluder 0.0020 1396 516 1457 545
rail-occluder 0.0019 287 592 301 639
rail-occluder 0.0017 1859 490 1910 542
rail-occluder 0.0014 1414 515 1481 546
rail-occluder 0.0013 1813 520 1909 568
rail-occluder 0.0012 1356 516 1443 548
rail-occluder 0.0012 1731 523 1875 584
rail-occluder 0.0011 1768 491 1804 584
rail-occluder 0.0010 1767 520 1840 581
