crossing 0.0092 1226 679 1337 722
crossing 0.0068 974 725 1122 782
crossing 0.0020 1222 666 1340 708
guard-rail 0.0202 996 763 1043 923
guard-rail 0.0137 1016 863 1060 1018
guard-rail 0.0107 981 762 1105 912
guard-rail 0.0098 988 761 1077 1067
guard-rail 0.0080 992 776 1023 906
guard-rail 0.0055 1023 913 1055 973
guard-rail 0.0044 1072 763 1139 824
guard-rail 0.0025 1079 779 1136 841
guard-rail 0.0022 983 762 1029 952
guard-rail 0.0020 1083 741 1151 796
guard-rail 0.0014 1013 865 1102 1049
guard-rail 0.0013 1039 771 1168 858
guard-rail 0.0012 990 764 1057 868
guard-rail 0.0011 1041 751 1133 810
guard-rail 0.0011 973 742 1022 1024
rail 0.7184 1082 627 1921 1068
rail 0.7154 969 565 1389 1081
rail 0.3384 980 756 1318 1073
rail 0.0638 983 762 1216 904
rail 0.0522 1260 706 1922 934
rail 0.0219 979 720 1162 864
rail 0.0085 975 744 1150 986
rail 0.0079 989 766 1085 1065
rail 0.0070 973 595 1246 947
rail 0.0062 1324 24 1784 1105
rail 0.0042 1029 741 1568 1079
rail 0.0021 1017 741 1345 950
rail 0.0020 1272 514 1871 962
rail 0.0017 1017 612 1405 885
rail 0.0015 867 687 1237 1055
rail 0.0012 1131 659 1704 952
rail 0.0011 1364 733 1951 1124
switch-indicator 0.4604 812 728 883 802
switch-indicator 0.0022 1327 615 1344 648
switch-indicator 0.0021 1233 726 1258 748
switch-left 0.1921 980 760 1146 843
switch-left 0.0903 985 760 1212 895
switch-left 0.0013 985 758 1075 877
switch-right 0.2500 980 760 1148 847
switch-right 0.0450 968 749 1126 810
switch-right 0.0025 1030 763 1133 830
switch-right 0.0019 985 719 1138 787
switch-static 0.2774 816 727 881 801
switch-static 0.0472 877 757 973 793
switch-static 0.0300 917 758 969 791
switch-static 0.0250 848 728 943 798
switch-static 0.0158 1114 752 1175 789
switch-static 0.0110 792 813 894 903
switch-static 0.0094 859 765 940 799
switch-static 0.0055 816 727 921 837
switch-static 0.0045 1232 725 1260 748
switch-static 0.0043 1131 763 1178 791
switch-static 0.0035 1099 756 1182 805
switch-static 0.0021 773 847 892 913
switch-static 0.0015 924 735 970 783
switch-static 0.0015 871 721 969 790
switch-static 0.0014 1216 703 1266 753
switch-static 0.0012 820 771 914 847
switch-static 0.0011 807 786 889 862
track-sign-front 0.0639 1153 673 1171 704
track-sign-front 0.0403 935 559 947 578
track-sign-front 0.0176 933 544 966 582
track-sign-front 0.0059 912 535 947 577
track-sign-front 0.0045 1328 614 1345 642
track-sign-front 0.0043 1725 673 1749 701
track-sign-front 0.0042 893 534 910 564
track-sign-front 0.0020 1717 673 1746 711
track-sign-front 0.0010 1144 665 1171 695
track-sign-front 0.0010 1152 673 1174 740
track-signal-front 0.0328 958 515 970 550
track-signal-front 0.0215 951 492 964 526
track-signal-front 0.0204 961 530 972 556
track-signal-back 0.0256 952 501 967 539
track-signal-back 0.0207 946 489 963 524
track-signal-back 0.0068 946 485 959 511
track-signal-back 0.0049 957 513 971 551
track-signal-back 0.0013 1037 484 1056 516
track-signal-back 0.0011 919 494 947 552
track-signal-back 0.0011 953 480 971 509
track-signal-back 0.0010 927 483 950 534
pole 0.0127 1372 43 1769 1101
pole 0.0059 1620 0 1771 1129
rail-occluder 0.0010 1224 692 1284 748
