guard-rail 0.3675 530 593 579 634
guard-rail 0.2821 437 720 579 842
guard-rail 0.1628 578 667 653 733
guard-rail 0.1245 330 652 614 901
guard-rail 0.1196 514 589 589 646
guard-rail 0.0919 121 596 515 767
guard-rail 0.0883 602 650 685 708
guard-rail 0.0783 417 755 540 866
guard-rail 0.0746 218 643 400 726
guard-rail 0.0733 249 627 394 688
guard-rail 0.0711 498 593 562 647
guard-rail 0.0445 456 679 638 815
guard-rail 0.0311 256 546 712 919
guard-rail 0.0302 296 638 387 685
guard-rail 0.0292 152 645 394 766
guard-rail 0.0259 698 516 748 547
guard-rail 0.0248 543 581 594 629
guard-rail 0.0218 498 610 553 670
guard-rail 0.0206 314 574 425 618
guard-rail 0.0202 707 525 741 557
guard-rail 0.0178 553 680 640 738
guard-rail 0.0170 317 623 406 674
guard-rail 0.0134 589 652 654 714
guard-rail 0.0129 468 590 575 675
guard-rail 0.0125 305 588 433 648
guard-rail 0.0117 144 462 811 987
guard-rail 0.0104 521 678 653 773
guard-rail 0.0101 538 574 590 609
guard-rail 0.0096 538 623 700 756
guard-rail 0.0090 36 597 492 881
guard-rail 0.0080 327 563 407 603
guard-rail 0.0076 405 675 560 868
guard-rail 0.0074 410 796 492 871
guard-rail 0.0074 491 639 541 683
guard-rail 0.0074 254 592 393 649
guard-rail 0.0073 154 588 390 723
guard-rail 0.0071 445 596 547 653
guard-rail 0.0070 422 615 677 915
guard-rail 0.0068 584 634 678 730
guard-rail 0.0067 723 513 764 540
guard-rail 0.0066 440 561 664 704
guard-rail 0.0060 350 568 428 604
guard-rail 0.0055 677 504 740 544
guard-rail 0.0054 19 560 421 754
guard-rail 0.0051 260 619 431 798
guard-rail 0.0051 692 478 759 525
guard-rail 0.0046 212 644 413 848
guard-rail 0.0045 259 535 441 707
guard-rail 0.0045 331 541 400 573
guard-rail 0.0044 273 577 388 632
guard-rail 0.0044 199 616 351 675
guard-rail 0.0041 728 482 778 528
guard-rail 0.0040 399 442 679 804
guard-rail 0.0039 47 614 289 716
guard-rail 0.0037 415 603 518 652
guard-rail 0.0036 642 494 720 530
guard-rail 0.0036 449 614 539 668
guard-rail 0.0036 100 634 251 696
guard-rail 0.0035 139 624 261 681
guard-rail 0.0034 458 584 526 621
guard-rail 0.0034 451 501 517 534
guard-rail 0.0033 364 576 466 615
guard-rail 0.0033 497 566 587 611
guard-rail 0.0026 551 568 607 606
guard-rail 0.0026 184 624 268 667
guard-rail 0.0024 611 520 663 558
guard-rail 0.0024 474 507 726 730
guard-rail 0.0023 538 558 620 612
guard-rail 0.0022 467 647 527 693
guard-rail 0.0020 13 636 308 756
guard-rail 0.0020 419 663 519 735
guard-rail 0.0019 721 524 768 563
guard-rail 0.0018 493 694 594 815
guard-rail 0.0018 251 653 356 731
guard-rail 0.0017 374 568 458 601
guard-rail 0.0017 294 646 386 732
guard-rail 0.0017 628 633 687 694
guard-rail 0.0015 317 511 482 636
guard-rail 0.0015 307 563 500 748
guard-rail 0.0015 49 664 367 827
guard-rail 0.0015 418 618 512 667
guard-rail 0.0014 383 553 531 695
guard-rail 0.0014 219 609 335 656
guard-rail 0.0014 479 566 548 606
guard-rail 0.0013 682 454 784 536
guard-rail 0.0013 438 582 503 620
guard-rail 0.0013 460 559 569 614
guard-rail 0.0012 685 546 728 581
guard-rail 0.0012 45 657 211 728
guard-rail 0.0012 464 568 520 604
guard-rail 0.0012 152 604 299 668
guard-rail 0.0012 631 516 678 557
guard-rail 0.0011 747 479 788 522
guard-rail 0.0011 486 502 540 537
guard-rail 0.0011 353 536 426 569
guard-rail 0.0011 705 550 757 587
guard-rail 0.0011 697 513 754 578
guard-rail 0.0011 564 521 613 552
guard-rail 0.0011 406 640 521 702
guard-rail 0.0011 347 619 422 667
guard-rail 0.0010 404 581 478 618
guard-rail 0.0010 625 471 725 539
guard-rail 0.0010 0 663 155 759
guard-rail 0.0010 440 676 527 756
guard-rail 0.0010 157 628 343 704
guard-rail 0.0010 730 560 776 594
train-car 0.0332 -5 374 264 480
train-car 0.0194 0 371 124 465
train-car 0.0151 556 394 627 424
train-car 0.0074 -5 324 112 497
train-car 0.0057 0 380 162 507
train-car 0.0052 16 319 86 470
train-car 0.0046 1115 392 1297 468
train-car 0.0031 1237 398 1308 456
train-car 0.0027 531 403 644 437
train-car 0.0023 626 426 682 464
train-car 0.0021 538 393 661 461
train-car 0.0019 1104 393 1249 555
train-car 0.0014 1060 373 1297 506
train-car 0.0014 3 353 78 445
train-car 0.0014 -9 281 234 514
train-car 0.0013 1226 400 1319 488
train-car 0.0013 86 337 247 486
train-car 0.0013 601 408 694 475
train-car 0.0012 600 394 667 426
train-car 0.0011 550 394 593 430
train-car 0.0011 0 394 84 520
platform 0.0087 580 426 699 470
rail 0.9391 5 432 815 1069
rail 0.9150 808 440 1205 1076
rail 0.7928 0 430 653 801
rail 0.6668 0 430 553 614
rail 0.3699 1049 455 1916 760
rail 0.2191 2 436 465 533
rail 0.0778 1214 493 1911 662
rail 0.0460 -5 454 379 579
rail 0.0458 1358 539 1921 780
rail 0.0340 726 437 796 471
rail 0.0325 0 549 573 952
rail 0.0321 -3 469 470 715
rail 0.0272 1215 542 1918 1082
rail 0.0257 707 433 775 477
rail 0.0241 30 419 573 493
rail 0.0155 412 472 574 532
rail 0.0149 -2 557 371 786
rail 0.0148 262 426 551 505
rail 0.0146 -2 472 271 560
rail 0.0127 2 484 327 620
rail 0.0115 1 617 427 872
rail 0.0114 384 424 623 512
rail 0.0101 696 429 799 487
rail 0.0091 748 439 809 463
rail 0.0089 1161 505 1692 980
rail 0.0087 1558 566 1923 737
rail 0.0081 434 415 596 455
rail 0.0080 684 434 750 480
rail 0.0079 346 428 536 480
rail 0.0076 457 473 564 515
rail 0.0072 701 451 767 489
rail 0.0072 396 450 613 541
rail 0.0072 1039 449 1525 666
rail 0.0071 286 435 642 575
rail 0.0066 547 452 629 487
rail 0.0064 721 447 789 485
rail 0.0061 0 509 194 639
rail 0.0057 639 433 772 505
rail 0.0057 194 432 710 698
rail 0.0056 557 434 665 481
rail 0.0055 370 421 570 459
rail 0.0051 -6 418 269 518
rail 0.0050 865 422 1229 557
rail 0.0049 438 484 549 524
rail 0.0044 501 465 574 495
rail 0.0040 275 452 471 502
rail 0.0038 745 427 1696 1071
rail 0.0037 271 436 476 487
rail 0.0036 443 427 587 490
rail 0.0033 679 459 745 502
rail 0.0031 265 416 478 453
rail 0.0031 307 407 509 484
rail 0.0030 1445 341 1908 718
rail 0.0030 1758 609 1904 686
rail 0.0029 1 507 44 543
rail 0.0029 0 600 179 769
rail 0.0029 521 438 669 510
rail 0.0028 1241 428 1880 540
rail 0.0028 16 626 320 765
rail 0.0025 456 407 633 466
rail 0.0025 499 405 625 436
rail 0.0025 470 424 741 531
rail 0.0025 849 425 1375 752
rail 0.0024 15 616 227 717
rail 0.0023 108 426 422 480
rail 0.0023 0 510 28 570
rail 0.0022 119 479 403 625
rail 0.0022 771 434 817 464
rail 0.0022 1684 595 1915 694
rail 0.0021 -3 476 174 534
rail 0.0021 625 426 730 478
rail 0.0021 0 515 71 583
rail 0.0020 589 434 710 505
rail 0.0020 1541 592 1943 918
rail 0.0019 915 417 1677 698
rail 0.0018 0 482 77 562
rail 0.0018 369 433 470 485
rail 0.0017 435 405 561 478
rail 0.0016 114 444 433 511
rail 0.0016 673 420 752 463
rail 0.0016 0 660 165 831
rail 0.0016 617 474 705 513
rail 0.0016 85 465 417 542
rail 0.0016 687 455 1066 1066
rail 0.0015 258 508 439 636
rail 0.0015 729 425 827 483
rail 0.0015 897 423 1150 510
rail 0.0015 235 463 457 574
rail 0.0014 418 408 522 466
rail 0.0014 8 666 323 828
rail 0.0014 0 462 162 590
rail 0.0014 599 425 804 532
rail 0.0014 955 404 1274 520
rail 0.0013 -1 543 69 661
rail 0.0013 -12 454 230 513
rail 0.0013 1571 540 1903 665
rail 0.0012 0 529 120 616
rail 0.0012 21 521 341 678
rail 0.0012 357 472 843 945
rail 0.0012 366 396 552 493
rail 0.0011 1375 435 1920 628
rail 0.0011 108 650 693 1036
rail 0.0011 0 385 77 526
rail 0.0011 -5 657 339 1046
rail 0.0011 760 416 1084 542
rail 0.0010 0 451 71 510
rail 0.0010 131 384 579 525
rail 0.0010 151 497 398 557
switch-indicator 0.0066 853 465 871 486
switch-indicator 0.0042 513 455 564 487
switch-left 0.0094 612 486 699 533
switch-left 0.0018 534 476 670 533
switch-right 0.0424 619 493 699 524
switch-right 0.0210 591 494 673 527
switch-right 0.0078 648 481 718 510
switch-right 0.0036 640 496 720 529
switch-right 0.0018 618 477 704 510
switch-unknown 0.1084 745 441 807 465
switch-unknown 0.0683 768 442 818 464
switch-unknown 0.0440 725 434 787 462
switch-unknown 0.0350 711 437 769 476
switch-unknown 0.0336 641 487 715 517
switch-unknown 0.0153 724 449 786 483
switch-unknown 0.0145 708 452 762 487
switch-unknown 0.0140 706 428 764 460
switch-unknown 0.0138 528 463 592 490
switch-unknown 0.0085 557 454 620 484
switch-unknown 0.0069 682 463 742 500
switch-unknown 0.0068 456 489 528 519
switch-unknown 0.0061 693 438 742 478
switch-unknown 0.0061 780 449 827 480
switch-unknown 0.0052 786 445 831 468
switch-unknown 0.0049 481 478 543 512
switch-unknown 0.0046 443 498 504 526
switch-unknown 0.0035 440 506 497 532
switch-unknown 0.0026 572 435 646 479
switch-unknown 0.0019 431 493 521 530
switch-unknown 0.0014 333 461 412 497
switch-unknown 0.0011 792 454 845 488
switch-unknown 0.0010 415 510 483 540
switch-static 0.4916 767 638 823 680
switch-static 0.1011 580 489 631 514
switch-static 0.0360 592 493 672 525
switch-static 0.0283 558 506 611 529
switch-static 0.0160 507 466 566 492
switch-static 0.0133 769 625 826 666
switch-static 0.0123 543 491 598 527
switch-static 0.0106 555 459 622 506
switch-static 0.0075 497 468 548 495
switch-static 0.0043 503 472 569 514
switch-static 0.0043 581 499 645 527
switch-static 0.0029 621 475 700 512
switch-static 0.0026 517 506 567 536
switch-static 0.0020 727 607 860 718
switch-static 0.0017 590 467 674 514
switch-static 0.0014 712 561 879 739
track-sign-front 0.0129 266 431 279 465
track-sign-front 0.0095 777 398 789 419
track-sign-front 0.0074 635 420 670 462
track-sign-front 0.0068 1259 459 1279 503
track-sign-front 0.0066 773 393 806 420
track-sign-front 0.0025 808 388 829 413
track-sign-front 0.0019 953 364 983 452
track-sign-front 0.0016 609 387 661 431
track-sign-front 0.0015 331 402 360 436
track-sign-front 0.0014 1256 394 1308 460
track-sign-front 0.0011 633 351 678 462
track-signal-front 0.0041 34 296 57 346
track-signal-front 0.0031 778 374 791 422
track-signal-back 0.1141 55 222 91 302
track-signal-back 0.0133 33 290 62 333
track-signal-back 0.0071 35 286 53 324
track-signal-back 0.0034 785 336 805 375
track-signal-back 0.0032 778 343 800 380
track-signal-back 0.0030 48 211 104 335
track-signal-back 0.0023 794 335 810 368
track-signal-back 0.0018 273 313 291 347
track-signal-back 0.0016 199 288 212 401
track-signal-back 0.0013 265 275 282 371
track-signal-back 0.0011 59 244 89 360
fence 0.2673 984 444 1883 928
fence 0.0805 1163 486 1397 760
fence 0.0100 901 430 1514 771
fence 0.0048 927 425 1289 641
pole 0.4871 400 148 419 493
pole 0.4254 1096 -7 1123 540
pole 0.3159 1022 171 1042 510
pole 0.2311 476 210 491 473
pole 0.2269 649 233 667 463
pole 0.1291 268 255 285 472
pole 0.1040 1030 194 1051 509
pole 0.0885 1797 4 1856 805
pole 0.0685 1033 101 1100 545
pole 0.0678 54 229 76 499
pole 0.0632 198 272 213 487
pole 0.0571 654 245 678 461
pole 0.0551 467 169 495 481
pole 0.0525 864 165 880 463
pole 0.0472 1045 174 1061 502
pole 0.0448 160 268 176 497
pole 0.0272 470 286 488 464
pole 0.0248 393 263 425 502
pole 0.0237 1163 233 1178 535
pole 0.0207 57 199 91 424
pole 0.0196 1036 246 1057 503
pole 0.0196 601 233 618 452
pole 0.0187 42 244 83 517
pole 0.0169 389 145 441 503
pole 0.0158 412 209 471 492
pole 0.0147 1089 231 1109 535
pole 0.0140 651 274 661 421
pole 0.0136 448 124 489 482
pole 0.0136 1666 7 1869 786
pole 0.0128 274 319 285 452
pole 0.0122 980 216 1007 501
pole 0.0119 253 253 284 472
pole 0.0095 478 274 488 422
pole 0.0085 200 314 211 459
pole 0.0084 468 340 498 468
pole 0.0078 1627 -2 1786 686
pole 0.0078 999 170 1043 501
pole 0.0076 1100 119 1120 464
pole 0.0075 158 370 176 490
pole 0.0074 160 322 172 461
pole 0.0073 323 323 333 442
pole 0.0073 1483 572 1513 870
pole 0.0068 630 239 670 468
pole 0.0067 1094 147 1114 485
pole 0.0064 198 409 212 481
pole 0.0056 79 133 123 513
pole 0.0055 965 233 990 490
pole 0.0055 1162 298 1188 569
pole 0.0054 1388 198 1409 474
pole 0.0052 24 245 71 484
pole 0.0052 1639 72 1699 665
pole 0.0051 1076 -17 1129 515
pole 0.0049 1012 172 1066 510
pole 0.0046 868 231 884 482
pole 0.0045 1173 409 1206 547
pole 0.0045 983 203 1031 513
pole 0.0045 1383 510 1415 798
pole 0.0042 390 334 420 477
pole 0.0040 384 222 414 496
pole 0.0040 933 254 957 473
pole 0.0038 958 281 984 497
pole 0.0038 201 313 222 453
pole 0.0036 1089 258 1126 575
pole 0.0036 1142 338 1220 527
pole 0.0034 378 364 440 509
pole 0.0032 181 274 230 490
pole 0.0032 645 312 676 452
pole 0.0032 324 327 340 443
pole 0.0030 552 391 588 430
pole 0.0029 1783 36 1897 863
pole 0.0028 55 296 73 442
pole 0.0027 149 283 197 501
pole 0.0026 459 321 492 486
pole 0.0026 660 274 677 416
pole 0.0026 22 252 183 541
pole 0.0026 603 275 615 405
pole 0.0025 11 279 114 490
pole 0.0024 121 282 218 491
pole 0.0024 270 343 295 465
pole 0.0023 658 321 686 447
pole 0.0023 1083 97 1140 623
pole 0.0022 859 144 891 442
pole 0.0021 482 188 508 489
pole 0.0021 1185 421 1213 536
pole 0.0021 1162 318 1177 459
pole 0.0021 457 398 527 467
pole 0.0021 623 383 681 492
pole 0.0019 402 252 418 396
pole 0.0019 420 292 453 484
pole 0.0019 114 160 132 468
pole 0.0019 931 325 961 451
pole 0.0019 916 259 942 464
pole 0.0018 103 155 129 467
pole 0.0018 1448 214 1903 811
pole 0.0018 420 372 456 451
pole 0.0017 635 285 664 434
pole 0.0017 1450 426 1470 535
pole 0.0017 454 168 512 487
pole 0.0017 1158 371 1188 501
pole 0.0017 470 252 490 393
pole 0.0017 584 338 637 459
pole 0.0016 969 309 1012 507
pole 0.0016 865 251 878 391
pole 0.0016 997 312 1036 509
pole 0.0016 41 316 81 456
pole 0.0016 1046 289 1079 524
pole 0.0015 1459 432 1474 525
pole 0.0015 163 410 202 496
pole 0.0015 320 294 335 450
pole 0.0015 1022 273 1041 418
pole 0.0015 84 322 251 485
pole 0.0015 1388 516 1408 700
pole 0.0015 637 236 695 458
pole 0.0014 987 375 1061 511
pole 0.0014 1046 313 1064 456
pole 0.0014 586 240 616 440
pole 0.0014 373 191 404 481
pole 0.0014 921 353 946 452
pole 0.0014 559 274 580 452
pole 0.0013 1029 289 1051 439
pole 0.0013 869 296 883 429
pole 0.0013 1873 502 1891 587
pole 0.0013 951 389 1032 501
pole 0.0013 486 289 527 471
pole 0.0013 1166 318 1186 460
pole 0.0013 593 247 637 468
pole 0.0012 1088 316 1107 456
pole 0.0012 1079 376 1111 544
pole 0.0012 1392 552 1406 659
pole 0.0011 265 261 282 385
pole 0.0011 108 383 312 515
pole 0.0011 1048 272 1062 414
pole 0.0011 555 360 581 439
pole 0.0010 623 332 666 447
pole 0.0010 1373 563 1437 820
pole 0.0010 430 247 546 474
pole 0.0010 1357 495 1420 759
pole 0.0010 369 387 431 475
pole 0.0010 318 359 342 451
pole 0.0010 421 130 506 478
pole 0.0010 61 297 82 438
pole 0.0010 978 318 1007 456
rail-occluder 0.1138 1188 503 1256 653
rail-occluder 0.1004 1191 510 1227 619
rail-occluder 0.0683 1183 507 1300 685
rail-occluder 0.0505 1171 494 1368 741
rail-occluder 0.0272 1075 472 1573 833
rail-occluder 0.0239 266 433 279 466
rail-occluder 0.0209 1208 516 1710 911
rail-occluder 0.0143 198 437 210 477
rail-occluder 0.0132 1113 444 1236 620
rail-occluder 0.0117 616 425 663 469
rail-occluder 0.0102 1072 446 1325 650
rail-occluder 0.0089 1164 452 1214 605
rail-occluder 0.0082 1367 534 1550 898
rail-occluder 0.0078 256 435 280 469
rail-occluder 0.0078 1464 553 1535 883
rail-occluder 0.0069 1138 478 1267 703
rail-occluder 0.0068 938 425 1280 611
rail-occluder 0.0064 1239 509 1271 607
rail-occluder 0.0062 200 434 219 475
rail-occluder 0.0061 0 509 26 542
rail-occluder 0.0058 547 400 581 435
rail-occluder 0.0055 388 459 430 498
rail-occluder 0.0053 1276 516 1527 827
rail-occluder 0.0053 1223 514 1282 644
rail-occluder 0.0053 1259 458 1280 504
rail-occluder 0.0052 1483 558 1512 854
rail-occluder 0.0047 1873 509 1889 600
rail-occluder 0.0045 1173 442 1206 563
rail-occluder 0.0045 1121 470 1208 581
rail-occluder 0.0044 190 446 216 492
rail-occluder 0.0041 1177 502 1229 679
rail-occluder 0.0037 1183 501 1462 878
rail-occluder 0.0034 1270 532 1380 764
rail-occluder 0.0034 489 441 542 486
rail-occluder 0.0034 1197 503 1264 575
rail-occluder 0.0033 1146 433 1226 576
rail-occluder 0.0032 1206 499 1301 623
rail-occluder 0.0032 1798 612 1821 669
rail-occluder 0.0031 987 421 1045 503
rail-occluder 0.0029 425 431 501 472
rail-occluder 0.0027 1202 530 1320 750
rail-occluder 0.0027 953 427 1033 500
rail-occluder 0.0027 458 422 524 477
rail-occluder 0.0027 263 434 307 475
rail-occluder 0.0027 634 421 673 467
rail-occluder 0.0027 1225 504 1325 656
rail-occluder 0.0026 476 468 529 506
rail-occluder 0.0026 1111 486 1177 565
rail-occluder 0.0025 389 432 449 485
rail-occluder 0.0025 376 477 421 510
rail-occluder 0.0023 1184 449 1216 562
rail-occluder 0.0020 1249 396 1300 489
rail-occluder 0.0020 1784 609 1837 661
rail-occluder 0.0019 161 428 384 475
rail-occluder 0.0019 406 435 479 476
rail-occluder 0.0019 1096 468 1194 550
rail-occluder 0.0018 938 429 1004 485
rail-occluder 0.0018 1051 381 1211 572
rail-occluder 0.0017 1130 468 1390 616
rail-occluder 0.0017 1443 531 1581 790
rail-occluder 0.0017 977 408 1181 554
rail-occluder 0.0017 839 460 872 482
rail-occluder 0.0017 496 405 572 448
rail-occluder 0.0016 366 437 428 486
rail-occluder 0.0015 1140 396 1265 532
rail-occluder 0.0015 470 437 561 482
rail-occluder 0.0014 1135 412 1203 547
rail-occluder 0.0014 1345 514 1428 788
rail-occluder 0.0014 1293 516 1361 692
rail-occluder 0.0014 1372 547 1478 801
rail-occluder 0.0014 387 483 436 516
rail-occluder 0.0013 1203 553 1274 676
rail-occluder 0.0013 332 408 370 444
rail-occluder 0.0013 1093 482 1194 611
rail-occluder 0.0013 431 400 507 467
rail-occluder 0.0012 1013 417 1067 497
rail-occluder 0.0012 1311 535 1340 621
rail-occluder 0.0012 1248 513 1297 594
rail-occluder 0.0012 891 431 1053 485
rail-occluder 0.0011 1077 468 1155 583
rail-occluder 0.0011 411 396 473 467
rail-occluder 0.0011 1102 426 1235 536
rail-occluder 0.0011 342 411 390 445
rail-occluder 0.0010 461 465 546 513
rail-occluder 0.0010 1744 600 1878 670
rail-occluder 0.0010 256 447 294 497
rail-occluder 0.0010 1202 558 1426 779
