train-car 0.4352 1175 554 1910 711
train-car 0.1062 991 545 1109 578
train-car 0.0104 986 550 1067 582
train-car 0.0065 1208 495 1910 658
train-car 0.0037 1017 552 1161 586
train-car 0.0027 1044 494 1168 595
train-car 0.0024 972 548 1040 577
train-car 0.0024 1039 542 1153 577
train-car 0.0018 969 549 1108 613
train-car 0.0018 1070 523 1127 588
train-car 0.0018 1168 555 1350 603
train-car 0.0017 1085 553 1150 589
train-car 0.0011 1135 527 1180 588
train-car 0.0010 1102 529 1139 590
train-car 0.0010 919 548 1098 592
train-car 0.0010 1189 360 1937 762
train-car 0.0010 1160 557 1270 594
platform 0.0067 68 562 1081 725
platform 0.0013 317 573 966 651
rail 0.9504 902 577 1162 1074
rail 0.9337 1078 580 1905 1075
rail 0.8335 37 566 1065 1080
rail 0.7758 1150 572 1911 785
rail 0.6933 8 576 1000 747
rail 0.0174 1605 646 1923 760
rail 0.0111 8 609 704 720
rail 0.0081 1398 621 1907 757
rail 0.0078 1800 669 1919 726
rail 0.0067 -7 636 543 748
rail 0.0066 1799 644 1917 699
rail 0.0055 1645 652 1920 716
rail 0.0055 196 565 1128 830
rail 0.0047 1501 677 1919 785
rail 0.0046 1799 343 1919 1075
rail 0.0041 1796 628 1918 675
rail 0.0039 12 622 721 909
rail 0.0034 1795 647 1922 765
rail 0.0034 1759 682 1919 740
rail 0.0031 1264 628 1924 873
rail 0.0030 1128 555 1187 592
rail 0.0027 7 668 487 798
rail 0.0027 1804 545 1917 854
rail 0.0023 1125 572 1201 614
rail 0.0022 1714 643 1902 691
rail 0.0021 1545 644 1805 709
rail 0.0021 1674 693 1916 782
rail 0.0021 1133 576 1234 622
rail 0.0018 1602 547 1922 856
rail 0.0017 11 621 423 694
rail 0.0015 1110 559 1165 593
rail 0.0014 5 670 337 754
rail 0.0014 1142 562 1229 593
rail 0.0013 975 567 1110 605
rail 0.0013 1138 578 1718 717
rail 0.0013 346 561 1028 690
rail 0.0013 1733 672 1891 718
rail 0.0013 1839 469 1919 1020
rail 0.0011 1117 563 1165 614
rail 0.0011 1797 592 1922 667
rail 0.0011 1844 625 1916 716
rail 0.0011 1801 702 1919 776
rail 0.0011 805 572 1066 652
rail 0.0011 282 608 832 1037
rail 0.0010 551 572 1056 756
rail 0.0010 848 572 1051 621
switch-indicator 0.1510 1660 657 1678 698
switch-static 0.0020 1577 662 1633 686
track-sign-front 0.0297 1896 429 1918 590
track-sign-front 0.0054 1888 405 1915 637
track-sign-front 0.0043 1896 602 1919 696
track-sign-front 0.0034 1896 443 1920 709
track-sign-front 0.0022 1892 628 1916 709
track-sign-front 0.0021 1848 607 1917 693
track-sign-front 0.0020 1897 551 1920 650
track-sign-front 0.0020 0 502 17 545
track-sign-front 0.0019 1894 424 1916 509
track-sign-front 0.0018 1885 424 1914 545
track-signal-front 0.0068 888 504 900 522
track-signal-front 0.0026 948 500 985 550
track-signal-front 0.0021 1808 438 1829 464
track-signal-front 0.0015 1893 389 1917 545
track-signal-front 0.0015 872 500 897 522
track-signal-back 0.0461 935 510 949 534
track-signal-back 0.0038 973 507 985 535
track-signal-back 0.0028 931 505 948 528
pole 0.2490 1115 396 1136 617
pole 0.1295 1851 -31 1921 974
pole 0.0437 1882 216 1919 902
pole 0.0426 1799 -40 1925 1161
pole 0.0104 1113 504 1140 604
pole 0.0101 1121 438 1136 586
pole 0.0096 1097 457 1138 623
pole 0.0064 1104 539 1135 596
pole 0.0039 1114 544 1153 600
pole 0.0032 931 507 953 586
pole 0.0027 1819 474 1916 852
pole 0.0026 1117 423 1131 566
pole 0.0025 1832 90 1909 754
pole 0.0018 1103 384 1152 615
pole 0.0015 974 496 989 567
pole 0.0011 1116 561 1161 616
pole 0.0010 1054 419 1159 640
pole 0.0010 1085 471 1125 611
rail-occluder 0.3410 1659 658 1677 699
rail-occluder 0.0292 1638 658 1680 698
rail-occluder 0.0258 1764 646 1789 687
rail-occluder 0.0192 1610 662 1641 688
rail-occluder 0.0131 1656 651 1690 701
rail-occluder 0.0041 1608 653 1638 680
rail-occluder 0.0041 1421 641 1437 662
rail-occluder 0.0033 1601 662 1648 698
rail-occluder 0.0028 1749 640 1791 686
rail-occluder 0.0020 1703 646 1838 705
rail-occluder 0.0018 1416 642 1442 668
rail-occluder 0.0012 1605 655 1786 746
