crossing 0.0305 661 767 742 786
crossing 0.0272 474 761 557 779
crossing 0.0072 512 757 599 776
crossing 0.0062 676 754 772 787
crossing 0.0044 564 756 648 776
crossing 0.0039 521 752 653 779
crossing 0.0032 506 750 573 771
crossing 0.0025 729 764 778 786
crossing 0.0025 627 755 693 780
crossing 0.0024 450 766 533 784
crossing 0.0019 490 756 573 782
crossing 0.0019 723 750 785 786
crossing 0.0018 596 755 671 778
crossing 0.0018 668 743 746 769
crossing 0.0012 742 746 804 780
crossing 0.0012 476 746 559 774
crossing 0.0011 540 739 634 769
crossing 0.0010 767 746 829 768
train-car 0.0023 820 666 852 707
platform 0.6494 783 748 1857 1074
platform 0.5210 -6 743 434 923
platform 0.3186 -4 741 551 1054
platform 0.0062 73 685 302 802
platform 0.0037 57 717 349 871
platform 0.0030 14 733 482 842
platform 0.0019 -2 367 169 792
platform 0.0019 8 763 342 1019
platform 0.0011 13 573 420 901
rail 0.9025 501 745 787 1077
rail 0.8324 4 740 612 1079
rail 0.0056 455 759 568 788
rail 0.0031 -4 807 372 1078
rail 0.0031 487 756 728 799
rail 0.0023 665 765 780 789
rail 0.0023 136 721 717 895
rail 0.0018 281 746 635 846
rail 0.0018 1632 882 1920 1076
rail 0.0017 390 750 615 816
rail 0.0017 521 751 655 781
rail 0.0016 722 763 784 788
rail 0.0016 1861 955 1918 1056
rail 0.0015 1471 509 1859 828
rail 0.0015 437 742 665 799
rail 0.0014 714 749 788 784
rail 0.0014 40 673 808 955
rail 0.0012 1624 701 1917 1063
rail 0.0011 623 754 697 779
rail 0.0010 1628 502 1915 860
rail 0.0010 2 406 236 935
rail 0.0010 1478 529 1722 761
rail 0.0010 1879 951 1920 1030
rail 0.0010 657 749 765 791
rail 0.0010 1495 465 1906 1040
rail 0.0010 679 745 777 771
rail 0.0010 520 760 654 796
switch-unknown 0.0035 475 764 552 783
switch-unknown 0.0015 508 764 567 783
switch-unknown 0.0011 425 769 509 789
track-sign-front 0.1519 350 664 382 694
track-sign-front 0.0143 653 685 665 701
track-sign-front 0.0071 653 668 667 708
track-sign-front 0.0063 822 669 851 706
track-sign-front 0.0062 711 617 724 651
track-sign-front 0.0031 711 598 733 700
track-sign-front 0.0029 248 436 288 460
track-sign-front 0.0029 352 657 380 683
track-sign-front 0.0022 132 656 152 692
track-sign-front 0.0020 642 679 666 709
track-sign-front 0.0018 1621 804 1727 964
track-sign-front 0.0017 654 666 676 723
track-sign-front 0.0016 907 625 983 677
track-sign-front 0.0013 350 651 387 706
track-sign-front 0.0012 831 303 856 326
track-sign-front 0.0012 727 642 762 719
track-sign-front 0.0011 1599 478 1644 524
track-signal-front 0.0535 873 402 967 556
track-signal-front 0.0262 887 414 959 506
track-signal-front 0.0070 821 667 849 698
track-signal-front 0.0048 246 438 288 463
track-signal-front 0.0032 900 406 960 475
track-signal-front 0.0029 853 404 988 636
track-signal-front 0.0027 861 395 963 479
track-signal-front 0.0010 630 557 652 595
track-signal-back 0.0013 1483 523 1722 777
person 0.0958 167 652 211 763
person 0.0136 145 662 221 811
person 0.0040 123 649 151 758
person 0.0035 140 319 183 401
person 0.0033 139 657 182 772
person 0.0027 1 694 26 788
person 0.0026 178 689 209 775
person 0.0010 126 320 162 400
pole 0.0277 650 481 667 765
pole 0.0054 712 540 732 761
pole 0.0038 636 480 663 765
pole 0.0037 711 613 725 733
pole 0.0028 714 608 743 738
pole 0.0028 642 445 672 729
pole 0.0021 760 502 793 749
pole 0.0020 709 576 726 693
pole 0.0018 652 582 669 722
pole 0.0015 787 501 816 748
pole 0.0015 726 645 752 733
pole 0.0015 654 493 679 757
pole 0.0013 715 483 743 731
pole 0.0012 729 495 773 754
pole 0.0011 656 612 678 737
