train-car 0.0296 1179 569 1861 626
train-car 0.0136 1355 542 1931 619
train-car 0.0063 1253 502 1903 635
train-car 0.0021 1342 560 1660 610
train-car 0.0016 1389 431 1867 622
train-car 0.0011 1247 400 1905 686
train-car 0.0011 1401 511 1613 668
rail 0.9634 260 583 1021 1074
rail 0.9400 1005 591 1248 1071
rail 0.8730 1042 594 1913 1001
rail 0.6943 1026 595 1095 718
rail 0.6763 1069 585 1921 742
rail 0.2842 1003 587 1092 1075
rail 0.2603 1204 582 1913 650
rail 0.2124 1290 671 1459 795
rail 0.1194 1252 605 1928 696
rail 0.0562 1036 595 1096 668
rail 0.0503 1002 601 1736 834
rail 0.0493 1218 545 1908 628
rail 0.0419 1055 602 1371 704
rail 0.0310 1383 628 1572 964
rail 0.0291 1086 602 1289 675
rail 0.0220 1058 600 1100 632
rail 0.0196 1025 602 1166 715
rail 0.0185 1449 599 1937 651
rail 0.0161 1014 643 1090 750
rail 0.0145 1372 636 1926 732
rail 0.0122 1010 980 1251 1061
rail 0.0115 1248 592 1670 655
rail 0.0108 1178 612 1443 771
rail 0.0105 973 606 1063 1072
rail 0.0092 1699 611 1926 644
rail 0.0088 1422 616 1515 782
rail 0.0085 1090 487 1179 694
rail 0.0067 1564 616 1921 684
rail 0.0065 1120 590 1554 702
rail 0.0061 1125 607 1261 653
rail 0.0052 1029 592 1074 625
rail 0.0046 1746 622 1924 660
rail 0.0044 1382 641 1921 836
rail 0.0043 1075 520 1254 717
rail 0.0039 1158 611 1236 647
rail 0.0039 1689 591 1932 621
rail 0.0039 1151 583 1441 663
rail 0.0036 1016 586 1057 719
rail 0.0036 1023 628 1254 849
rail 0.0035 1164 619 1215 658
rail 0.0030 1582 658 1908 720
rail 0.0027 1174 619 1231 669
rail 0.0027 1052 592 1159 653
rail 0.0026 1629 624 1900 667
rail 0.0026 1099 600 1354 647
rail 0.0026 1597 594 1926 636
rail 0.0025 1039 589 1393 779
rail 0.0025 1078 612 1235 708
rail 0.0023 1290 644 1721 1038
rail 0.0022 1535 616 1842 649
rail 0.0022 1109 579 1182 672
rail 0.0019 1351 609 1651 641
rail 0.0016 1115 590 1349 622
rail 0.0016 1066 643 1145 713
rail 0.0015 1632 648 1891 689
rail 0.0014 1165 642 1259 685
rail 0.0013 1581 665 1782 701
rail 0.0013 1098 582 1306 635
rail 0.0013 1125 634 1381 712
rail 0.0013 983 564 1185 792
rail 0.0012 1347 584 1648 617
rail 0.0012 1581 623 1797 656
rail 0.0011 981 626 1139 841
rail 0.0010 994 1010 1218 1080
switch-indicator 0.1391 814 842 875 936
switch-indicator 0.0580 1189 621 1203 637
switch-indicator 0.0513 1122 691 1173 729
switch-indicator 0.0075 1146 709 1200 738
switch-indicator 0.0035 1124 656 1157 708
switch-indicator 0.0018 811 836 883 1014
switch-indicator 0.0012 1185 713 1210 739
switch-left 0.2941 1019 684 1089 735
switch-left 0.0243 1019 988 1248 1075
switch-left 0.0090 1023 704 1096 744
switch-right 0.3288 1021 678 1087 729
switch-right 0.0017 1031 693 1118 741
switch-unknown 0.1420 1068 599 1097 618
switch-unknown 0.0748 1042 603 1096 648
switch-unknown 0.0300 1052 598 1096 625
switch-unknown 0.0139 1028 587 1074 621
switch-unknown 0.0122 1179 623 1207 647
switch-unknown 0.0045 1184 625 1220 654
switch-unknown 0.0040 1180 648 1246 680
switch-unknown 0.0019 1006 579 1046 610
switch-unknown 0.0018 1162 643 1221 677
switch-unknown 0.0015 1017 596 1049 655
switch-unknown 0.0015 1067 572 1147 630
switch-unknown 0.0014 1062 591 1148 649
switch-unknown 0.0011 960 573 1017 613
switch-static 0.5057 1111 698 1172 737
switch-static 0.2700 812 992 1012 1065
switch-static 0.1848 1228 975 1412 1048
switch-static 0.0881 1226 992 1342 1051
switch-static 0.0778 1157 770 1196 798
switch-static 0.0677 1098 689 1163 725
switch-static 0.0201 1289 989 1421 1043
switch-static 0.0160 1101 714 1157 741
switch-static 0.0149 1147 711 1200 737
switch-static 0.0124 874 1000 1009 1050
switch-static 0.0124 1029 994 1242 1075
switch-static 0.0121 823 994 924 1056
switch-static 0.0071 1232 1012 1342 1068
switch-static 0.0068 1126 657 1158 704
switch-static 0.0047 804 940 973 1057
switch-static 0.0037 1168 714 1207 739
switch-static 0.0036 1226 959 1346 1037
switch-static 0.0036 1308 944 1402 1040
switch-static 0.0030 1187 716 1207 736
switch-static 0.0024 1075 646 1142 714
switch-static 0.0021 1269 937 1432 1030
switch-static 0.0018 1165 990 1212 1038
switch-static 0.0018 1115 693 1193 754
switch-static 0.0015 816 964 942 1039
switch-static 0.0013 814 838 878 909
switch-static 0.0010 805 1013 988 1095
track-sign-front 0.8343 294 691 334 841
track-sign-front 0.2790 1434 625 1482 812
track-sign-front 0.0511 1445 592 1471 622
track-sign-front 0.0151 1413 622 1524 772
track-sign-front 0.0077 811 603 828 659
track-sign-front 0.0054 1405 653 1482 782
track-sign-front 0.0045 811 594 827 633
track-sign-front 0.0031 1575 510 1604 636
track-sign-front 0.0013 1294 452 1309 501
track-sign-front 0.0011 302 680 330 793
track-sign-front 0.0010 1440 701 1480 822
track-signal-front 0.0630 1438 487 1468 532
track-signal-front 0.0524 963 549 976 568
track-signal-front 0.0138 1437 482 1459 517
track-signal-front 0.0131 1444 503 1470 535
track-signal-front 0.0089 964 537 985 570
track-signal-front 0.0069 965 536 980 560
track-signal-front 0.0049 957 554 975 587
track-signal-front 0.0011 956 540 977 573
track-signal-back 0.0010 963 533 982 563
pole 0.5630 1572 384 1603 638
pole 0.4623 1296 419 1327 642
pole 0.3371 1429 608 1484 927
pole 0.2808 1138 442 1165 674
pole 0.2052 1246 480 1259 612
pole 0.1650 1780 343 1817 620
pole 0.1379 1533 418 1554 620
pole 0.0779 1110 466 1137 669
pole 0.0718 1304 380 1341 659
pole 0.0653 1141 581 1154 671
pole 0.0564 1191 491 1203 615
pole 0.0555 1179 460 1199 644
pole 0.0418 1293 438 1315 629
pole 0.0344 1427 727 1472 951
pole 0.0261 1119 448 1164 724
pole 0.0238 1114 494 1129 624
pole 0.0237 1432 455 1467 699
pole 0.0206 1137 555 1156 644
pole 0.0184 1425 511 1445 629
pole 0.0168 1124 534 1185 698
pole 0.0158 1132 484 1157 632
pole 0.0149 1140 567 1160 685
pole 0.0138 1294 477 1893 632
pole 0.0136 1558 466 1603 672
pole 0.0121 1431 493 1461 625
pole 0.0089 1141 507 1160 639
pole 0.0082 1239 484 1267 614
pole 0.0079 1578 415 1627 631
pole 0.0075 1576 455 1598 604
pole 0.0075 1434 487 1464 555
pole 0.0058 1533 445 1549 577
pole 0.0052 1256 503 1665 743
pole 0.0050 1278 456 1341 647
pole 0.0048 1391 470 1521 689
pole 0.0043 1414 512 1480 642
pole 0.0041 1515 430 1567 622
pole 0.0039 1360 539 1552 634
pole 0.0037 1155 472 1213 666
pole 0.0037 1443 519 1476 644
pole 0.0037 1627 451 1651 616
pole 0.0037 1547 371 1606 635
pole 0.0037 1299 509 1337 636
pole 0.0035 1170 479 1250 646
pole 0.0031 1162 445 1192 638
pole 0.0030 1307 442 1331 588
pole 0.0030 1196 491 1207 595
pole 0.0029 1074 508 1121 662
pole 0.0027 1131 438 1185 664
pole 0.0025 1574 520 1599 633
pole 0.0024 1445 505 1470 602
pole 0.0023 961 546 978 586
pole 0.0022 1278 483 1314 651
pole 0.0022 1181 492 1214 617
pole 0.0021 1172 530 1202 688
pole 0.0020 1146 467 1171 613
pole 0.0020 1134 437 1155 587
pole 0.0019 1072 548 1118 622
pole 0.0019 1314 411 1356 645
pole 0.0019 1431 786 1463 920
pole 0.0018 960 565 982 616
pole 0.0018 1293 442 1377 679
pole 0.0017 1534 551 1556 614
pole 0.0015 1745 373 1825 635
pole 0.0014 1230 499 1280 626
pole 0.0014 1581 394 1667 646
pole 0.0013 1066 447 1152 701
pole 0.0013 1134 469 1153 547
pole 0.0012 1785 465 1812 594
pole 0.0011 1764 444 1838 681
pole 0.0011 1565 502 1614 645
pole 0.0011 1374 514 1398 593
pole 0.0010 1051 511 1082 598
pole 0.0010 1787 439 1819 648
rail-occluder 0.8621 1300 681 1400 793
rail-occluder 0.2303 1364 612 1427 659
rail-occluder 0.1151 1435 613 1485 790
rail-occluder 0.0589 1187 621 1203 637
rail-occluder 0.0448 1293 584 1325 644
rail-occluder 0.0430 1449 590 1469 621
rail-occluder 0.0243 1666 678 1686 698
rail-occluder 0.0230 1142 619 1154 664
rail-occluder 0.0206 1340 612 1395 651
rail-occluder 0.0166 1433 595 1477 726
rail-occluder 0.0147 1297 577 1339 635
rail-occluder 0.0093 1291 592 1313 643
rail-occluder 0.0090 1360 597 1407 643
rail-occluder 0.0088 1303 683 1354 797
rail-occluder 0.0085 1430 589 1490 621
rail-occluder 0.0073 1576 594 1599 643
rail-occluder 0.0059 1288 549 1371 730
rail-occluder 0.0058 1276 588 1364 648
rail-occluder 0.0056 1446 618 1482 693
rail-occluder 0.0055 1426 686 1494 931
rail-occluder 0.0055 1277 599 1493 718
rail-occluder 0.0050 1282 576 1313 624
rail-occluder 0.0050 1767 641 1801 670
rail-occluder 0.0046 1372 593 1431 645
rail-occluder 0.0042 1654 675 1696 701
rail-occluder 0.0039 1573 571 1594 634
rail-occluder 0.0039 1411 566 1455 640
rail-occluder 0.0033 1230 652 1462 835
rail-occluder 0.0027 1177 578 1204 643
rail-occluder 0.0026 1628 672 1718 698
rail-occluder 0.0025 1139 631 1171 688
rail-occluder 0.0025 1312 575 1465 693
rail-occluder 0.0022 1692 633 1874 674
rail-occluder 0.0022 1316 577 1385 631
rail-occluder 0.0020 1319 647 1413 777
rail-occluder 0.0019 1740 614 1779 642
rail-occluder 0.0019 1669 624 1711 653
rail-occluder 0.0018 1285 585 1413 626
rail-occluder 0.0017 1296 611 1321 651
rail-occluder 0.0017 1775 636 1831 668
rail-occluder 0.0017 1739 622 1789 670
rail-occluder 0.0016 1304 730 1409 815
rail-occluder 0.0016 1379 568 1490 640
rail-occluder 0.0016 1533 599 1643 639
rail-occluder 0.0015 1393 592 1481 758
rail-occluder 0.0015 1522 630 1560 657
rail-occluder 0.0014 1619 619 1663 638
rail-occluder 0.0013 810 607 830 672
rail-occluder 0.0013 1732 657 1763 690
rail-occluder 0.0013 1240 585 1354 624
rail-occluder 0.0013 1301 679 1375 748
rail-occluder 0.0013 1738 646 1784 686
rail-occluder 0.0013 1631 618 1699 641
rail-occluder 0.0012 1339 692 1437 788
rail-occluder 0.0012 1686 626 1730 655
rail-occluder 0.0012 1882 721 1920 769
rail-occluder 0.0012 1496 628 1553 657
rail-occluder 0.0011 1551 574 1625 631
rail-occluder 0.0011 1332 672 1405 744
rail-occluder 0.0011 1590 613 1652 642
rail-occluder 0.0011 1467 574 1526 620
rail-occluder 0.0011 1235 570 1284 619
rail-occluder 0.0010 1779 649 1823 678
rail-occluder 0.0010 1183 574 1218 640
rail-occluder 0.0010 1470 626 1531 659
rail-occluder 0.0010 1660 618 1717 646
