crossing 0.0011 1041 578 1096 603
rail 0.9645 1017 555 1915 1075
rail 0.9529 899 554 1215 1072
track-sign-front 0.8036 482 635 541 750
track-sign-front 0.5330 459 486 554 580
track-sign-front 0.2426 949 536 960 556
track-sign-front 0.1034 1093 533 1103 551
track-sign-front 0.0816 168 659 204 748
track-sign-front 0.0130 476 540 552 754
track-sign-front 0.0120 1091 530 1105 560
track-sign-front 0.0091 1263 559 1284 581
track-sign-front 0.0074 950 532 963 549
track-sign-front 0.0063 1085 541 1106 590
track-sign-front 0.0061 943 538 965 576
track-sign-front 0.0049 173 659 203 700
track-sign-front 0.0045 919 550 930 581
track-sign-front 0.0026 451 627 552 766
track-sign-front 0.0023 1113 573 1170 599
track-sign-front 0.0023 483 694 540 772
track-sign-front 0.0022 1026 533 1054 563
track-sign-front 0.0018 910 537 938 579
track-sign-front 0.0017 1135 578 1170 604
track-sign-front 0.0017 155 667 212 772
track-sign-front 0.0015 1259 556 1294 585
track-sign-front 0.0015 638 650 668 706
track-sign-front 0.0013 444 451 570 676
track-sign-front 0.0010 1088 555 1131 597
track-signal-front 0.0099 1201 448 1236 493
track-signal-front 0.0016 1195 469 1218 509
track-signal-front 0.0015 1026 521 1052 560
track-signal-back 0.0101 1201 447 1236 494
track-signal-back 0.0046 1209 429 1254 497
track-signal-back 0.0025 1228 421 1258 494
track-signal-back 0.0015 1177 437 1214 534
track-signal-back 0.0011 1232 443 1267 511
person 0.0015 639 649 669 714
person 0.0011 624 637 674 717
pole 0.0143 1173 383 1196 637
pole 0.0020 -10 16 160 1119
rail-occluder 0.0010 1123 574 1171 602
