train-car 0.6988 0 90 958 1088
train-car 0.0710 1846 481 1919 665
train-car 0.0434 1024 541 1165 596
train-car 0.0183 1 96 469 1030
train-car 0.0082 1667 487 1923 679
train-car 0.0040 0 399 666 1092
train-car 0.0039 1791 470 1926 679
train-car 0.0038 1306 505 1911 656
train-car 0.0028 1084 534 1169 604
train-car 0.0027 1375 534 1927 730
train-car 0.0023 1549 561 1935 688
train-car 0.0019 1015 517 1170 618
train-car 0.0013 1059 544 1225 613
train-car 0.0012 -286 -103 631 1105
train-car 0.0012 1775 538 1920 738
train-car 0.0011 1605 400 1944 671
train-car 0.0010 1856 493 1920 796
rail 0.9524 821 562 1117 1075
rail 0.8925 986 572 1920 1078
rail 0.8403 1115 585 1916 760
rail 0.0504 1167 580 1886 677
rail 0.0473 1350 605 1925 703
rail 0.0099 1120 593 1344 640
rail 0.0089 1112 586 1313 622
rail 0.0070 1124 588 1505 656
rail 0.0048 1077 589 1251 618
rail 0.0045 1466 627 1927 756
rail 0.0033 1240 512 1898 668
rail 0.0026 1575 613 1912 682
rail 0.0025 1112 587 1636 695
rail 0.0018 1599 634 1922 704
rail 0.0017 1144 597 1287 633
rail 0.0015 964 554 1023 592
rail 0.0014 969 575 1029 612
rail 0.0013 1658 651 1929 743
rail 0.0012 997 554 1611 783
rail 0.0011 1027 570 1157 613
rail 0.0010 1025 548 1306 641
rail 0.0010 1776 573 1923 734
switch-unknown 0.0016 949 556 995 585
switch-static 0.0070 1416 743 1481 768
switch-static 0.0036 177 930 354 1043
switch-static 0.0026 1395 738 1465 763
switch-static 0.0014 1435 745 1495 776
switch-static 0.0012 254 950 448 1040
track-signal-front 0.0013 918 483 931 510
track-signal-front 0.0012 1290 580 1314 601
pole 0.5784 1441 8 1519 741
pole 0.1089 1064 429 1077 606
pole 0.0729 1019 453 1030 592
pole 0.0268 1058 489 1075 602
pole 0.0118 1037 515 1138 600
pole 0.0115 1013 479 1033 598
pole 0.0099 1150 478 1159 594
pole 0.0072 1045 462 1127 628
pole 0.0070 1140 489 1160 607
pole 0.0063 1069 527 1163 597
pole 0.0053 1057 427 1085 606
pole 0.0051 1109 504 1162 609
pole 0.0042 1017 492 1056 601
pole 0.0038 1029 435 1063 606
pole 0.0035 1010 435 1044 606
pole 0.0033 983 469 1016 598
pole 0.0026 1406 421 1596 718
pole 0.0024 1468 384 1523 751
pole 0.0018 1397 40 1500 696
pole 0.0016 1036 542 1100 599
pole 0.0014 1354 430 1802 677
pole 0.0011 995 453 1038 584
rail-occluder 0.0044 1282 584 1305 603
rail-occluder 0.0027 1088 585 1153 616
rail-occluder 0.0024 1285 580 1315 605
rail-occluder 0.0016 1050 541 1173 608
rail-occluder 0.0011 1883 631 1911 660
rail-occluder 0.0011 1115 598 1158 621
rail-occluder 0.0010 1099 599 1139 622
rail-occluder 0.0010 1122 588 1202 616
