crossing 0.6440 747 661 929 753
crossing 0.2315 704 668 1006 776
crossing 0.2116 727 615 965 804
crossing 0.1250 672 506 1029 945
crossing 0.0063 777 665 893 737
crossing 0.0026 696 648 1062 1068
crossing 0.0022 776 654 943 719
crossing 0.0020 777 649 910 685
crossing 0.0017 740 440 785 459
crossing 0.0016 843 671 943 761
crossing 0.0015 750 442 800 463
guard-rail 0.0054 909 667 949 814
guard-rail 0.0033 928 722 950 805
guard-rail 0.0021 907 673 937 763
guard-rail 0.0011 866 657 972 794
rail 0.9467 671 441 1067 1074
track-sign-front 0.0065 1363 553 1400 602
track-sign-front 0.0055 1362 576 1399 609
track-sign-front 0.0053 433 536 458 671
track-sign-front 0.0027 1358 589 1396 640
track-sign-front 0.0023 431 538 457 588
track-sign-front 0.0021 1681 613 1727 786
track-sign-front 0.0012 1306 539 1365 581
track-sign-front 0.0011 1355 551 1400 638
track-sign-front 0.0011 1334 538 1381 596
track-sign-front 0.0011 1085 491 1100 545
track-signal-front 0.0017 1626 827 1664 897
