guard-rail 0.6919 897 540 974 1080
guard-rail 0.6680 240 580 777 1082
guard-rail 0.6438 991 510 1075 1080
guard-rail 0.4756 44 496 996 1086
guard-rail 0.4582 885 483 1066 1089
guard-rail 0.1996 40 679 671 1078
guard-rail 0.0368 1010 533 1122 1073
guard-rail 0.0166 215 750 598 1078
guard-rail 0.0055 151 769 467 1044
guard-rail 0.0048 823 526 952 1044
guard-rail 0.0034 308 629 626 1022
guard-rail 0.0027 488 601 774 1066
guard-rail 0.0026 900 644 960 985
guard-rail 0.0023 1013 619 1062 960
guard-rail 0.0019 744 508 1117 1090
guard-rail 0.0013 862 677 955 1081
guard-rail 0.0011 2 725 391 1065
rail 0.8893 847 480 1132 1072
rail 0.6705 -22 487 1037 1081
rail 0.0041 935 475 1014 498
rail 0.0040 898 477 1002 503
rail 0.0032 971 472 1023 497
rail 0.0024 863 481 977 517
rail 0.0024 966 479 1024 515
rail 0.0018 991 476 1039 515
rail 0.0018 992 465 1037 500
rail 0.0012 863 488 935 523
rail 0.0012 865 470 974 504
track-sign-front 0.0230 1103 507 1132 534
track-sign-front 0.0223 875 465 894 484
track-sign-front 0.0051 1016 463 1052 497
track-sign-front 0.0048 991 457 1037 502
track-sign-front 0.0036 908 375 923 425
track-sign-front 0.0031 1092 504 1121 535
track-sign-front 0.0024 763 515 787 566
track-sign-front 0.0022 804 463 839 495
track-sign-front 0.0020 998 443 1031 488
track-sign-front 0.0019 875 457 916 485
track-sign-front 0.0017 875 463 904 491
track-sign-front 0.0017 1017 445 1050 487
track-sign-front 0.0016 797 463 824 498
track-sign-front 0.0013 1078 490 1112 531
track-sign-front 0.0012 1012 474 1056 519
track-sign-front 0.0012 805 441 838 483
track-sign-front 0.0010 664 447 694 487
track-signal-front 0.0033 982 412 992 433
track-signal-front 0.0029 980 411 996 449
pole 0.0014 983 430 1014 498
rail-occluder 0.0010 762 521 784 565
