guard-rail 0.0992 1028 700 1187 1079
guard-rail 0.0133 830 714 867 1057
guard-rail 0.0032 821 698 854 1036
guard-rail 0.0029 1084 798 1197 1078
guard-rail 0.0012 956 405 1012 441
platform 0.0015 1027 426 1906 795
rail 0.9222 2 387 912 1070
rail 0.8758 944 397 1917 1074
rail 0.8688 817 393 1200 1089
rail 0.7190 0 399 798 650
rail 0.6967 897 394 969 463
rail 0.6186 4 396 710 528
rail 0.4116 1 395 628 461
rail 0.2422 849 682 1180 1072
rail 0.1966 1009 691 1187 1077
rail 0.1712 890 426 952 469
rail 0.1138 0 421 453 510
rail 0.1132 7 435 513 567
rail 0.0648 7 387 526 438
rail 0.0503 836 680 881 1081
rail 0.0433 830 675 1141 901
rail 0.0431 134 388 842 491
rail 0.0370 -4 475 435 617
rail 0.0365 285 393 804 459
rail 0.0340 920 398 982 456
rail 0.0327 832 393 923 432
rail 0.0308 524 401 751 460
rail 0.0178 858 393 950 440
rail 0.0159 820 391 940 455
rail 0.0158 510 400 713 437
rail 0.0128 429 404 775 483
rail 0.0115 13 407 357 461
rail 0.0101 933 397 982 433
rail 0.0094 31 401 375 437
rail 0.0082 823 402 887 437
rail 0.0080 -4 250 529 652
rail 0.0077 570 407 708 455
rail 0.0074 917 387 975 422
rail 0.0067 45 429 353 475
rail 0.0047 83 411 419 446
rail 0.0045 808 396 871 427
rail 0.0045 123 394 437 430
rail 0.0044 191 427 410 464
rail 0.0044 2 328 531 487
rail 0.0044 611 394 759 441
rail 0.0043 265 442 353 472
rail 0.0040 814 595 1032 900
rail 0.0039 279 411 607 451
rail 0.0038 192 462 438 543
rail 0.0035 133 433 434 482
rail 0.0035 297 398 593 430
rail 0.0035 45 449 351 507
rail 0.0032 2 446 373 711
rail 0.0032 931 687 1347 1075
rail 0.0032 752 418 975 1081
rail 0.0031 575 423 698 478
rail 0.0030 4 430 158 494
rail 0.0030 62 466 362 547
rail 0.0029 903 384 953 419
rail 0.0029 465 401 648 433
rail 0.0027 949 396 1007 429
rail 0.0027 213 383 696 436
rail 0.0027 156 495 389 548
rail 0.0027 -4 410 176 457
rail 0.0027 22 312 307 818
rail 0.0026 415 384 691 463
rail 0.0026 621 404 737 458
rail 0.0026 945 390 984 415
rail 0.0025 233 413 456 451
rail 0.0025 241 396 454 425
rail 0.0024 821 598 870 1077
rail 0.0024 -4 428 117 476
rail 0.0024 508 413 603 438
rail 0.0024 66 502 353 596
rail 0.0023 233 378 944 588
rail 0.0022 265 424 525 492
rail 0.0022 524 408 656 445
rail 0.0021 10 384 251 447
rail 0.0020 866 385 976 519
rail 0.0020 -7 413 88 456
rail 0.0018 795 663 941 1078
rail 0.0018 208 394 417 460
rail 0.0017 556 375 827 476
rail 0.0017 599 401 672 433
rail 0.0017 109 481 344 531
rail 0.0016 801 406 867 442
rail 0.0016 0 476 155 563
rail 0.0016 623 441 695 486
rail 0.0016 231 446 374 488
rail 0.0016 258 436 419 470
rail 0.0016 -5 420 269 489
rail 0.0015 3 391 169 436
rail 0.0015 249 479 439 530
rail 0.0014 562 332 758 463
rail 0.0014 1763 589 1922 788
rail 0.0013 0 455 77 502
rail 0.0013 409 300 587 468
rail 0.0013 944 403 1022 448
rail 0.0012 -6 395 80 434
rail 0.0012 393 433 637 483
rail 0.0012 0 478 83 530
rail 0.0012 246 377 448 416
rail 0.0011 1859 662 1919 777
rail 0.0011 45 373 358 419
rail 0.0011 0 434 30 486
rail 0.0011 801 700 856 1077
rail 0.0010 894 402 1020 507
rail 0.0010 502 427 670 472
rail 0.0010 1068 676 1233 1058
rail 0.0010 -1 420 81 511
rail 0.0010 0 480 176 671
rail 0.0010 -1 507 82 608
rail 0.0010 808 386 903 417
rail 0.0010 443 304 668 423
rail 0.0010 663 417 749 463
switch-indicator 0.0247 652 469 678 494
switch-indicator 0.0068 637 460 664 493
switch-indicator 0.0040 639 445 683 489
switch-left 0.2164 829 666 1080 809
switch-left 0.1820 890 428 952 467
switch-left 0.0978 887 446 950 477
switch-left 0.0733 861 665 1028 749
switch-left 0.0368 831 684 1137 895
switch-left 0.0033 880 466 961 508
switch-left 0.0016 893 444 978 485
switch-left 0.0012 356 478 486 517
switch-right 0.2560 890 431 951 470
switch-right 0.2480 839 663 1059 778
switch-right 0.1710 828 653 1146 832
switch-right 0.0979 886 445 951 478
switch-right 0.0093 854 651 1036 722
switch-right 0.0049 833 593 1020 841
switch-right 0.0030 882 466 957 508
switch-right 0.0022 895 443 973 487
switch-right 0.0018 350 477 492 517
switch-right 0.0016 890 670 1003 739
switch-right 0.0010 302 481 443 523
switch-unknown 0.0260 938 400 979 424
switch-unknown 0.0225 925 403 980 450
switch-unknown 0.0141 916 383 974 421
switch-unknown 0.0128 828 400 885 425
switch-unknown 0.0076 949 389 980 413
switch-unknown 0.0073 900 377 955 418
switch-unknown 0.0048 954 397 1001 423
switch-unknown 0.0038 815 399 864 424
switch-unknown 0.0036 623 413 685 452
switch-unknown 0.0024 805 407 861 438
switch-unknown 0.0017 625 397 690 437
switch-unknown 0.0015 324 479 465 520
switch-unknown 0.0012 643 386 724 441
switch-unknown 0.0011 567 411 656 446
switch-unknown 0.0011 838 376 917 420
switch-unknown 0.0011 870 371 934 412
switch-unknown 0.0011 578 435 651 470
switch-unknown 0.0011 378 475 501 514
switch-unknown 0.0011 350 483 439 515
switch-static 0.3484 728 649 812 692
switch-static 0.1834 829 463 865 487
switch-static 0.0711 824 467 862 498
switch-static 0.0401 890 437 943 467
switch-static 0.0202 655 466 685 489
switch-static 0.0201 748 648 855 692
switch-static 0.0167 812 473 857 510
switch-static 0.0105 697 633 836 721
switch-static 0.0104 666 450 714 479
switch-static 0.0092 688 447 719 470
switch-static 0.0092 736 622 814 685
switch-static 0.0062 691 599 891 763
switch-static 0.0059 689 654 792 728
switch-static 0.0058 950 456 987 483
switch-static 0.0057 886 451 942 482
switch-static 0.0051 733 610 784 670
switch-static 0.0049 700 443 746 468
switch-static 0.0046 844 434 899 484
switch-static 0.0046 837 396 916 448
switch-static 0.0039 812 449 858 488
switch-static 0.0039 823 459 868 513
switch-static 0.0035 725 443 771 465
switch-static 0.0033 715 664 844 758
switch-static 0.0031 816 446 888 508
switch-static 0.0022 656 480 687 507
switch-static 0.0020 802 512 858 542
switch-static 0.0020 781 641 863 685
switch-static 0.0017 476 521 524 542
switch-static 0.0017 926 420 984 478
switch-static 0.0015 690 609 796 692
switch-static 0.0015 769 652 867 718
switch-static 0.0014 964 461 1003 487
switch-static 0.0013 476 525 513 551
switch-static 0.0012 631 459 670 494
switch-static 0.0012 752 410 800 443
switch-static 0.0011 478 515 542 539
switch-static 0.0011 1142 481 1192 506
switch-static 0.0011 795 480 839 514
switch-static 0.0010 781 579 884 799
switch-static 0.0010 1162 486 1211 512
track-sign-front 0.0077 1038 416 1051 438
track-sign-front 0.0043 1169 338 1206 373
track-signal-back 0.0255 898 328 917 349
track-signal-back 0.0094 837 315 850 351
track-signal-back 0.0034 839 313 853 339
track-signal-back 0.0030 895 321 910 342
track-signal-back 0.0029 808 288 844 383
track-signal-back 0.0021 798 258 821 380
track-signal-back 0.0020 884 330 918 390
track-signal-back 0.0014 834 319 858 393
track-signal-back 0.0014 381 297 401 329
track-signal-back 0.0010 921 326 955 361
pole 0.7080 481 -3 527 540
pole 0.3177 729 92 746 444
pole 0.3115 673 77 708 471
pole 0.3060 317 158 334 431
pole 0.2414 70 -15 200 801
pole 0.2376 768 219 784 420
pole 0.2058 549 228 568 421
pole 0.1870 321 168 347 422
pole 0.1332 782 216 806 420
pole 0.1161 674 96 691 442
pole 0.0861 600 228 615 418
pole 0.0761 114 -15 182 671
pole 0.0470 744 185 782 431
pole 0.0421 586 227 612 427
pole 0.0355 22 151 266 778
pole 0.0278 667 74 737 479
pole 0.0271 724 165 769 452
pole 0.0263 722 209 748 449
pole 0.0228 766 218 799 430
pole 0.0180 40 -62 144 784
pole 0.0178 37 53 73 488
pole 0.0149 519 193 560 448
pole 0.0144 701 77 755 471
pole 0.0121 334 226 355 421
pole 0.0118 796 215 820 421
pole 0.0107 660 166 693 466
pole 0.0082 304 167 330 448
pole 0.0073 544 232 577 467
pole 0.0072 34 9 86 637
pole 0.0068 338 195 365 430
pole 0.0063 442 274 459 395
pole 0.0053 420 14 547 541
pole 0.0045 319 260 335 406
pole 0.0043 609 265 644 406
pole 0.0034 674 213 732 453
pole 0.0032 804 247 839 424
pole 0.0032 602 236 612 371
pole 0.0031 275 341 289 398
pole 0.0030 592 242 623 419
pole 0.0029 319 225 331 375
pole 0.0029 448 270 477 398
pole 0.0028 328 293 360 418
pole 0.0028 667 92 687 398
pole 0.0027 294 175 358 428
pole 0.0027 648 267 686 407
pole 0.0026 726 223 747 368
pole 0.0025 35 318 225 531
pole 0.0025 127 -40 233 704
pole 0.0022 328 225 348 373
pole 0.0022 494 148 528 482
pole 0.0019 274 374 288 422
pole 0.0019 497 128 572 517
pole 0.0019 18 286 159 566
pole 0.0018 40 361 225 689
pole 0.0018 648 143 712 495
pole 0.0017 1004 223 1023 417
pole 0.0017 73 185 195 562
pole 0.0016 752 220 816 433
pole 0.0016 542 291 567 410
pole 0.0015 617 250 718 528
pole 0.0014 543 357 567 422
pole 0.0014 797 231 812 375
pole 0.0013 237 314 258 404
pole 0.0013 546 262 650 492
pole 0.0012 735 76 750 369
pole 0.0012 1149 70 1185 475
pole 0.0012 526 231 611 424
pole 0.0012 1754 84 1876 850
pole 0.0012 713 303 753 454
pole 0.0012 272 336 301 395
pole 0.0012 79 247 306 560
pole 0.0011 481 255 629 468
pole 0.0010 13 156 77 580
pole 0.0010 728 278 783 426
pole 0.0010 777 267 817 431
pole 0.0010 667 262 699 409
pole 0.0010 341 277 371 401
rail-occluder 0.0254 297 445 321 468
rail-occluder 0.0235 274 396 286 420
rail-occluder 0.0095 271 395 299 424
rail-occluder 0.0091 529 415 559 436
rail-occluder 0.0050 275 371 287 421
rail-occluder 0.0049 279 421 324 467
rail-occluder 0.0047 537 397 573 432
rail-occluder 0.0046 263 403 295 432
rail-occluder 0.0036 616 436 658 475
rail-occluder 0.0032 280 449 325 482
rail-occluder 0.0030 322 388 375 426
rail-occluder 0.0026 290 418 354 468
rail-occluder 0.0024 337 389 391 419
rail-occluder 0.0022 730 392 778 430
rail-occluder 0.0021 180 435 222 464
rail-occluder 0.0019 642 407 717 458
rail-occluder 0.0018 177 419 229 459
rail-occluder 0.0017 312 408 379 450
rail-occluder 0.0016 528 412 581 439
rail-occluder 0.0015 684 422 730 465
rail-occluder 0.0015 89 371 170 457
rail-occluder 0.0013 271 353 303 419
rail-occluder 0.0013 291 386 357 431
rail-occluder 0.0013 299 440 376 466
rail-occluder 0.0012 707 412 754 462
rail-occluder 0.0012 746 396 798 434
rail-occluder 0.0012 710 382 757 437
rail-occluder 0.0011 494 411 551 446
rail-occluder 0.0011 328 363 371 424
rail-occluder 0.0010 251 442 316 473
