crossing 0.0057 840 841 955 884
crossing 0.0044 736 726 782 746
crossing 0.0036 628 757 680 786
crossing 0.0030 845 844 921 872
crossing 0.0023 849 849 985 897
crossing 0.0022 615 780 701 853
crossing 0.0012 945 925 1105 988
crossing 0.0011 592 755 744 991
crossing 0.0010 921 898 1077 965
guard-rail 0.0063 1020 938 1292 1076
guard-rail 0.0040 1126 988 1292 1073
guard-rail 0.0030 1032 1018 1103 1072
guard-rail 0.0027 1182 1011 1286 1059
guard-rail 0.0021 1000 980 1104 1072
platform 0.7942 3 874 543 1076
platform 0.0730 1156 914 1910 1074
platform 0.0027 870 838 1921 1093
platform 0.0023 108 900 419 1058
platform 0.0020 1347 954 1864 1087
platform 0.0012 1279 826 1884 1043
rail 0.9448 675 693 1301 1077
rail 0.9359 579 691 777 1076
rail 0.5535 628 723 749 773
rail 0.1244 652 708 756 750
rail 0.0600 682 719 778 750
rail 0.0570 703 712 757 742
rail 0.0422 612 712 761 850
rail 0.0404 626 734 688 774
rail 0.0341 681 737 754 794
rail 0.0188 632 723 677 751
rail 0.0168 731 701 807 734
rail 0.0150 647 695 791 768
rail 0.0142 957 915 1299 1075
rail 0.0110 720 722 767 748
rail 0.0098 723 698 784 726
rail 0.0095 704 814 1890 1085
rail 0.0089 701 696 761 730
rail 0.0070 1095 479 1484 595
rail 0.0054 676 684 744 733
rail 0.0045 537 631 826 938
rail 0.0033 707 694 846 747
rail 0.0031 563 687 980 1078
rail 0.0027 581 697 662 1076
rail 0.0024 602 681 966 848
rail 0.0022 875 843 1276 1064
rail 0.0022 621 740 741 809
rail 0.0022 472 558 930 893
rail 0.0022 843 904 1740 1103
rail 0.0021 736 723 784 750
rail 0.0021 873 791 1094 998
rail 0.0019 745 686 804 728
rail 0.0018 662 692 879 783
rail 0.0017 342 444 1102 971
rail 0.0017 553 650 773 793
rail 0.0013 620 532 1770 1071
rail 0.0013 594 539 1021 835
rail 0.0012 1245 505 1468 602
rail 0.0012 198 327 1249 859
rail 0.0011 619 742 688 804
rail 0.0011 627 686 685 722
rail 0.0011 625 676 747 725
rail 0.0010 1073 447 1518 670
switch-indicator 0.5066 729 762 747 812
switch-indicator 0.0279 718 760 753 810
switch-indicator 0.0043 700 757 742 796
switch-indicator 0.0014 725 765 758 834
switch-indicator 0.0012 1573 838 1651 932
switch-left 0.0583 625 743 681 776
switch-left 0.0021 620 747 692 798
switch-right 0.1337 625 745 679 774
switch-right 0.1022 629 738 671 763
switch-right 0.0027 626 756 681 790
switch-unknown 0.1028 708 725 757 746
switch-unknown 0.0891 723 726 765 742
switch-unknown 0.0213 630 723 670 748
switch-unknown 0.0145 706 689 751 731
switch-unknown 0.0118 727 697 779 724
switch-unknown 0.0022 631 670 681 728
switch-unknown 0.0022 625 683 660 716
switch-static 0.0264 594 761 635 787
switch-static 0.0191 588 766 625 792
switch-static 0.0164 661 740 731 787
switch-static 0.0085 536 946 598 978
switch-static 0.0077 700 758 738 795
switch-static 0.0074 1240 1022 1301 1044
switch-static 0.0066 574 772 623 806
switch-static 0.0035 590 730 651 777
switch-static 0.0032 1227 1018 1286 1046
switch-static 0.0016 567 794 615 832
switch-static 0.0015 521 941 566 980
switch-static 0.0013 567 952 599 987
track-sign-front 0.5763 453 720 480 759
track-sign-front 0.5192 938 746 959 771
track-sign-front 0.4225 1373 409 1411 445
track-sign-front 0.3547 1111 724 1140 762
track-sign-front 0.2879 1537 741 1579 780
track-sign-front 0.1190 897 724 914 751
track-sign-front 0.1072 451 741 481 791
track-sign-front 0.0929 895 720 921 766
track-sign-front 0.0232 564 626 579 654
track-sign-front 0.0145 450 766 477 796
track-sign-front 0.0094 1102 716 1138 776
track-sign-front 0.0087 858 678 881 729
track-sign-front 0.0055 1385 410 1425 446
track-sign-front 0.0046 1345 355 1412 402
track-sign-front 0.0040 447 719 494 768
track-sign-front 0.0037 1352 409 1417 453
track-sign-front 0.0034 847 692 876 731
track-sign-front 0.0032 1365 346 1425 416
track-sign-front 0.0024 876 675 904 733
track-sign-front 0.0021 527 687 552 720
track-sign-front 0.0019 1346 365 1383 401
track-sign-front 0.0018 859 383 933 455
track-sign-front 0.0016 1582 838 1650 928
track-sign-front 0.0015 556 636 581 692
track-sign-front 0.0014 859 646 888 698
track-sign-front 0.0012 1378 417 1412 457
track-sign-front 0.0012 1026 837 1047 890
track-sign-front 0.0012 1107 724 1159 769
track-sign-front 0.0010 799 668 848 723
track-sign-front 0.0010 1541 754 1580 816
track-signal-front 0.8170 864 150 937 380
track-signal-front 0.2209 668 637 677 659
track-signal-front 0.1445 1347 209 1432 370
track-signal-front 0.1203 610 635 620 658
track-signal-front 0.0419 1352 330 1424 378
track-signal-front 0.0281 718 636 729 655
track-signal-front 0.0194 666 634 675 652
track-signal-front 0.0074 850 127 886 393
track-signal-front 0.0057 780 602 800 644
track-signal-front 0.0038 718 636 753 668
track-signal-front 0.0036 861 271 937 371
track-signal-front 0.0021 841 148 911 383
track-signal-front 0.0019 1348 299 1430 424
track-signal-front 0.0018 711 617 726 665
track-signal-front 0.0016 858 151 918 287
track-signal-front 0.0014 778 577 821 670
track-signal-front 0.0013 1349 195 1513 362
track-signal-front 0.0012 808 603 834 687
track-signal-front 0.0011 826 140 958 405
track-signal-front 0.0010 911 128 947 399
track-signal-front 0.0010 1338 190 1396 377
track-signal-back 0.1870 718 640 727 662
track-signal-back 0.1463 609 633 621 662
track-signal-back 0.0479 670 642 679 671
track-signal-back 0.0206 666 636 678 663
track-signal-back 0.0179 560 627 586 659
track-signal-back 0.0079 717 639 731 669
track-signal-back 0.0078 713 638 729 691
track-signal-back 0.0068 569 621 583 650
pole 0.0143 808 473 833 773
pole 0.0045 777 560 800 739
pole 0.0034 826 473 855 772
pole 0.0028 659 650 706 732
pole 0.0027 781 520 820 729
pole 0.0013 713 641 729 697
pole 0.0012 847 137 885 422
pole 0.0011 799 519 849 785
pole 0.0010 1018 170 1186 814
rail-occluder 0.0012 762 696 824 733
