guard-rail 0.4816 783 519 840 555
guard-rail 0.3147 656 523 668 559
guard-rail 0.2236 774 515 820 547
guard-rail 0.0488 647 522 662 560
guard-rail 0.0387 797 524 871 558
guard-rail 0.0378 660 519 677 554
guard-rail 0.0241 817 539 914 589
guard-rail 0.0170 754 496 811 538
guard-rail 0.0100 648 519 676 561
guard-rail 0.0080 793 508 857 531
guard-rail 0.0041 728 531 759 569
guard-rail 0.0039 746 510 785 543
guard-rail 0.0036 741 483 785 521
guard-rail 0.0031 645 443 703 486
guard-rail 0.0023 700 440 756 496
guard-rail 0.0019 669 456 731 525
guard-rail 0.0019 837 548 939 598
guard-rail 0.0016 709 469 743 528
guard-rail 0.0015 716 508 744 555
guard-rail 0.0014 652 469 669 544
guard-rail 0.0013 654 515 687 556
guard-rail 0.0011 661 499 739 557
rail 0.9193 577 405 967 1074
rail 0.8919 669 401 1910 1074
rail 0.7549 760 399 1913 765
rail 0.0109 613 429 658 458
rail 0.0083 626 419 698 460
rail 0.0051 652 442 719 487
rail 0.0042 783 409 973 449
rail 0.0037 576 414 653 451
rail 0.0033 625 402 692 438
rail 0.0033 41 447 599 768
rail 0.0029 711 409 834 453
rail 0.0026 743 405 909 446
rail 0.0022 596 400 676 436
rail 0.0020 834 414 998 464
rail 0.0019 646 404 711 436
rail 0.0018 659 423 776 496
rail 0.0017 664 419 733 457
rail 0.0014 753 408 1027 477
rail 0.0014 695 402 814 438
rail 0.0013 765 396 933 436
rail 0.0012 731 398 952 463
rail 0.0012 618 399 768 552
rail 0.0012 669 402 813 462
rail 0.0011 653 394 751 441
rail 0.0011 802 336 1803 548
switch-indicator 0.0338 728 436 759 461
switch-left 0.0041 658 454 725 509
switch-right 0.2765 661 448 710 473
switch-right 0.0415 661 439 704 464
switch-right 0.0123 659 447 722 488
switch-unknown 0.0022 949 438 1011 456
switch-unknown 0.0019 654 397 702 433
switch-static 0.1407 731 440 756 458
switch-static 0.0954 619 439 653 459
switch-static 0.0730 645 440 704 464
switch-static 0.0260 604 438 647 461
switch-static 0.0072 728 431 766 455
switch-static 0.0072 628 414 701 467
switch-static 0.0068 730 457 781 492
switch-static 0.0066 753 469 790 493
switch-static 0.0050 819 510 868 531
switch-static 0.0028 734 432 804 477
switch-static 0.0025 955 434 1000 453
switch-static 0.0023 662 413 731 462
switch-static 0.0017 615 446 665 479
switch-static 0.0015 579 452 627 486
switch-static 0.0013 567 449 602 490
track-sign-front 0.1950 1107 371 1122 394
track-sign-front 0.0236 214 121 240 183
track-sign-front 0.0120 561 383 608 440
track-sign-front 0.0096 562 407 607 449
track-sign-front 0.0076 585 385 628 437
track-sign-front 0.0075 560 390 587 431
track-sign-front 0.0059 561 381 581 410
track-sign-front 0.0042 583 409 647 458
track-sign-front 0.0035 1100 370 1129 397
track-sign-front 0.0030 891 372 908 442
track-sign-front 0.0022 568 348 618 418
track-sign-front 0.0018 554 402 595 459
track-sign-front 0.0013 558 416 607 485
track-sign-front 0.0010 604 391 667 434
track-signal-front 0.0137 788 217 807 261
track-signal-front 0.0117 595 343 617 394
track-signal-front 0.0051 664 337 676 392
track-signal-back 0.0857 594 299 611 338
track-signal-back 0.0673 594 343 612 376
track-signal-back 0.0090 789 217 808 265
track-signal-back 0.0052 590 303 615 350
track-signal-back 0.0048 662 333 679 392
track-signal-back 0.0042 594 271 615 335
track-signal-back 0.0025 663 324 678 365
track-signal-back 0.0021 676 225 700 289
track-signal-back 0.0013 784 216 813 288
pole 0.0238 1104 166 1121 469
pole 0.0132 226 3 355 791
pole 0.0122 896 315 909 435
pole 0.0120 968 235 986 442
pole 0.0061 608 310 628 416
pole 0.0044 595 344 616 394
pole 0.0033 737 306 764 418
pole 0.0032 1108 183 1137 486
pole 0.0030 584 198 621 440
pole 0.0029 711 307 746 419
pole 0.0024 614 247 630 436
pole 0.0023 653 339 680 422
pole 0.0023 1095 206 1118 464
pole 0.0018 702 312 729 415
pole 0.0017 595 254 622 392
pole 0.0014 895 285 916 438
pole 0.0013 558 131 595 503
pole 0.0012 601 333 653 431
pole 0.0011 973 275 988 400
pole 0.0011 891 369 910 447
pole 0.0010 732 329 776 427
pole 0.0010 573 351 613 419
pole 0.0010 662 337 677 395
pole 0.0010 889 245 909 451
rail-occluder 0.0011 547 420 589 482
rail-occluder 0.0010 885 414 912 443
