train-car 0.9008 14 -15 867 1067
rail 0.9465 878 502 1184 1077
rail 0.0021 874 505 921 539
rail 0.0012 1543 -9 1903 365
rail 0.0011 886 504 942 545
switch-static 0.0030 1380 891 1545 1022
switch-static 0.0017 1383 908 1485 1013
switch-static 0.0012 1390 951 1464 1019
switch-static 0.0010 1414 916 1592 1050
track-sign-front 0.4931 1752 379 1790 450
track-sign-front 0.0329 1712 613 1740 697
track-sign-front 0.0075 977 487 998 512
track-sign-front 0.0055 1699 590 1742 819
track-sign-front 0.0038 1695 535 1738 735
track-sign-front 0.0030 1715 575 1747 711
track-sign-front 0.0029 969 478 989 504
track-sign-front 0.0026 1695 614 1746 706
track-sign-front 0.0017 1737 352 1797 513
track-sign-front 0.0016 1742 357 1812 457
track-sign-front 0.0015 1721 372 1793 451
track-sign-front 0.0014 1686 612 1736 891
track-signal-front 0.0099 1652 0 1864 235
track-signal-front 0.0067 1683 11 1825 182
track-signal-front 0.0065 1767 151 1915 317
track-signal-back 0.0098 1570 260 1661 365
track-signal-back 0.0086 1786 170 1912 311
track-signal-back 0.0011 1588 10 1855 341
pole 0.0014 1640 49 1757 993
