crossing 0.8001 974 759 1221 926
crossing 0.5810 339 744 703 911
crossing 0.4130 149 624 875 994
crossing 0.3981 961 540 1339 1046
crossing 0.0356 1028 693 1268 981
crossing 0.0213 333 694 792 971
crossing 0.0107 1010 863 1231 928
crossing 0.0029 12 748 706 1080
crossing 0.0019 887 630 1254 978
crossing 0.0015 412 747 590 892
crossing 0.0011 990 768 1349 1070
guard-rail 0.0272 1078 752 1235 922
guard-rail 0.0079 1137 770 1210 900
guard-rail 0.0037 1093 720 1284 970
guard-rail 0.0014 1101 757 1189 889
guard-rail 0.0012 1052 719 1336 1067
guard-rail 0.0012 981 748 1009 928
guard-rail 0.0011 983 757 1001 886
rail 0.9290 966 525 1347 1077
rail 0.8517 1044 531 1917 759
rail 0.8328 29 521 983 1097
rail 0.0674 258 638 908 995
rail 0.0321 1003 665 1294 1003
rail 0.0031 1155 589 1937 858
rail 0.0025 1128 429 1852 685
rail 0.0021 66 722 761 1070
rail 0.0017 1058 539 1707 685
rail 0.0017 1424 647 1906 769
rail 0.0011 951 525 1913 995
track-sign-front 0.0611 1113 529 1123 572
track-sign-front 0.0225 1046 535 1060 562
track-sign-front 0.0152 1039 494 1063 567
track-sign-front 0.0149 1113 504 1125 558
track-sign-front 0.0139 1443 681 1464 741
track-sign-front 0.0136 1296 688 1316 732
track-sign-front 0.0052 859 559 883 574
track-sign-front 0.0049 854 560 872 574
track-sign-front 0.0042 1044 542 1057 581
track-sign-front 0.0035 1040 525 1060 565
track-sign-front 0.0022 1007 531 1039 556
track-sign-front 0.0017 847 555 873 573
track-sign-front 0.0014 996 486 1041 564
track-signal-back 0.0072 779 442 804 471
pole 0.3268 1048 398 1065 579
pole 0.0324 1111 513 1126 579
pole 0.0121 1111 472 1128 571
pole 0.0085 1042 466 1062 587
pole 0.0057 993 467 1009 549
pole 0.0047 1054 382 1089 586
pole 0.0028 1115 542 1127 596
pole 0.0021 1045 402 1060 541
pole 0.0020 1026 407 1074 585
pole 0.0019 991 454 1027 554
pole 0.0017 1096 382 1123 586
pole 0.0012 1098 475 1138 587
rail-occluder 0.6357 1784 673 1817 742
rail-occluder 0.2433 1607 675 1636 742
rail-occluder 0.0782 1784 666 1823 803
rail-occluder 0.0641 1875 788 1920 938
rail-occluder 0.0186 1112 539 1123 576
rail-occluder 0.0114 1599 671 1653 745
rail-occluder 0.0053 1786 672 1841 732
rail-occluder 0.0034 1588 651 1659 767
rail-occluder 0.0024 1069 526 1128 576
rail-occluder 0.0017 1444 649 1791 754
rail-occluder 0.0017 1615 675 1700 749
rail-occluder 0.0015 1861 769 1920 1040
rail-occluder 0.0015 1770 656 1839 863
rail-occluder 0.0014 1044 541 1066 589
rail-occluder 0.0012 1577 823 1624 941
rail-occluder 0.0011 1787 603 1831 712
