rail 0.9574 712 645 984 1074
rail 0.9477 101 652 874 1077
rail 0.8032 -5 650 803 894
rail 0.0996 0 662 713 797
rail 0.0108 12 705 531 875
rail 0.0088 0 742 342 856
rail 0.0052 -2 670 418 753
rail 0.0045 999 676 1943 1099
rail 0.0034 1031 730 1587 1070
rail 0.0018 51 782 179 856
rail 0.0018 3 705 258 836
rail 0.0016 6 637 625 728
rail 0.0015 21 644 231 790
rail 0.0015 297 659 794 759
rail 0.0013 -1 739 289 947
rail 0.0011 1 797 71 916
rail 0.0011 3 783 150 920
switch-static 0.0044 964 704 995 728
switch-static 0.0018 961 699 1006 735
track-sign-front 0.1771 76 805 101 841
track-sign-front 0.0238 995 656 1015 679
track-sign-front 0.0080 1083 671 1130 713
track-sign-front 0.0074 996 652 1028 685
track-sign-front 0.0026 943 651 956 681
track-sign-front 0.0024 934 607 964 678
track-sign-front 0.0018 1238 736 1265 765
track-sign-front 0.0018 980 670 1013 724
track-sign-front 0.0016 1017 648 1054 695
track-sign-front 0.0016 963 700 991 725
track-sign-front 0.0015 946 617 963 638
track-sign-front 0.0011 1026 646 1057 679
track-signal-front 0.0025 275 615 292 665
track-signal-front 0.0020 939 615 965 645
track-signal-front 0.0017 823 588 844 652
track-signal-front 0.0014 907 612 937 649
track-signal-back 0.0052 947 534 977 567
track-signal-back 0.0010 951 545 975 575
track-signal-back 0.0010 943 527 964 560
person 0.0054 1082 670 1131 714
pole 0.5117 92 60 174 960
pole 0.1678 767 552 779 684
pole 0.0905 730 553 743 687
pole 0.0472 735 549 788 693
pole 0.0107 23 538 51 702
pole 0.0091 290 567 307 692
pole 0.0086 772 554 820 683
pole 0.0071 812 568 839 666
pole 0.0070 726 531 735 658
pole 0.0064 102 41 258 982
pole 0.0051 704 537 735 676
pole 0.0040 19 264 135 963
pole 0.0040 300 567 323 690
pole 0.0030 275 582 300 686
pole 0.0028 19 398 100 830
pole 0.0027 85 222 213 1082
pole 0.0026 66 174 151 849
pole 0.0025 37 542 212 876
pole 0.0022 716 536 751 687
pole 0.0019 679 593 698 669
pole 0.0017 32 545 54 668
pole 0.0015 686 583 732 691
pole 0.0014 10 555 62 715
pole 0.0012 91 267 177 705
rail-occluder 0.2113 76 805 99 840
rail-occluder 0.0134 72 796 108 862
rail-occluder 0.0064 71 783 137 856
rail-occluder 0.0038 100 773 143 851
rail-occluder 0.0030 76 800 107 921
rail-occluder 0.0023 766 648 782 683
rail-occluder 0.0022 83 795 125 929
rail-occluder 0.0019 754 647 780 688
rail-occluder 0.0016 110 770 151 831
rail-occluder 0.0016 91 675 115 723
rail-occluder 0.0012 52 672 116 718
rail-occluder 0.0011 93 677 121 751
