guard-rail 0.0170 867 705 896 771
guard-rail 0.0109 821 692 901 769
guard-rail 0.0030 814 624 905 762
guard-rail 0.0017 825 599 906 704
guard-rail 0.0011 814 719 908 786
train-car 0.0068 818 506 843 561
train-car 0.0027 766 510 833 565
train-car 0.0027 816 490 870 568
train-car 0.0022 755 496 789 561
train-car 0.0019 821 495 837 539
train-car 0.0018 811 520 849 555
rail 0.9361 812 538 1912 1073
rail 0.9063 781 553 1083 1067
rail 0.6395 799 803 1055 1073
rail 0.3820 790 559 907 767
rail 0.1745 758 542 939 1069
rail 0.0854 785 673 906 781
rail 0.0588 857 559 910 594
rail 0.0437 780 563 816 584
rail 0.0325 759 557 817 586
rail 0.0323 781 551 822 577
rail 0.0296 779 750 951 940
rail 0.0237 828 556 896 586
rail 0.0161 750 540 817 582
rail 0.0128 835 554 924 599
rail 0.0112 828 561 927 646
rail 0.0099 785 556 849 583
rail 0.0086 884 575 932 600
rail 0.0080 860 553 925 585
rail 0.0075 792 548 853 573
rail 0.0058 740 556 802 589
rail 0.0045 753 565 814 600
rail 0.0040 801 542 955 718
rail 0.0034 783 570 825 597
rail 0.0028 809 812 984 964
rail 0.0027 498 600 876 1026
rail 0.0023 916 833 1070 1075
rail 0.0023 759 555 847 632
rail 0.0022 803 592 895 717
rail 0.0015 746 618 893 769
rail 0.0015 765 540 832 602
rail 0.0013 792 811 819 1069
rail 0.0013 874 574 935 620
rail 0.0012 871 551 931 609
rail 0.0010 640 674 779 818
switch-left 0.3685 780 700 904 780
switch-left 0.0830 786 801 947 895
switch-left 0.0558 761 691 934 1005
switch-left 0.0443 793 803 1015 975
switch-left 0.0107 779 776 936 861
switch-left 0.0069 783 747 917 830
switch-left 0.0025 862 703 902 773
switch-left 0.0014 766 716 864 790
switch-right 0.4321 789 703 900 778
switch-right 0.0868 796 797 958 888
switch-right 0.0567 765 596 931 1012
switch-right 0.0097 780 748 922 831
switch-right 0.0083 798 641 897 767
switch-right 0.0070 795 805 1007 972
switch-right 0.0023 817 784 925 860
switch-right 0.0020 838 805 940 877
switch-unknown 0.1726 879 581 923 603
switch-unknown 0.0926 860 564 908 596
switch-unknown 0.0740 871 575 910 597
switch-unknown 0.0415 855 554 896 584
switch-unknown 0.0232 884 576 931 598
switch-unknown 0.0166 790 555 842 584
switch-unknown 0.0139 788 573 816 590
switch-unknown 0.0132 822 540 877 580
switch-unknown 0.0121 883 592 926 619
switch-unknown 0.0108 863 548 921 585
switch-unknown 0.0091 799 537 850 575
switch-unknown 0.0060 905 583 956 609
switch-unknown 0.0049 764 571 804 592
switch-unknown 0.0014 796 574 839 599
switch-static 0.5264 624 786 737 858
switch-static 0.5014 673 743 738 786
switch-static 0.3360 625 774 733 821
switch-static 0.2633 601 884 674 917
switch-static 0.2273 650 803 743 851
switch-static 0.1493 657 749 751 801
switch-static 0.1039 624 827 704 866
switch-static 0.0488 674 729 728 770
switch-static 0.0460 653 776 774 850
switch-static 0.0282 621 815 738 872
switch-static 0.0258 616 780 690 840
switch-static 0.0218 584 745 789 890
switch-static 0.0108 1248 695 1305 719
switch-static 0.0050 693 749 790 791
switch-static 0.0048 617 701 780 853
switch-static 0.0045 668 723 725 751
switch-static 0.0030 690 760 793 814
switch-static 0.0026 596 610 832 1000
switch-static 0.0022 915 559 959 602
switch-static 0.0016 678 802 804 860
switch-static 0.0015 698 789 786 845
switch-static 0.0014 618 846 739 901
switch-static 0.0010 733 572 787 604
track-sign-front 0.0036 758 509 774 549
track-sign-front 0.0027 575 538 592 562
track-sign-front 0.0026 747 528 786 576
track-sign-front 0.0012 925 544 957 583
track-signal-back 0.2754 1799 89 1872 258
track-signal-back 0.0095 821 494 836 537
track-signal-back 0.0075 761 489 774 525
track-signal-back 0.0025 1803 60 1852 122
track-signal-back 0.0024 765 488 777 505
track-signal-back 0.0021 1800 63 1859 197
track-signal-back 0.0014 757 484 771 502
track-signal-back 0.0012 820 483 834 514
track-signal-back 0.0011 859 477 878 553
pole 0.0197 1741 1 1876 988
pole 0.0189 195 -44 324 1074
pole 0.0044 1718 27 1821 976
pole 0.0017 108 128 419 1085
pole 0.0015 856 494 883 570
pole 0.0012 1776 173 1884 825
