guard-rail 0.0018 858 681 922 751
guard-rail 0.0013 861 667 919 726
rail 0.9427 8 553 871 1077
rail 0.8487 727 554 1094 1074
rail 0.4116 776 677 1015 1075
rail 0.0373 813 649 997 821
rail 0.0020 653 632 973 1075
rail 0.0015 8 842 520 1065
rail 0.0015 727 639 893 1064
rail 0.0010 0 884 312 1068
switch-left 0.2899 857 671 955 745
switch-left 0.0656 846 687 966 777
switch-left 0.0045 871 660 949 708
switch-right 0.2401 860 670 951 732
switch-right 0.0629 849 686 964 777
switch-right 0.0045 873 659 946 709
switch-static 0.5683 948 657 1009 691
switch-static 0.0248 910 662 1004 708
switch-static 0.0164 940 648 1017 705
switch-static 0.0144 638 845 750 893
switch-static 0.0125 970 663 1025 690
switch-static 0.0025 1 985 57 1079
switch-static 0.0012 954 661 1033 714
track-sign-front 0.1059 666 560 683 585
track-sign-front 0.0145 1034 553 1054 586
track-sign-front 0.0140 45 705 69 760
track-sign-front 0.0131 667 563 684 602
track-sign-front 0.0127 981 550 995 570
track-sign-front 0.0061 821 571 840 649
track-sign-front 0.0057 659 558 688 588
track-sign-front 0.0038 263 675 287 786
track-sign-front 0.0031 815 518 833 637
track-sign-front 0.0028 29 695 71 756
track-sign-front 0.0024 1034 577 1054 615
track-sign-front 0.0020 964 543 997 572
track-sign-front 0.0018 970 554 993 578
track-sign-front 0.0016 665 560 709 587
track-sign-front 0.0016 1018 532 1050 573
track-sign-front 0.0014 267 686 292 756
track-sign-front 0.0012 927 525 957 565
track-sign-front 0.0012 1037 597 1054 637
track-sign-front 0.0011 50 693 80 750
track-signal-back 0.7753 817 438 845 488
track-signal-back 0.7734 265 244 331 395
track-signal-back 0.0295 259 525 286 622
track-signal-back 0.0165 821 495 839 544
track-signal-back 0.0105 820 457 841 583
track-signal-back 0.0066 822 444 862 490
track-signal-back 0.0065 261 324 332 432
track-signal-back 0.0059 819 478 843 534
track-signal-back 0.0022 244 517 296 634
track-signal-back 0.0015 261 364 312 434
track-signal-back 0.0014 883 518 911 557
track-signal-back 0.0014 231 256 338 447
track-signal-back 0.0011 272 367 354 441
track-signal-back 0.0011 249 417 292 664
pole 0.2568 822 454 839 658
pole 0.0766 817 426 847 648
pole 0.0286 824 545 839 648
pole 0.0205 2 -52 76 986
pole 0.0126 822 478 840 584
pole 0.0036 816 475 834 673
pole 0.0018 817 531 845 668
pole 0.0014 16 95 73 760
pole 0.0011 806 419 862 661
