crossing 0.0015 967 759 1165 819
crossing 0.0011 957 727 1230 816
crossing 0.0010 1575 853 1914 1065
guard-rail 0.0011 517 1004 684 1076
train-car 0.0624 1569 527 1615 561
train-car 0.0267 1492 529 1541 564
train-car 0.0022 1575 515 1639 559
train-car 0.0017 1522 514 1619 563
rail 0.8743 1546 571 1904 1072
rail 0.5476 350 568 1519 1082
rail 0.0129 1235 571 1373 818
rail 0.0097 833 647 1401 852
rail 0.0090 781 573 1561 972
rail 0.0056 91 776 1387 1081
rail 0.0035 1193 584 1562 850
rail 0.0033 1235 586 1314 854
rail 0.0019 374 827 1012 1072
rail 0.0015 1176 594 1400 880
switch-left 0.0025 879 749 1194 854
switch-left 0.0020 743 839 1011 939
switch-left 0.0013 829 793 1124 897
switch-right 0.0015 764 851 986 932
switch-right 0.0013 903 764 1163 847
track-sign-front 0.0149 0 153 72 335
track-sign-front 0.0011 1684 498 1703 522
track-sign-front 0.0010 1396 485 1418 519
track-sign-front 0.0010 1248 449 1273 482
track-signal-front 0.0054 27 358 99 507
track-signal-front 0.0018 1725 140 1758 228
track-signal-front 0.0015 1731 142 1758 190
track-signal-front 0.0012 0 147 87 337
track-signal-back 0.0221 31 352 97 506
track-signal-back 0.0011 1392 365 1417 398
person-group 0.0012 997 544 1588 851
car 0.0492 1491 533 1537 567
car 0.0436 1569 532 1613 563
car 0.0033 1494 521 1593 568
car 0.0010 1560 522 1622 567
person 0.7726 1236 555 1327 820
person 0.7606 648 554 708 728
person 0.7519 580 547 639 734
person 0.7164 1144 529 1190 655
person 0.3994 594 552 715 732
person 0.3689 1057 537 1090 629
person 0.1057 909 529 948 655
person 0.0192 1061 577 1086 629
person 0.0098 1363 533 1385 597
person 0.0086 1166 530 1206 633
person 0.0076 1178 545 1222 637
person 0.0073 1403 526 1426 587
person 0.0063 1410 540 1429 584
person 0.0050 1347 532 1375 602
person 0.0044 1284 552 1340 805
person 0.0040 1241 589 1325 733
person 0.0038 994 520 1027 628
person 0.0030 919 536 965 651
person 0.0026 1041 525 1082 628
person 0.0021 502 644 534 728
person 0.0018 1262 559 1335 691
person 0.0015 1616 525 1653 571
person 0.0015 580 540 626 670
person 0.0014 660 555 744 739
person 0.0013 653 534 705 663
person 0.0013 590 549 629 614
person 0.0013 1351 530 1393 599
person 0.0012 526 553 776 751
person 0.0012 555 535 610 717
person 0.0012 1146 532 1324 723
person 0.0012 894 514 940 642
person 0.0011 944 513 1014 644
person 0.0011 1207 566 1243 625
person 0.0011 1143 555 1200 701
person 0.0010 1183 528 1209 592
person 0.0010 1412 520 1434 568
rail-occluder 0.0047 1245 590 1309 850
rail-occluder 0.0018 1260 711 1294 819
