guard-rail 0.0057 697 665 764 704
guard-rail 0.0052 713 655 785 689
guard-rail 0.0038 764 617 842 675
guard-rail 0.0031 741 648 814 690
guard-rail 0.0031 743 630 823 678
guard-rail 0.0018 721 662 782 716
guard-rail 0.0018 728 643 793 677
guard-rail 0.0013 770 648 831 686
rail 0.9263 2 585 886 1081
rail 0.9253 861 574 1182 1074
rail 0.8641 921 581 1917 1072
rail 0.1479 821 516 857 677
rail 0.0491 797 554 868 678
rail 0.0303 820 567 905 635
rail 0.0294 823 558 869 658
rail 0.0168 728 578 884 669
rail 0.0122 861 580 929 607
rail 0.0055 754 603 852 685
rail 0.0041 863 557 928 601
rail 0.0040 805 603 864 674
rail 0.0040 820 609 854 667
rail 0.0038 891 569 937 598
rail 0.0035 779 568 930 665
rail 0.0026 647 581 878 727
rail 0.0025 734 625 833 680
rail 0.0020 240 594 860 937
rail 0.0019 0 715 558 1074
rail 0.0019 1240 666 1881 927
rail 0.0018 839 582 939 648
rail 0.0016 970 576 1091 659
rail 0.0015 785 556 845 653
rail 0.0015 1833 805 1923 859
rail 0.0014 816 530 888 643
rail 0.0013 681 623 833 706
rail 0.0013 879 573 1117 642
rail 0.0012 1884 804 1922 856
rail 0.0011 1776 792 1925 931
rail 0.0011 819 593 913 659
rail 0.0010 992 541 1060 661
switch-indicator 0.0598 647 647 687 676
switch-indicator 0.0024 1108 663 1134 688
switch-left 0.0012 670 665 754 702
switch-right 0.0078 696 659 760 687
switch-right 0.0042 709 653 788 690
switch-unknown 0.0172 873 577 923 602
switch-unknown 0.0162 811 565 858 671
switch-unknown 0.0142 899 580 934 600
switch-unknown 0.0060 768 591 849 654
switch-unknown 0.0058 831 580 900 646
switch-unknown 0.0050 875 537 921 611
switch-unknown 0.0014 717 638 807 683
switch-static 0.1191 650 648 688 677
switch-static 0.0250 672 653 736 680
switch-static 0.0076 1882 794 1921 835
switch-static 0.0075 1853 797 1922 838
switch-static 0.0047 1383 675 1413 695
switch-static 0.0044 1108 665 1130 688
switch-static 0.0041 616 652 677 689
switch-static 0.0015 709 647 752 678
switch-static 0.0013 634 664 692 694
switch-static 0.0011 620 639 698 686
switch-static 0.0011 585 673 632 699
track-sign-front 0.5288 1248 589 1261 610
track-sign-front 0.1419 471 647 499 691
track-sign-front 0.1133 1017 561 1031 597
track-sign-front 0.0943 1017 545 1029 611
track-sign-front 0.0707 1250 587 1271 608
track-sign-front 0.0243 1446 605 1460 632
track-sign-front 0.0109 1246 594 1261 636
track-sign-front 0.0076 1110 666 1133 684
track-sign-front 0.0053 111 525 210 630
track-sign-front 0.0047 1383 675 1412 696
track-sign-front 0.0046 1241 587 1266 614
track-sign-front 0.0044 1356 586 1382 633
track-sign-front 0.0038 1446 610 1458 674
track-sign-front 0.0033 1354 533 1384 582
track-sign-front 0.0024 187 674 217 698
track-sign-front 0.0022 1368 662 1404 693
track-sign-front 0.0021 462 647 516 697
track-sign-front 0.0020 735 551 750 612
track-sign-front 0.0020 1343 576 1385 674
track-sign-front 0.0011 1348 517 1384 616
track-sign-front 0.0011 1249 610 1264 661
track-sign-front 0.0010 181 671 220 712
track-sign-front 0.0010 1436 607 1456 637
track-sign-front 0.0010 1084 613 1126 699
track-signal-front 0.4845 1083 428 1110 490
track-signal-front 0.4786 834 493 856 519
track-signal-front 0.0262 839 492 865 523
track-signal-front 0.0162 1079 494 1100 555
track-signal-front 0.0024 827 491 854 528
track-signal-front 0.0013 1072 514 1100 592
track-signal-front 0.0011 1075 491 1104 533
track-signal-front 0.0011 1073 423 1125 497
track-signal-back 0.3694 1082 490 1107 539
track-signal-back 0.0201 1084 421 1109 485
track-signal-back 0.0167 1080 519 1105 563
track-signal-back 0.0011 1435 540 1461 614
pole 0.5533 969 482 980 608
pole 0.4289 1079 472 1112 699
pole 0.2543 1020 474 1033 610
pole 0.2281 832 496 851 671
pole 0.1420 1072 470 1098 687
pole 0.1287 1328 193 1399 912
pole 0.0877 820 532 858 681
pole 0.0667 892 497 905 599
pole 0.0545 1015 517 1031 638
pole 0.0433 1088 528 1113 676
pole 0.0401 956 479 978 608
pole 0.0337 962 472 989 619
pole 0.0244 897 496 925 599
pole 0.0200 971 472 1006 622
pole 0.0155 1332 516 1382 911
pole 0.0149 1015 565 1032 613
pole 0.0139 1061 548 1105 682
pole 0.0136 1349 125 1407 735
pole 0.0136 1803 -6 1861 862
pole 0.0133 1011 477 1039 614
pole 0.0126 1011 462 1051 654
pole 0.0110 1016 571 1043 664
pole 0.0103 829 502 869 661
pole 0.0093 972 527 1013 612
pole 0.0093 856 491 895 606
pole 0.0089 1015 579 1029 652
pole 0.0072 802 476 849 687
pole 0.0071 1324 334 1376 875
pole 0.0054 898 562 933 600
pole 0.0049 846 531 897 626
pole 0.0048 868 443 894 626
pole 0.0040 1100 512 1144 686
pole 0.0039 1341 611 1375 845
pole 0.0037 1302 132 1435 880
pole 0.0031 733 394 755 667
pole 0.0028 1299 514 1388 821
pole 0.0028 874 538 919 612
pole 0.0024 906 485 931 595
pole 0.0021 984 532 1073 666
pole 0.0021 1070 430 1125 664
pole 0.0018 1083 496 1116 621
pole 0.0017 960 555 983 618
pole 0.0017 1083 567 1124 696
pole 0.0016 723 399 761 715
pole 0.0015 922 516 985 614
pole 0.0014 1811 258 1851 849
pole 0.0011 944 480 1031 629
pole 0.0011 1326 514 1356 783
pole 0.0011 1445 604 1459 684
pole 0.0011 934 468 979 606
rail-occluder 0.0097 832 616 851 663
rail-occluder 0.0093 1337 644 1387 868
rail-occluder 0.0083 1077 595 1106 680
rail-occluder 0.0080 1347 729 1387 852
rail-occluder 0.0041 1344 680 1384 811
rail-occluder 0.0035 1013 619 1026 647
rail-occluder 0.0029 1078 641 1112 690
rail-occluder 0.0028 1052 616 1099 682
rail-occluder 0.0017 1370 675 1409 702
rail-occluder 0.0010 1335 646 1437 853
rail-occluder 0.0010 1023 613 1069 672
