crossing 0.0768 1221 699 1301 752
crossing 0.0029 1216 668 1306 774
crossing 0.0015 1256 657 1310 680
crossing 0.0011 1224 685 1340 756
crossing 0.0010 1209 742 1329 780
guard-rail 0.0445 1226 700 1253 752
guard-rail 0.0154 1232 693 1288 753
guard-rail 0.0011 1222 661 1296 773
rail 0.9498 1074 587 1369 1076
rail 0.0011 -2 682 302 1074
switch-static 0.0110 1338 745 1416 787
switch-static 0.0051 1337 774 1380 805
switch-static 0.0051 1326 740 1402 769
switch-static 0.0046 1338 766 1406 804
track-sign-front 0.7029 932 681 981 739
track-sign-front 0.4692 1357 611 1377 642
track-sign-front 0.0875 1224 575 1236 599
track-sign-front 0.0374 1216 579 1235 607
track-sign-front 0.0165 1225 558 1238 583
track-sign-front 0.0138 940 598 978 649
track-sign-front 0.0087 926 665 985 778
track-sign-front 0.0068 927 624 978 752
track-sign-front 0.0063 1360 610 1402 642
track-sign-front 0.0057 929 602 973 681
track-sign-front 0.0053 1365 523 1379 571
track-sign-front 0.0044 1188 577 1203 614
track-sign-front 0.0030 1187 567 1203 599
track-sign-front 0.0027 1222 552 1264 599
track-sign-front 0.0024 1367 527 1381 627
track-sign-front 0.0023 1113 676 1132 723
track-sign-front 0.0016 1289 568 1316 590
track-sign-front 0.0014 1423 494 1456 522
track-sign-front 0.0012 1111 663 1139 729
track-signal-front 0.5916 1362 493 1382 525
track-signal-front 0.0250 1360 491 1401 525
track-signal-front 0.0119 1360 486 1387 537
track-signal-front 0.0021 1269 512 1289 543
track-signal-front 0.0014 1410 494 1449 525
track-signal-front 0.0012 1373 498 1421 536
person 0.1899 750 804 800 919
person 0.0033 756 795 841 920
person 0.0023 727 758 799 914
