guard-rail 0.6818 730 728 771 820
guard-rail 0.2234 461 728 612 814
guard-rail 0.1529 497 715 622 792
guard-rail 0.0684 414 699 669 854
guard-rail 0.0579 415 752 575 849
guard-rail 0.0171 529 705 647 770
guard-rail 0.0109 706 737 743 833
guard-rail 0.0084 710 713 755 885
guard-rail 0.0080 297 688 678 913
guard-rail 0.0069 734 690 789 817
guard-rail 0.0053 612 763 652 818
guard-rail 0.0049 755 617 822 652
guard-rail 0.0041 730 751 761 839
guard-rail 0.0040 681 724 752 824
guard-rail 0.0036 731 624 788 654
guard-rail 0.0035 794 612 842 647
guard-rail 0.0028 745 650 806 822
guard-rail 0.0023 253 640 730 1022
guard-rail 0.0022 615 754 678 824
guard-rail 0.0019 533 716 677 830
guard-rail 0.0018 447 754 544 818
guard-rail 0.0013 467 650 709 815
guard-rail 0.0013 680 682 849 877
guard-rail 0.0012 593 730 670 825
guard-rail 0.0012 716 630 758 659
guard-rail 0.0010 453 735 616 892
rail 0.9478 892 550 1164 1075
rail 0.8982 15 547 891 1076
rail 0.0395 344 613 816 1074
rail 0.0066 14 525 862 822
rail 0.0050 809 577 861 611
rail 0.0049 834 555 912 592
rail 0.0032 795 573 880 622
rail 0.0023 877 552 912 588
rail 0.0020 440 605 814 866
rail 0.0020 231 627 704 917
rail 0.0019 331 553 914 915
rail 0.0018 612 616 867 850
rail 0.0018 761 581 800 611
rail 0.0017 833 576 881 608
rail 0.0015 542 528 893 1023
rail 0.0014 852 539 906 588
rail 0.0012 796 535 899 584
rail 0.0011 887 550 935 591
rail 0.0011 869 540 928 584
rail 0.0011 756 571 851 606
switch-indicator 0.0185 770 581 791 609
switch-left 0.0186 778 600 852 640
switch-left 0.0139 768 613 835 647
switch-right 0.1389 790 601 850 627
switch-right 0.0857 803 593 863 621
switch-right 0.0199 780 593 857 637
switch-right 0.0122 768 612 835 648
switch-unknown 0.0729 783 603 846 633
switch-unknown 0.0565 808 587 866 613
switch-unknown 0.0273 810 576 860 608
switch-unknown 0.0133 773 594 835 624
switch-unknown 0.0130 892 532 911 585
switch-unknown 0.0113 885 555 908 584
switch-unknown 0.0088 842 556 905 592
switch-unknown 0.0068 758 592 817 633
switch-unknown 0.0051 854 537 902 586
switch-unknown 0.0019 891 554 932 588
switch-unknown 0.0018 818 517 876 591
switch-unknown 0.0015 891 522 933 581
switch-unknown 0.0010 765 564 840 606
switch-static 0.0253 772 593 834 622
switch-static 0.0141 842 662 885 684
switch-static 0.0062 678 633 712 654
switch-static 0.0057 733 610 784 639
switch-static 0.0040 835 579 878 609
switch-static 0.0031 834 667 878 690
switch-static 0.0017 717 613 754 637
switch-static 0.0011 848 666 889 694
track-sign-front 0.6880 1041 517 1062 547
track-sign-front 0.0053 1045 509 1065 539
track-sign-front 0.0034 1038 510 1062 564
track-sign-front 0.0032 1042 528 1061 604
track-sign-front 0.0028 1042 523 1107 555
track-sign-front 0.0025 1063 529 1105 562
track-sign-front 0.0017 975 484 994 530
track-sign-front 0.0017 675 490 691 511
track-sign-front 0.0015 976 505 997 538
track-signal-front 0.0019 894 470 918 543
track-signal-back 0.0383 825 474 836 516
track-signal-back 0.0109 824 473 839 499
track-signal-back 0.0066 894 476 909 535
track-signal-back 0.0053 896 483 907 508
track-signal-back 0.0018 734 465 752 501
pole 0.0870 826 468 836 592
pole 0.0121 894 474 911 585
pole 0.0117 822 468 843 587
pole 0.0087 776 454 791 574
pole 0.0075 823 472 838 523
pole 0.0023 776 417 806 609
pole 0.0022 890 535 910 585
pole 0.0018 776 457 826 593
pole 0.0014 632 394 655 619
pole 0.0014 892 477 927 574
rail-occluder 0.0603 772 589 792 614
rail-occluder 0.0047 754 586 790 620
