guard-rail 0.4156 778 702 797 771
guard-rail 0.3200 546 698 657 762
guard-rail 0.0921 530 721 622 771
guard-rail 0.0509 568 687 682 751
guard-rail 0.0396 761 704 788 773
guard-rail 0.0317 533 687 708 800
guard-rail 0.0114 789 683 807 740
guard-rail 0.0084 745 691 790 768
guard-rail 0.0072 1020 592 1048 634
guard-rail 0.0069 773 610 829 646
guard-rail 0.0051 680 720 716 774
guard-rail 0.0043 777 678 804 727
guard-rail 0.0038 748 612 792 639
guard-rail 0.0031 782 701 812 778
guard-rail 0.0026 538 722 666 784
guard-rail 0.0024 759 695 810 772
guard-rail 0.0023 753 609 819 655
guard-rail 0.0023 607 688 687 737
guard-rail 0.0022 698 670 840 826
guard-rail 0.0022 1001 620 1037 668
guard-rail 0.0021 1037 618 1051 662
guard-rail 0.0020 753 730 780 777
guard-rail 0.0018 693 712 740 771
guard-rail 0.0013 387 559 821 930
guard-rail 0.0013 480 625 694 835
guard-rail 0.0012 738 622 782 667
guard-rail 0.0011 795 690 820 752
guard-rail 0.0010 782 679 815 744
train-car 0.3153 817 523 850 553
train-car 0.0095 808 519 865 565
train-car 0.0043 802 469 842 571
train-car 0.0021 832 526 901 563
train-car 0.0011 830 502 946 579
rail 0.9112 1024 554 1914 1076
rail 0.9001 935 554 1208 1074
rail 0.8931 11 549 821 1075
rail 0.8621 451 549 847 1078
rail 0.7936 1069 562 1917 793
rail 0.7859 -2 554 747 785
rail 0.2311 911 553 987 606
rail 0.1292 5 618 596 758
rail 0.0915 930 559 999 618
rail 0.0431 849 545 955 590
rail 0.0406 916 546 971 588
rail 0.0316 956 549 1030 608
rail 0.0305 1000 553 1058 596
rail 0.0292 953 578 1002 624
rail 0.0231 828 537 908 572
rail 0.0212 803 566 851 608
rail 0.0212 815 548 874 595
rail 0.0195 826 547 916 585
rail 0.0147 171 649 399 727
rail 0.0131 928 576 1049 1073
rail 0.0087 787 572 838 612
rail 0.0080 907 548 1019 624
rail 0.0070 1317 610 1935 769
rail 0.0058 929 538 998 588
rail 0.0056 968 545 1026 584
rail 0.0048 803 524 866 586
rail 0.0048 934 597 997 1074
rail 0.0040 1006 555 1107 598
rail 0.0033 -1 600 576 901
rail 0.0033 834 552 966 610
rail 0.0032 789 555 841 633
rail 0.0030 783 532 840 567
rail 0.0029 237 554 763 692
rail 0.0025 810 558 914 623
rail 0.0023 890 520 972 593
rail 0.0022 1026 565 1088 599
rail 0.0022 869 528 993 611
rail 0.0019 806 573 872 617
rail 0.0018 1 638 302 771
rail 0.0016 419 646 723 1037
rail 0.0014 950 528 1096 662
rail 0.0013 735 525 1169 1087
rail 0.0012 755 540 810 572
rail 0.0012 909 544 1073 790
rail 0.0010 921 814 1237 1095
switch-indicator 0.0087 1468 615 1485 638
switch-indicator 0.0036 1281 618 1295 649
switch-indicator 0.0012 1458 616 1482 641
switch-indicator 0.0010 832 557 890 624
switch-left 0.0775 930 931 1214 1067
switch-left 0.0724 947 591 996 623
switch-left 0.0365 770 592 841 636
switch-left 0.0051 771 610 830 647
switch-left 0.0030 995 592 1049 630
switch-left 0.0019 928 868 1172 1013
switch-left 0.0012 960 955 1138 1056
switch-right 0.1655 775 595 840 628
switch-right 0.0993 945 579 994 621
switch-right 0.0601 767 604 828 634
switch-right 0.0166 952 598 1001 629
switch-right 0.0139 922 891 1190 1049
switch-unknown 0.1442 1019 559 1069 587
switch-unknown 0.0944 1002 557 1056 592
switch-unknown 0.0703 930 558 990 609
switch-unknown 0.0678 784 585 839 616
switch-unknown 0.0677 1045 564 1116 588
switch-unknown 0.0517 1036 558 1089 583
switch-unknown 0.0401 1075 571 1136 594
switch-unknown 0.0365 1016 565 1058 602
switch-unknown 0.0322 804 567 851 604
switch-unknown 0.0308 989 550 1051 581
switch-unknown 0.0282 788 575 837 608
switch-unknown 0.0225 1088 578 1147 601
switch-unknown 0.0181 1001 568 1055 620
switch-unknown 0.0082 1099 581 1163 609
switch-unknown 0.0063 1108 573 1157 602
switch-unknown 0.0040 1028 565 1085 599
switch-unknown 0.0037 806 573 872 619
switch-unknown 0.0036 930 523 996 591
switch-unknown 0.0024 761 534 799 574
switch-unknown 0.0024 732 554 774 577
switch-unknown 0.0018 745 542 780 574
switch-unknown 0.0016 668 578 729 603
switch-unknown 0.0016 1119 586 1178 616
switch-unknown 0.0013 629 581 689 613
switch-unknown 0.0013 1110 594 1169 623
switch-unknown 0.0012 754 545 806 582
switch-static 0.0114 859 691 896 711
track-sign-front 0.0070 1902 670 1919 715
track-sign-front 0.0022 636 493 665 563
track-sign-front 0.0018 1281 608 1300 647
track-sign-front 0.0013 97 530 120 567
track-sign-front 0.0013 634 471 654 586
track-signal-back 0.0019 803 447 819 536
track-signal-back 0.0015 868 417 894 550
pole 0.6171 1286 96 1356 828
pole 0.6000 628 209 660 666
pole 0.1602 876 223 907 629
pole 0.0791 773 423 784 568
pole 0.0374 1137 431 1152 590
pole 0.0344 633 279 652 630
pole 0.0335 786 427 807 568
pole 0.0254 871 329 895 634
pole 0.0246 583 404 600 616
pole 0.0210 888 381 912 608
pole 0.0199 99 156 134 702
pole 0.0183 778 405 802 575
pole 0.0150 899 351 920 613
pole 0.0117 955 470 971 582
pole 0.0104 684 465 696 568
pole 0.0093 768 397 782 573
pole 0.0091 631 444 656 653
pole 0.0080 767 467 789 580
pole 0.0062 677 458 715 584
pole 0.0057 1184 523 1193 569
pole 0.0056 1085 460 1101 569
pole 0.0055 1253 177 1386 909
pole 0.0055 1027 464 1058 573
pole 0.0054 613 367 652 654
pole 0.0053 757 430 784 571
pole 0.0053 902 430 932 574
pole 0.0051 876 241 894 584
pole 0.0047 585 443 598 581
pole 0.0041 715 469 733 573
pole 0.0040 680 447 697 598
pole 0.0036 586 333 609 631
pole 0.0032 920 463 976 596
pole 0.0030 853 293 901 632
pole 0.0025 870 430 892 577
pole 0.0025 637 417 663 637
pole 0.0024 903 474 943 588
pole 0.0024 898 476 958 632
pole 0.0024 869 269 928 643
pole 0.0023 1002 458 1032 563
pole 0.0023 802 415 819 566
pole 0.0022 933 418 968 591
pole 0.0022 835 505 899 581
pole 0.0019 792 468 849 570
pole 0.0018 874 440 928 626
pole 0.0018 617 299 673 677
pole 0.0017 74 148 137 770
pole 0.0015 971 466 1019 585
pole 0.0013 880 414 916 557
pole 0.0013 764 408 794 575
pole 0.0013 767 429 818 568
pole 0.0012 952 400 975 581
pole 0.0012 106 186 160 653
pole 0.0011 986 456 1015 562
pole 0.0010 1045 456 1084 565
pole 0.0010 1093 445 1133 576
pole 0.0010 1134 424 1162 597
pole 0.0010 738 463 788 585
rail-occluder 0.3258 278 664 308 707
rail-occluder 0.0137 1902 679 1920 726
rail-occluder 0.0083 1281 620 1295 648
rail-occluder 0.0070 285 663 320 699
rail-occluder 0.0036 1469 617 1485 642
rail-occluder 0.0034 1209 610 1235 626
rail-occluder 0.0034 1202 606 1230 624
rail-occluder 0.0027 1895 678 1915 720
rail-occluder 0.0019 270 675 313 728
rail-occluder 0.0018 279 644 313 694
rail-occluder 0.0010 1208 604 1246 623
