guard-rail 0.2012 978 756 1010 805
guard-rail 0.1416 207 979 348 1080
guard-rail 0.0520 207 1015 316 1080
guard-rail 0.0446 913 785 1062 893
guard-rail 0.0428 769 770 797 812
guard-rail 0.0237 979 747 1027 815
guard-rail 0.0207 772 786 802 825
guard-rail 0.0165 769 760 794 792
guard-rail 0.0126 973 729 1002 792
guard-rail 0.0085 774 705 810 740
guard-rail 0.0084 947 776 1046 864
guard-rail 0.0082 785 718 814 755
guard-rail 0.0076 746 695 802 734
guard-rail 0.0068 767 769 820 815
guard-rail 0.0064 769 789 937 895
guard-rail 0.0063 976 824 1094 902
guard-rail 0.0062 894 798 992 856
guard-rail 0.0058 832 884 873 1073
guard-rail 0.0054 629 676 697 711
guard-rail 0.0053 770 788 824 832
guard-rail 0.0053 1028 832 1094 897
guard-rail 0.0053 616 689 667 719
guard-rail 0.0048 771 754 826 792
guard-rail 0.0043 718 710 772 760
guard-rail 0.0042 966 718 994 780
guard-rail 0.0040 960 805 1062 881
guard-rail 0.0038 702 674 785 737
guard-rail 0.0033 753 769 785 808
guard-rail 0.0033 720 655 804 718
guard-rail 0.0030 789 804 886 872
guard-rail 0.0028 760 758 836 846
guard-rail 0.0028 773 793 885 844
guard-rail 0.0026 767 718 803 758
guard-rail 0.0025 1010 838 1113 930
guard-rail 0.0025 646 667 722 709
guard-rail 0.0024 948 717 1046 834
guard-rail 0.0024 137 892 400 1092
guard-rail 0.0022 165 994 303 1079
guard-rail 0.0022 181 1026 281 1084
guard-rail 0.0018 787 769 849 810
guard-rail 0.0018 775 802 836 864
guard-rail 0.0017 743 746 779 786
guard-rail 0.0017 770 676 812 718
guard-rail 0.0016 918 660 1103 899
guard-rail 0.0015 262 962 363 1069
guard-rail 0.0015 793 758 847 792
guard-rail 0.0014 810 827 907 930
guard-rail 0.0013 1052 848 1112 919
guard-rail 0.0012 978 771 1089 873
guard-rail 0.0012 838 948 869 1061
guard-rail 0.0012 234 952 418 1072
guard-rail 0.0011 659 825 688 874
guard-rail 0.0011 795 726 833 760
guard-rail 0.0011 1058 919 1136 1039
guard-rail 0.0010 699 709 738 760
guard-rail 0.0010 1044 873 1123 953
rail 0.9415 3 612 850 1078
rail 0.8630 1049 659 1920 1080
rail 0.7427 852 599 1267 1082
rail 0.6055 3 645 635 879
rail 0.5451 913 826 1298 1078
rail 0.2197 813 825 969 1076
rail 0.1967 785 795 1076 1077
rail 0.1940 710 688 1173 1022
rail 0.1838 838 788 1117 987
rail 0.1639 -2 704 435 876
rail 0.1329 1026 851 1238 1076
rail 0.1274 1212 675 1914 901
rail 0.0964 206 973 350 1079
rail 0.0925 755 763 1041 945
rail 0.0686 901 830 983 1078
rail 0.0588 818 826 886 1076
rail 0.0561 427 635 626 735
rail 0.0287 786 795 925 1037
rail 0.0182 463 629 698 717
rail 0.0166 -2 732 268 859
rail 0.0104 775 624 832 652
rail 0.0102 724 709 976 997
rail 0.0095 3 979 338 1085
rail 0.0092 483 646 631 714
rail 0.0074 812 816 972 952
rail 0.0063 898 835 1055 1032
rail 0.0060 1078 917 1286 1080
rail 0.0058 747 629 823 654
rail 0.0057 799 786 870 1054
rail 0.0056 872 883 1181 1075
rail 0.0047 952 824 1171 1018
rail 0.0047 871 866 933 1082
rail 0.0047 2 744 112 865
rail 0.0041 1379 729 1918 947
rail 0.0039 -13 692 362 791
rail 0.0035 355 652 608 766
rail 0.0034 691 638 804 724
rail 0.0034 101 704 401 819
rail 0.0033 440 655 522 737
rail 0.0031 123 960 386 1077
rail 0.0030 1056 760 1284 904
rail 0.0029 629 654 1002 1062
rail 0.0027 1132 974 1305 1073
rail 0.0026 789 609 854 647
rail 0.0025 1050 912 1187 1080
rail 0.0023 34 737 368 937
rail 0.0023 1151 669 1699 823
rail 0.0022 1023 837 1147 1000
rail 0.0022 977 801 1475 1102
rail 0.0021 171 1027 291 1083
rail 0.0019 568 640 651 697
rail 0.0019 -14 731 438 1050
rail 0.0019 1003 836 1118 934
rail 0.0019 935 591 1893 909
rail 0.0018 1587 788 1917 971
rail 0.0018 4 727 145 817
rail 0.0016 936 947 1217 1080
rail 0.0016 -2 733 155 953
rail 0.0016 515 652 602 703
rail 0.0016 117 855 471 1091
rail 0.0015 742 615 841 665
rail 0.0014 727 625 786 654
rail 0.0014 484 671 636 745
rail 0.0014 30 1019 306 1096
rail 0.0013 1457 817 1913 1073
rail 0.0013 494 660 586 716
rail 0.0012 254 636 749 825
rail 0.0012 1166 660 1253 701
rail 0.0011 641 628 844 842
rail 0.0011 1033 824 1194 959
rail 0.0010 1081 769 1332 1062
rail 0.0010 1144 660 1298 718
rail 0.0010 387 642 573 719
rail 0.0010 739 774 1303 1206
rail 0.0010 643 595 809 718
rail 0.0010 1584 722 1915 906
rail 0.0010 1292 655 1907 809
rail 0.0010 332 594 882 966
rail 0.0010 1612 812 1889 907
switch-indicator 0.0478 1003 655 1026 703
switch-indicator 0.0118 984 663 1018 709
switch-indicator 0.0108 1010 649 1037 702
switch-indicator 0.0022 798 620 838 658
switch-left 0.1549 705 662 787 711
switch-left 0.0796 882 809 1058 915
switch-left 0.0525 790 802 966 915
switch-left 0.0420 857 802 1001 882
switch-left 0.0178 895 852 1065 951
switch-left 0.0119 940 801 1077 887
switch-left 0.0098 895 793 1044 863
switch-left 0.0071 777 803 902 875
switch-left 0.0053 703 678 785 734
switch-left 0.0027 926 833 1095 931
switch-left 0.0020 697 649 810 732
switch-left 0.0020 915 963 1166 1071
switch-left 0.0014 821 826 926 932
switch-left 0.0011 858 822 996 945
switch-left 0.0010 918 862 1029 938
switch-left 0.0010 900 831 1007 924
switch-right 0.2598 711 660 783 693
switch-right 0.1839 864 790 1092 921
switch-right 0.1806 785 810 987 904
switch-right 0.0951 888 805 1054 881
switch-right 0.0497 792 804 922 885
switch-right 0.0490 819 785 1057 1013
switch-right 0.0478 704 655 785 714
switch-right 0.0187 885 798 1009 860
switch-right 0.0053 969 824 1100 904
switch-right 0.0048 702 678 787 734
switch-right 0.0041 773 794 973 869
switch-right 0.0037 912 816 1023 902
switch-right 0.0032 949 829 1129 936
switch-right 0.0021 877 814 981 897
switch-right 0.0017 646 669 723 710
switch-right 0.0011 842 806 949 879
switch-unknown 0.0710 719 654 790 681
switch-unknown 0.0372 766 632 820 655
switch-unknown 0.0322 751 640 814 670
switch-unknown 0.0192 779 626 828 650
switch-unknown 0.0063 807 605 842 646
switch-unknown 0.0027 819 600 862 638
switch-unknown 0.0026 766 649 804 679
switch-unknown 0.0026 675 668 764 710
switch-unknown 0.0021 646 670 724 708
switch-unknown 0.0012 732 619 778 652
switch-unknown 0.0012 1169 664 1248 706
switch-static 0.4880 1108 809 1240 858
switch-static 0.0170 650 656 713 688
switch-static 0.0160 1077 820 1175 859
switch-static 0.0096 1070 823 1218 870
switch-static 0.0076 981 663 1022 710
switch-static 0.0074 640 652 692 682
switch-static 0.0067 552 679 606 709
switch-static 0.0047 641 652 679 672
switch-static 0.0040 658 646 708 673
switch-static 0.0035 975 655 1369 1046
switch-static 0.0033 974 676 998 711
switch-static 0.0030 688 637 738 675
switch-static 0.0028 1131 819 1263 874
switch-static 0.0022 520 671 602 712
switch-static 0.0020 1052 826 1187 890
switch-static 0.0019 677 655 754 696
switch-static 0.0011 557 691 612 721
switch-static 0.0010 577 670 633 711
switch-static 0.0010 1161 663 1224 697
switch-static 0.0010 1037 737 1328 960
track-sign-front 0.7969 1068 595 1094 623
track-sign-front 0.0229 960 610 975 630
track-sign-front 0.0186 448 659 474 701
track-sign-front 0.0086 1071 586 1098 645
track-sign-front 0.0064 449 645 476 686
track-sign-front 0.0054 980 601 1012 652
track-sign-front 0.0048 996 609 1016 695
track-sign-front 0.0047 945 605 976 633
track-sign-front 0.0027 959 599 979 634
track-sign-front 0.0027 1069 589 1117 626
track-sign-front 0.0025 924 538 940 605
track-sign-front 0.0025 958 522 973 561
track-sign-front 0.0021 412 630 441 730
track-sign-front 0.0017 448 620 477 709
track-sign-front 0.0015 921 562 942 621
track-sign-front 0.0011 921 559 962 630
track-signal-back 0.0068 690 432 720 514
track-signal-back 0.0027 958 519 974 561
track-signal-back 0.0024 686 409 714 595
track-signal-back 0.0022 790 532 804 579
track-signal-back 0.0013 921 523 940 589
track-signal-back 0.0010 941 506 971 568
pole 0.3224 411 213 472 772
pole 0.3169 601 373 618 699
pole 0.1799 1065 234 1098 759
pole 0.1078 679 421 705 685
pole 0.0390 593 389 633 705
pole 0.0282 438 246 486 775
pole 0.0218 24 104 100 924
pole 0.0190 1699 53 1775 979
pole 0.0110 1047 208 1091 751
pole 0.0094 364 213 498 780
pole 0.0086 42 95 146 935
pole 0.0084 723 430 745 671
pole 0.0065 7 104 73 1020
pole 0.0052 587 413 614 724
pole 0.0052 647 408 689 698
pole 0.0048 620 449 646 698
pole 0.0046 1666 14 1803 833
pole 0.0038 604 468 616 609
pole 0.0036 687 401 724 653
pole 0.0036 559 400 590 702
pole 0.0033 686 503 705 645
pole 0.0032 677 525 701 663
pole 0.0031 789 522 808 632
pole 0.0030 346 242 432 787
pole 0.0029 456 524 486 735
pole 0.0026 2 405 130 978
pole 0.0025 409 403 494 801
pole 0.0024 818 574 843 644
pole 0.0024 956 476 974 601
pole 0.0024 1018 315 1093 788
pole 0.0023 381 398 452 800
pole 0.0020 733 438 753 667
pole 0.0019 90 412 155 898
pole 0.0018 607 355 623 665
pole 0.0016 596 576 621 683
pole 0.0016 3 299 51 913
pole 0.0015 269 319 489 840
pole 0.0012 619 529 649 663
pole 0.0012 600 487 692 751
pole 0.0012 735 490 755 620
pole 0.0012 1713 146 1827 972
pole 0.0011 727 484 747 625
pole 0.0011 772 514 806 639
pole 0.0011 1061 290 1120 824
pole 0.0011 1073 296 1097 622
pole 0.0010 43 533 190 899
pole 0.0010 780 545 832 648
pole 0.0010 681 466 704 609
rail-occluder 0.2464 403 700 430 759
rail-occluder 0.0508 1070 611 1103 727
rail-occluder 0.0421 400 671 454 762
rail-occluder 0.0235 446 657 476 743
rail-occluder 0.0114 1000 617 1022 711
rail-occluder 0.0095 377 668 492 767
rail-occluder 0.0058 417 656 506 755
rail-occluder 0.0049 393 696 445 775
rail-occluder 0.0045 294 686 530 778
rail-occluder 0.0045 3 742 107 867
rail-occluder 0.0038 399 704 430 799
rail-occluder 0.0027 592 641 628 694
rail-occluder 0.0026 450 656 509 735
rail-occluder 0.0023 1005 647 1044 704
rail-occluder 0.0022 995 608 1017 698
rail-occluder 0.0019 412 614 442 748
rail-occluder 0.0018 46 754 98 836
rail-occluder 0.0017 314 670 414 794
rail-occluder 0.0015 556 644 619 704
rail-occluder 0.0014 348 674 394 752
rail-occluder 0.0014 604 645 664 691
rail-occluder 0.0012 16 727 99 819
rail-occluder 0.0011 333 676 359 750
rail-occluder 0.0010 640 648 680 675
