crossing 0.0154 727 501 797 541
crossing 0.0060 732 525 777 546
crossing 0.0039 697 503 763 544
crossing 0.0023 705 526 758 553
crossing 0.0012 835 494 910 527
crossing 0.0011 749 524 789 546
crossing 0.0010 958 519 1023 540
guard-rail 0.0055 1654 706 1870 782
guard-rail 0.0028 1773 732 1920 848
guard-rail 0.0024 1721 718 1906 805
guard-rail 0.0012 1717 721 1804 767
guard-rail 0.0011 1802 712 1914 778
guard-rail 0.0010 1694 728 1828 794
train-car 0.8055 0 400 704 838
train-car 0.0293 660 475 680 520
train-car 0.0021 689 470 719 518
train-car 0.0020 7 369 209 857
train-car 0.0017 241 489 464 733
train-car 0.0014 661 465 697 526
rail 0.9485 18 494 775 1073
rail 0.9232 832 506 1185 1075
rail 0.9205 891 509 1918 1069
rail 0.7894 1032 517 1918 815
rail 0.0940 1259 560 1923 748
rail 0.0295 717 497 830 529
rail 0.0182 1437 630 1921 826
rail 0.0133 737 506 807 536
rail 0.0126 1093 496 1881 655
rail 0.0120 1635 683 1919 835
rail 0.0091 1464 601 1926 732
rail 0.0078 664 482 733 523
rail 0.0069 693 488 770 523
rail 0.0063 1586 658 1912 778
rail 0.0057 694 501 765 542
rail 0.0052 670 498 741 541
rail 0.0043 1619 746 1918 1007
rail 0.0042 1754 707 1919 821
rail 0.0039 1430 726 1918 1049
rail 0.0038 753 500 882 533
rail 0.0036 1741 654 1920 795
rail 0.0032 731 493 909 544
rail 0.0031 988 510 1284 577
rail 0.0029 825 502 932 539
rail 0.0028 758 505 834 534
rail 0.0025 642 489 729 553
rail 0.0025 1054 517 1234 561
rail 0.0025 1754 743 1919 941
rail 0.0024 710 487 801 540
rail 0.0023 918 502 1243 559
rail 0.0020 895 512 1031 543
rail 0.0018 1039 518 1396 598
rail 0.0018 860 513 937 546
rail 0.0018 962 507 1456 648
rail 0.0017 1123 526 1623 693
rail 0.0017 1679 614 1916 719
rail 0.0016 1587 577 1926 700
rail 0.0016 1698 587 1924 656
rail 0.0015 1831 705 1921 809
rail 0.0014 876 526 944 556
rail 0.0014 1562 612 1931 935
rail 0.0013 1590 846 1912 1055
rail 0.0013 973 507 1207 546
rail 0.0013 1825 740 1919 859
rail 0.0012 725 502 852 553
rail 0.0012 753 483 842 529
rail 0.0012 1677 823 1918 982
rail 0.0012 1833 670 1921 764
rail 0.0011 1688 665 1862 724
rail 0.0011 1765 682 1903 762
rail 0.0011 730 522 780 550
rail 0.0011 873 511 1067 565
rail 0.0010 892 514 953 544
rail 0.0010 787 483 895 526
rail 0.0010 795 496 969 553
rail 0.0010 1070 528 1565 627
switch-unknown 0.0046 881 530 942 552
switch-unknown 0.0037 865 514 936 545
switch-unknown 0.0032 1182 548 1240 572
switch-unknown 0.0020 1198 553 1270 576
switch-unknown 0.0019 842 507 916 535
switch-unknown 0.0015 1224 557 1297 581
switch-unknown 0.0010 1241 562 1319 586
switch-static 0.0037 1187 552 1237 572
track-sign-front 0.0493 660 477 679 518
track-sign-front 0.0448 655 515 671 573
track-sign-front 0.0021 646 525 666 574
track-sign-front 0.0017 656 480 705 557
track-sign-front 0.0013 579 456 600 484
track-sign-front 0.0010 696 457 750 516
track-signal-front 0.1319 659 471 676 512
track-signal-front 0.0076 658 464 676 484
track-signal-front 0.0064 691 467 722 520
track-signal-front 0.0061 657 472 687 518
track-signal-front 0.0038 822 430 851 493
track-signal-front 0.0024 585 459 614 489
track-signal-front 0.0014 692 420 724 494
track-signal-front 0.0013 615 459 647 482
track-signal-front 0.0010 659 437 702 498
track-signal-back 0.0076 833 434 848 484
track-signal-back 0.0019 696 412 718 461
track-signal-back 0.0011 830 429 846 464
person 0.0033 658 478 680 555
person 0.0019 655 516 677 576
pole 0.0907 937 414 952 539
pole 0.0552 931 368 955 549
pole 0.0255 921 337 949 541
pole 0.0227 954 350 989 551
pole 0.0220 980 348 996 530
pole 0.0110 897 396 913 520
pole 0.0098 921 315 936 528
pole 0.0098 830 445 850 521
pole 0.0040 975 425 995 526
pole 0.0032 825 469 856 529
pole 0.0030 913 447 956 545
pole 0.0028 803 441 851 527
pole 0.0028 889 413 924 529
pole 0.0027 922 362 933 484
pole 0.0021 795 465 828 514
pole 0.0019 657 459 682 526
pole 0.0016 832 433 849 487
pole 0.0014 970 361 1003 548
pole 0.0012 915 373 975 548
pole 0.0011 740 464 814 521
rail-occluder 0.0335 1150 539 1168 573
rail-occluder 0.0117 931 511 960 540
rail-occluder 0.0062 1152 528 1171 562
rail-occluder 0.0047 936 516 988 540
rail-occluder 0.0040 793 500 849 533
rail-occluder 0.0037 1150 533 1216 576
rail-occluder 0.0034 1158 552 1211 575
rail-occluder 0.0032 1144 551 1163 575
rail-occluder 0.0030 803 464 851 537
rail-occluder 0.0027 896 509 955 548
rail-occluder 0.0026 1133 534 1185 576
rail-occluder 0.0019 1762 674 1809 716
rail-occluder 0.0016 1144 546 1176 575
rail-occluder 0.0016 909 508 979 539
rail-occluder 0.0016 973 469 1001 527
rail-occluder 0.0011 820 498 876 537
rail-occluder 0.0011 1185 549 1240 576
