train-car 0.0011 -5 276 179 732
platform 0.0042 761 555 891 604
platform 0.0036 703 526 822 620
platform 0.0016 709 559 854 596
platform 0.0010 919 542 962 619
rail 0.9563 965 539 1257 1073
rail 0.9492 95 550 928 1075
rail 0.6001 1018 549 1915 1078
rail 0.5629 0 566 890 854
rail 0.0175 -4 640 469 776
rail 0.0146 0 669 286 823
rail 0.0079 -9 667 185 778
rail 0.0069 -31 578 746 752
rail 0.0036 317 573 873 751
rail 0.0035 -15 651 279 756
rail 0.0028 254 594 744 872
rail 0.0028 1266 716 1913 1077
rail 0.0027 1240 603 1908 835
rail 0.0027 26 694 193 812
rail 0.0022 19 637 615 839
rail 0.0019 -2 708 159 852
rail 0.0018 7 663 407 914
rail 0.0016 124 614 699 981
rail 0.0011 -3 697 101 798
rail 0.0010 417 470 812 809
track-sign-front 0.0210 1013 517 1040 539
track-sign-front 0.0202 956 513 968 533
track-sign-front 0.0081 1039 554 1056 576
track-sign-front 0.0061 1022 534 1062 575
track-sign-front 0.0046 1002 517 1041 554
track-sign-front 0.0036 951 522 974 557
track-sign-front 0.0034 1044 556 1059 580
track-sign-front 0.0023 1043 547 1060 571
track-sign-front 0.0022 89 735 135 785
track-sign-front 0.0017 1017 506 1052 534
track-sign-front 0.0016 920 515 970 585
track-sign-front 0.0014 896 485 928 580
track-sign-front 0.0012 29 713 203 812
track-sign-front 0.0011 1037 511 1062 542
track-signal-front 0.0820 957 509 969 527
track-signal-front 0.0188 1015 511 1030 533
track-signal-front 0.0068 956 504 970 533
track-signal-front 0.0017 939 463 968 553
pole 0.3956 908 364 931 637
pole 0.2385 713 4 770 931
pole 0.0548 723 145 760 854
pole 0.0509 929 384 964 630
pole 0.0104 898 361 946 652
pole 0.0070 952 484 969 567
pole 0.0052 671 -3 799 996
pole 0.0048 719 510 765 1023
pole 0.0033 699 385 765 842
pole 0.0028 908 435 927 580
pole 0.0023 715 395 804 741
pole 0.0023 903 491 951 660
pole 0.0019 926 536 960 620
pole 0.0018 551 34 764 968
pole 0.0018 723 -81 791 750
pole 0.0012 697 314 826 903
pole 0.0011 489 38 599 883
pole 0.0011 912 540 955 637
pole 0.0010 488 545 925 1059
pole 0.0010 897 469 927 630
pole 0.0010 676 -64 767 727
pole 0.0010 593 519 839 1013
rail-occluder 0.0025 6 691 164 798
rail-occluder 0.0018 83 733 138 788
rail-occluder 0.0018 68 716 151 792
