crossing 0.3350 971 769 1072 817
crossing 0.0661 967 790 1087 832
crossing 0.0646 959 770 1051 801
crossing 0.0229 970 803 1091 853
crossing 0.0132 946 776 995 811
crossing 0.0109 949 798 985 825
crossing 0.0092 857 683 1176 1049
crossing 0.0078 951 756 1113 845
crossing 0.0051 900 733 1141 890
crossing 0.0041 942 761 1025 794
crossing 0.0015 1005 796 1095 838
crossing 0.0014 936 738 1042 776
rail 0.9072 752 655 1208 1078
rail 0.0013 675 637 811 833
rail 0.0012 693 642 911 876
track-sign-front 0.1756 1476 602 1509 903
track-sign-front 0.0336 1483 571 1506 788
track-sign-front 0.0089 1481 659 1503 784
track-sign-front 0.0053 927 601 944 623
track-sign-front 0.0051 926 598 950 631
track-sign-front 0.0043 1310 642 1352 685
track-sign-front 0.0040 1478 704 1501 839
track-sign-front 0.0038 1278 808 1308 838
track-sign-front 0.0035 1487 573 1511 694
track-sign-front 0.0031 1013 625 1030 664
track-sign-front 0.0029 1473 576 1519 803
track-sign-front 0.0028 1312 649 1345 723
track-sign-front 0.0026 1472 686 1500 933
track-sign-front 0.0025 1483 611 1503 734
track-sign-front 0.0022 1315 650 1363 694
track-sign-front 0.0020 1244 734 1267 775
track-sign-front 0.0019 1541 617 1560 653
track-sign-front 0.0017 1485 638 1528 897
track-sign-front 0.0017 1016 606 1035 656
track-sign-front 0.0016 1461 643 1514 941
track-sign-front 0.0015 1305 637 1361 716
track-sign-front 0.0015 960 616 987 684
track-sign-front 0.0013 1103 602 1130 674
track-sign-front 0.0011 1016 622 1039 668
track-sign-front 0.0011 1021 592 1038 622
track-sign-front 0.0010 787 686 823 775
track-sign-front 0.0010 962 591 989 656
track-sign-front 0.0010 1482 557 1512 652
track-signal-front 0.8828 1481 299 1560 515
track-signal-back 0.1042 708 623 747 697
track-signal-back 0.0030 742 574 770 635
track-signal-back 0.0026 726 599 778 714
track-signal-back 0.0020 743 577 765 610
track-signal-back 0.0011 728 576 763 623
track-signal-back 0.0010 697 604 738 690
pole 0.1646 733 612 771 825
pole 0.0506 750 546 793 790
pole 0.0310 709 601 760 735
pole 0.0226 707 575 762 826
pole 0.0157 721 542 779 793
pole 0.0099 746 559 774 707
pole 0.0078 698 616 743 823
pole 0.0075 755 582 786 723
pole 0.0050 768 533 816 769
pole 0.0046 728 585 776 728
pole 0.0038 808 595 836 700
pole 0.0034 822 568 842 686
pole 0.0029 741 631 778 775
pole 0.0029 725 649 762 798
pole 0.0024 861 564 883 682
pole 0.0018 702 609 825 811
pole 0.0013 753 378 807 783
pole 0.0013 832 560 865 684
pole 0.0011 1456 684 1505 997
rail-occluder 0.1053 799 668 828 725
rail-occluder 0.0476 788 668 827 751
rail-occluder 0.0473 733 627 828 800
rail-occluder 0.0052 781 644 832 735
rail-occluder 0.0052 745 649 796 780
rail-occluder 0.0029 817 670 849 715
rail-occluder 0.0023 792 668 842 782
rail-occluder 0.0013 777 599 841 764
