guard-rail 0.6709 749 706 818 879
guard-rail 0.4761 386 731 616 887
guard-rail 0.3040 200 595 810 1034
guard-rail 0.2670 386 772 541 886
guard-rail 0.1435 386 811 504 886
guard-rail 0.0957 716 658 828 983
guard-rail 0.0842 438 709 645 847
guard-rail 0.0471 731 744 793 906
guard-rail 0.0448 525 709 640 785
guard-rail 0.0445 765 685 825 837
guard-rail 0.0184 314 771 574 914
guard-rail 0.0170 810 561 869 592
guard-rail 0.0158 818 566 882 606
guard-rail 0.0087 737 668 869 855
guard-rail 0.0087 844 566 893 602
guard-rail 0.0077 411 671 689 981
guard-rail 0.0073 799 570 868 610
guard-rail 0.0059 787 581 835 617
guard-rail 0.0056 724 771 772 895
guard-rail 0.0050 550 701 661 769
guard-rail 0.0041 703 765 793 1077
guard-rail 0.0039 509 721 616 814
guard-rail 0.0033 442 754 548 857
guard-rail 0.0031 482 683 640 806
guard-rail 0.0029 418 760 656 1063
guard-rail 0.0027 866 570 927 595
guard-rail 0.0026 375 804 523 922
guard-rail 0.0022 356 821 461 895
guard-rail 0.0021 777 593 830 632
guard-rail 0.0020 771 595 805 624
guard-rail 0.0018 761 603 798 632
guard-rail 0.0017 435 611 744 866
guard-rail 0.0016 792 570 836 601
guard-rail 0.0015 877 522 938 565
guard-rail 0.0013 824 582 872 642
guard-rail 0.0011 801 587 861 638
guard-rail 0.0011 296 725 730 1071
guard-rail 0.0010 292 655 654 918
rail 0.9305 827 501 1118 1074
rail 0.9068 104 518 925 1068
rail 0.0123 360 560 794 968
rail 0.0068 874 528 920 560
rail 0.0037 486 521 1069 1066
rail 0.0031 427 697 860 1073
rail 0.0021 857 534 910 559
rail 0.0021 888 511 952 551
rail 0.0019 925 505 979 542
rail 0.0018 947 506 980 531
rail 0.0017 853 524 923 575
rail 0.0017 877 522 940 567
rail 0.0010 948 493 985 526
switch-left 0.0110 823 554 897 600
switch-left 0.0070 842 950 1138 1077
switch-left 0.0063 817 567 881 605
switch-right 0.0340 824 556 885 590
switch-right 0.0118 809 561 870 593
switch-right 0.0030 841 567 895 603
switch-unknown 0.0551 850 540 911 566
switch-unknown 0.0352 846 554 901 585
switch-unknown 0.0137 858 561 923 589
switch-unknown 0.0097 875 531 919 556
switch-static 0.0297 828 543 877 565
switch-static 0.0173 1044 967 1131 1073
switch-static 0.0086 836 538 864 555
switch-static 0.0083 885 569 929 591
switch-static 0.0049 857 535 909 557
switch-static 0.0036 892 947 1151 1077
switch-static 0.0015 1129 784 1198 819
