crossing 0.0022 752 721 826 760
crossing 0.0017 753 677 812 735
crossing 0.0010 764 697 826 736
guard-rail 0.0074 770 662 809 720
guard-rail 0.0051 654 664 723 722
guard-rail 0.0028 754 662 780 727
guard-rail 0.0020 764 695 822 732
guard-rail 0.0013 680 655 726 715
guard-rail 0.0011 644 683 712 730
guard-rail 0.0010 759 645 822 718
platform 0.4362 -6 680 606 951
platform 0.0917 773 641 874 667
platform 0.0509 777 647 838 678
platform 0.0218 768 639 885 688
platform 0.0204 766 630 917 659
platform 0.0094 770 649 815 712
platform 0.0050 796 623 886 662
platform 0.0030 -5 707 395 898
platform 0.0027 763 643 822 668
platform 0.0016 769 666 871 720
platform 0.0016 770 628 953 690
platform 0.0015 803 647 874 681
platform 0.0014 159 738 458 900
platform 0.0011 754 618 871 743
rail 0.9424 748 644 1042 1076
rail 0.9330 7 653 745 1075
rail 0.0499 1247 724 1904 870
rail 0.0138 2 777 275 1029
rail 0.0099 0 854 169 1050
rail 0.0065 1438 764 1937 862
rail 0.0033 1223 700 1925 1004
rail 0.0025 1 835 165 947
rail 0.0024 1733 628 1918 1050
rail 0.0019 1404 747 1737 833
rail 0.0019 1212 719 1733 824
rail 0.0018 0 878 98 1013
rail 0.0017 1136 593 1653 929
rail 0.0013 770 658 1863 1088
rail 0.0012 658 654 731 715
rail 0.0010 672 204 996 750
rail 0.0010 -8 795 448 1071
track-sign-front 0.1263 481 628 503 649
track-sign-front 0.0181 655 639 665 666
track-sign-front 0.0083 657 633 667 653
track-sign-front 0.0075 1078 627 1100 661
track-sign-front 0.0049 654 629 676 667
track-sign-front 0.0043 267 655 287 676
track-sign-front 0.0040 475 623 498 645
track-sign-front 0.0039 292 572 336 620
track-sign-front 0.0037 938 642 958 669
track-sign-front 0.0032 483 622 508 644
track-sign-front 0.0032 571 649 591 673
track-sign-front 0.0030 573 652 595 693
track-sign-front 0.0027 301 595 323 627
track-sign-front 0.0026 185 556 214 595
track-sign-front 0.0013 1554 720 1573 761
track-sign-front 0.0012 581 678 607 711
track-sign-front 0.0012 269 656 294 684
track-sign-front 0.0011 578 679 594 712
track-sign-front 0.0010 840 626 896 656
track-sign-front 0.0010 818 616 881 657
track-sign-front 0.0010 1080 624 1111 667
track-signal-front 0.0011 290 573 347 600
person 0.0010 1553 718 1574 763
pole 0.1260 1289 450 1436 853
pole 0.0411 1730 528 1873 1037
pole 0.0114 1732 281 1908 1090
pole 0.0026 1841 127 1921 1101
pole 0.0012 1858 471 1918 1041
pole 0.0012 1504 444 1871 979
pole 0.0011 1351 483 1434 813
