crossing 0.0034 635 521 723 556
guard-rail 0.0630 629 584 672 631
guard-rail 0.0562 634 680 665 759
guard-rail 0.0125 646 694 669 766
guard-rail 0.0065 616 673 685 752
guard-rail 0.0056 627 557 692 614
guard-rail 0.0052 641 573 688 619
guard-rail 0.0049 596 585 690 754
guard-rail 0.0040 607 563 682 639
guard-rail 0.0036 579 652 661 748
guard-rail 0.0028 569 555 712 644
guard-rail 0.0026 620 694 671 765
guard-rail 0.0025 532 636 698 799
guard-rail 0.0017 536 524 739 801
guard-rail 0.0015 649 685 681 758
guard-rail 0.0014 2 1001 122 1071
guard-rail 0.0014 620 647 653 719
guard-rail 0.0013 494 644 520 694
guard-rail 0.0011 908 817 950 873
guard-rail 0.0010 588 589 650 643
train-car 0.0069 659 469 749 529
train-car 0.0058 678 391 722 437
train-car 0.0055 655 385 742 465
train-car 0.0011 616 382 726 478
train-car 0.0010 662 429 753 501
rail 0.7906 229 457 815 1076
rail 0.6411 993 464 1912 686
rail 0.5551 0 457 166 782
rail 0.1044 1319 513 1934 667
rail 0.0633 -15 533 646 1072
rail 0.0507 257 455 732 782
rail 0.0424 1281 488 1920 588
rail 0.0260 1536 579 1960 678
rail 0.0250 -1 521 154 965
rail 0.0163 674 476 745 516
rail 0.0123 1000 415 1634 635
rail 0.0109 0 437 87 710
rail 0.0104 526 465 801 1063
rail 0.0087 1 437 159 625
rail 0.0079 453 479 739 758
rail 0.0063 16 402 703 825
rail 0.0061 643 462 718 509
rail 0.0049 430 503 673 1064
rail 0.0048 1157 453 1363 523
rail 0.0048 896 477 1897 1057
rail 0.0045 46 452 337 750
rail 0.0040 1038 476 1702 579
rail 0.0036 1388 563 1939 712
rail 0.0036 639 284 1779 882
rail 0.0036 20 456 173 561
rail 0.0034 474 473 1168 1075
rail 0.0034 0 667 279 1078
rail 0.0034 638 467 696 501
rail 0.0033 321 497 604 1030
rail 0.0030 614 476 721 535
rail 0.0030 1600 439 1927 783
rail 0.0029 155 416 708 652
rail 0.0029 585 525 718 636
rail 0.0028 668 459 774 523
rail 0.0025 -25 455 280 854
rail 0.0025 -2 534 90 799
rail 0.0025 0 425 65 620
rail 0.0025 8 440 150 528
rail 0.0025 1511 544 1986 633
rail 0.0024 709 470 801 510
rail 0.0024 1105 472 1358 542
rail 0.0023 1672 589 1912 698
rail 0.0023 -1 917 153 1078
rail 0.0022 0 479 43 723
rail 0.0022 779 395 1638 747
rail 0.0021 1 998 144 1075
rail 0.0020 541 482 762 664
rail 0.0020 641 501 736 561
rail 0.0020 -3 548 83 1040
rail 0.0020 0 856 226 1077
rail 0.0019 467 463 741 587
rail 0.0019 6 779 449 1082
rail 0.0017 375 498 641 783
rail 0.0016 78 426 351 566
rail 0.0016 447 608 912 1080
rail 0.0015 727 471 819 525
rail 0.0013 1093 390 1428 612
rail 0.0013 594 463 697 505
rail 0.0013 3 630 454 985
rail 0.0013 928 471 1200 523
rail 0.0012 87 473 254 690
rail 0.0012 506 413 844 779
rail 0.0012 1102 460 1631 536
rail 0.0012 629 431 776 539
rail 0.0011 1034 364 1502 730
rail 0.0011 580 493 743 943
rail 0.0010 940 380 1329 674
rail 0.0010 955 440 1154 513
rail 0.0010 1325 474 1992 834
rail 0.0010 1549 582 1962 802
switch-unknown 0.0767 673 485 741 524
switch-unknown 0.0346 666 497 740 535
switch-unknown 0.0098 682 472 756 509
switch-unknown 0.0076 644 465 713 507
switch-unknown 0.0030 713 478 795 529
switch-unknown 0.0017 717 469 794 507
switch-unknown 0.0012 713 498 793 538
switch-unknown 0.0010 663 517 737 552
switch-unknown 0.0010 612 530 715 579
switch-unknown 0.0010 628 501 709 555
switch-static 0.0011 59 710 147 779
track-sign-front 0.2319 241 422 260 477
track-sign-front 0.1593 951 521 1076 687
track-sign-front 0.0255 364 398 383 431
track-sign-front 0.0096 245 414 264 460
track-sign-front 0.0089 214 408 262 477
track-sign-front 0.0083 1233 449 1277 510
track-sign-front 0.0071 365 359 387 462
track-sign-front 0.0061 167 552 227 657
track-sign-front 0.0055 355 283 385 492
track-sign-front 0.0053 352 386 377 434
track-sign-front 0.0049 899 497 949 563
track-sign-front 0.0044 348 318 370 406
track-sign-front 0.0043 236 422 263 497
track-sign-front 0.0043 352 335 388 443
track-sign-front 0.0038 957 567 1045 699
track-sign-front 0.0036 1409 722 1452 833
track-sign-front 0.0035 369 401 386 459
track-sign-front 0.0028 348 289 374 465
track-sign-front 0.0022 359 390 387 438
track-sign-front 0.0022 372 425 384 486
track-sign-front 0.0018 852 444 895 529
track-sign-front 0.0015 864 463 944 562
track-sign-front 0.0014 1292 480 1318 508
track-sign-front 0.0011 890 493 963 586
track-sign-front 0.0011 350 277 380 401
track-sign-front 0.0011 1836 627 1894 697
track-signal-front 0.3165 199 0 298 84
track-signal-front 0.0145 603 289 622 316
track-signal-front 0.0081 271 332 292 365
track-signal-front 0.0029 270 320 306 366
track-signal-front 0.0025 604 288 629 327
track-signal-front 0.0024 72 355 92 379
track-signal-front 0.0023 242 99 284 145
track-signal-front 0.0015 352 265 379 333
track-signal-front 0.0010 586 285 622 323
track-signal-front 0.0010 223 309 260 412
track-signal-front 0.0010 196 10 356 162
pole 0.5193 1481 24 1535 624
pole 0.3274 1177 -38 1257 778
pole 0.2463 1024 266 1049 514
pole 0.0859 1042 294 1066 512
pole 0.0418 239 296 266 531
pole 0.0409 513 240 553 517
pole 0.0363 837 184 993 605
pole 0.0363 231 373 264 512
pole 0.0357 500 232 539 503
pole 0.0271 1773 37 1924 988
pole 0.0245 222 263 264 506
pole 0.0203 1193 53 1285 901
pole 0.0173 1015 253 1067 513
pole 0.0152 975 301 1012 505
pole 0.0152 814 -35 864 600
pole 0.0152 914 216 1002 528
pole 0.0146 964 249 990 526
pole 0.0133 1049 357 1064 498
pole 0.0129 1458 205 1530 626
pole 0.0124 1291 269 1315 494
pole 0.0121 1418 302 1438 520
pole 0.0120 508 -6 568 557
pole 0.0115 1218 421 1273 538
pole 0.0108 1129 272 1149 506
pole 0.0106 1037 349 1061 497
pole 0.0106 804 -2 885 736
pole 0.0093 1005 329 1043 510
pole 0.0082 526 243 570 520
pole 0.0081 354 237 390 493
pole 0.0068 244 384 264 488
pole 0.0064 216 407 260 478
pole 0.0062 812 55 937 616
pole 0.0056 1208 454 1278 511
pole 0.0056 243 424 268 525
pole 0.0056 1466 49 1578 678
pole 0.0050 848 260 953 551
pole 0.0049 370 224 397 500
pole 0.0045 1090 173 1373 856
pole 0.0041 215 287 251 438
pole 0.0040 949 251 1016 555
pole 0.0037 485 232 525 497
pole 0.0034 1674 411 1697 556
pole 0.0034 1180 389 1277 614
pole 0.0034 1420 370 1435 495
pole 0.0033 1406 300 1448 547
pole 0.0032 1023 319 1042 470
pole 0.0030 1511 217 1574 618
pole 0.0029 373 421 385 494
pole 0.0029 1542 273 1569 548
pole 0.0028 239 257 283 509
pole 0.0027 1087 18 1248 781
pole 0.0026 348 252 372 430
pole 0.0025 238 438 259 540
pole 0.0025 1203 -20 1268 591
pole 0.0024 1757 492 1919 828
pole 0.0023 1105 272 1142 504
pole 0.0023 883 134 1030 556
pole 0.0023 1475 326 1519 624
pole 0.0021 1817 118 1923 737
pole 0.0021 815 208 902 606
pole 0.0020 1128 376 1151 480
pole 0.0019 199 307 273 529
pole 0.0018 1042 430 1065 516
pole 0.0018 964 373 989 499
pole 0.0017 195 280 232 492
pole 0.0017 1672 362 1707 563
pole 0.0017 201 400 233 468
pole 0.0017 1116 232 1161 535
pole 0.0016 1769 187 1867 744
pole 0.0016 1015 208 1045 487
pole 0.0016 896 -24 989 597
pole 0.0015 1372 291 1395 522
pole 0.0015 1290 135 1320 528
pole 0.0015 750 -5 863 750
pole 0.0014 1278 291 1309 518
pole 0.0014 1068 261 1104 513
pole 0.0013 1683 299 1736 559
pole 0.0013 1094 92 1188 673
pole 0.0013 1169 190 1266 627
pole 0.0013 210 342 253 478
pole 0.0012 1483 267 1542 593
pole 0.0012 475 71 605 537
pole 0.0012 1791 321 1921 623
pole 0.0011 215 406 283 534
pole 0.0011 1419 -133 1593 630
pole 0.0011 1778 282 1849 650
pole 0.0011 1131 265 1169 506
pole 0.0010 350 245 380 366
pole 0.0010 1385 291 1432 522
pole 0.0010 1132 325 1147 459
pole 0.0010 244 353 273 467
pole 0.0010 1273 175 1334 580
rail-occluder 0.1948 951 518 1083 688
rail-occluder 0.0916 238 422 256 481
rail-occluder 0.0417 1235 451 1280 510
rail-occluder 0.0392 236 416 255 526
rail-occluder 0.0090 1208 456 1304 517
rail-occluder 0.0068 163 550 226 688
rail-occluder 0.0063 1033 423 1059 516
rail-occluder 0.0063 975 436 1011 507
rail-occluder 0.0059 1406 511 1505 620
rail-occluder 0.0058 991 429 1037 502
rail-occluder 0.0056 1346 510 1576 621
rail-occluder 0.0051 641 468 692 500
rail-occluder 0.0045 229 428 268 535
rail-occluder 0.0044 1410 518 1486 590
rail-occluder 0.0039 201 423 233 479
rail-occluder 0.0035 1155 517 1180 555
rail-occluder 0.0034 1423 478 1495 600
rail-occluder 0.0034 1203 496 1663 627
rail-occluder 0.0029 969 430 995 495
rail-occluder 0.0025 1412 501 1480 566
rail-occluder 0.0025 945 495 1164 667
rail-occluder 0.0022 203 414 271 527
rail-occluder 0.0020 212 415 261 472
rail-occluder 0.0020 986 433 1103 510
rail-occluder 0.0018 1437 532 1500 617
rail-occluder 0.0016 622 464 670 504
rail-occluder 0.0015 170 430 261 561
rail-occluder 0.0015 1024 470 1062 516
rail-occluder 0.0014 1384 533 1488 605
rail-occluder 0.0013 957 435 1000 507
rail-occluder 0.0012 1291 483 1320 511
rail-occluder 0.0011 703 383 1429 814
rail-occluder 0.0011 985 472 1048 515
rail-occluder 0.0011 195 400 238 469
rail-occluder 0.0011 1196 299 1308 671
rail-occluder 0.0011 884 509 1259 834
rail-occluder 0.0011 949 438 1039 505
rail-occluder 0.0011 973 500 1093 634
rail-occluder 0.0011 928 470 1108 516
rail-occluder 0.0010 1780 660 1807 690
rail-occluder 0.0010 100 481 247 683
rail-occluder 0.0010 1042 507 1197 692
