crossing 0.0128 1460 710 1729 864
crossing 0.0026 1459 768 1722 903
train-car 0.6106 40 21 1622 1089
train-car 0.2906 1753 451 1826 583
train-car 0.0085 1623 528 1656 597
train-car 0.0056 1643 544 1695 589
train-car 0.0035 1708 452 1776 593
train-car 0.0019 1632 495 1680 595
train-car 0.0018 1724 482 1819 599
train-car 0.0017 1784 140 1900 979
train-car 0.0016 1622 531 1691 594
train-car 0.0015 665 177 1688 1010
train-car 0.0014 1648 473 1685 601
train-car 0.0012 1666 455 1808 589
train-car 0.0012 361 66 1259 780
train-car 0.0010 226 458 1577 1062
rail 0.8683 1276 608 1808 1077
rail 0.1949 1781 603 1854 722
rail 0.0336 1681 617 1890 1076
rail 0.0314 1450 663 1762 980
rail 0.0180 1791 601 1859 659
rail 0.0134 1766 631 1883 733
rail 0.0127 1787 536 1866 754
rail 0.0109 1746 552 1857 721
rail 0.0108 1689 613 1858 713
rail 0.0080 1532 591 1849 1059
rail 0.0060 1646 630 1750 679
rail 0.0054 1273 801 1750 1063
rail 0.0048 1753 611 1834 726
rail 0.0048 1640 604 1740 645
rail 0.0047 1805 420 1914 912
rail 0.0036 1449 659 1747 831
rail 0.0034 1770 556 1914 1075
rail 0.0031 1801 599 1918 735
rail 0.0027 1573 605 1843 757
rail 0.0025 1652 605 1694 638
rail 0.0025 1798 597 1859 634
rail 0.0024 1781 561 1847 671
rail 0.0022 1780 589 1849 645
rail 0.0020 1659 566 1854 699
rail 0.0019 1430 732 1722 900
rail 0.0018 -1 912 83 1069
rail 0.0018 1612 614 1715 677
rail 0.0017 1668 626 1799 677
rail 0.0014 1741 597 1849 669
rail 0.0013 1528 564 1875 843
rail 0.0013 1829 193 1919 1048
rail 0.0013 1680 645 1789 694
rail 0.0012 1650 596 1724 632
rail 0.0012 1637 598 1763 665
rail 0.0012 1649 605 1818 649
rail 0.0011 1857 540 1917 1084
rail 0.0010 1651 584 1695 628
switch-left 0.0010 1648 650 1768 709
switch-right 0.0018 1655 666 1742 695
switch-unknown 0.0155 1656 661 1745 689
switch-unknown 0.0058 1665 634 1754 671
switch-unknown 0.0020 1664 605 1712 637
switch-unknown 0.0011 1637 653 1708 687
track-sign-front 0.5858 1757 451 1824 567
track-sign-front 0.0039 1787 599 1805 661
track-sign-front 0.0024 1482 382 1523 459
track-sign-front 0.0020 1727 447 1760 573
track-sign-front 0.0017 1759 429 1821 522
track-signal-front 0.0028 1670 456 1682 497
track-signal-front 0.0023 1669 454 1693 490
track-signal-front 0.0015 1667 468 1680 548
track-signal-front 0.0013 1655 537 1705 588
track-signal-front 0.0011 1674 450 1705 483
track-signal-front 0.0010 -2 915 77 1027
pole 0.0086 1786 602 1807 707
pole 0.0073 1853 -73 1917 1011
pole 0.0056 1758 608 1826 730
pole 0.0023 1778 502 1809 713
pole 0.0022 1315 30 1398 796
pole 0.0013 1867 149 1915 777
pole 0.0013 1805 67 1905 898
rail-occluder 0.0035 1739 632 1848 733
rail-occluder 0.0014 1691 617 1854 766
rail-occluder 0.0013 1738 648 1800 727
