guard-rail 0.5092 558 808 712 905
guard-rail 0.2594 518 836 663 933
guard-rail 0.2447 498 798 756 925
guard-rail 0.2142 1015 649 1027 690
guard-rail 0.1091 1017 659 1031 698
guard-rail 0.0545 953 607 1021 655
guard-rail 0.0486 1005 637 1022 679
guard-rail 0.0397 599 798 736 871
guard-rail 0.0361 862 649 924 671
guard-rail 0.0313 990 639 1025 682
guard-rail 0.0307 851 652 895 673
guard-rail 0.0260 373 788 785 976
guard-rail 0.0225 636 791 760 853
guard-rail 0.0201 332 658 960 1045
guard-rail 0.0104 504 814 693 990
guard-rail 0.0082 889 648 935 670
guard-rail 0.0070 1007 645 1033 692
guard-rail 0.0060 1016 662 1036 714
guard-rail 0.0042 1022 629 1055 665
guard-rail 0.0035 467 738 669 975
guard-rail 0.0027 579 732 849 897
guard-rail 0.0024 327 799 498 880
guard-rail 0.0018 445 845 638 941
guard-rail 0.0015 284 788 550 940
guard-rail 0.0013 286 813 457 901
guard-rail 0.0013 844 659 909 704
guard-rail 0.0013 679 785 763 838
guard-rail 0.0012 920 617 976 670
guard-rail 0.0012 307 808 602 998
guard-rail 0.0011 826 668 880 700
guard-rail 0.0011 905 614 1018 675
train-car 0.7683 1804 501 1919 625
train-car 0.1710 1415 512 1795 595
train-car 0.0333 1260 478 1860 640
train-car 0.0171 1303 366 1821 712
train-car 0.0168 1499 515 1651 585
train-car 0.0108 1102 516 1270 555
train-car 0.0085 1307 487 1698 598
train-car 0.0061 -52 -61 296 1083
train-car 0.0053 1555 520 1766 588
train-car 0.0043 1262 234 1868 830
train-car 0.0037 1109 539 1628 607
train-car 0.0021 1114 527 1313 598
train-car 0.0020 1823 543 1922 685
train-car 0.0019 1138 495 1601 592
train-car 0.0018 1712 534 1813 580
train-car 0.0017 1690 554 1839 588
train-car 0.0016 1718 429 1946 640
train-car 0.0016 1081 516 1205 550
train-car 0.0015 1721 511 1832 587
train-car 0.0015 1614 520 1885 594
train-car 0.0014 1682 471 1832 584
train-car 0.0013 1641 320 2100 754
train-car 0.0011 1116 520 1210 561
train-car 0.0010 1117 507 1342 566
train-car 0.0010 1123 332 1616 740
train-car 0.0010 1431 493 1670 584
rail 0.9492 878 544 1177 1079
rail 0.9275 1014 540 1919 1078
rail 0.8167 213 582 972 1075
rail 0.6673 1128 554 1907 809
rail 0.6420 226 595 682 790
rail 0.2536 1254 573 1931 724
rail 0.1602 5 621 603 792
rail 0.0886 1467 605 1924 706
rail 0.0885 110 564 773 853
rail 0.0482 1340 534 1913 664
rail 0.0444 234 633 550 760
rail 0.0285 1569 635 1921 730
rail 0.0246 313 614 663 741
rail 0.0216 1637 623 1920 693
rail 0.0207 223 754 806 1039
rail 0.0182 202 670 448 768
rail 0.0149 12 650 726 1062
rail 0.0140 3 681 437 802
rail 0.0129 1606 603 1918 656
rail 0.0100 1409 620 1923 822
rail 0.0082 308 576 795 709
rail 0.0070 253 665 583 802
rail 0.0061 268 673 431 732
rail 0.0051 245 687 404 753
rail 0.0051 1 658 622 892
rail 0.0049 -27 -117 315 1033
rail 0.0047 352 659 625 774
rail 0.0044 374 630 639 712
rail 0.0043 1737 625 1931 676
rail 0.0040 1615 577 1912 622
rail 0.0037 94 731 646 978
rail 0.0036 -58 563 428 855
rail 0.0034 1158 564 1314 637
rail 0.0031 138 697 413 784
rail 0.0031 1739 642 1926 697
rail 0.0029 1600 646 1923 794
rail 0.0027 1696 657 1920 724
rail 0.0027 188 641 467 726
rail 0.0027 1743 581 1920 717
rail 0.0027 1798 551 1924 674
rail 0.0025 88 813 635 1071
rail 0.0025 1120 544 1476 648
rail 0.0024 1267 609 1921 976
rail 0.0018 1109 355 1801 867
rail 0.0018 359 554 915 896
rail 0.0017 1161 578 1381 674
rail 0.0016 1464 589 1650 701
rail 0.0016 1641 566 1943 703
rail 0.0015 1516 615 1867 680
rail 0.0015 1092 550 1325 608
rail 0.0014 1827 612 1923 687
rail 0.0014 110 569 612 720
rail 0.0014 1078 546 1538 732
rail 0.0014 1171 553 1376 621
rail 0.0013 505 590 670 654
rail 0.0013 248 752 359 790
rail 0.0012 482 659 958 1021
rail 0.0012 232 713 370 764
rail 0.0012 1833 644 1924 697
rail 0.0011 905 569 1088 801
rail 0.0011 447 592 660 692
rail 0.0010 941 560 1036 689
rail 0.0010 1737 638 1930 761
rail 0.0010 448 645 660 985
switch-left 0.0621 950 605 1017 656
switch-left 0.0089 263 802 734 1059
switch-left 0.0034 350 836 645 1031
switch-left 0.0016 316 887 581 1055
switch-left 0.0010 399 857 629 962
switch-right 0.3334 953 606 1012 636
switch-right 0.0030 363 821 653 988
switch-unknown 0.0021 961 579 995 606
switch-unknown 0.0020 452 659 533 688
switch-unknown 0.0020 476 655 543 684
switch-unknown 0.0012 323 681 408 714
switch-static 0.1544 599 941 727 1024
switch-static 0.0394 578 876 735 1014
switch-static 0.0220 855 650 888 668
switch-static 0.0101 903 601 952 627
switch-static 0.0090 594 919 727 992
switch-static 0.0065 518 936 721 1036
switch-static 0.0051 520 1041 604 1076
switch-static 0.0049 853 650 874 666
switch-static 0.0039 505 855 777 1034
switch-static 0.0036 658 639 693 663
switch-static 0.0035 922 601 990 636
switch-static 0.0034 922 595 971 623
switch-static 0.0032 276 763 352 797
switch-static 0.0032 1357 684 1402 706
switch-static 0.0032 438 720 548 756
switch-static 0.0024 852 653 878 675
switch-static 0.0023 664 645 701 668
switch-static 0.0023 506 971 704 1072
switch-static 0.0022 507 1027 626 1079
switch-static 0.0019 1049 633 1068 654
switch-static 0.0013 474 702 543 737
switch-static 0.0013 364 703 578 777
switch-static 0.0012 409 792 782 1059
switch-static 0.0011 265 754 371 790
switch-static 0.0011 444 690 567 747
switch-static 0.0011 617 932 767 1002
track-sign-front 0.6242 1477 307 1544 354
track-sign-front 0.1968 1472 567 1520 862
track-sign-front 0.0770 1459 341 1558 432
track-sign-front 0.0228 1476 646 1518 788
track-sign-front 0.0198 1459 533 1540 829
track-sign-front 0.0104 1468 291 1549 412
track-sign-front 0.0084 884 497 910 561
track-sign-front 0.0064 906 488 938 596
track-sign-front 0.0049 884 503 902 550
track-sign-front 0.0045 1475 597 1516 717
track-sign-front 0.0041 1446 461 1488 542
track-sign-front 0.0032 1442 414 1477 592
track-sign-front 0.0031 654 559 674 636
track-sign-front 0.0030 1463 558 1514 745
track-sign-front 0.0021 1443 426 1498 620
track-sign-front 0.0020 1460 437 1529 574
track-sign-front 0.0020 1467 519 1521 590
track-sign-front 0.0020 1488 255 1546 315
track-sign-front 0.0019 1448 204 1562 484
track-sign-front 0.0018 1469 478 1522 629
track-sign-front 0.0016 1457 300 1514 355
track-sign-front 0.0015 1437 461 1554 552
track-sign-front 0.0013 1434 470 1508 579
track-sign-front 0.0013 884 508 903 585
track-sign-front 0.0011 646 529 675 653
track-sign-front 0.0011 1422 521 1534 584
track-signal-front 0.6398 1432 20 1607 254
track-signal-front 0.0024 1455 -3 1587 55
track-signal-front 0.0015 1431 -3 1604 98
track-signal-front 0.0015 971 503 1008 545
track-signal-front 0.0014 1085 493 1105 540
track-signal-back 0.8023 655 364 692 425
track-signal-back 0.7785 652 426 691 475
track-signal-back 0.7176 1463 348 1549 438
track-signal-back 0.5446 1433 29 1608 250
track-signal-back 0.4900 914 437 937 480
track-signal-back 0.0418 916 466 935 518
track-signal-back 0.0224 523 470 546 527
track-signal-back 0.0151 883 321 918 628
track-signal-back 0.0122 912 440 942 501
track-signal-back 0.0111 908 421 932 499
track-signal-back 0.0066 648 349 698 469
track-signal-back 0.0063 907 482 941 583
track-signal-back 0.0053 528 487 547 540
track-signal-back 0.0041 916 450 941 549
track-signal-back 0.0029 899 425 937 563
track-signal-back 0.0027 877 452 916 563
track-signal-back 0.0025 651 363 720 432
track-signal-back 0.0024 876 420 928 533
track-signal-back 0.0024 643 356 695 583
track-signal-back 0.0023 652 451 679 552
track-signal-back 0.0021 700 432 723 477
track-signal-back 0.0020 682 411 723 475
track-signal-back 0.0020 532 469 566 533
track-signal-back 0.0018 705 473 723 537
track-signal-back 0.0017 519 466 541 505
track-signal-back 0.0015 701 449 721 570
track-signal-back 0.0015 520 458 557 523
track-signal-back 0.0014 1447 284 1570 523
track-signal-back 0.0013 656 447 698 556
track-signal-back 0.0013 951 463 983 555
track-signal-back 0.0013 777 456 791 506
track-signal-back 0.0012 697 426 721 526
track-signal-back 0.0011 595 460 628 501
track-signal-back 0.0010 975 491 1006 548
pole 0.2349 649 457 675 660
pole 0.1976 1421 211 1534 1002
pole 0.1239 876 187 910 636
pole 0.1188 1374 231 1584 871
pole 0.0893 1458 529 1524 1000
pole 0.0679 1251 156 1763 997
pole 0.0658 3 -27 283 1079
pole 0.0520 884 294 922 585
pole 0.0475 1406 58 1494 982
pole 0.0359 652 373 681 631
pole 0.0344 1301 408 1649 790
pole 0.0276 1431 508 1537 826
pole 0.0242 1451 241 1554 569
pole 0.0152 638 405 687 668
pole 0.0135 700 384 720 633
pole 0.0126 882 369 909 646
pole 0.0088 645 508 668 638
pole 0.0065 1427 171 1570 691
pole 0.0057 910 479 937 591
pole 0.0053 1372 480 1382 576
pole 0.0051 1392 452 1561 698
pole 0.0049 887 457 909 603
pole 0.0040 1415 163 1480 778
pole 0.0037 856 216 898 620
pole 0.0028 1389 457 1471 871
pole 0.0027 1732 451 1744 579
pole 0.0026 186 -57 293 1011
pole 0.0026 694 453 717 640
pole 0.0025 919 499 942 592
pole 0.0023 1296 403 1316 611
pole 0.0021 869 238 931 672
pole 0.0018 1428 444 1481 654
pole 0.0018 1412 315 1517 671
pole 0.0017 1375 469 1386 566
pole 0.0016 886 477 920 627
pole 0.0016 703 475 720 585
pole 0.0013 653 466 683 601
pole 0.0012 1120 456 1149 565
pole 0.0012 1383 380 1607 592
pole 0.0011 1529 503 1614 584
pole 0.0011 1404 599 1531 1053
pole 0.0011 1725 468 1789 587
pole 0.0011 1262 506 1290 589
pole 0.0010 833 228 916 613
pole 0.0010 1365 513 1386 574
rail-occluder 0.0254 1252 588 1288 641
rail-occluder 0.0113 1243 571 1294 648
rail-occluder 0.0078 1203 604 1227 625
rail-occluder 0.0060 1193 597 1224 624
rail-occluder 0.0041 1208 605 1253 635
rail-occluder 0.0031 1166 562 1311 641
rail-occluder 0.0030 1252 545 1283 627
rail-occluder 0.0022 647 592 673 654
rail-occluder 0.0021 1204 584 1267 632
rail-occluder 0.0015 1168 588 1218 620
rail-occluder 0.0011 1141 581 1274 633
rail-occluder 0.0010 1175 603 1214 626
rail-occluder 0.0010 1190 600 1239 630
