crossing 0.0568 717 690 890 746
crossing 0.0076 665 692 909 781
crossing 0.0074 735 616 907 727
crossing 0.0044 791 581 875 606
crossing 0.0027 704 663 881 736
crossing 0.0024 754 697 865 739
crossing 0.0023 671 579 740 603
crossing 0.0015 736 577 756 608
crossing 0.0014 811 569 886 604
crossing 0.0014 767 580 841 604
rail 0.9373 492 563 977 1078
rail 0.8292 11 569 839 1081
rail 0.0095 0 695 529 1069
rail 0.0052 597 631 965 863
rail 0.0040 -1 622 313 929
rail 0.0039 717 595 907 713
rail 0.0027 -1 806 339 1077
rail 0.0027 930 667 1885 1071
rail 0.0022 6 658 529 869
rail 0.0021 59 513 372 805
rail 0.0019 127 704 776 993
rail 0.0016 -3 608 162 901
rail 0.0016 1788 700 1921 967
rail 0.0015 1714 663 1915 924
rail 0.0012 1265 865 1883 1071
rail 0.0012 1654 681 1926 1048
rail 0.0012 0 688 248 1027
rail 0.0011 115 612 686 917
rail 0.0010 5 566 214 801
rail 0.0010 1853 679 1918 923
switch-left 0.0025 730 695 904 766
track-sign-front 0.0767 650 482 673 515
track-sign-front 0.0735 651 435 674 463
track-sign-front 0.0132 952 579 975 602
track-sign-front 0.0063 737 579 755 606
track-sign-front 0.0058 740 555 754 613
track-sign-front 0.0045 650 462 680 514
track-sign-front 0.0042 930 570 973 606
track-sign-front 0.0041 606 557 627 605
track-sign-front 0.0038 712 449 738 485
track-sign-front 0.0036 716 447 745 506
track-sign-front 0.0036 621 432 664 475
track-sign-front 0.0033 696 439 719 486
track-sign-front 0.0030 718 471 749 531
track-sign-front 0.0028 699 445 724 506
track-sign-front 0.0020 731 476 752 533
track-sign-front 0.0019 617 453 648 500
track-sign-front 0.0017 713 475 747 579
track-sign-front 0.0017 1446 266 1472 299
track-sign-front 0.0016 908 575 944 611
track-sign-front 0.0014 651 425 687 457
track-sign-front 0.0014 735 484 756 567
track-sign-front 0.0013 893 451 942 507
track-sign-front 0.0011 877 448 929 494
track-sign-front 0.0010 739 515 753 603
track-sign-front 0.0010 731 457 749 512
track-sign-front 0.0010 691 476 722 539
track-sign-front 0.0010 630 469 671 529
track-sign-front 0.0010 135 656 212 737
track-signal-front 0.0217 1002 464 1022 494
track-signal-front 0.0156 252 461 272 487
track-signal-front 0.0155 944 452 969 483
track-signal-front 0.0151 987 463 1024 498
track-signal-front 0.0119 1007 456 1025 490
track-signal-front 0.0067 1514 201 1545 266
track-signal-front 0.0053 1514 187 1569 278
track-signal-front 0.0038 622 387 640 418
track-signal-front 0.0035 1539 173 1583 298
track-signal-front 0.0030 942 454 983 492
track-signal-front 0.0025 978 467 1009 523
track-signal-front 0.0021 968 448 1025 497
track-signal-front 0.0020 1000 468 1026 516
track-signal-front 0.0015 1018 443 1057 502
track-signal-front 0.0013 1027 438 1063 484
track-signal-front 0.0011 1519 180 1591 325
track-signal-front 0.0010 1044 442 1068 476
track-signal-front 0.0010 1502 201 1555 298
person-group 0.1492 -8 568 145 737
person 0.4101 197 519 253 672
person 0.1795 1305 493 1352 641
person 0.1683 447 508 485 620
person 0.0916 696 525 718 580
person 0.0852 437 513 472 628
person 0.0512 377 523 419 629
person 0.0479 306 523 333 616
person 0.0475 673 515 703 583
person 0.0437 661 509 683 589
person 0.0379 0 564 170 741
person 0.0315 606 515 631 613
person 0.0215 102 567 143 720
person 0.0205 613 513 644 609
person 0.0203 347 517 381 631
person 0.0201 653 480 674 519
person 0.0184 66 567 152 727
person 0.0178 655 492 678 585
person 0.0171 211 559 260 669
person 0.0164 -11 580 96 736
person 0.0153 621 512 646 579
person 0.0126 160 524 233 684
person 0.0113 336 513 368 609
person 0.0110 681 513 721 588
person 0.0108 1351 491 1392 656
person 0.0108 172 533 211 673
person 0.0102 428 527 462 634
person 0.0101 1323 497 1382 673
person 0.0083 245 545 286 647
person 0.0079 626 505 664 591
person 0.0074 278 541 312 642
person 0.0064 35 579 116 751
person 0.0058 598 500 627 580
person 0.0049 1127 566 1157 662
person 0.0049 350 514 424 636
person 0.0046 549 511 572 570
person 0.0042 356 527 389 647
person 0.0040 302 528 340 649
person 0.0034 -3 582 36 735
person 0.0033 311 521 328 572
person 0.0031 636 519 674 607
person 0.0030 110 571 183 731
person 0.0028 4 600 65 734
person 0.0025 193 510 238 621
person 0.0024 220 512 265 616
person 0.0024 242 571 277 659
person 0.0023 1004 540 1030 607
person 0.0023 206 586 246 676
person 0.0023 1095 566 1135 668
person 0.0020 1106 559 1161 665
person 0.0019 436 507 458 581
person 0.0019 54 600 103 732
person 0.0019 1274 482 1334 659
person 0.0018 131 554 178 663
person 0.0018 581 498 606 573
person 0.0018 327 523 372 666
person 0.0017 739 554 754 612
person 0.0016 1358 511 1412 679
person 0.0016 980 499 1004 565
person 0.0014 1072 565 1114 667
person 0.0013 64 555 241 749
person 0.0013 103 552 163 668
person 0.0013 541 505 581 574
person 0.0013 52 576 113 692
person 0.0012 78 597 127 727
person 0.0012 461 502 505 597
person 0.0010 226 595 261 671
rail-occluder 0.0015 739 573 755 611
