platform 0.8596 1146 819 1910 1076
platform 0.0014 1091 607 1906 1058
platform 0.0013 0 851 43 1002
rail 0.9596 736 596 1045 1075
rail 0.9210 4 602 928 1073
rail 0.0018 902 598 953 627
rail 0.0016 409 612 523 726
rail 0.0013 0 862 32 957
switch-indicator 0.0090 876 625 891 644
switch-indicator 0.0013 0 854 40 957
switch-unknown 0.0021 924 593 958 621
switch-static 0.0699 847 682 888 702
switch-static 0.0317 607 691 652 709
switch-static 0.0064 876 626 898 645
switch-static 0.0028 857 679 899 705
switch-static 0.0020 600 694 644 715
switch-static 0.0019 617 689 666 707
switch-static 0.0010 853 687 894 715
track-sign-front 0.8193 1401 617 1459 655
track-sign-front 0.7130 450 637 535 721
track-sign-front 0.3636 662 597 683 620
track-sign-front 0.2524 1023 597 1046 622
track-sign-front 0.0454 1896 675 1918 704
track-sign-front 0.0363 1765 618 1797 669
track-sign-front 0.0223 1405 573 1445 638
track-sign-front 0.0195 1407 566 1435 622
track-sign-front 0.0108 0 859 31 901
track-sign-front 0.0066 1399 619 1459 707
track-sign-front 0.0057 1773 622 1808 665
track-sign-front 0.0044 1377 520 1477 741
track-sign-front 0.0033 667 579 695 613
track-sign-front 0.0032 1408 634 1447 762
track-sign-front 0.0032 871 603 895 649
track-sign-front 0.0023 463 623 523 784
track-sign-front 0.0018 1397 554 1459 694
track-sign-front 0.0016 1743 619 1808 673
track-sign-front 0.0014 223 599 740 840
track-sign-front 0.0013 257 681 293 734
track-sign-front 0.0013 486 753 511 880
track-signal-front 0.0056 418 474 447 505
track-signal-back 0.8117 1232 1 1422 269
track-signal-back 0.0017 1239 4 1412 150
person 0.0139 133 716 166 827
pole 0.2970 873 471 886 643
pole 0.0745 474 611 518 997
pole 0.0704 483 650 505 935
pole 0.0441 866 494 905 637
pole 0.0172 486 745 517 970
pole 0.0170 900 510 920 632
pole 0.0086 495 806 518 955
pole 0.0060 874 503 892 687
pole 0.0052 870 545 892 641
pole 0.0031 862 465 883 640
pole 0.0021 871 546 919 636
pole 0.0020 484 726 504 871
pole 0.0017 467 684 503 946
pole 0.0015 499 856 516 945
pole 0.0011 490 854 512 948
pole 0.0010 483 769 506 911
pole 0.0010 895 482 928 645
rail-occluder 0.0020 871 596 910 646
rail-occluder 0.0010 -2 859 47 962
