crossing 0.0084 964 553 993 572
crossing 0.0054 951 535 998 572
crossing 0.0011 932 548 967 571
platform 0.5581 1004 518 1294 689
platform 0.0231 1044 528 1463 672
platform 0.0149 1163 527 1291 649
platform 0.0077 1001 515 1204 612
platform 0.0040 1108 575 1386 675
platform 0.0040 1065 534 1245 663
platform 0.0036 1007 515 1085 601
platform 0.0034 1221 539 1285 656
platform 0.0017 1122 539 1322 712
platform 0.0015 1236 582 1279 687
platform 0.0010 998 473 1465 746
platform 0.0010 1075 561 1556 740
rail 0.9562 846 523 1123 1076
track-sign-front 0.7584 1339 490 1401 527
track-sign-front 0.0715 1234 544 1261 591
track-sign-front 0.0049 1239 554 1274 625
track-sign-front 0.0043 1243 608 1265 659
track-sign-front 0.0042 1251 554 1297 620
track-sign-front 0.0036 1264 580 1300 617
track-sign-front 0.0036 1234 496 1272 537
track-sign-front 0.0033 1205 539 1296 616
track-sign-front 0.0016 471 768 556 806
track-sign-front 0.0015 921 512 970 562
track-sign-front 0.0014 929 480 951 522
track-sign-front 0.0013 922 533 973 570
track-sign-front 0.0013 912 531 954 567
track-sign-front 0.0013 1186 511 1315 650
track-sign-front 0.0011 1233 603 1275 661
track-sign-front 0.0011 1229 543 1263 641
track-sign-front 0.0011 722 449 746 489
track-sign-front 0.0010 909 510 949 559
track-sign-front 0.0010 1292 410 1446 638
track-sign-front 0.0010 1332 497 1406 557
track-signal-front 0.0050 1231 485 1273 532
track-signal-front 0.0041 1243 608 1267 661
track-signal-back 0.8197 1180 234 1265 367
track-signal-back 0.0268 1207 359 1258 406
track-signal-back 0.0075 1193 331 1266 415
track-signal-back 0.0037 1228 487 1271 527
track-signal-back 0.0025 1236 460 1273 521
track-signal-back 0.0018 1190 273 1268 434
track-signal-back 0.0011 1236 393 1272 477
person 0.0011 1793 562 1813 601
pole 0.0012 1225 470 1271 561
