guard-rail 0.0052 861 624 915 655
guard-rail 0.0035 1203 718 1324 764
guard-rail 0.0023 866 612 931 646
guard-rail 0.0012 1205 722 1272 758
guard-rail 0.0010 884 607 952 637
train-car 0.0025 978 549 1009 589
train-car 0.0020 959 554 1030 588
train-car 0.0014 976 558 1064 592
train-car 0.0013 1009 547 1036 595
rail 0.9507 1062 585 1910 1077
rail 0.9445 951 585 1218 1072
rail 0.8420 79 577 1018 1079
rail 0.6584 1166 607 1914 875
rail 0.0033 1469 682 1909 844
rail 0.0032 1128 550 1860 781
rail 0.0027 11 662 646 948
rail 0.0021 357 573 1029 811
rail 0.0018 969 577 1063 608
rail 0.0017 625 584 1002 736
rail 0.0016 844 598 997 649
rail 0.0012 1009 570 1070 610
rail 0.0011 772 587 1044 712
rail 0.0010 93 532 936 773
switch-indicator 0.0510 519 659 532 682
switch-indicator 0.0039 517 662 532 694
switch-indicator 0.0017 511 658 539 686
switch-unknown 0.0030 994 573 1041 605
switch-unknown 0.0022 1017 568 1067 610
switch-unknown 0.0018 974 577 1027 611
track-sign-front 0.1149 424 563 452 600
track-sign-front 0.0418 1240 607 1256 624
track-sign-front 0.0117 517 656 532 680
track-sign-front 0.0113 1091 585 1103 605
track-sign-front 0.0105 432 557 460 599
track-sign-front 0.0100 775 547 798 567
track-sign-front 0.0079 1372 527 1392 567
track-sign-front 0.0059 627 582 641 608
track-sign-front 0.0056 1088 544 1105 596
track-sign-front 0.0055 426 414 456 467
track-sign-front 0.0053 424 378 460 412
track-sign-front 0.0040 1624 506 1656 534
track-sign-front 0.0031 1238 593 1256 627
track-sign-front 0.0024 631 587 646 612
track-sign-front 0.0023 1235 526 1249 627
track-sign-front 0.0018 623 589 639 612
track-sign-front 0.0016 1236 604 1267 626
track-sign-front 0.0014 524 551 551 576
track-sign-front 0.0014 776 537 798 583
track-sign-front 0.0013 1371 539 1392 601
track-sign-front 0.0013 421 272 464 571
track-sign-front 0.0013 747 547 777 567
track-sign-front 0.0012 1232 525 1259 636
track-sign-front 0.0012 424 360 459 532
track-sign-front 0.0012 415 552 464 606
track-sign-front 0.0010 626 589 644 626
track-sign-front 0.0010 1318 551 1345 598
track-signal-front 0.4363 1233 514 1249 546
track-signal-front 0.2771 1087 544 1099 562
track-signal-front 0.0449 1019 544 1033 572
track-signal-front 0.0447 982 546 995 570
track-signal-front 0.0322 1234 525 1249 554
track-signal-front 0.0263 1067 536 1102 570
track-signal-front 0.0247 1015 529 1048 575
track-signal-front 0.0143 978 547 1004 586
track-signal-front 0.0108 1788 480 1814 514
track-signal-front 0.0101 974 532 997 579
track-signal-front 0.0096 1086 540 1103 577
track-signal-front 0.0084 1010 541 1036 593
track-signal-front 0.0072 1228 510 1254 541
track-signal-front 0.0039 1019 520 1039 570
track-signal-front 0.0031 980 525 999 566
track-signal-front 0.0023 961 543 1001 597
track-signal-back 0.0107 1790 479 1818 522
track-signal-back 0.0093 1300 440 1348 470
track-signal-back 0.0076 1228 512 1253 548
track-signal-back 0.0053 1805 489 1844 537
track-signal-back 0.0043 1236 512 1254 532
track-signal-back 0.0034 1027 506 1057 569
track-signal-back 0.0011 1029 506 1049 534
track-signal-back 0.0011 1288 498 1315 534
pole 0.0065 417 106 476 656
pole 0.0060 776 376 797 640
pole 0.0029 888 509 901 592
pole 0.0024 1010 529 1067 615
pole 0.0022 1235 508 1251 646
pole 0.0020 1127 469 1151 586
pole 0.0020 887 463 903 617
pole 0.0018 1032 534 1087 613
pole 0.0018 1089 466 1126 591
pole 0.0015 782 409 806 663
pole 0.0012 1017 533 1045 575
pole 0.0010 1088 546 1106 597
rail-occluder 0.0010 521 664 538 697
