crossing 0.5671 960 736 1088 774
crossing 0.4467 1355 724 1507 762
crossing 0.2742 954 741 1037 773
crossing 0.0295 1734 731 1887 765
crossing 0.0291 1297 615 1350 776
crossing 0.0241 1309 719 1460 754
crossing 0.0114 1289 697 1412 754
crossing 0.0070 1796 726 1916 766
crossing 0.0043 1385 735 1540 768
crossing 0.0035 1746 680 1924 767
crossing 0.0033 1845 732 1920 768
crossing 0.0033 1632 707 1901 784
crossing 0.0033 1767 736 1856 767
crossing 0.0031 919 685 1125 846
crossing 0.0030 1285 662 1556 794
crossing 0.0027 1264 611 1424 792
crossing 0.0023 947 732 1058 798
crossing 0.0023 946 715 1095 768
crossing 0.0021 1371 713 1561 759
crossing 0.0017 1304 730 1402 773
crossing 0.0017 1230 678 1752 832
crossing 0.0015 867 621 1186 918
crossing 0.0014 1881 733 1921 772
crossing 0.0013 952 688 1085 806
train-car 0.0018 923 548 968 591
train-car 0.0014 993 530 1042 580
train-car 0.0011 916 543 949 586
train-car 0.0011 978 526 1015 580
platform 0.8645 5 588 940 1077
platform 0.3916 1071 578 1917 786
platform 0.0861 1353 619 1930 747
platform 0.0541 1060 581 1377 630
platform 0.0333 1169 584 1427 635
platform 0.0245 1544 644 1919 763
platform 0.0204 1286 583 1335 635
platform 0.0059 1244 588 1874 711
platform 0.0043 1738 675 1921 759
platform 0.0038 1356 589 1931 893
platform 0.0036 1028 575 1428 687
platform 0.0026 1662 654 1920 728
platform 0.0020 1152 593 1682 665
platform 0.0019 1116 581 1474 769
platform 0.0018 1602 651 1923 855
platform 0.0017 1358 572 1659 697
platform 0.0013 1621 585 1693 773
platform 0.0012 1463 566 1524 676
platform 0.0011 1485 633 1715 730
rail 0.9433 944 581 1281 1073
rail 0.8862 994 574 1915 1043
rail 0.0160 1295 622 1914 830
rail 0.0046 1490 660 1924 796
rail 0.0018 1754 681 1920 821
rail 0.0013 1774 729 1920 1051
rail 0.0012 1652 694 1919 1050
rail 0.0011 1397 665 1922 1031
rail 0.0010 1634 717 1896 799
switch-static 0.0013 1885 746 1920 781
track-sign-front 0.5027 1296 590 1333 632
track-sign-front 0.0230 1231 533 1251 551
track-sign-front 0.0230 1380 544 1394 564
track-sign-front 0.0192 1649 563 1671 606
track-sign-front 0.0127 1320 522 1336 549
track-sign-front 0.0066 1494 572 1514 632
track-sign-front 0.0058 1378 538 1394 558
track-sign-front 0.0054 1299 566 1326 627
track-sign-front 0.0048 1345 602 1379 654
track-sign-front 0.0035 1794 318 1819 340
track-sign-front 0.0033 1497 568 1517 681
track-sign-front 0.0031 1297 585 1355 651
track-sign-front 0.0029 1490 518 1515 657
track-sign-front 0.0025 1488 519 1512 590
track-sign-front 0.0024 1276 599 1382 638
track-sign-front 0.0016 1279 584 1326 631
track-sign-front 0.0013 1643 549 1676 613
track-sign-front 0.0012 1492 506 1524 588
track-signal-front 0.0056 1035 505 1045 566
track-signal-front 0.0035 1485 423 1520 486
track-signal-front 0.0029 1031 526 1046 576
track-signal-front 0.0027 1491 468 1508 546
track-signal-front 0.0026 1490 465 1507 507
track-signal-front 0.0023 1036 500 1048 542
track-signal-front 0.0017 1318 519 1336 548
track-signal-front 0.0016 1003 506 1047 583
track-signal-front 0.0014 1492 464 1513 587
track-signal-front 0.0013 963 502 988 568
track-signal-front 0.0013 977 524 1014 583
track-signal-front 0.0011 1505 455 1539 496
track-signal-front 0.0010 1497 459 1536 561
track-signal-back 0.0040 1486 407 1526 457
track-signal-back 0.0031 1492 573 1516 639
pole 0.3771 1299 587 1335 795
pole 0.0358 1311 643 1328 783
pole 0.0239 1497 577 1517 730
pole 0.0225 1502 605 1514 731
pole 0.0150 1656 557 1673 788
pole 0.0062 1180 572 1422 786
pole 0.0052 1494 553 1515 677
pole 0.0051 1309 690 1327 817
pole 0.0041 1658 626 1673 760
pole 0.0036 1302 612 1326 762
pole 0.0036 1488 486 1518 671
pole 0.0033 1297 583 1369 762
pole 0.0031 1313 681 1335 833
pole 0.0029 1281 590 1325 799
pole 0.0028 1574 580 1754 769
pole 0.0028 1640 545 1676 798
pole 0.0026 1474 578 1539 732
pole 0.0020 1497 601 1528 771
pole 0.0017 1413 601 1606 740
pole 0.0016 1313 720 1335 793
pole 0.0014 1486 428 1521 616
pole 0.0013 1504 631 1525 741
pole 0.0013 1620 567 1708 753
rail-occluder 0.0117 1358 620 1377 665
rail-occluder 0.0028 1293 579 1334 750
rail-occluder 0.0014 1357 622 1386 698
rail-occluder 0.0012 1265 589 1409 758
rail-occluder 0.0010 1326 602 1389 733
