rail 0.9596 795 512 1103 1072
rail 0.8480 973 516 1920 1073
rail 0.5911 1556 566 1925 729
rail 0.2265 1110 639 1681 1075
rail 0.1447 1609 573 1931 666
rail 0.0186 1716 577 1959 626
rail 0.0167 1751 587 1924 712
rail 0.0154 1854 546 1925 710
rail 0.0124 1787 572 1933 663
rail 0.0108 1876 567 1920 733
rail 0.0086 1568 556 1909 628
rail 0.0083 1627 604 1942 778
rail 0.0054 1239 668 1559 1051
rail 0.0048 1765 628 1922 752
rail 0.0040 1845 599 1921 743
rail 0.0037 1784 559 1921 625
rail 0.0032 1376 544 1872 690
rail 0.0029 1114 616 1248 703
rail 0.0027 1604 454 1931 683
rail 0.0027 1297 566 1913 778
rail 0.0019 1553 567 1803 642
rail 0.0018 1787 654 1922 888
rail 0.0017 1520 584 1915 856
rail 0.0017 1190 594 1450 1027
rail 0.0016 1006 541 1569 996
rail 0.0012 1668 590 1813 674
rail 0.0012 1197 706 1921 1106
rail 0.0012 1728 590 1891 654
rail 0.0011 1729 611 1891 679
rail 0.0010 1681 636 1914 836
switch-indicator 0.5780 1218 600 1256 644
switch-indicator 0.0269 1225 616 1268 653
switch-indicator 0.0025 1162 544 1311 723
switch-indicator 0.0025 1203 594 1248 638
switch-indicator 0.0010 1242 602 1294 659
switch-left 0.1172 1118 634 1241 686
switch-left 0.0431 1087 620 1194 655
switch-left 0.0024 1121 643 1259 713
switch-left 0.0018 1057 603 1289 725
switch-right 0.1648 1108 628 1222 677
switch-right 0.0404 1088 619 1194 657
switch-right 0.0076 1080 613 1158 643
switch-right 0.0015 1101 611 1257 730
switch-static 0.1292 1216 600 1261 653
switch-static 0.0661 1143 608 1250 663
switch-static 0.0242 1115 623 1203 657
switch-static 0.0211 1225 615 1269 652
switch-static 0.0134 1141 618 1221 649
switch-static 0.0099 1147 640 1244 686
switch-static 0.0029 1197 637 1268 680
switch-static 0.0020 1242 625 1292 660
switch-static 0.0019 1072 612 1132 640
switch-static 0.0018 1891 804 1920 881
switch-static 0.0017 1837 769 1919 862
switch-static 0.0014 1887 780 1918 863
switch-static 0.0012 1054 660 1079 688
track-sign-front 0.0099 870 476 888 518
track-sign-front 0.0072 872 457 887 503
track-sign-front 0.0072 1097 490 1109 527
track-sign-front 0.0058 1098 480 1117 523
track-sign-front 0.0035 1093 499 1107 545
track-sign-front 0.0023 660 243 684 280
track-sign-front 0.0020 472 528 508 558
track-sign-front 0.0017 869 493 889 538
track-sign-front 0.0015 825 488 864 519
track-sign-front 0.0013 1895 541 1923 619
track-sign-front 0.0013 823 492 844 519
track-sign-front 0.0012 1846 532 1905 623
track-sign-front 0.0010 1892 515 1923 585
track-signal-front 0.0337 918 457 930 482
track-signal-front 0.0213 973 449 999 472
track-signal-front 0.0176 975 447 990 468
track-signal-front 0.0084 923 463 939 488
track-signal-front 0.0073 1855 490 1878 546
track-signal-front 0.0065 1852 484 1875 581
track-signal-front 0.0059 1852 485 1893 559
track-signal-front 0.0042 1897 467 1920 555
track-signal-front 0.0031 874 454 914 497
track-signal-front 0.0024 1031 441 1049 470
track-signal-front 0.0015 961 442 998 494
track-signal-front 0.0014 919 450 959 485
track-signal-front 0.0011 991 442 1043 480
track-signal-back 0.0868 869 378 889 426
track-signal-back 0.0114 861 373 892 439
track-signal-back 0.0080 872 397 891 448
track-signal-back 0.0073 982 450 1008 485
track-signal-back 0.0058 874 442 889 485
track-signal-back 0.0030 970 441 983 460
track-signal-back 0.0015 974 444 991 472
track-signal-back 0.0014 869 426 916 486
track-signal-back 0.0012 993 454 1031 492
track-signal-back 0.0010 1035 435 1050 461
pole 0.5631 1578 14 1653 753
pole 0.0679 1875 169 1917 770
pole 0.0277 1894 528 1920 722
pole 0.0209 1855 498 1868 610
pole 0.0178 1834 85 1915 746
pole 0.0125 1854 236 1908 774
pole 0.0060 1854 463 1876 602
pole 0.0051 1847 461 1904 696
pole 0.0041 1813 507 1905 664
pole 0.0039 1855 544 1919 722
pole 0.0034 1895 429 1920 677
pole 0.0028 1859 387 1923 723
pole 0.0027 1899 378 1919 604
pole 0.0025 1826 492 1868 611
pole 0.0023 1760 61 1915 762
pole 0.0021 1894 462 1918 584
pole 0.0020 1558 19 1698 869
pole 0.0018 1800 534 1890 621
pole 0.0014 1522 43 1642 885
pole 0.0014 1599 207 1659 794
pole 0.0012 1454 59 1623 737
pole 0.0011 1887 607 1922 734
pole 0.0010 1790 455 1914 716
rail-occluder 0.0049 1833 560 1883 624
rail-occluder 0.0043 1656 580 1778 745
rail-occluder 0.0039 1676 588 1757 698
rail-occluder 0.0035 1672 586 1711 656
rail-occluder 0.0033 1805 575 1872 619
rail-occluder 0.0027 1774 576 1904 625
rail-occluder 0.0022 1819 579 1906 652
rail-occluder 0.0017 1705 593 1771 661
rail-occluder 0.0015 1659 589 1699 649
rail-occluder 0.0013 1794 589 1877 641
rail-occluder 0.0012 1543 549 1612 602
rail-occluder 0.0011 1709 604 1763 717
rail-occluder 0.0010 1565 560 1612 598
