crossing 0.7012 1163 819 1667 1068
crossing 0.5547 827 840 1169 1041
crossing 0.0042 1124 635 1707 1068
crossing 0.0021 1151 836 1317 1062
crossing 0.0016 1314 843 1610 1027
crossing 0.0015 795 900 1197 1094
crossing 0.0015 1121 848 1192 1020
crossing 0.0014 1143 831 1212 1060
crossing 0.0013 1180 804 1548 996
guard-rail 0.7841 1216 575 1349 742
guard-rail 0.6097 933 582 997 758
guard-rail 0.3830 816 403 1119 940
guard-rail 0.3043 1437 819 1632 1071
guard-rail 0.2366 1144 515 1479 851
guard-rail 0.1123 893 498 1029 871
guard-rail 0.0607 1297 659 1370 751
guard-rail 0.0242 851 835 906 984
guard-rail 0.0138 915 610 974 803
guard-rail 0.0127 862 463 1006 1002
guard-rail 0.0116 1198 545 1326 696
guard-rail 0.0115 1341 807 1739 1085
guard-rail 0.0109 961 563 998 675
guard-rail 0.0077 1273 609 1400 846
guard-rail 0.0077 1267 605 1364 742
guard-rail 0.0068 1250 575 1427 779
guard-rail 0.0057 1285 551 1435 896
guard-rail 0.0056 1087 314 1140 395
guard-rail 0.0050 1132 843 1156 977
guard-rail 0.0036 1177 829 1304 1068
guard-rail 0.0034 822 846 911 1019
guard-rail 0.0030 1117 438 1374 757
guard-rail 0.0029 1139 841 1166 986
guard-rail 0.0022 840 855 891 967
guard-rail 0.0021 848 713 926 1018
guard-rail 0.0019 1258 466 1484 1030
guard-rail 0.0018 1298 668 1410 798
guard-rail 0.0014 969 577 1034 731
guard-rail 0.0011 1514 852 1652 1068
guard-rail 0.0010 1144 824 1206 996
train-car 0.6751 326 281 562 381
train-car 0.6417 0 288 246 395
train-car 0.5910 1328 239 1913 432
train-car 0.4924 584 267 921 346
train-car 0.4813 1325 246 1532 384
train-car 0.2231 -4 328 324 426
train-car 0.2059 694 272 909 333
train-car 0.1190 588 276 786 343
train-car 0.1066 7 290 121 483
train-car 0.0992 1242 251 1675 420
train-car 0.0488 725 287 1020 345
train-car 0.0424 -1 285 256 490
train-car 0.0325 1597 229 1921 421
train-car 0.0302 319 263 938 375
train-car 0.0245 119 295 721 419
train-car 0.0217 3 297 76 405
train-car 0.0214 800 274 1045 312
train-car 0.0204 310 277 435 377
train-car 0.0175 589 279 680 344
train-car 0.0158 236 286 302 339
train-car 0.0154 1146 262 1321 295
train-car 0.0140 1335 248 1410 399
train-car 0.0136 202 291 322 358
train-car 0.0119 874 246 970 333
train-car 0.0118 75 287 327 377
train-car 0.0117 696 273 784 345
train-car 0.0114 271 311 311 365
train-car 0.0110 26 282 70 307
train-car 0.0106 235 278 299 315
train-car 0.0106 577 278 640 343
train-car 0.0105 477 272 730 348
train-car 0.0102 722 275 758 344
train-car 0.0101 182 288 450 369
train-car 0.0090 735 277 837 337
train-car 0.0085 339 242 384 383
train-car 0.0081 893 167 985 380
train-car 0.0081 833 252 1045 331
train-car 0.0075 6 279 75 345
train-car 0.0074 417 283 516 378
train-car 0.0073 1114 197 1897 496
train-car 0.0073 855 269 954 312
train-car 0.0068 515 271 832 371
train-car 0.0063 1184 274 1450 327
train-car 0.0060 391 293 616 401
train-car 0.0051 553 297 734 352
train-car 0.0049 263 283 379 366
train-car 0.0048 388 251 1091 442
train-car 0.0048 630 281 735 338
train-car 0.0046 346 267 579 341
train-car 0.0045 315 293 391 372
train-car 0.0044 117 291 240 378
train-car 0.0044 676 250 987 353
train-car 0.0042 1256 256 1414 336
train-car 0.0039 287 308 364 366
train-car 0.0038 571 236 946 397
train-car 0.0036 43 201 837 536
train-car 0.0035 261 282 317 358
train-car 0.0035 156 284 247 362
train-car 0.0032 1417 254 1707 391
train-car 0.0032 1306 237 1429 365
train-car 0.0030 684 240 916 321
train-car 0.0030 769 282 931 333
train-car 0.0030 1 307 45 397
train-car 0.0028 1689 226 1926 566
train-car 0.0026 736 293 762 344
train-car 0.0025 -9 247 318 581
train-car 0.0024 480 289 525 403
train-car 0.0022 917 179 966 355
train-car 0.0021 191 283 261 347
train-car 0.0020 142 277 301 342
train-car 0.0019 600 231 874 293
train-car 0.0018 1375 253 1479 366
train-car 0.0018 727 296 884 346
train-car 0.0018 159 268 363 396
train-car 0.0018 325 209 1135 554
train-car 0.0017 209 264 398 347
train-car 0.0017 882 261 935 303
train-car 0.0016 1215 231 1391 306
train-car 0.0015 1325 240 1530 312
train-car 0.0015 613 279 700 327
train-car 0.0013 197 295 243 364
train-car 0.0013 306 201 564 367
train-car 0.0013 490 273 605 366
train-car 0.0013 1442 86 1893 461
train-car 0.0013 675 275 746 325
train-car 0.0012 82 291 179 385
train-car 0.0012 698 212 1051 396
train-car 0.0011 535 268 577 363
train-car 0.0011 -93 145 293 533
train-car 0.0011 1335 215 1597 358
train-car 0.0011 1077 257 1299 290
train-car 0.0010 1330 281 1569 446
train-car 0.0010 1179 245 1280 299
train-car 0.0010 10 249 108 352
rail 0.9383 797 299 1171 1080
rail 0.8816 1062 356 1689 1071
rail 0.8682 1069 300 1916 640
rail 0.6989 4 300 987 566
rail 0.3648 -2 360 402 456
rail 0.3595 0 332 747 497
rail 0.2362 1136 289 1342 325
rail 0.1982 -1 367 482 519
rail 0.1595 1090 292 1365 343
rail 0.1424 1112 286 1811 452
rail 0.1376 1273 24 1913 821
rail 0.1326 1070 306 1108 334
rail 0.0740 -4 351 313 419
rail 0.0703 1228 348 1916 496
rail 0.0570 1064 303 1396 395
rail 0.0528 1249 430 1928 605
rail 0.0504 1068 311 1137 344
rail 0.0504 1062 313 1101 343
rail 0.0470 1094 317 1619 428
rail 0.0393 770 288 1026 327
rail 0.0393 1122 281 1319 313
rail 0.0335 1057 301 1182 357
rail 0.0311 0 406 425 601
rail 0.0307 1278 235 1889 486
rail 0.0297 1043 298 1113 348
rail 0.0296 315 305 972 435
rail 0.0274 5 317 275 507
rail 0.0266 1068 297 1110 319
rail 0.0233 1102 292 1550 366
rail 0.0215 81 303 660 420
rail 0.0205 768 302 1023 352
rail 0.0158 1049 307 1221 394
rail 0.0156 1075 298 1188 335
rail 0.0149 19 395 260 531
rail 0.0130 1230 263 1446 364
rail 0.0126 1020 313 1082 347
rail 0.0124 1133 533 1601 912
rail 0.0120 -17 390 283 465
rail 0.0117 979 294 1107 346
rail 0.0117 1140 303 1417 351
rail 0.0113 854 302 1031 339
rail 0.0112 1042 279 1100 326
rail 0.0111 44 471 244 670
rail 0.0110 -1 374 670 717
rail 0.0106 1096 288 1222 320
rail 0.0104 1065 302 1311 360
rail 0.0098 20 323 378 411
rail 0.0092 1283 281 1399 396
rail 0.0091 1074 314 1157 405
rail 0.0081 1427 209 1940 621
rail 0.0079 1122 358 1197 401
rail 0.0074 167 364 382 407
rail 0.0072 3 376 65 444
rail 0.0067 1063 330 1300 416
rail 0.0066 1155 632 1727 1078
rail 0.0066 21 319 87 502
rail 0.0064 29 445 294 585
rail 0.0055 1190 272 1416 316
rail 0.0054 1590 389 1930 530
rail 0.0053 1106 279 1211 310
rail 0.0050 1056 301 1538 490
rail 0.0049 949 293 1068 340
rail 0.0049 1134 286 1184 319
rail 0.0048 1051 333 1413 446
rail 0.0048 1 393 49 426
rail 0.0047 1072 286 1147 316
rail 0.0045 1357 385 1927 707
rail 0.0044 1064 326 1106 367
rail 0.0044 259 335 341 378
rail 0.0044 1087 360 1369 416
rail 0.0044 1096 313 1165 349
rail 0.0043 1820 353 1905 625
rail 0.0043 1457 355 1931 561
rail 0.0043 3 493 161 640
rail 0.0042 837 501 1002 1089
rail 0.0040 158 394 444 458
rail 0.0040 990 306 1066 352
rail 0.0038 1176 305 1333 345
rail 0.0035 824 307 969 348
rail 0.0035 957 267 1121 337
rail 0.0035 512 285 972 395
rail 0.0035 1220 270 1337 320
rail 0.0034 -1 411 80 490
rail 0.0033 75 471 165 568
rail 0.0033 56 431 395 538
rail 0.0033 1034 328 1178 424
rail 0.0032 0 400 44 451
rail 0.0032 350 331 640 440
rail 0.0031 1250 369 1333 429
rail 0.0030 168 357 720 563
rail 0.0030 118 375 369 432
rail 0.0030 166 343 344 388
rail 0.0030 5 604 221 1070
rail 0.0029 14 370 110 531
rail 0.0029 850 510 1155 837
rail 0.0028 994 267 1091 321
rail 0.0028 94 396 410 511
rail 0.0027 1072 273 1309 336
rail 0.0026 1010 347 1124 445
rail 0.0025 62 439 179 613
rail 0.0024 1747 391 1930 616
rail 0.0023 987 303 1178 502
rail 0.0023 839 304 1015 379
rail 0.0022 245 361 351 404
rail 0.0021 987 345 1264 1062
rail 0.0021 1086 329 1197 392
rail 0.0021 1117 353 1244 416
rail 0.0020 -9 288 515 614
rail 0.0020 1072 380 1136 414
rail 0.0019 1593 311 1939 635
rail 0.0019 1252 288 1355 329
rail 0.0018 1683 437 1913 510
rail 0.0018 45 469 355 732
rail 0.0018 1057 338 1393 723
rail 0.0018 1010 275 1149 401
rail 0.0017 1127 271 1243 312
rail 0.0017 2 355 189 612
rail 0.0016 1188 291 1283 321
rail 0.0016 1136 362 1791 572
rail 0.0015 0 332 45 438
rail 0.0015 78 479 320 622
rail 0.0015 1663 432 1933 720
rail 0.0015 310 311 681 482
rail 0.0014 64 473 153 517
rail 0.0013 1079 227 1388 390
rail 0.0013 957 283 1037 329
rail 0.0013 1109 408 1331 1081
rail 0.0013 897 264 1033 328
rail 0.0013 -1 408 35 490
rail 0.0012 1750 383 1919 486
rail 0.0012 0 467 72 515
rail 0.0012 1029 368 1136 475
rail 0.0012 905 283 1097 375
rail 0.0012 290 326 445 451
rail 0.0011 1311 283 1545 425
rail 0.0011 225 356 390 435
rail 0.0011 325 342 543 410
rail 0.0011 0 516 93 618
rail 0.0011 1398 461 1672 635
rail 0.0011 0 467 82 557
rail 0.0011 1412 779 1752 1069
rail 0.0011 1167 275 1266 312
rail 0.0010 1158 371 1372 432
rail 0.0010 1630 415 1903 586
rail 0.0010 1 565 61 1046
rail 0.0010 1117 312 1260 352
rail 0.0010 4 846 235 1074
switch-indicator 0.1610 1147 370 1173 395
switch-indicator 0.1094 1415 392 1439 414
switch-indicator 0.0709 1150 373 1210 404
switch-indicator 0.0697 1187 378 1209 404
switch-indicator 0.0560 974 370 1006 400
switch-indicator 0.0219 1517 506 1546 568
switch-indicator 0.0027 1114 333 1171 392
switch-indicator 0.0013 965 336 1034 409
switch-left 0.2201 1042 389 1120 433
switch-left 0.0021 1017 379 1086 414
switch-right 0.3642 1042 384 1118 424
switch-right 0.0099 1063 325 1105 364
switch-right 0.0039 1053 335 1100 369
switch-right 0.0027 1018 381 1084 413
switch-unknown 0.2293 1071 307 1106 333
switch-unknown 0.1074 1064 315 1100 340
switch-unknown 0.0533 1071 298 1106 317
switch-unknown 0.0341 1076 313 1122 341
switch-static 0.3660 983 377 1034 404
switch-static 0.1067 1000 378 1053 403
switch-static 0.1045 974 372 1005 398
switch-static 0.0396 1148 375 1183 400
switch-static 0.0228 1403 391 1439 416
switch-static 0.0174 1173 377 1213 403
switch-static 0.0130 987 352 1047 400
switch-static 0.0118 956 374 1008 404
switch-static 0.0097 1077 382 1132 411
switch-static 0.0089 1056 382 1135 424
switch-static 0.0081 1102 382 1144 417
switch-static 0.0076 0 492 58 515
switch-static 0.0061 1017 377 1084 413
switch-static 0.0060 953 347 1002 406
switch-static 0.0053 1023 324 1072 369
switch-static 0.0052 233 491 300 509
switch-static 0.0052 966 367 1026 408
switch-static 0.0032 981 363 1085 413
switch-static 0.0021 222 486 282 504
switch-static 0.0019 1354 394 1417 423
switch-static 0.0018 1593 960 1704 1010
switch-static 0.0017 955 342 1039 403
switch-static 0.0013 173 474 327 513
switch-static 0.0011 1188 376 1268 405
switch-static 0.0011 1375 406 1432 432
switch-static 0.0011 -1 492 66 535
track-sign-front 0.2099 1850 382 1906 433
track-sign-front 0.0114 100 485 137 553
track-sign-front 0.0021 396 249 421 272
track-sign-front 0.0019 45 279 81 306
track-sign-front 0.0018 1834 304 1923 490
track-sign-front 0.0017 1899 367 1917 430
track-sign-front 0.0017 1594 236 1618 294
track-sign-front 0.0016 100 494 147 617
track-sign-front 0.0011 1594 213 1628 322
track-signal-front 0.0632 394 254 416 277
track-signal-front 0.0314 532 262 556 281
track-signal-front 0.0295 1325 194 1341 220
track-signal-front 0.0177 391 255 412 302
track-signal-front 0.0177 39 283 68 310
track-signal-front 0.0083 388 247 413 272
track-signal-front 0.0072 747 237 757 273
track-signal-front 0.0071 742 232 756 291
track-signal-front 0.0069 717 237 753 274
track-signal-front 0.0051 581 172 596 214
track-signal-front 0.0029 589 173 614 215
track-signal-front 0.0026 398 260 419 288
track-signal-front 0.0025 713 247 728 276
track-signal-front 0.0019 363 258 438 317
track-signal-front 0.0018 385 233 412 286
track-signal-front 0.0018 883 253 934 308
track-signal-front 0.0016 712 237 725 268
track-signal-front 0.0015 511 260 550 284
track-signal-front 0.0015 454 265 478 289
track-signal-front 0.0013 605 178 623 226
track-signal-front 0.0013 1667 154 1696 229
track-signal-front 0.0010 319 253 507 314
track-signal-front 0.0010 534 241 567 330
track-signal-back 0.0248 81 662 142 746
track-signal-back 0.0052 39 281 69 310
track-signal-back 0.0039 78 606 148 762
track-signal-back 0.0015 1669 160 1695 224
pole 0.3095 928 -9 956 452
pole 0.2094 1024 117 1041 336
pole 0.1863 1860 394 1885 676
pole 0.1671 1300 -6 1919 751
pole 0.1633 45 255 78 522
pole 0.1563 546 334 558 435
pole 0.0992 360 108 377 371
pole 0.0929 543 295 560 437
pole 0.0489 932 23 946 370
pole 0.0408 53 324 82 533
pole 0.0390 26 292 94 519
pole 0.0358 404 295 427 407
pole 0.0277 1849 412 1901 706
pole 0.0222 1042 150 1060 323
pole 0.0219 1331 279 1359 405
pole 0.0215 95 510 158 758
pole 0.0192 1028 155 1049 341
pole 0.0173 1025 164 1038 314
pole 0.0164 1864 438 1881 577
pole 0.0153 408 332 424 413
pole 0.0150 1019 80 1034 336
pole 0.0123 912 -9 946 456
pole 0.0123 350 268 455 393
pole 0.0115 1047 195 1070 322
pole 0.0111 1322 273 1933 487
pole 0.0109 396 279 442 392
pole 0.0104 1328 228 1349 392
pole 0.0102 914 146 952 402
pole 0.0100 473 284 517 403
pole 0.0091 925 130 975 452
pole 0.0090 1271 181 1292 301
pole 0.0089 1326 243 1345 339
pole 0.0088 1845 329 1907 627
pole 0.0084 536 273 573 408
pole 0.0083 986 272 1009 337
pole 0.0080 1592 53 1683 682
pole 0.0072 360 156 372 294
pole 0.0068 16 276 82 415
pole 0.0066 913 -31 967 549
pole 0.0065 1885 386 1920 671
pole 0.0065 1266 203 1300 328
pole 0.0059 1324 226 1340 313
pole 0.0052 1533 114 1690 529
pole 0.0051 1536 292 1555 388
pole 0.0051 1296 245 1375 399
pole 0.0049 75 472 181 934
pole 0.0048 47 317 76 462
pole 0.0047 1859 381 1889 543
pole 0.0044 1020 238 1065 335
pole 0.0043 1861 482 1884 630
pole 0.0042 76 618 156 775
pole 0.0041 923 200 960 333
pole 0.0041 377 300 428 403
pole 0.0038 55 391 89 514
pole 0.0037 412 297 468 394
pole 0.0037 348 214 389 392
pole 0.0037 988 118 1016 357
pole 0.0034 537 311 568 446
pole 0.0033 730 257 767 348
pole 0.0031 1566 268 1659 648
pole 0.0030 993 233 1051 339
pole 0.0028 588 269 636 344
pole 0.0026 1138 231 1181 315
pole 0.0025 1097 219 1133 321
pole 0.0025 16 497 197 1066
pole 0.0024 1250 265 1315 319
pole 0.0023 543 254 566 375
pole 0.0023 939 236 996 341
pole 0.0022 1271 203 1336 323
pole 0.0021 942 165 986 366
pole 0.0021 1575 -37 1726 540
pole 0.0020 1152 195 1175 306
pole 0.0020 973 201 1016 330
pole 0.0019 1376 195 1914 405
pole 0.0019 912 218 999 378
pole 0.0018 1123 228 1166 316
pole 0.0018 1205 228 1317 318
pole 0.0017 38 299 112 401
pole 0.0016 642 170 661 371
pole 0.0016 1279 183 1315 298
pole 0.0016 646 183 657 304
pole 0.0016 945 62 972 373
pole 0.0015 536 234 577 368
pole 0.0015 1254 189 1283 299
pole 0.0015 354 79 373 317
pole 0.0014 26 482 171 815
pole 0.0014 1021 135 1031 280
pole 0.0012 633 166 654 369
pole 0.0012 1821 405 1883 698
pole 0.0012 1417 216 1702 398
pole 0.0012 525 315 603 420
pole 0.0011 902 232 979 340
pole 0.0011 1286 141 1339 343
pole 0.0010 1005 116 1062 350
pole 0.0010 1537 285 1582 380
pole 0.0010 1568 186 1841 532
pole 0.0010 1532 285 1563 358
pole 0.0010 533 245 557 296
rail-occluder 0.4478 1334 353 1359 397
rail-occluder 0.2990 487 340 511 402
rail-occluder 0.2632 92 495 158 743
rail-occluder 0.0755 1518 506 1542 549
rail-occluder 0.0715 975 302 1000 343
rail-occluder 0.0705 1283 387 1307 425
rail-occluder 0.0508 984 296 1007 340
rail-occluder 0.0479 971 307 989 347
rail-occluder 0.0421 1856 430 1890 670
rail-occluder 0.0312 1191 377 1212 404
rail-occluder 0.0299 477 316 513 411
rail-occluder 0.0276 1853 441 1905 733
rail-occluder 0.0213 528 297 562 425
rail-occluder 0.0184 1285 363 1309 422
rail-occluder 0.0177 484 347 506 437
rail-occluder 0.0162 545 345 561 452
rail-occluder 0.0159 46 480 192 739
rail-occluder 0.0157 1014 311 1047 351
rail-occluder 0.0152 353 419 376 443
rail-occluder 0.0147 986 290 1028 340
rail-occluder 0.0141 1516 505 1556 587
rail-occluder 0.0123 1028 315 1070 349
rail-occluder 0.0122 966 296 1020 341
rail-occluder 0.0112 212 383 237 425
rail-occluder 0.0106 1144 286 1174 317
rail-occluder 0.0100 1323 281 1369 406
rail-occluder 0.0090 1533 332 1551 390
rail-occluder 0.0074 329 312 655 425
rail-occluder 0.0073 1332 360 1387 403
rail-occluder 0.0071 1871 407 1922 697
rail-occluder 0.0071 1025 298 1075 344
rail-occluder 0.0068 955 306 1002 349
rail-occluder 0.0065 1845 339 1908 621
rail-occluder 0.0063 1288 345 1319 388
rail-occluder 0.0062 917 292 1033 351
rail-occluder 0.0058 1294 356 1352 428
rail-occluder 0.0056 780 306 980 377
rail-occluder 0.0053 185 382 234 428
rail-occluder 0.0052 369 290 466 410
rail-occluder 0.0050 1242 293 1318 324
rail-occluder 0.0046 2 394 59 450
rail-occluder 0.0046 1332 365 1365 414
rail-occluder 0.0045 354 354 388 392
rail-occluder 0.0044 88 477 148 563
rail-occluder 0.0044 30 463 155 566
rail-occluder 0.0042 352 408 383 443
rail-occluder 0.0040 208 367 242 415
rail-occluder 0.0039 917 298 982 357
rail-occluder 0.0039 47 375 87 522
rail-occluder 0.0039 2 392 46 424
rail-occluder 0.0036 795 325 957 399
rail-occluder 0.0035 4 483 162 648
rail-occluder 0.0033 98 481 150 640
rail-occluder 0.0033 1329 276 1520 422
rail-occluder 0.0033 1788 448 1825 498
rail-occluder 0.0032 1859 501 1895 638
rail-occluder 0.0031 408 305 523 396
rail-occluder 0.0030 737 293 759 346
rail-occluder 0.0029 212 383 274 426
rail-occluder 0.0029 1120 261 1173 316
rail-occluder 0.0029 381 338 427 411
rail-occluder 0.0027 340 327 399 387
rail-occluder 0.0027 1283 393 1316 437
rail-occluder 0.0027 1510 483 1589 610
rail-occluder 0.0027 528 322 579 457
rail-occluder 0.0026 53 409 97 543
rail-occluder 0.0025 880 288 969 328
rail-occluder 0.0025 1255 363 1315 438
rail-occluder 0.0025 1516 496 1557 543
rail-occluder 0.0023 1409 400 1440 427
rail-occluder 0.0023 479 347 526 453
rail-occluder 0.0023 881 306 965 347
rail-occluder 0.0023 243 382 307 424
rail-occluder 0.0023 237 358 315 408
rail-occluder 0.0022 272 325 327 380
rail-occluder 0.0022 538 332 566 440
rail-occluder 0.0022 834 330 918 394
rail-occluder 0.0022 1877 512 1920 683
rail-occluder 0.0021 1382 383 1438 416
rail-occluder 0.0021 104 534 150 677
rail-occluder 0.0021 206 398 247 446
rail-occluder 0.0020 354 416 404 441
rail-occluder 0.0020 9 480 84 520
rail-occluder 0.0020 214 364 287 406
rail-occluder 0.0020 57 471 110 526
rail-occluder 0.0020 1254 308 1309 344
rail-occluder 0.0020 726 293 752 350
rail-occluder 0.0019 1824 456 1916 840
rail-occluder 0.0018 245 316 317 387
rail-occluder 0.0018 101 490 180 669
rail-occluder 0.0017 1212 329 1397 403
rail-occluder 0.0017 1145 290 1225 323
rail-occluder 0.0017 1218 308 1299 343
rail-occluder 0.0017 401 375 430 438
rail-occluder 0.0016 1142 266 1219 311
rail-occluder 0.0016 1750 443 1867 505
rail-occluder 0.0016 1852 517 1887 734
rail-occluder 0.0016 83 473 136 514
rail-occluder 0.0016 381 343 539 462
rail-occluder 0.0016 1770 385 1798 468
rail-occluder 0.0015 1780 426 1931 727
rail-occluder 0.0015 1266 287 1342 330
rail-occluder 0.0015 153 381 258 429
rail-occluder 0.0015 175 401 237 446
rail-occluder 0.0015 4 339 63 437
rail-occluder 0.0015 261 359 338 403
rail-occluder 0.0014 458 346 504 408
rail-occluder 0.0014 173 356 235 418
rail-occluder 0.0014 854 311 937 348
rail-occluder 0.0014 1482 327 1602 394
rail-occluder 0.0014 334 358 409 393
rail-occluder 0.0013 1 559 72 742
rail-occluder 0.0013 319 326 385 379
rail-occluder 0.0013 1228 383 1300 422
rail-occluder 0.0013 1855 553 1910 697
rail-occluder 0.0012 1692 416 1915 583
rail-occluder 0.0012 34 432 91 522
rail-occluder 0.0012 1411 376 1471 412
rail-occluder 0.0012 856 279 941 327
rail-occluder 0.0012 1435 483 1633 603
rail-occluder 0.0012 741 291 1027 409
rail-occluder 0.0011 1853 397 1897 530
rail-occluder 0.0011 1279 304 1336 359
rail-occluder 0.0011 411 339 463 410
rail-occluder 0.0011 549 382 566 461
rail-occluder 0.0011 1879 565 1924 634
rail-occluder 0.0010 96 484 298 719
rail-occluder 0.0010 846 341 935 412
rail-occluder 0.0010 1518 357 1550 398
rail-occluder 0.0010 1657 374 1677 419
rail-occluder 0.0010 1702 373 1864 485
rail-occluder 0.0010 1535 321 1582 394
rail-occluder 0.0010 1770 416 1897 535
