guard-rail 0.0840 1110 405 1196 1080
guard-rail 0.0172 1147 805 1189 1070
guard-rail 0.0050 1135 600 1197 1087
guard-rail 0.0029 1121 394 1201 747
guard-rail 0.0028 1133 427 1244 1071
guard-rail 0.0021 1106 445 1173 753
guard-rail 0.0011 1127 755 1184 1063
guard-rail 0.0010 1160 810 1208 1077
rail 0.8791 683 389 1219 1069
rail 0.1045 1097 396 1216 1076
rail 0.0096 1025 400 1176 1080
rail 0.0019 1117 802 1176 1074
track-sign-front 0.5102 1065 375 1092 406
track-sign-front 0.2004 1418 488 1481 529
track-sign-front 0.0683 1074 372 1092 392
track-sign-front 0.0047 1 132 126 318
track-sign-front 0.0041 1068 371 1118 403
track-sign-front 0.0037 1053 387 1073 411
track-sign-front 0.0021 1060 367 1096 416
track-signal-front 0.0089 -1 97 43 189
track-signal-front 0.0058 -2 92 55 249
track-signal-front 0.0039 -1 50 53 174
track-signal-front 0.0029 -3 90 126 295
track-signal-front 0.0027 -3 67 96 213
track-signal-back 0.0015 1 101 163 320
pole 0.0037 1203 271 1230 448
