crossing 0.0010 902 384 954 409
rail 0.9564 818 350 1182 1075
rail 0.9476 5 352 969 1074
rail 0.0010 906 383 968 412
rail 0.0010 -1 395 313 566
switch-unknown 0.0012 899 388 950 412
track-sign-front 0.8778 1509 381 1606 441
track-sign-front 0.5997 723 375 743 404
track-sign-front 0.3341 1044 345 1056 363
track-sign-front 0.3131 1532 500 1570 544
track-sign-front 0.0346 1045 353 1057 396
track-sign-front 0.0322 1497 339 1623 471
track-sign-front 0.0246 1046 342 1058 358
track-sign-front 0.0064 1516 394 1604 472
track-sign-front 0.0063 1044 379 1058 402
track-sign-front 0.0052 1038 343 1063 369
track-sign-front 0.0039 718 368 748 397
track-sign-front 0.0030 1050 379 1063 405
track-sign-front 0.0027 728 387 740 492
track-sign-front 0.0025 711 365 747 413
track-sign-front 0.0018 1003 340 1055 368
track-sign-front 0.0018 744 459 764 481
track-sign-front 0.0014 1495 398 1615 511
track-sign-front 0.0011 723 370 750 421
track-signal-front 0.0049 1035 275 1059 324
track-signal-back 0.0045 1038 281 1055 305
track-signal-back 0.0016 1038 274 1061 309
