guard-rail 0.0226 1097 484 1166 538
guard-rail 0.0104 1106 497 1207 559
guard-rail 0.0089 1093 479 1150 520
guard-rail 0.0042 1127 523 1233 570
guard-rail 0.0018 1150 532 1258 576
guard-rail 0.0010 1164 548 1267 593
train-car 0.5029 1074 423 1151 468
train-car 0.0051 1082 450 1149 504
train-car 0.0036 1045 365 1180 517
train-car 0.0027 1076 438 1127 491
train-car 0.0013 1087 437 1199 518
train-car 0.0012 1036 432 1131 468
rail 0.9597 854 455 1182 1076
rail 0.9539 1091 469 1913 1071
rail 0.9509 4 443 1079 1074
rail 0.0044 1092 481 1191 552
rail 0.0043 872 450 1066 498
rail 0.0040 1083 452 1148 502
rail 0.0016 1099 476 1243 584
switch-indicator 0.0035 1466 586 1483 629
switch-indicator 0.0032 908 521 925 542
switch-static 0.0068 908 526 927 542
switch-static 0.0012 896 521 944 550
track-sign-front 0.0679 547 541 571 565
track-sign-front 0.0062 908 462 920 501
track-sign-front 0.0026 777 396 789 422
track-sign-front 0.0024 1467 583 1482 626
track-sign-front 0.0015 1226 506 1240 528
track-sign-front 0.0012 777 399 790 442
track-signal-front 0.0063 1525 6 1657 77
track-signal-front 0.0019 1504 5 1669 118
track-signal-back 0.1884 911 309 935 357
track-signal-back 0.0573 862 360 875 397
track-signal-back 0.0301 1479 60 1547 145
track-signal-back 0.0104 1471 37 1612 153
track-signal-back 0.0060 1522 7 1659 76
track-signal-back 0.0059 861 359 874 440
track-signal-back 0.0050 916 279 945 319
track-signal-back 0.0049 914 291 952 357
track-signal-back 0.0036 1499 9 1656 126
track-signal-back 0.0022 904 290 932 355
track-signal-back 0.0017 1523 2 1622 51
track-signal-back 0.0012 1473 7 1647 207
track-signal-back 0.0010 1415 -22 1617 131
track-signal-back 0.0010 856 359 882 396
pole 0.2806 911 299 924 538
pole 0.2588 1541 49 1662 1043
pole 0.0561 911 372 922 518
pole 0.0300 907 304 934 383
pole 0.0150 906 419 923 519
pole 0.0115 918 286 954 540
pole 0.0103 861 369 872 494
pole 0.0080 1566 456 1635 1052
pole 0.0059 947 303 965 512
pole 0.0053 904 316 931 536
pole 0.0051 1570 243 1650 939
pole 0.0045 1479 81 1634 945
pole 0.0044 860 351 875 456
pole 0.0033 897 276 923 503
pole 0.0027 951 346 965 471
pole 0.0022 1379 136 1711 1051
pole 0.0021 953 286 970 491
pole 0.0020 1552 180 1625 858
pole 0.0019 904 465 928 530
pole 0.0014 910 360 948 505
pole 0.0013 900 404 928 532
pole 0.0012 915 394 962 518
pole 0.0011 859 406 870 498
pole 0.0010 955 326 969 452
