crossing 0.0035 714 730 811 782
crossing 0.0012 544 802 769 862
train-car 0.8701 821 432 1489 989
train-car 0.0074 729 670 803 732
train-car 0.0049 730 687 817 758
train-car 0.0022 1036 490 1249 947
platform 0.0379 1480 753 1922 1000
platform 0.0267 1456 872 1920 1079
platform 0.0082 1537 742 1942 893
platform 0.0065 1745 676 1893 885
platform 0.0061 1669 782 1918 929
platform 0.0050 17 825 596 1073
platform 0.0046 1745 796 1922 998
platform 0.0031 1834 825 1922 1011
platform 0.0025 1738 788 1927 890
platform 0.0020 1226 745 1979 1057
platform 0.0015 1826 792 1924 928
platform 0.0014 1665 809 1924 1069
platform 0.0012 1388 724 1847 886
rail 0.7883 591 750 999 1077
rail 0.4863 726 737 849 808
rail 0.4579 1161 978 1770 1084
rail 0.1709 733 728 1873 1097
rail 0.0764 1155 996 1329 1077
rail 0.0547 644 743 854 822
rail 0.0527 1406 968 1877 1082
rail 0.0321 1149 994 1529 1078
rail 0.0250 611 785 841 838
rail 0.0176 761 750 868 813
rail 0.0158 514 760 801 835
rail 0.0131 723 698 832 791
rail 0.0122 1198 908 1917 1087
rail 0.0086 586 775 899 874
rail 0.0081 1057 985 1310 1082
rail 0.0070 443 745 851 1077
rail 0.0061 671 725 1338 1075
rail 0.0060 456 744 660 1080
rail 0.0056 728 742 937 856
rail 0.0053 720 794 833 836
rail 0.0053 1134 992 1627 1124
rail 0.0052 685 717 895 896
rail 0.0046 705 475 2024 1044
rail 0.0044 1382 987 1716 1077
rail 0.0043 627 776 786 825
rail 0.0037 850 887 1823 1164
rail 0.0035 459 756 847 902
rail 0.0032 718 664 819 747
rail 0.0032 721 778 876 856
rail 0.0027 600 804 812 852
rail 0.0026 1203 1003 1304 1072
rail 0.0024 22 774 591 1065
rail 0.0022 936 954 1320 1075
rail 0.0021 707 670 869 849
rail 0.0019 1170 999 1270 1070
rail 0.0018 1515 947 1937 1115
rail 0.0018 715 752 811 818
rail 0.0016 393 733 711 846
rail 0.0015 1413 965 1895 1190
rail 0.0015 1777 825 1922 1060
rail 0.0014 1154 857 1962 1238
rail 0.0013 685 803 835 849
rail 0.0013 716 752 1031 957
rail 0.0012 479 626 978 1029
rail 0.0012 775 779 877 834
rail 0.0011 740 805 857 859
rail 0.0010 804 761 868 822
rail 0.0010 528 775 778 886
rail 0.0010 992 739 2169 1590
switch-right 0.0011 739 807 829 848
switch-unknown 0.0029 731 800 795 831
switch-unknown 0.0015 744 809 823 845
track-sign-front 0.3612 794 328 824 382
track-sign-front 0.0641 1739 328 1838 532
track-sign-front 0.0567 544 686 560 728
track-sign-front 0.0411 519 751 534 847
track-sign-front 0.0225 1348 178 1394 226
track-sign-front 0.0153 1626 613 1663 666
track-sign-front 0.0114 659 691 674 706
track-sign-front 0.0040 1746 334 1824 411
track-sign-front 0.0035 516 731 532 784
track-sign-front 0.0014 530 335 565 377
track-sign-front 0.0013 1617 589 1655 662
track-sign-front 0.0013 601 723 615 767
track-sign-front 0.0013 651 688 674 723
track-sign-front 0.0012 1605 565 1638 606
track-sign-front 0.0011 539 668 567 748
track-sign-front 0.0010 1602 613 1671 674
track-sign-front 0.0010 1813 338 1906 557
track-signal-front 0.0749 543 687 558 725
track-signal-front 0.0577 545 674 561 730
track-signal-front 0.0166 550 638 573 728
track-signal-front 0.0097 565 622 584 672
track-signal-front 0.0061 567 612 594 683
track-signal-front 0.0059 444 517 469 550
track-signal-front 0.0041 441 169 489 231
track-signal-front 0.0040 563 622 604 720
track-signal-front 0.0035 585 648 601 701
track-signal-front 0.0025 506 686 524 727
track-signal-front 0.0025 541 650 565 715
track-signal-front 0.0018 439 515 467 568
track-signal-front 0.0016 586 665 607 727
track-signal-front 0.0016 547 597 577 763
track-signal-front 0.0014 540 666 569 737
track-signal-front 0.0014 584 614 601 734
track-signal-back 0.0038 1742 332 1893 533
track-signal-back 0.0030 1854 355 1898 513
track-signal-back 0.0012 1844 325 1913 542
person 0.3382 1801 687 1854 820
person 0.0378 1522 676 1559 779
person 0.0049 1765 670 1874 888
person 0.0020 1813 683 1903 831
person 0.0012 1527 691 1582 790
person 0.0011 1780 660 1820 832
pole 0.1167 550 707 560 831
pole 0.0716 546 668 562 839
pole 0.0357 539 631 561 869
pole 0.0257 518 751 535 848
pole 0.0225 526 713 561 844
pole 0.0193 694 501 709 749
pole 0.0026 506 723 582 840
pole 0.0025 572 616 600 761
pole 0.0022 696 560 707 701
pole 0.0021 536 714 589 830
pole 0.0021 516 690 533 828
pole 0.0017 544 635 580 772
pole 0.0016 527 655 572 852
pole 0.0012 686 495 715 744
pole 0.0010 582 555 602 744
rail-occluder 0.0688 519 735 544 843
rail-occluder 0.0172 518 752 533 852
rail-occluder 0.0055 1840 840 1919 1024
rail-occluder 0.0052 502 739 564 843
rail-occluder 0.0017 534 762 573 845
