guard-rail 0.4525 1096 735 1185 792
guard-rail 0.3011 929 759 945 801
guard-rail 0.0933 1107 744 1218 808
guard-rail 0.0871 1086 727 1167 776
guard-rail 0.0212 1069 719 1139 761
guard-rail 0.0157 922 755 953 803
guard-rail 0.0151 964 676 1034 710
guard-rail 0.0134 948 678 1030 728
guard-rail 0.0098 1058 701 1125 744
guard-rail 0.0090 1073 711 1211 822
guard-rail 0.0062 924 722 943 767
guard-rail 0.0058 1044 702 1094 724
guard-rail 0.0053 1021 697 1069 722
guard-rail 0.0053 913 716 939 756
guard-rail 0.0042 1014 693 1416 953
guard-rail 0.0042 1127 826 1258 891
guard-rail 0.0040 939 761 962 806
guard-rail 0.0037 909 707 938 744
guard-rail 0.0037 935 746 969 796
guard-rail 0.0034 1025 723 1288 845
guard-rail 0.0033 1010 687 1065 717
guard-rail 0.0032 895 759 932 823
guard-rail 0.0029 906 745 965 799
guard-rail 0.0028 1147 765 1255 820
guard-rail 0.0026 1063 727 1134 787
guard-rail 0.0023 906 665 955 703
guard-rail 0.0022 1219 842 1390 930
guard-rail 0.0021 1122 752 1289 896
guard-rail 0.0020 958 689 1044 739
guard-rail 0.0020 905 771 938 840
guard-rail 0.0019 924 681 977 739
guard-rail 0.0017 1050 718 1093 761
guard-rail 0.0016 1233 827 1374 902
guard-rail 0.0015 1155 806 1308 880
guard-rail 0.0014 1051 742 1085 786
guard-rail 0.0013 954 700 1040 763
guard-rail 0.0013 1126 772 1246 841
guard-rail 0.0013 1035 684 1159 774
guard-rail 0.0012 805 670 1019 972
guard-rail 0.0011 890 786 929 844
guard-rail 0.0010 1206 809 1354 881
guard-rail 0.0010 1158 768 1378 979
train-car 0.1776 947 603 1207 685
train-car 0.0070 940 604 1039 661
train-car 0.0027 1028 607 1186 670
train-car 0.0023 889 612 1020 665
train-car 0.0019 943 539 1213 730
platform 0.0084 935 606 1032 659
platform 0.0066 902 605 1180 683
rail 0.9410 779 639 1105 1078
rail 0.8682 912 640 1735 1077
rail 0.5755 1024 640 1909 911
rail 0.0966 1128 818 1774 1075
rail 0.0324 1158 834 1484 1073
rail 0.0294 1364 700 1920 887
rail 0.0153 906 634 986 682
rail 0.0142 931 620 1021 682
rail 0.0121 901 650 963 687
rail 0.0098 895 631 952 674
rail 0.0095 937 664 1028 725
rail 0.0084 974 765 1478 1078
rail 0.0074 953 625 1693 819
rail 0.0049 896 631 1005 704
rail 0.0044 1170 670 1669 831
rail 0.0043 1483 760 1913 932
rail 0.0042 1479 715 1914 819
rail 0.0040 1015 739 1390 975
rail 0.0034 891 612 1001 658
rail 0.0033 897 622 946 652
rail 0.0030 1201 689 1818 1033
rail 0.0030 1023 644 1308 788
rail 0.0028 1303 670 1899 793
rail 0.0028 1045 649 1505 771
rail 0.0028 873 647 943 687
rail 0.0025 1054 626 1244 701
rail 0.0023 903 664 961 702
rail 0.0021 849 624 959 691
rail 0.0020 1281 852 1620 1066
rail 0.0015 1406 812 1901 1072
rail 0.0015 1100 861 1368 1079
rail 0.0015 881 626 1043 727
rail 0.0014 1108 681 1620 963
rail 0.0014 871 623 1094 796
rail 0.0014 1080 650 1363 743
rail 0.0014 1578 743 1913 862
rail 0.0014 1140 670 1326 708
rail 0.0012 913 612 973 654
rail 0.0010 779 574 1458 1045
rail 0.0010 968 603 1376 840
switch-indicator 0.0013 1158 643 1210 679
switch-left 0.0179 948 676 1031 722
switch-left 0.0064 1136 822 1287 898
switch-left 0.0051 1144 838 1324 931
switch-left 0.0015 1184 818 1334 907
switch-left 0.0014 1210 842 1356 928
switch-left 0.0012 1145 763 1398 1003
switch-right 0.1825 939 674 1017 708
switch-right 0.0107 966 676 1032 711
switch-right 0.0095 947 680 1029 727
switch-right 0.0027 1123 791 1323 950
switch-right 0.0025 1154 837 1358 935
switch-unknown 0.0702 925 663 991 692
switch-unknown 0.0195 905 654 958 685
switch-unknown 0.0152 897 629 950 671
switch-unknown 0.0132 912 631 976 680
switch-unknown 0.0115 937 622 1009 681
switch-static 0.0071 977 661 1027 690
switch-static 0.0059 1049 690 1099 716
switch-static 0.0056 1067 683 1105 707
switch-static 0.0030 1155 649 1225 685
switch-static 0.0023 1076 679 1129 705
switch-static 0.0010 1007 686 1067 717
switch-static 0.0010 895 721 927 756
track-sign-front 0.0299 863 610 882 632
track-sign-front 0.0135 859 614 876 635
track-sign-front 0.0069 1314 479 1338 510
track-sign-front 0.0042 880 650 934 680
track-sign-front 0.0038 879 624 937 672
track-sign-front 0.0038 845 635 868 699
track-sign-front 0.0036 850 604 898 683
track-sign-front 0.0036 862 606 931 647
track-sign-front 0.0034 841 633 892 699
track-sign-front 0.0022 571 289 597 315
track-sign-front 0.0019 1302 569 1318 608
track-sign-front 0.0017 992 612 1035 653
track-sign-front 0.0012 1304 578 1326 612
track-sign-front 0.0011 561 868 589 923
track-sign-front 0.0010 853 509 869 579
person 0.0029 342 365 395 487
person 0.0017 353 355 436 488
person 0.0015 427 358 469 457
person 0.0013 390 371 438 489
person 0.0010 360 365 411 458
pole 0.0021 860 446 879 707
pole 0.0017 863 568 882 666
rail-occluder 0.0064 950 611 1029 677
rail-occluder 0.0050 1180 657 1225 688
rail-occluder 0.0035 1160 649 1222 686
rail-occluder 0.0027 1180 669 1236 697
rail-occluder 0.0027 988 610 1039 673
rail-occluder 0.0018 1055 624 1243 701
rail-occluder 0.0015 1188 648 1221 680
rail-occluder 0.0012 1161 663 1256 701
rail-occluder 0.0010 1106 644 1217 686
