guard-rail 0.7480 559 858 673 1055
guard-rail 0.2816 927 859 952 1019
guard-rail 0.0444 561 752 732 1063
guard-rail 0.0308 930 841 946 968
guard-rail 0.0256 905 861 942 1029
guard-rail 0.0185 935 882 957 1055
guard-rail 0.0148 911 853 962 1032
guard-rail 0.0089 597 855 686 992
guard-rail 0.0062 867 847 958 1041
guard-rail 0.0040 938 868 961 1002
guard-rail 0.0037 140 808 304 861
guard-rail 0.0036 -2 862 117 925
guard-rail 0.0027 540 854 627 1065
guard-rail 0.0027 894 872 928 1002
guard-rail 0.0024 177 817 270 853
guard-rail 0.0024 591 851 760 939
guard-rail 0.0023 0 879 81 931
guard-rail 0.0018 884 857 932 1053
guard-rail 0.0018 296 796 835 1110
guard-rail 0.0016 3 802 104 867
guard-rail 0.0015 931 856 969 1016
guard-rail 0.0015 135 825 228 860
guard-rail 0.0014 557 909 637 1046
guard-rail 0.0013 939 944 960 1044
guard-rail 0.0012 4 833 103 891
guard-rail 0.0012 28 775 128 840
guard-rail 0.0011 203 795 294 833
guard-rail 0.0010 873 652 963 1083
train-car 0.7490 1022 496 1917 835
train-car 0.4909 1008 615 1155 678
train-car 0.0997 739 640 860 676
train-car 0.0230 737 632 862 659
train-car 0.0152 983 585 1179 699
train-car 0.0078 937 620 1113 670
train-car 0.0066 1193 541 1772 787
train-car 0.0050 982 614 1068 673
train-car 0.0045 706 632 869 694
train-car 0.0041 1022 607 1227 683
train-car 0.0040 1007 599 1089 677
train-car 0.0032 1691 500 1918 881
train-car 0.0032 743 620 817 666
train-car 0.0021 1010 636 1147 702
train-car 0.0019 795 638 898 673
train-car 0.0017 1078 612 1172 678
train-car 0.0016 1045 522 1096 698
train-car 0.0016 1353 573 1589 759
train-car 0.0010 741 612 906 676
train-car 0.0010 815 613 880 686
platform 0.9255 910 647 1910 1070
platform 0.0532 733 647 864 683
platform 0.0141 659 650 857 689
platform 0.0118 650 620 869 674
platform 0.0061 622 646 795 708
platform 0.0056 765 623 863 677
platform 0.0051 820 661 877 692
platform 0.0032 683 592 771 692
platform 0.0029 540 658 731 692
platform 0.0026 591 566 819 718
platform 0.0024 652 603 855 722
platform 0.0016 661 568 725 724
platform 0.0012 551 638 723 679
platform 0.0010 556 633 879 737
rail 0.9360 711 651 979 1078
rail 0.9079 505 657 865 1077
rail 0.8045 0 659 835 947
rail 0.5888 0 683 547 846
rail 0.3452 0 700 337 811
rail 0.1437 -4 728 265 844
rail 0.0812 24 748 276 814
rail 0.0800 0 750 169 851
rail 0.0684 14 686 368 762
rail 0.0414 78 667 702 771
rail 0.0380 -1 718 317 920
rail 0.0361 -2 757 133 820
rail 0.0294 -11 714 236 784
rail 0.0264 548 727 752 1074
rail 0.0211 0 773 79 850
rail 0.0201 1 739 161 802
rail 0.0188 1 765 70 820
rail 0.0171 221 663 842 835
rail 0.0139 -1 754 80 796
rail 0.0138 194 696 389 731
rail 0.0130 125 714 359 767
rail 0.0122 0 777 36 848
rail 0.0111 0 767 37 817
rail 0.0102 -1 731 86 826
rail 0.0096 -2 791 123 879
rail 0.0091 -1 817 233 939
rail 0.0084 228 708 290 735
rail 0.0084 0 768 90 913
rail 0.0077 0 839 142 939
rail 0.0072 105 763 186 804
rail 0.0070 34 751 109 789
rail 0.0068 171 709 281 735
rail 0.0064 -10 728 135 782
rail 0.0059 6 663 417 738
rail 0.0057 0 765 35 794
rail 0.0056 398 668 787 750
rail 0.0056 32 800 275 883
rail 0.0056 210 720 303 760
rail 0.0055 0 858 91 936
rail 0.0053 84 635 537 745
rail 0.0051 556 653 846 732
rail 0.0040 0 823 118 903
rail 0.0038 225 687 372 722
rail 0.0036 236 660 564 724
rail 0.0035 122 738 349 806
rail 0.0035 -2 797 72 871
rail 0.0033 24 765 241 860
rail 0.0033 367 689 531 730
rail 0.0031 752 661 849 697
rail 0.0030 33 726 668 1028
rail 0.0027 -1 799 31 871
rail 0.0026 670 676 836 718
rail 0.0025 361 681 617 723
rail 0.0025 205 689 410 771
rail 0.0023 920 640 1062 690
rail 0.0021 328 676 578 754
rail 0.0021 1 874 125 965
rail 0.0021 545 669 732 718
rail 0.0020 24 811 179 870
rail 0.0020 -6 690 175 759
rail 0.0020 116 730 402 842
rail 0.0019 32 724 189 775
rail 0.0019 140 763 316 812
rail 0.0018 0 815 37 906
rail 0.0018 0 788 421 962
rail 0.0016 71 782 330 859
rail 0.0016 501 672 697 746
rail 0.0015 272 703 531 792
rail 0.0015 286 681 434 769
rail 0.0015 -1 802 256 1028
rail 0.0015 0 851 41 924
rail 0.0015 520 645 781 711
rail 0.0014 2 721 75 777
rail 0.0013 581 676 806 743
rail 0.0012 502 653 720 696
rail 0.0012 98 716 248 770
rail 0.0010 -7 676 82 783
rail 0.0010 502 665 613 727
rail 0.0010 240 742 465 845
rail 0.0010 747 827 953 1065
switch-indicator 0.0909 137 774 160 791
switch-indicator 0.0141 197 710 258 733
switch-indicator 0.0120 181 710 209 732
switch-indicator 0.0026 148 685 180 719
switch-left 0.0065 610 852 787 925
switch-left 0.0024 798 863 950 950
switch-right 0.0058 784 853 951 918
switch-unknown 0.0075 760 663 838 697
switch-unknown 0.0050 252 700 336 725
switch-static 0.0020 209 772 250 801
switch-static 0.0020 310 1019 449 1075
switch-static 0.0019 556 723 604 751
switch-static 0.0014 1202 975 1323 1024
track-sign-front 0.2733 1304 527 1386 615
track-sign-front 0.0462 389 625 408 697
track-sign-front 0.0362 390 638 407 668
track-sign-front 0.0014 544 653 578 702
track-sign-front 0.0013 146 665 163 715
track-sign-front 0.0011 1310 516 1440 625
track-sign-front 0.0010 1553 698 1581 784
track-signal-front 0.0033 906 578 940 661
track-signal-front 0.0031 909 581 935 630
track-signal-front 0.0028 934 548 972 664
track-signal-front 0.0016 816 591 832 634
track-signal-front 0.0014 862 599 897 661
track-signal-back 0.3393 393 571 409 598
track-signal-back 0.0067 386 571 413 603
track-signal-back 0.0011 391 541 410 599
pole 0.6880 519 278 558 821
pole 0.3230 691 493 709 720
pole 0.2703 345 468 362 719
pole 0.2030 1066 278 1109 718
pole 0.1693 1700 182 1741 843
pole 0.0973 680 497 714 732
pole 0.0695 723 515 739 705
pole 0.0596 318 486 339 715
pole 0.0424 388 647 410 715
pole 0.0407 689 531 727 740
pole 0.0387 389 572 407 705
pole 0.0367 732 561 755 688
pole 0.0320 330 476 363 726
pole 0.0307 728 541 738 684
pole 0.0248 1156 446 1172 713
pole 0.0226 528 302 585 827
pole 0.0224 961 552 974 666
pole 0.0215 1041 284 1100 724
pole 0.0201 344 573 359 717
pole 0.0196 313 529 331 712
pole 0.0157 706 578 755 703
pole 0.0141 389 629 409 682
pole 0.0137 1081 487 1103 728
pole 0.0123 1694 277 1761 914
pole 0.0117 955 556 980 675
pole 0.0102 1340 588 1357 851
pole 0.0101 1563 658 1580 939
pole 0.0101 693 535 706 687
pole 0.0086 691 631 723 721
pole 0.0073 667 500 745 727
pole 0.0070 661 521 689 728
pole 0.0069 1160 614 1171 732
pole 0.0069 299 494 328 714
pole 0.0058 348 536 365 675
pole 0.0056 1056 499 1086 716
pole 0.0051 999 566 1038 681
pole 0.0050 724 596 786 686
pole 0.0049 520 423 548 770
pole 0.0047 1011 554 1029 676
pole 0.0046 512 440 569 846
pole 0.0044 367 507 411 734
pole 0.0043 1344 640 1360 897
pole 0.0041 300 481 373 727
pole 0.0035 356 550 393 732
pole 0.0032 333 627 400 751
pole 0.0030 275 577 327 707
pole 0.0030 1157 604 1174 694
pole 0.0028 662 581 718 714
pole 0.0028 345 515 359 664
pole 0.0027 40 446 58 753
pole 0.0027 807 601 844 668
pole 0.0026 965 562 1026 679
pole 0.0024 511 485 540 755
pole 0.0023 612 539 797 740
pole 0.0022 1158 534 1171 674
pole 0.0022 384 605 413 714
pole 0.0022 1640 272 1781 863
pole 0.0021 1552 664 1586 946
pole 0.0021 1022 512 1060 706
pole 0.0019 1029 357 1083 745
pole 0.0019 1082 399 1115 709
pole 0.0019 507 333 632 817
pole 0.0019 1159 478 1182 729
pole 0.0018 920 558 976 679
pole 0.0018 1713 342 1740 674
pole 0.0017 1162 612 1178 721
pole 0.0016 694 506 705 629
pole 0.0016 516 604 573 795
pole 0.0016 260 590 302 711
pole 0.0015 579 594 632 696
pole 0.0015 1344 683 1357 816
pole 0.0015 1035 448 1067 711
pole 0.0014 257 581 369 781
pole 0.0013 1565 735 1578 866
pole 0.0013 1077 604 1141 679
pole 0.0013 1163 646 1176 733
pole 0.0013 34 351 66 774
pole 0.0013 381 558 418 693
pole 0.0013 1057 291 1093 623
pole 0.0012 591 579 622 687
pole 0.0012 690 574 796 683
pole 0.0012 1141 426 1171 727
pole 0.0011 695 455 758 718
pole 0.0011 1158 498 1170 624
pole 0.0010 864 362 909 754
pole 0.0010 460 498 573 854
pole 0.0010 1680 429 1822 888
pole 0.0010 1707 265 1733 606
pole 0.0010 1341 634 1356 762
pole 0.0010 647 610 693 696
rail-occluder 0.2047 513 723 531 751
rail-occluder 0.1175 240 713 264 733
rail-occluder 0.1042 240 718 263 749
rail-occluder 0.0906 138 774 159 792
rail-occluder 0.0896 354 693 375 726
rail-occluder 0.0644 247 710 268 728
rail-occluder 0.0578 386 673 407 717
rail-occluder 0.0461 73 757 89 778
rail-occluder 0.0450 195 714 212 730
rail-occluder 0.0380 350 691 366 723
rail-occluder 0.0202 373 682 400 728
rail-occluder 0.0192 233 733 263 775
rail-occluder 0.0180 514 717 541 744
rail-occluder 0.0162 232 712 272 738
rail-occluder 0.0160 43 756 95 782
rail-occluder 0.0159 230 722 258 757
rail-occluder 0.0154 442 697 461 720
rail-occluder 0.0151 445 687 464 717
rail-occluder 0.0130 683 661 709 727
rail-occluder 0.0124 515 714 545 811
rail-occluder 0.0120 646 672 668 703
rail-occluder 0.0114 692 683 713 732
rail-occluder 0.0108 124 766 156 789
rail-occluder 0.0103 508 754 525 833
rail-occluder 0.0098 194 708 214 726
rail-occluder 0.0081 186 716 219 738
rail-occluder 0.0079 344 691 386 729
rail-occluder 0.0077 55 753 107 789
rail-occluder 0.0069 561 726 598 748
rail-occluder 0.0065 556 717 603 742
rail-occluder 0.0062 702 633 752 702
rail-occluder 0.0059 374 672 417 719
rail-occluder 0.0057 536 721 598 752
rail-occluder 0.0055 291 687 338 714
rail-occluder 0.0053 277 684 322 713
rail-occluder 0.0052 538 713 593 741
rail-occluder 0.0052 715 699 750 724
rail-occluder 0.0052 466 754 496 777
rail-occluder 0.0047 283 665 314 705
rail-occluder 0.0045 49 748 118 777
rail-occluder 0.0043 694 648 822 691
rail-occluder 0.0043 218 748 256 797
rail-occluder 0.0042 643 662 675 690
rail-occluder 0.0042 138 675 163 721
rail-occluder 0.0037 723 682 778 713
rail-occluder 0.0036 136 772 189 798
rail-occluder 0.0036 102 671 146 724
rail-occluder 0.0036 326 685 443 729
rail-occluder 0.0036 703 661 757 731
rail-occluder 0.0035 543 671 575 707
rail-occluder 0.0035 636 671 679 709
rail-occluder 0.0034 837 669 863 696
rail-occluder 0.0034 288 697 353 725
rail-occluder 0.0034 613 675 668 709
rail-occluder 0.0032 503 778 520 842
rail-occluder 0.0032 830 661 868 693
rail-occluder 0.0031 727 699 767 718
rail-occluder 0.0031 194 708 260 736
rail-occluder 0.0030 596 662 815 734
rail-occluder 0.0027 382 645 421 709
rail-occluder 0.0024 342 667 452 761
rail-occluder 0.0023 246 687 310 729
rail-occluder 0.0020 491 757 520 812
rail-occluder 0.0019 71 668 188 729
rail-occluder 0.0019 135 692 179 740
rail-occluder 0.0018 502 661 578 782
rail-occluder 0.0018 488 717 544 847
rail-occluder 0.0017 99 761 180 790
rail-occluder 0.0016 103 682 162 745
rail-occluder 0.0016 797 667 857 698
rail-occluder 0.0015 574 675 647 715
rail-occluder 0.0014 547 667 618 719
rail-occluder 0.0014 581 665 734 717
rail-occluder 0.0014 57 763 150 803
rail-occluder 0.0014 697 679 809 715
rail-occluder 0.0014 633 693 680 731
rail-occluder 0.0013 686 692 776 727
rail-occluder 0.0013 169 713 229 745
rail-occluder 0.0013 537 662 580 725
rail-occluder 0.0013 466 648 565 794
rail-occluder 0.0013 627 661 691 691
rail-occluder 0.0012 187 705 222 728
rail-occluder 0.0012 470 720 523 769
rail-occluder 0.0011 452 676 522 721
rail-occluder 0.0011 552 638 614 701
rail-occluder 0.0011 75 696 149 755
rail-occluder 0.0011 457 739 491 774
rail-occluder 0.0011 10 732 102 777
rail-occluder 0.0011 256 650 338 716
rail-occluder 0.0010 529 732 578 787
rail-occluder 0.0010 77 686 192 749
rail-occluder 0.0010 385 691 449 736
rail-occluder 0.0010 231 739 301 793
rail-occluder 0.0010 566 696 648 738
