guard-rail 0.0449 1033 535 1048 567
guard-rail 0.0373 931 531 944 565
guard-rail 0.0156 935 526 950 556
guard-rail 0.0080 1032 527 1055 563
guard-rail 0.0038 932 539 943 587
guard-rail 0.0034 1024 531 1047 572
guard-rail 0.0032 927 522 944 553
guard-rail 0.0022 1030 534 1051 587
guard-rail 0.0017 1037 524 1059 575
guard-rail 0.0015 929 526 947 608
rail 0.8631 845 448 1150 1076
rail 0.0299 838 446 1000 1077
rail 0.0124 887 456 1089 888
rail 0.0105 980 436 1202 1085
rail 0.0067 809 700 1115 1047
rail 0.0049 839 946 1147 1067
rail 0.0010 911 437 1376 1096
rail 0.0010 879 830 1174 1069
switch-left 0.3467 864 757 1104 985
switch-left 0.0207 848 840 1114 1035
switch-left 0.0082 889 775 1070 923
switch-left 0.0050 856 912 1151 1072
switch-left 0.0047 843 582 1090 1033
switch-left 0.0028 892 674 1063 831
switch-left 0.0011 915 621 1066 792
switch-right 0.2529 862 753 1098 972
switch-right 0.0053 881 678 1079 829
switch-right 0.0026 894 641 1063 774
switch-right 0.0012 883 715 1130 890
switch-static 0.5425 671 860 824 952
switch-static 0.0460 722 869 856 947
switch-static 0.0349 631 874 796 979
switch-static 0.0230 682 878 783 964
switch-static 0.0096 686 852 788 913
switch-static 0.0064 672 854 759 942
switch-static 0.0035 518 945 624 1079
switch-static 0.0030 1232 903 1323 990
switch-static 0.0027 773 878 859 943
switch-static 0.0021 644 878 745 953
switch-static 0.0018 1129 898 1325 1002
switch-static 0.0017 660 812 720 858
switch-static 0.0011 661 841 725 943
switch-static 0.0011 630 880 869 1017
track-sign-front 0.4689 668 817 705 846
track-sign-front 0.3694 1617 680 1646 703
track-sign-front 0.0520 1003 440 1014 456
track-sign-front 0.0403 996 438 1015 457
track-sign-front 0.0402 519 952 602 1079
track-sign-front 0.0206 1128 464 1141 482
track-sign-front 0.0141 1126 453 1140 485
track-sign-front 0.0098 893 483 909 500
track-sign-front 0.0068 974 425 1019 454
track-sign-front 0.0059 1182 443 1197 460
track-sign-front 0.0059 909 476 931 495
track-sign-front 0.0046 974 425 989 453
track-sign-front 0.0036 968 436 991 460
track-sign-front 0.0035 666 817 709 889
track-sign-front 0.0033 1620 682 1646 728
track-sign-front 0.0031 527 949 598 982
track-sign-front 0.0029 659 811 706 864
track-sign-front 0.0022 1183 442 1209 465
track-sign-front 0.0022 920 469 943 494
track-sign-front 0.0020 668 831 727 901
track-sign-front 0.0019 1620 678 1672 705
track-sign-front 0.0016 1113 424 1137 485
track-sign-front 0.0015 903 476 926 500
track-sign-front 0.0012 1374 436 1399 481
track-signal-back 0.0017 1131 387 1147 435
track-signal-back 0.0012 1133 388 1146 412
track-signal-back 0.0010 973 405 988 440
pole 0.0018 1123 386 1145 476
pole 0.0013 1124 450 1140 486
