crossing 0.8267 979 514 1065 548
crossing 0.5498 695 519 818 553
crossing 0.4908 1222 523 1342 557
crossing 0.4261 414 522 565 561
crossing 0.2680 1483 531 1612 559
crossing 0.2556 1215 521 1315 547
crossing 0.1416 1435 528 1570 556
crossing 0.1400 1526 530 1655 557
crossing 0.1372 1398 526 1510 550
crossing 0.1178 737 516 835 544
crossing 0.1060 465 515 599 551
crossing 0.0699 1471 523 1542 549
crossing 0.0683 1255 478 1862 611
crossing 0.0471 386 532 522 567
crossing 0.0413 1404 519 1658 567
crossing 0.0269 1337 524 1422 545
crossing 0.0187 1383 532 1488 558
crossing 0.0164 1345 480 1706 567
crossing 0.0145 1319 526 1402 550
crossing 0.0132 1263 530 1368 560
crossing 0.0116 662 528 786 563
crossing 0.0116 1338 521 1463 551
crossing 0.0107 507 515 606 541
crossing 0.0099 989 513 1065 533
crossing 0.0087 569 513 648 534
crossing 0.0082 1381 501 1567 562
crossing 0.0077 537 513 642 543
crossing 0.0066 1283 528 1358 552
crossing 0.0060 1356 530 1452 557
crossing 0.0057 670 511 753 544
crossing 0.0054 1238 498 1616 577
crossing 0.0053 1197 507 1319 559
crossing 0.0051 357 541 509 575
crossing 0.0048 1499 543 1639 573
crossing 0.0044 477 502 605 537
crossing 0.0040 572 500 652 526
crossing 0.0040 1199 501 1279 533
crossing 0.0039 1497 524 1680 576
crossing 0.0036 316 484 673 637
crossing 0.0032 1469 485 1565 558
crossing 0.0029 1577 529 1700 557
crossing 0.0026 944 517 1004 544
crossing 0.0024 1250 511 1473 567
crossing 0.0022 945 429 1094 629
crossing 0.0020 523 484 604 521
crossing 0.0019 767 512 866 542
crossing 0.0018 1190 512 1249 533
crossing 0.0017 620 439 891 624
crossing 0.0017 630 484 804 555
crossing 0.0015 383 471 799 562
crossing 0.0015 1016 515 1082 546
crossing 0.0014 544 492 629 525
crossing 0.0012 406 528 499 559
crossing 0.0012 514 522 604 554
crossing 0.0012 913 369 1130 694
crossing 0.0011 1185 458 1247 490
crossing 0.0011 1182 489 1390 606
crossing 0.0011 1182 491 1240 525
crossing 0.0011 379 545 482 569
crossing 0.0010 977 444 1071 537
crossing 0.0010 672 533 794 581
crossing 0.0010 1407 540 1551 577
train-car 0.1091 990 373 1017 408
train-car 0.0245 987 374 1033 414
train-car 0.0030 1075 353 1117 422
train-car 0.0017 981 373 1047 429
train-car 0.0017 922 353 1025 423
train-car 0.0016 927 372 1039 442
train-car 0.0015 936 309 1008 460
train-car 0.0014 994 378 1072 410
train-car 0.0013 933 373 1004 409
train-car 0.0011 1010 395 1074 424
rail 0.9389 1079 404 1915 1073
rail 0.9158 3 406 999 1074
rail 0.9020 769 406 1155 1067
rail 0.2953 1113 408 1919 726
rail 0.2669 5 411 799 820
rail 0.1483 713 417 856 468
rail 0.0588 1113 339 1155 513
rail 0.0500 748 411 900 451
rail 0.0497 698 428 817 473
rail 0.0414 738 419 820 458
rail 0.0393 1291 485 1884 608
rail 0.0313 1294 482 1917 899
rail 0.0214 723 413 923 479
rail 0.0173 600 428 813 495
rail 0.0171 1111 407 1349 486
rail 0.0146 1099 380 1193 486
rail 0.0130 756 410 850 440
rail 0.0105 1111 403 1260 468
rail 0.0095 1471 542 1912 773
rail 0.0083 634 454 732 497
rail 0.0083 1057 393 1135 465
rail 0.0068 793 410 957 457
rail 0.0058 745 398 811 449
rail 0.0057 692 418 871 503
rail 0.0055 1584 507 1918 651
rail 0.0053 697 456 750 492
rail 0.0052 153 435 852 658
rail 0.0046 901 378 958 481
rail 0.0046 1176 400 1391 506
rail 0.0046 803 412 886 447
rail 0.0045 796 401 852 440
rail 0.0044 687 444 818 484
rail 0.0041 661 391 769 489
rail 0.0040 551 442 775 511
rail 0.0037 783 405 903 439
rail 0.0035 918 403 1001 458
rail 0.0035 701 429 764 492
rail 0.0035 608 471 715 507
rail 0.0034 5 513 545 806
rail 0.0033 673 333 838 538
rail 0.0033 630 400 895 530
rail 0.0033 1076 394 1271 506
rail 0.0032 711 345 783 481
rail 0.0031 690 436 739 496
rail 0.0031 893 420 985 469
rail 0.0030 1258 425 1857 577
rail 0.0029 666 433 842 536
rail 0.0029 1123 393 1173 471
rail 0.0025 1750 540 1922 651
rail 0.0025 1062 387 1122 437
rail 0.0025 1163 413 1289 466
rail 0.0025 787 408 969 499
rail 0.0022 933 409 989 448
rail 0.0022 1756 563 1924 766
rail 0.0020 1170 416 1251 455
rail 0.0019 1038 401 1096 425
rail 0.0018 1276 389 1364 508
rail 0.0018 1049 405 1155 493
rail 0.0018 811 399 875 437
rail 0.0018 1584 560 1922 980
rail 0.0017 1254 393 1328 476
rail 0.0017 407 424 849 566
rail 0.0016 1162 424 1644 608
rail 0.0014 1035 403 1104 442
rail 0.0013 841 414 910 446
rail 0.0013 1840 560 1920 653
rail 0.0013 1157 438 1356 505
rail 0.0013 1138 419 1239 478
rail 0.0012 751 451 858 490
rail 0.0012 503 455 789 547
rail 0.0011 1174 429 1289 484
rail 0.0011 934 385 1001 436
rail 0.0011 1074 413 1127 479
rail 0.0010 1000 416 1160 528
rail 0.0010 1230 415 1585 534
rail 0.0010 875 404 989 485
switch-indicator 0.0211 1489 485 1525 518
switch-indicator 0.0122 1865 484 1901 545
switch-indicator 0.0030 1479 475 1540 529
switch-indicator 0.0020 1868 480 1890 522
switch-indicator 0.0017 1873 494 1922 555
switch-indicator 0.0014 1617 517 1799 580
switch-indicator 0.0013 1841 488 1912 548
switch-indicator 0.0012 1856 492 1917 587
switch-unknown 0.0143 728 433 790 471
switch-unknown 0.0062 646 457 722 498
switch-unknown 0.0030 696 439 734 494
switch-unknown 0.0029 662 455 712 482
switch-unknown 0.0029 621 474 701 505
switch-unknown 0.0024 1038 394 1095 424
switch-unknown 0.0021 1149 414 1221 453
switch-unknown 0.0020 1177 433 1249 472
switch-unknown 0.0016 1130 424 1189 470
switch-unknown 0.0015 1200 440 1264 475
switch-unknown 0.0014 912 424 972 467
switch-unknown 0.0011 1042 403 1095 435
switch-unknown 0.0010 879 429 935 469
switch-static 0.1560 1757 576 1835 610
switch-static 0.0545 1489 486 1533 521
switch-static 0.0247 680 490 737 514
switch-static 0.0231 1740 566 1866 612
switch-static 0.0231 1671 549 1789 589
switch-static 0.0209 1647 543 1843 597
switch-static 0.0170 1601 530 1819 587
switch-static 0.0143 645 486 725 518
switch-static 0.0137 1744 575 1813 603
switch-static 0.0129 1715 567 1818 600
switch-static 0.0127 601 492 680 518
switch-static 0.0111 689 456 739 498
switch-static 0.0110 716 615 758 645
switch-static 0.0106 1628 532 1707 563
switch-static 0.0100 1638 530 1749 568
switch-static 0.0092 939 482 985 506
switch-static 0.0077 1476 475 1547 528
switch-static 0.0071 1763 580 1886 620
switch-static 0.0065 586 505 671 528
switch-static 0.0052 622 502 695 525
switch-static 0.0046 558 475 588 498
switch-static 0.0039 641 504 726 530
switch-static 0.0035 1646 530 1727 556
switch-static 0.0032 785 422 860 471
switch-static 0.0031 1768 587 1844 623
switch-static 0.0025 725 449 782 481
switch-static 0.0022 600 475 678 506
switch-static 0.0022 1640 540 1761 582
switch-static 0.0022 570 522 645 548
switch-static 0.0020 240 605 313 630
switch-static 0.0020 921 510 979 541
switch-static 0.0020 1750 551 1917 619
switch-static 0.0020 1208 461 1257 483
switch-static 0.0019 1666 519 1768 560
switch-static 0.0017 770 456 837 483
switch-static 0.0017 583 471 643 502
switch-static 0.0017 874 485 927 514
switch-static 0.0017 1159 432 1216 464
switch-static 0.0015 534 520 637 553
switch-static 0.0015 1581 530 1698 558
switch-static 0.0014 1881 527 1921 569
switch-static 0.0013 743 452 812 481
switch-static 0.0012 1642 508 1859 581
switch-static 0.0012 1664 561 1815 608
switch-static 0.0012 1889 578 1920 625
switch-static 0.0011 1486 486 1574 523
switch-static 0.0011 888 484 953 522
switch-static 0.0011 810 428 885 477
switch-static 0.0011 1886 544 1921 609
switch-static 0.0010 1793 572 1918 637
track-sign-front 0.0102 270 480 285 528
track-sign-front 0.0048 904 386 931 476
track-sign-front 0.0036 1278 373 1310 455
track-sign-front 0.0034 1279 417 1302 447
track-sign-front 0.0023 1248 386 1266 416
track-sign-front 0.0017 511 401 522 417
track-sign-front 0.0015 512 401 529 421
track-sign-front 0.0010 511 393 523 413
track-signal-front 0.0325 409 278 434 333
track-signal-front 0.0289 253 261 324 320
track-signal-front 0.0166 273 189 319 266
track-signal-front 0.0014 265 157 331 271
track-signal-back 0.8153 710 214 753 278
track-signal-back 0.8067 913 219 942 275
track-signal-back 0.8035 1320 293 1358 343
track-signal-back 0.8015 710 283 748 324
track-signal-back 0.7931 912 284 942 326
track-signal-back 0.7780 1127 223 1158 282
track-signal-back 0.7684 1321 223 1362 284
track-signal-back 0.7339 1125 290 1155 334
track-signal-back 0.6470 819 311 839 339
track-signal-back 0.2208 818 326 840 357
track-signal-back 0.0739 911 264 940 354
track-signal-back 0.0485 709 230 754 307
track-signal-back 0.0221 711 254 747 416
track-signal-back 0.0219 820 328 842 377
track-signal-back 0.0196 706 269 757 339
track-signal-back 0.0192 818 296 839 322
track-signal-back 0.0147 758 336 775 381
track-signal-back 0.0147 710 313 747 351
track-signal-back 0.0117 910 220 942 439
track-signal-back 0.0112 993 369 1014 396
track-signal-back 0.0090 1317 213 1366 333
track-signal-back 0.0087 1081 334 1104 416
track-signal-back 0.0086 272 185 318 262
track-signal-back 0.0085 915 315 942 408
track-signal-back 0.0068 715 307 742 413
track-signal-back 0.0066 1129 276 1157 322
track-signal-back 0.0047 911 194 940 220
track-signal-back 0.0047 1127 264 1157 386
track-signal-back 0.0045 1323 265 1362 329
track-signal-back 0.0045 910 303 942 347
track-signal-back 0.0040 903 210 954 280
track-signal-back 0.0038 1311 189 1367 473
track-signal-back 0.0038 1110 214 1173 286
track-signal-back 0.0036 913 316 944 359
track-signal-back 0.0035 741 316 775 404
track-signal-back 0.0034 921 217 957 271
track-signal-back 0.0032 1331 290 1395 340
track-signal-back 0.0030 806 288 842 375
track-signal-back 0.0028 898 189 957 506
track-signal-back 0.0025 754 325 782 375
track-signal-back 0.0024 914 170 949 257
track-signal-back 0.0024 699 167 753 484
track-signal-back 0.0024 1323 320 1352 414
track-signal-back 0.0023 789 323 839 394
track-signal-back 0.0021 815 317 848 395
track-signal-back 0.0021 1319 213 1359 256
track-signal-back 0.0020 1117 283 1165 343
track-signal-back 0.0019 716 168 756 261
track-signal-back 0.0016 914 202 945 235
track-signal-back 0.0015 901 158 953 367
track-signal-back 0.0015 1323 225 1394 288
track-signal-back 0.0013 714 191 748 226
track-signal-back 0.0013 722 312 774 383
track-signal-back 0.0012 1143 233 1199 287
track-signal-back 0.0010 907 301 931 426
track-signal-back 0.0010 1355 293 1397 359
track-signal-back 0.0010 898 202 930 481
person 0.0018 1864 476 1908 540
pole 0.4062 1329 326 1353 515
pole 0.3779 911 209 941 521
pole 0.3308 1128 217 1152 522
pole 0.2818 1322 237 1357 523
pole 0.2095 711 253 738 504
pole 0.1195 1118 329 1151 520
pole 0.0845 709 321 729 498
pole 0.0819 910 334 932 503
pole 0.0581 1293 257 1317 519
pole 0.0337 706 386 767 494
pole 0.0311 736 232 770 493
pole 0.0309 1102 235 1151 530
pole 0.0288 1297 309 1330 505
pole 0.0244 722 247 762 512
pole 0.0189 1125 341 1147 487
pole 0.0163 702 218 752 507
pole 0.0159 816 316 843 442
pole 0.0146 1332 395 1356 535
pole 0.0130 1339 342 1384 513
pole 0.0126 1287 350 1349 509
pole 0.0123 1357 233 1390 537
pole 0.0117 1101 371 1154 492
pole 0.0117 1307 366 1364 519
pole 0.0111 906 359 953 495
pole 0.0088 714 317 736 461
pole 0.0069 715 325 780 495
pole 0.0065 1078 338 1112 427
pole 0.0059 1295 325 1314 462
pole 0.0044 755 294 775 426
pole 0.0036 1375 275 1397 495
pole 0.0036 914 332 942 441
pole 0.0035 1127 352 1163 467
pole 0.0035 1094 359 1192 500
pole 0.0031 909 416 933 471
pole 0.0030 1248 377 1262 418
pole 0.0029 1129 300 1150 442
pole 0.0027 1097 320 1153 452
pole 0.0026 670 339 761 523
pole 0.0025 749 284 787 491
pole 0.0025 895 293 958 505
pole 0.0022 1282 334 1308 498
pole 0.0022 1061 372 1120 439
pole 0.0020 787 321 832 450
pole 0.0019 1122 268 1163 499
pole 0.0018 904 273 934 493
pole 0.0017 728 251 844 528
pole 0.0016 724 316 768 454
pole 0.0014 1087 273 1137 486
pole 0.0013 1109 140 1170 534
pole 0.0012 1378 331 1397 440
pole 0.0010 936 373 1000 438
pole 0.0010 1335 272 1407 505
pole 0.0010 1314 390 1413 506
rail-occluder 0.0449 1490 486 1532 522
rail-occluder 0.0140 705 458 739 493
rail-occluder 0.0030 708 431 750 491
rail-occluder 0.0013 1851 485 1897 552
rail-occluder 0.0011 1329 472 1347 518
