crossing 0.5564 1150 639 1316 732
crossing 0.3408 1411 621 1543 724
crossing 0.2222 1426 712 1577 777
crossing 0.1640 1428 599 1612 727
crossing 0.0300 1180 606 1328 689
crossing 0.0295 1338 596 1534 724
crossing 0.0203 1281 586 1476 731
crossing 0.0152 1167 579 1347 735
crossing 0.0144 1416 677 1555 742
crossing 0.0131 1264 578 1340 608
crossing 0.0111 1243 580 1332 625
crossing 0.0091 1176 662 1285 738
crossing 0.0085 1221 596 1337 657
crossing 0.0068 1144 653 1243 738
crossing 0.0042 1265 562 1311 598
crossing 0.0040 1079 606 1335 877
crossing 0.0032 1439 703 1551 757
crossing 0.0028 1295 560 1359 594
crossing 0.0021 1332 592 1432 718
crossing 0.0018 1222 598 1369 698
crossing 0.0018 1000 509 1398 904
crossing 0.0017 1285 585 1429 675
crossing 0.0017 1457 654 1560 729
crossing 0.0016 1325 556 1381 590
crossing 0.0014 1284 576 1359 614
crossing 0.0011 1346 636 1459 732
crossing 0.0010 1397 589 1462 719
guard-rail 0.3494 1503 941 1528 1063
guard-rail 0.0547 1510 940 1542 1068
guard-rail 0.0399 1490 925 1522 1070
guard-rail 0.0157 1482 915 1508 1055
guard-rail 0.0099 1539 738 1577 789
guard-rail 0.0084 1481 871 1519 1031
guard-rail 0.0078 1490 928 1551 1076
guard-rail 0.0060 1480 731 1585 795
guard-rail 0.0054 1846 932 1921 993
guard-rail 0.0030 1880 938 1920 990
guard-rail 0.0028 1471 850 1529 1067
guard-rail 0.0027 1534 719 1590 778
guard-rail 0.0024 1767 957 1922 1072
guard-rail 0.0020 1507 963 1563 1076
guard-rail 0.0020 1876 944 1919 1022
guard-rail 0.0018 1852 958 1921 1056
guard-rail 0.0015 1886 954 1920 1053
guard-rail 0.0014 1495 858 1564 1056
guard-rail 0.0011 1457 772 1550 1058
guard-rail 0.0011 1606 908 1718 982
guard-rail 0.0010 1478 864 1506 922
train-car 0.0052 1429 499 1464 561
train-car 0.0016 1416 497 1485 569
train-car 0.0014 1442 507 1491 571
platform 0.6940 1465 578 1701 710
platform 0.0937 1409 593 1541 722
platform 0.0418 1521 539 1732 691
platform 0.0122 1504 593 1873 721
platform 0.0059 987 577 1271 669
platform 0.0047 1353 488 1840 879
platform 0.0017 1630 617 1843 737
rail 0.9330 989 564 1358 1075
rail 0.7902 1433 595 1922 1077
rail 0.0261 1498 734 1806 1069
rail 0.0230 1404 636 1717 944
rail 0.0178 1314 541 1737 1066
rail 0.0067 1734 994 1888 1075
rail 0.0023 1585 770 1911 1072
rail 0.0019 1758 1014 1861 1079
rail 0.0019 1374 604 1591 988
rail 0.0018 1723 981 1815 1073
rail 0.0016 1764 947 1915 1071
rail 0.0012 1685 958 1844 1068
switch-indicator 0.0012 1680 627 1795 753
switch-left 0.1836 1434 724 1596 801
switch-left 0.0013 1446 749 1642 867
switch-right 0.3056 1431 721 1597 796
switch-static 0.0044 1572 712 1615 735
switch-static 0.0026 1579 713 1655 739
switch-static 0.0024 1564 716 1620 747
switch-static 0.0023 1607 720 1677 746
track-sign-front 0.0748 979 598 998 631
track-sign-front 0.0279 1159 511 1173 533
track-sign-front 0.0089 970 597 1003 638
track-sign-front 0.0059 1321 488 1340 517
track-sign-front 0.0038 1286 487 1318 522
track-sign-front 0.0037 1011 500 1031 545
track-sign-front 0.0036 861 131 947 322
track-sign-front 0.0034 1160 514 1174 560
track-sign-front 0.0029 1273 503 1300 574
track-sign-front 0.0024 1272 528 1295 571
track-sign-front 0.0023 1342 719 1354 741
track-sign-front 0.0021 1368 488 1386 517
track-sign-front 0.0021 1430 490 1461 540
track-sign-front 0.0019 1010 518 1031 564
track-sign-front 0.0017 981 596 1021 636
track-sign-front 0.0016 1698 454 1722 486
track-sign-front 0.0015 1403 477 1451 539
track-sign-front 0.0013 1319 488 1345 548
track-sign-front 0.0012 1326 482 1370 525
track-sign-front 0.0011 1413 493 1464 553
track-sign-front 0.0011 1460 452 1479 482
track-sign-front 0.0011 943 601 971 652
track-sign-front 0.0010 1388 481 1425 525
track-sign-front 0.0010 1683 455 1716 493
track-signal-front 0.0182 1238 416 1254 455
track-signal-front 0.0078 1243 422 1256 466
track-signal-front 0.0047 1010 480 1034 544
track-signal-front 0.0046 1286 486 1306 521
track-signal-front 0.0033 1166 373 1207 409
track-signal-front 0.0029 966 384 1000 515
track-signal-front 0.0026 1016 500 1036 544
track-signal-front 0.0025 1368 481 1386 511
track-signal-front 0.0020 1019 471 1042 537
track-signal-front 0.0020 1288 478 1314 516
track-signal-front 0.0016 1695 456 1720 490
track-signal-front 0.0016 1024 426 1046 521
track-signal-front 0.0015 1229 400 1254 447
track-signal-front 0.0015 971 421 1007 526
track-signal-front 0.0013 1271 466 1303 516
track-signal-front 0.0013 973 459 1014 541
track-signal-front 0.0012 959 458 988 550
track-signal-front 0.0011 962 430 995 522
track-signal-back 0.0835 1005 365 1038 472
track-signal-back 0.0707 979 357 1027 467
track-signal-back 0.0313 866 144 943 341
track-signal-back 0.0265 969 361 1000 452
track-signal-back 0.0191 1014 406 1041 477
track-signal-back 0.0078 967 369 1013 492
track-signal-back 0.0075 1022 422 1045 476
track-signal-back 0.0030 954 359 994 468
track-signal-back 0.0016 1006 423 1042 534
track-signal-back 0.0013 992 372 1046 497
person 0.6780 641 594 715 822
person 0.6652 1617 518 1665 653
person 0.2885 1550 518 1584 627
person 0.1098 1574 522 1609 625
person 0.0355 1590 548 1666 682
person 0.0229 1604 514 1645 624
person 0.0094 663 615 733 843
person 0.0065 1728 519 1758 635
person 0.0065 1725 551 1790 676
person 0.0064 1530 527 1661 640
person 0.0058 1632 528 1709 674
person 0.0056 1750 592 1784 667
person 0.0049 1569 526 1725 707
person 0.0045 1744 546 1781 660
person 0.0041 650 592 708 736
person 0.0039 1659 520 1693 637
person 0.0036 645 626 696 778
person 0.0034 1753 549 1807 664
person 0.0031 1432 511 1475 580
person 0.0031 1637 518 1672 612
person 0.0029 1735 527 1771 629
person 0.0028 1680 612 1798 697
person 0.0028 1579 506 1633 593
person 0.0027 622 582 681 815
person 0.0023 1698 520 1740 639
person 0.0019 1448 515 1489 579
person 0.0017 1584 505 1610 589
person 0.0016 578 597 753 868
person 0.0016 1764 525 1811 637
person 0.0015 1737 604 1792 684
person 0.0014 1503 505 1576 610
person 0.0013 1286 486 1318 524
person 0.0011 1609 488 1675 621
person 0.0011 1724 590 1774 664
person 0.0011 1644 595 1832 745
person 0.0011 1623 557 1674 674
person 0.0010 1624 512 1654 583
person 0.0010 649 656 705 862
rail-occluder 0.0012 1271 526 1295 570
