guard-rail 0.6979 733 751 856 1038
guard-rail 0.0385 1088 615 1449 1077
guard-rail 0.0353 1221 788 1418 1068
guard-rail 0.0218 595 645 1031 1109
guard-rail 0.0113 1055 1001 1071 1076
guard-rail 0.0099 1060 483 1086 524
guard-rail 0.0082 1155 581 1199 638
guard-rail 0.0042 1091 468 1136 546
guard-rail 0.0039 1047 885 1077 997
guard-rail 0.0033 704 761 928 1076
guard-rail 0.0031 1046 996 1068 1073
guard-rail 0.0030 1097 495 1138 553
guard-rail 0.0029 1283 857 1429 1078
guard-rail 0.0021 1081 437 1133 524
guard-rail 0.0020 1103 515 1139 563
guard-rail 0.0016 1034 862 1073 1016
guard-rail 0.0015 1136 565 1205 647
guard-rail 0.0015 1149 728 1315 923
guard-rail 0.0011 760 796 846 947
guard-rail 0.0011 1110 518 1219 638
guard-rail 0.0011 992 515 1067 568
guard-rail 0.0011 1066 841 1419 1073
guard-rail 0.0010 757 740 914 957
guard-rail 0.0010 1060 997 1087 1071
rail 0.9517 1074 429 1877 1075
rail 0.8884 648 435 1081 1082
rail 0.8797 973 509 1442 1069
rail 0.0080 1212 743 1434 1058
rail 0.0073 696 735 1039 1073
rail 0.0030 1070 433 1114 475
rail 0.0018 1057 429 1125 521
rail 0.0016 1067 661 1634 1079
rail 0.0016 1079 434 1137 532
rail 0.0015 637 584 924 1042
rail 0.0014 1052 473 1085 523
rail 0.0012 1037 427 1101 456
rail 0.0011 1197 525 1500 1067
switch-indicator 0.0465 1057 491 1074 520
switch-indicator 0.0306 888 495 920 531
switch-indicator 0.0129 836 520 857 551
switch-indicator 0.0128 1057 474 1079 521
switch-indicator 0.0052 1049 491 1076 531
switch-indicator 0.0047 848 506 897 550
switch-indicator 0.0029 880 490 902 536
switch-indicator 0.0029 874 486 927 542
switch-left 0.2276 960 505 1047 559
switch-left 0.0069 956 523 1048 591
switch-left 0.0016 949 483 1064 595
switch-left 0.0011 968 507 1087 613
switch-right 0.3207 957 509 1049 555
switch-right 0.0526 971 505 1045 540
switch-right 0.0075 956 524 1048 590
switch-unknown 0.0118 1072 432 1107 457
switch-unknown 0.0051 1041 425 1093 453
switch-unknown 0.0026 1052 430 1102 468
switch-unknown 0.0018 1030 425 1063 446
switch-unknown 0.0016 1075 433 1115 515
switch-unknown 0.0016 1028 429 1065 458
switch-static 0.0335 934 494 976 521
switch-static 0.0300 894 497 927 527
switch-static 0.0030 1780 772 1902 830
switch-static 0.0027 1044 492 1080 531
switch-static 0.0011 448 724 580 796
track-sign-front 0.0200 836 519 855 546
track-sign-front 0.0056 958 429 977 452
track-sign-front 0.0029 1806 433 1844 468
track-sign-front 0.0020 1804 429 1830 461
track-sign-front 0.0016 955 435 973 458
track-sign-front 0.0011 886 477 910 520
