train-car 0.0018 1116 411 1202 435
train-car 0.0015 1156 404 1223 439
train-car 0.0011 1182 388 1244 442
train-car 0.0010 1129 396 1192 442
platform 0.1671 1075 417 1174 445
platform 0.0191 1064 421 1171 463
platform 0.0041 1082 414 1206 455
platform 0.0037 1180 409 1231 449
platform 0.0022 1215 409 1266 459
platform 0.0016 1217 432 1269 464
rail 0.9422 697 436 1169 1076
rail 0.9378 1146 433 1913 1076
rail 0.8168 1135 434 1468 1074
rail 0.5791 1074 427 1176 1075
rail 0.4576 1231 460 1909 789
rail 0.3985 1838 539 1921 617
rail 0.3656 1837 584 1920 672
rail 0.2708 1839 616 1917 725
rail 0.2435 1319 443 1401 505
rail 0.2102 1822 564 1922 641
rail 0.2047 1823 522 1922 592
rail 0.1367 1844 518 1922 567
rail 0.0951 1796 547 1919 675
rail 0.0683 1859 604 1920 697
rail 0.0619 1269 445 1346 508
rail 0.0587 1800 585 1918 756
rail 0.0390 1837 636 1919 793
rail 0.0321 1072 417 1167 459
rail 0.0319 1777 548 1851 608
rail 0.0295 1792 546 1841 594
rail 0.0265 1867 632 1919 755
rail 0.0247 1848 499 1918 545
rail 0.0196 1318 434 1393 468
rail 0.0187 1275 440 1389 490
rail 0.0164 1326 457 1405 528
rail 0.0126 1055 440 1149 486
rail 0.0119 1245 425 1356 526
rail 0.0118 1772 528 1874 596
rail 0.0099 1056 452 1124 498
rail 0.0097 1263 445 1398 541
rail 0.0097 1761 524 1868 663
rail 0.0087 1727 506 1936 572
rail 0.0082 1309 458 1403 578
rail 0.0080 1351 508 1926 701
rail 0.0076 1815 487 1916 615
rail 0.0067 1882 485 1920 547
rail 0.0065 1803 493 1928 541
rail 0.0058 1234 160 1849 778
rail 0.0057 1112 422 1200 450
rail 0.0048 1740 567 1894 727
rail 0.0047 1755 600 1923 888
rail 0.0046 1155 412 1214 451
rail 0.0043 1223 370 1855 672
rail 0.0042 1268 428 1392 464
rail 0.0041 1332 438 1443 480
rail 0.0039 1126 430 1192 467
rail 0.0034 1875 656 1920 819
rail 0.0030 1153 429 1202 464
rail 0.0028 1060 464 1107 525
rail 0.0025 1844 640 1921 944
rail 0.0024 1343 449 1427 504
rail 0.0022 1307 391 1441 570
rail 0.0021 1277 430 1327 474
rail 0.0021 1096 425 1205 491
rail 0.0021 1792 589 1878 645
rail 0.0020 1734 477 1932 546
rail 0.0018 1321 386 1402 533
rail 0.0018 934 452 1144 1058
rail 0.0017 1182 427 1301 511
rail 0.0017 1204 604 1545 1076
rail 0.0016 1784 495 1882 580
rail 0.0015 1210 458 1391 597
rail 0.0014 1066 445 1167 563
rail 0.0014 1301 452 1469 546
rail 0.0013 1029 446 1119 488
rail 0.0012 1065 447 1126 533
rail 0.0012 1794 594 1880 692
rail 0.0012 1036 416 1185 534
rail 0.0011 1189 394 1447 612
rail 0.0011 1084 423 1159 805
rail 0.0010 1789 434 1925 684
rail 0.0010 1104 614 1165 1067
rail 0.0010 1850 443 1922 548
rail 0.0010 1099 440 1173 497
switch-unknown 0.0044 1131 430 1193 467
switch-unknown 0.0025 1055 462 1107 497
switch-static 0.0044 1202 542 1238 571
switch-static 0.0022 1190 540 1244 582
track-sign-front 0.2558 1786 544 1835 595
track-sign-front 0.2077 689 578 726 622
track-sign-front 0.0102 1777 546 1847 621
track-sign-front 0.0074 1797 526 1850 595
track-sign-front 0.0055 1900 430 1919 500
track-sign-front 0.0051 1219 433 1263 463
track-sign-front 0.0035 1215 398 1266 469
track-sign-front 0.0025 1790 506 1841 577
track-sign-front 0.0023 699 583 729 659
track-sign-front 0.0023 1200 542 1245 575
track-sign-front 0.0023 707 615 729 672
track-sign-front 0.0011 1870 438 1921 526
track-signal-front 0.0039 1274 355 1291 380
track-signal-front 0.0010 1170 362 1200 418
pole 0.0227 1334 94 1750 743
pole 0.0053 1232 327 1849 714
pole 0.0044 1744 102 1868 749
pole 0.0030 1708 342 1929 722
pole 0.0028 1213 369 1262 451
pole 0.0027 1193 371 1232 452
pole 0.0020 1646 129 1852 795
pole 0.0018 1785 219 1896 719
pole 0.0011 1389 324 1418 492
pole 0.0010 1157 389 1220 450
rail-occluder 0.4816 1373 124 1883 751
rail-occluder 0.4302 1268 442 1323 507
rail-occluder 0.0210 1216 432 1311 487
rail-occluder 0.0194 1247 427 1335 531
rail-occluder 0.0150 1277 436 1391 493
rail-occluder 0.0076 1789 528 1858 595
rail-occluder 0.0058 1262 445 1401 541
rail-occluder 0.0037 1277 422 1331 479
rail-occluder 0.0030 1179 403 1230 454
rail-occluder 0.0029 1242 408 1330 490
rail-occluder 0.0026 1222 397 1285 477
rail-occluder 0.0020 1451 261 1757 721
rail-occluder 0.0020 1219 431 1267 465
rail-occluder 0.0019 1227 385 1266 439
rail-occluder 0.0019 1793 566 1873 632
rail-occluder 0.0016 1805 500 1863 568
rail-occluder 0.0016 1200 540 1246 577
rail-occluder 0.0015 1387 130 1675 644
rail-occluder 0.0013 1314 474 1402 613
rail-occluder 0.0010 1291 481 1377 555
rail-occluder 0.0010 1288 410 1375 471
