guard-rail 0.3714 1488 841 1864 1037
guard-rail 0.1093 1487 836 1752 977
guard-rail 0.0172 995 598 1044 624
guard-rail 0.0134 1676 833 1922 963
guard-rail 0.0129 1665 860 1922 1049
guard-rail 0.0097 1064 626 1123 654
guard-rail 0.0096 1010 601 1060 631
guard-rail 0.0084 1474 827 1675 926
guard-rail 0.0084 1761 813 1918 904
guard-rail 0.0078 1049 625 1098 649
guard-rail 0.0076 1094 619 1137 654
guard-rail 0.0073 1761 871 1922 1016
guard-rail 0.0054 1042 612 1094 644
guard-rail 0.0052 1786 841 1924 944
guard-rail 0.0041 398 648 540 695
guard-rail 0.0040 1442 798 1858 971
guard-rail 0.0031 1548 834 1826 940
guard-rail 0.0030 1673 669 1907 739
guard-rail 0.0025 122 698 369 778
guard-rail 0.0021 0 746 121 839
guard-rail 0.0021 1834 828 1919 900
guard-rail 0.0018 1610 824 1866 913
guard-rail 0.0018 382 640 461 684
guard-rail 0.0018 1081 647 1144 673
guard-rail 0.0015 991 617 1034 653
guard-rail 0.0015 1579 861 1750 967
guard-rail 0.0014 -1 737 82 799
guard-rail 0.0013 1729 691 1891 740
guard-rail 0.0013 -5 719 122 786
guard-rail 0.0013 668 624 740 654
guard-rail 0.0013 1020 622 1074 652
guard-rail 0.0013 376 666 508 709
guard-rail 0.0012 172 710 321 767
guard-rail 0.0012 1838 908 1920 1063
guard-rail 0.0011 354 659 442 695
guard-rail 0.0011 1751 913 1911 1058
guard-rail 0.0011 1733 863 1901 958
guard-rail 0.0011 1755 789 1914 872
guard-rail 0.0010 371 674 464 707
guard-rail 0.0010 1833 871 1919 952
guard-rail 0.0010 918 617 975 664
train-car 0.0055 -8 451 440 661
rail 0.9417 922 547 1314 1078
rail 0.8895 980 556 1915 1059
rail 0.8700 1 537 912 1079
rail 0.7482 2 544 858 789
rail 0.6983 1086 566 1910 732
rail 0.4721 868 562 989 614
rail 0.2397 1261 582 1922 688
rail 0.2001 922 579 987 616
rail 0.0888 234 638 367 702
rail 0.0830 23 586 698 703
rail 0.0732 839 556 893 582
rail 0.0706 3 613 550 782
rail 0.0617 843 557 948 590
rail 0.0457 0 695 347 825
rail 0.0419 545 558 858 644
rail 0.0340 6 618 454 716
rail 0.0302 1369 626 1921 750
rail 0.0265 812 547 831 581
rail 0.0260 819 553 885 576
rail 0.0245 418 593 736 671
rail 0.0224 1494 851 1918 1072
rail 0.0223 866 560 922 583
rail 0.0169 944 587 1008 618
rail 0.0168 291 553 892 703
rail 0.0156 1057 549 1175 602
rail 0.0141 1038 556 1229 632
rail 0.0120 1435 647 1922 817
rail 0.0118 843 539 1015 632
rail 0.0118 878 552 970 585
rail 0.0111 932 553 1300 797
rail 0.0109 1591 654 1919 746
rail 0.0097 653 553 891 628
rail 0.0093 5 758 232 863
rail 0.0092 15 496 834 659
rail 0.0087 695 551 849 596
rail 0.0085 801 548 846 582
rail 0.0085 793 550 924 599
rail 0.0081 1629 677 1923 823
rail 0.0071 616 598 752 642
rail 0.0071 920 547 975 590
rail 0.0070 -1 672 261 791
rail 0.0067 -1 719 164 808
rail 0.0064 583 559 838 611
rail 0.0054 774 550 862 586
rail 0.0054 948 565 1024 602
rail 0.0054 864 585 978 638
rail 0.0053 1685 688 1915 760
rail 0.0053 6 665 285 930
rail 0.0052 1053 583 1168 645
rail 0.0052 1217 605 1901 912
rail 0.0047 197 571 797 669
rail 0.0046 567 580 822 669
rail 0.0046 1104 557 1164 592
rail 0.0042 1071 547 1162 581
rail 0.0042 251 617 679 716
rail 0.0042 1610 641 1911 708
rail 0.0040 756 553 957 617
rail 0.0039 1039 570 1153 623
rail 0.0038 841 571 905 614
rail 0.0036 805 571 884 611
rail 0.0033 1019 551 1316 668
rail 0.0029 1239 544 1898 654
rail 0.0029 856 549 1789 854
rail 0.0028 400 563 730 751
rail 0.0028 0 687 500 877
rail 0.0027 1622 826 1908 953
rail 0.0027 1749 754 1921 888
rail 0.0027 0 507 496 727
rail 0.0027 974 571 1380 698
rail 0.0025 937 570 1105 636
rail 0.0025 1739 672 1925 731
rail 0.0024 1114 575 1743 670
rail 0.0024 -1 725 87 810
rail 0.0023 386 628 602 733
rail 0.0021 598 614 685 650
rail 0.0021 79 684 373 772
rail 0.0021 629 586 784 633
rail 0.0021 3 639 256 715
rail 0.0019 221 602 681 796
rail 0.0016 1138 445 1837 670
rail 0.0016 930 530 990 599
rail 0.0015 -2 764 87 859
rail 0.0015 539 542 900 740
rail 0.0014 586 522 844 626
rail 0.0014 1648 845 1924 1025
rail 0.0013 31 617 677 969
rail 0.0013 1196 605 1285 658
rail 0.0013 992 532 1199 642
rail 0.0013 1472 831 1681 1035
rail 0.0013 909 563 1032 1050
rail 0.0012 1138 610 1215 650
rail 0.0012 726 540 834 588
rail 0.0012 1017 555 1114 610
rail 0.0012 -23 559 370 708
rail 0.0012 884 580 1145 1080
rail 0.0011 445 641 571 692
rail 0.0011 844 539 1153 729
rail 0.0011 1423 610 1637 692
rail 0.0010 667 557 930 715
rail 0.0010 272 650 530 754
rail 0.0010 -18 623 197 829
rail 0.0010 0 684 165 768
rail 0.0010 1781 686 1931 754
rail 0.0010 1000 563 1082 606
switch-indicator 0.5933 719 707 761 832
switch-indicator 0.3024 1231 620 1257 650
switch-indicator 0.2990 554 617 583 657
switch-indicator 0.1408 1232 582 1273 609
switch-indicator 0.0831 1156 631 1174 648
switch-indicator 0.0651 812 549 827 579
switch-indicator 0.0565 1104 607 1123 636
switch-indicator 0.0258 726 700 759 730
switch-indicator 0.0215 591 648 624 666
switch-indicator 0.0187 588 637 632 668
switch-indicator 0.0145 532 614 609 668
switch-indicator 0.0116 1098 597 1124 632
switch-indicator 0.0114 1103 608 1153 653
switch-indicator 0.0081 555 642 617 679
switch-indicator 0.0062 1092 604 1122 644
switch-indicator 0.0058 1009 586 1046 616
switch-indicator 0.0052 998 579 1029 606
switch-indicator 0.0051 1125 560 1148 583
switch-indicator 0.0043 730 708 785 829
switch-indicator 0.0042 1074 581 1121 620
switch-indicator 0.0042 1145 625 1184 651
switch-indicator 0.0033 1152 619 1200 648
switch-indicator 0.0021 1018 563 1066 609
switch-indicator 0.0020 1043 574 1091 618
switch-indicator 0.0017 1188 618 1239 648
switch-indicator 0.0010 1106 574 1165 626
switch-indicator 0.0010 693 715 755 850
switch-left 0.1836 942 593 995 618
switch-left 0.0133 944 599 1010 631
switch-left 0.0023 321 671 463 712
switch-left 0.0016 369 665 514 709
switch-left 0.0013 368 641 475 688
switch-left 0.0012 941 613 1009 648
switch-left 0.0012 639 619 724 652
switch-right 0.2417 939 588 992 618
switch-right 0.0881 937 581 986 609
switch-right 0.0236 944 600 1010 630
switch-right 0.0023 418 644 559 694
switch-right 0.0022 296 673 447 715
switch-right 0.0011 941 612 1008 649
switch-right 0.0011 334 657 462 699
switch-right 0.0010 347 675 440 707
switch-unknown 0.2183 856 560 896 578
switch-unknown 0.1061 863 561 914 580
switch-unknown 0.0318 826 548 886 579
switch-unknown 0.0076 926 546 971 584
switch-unknown 0.0051 638 606 727 641
switch-unknown 0.0048 817 576 871 605
switch-unknown 0.0019 812 582 854 610
switch-unknown 0.0018 639 594 728 627
switch-unknown 0.0016 931 533 988 588
switch-static 0.2615 86 790 240 871
switch-static 0.0646 993 586 1040 613
switch-static 0.0471 943 587 1008 618
switch-static 0.0381 873 611 910 630
switch-static 0.0314 1 799 168 883
switch-static 0.0306 109 772 239 838
switch-static 0.0263 14 769 245 877
switch-static 0.0239 1000 582 1028 602
switch-static 0.0234 604 633 664 658
switch-static 0.0202 405 638 454 662
switch-static 0.0170 30 813 249 888
switch-static 0.0157 1120 628 1171 651
switch-static 0.0137 6 802 104 868
switch-static 0.0119 876 564 943 616
switch-static 0.0101 623 625 685 649
switch-static 0.0065 846 568 903 618
switch-static 0.0056 585 646 631 670
switch-static 0.0051 600 647 651 671
switch-static 0.0049 1145 628 1182 651
switch-static 0.0048 954 564 1024 606
switch-static 0.0046 888 593 949 633
switch-static 0.0046 2 821 145 913
switch-static 0.0042 992 600 1042 624
switch-static 0.0034 643 622 718 649
switch-static 0.0032 552 641 619 681
switch-static 0.0031 125 823 227 873
switch-static 0.0025 142 796 282 868
switch-static 0.0024 875 616 929 648
switch-static 0.0023 1099 605 1158 648
switch-static 0.0021 59 806 155 867
switch-static 0.0021 407 636 533 674
switch-static 0.0018 394 630 451 653
switch-static 0.0018 0 814 86 891
switch-static 0.0017 901 621 947 652
switch-static 0.0016 28 788 131 854
switch-static 0.0015 0 744 208 843
switch-static 0.0014 851 615 910 649
switch-static 0.0014 -8 816 217 940
switch-static 0.0012 837 603 886 630
switch-static 0.0011 77 725 356 856
track-sign-front 0.0630 727 702 756 727
track-sign-front 0.0401 1217 749 1232 772
track-sign-front 0.0188 467 531 480 553
track-sign-front 0.0145 469 466 482 517
track-sign-front 0.0133 1205 463 1217 588
track-sign-front 0.0079 466 552 482 611
track-sign-front 0.0068 467 505 480 557
track-sign-front 0.0057 1231 579 1270 604
track-sign-front 0.0045 650 548 661 567
track-sign-front 0.0043 468 451 484 537
track-sign-front 0.0037 1203 552 1216 601
track-sign-front 0.0030 1123 557 1148 580
track-sign-front 0.0022 276 629 319 661
track-sign-front 0.0019 1800 617 1813 656
track-sign-front 0.0019 466 483 481 579
track-sign-front 0.0016 1212 746 1241 773
track-sign-front 0.0010 1174 539 1213 582
track-signal-front 0.0102 468 467 482 514
track-signal-front 0.0058 467 425 484 558
track-signal-front 0.0035 849 501 875 555
track-signal-front 0.0029 831 492 874 562
track-signal-front 0.0018 851 485 881 544
track-signal-back 0.2557 1052 455 1065 490
track-signal-back 0.0091 913 490 929 513
track-signal-back 0.0037 1046 450 1071 490
track-signal-back 0.0016 887 480 930 528
pole 0.2485 1201 362 1219 601
pole 0.0818 1055 464 1067 596
pole 0.0598 735 455 746 582
pole 0.0505 1003 438 1014 573
pole 0.0404 763 434 780 574
pole 0.0401 739 438 768 580
pole 0.0396 733 449 758 584
pole 0.0368 990 429 1016 573
pole 0.0210 1794 343 1815 669
pole 0.0125 15 104 53 712
pole 0.0105 798 462 825 582
pole 0.0080 785 441 813 576
pole 0.0079 975 444 994 566
pole 0.0071 754 397 777 583
pole 0.0070 1203 414 1217 560
pole 0.0067 811 441 846 575
pole 0.0060 836 484 865 553
pole 0.0044 695 445 709 576
pole 0.0043 1047 432 1073 585
pole 0.0042 467 394 484 577
pole 0.0038 1042 491 1072 601
pole 0.0031 700 455 720 584
pole 0.0030 1204 442 1218 645
pole 0.0027 1024 420 1074 594
pole 0.0021 761 395 790 586
pole 0.0021 1199 467 1214 587
pole 0.0020 1190 365 1239 612
pole 0.0020 680 438 703 572
pole 0.0019 960 472 994 579
pole 0.0018 1332 434 1349 615
pole 0.0017 1060 477 1098 589
pole 0.0015 551 406 570 613
pole 0.0014 777 396 801 580
pole 0.0013 1338 465 1352 593
pole 0.0012 1790 360 1824 730
pole 0.0011 830 494 873 572
pole 0.0011 822 435 837 556
pole 0.0011 729 412 745 577
rail-occluder 0.6268 274 640 314 688
rail-occluder 0.4394 1233 584 1275 606
rail-occluder 0.3207 554 617 583 657
rail-occluder 0.1874 1231 594 1267 648
rail-occluder 0.0728 1282 589 1312 622
rail-occluder 0.0698 813 554 826 581
rail-occluder 0.0694 743 560 754 579
rail-occluder 0.0319 1230 584 1299 613
rail-occluder 0.0283 1228 586 1278 630
rail-occluder 0.0220 1597 669 1624 710
rail-occluder 0.0109 1454 637 1473 667
rail-occluder 0.0103 740 558 756 587
rail-occluder 0.0088 553 627 588 687
rail-occluder 0.0085 265 648 316 731
rail-occluder 0.0078 740 542 751 577
rail-occluder 0.0073 468 578 483 608
rail-occluder 0.0072 268 630 329 680
rail-occluder 0.0055 1244 585 1312 644
rail-occluder 0.0046 1579 661 1626 702
rail-occluder 0.0039 741 572 769 606
rail-occluder 0.0038 1457 640 1478 673
rail-occluder 0.0037 740 558 800 589
rail-occluder 0.0029 1048 546 1084 615
rail-occluder 0.0023 752 577 784 604
rail-occluder 0.0022 1061 554 1128 610
rail-occluder 0.0021 1196 622 1250 653
rail-occluder 0.0021 1133 558 1169 585
rail-occluder 0.0020 1200 575 1218 625
rail-occluder 0.0020 272 613 431 680
rail-occluder 0.0016 1558 642 1656 717
rail-occluder 0.0016 548 600 584 636
rail-occluder 0.0016 1595 680 1633 728
rail-occluder 0.0015 1275 575 1321 617
rail-occluder 0.0015 1207 538 1300 702
rail-occluder 0.0015 1270 582 1316 636
rail-occluder 0.0014 1210 557 1270 627
rail-occluder 0.0014 603 615 681 651
rail-occluder 0.0013 1193 568 1297 619
rail-occluder 0.0013 1546 649 1590 689
rail-occluder 0.0013 467 578 493 615
rail-occluder 0.0012 1438 635 1490 669
rail-occluder 0.0012 723 569 784 613
rail-occluder 0.0010 642 549 672 586
rail-occluder 0.0010 1546 624 1660 688
