guard-rail 0.0867 870 649 1102 1050
guard-rail 0.0791 909 782 1029 997
guard-rail 0.0421 954 645 1086 683
guard-rail 0.0392 921 668 1021 705
guard-rail 0.0390 999 650 1072 676
guard-rail 0.0364 943 795 1021 942
guard-rail 0.0336 920 596 994 629
guard-rail 0.0325 929 652 1052 697
guard-rail 0.0313 963 632 1077 673
guard-rail 0.0291 1045 607 1097 635
guard-rail 0.0265 793 661 866 693
guard-rail 0.0236 954 631 1042 661
guard-rail 0.0215 949 593 1033 635
guard-rail 0.0211 807 655 891 685
guard-rail 0.0155 1 895 344 1077
guard-rail 0.0148 857 655 948 691
guard-rail 0.0142 818 641 887 675
guard-rail 0.0139 973 610 1053 651
guard-rail 0.0136 895 672 1009 717
guard-rail 0.0132 1153 730 1178 1043
guard-rail 0.0114 833 634 914 668
guard-rail 0.0088 1061 582 1124 624
guard-rail 0.0082 923 626 1015 668
guard-rail 0.0077 1180 599 1240 638
guard-rail 0.0076 925 627 1104 692
guard-rail 0.0075 1088 574 1147 610
guard-rail 0.0075 857 628 956 664
guard-rail 0.0072 802 644 858 677
guard-rail 0.0069 1026 626 1090 663
guard-rail 0.0066 831 666 917 707
guard-rail 0.0063 1083 604 1139 640
guard-rail 0.0061 1131 586 1227 632
guard-rail 0.0061 1010 610 1079 640
guard-rail 0.0059 879 668 963 716
guard-rail 0.0051 764 664 858 701
guard-rail 0.0048 1067 620 1117 653
guard-rail 0.0045 777 655 903 711
guard-rail 0.0040 1133 716 1173 1064
guard-rail 0.0037 848 627 909 656
guard-rail 0.0036 -15 940 236 1071
guard-rail 0.0035 901 647 1002 696
guard-rail 0.0035 1104 600 1177 641
guard-rail 0.0031 -6 822 447 1016
guard-rail 0.0031 819 720 932 776
guard-rail 0.0030 977 665 1047 697
guard-rail 0.0029 925 636 1130 733
guard-rail 0.0029 836 684 917 742
guard-rail 0.0028 1163 728 1187 1046
guard-rail 0.0028 709 645 818 709
guard-rail 0.0027 980 605 1109 644
guard-rail 0.0027 885 837 1001 1023
guard-rail 0.0026 348 831 657 1063
guard-rail 0.0025 1203 602 1250 635
guard-rail 0.0025 1004 574 1069 622
guard-rail 0.0025 887 685 993 725
guard-rail 0.0023 776 683 872 739
guard-rail 0.0023 836 854 1083 1048
guard-rail 0.0022 563 774 754 849
guard-rail 0.0021 1198 613 1227 661
guard-rail 0.0021 662 722 801 778
guard-rail 0.0021 761 708 890 775
guard-rail 0.0020 464 748 729 867
guard-rail 0.0018 777 733 919 793
guard-rail 0.0017 589 762 734 822
guard-rail 0.0016 1085 617 1139 654
guard-rail 0.0016 831 738 919 782
guard-rail 0.0015 736 670 825 709
guard-rail 0.0014 840 609 973 669
guard-rail 0.0014 123 882 398 1032
guard-rail 0.0013 380 762 635 877
guard-rail 0.0013 925 785 1087 946
guard-rail 0.0013 916 824 995 955
guard-rail 0.0013 927 685 1007 721
guard-rail 0.0012 770 755 868 822
guard-rail 0.0012 560 736 821 872
guard-rail 0.0012 187 830 439 1001
guard-rail 0.0012 571 743 747 806
guard-rail 0.0012 705 709 853 770
guard-rail 0.0011 1100 656 1204 702
guard-rail 0.0011 691 691 822 747
guard-rail 0.0011 1153 701 1184 782
guard-rail 0.0011 542 798 729 868
guard-rail 0.0010 613 733 805 802
guard-rail 0.0010 12 860 315 985
guard-rail 0.0010 1211 613 1246 656
guard-rail 0.0010 315 768 593 951
guard-rail 0.0010 902 599 960 633
guard-rail 0.0010 473 760 696 828
guard-rail 0.0010 687 742 780 787
train-car 0.0163 1077 482 1116 523
platform 0.1215 1299 524 1914 688
platform 0.0489 1350 533 1933 623
platform 0.0092 1307 505 1731 567
platform 0.0049 1203 504 1816 635
platform 0.0029 1444 575 1925 734
platform 0.0029 1432 487 1607 577
platform 0.0029 1377 506 1574 560
platform 0.0029 1526 541 1917 665
platform 0.0020 1287 395 1755 679
platform 0.0012 1369 352 1915 729
platform 0.0011 1331 517 1580 590
platform 0.0010 1305 448 1635 631
rail 0.8789 838 537 1227 1077
rail 0.8079 15 548 1155 1071
rail 0.5693 1188 519 1923 832
rail 0.1665 -2 736 762 1076
rail 0.1508 924 564 1044 628
rail 0.1359 1192 529 1335 572
rail 0.1269 1261 543 1934 687
rail 0.0420 388 536 1209 916
rail 0.0418 -4 840 544 1077
rail 0.0378 917 592 1001 632
rail 0.0282 219 739 1124 1109
rail 0.0235 1159 540 1295 596
rail 0.0194 929 545 1226 635
rail 0.0191 876 544 1093 658
rail 0.0186 965 555 1060 618
rail 0.0181 1243 546 1914 1067
rail 0.0159 564 639 1108 855
rail 0.0152 1217 508 1688 719
rail 0.0140 1295 526 1435 682
rail 0.0136 631 547 1179 827
rail 0.0135 1192 529 1359 605
rail 0.0130 847 661 1096 1060
rail 0.0112 856 873 1201 1060
rail 0.0097 307 898 574 1072
rail 0.0091 -5 909 331 1075
rail 0.0087 1013 584 1132 638
rail 0.0085 1105 543 1251 630
rail 0.0085 296 694 890 1012
rail 0.0084 1290 507 1617 642
rail 0.0077 965 599 1121 646
rail 0.0074 894 616 1068 692
rail 0.0065 784 555 1097 768
rail 0.0063 1220 526 1299 561
rail 0.0063 1061 525 1277 1082
rail 0.0058 1147 517 1315 578
rail 0.0057 1273 506 1408 628
rail 0.0055 1136 537 1214 1082
rail 0.0054 462 682 921 922
rail 0.0050 601 878 858 1050
rail 0.0046 313 713 785 909
rail 0.0040 1180 530 1258 1080
rail 0.0040 301 868 781 1079
rail 0.0039 1333 557 1578 633
rail 0.0038 1118 631 1181 1063
rail 0.0037 810 650 1061 730
rail 0.0036 1265 534 1454 752
rail 0.0035 1080 553 1207 614
rail 0.0032 1093 563 1151 600
rail 0.0031 1054 585 1129 621
rail 0.0030 967 570 1102 631
rail 0.0027 1106 500 1350 655
rail 0.0026 996 546 1135 614
rail 0.0026 1308 536 1539 615
rail 0.0025 105 716 715 948
rail 0.0025 37 562 874 871
rail 0.0024 1517 580 1923 789
rail 0.0021 -2 947 175 1071
rail 0.0021 309 962 507 1079
rail 0.0021 1065 708 1216 1071
rail 0.0019 866 570 1167 734
rail 0.0019 1236 511 1606 975
rail 0.0018 1056 542 1260 668
rail 0.0017 1553 622 1930 922
rail 0.0017 744 696 924 805
rail 0.0017 1062 555 1132 602
rail 0.0016 389 898 677 1066
rail 0.0016 1246 515 1313 564
rail 0.0015 502 623 909 826
rail 0.0015 905 499 1249 704
rail 0.0014 1126 511 1408 1074
rail 0.0014 568 746 812 944
rail 0.0014 510 649 1052 1016
rail 0.0013 1043 495 1321 787
rail 0.0013 1296 391 1476 681
rail 0.0012 1023 534 1115 575
rail 0.0012 34 936 486 1088
rail 0.0012 565 762 794 860
rail 0.0012 1115 544 1176 585
rail 0.0012 1234 541 1318 597
rail 0.0011 360 915 522 1057
rail 0.0011 964 468 1251 636
rail 0.0011 1000 637 1238 882
rail 0.0011 954 603 1170 695
rail 0.0010 407 699 610 861
rail 0.0010 1381 569 1614 670
rail 0.0010 -6 676 525 975
rail 0.0010 1118 519 1245 584
switch-indicator 0.0181 463 644 566 708
switch-indicator 0.0122 1083 535 1112 562
switch-indicator 0.0068 1319 605 1349 700
switch-indicator 0.0060 334 695 376 785
switch-indicator 0.0038 468 652 520 723
switch-indicator 0.0030 1291 552 1384 718
switch-indicator 0.0030 1085 533 1122 573
switch-indicator 0.0019 632 586 659 671
switch-indicator 0.0016 670 639 782 708
switch-indicator 0.0015 1289 608 1340 697
switch-indicator 0.0013 303 693 397 791
switch-indicator 0.0010 732 619 783 655
switch-left 0.0851 860 879 1196 1050
switch-left 0.0540 1120 565 1233 624
switch-left 0.0385 916 595 1016 631
switch-left 0.0343 905 609 991 635
switch-left 0.0237 1109 590 1230 630
switch-left 0.0142 769 666 882 706
switch-left 0.0067 870 620 1005 687
switch-left 0.0066 1101 599 1233 650
switch-left 0.0063 824 666 925 709
switch-left 0.0058 1108 565 1251 665
switch-left 0.0056 1065 662 1202 711
switch-left 0.0049 868 966 1186 1053
switch-left 0.0047 1086 576 1149 608
switch-left 0.0046 1065 635 1207 695
switch-left 0.0036 814 661 959 723
switch-left 0.0030 742 685 872 744
switch-left 0.0015 725 669 838 714
switch-left 0.0011 859 855 1083 1015
switch-right 0.0868 1146 561 1231 591
switch-right 0.0508 1117 572 1229 619
switch-right 0.0404 900 607 995 636
switch-right 0.0353 870 621 984 660
switch-right 0.0205 1115 566 1176 591
switch-right 0.0168 768 666 882 706
switch-right 0.0149 850 654 951 693
switch-right 0.0092 1108 571 1180 608
switch-right 0.0089 832 638 967 698
switch-right 0.0083 913 631 1023 670
switch-right 0.0078 886 650 1010 697
switch-right 0.0075 823 665 925 709
switch-right 0.0069 761 648 1007 732
switch-right 0.0052 658 647 936 774
switch-right 0.0038 738 684 875 745
switch-right 0.0038 1056 661 1210 737
switch-right 0.0033 1205 565 1258 605
switch-right 0.0032 1088 574 1148 611
switch-right 0.0027 764 668 911 740
switch-right 0.0026 1079 605 1144 640
switch-right 0.0021 1075 656 1200 701
switch-right 0.0020 1098 604 1188 642
switch-right 0.0013 1028 697 1190 789
switch-right 0.0012 989 617 1231 903
switch-unknown 0.0700 1157 558 1240 588
switch-unknown 0.0527 1128 563 1211 592
switch-unknown 0.0409 1168 537 1241 576
switch-unknown 0.0362 1207 538 1257 572
switch-unknown 0.0346 1202 561 1254 591
switch-unknown 0.0180 1185 530 1233 557
switch-unknown 0.0174 977 557 1052 612
switch-unknown 0.0083 1110 568 1174 609
switch-unknown 0.0076 1201 529 1264 554
switch-unknown 0.0056 1137 543 1187 586
switch-unknown 0.0043 1001 556 1064 599
switch-unknown 0.0031 1165 532 1224 561
switch-unknown 0.0025 1142 527 1180 556
switch-unknown 0.0022 991 544 1052 581
switch-unknown 0.0017 1009 540 1073 575
switch-unknown 0.0010 1417 578 1495 613
switch-static 0.4900 619 917 857 1038
switch-static 0.0976 710 656 786 686
switch-static 0.0851 704 935 880 1030
switch-static 0.0607 603 967 780 1031
switch-static 0.0459 1251 764 1319 801
switch-static 0.0412 475 640 580 697
switch-static 0.0191 1095 565 1147 596
switch-static 0.0123 674 905 791 981
switch-static 0.0108 1231 571 1280 612
switch-static 0.0091 699 662 775 698
switch-static 0.0087 657 900 889 1001
switch-static 0.0085 768 666 852 697
switch-static 0.0066 710 649 817 705
switch-static 0.0064 661 641 836 720
switch-static 0.0063 1250 600 1307 625
switch-static 0.0059 1241 582 1306 619
switch-static 0.0050 667 955 835 1035
switch-static 0.0048 1227 593 1287 633
switch-static 0.0044 1218 551 1294 600
switch-static 0.0044 746 945 851 1022
switch-static 0.0038 1236 756 1312 814
switch-static 0.0034 1253 675 1314 705
switch-static 0.0032 1070 549 1125 602
switch-static 0.0032 1269 667 1338 703
switch-static 0.0032 1283 633 1342 701
switch-static 0.0032 734 631 797 672
switch-static 0.0032 380 879 934 1049
switch-static 0.0031 631 974 739 1027
switch-static 0.0029 659 941 765 1028
switch-static 0.0029 1083 536 1127 571
switch-static 0.0028 701 914 804 1017
switch-static 0.0024 514 637 584 682
switch-static 0.0022 1115 536 1177 586
switch-static 0.0019 787 949 892 1010
switch-static 0.0017 629 984 825 1049
switch-static 0.0017 1261 621 1380 731
switch-static 0.0017 571 960 719 1024
switch-static 0.0017 1273 547 1404 724
switch-static 0.0015 1243 770 1325 828
switch-static 0.0015 -3 755 130 857
switch-static 0.0015 770 970 868 1020
switch-static 0.0013 772 631 844 672
switch-static 0.0012 728 907 819 989
switch-static 0.0011 509 941 794 1059
switch-static 0.0011 -1 741 67 811
switch-static 0.0010 607 980 688 1024
switch-static 0.0010 -1 805 145 888
track-sign-front 0.6932 1545 333 1581 420
track-sign-front 0.3531 1795 416 1870 503
track-sign-front 0.1957 1550 542 1574 575
track-sign-front 0.0774 1549 338 1578 374
track-sign-front 0.0583 1068 479 1114 519
track-sign-front 0.0241 1551 487 1569 575
track-sign-front 0.0145 1072 495 1116 555
track-sign-front 0.0128 1550 477 1567 526
track-sign-front 0.0086 1633 885 1674 965
track-sign-front 0.0078 1551 466 1569 510
track-sign-front 0.0076 1066 475 1103 498
track-sign-front 0.0074 1338 445 1371 508
track-sign-front 0.0052 1544 370 1579 417
track-sign-front 0.0051 1618 147 1718 251
track-sign-front 0.0045 1532 486 1586 577
track-sign-front 0.0037 1348 452 1381 509
track-sign-front 0.0036 1344 421 1380 498
track-sign-front 0.0029 1343 479 1395 532
track-sign-front 0.0029 1334 463 1375 539
track-sign-front 0.0026 1337 402 1372 598
track-sign-front 0.0023 1550 327 1596 406
track-sign-front 0.0020 1793 363 1868 621
track-sign-front 0.0016 1543 374 1570 538
track-sign-front 0.0013 860 494 881 521
track-sign-front 0.0013 1330 487 1379 562
track-sign-front 0.0013 1547 471 1573 541
track-sign-front 0.0012 1048 501 1096 560
track-sign-front 0.0011 1283 500 1334 563
track-sign-front 0.0011 1378 480 1415 532
track-sign-front 0.0011 1390 495 1416 554
track-sign-front 0.0010 1315 435 1358 532
track-sign-front 0.0010 1548 300 1585 495
track-sign-front 0.0010 1309 498 1354 561
track-sign-front 0.0010 1611 239 1725 276
track-sign-front 0.0010 1548 407 1573 510
track-signal-front 0.7506 1583 2 1748 261
track-signal-front 0.1570 1502 210 1544 282
track-signal-front 0.1482 1620 143 1737 245
track-signal-front 0.0569 1365 413 1380 449
track-signal-front 0.0289 1364 392 1381 456
track-signal-front 0.0073 1355 355 1380 468
track-signal-front 0.0051 1505 245 1543 305
track-signal-front 0.0040 1585 -7 1749 134
track-signal-front 0.0039 1362 416 1380 469
track-signal-front 0.0030 1497 208 1553 313
track-signal-front 0.0027 1358 410 1387 452
track-signal-front 0.0026 1569 78 1700 264
track-signal-front 0.0017 1514 228 1558 340
track-signal-front 0.0016 1370 407 1396 454
track-signal-front 0.0012 1592 129 1749 322
track-signal-front 0.0012 1495 271 1552 355
track-signal-back 0.0012 1343 324 1372 460
fence 0.2444 1236 524 1916 936
pole 0.0572 1320 298 1384 739
pole 0.0410 1314 248 1355 693
pole 0.0093 1537 374 1579 772
pole 0.0082 1532 9 1597 955
pole 0.0070 1310 476 1430 650
pole 0.0068 1275 362 1410 780
pole 0.0063 1376 165 1750 909
pole 0.0044 1518 436 1604 794
pole 0.0039 1322 343 1354 623
pole 0.0035 1316 322 1454 740
pole 0.0032 1316 289 1348 569
pole 0.0022 1544 177 1598 759
pole 0.0015 1331 419 1377 637
pole 0.0015 1298 398 1331 613
pole 0.0013 1339 450 1408 673
pole 0.0010 1326 298 1372 484
pole 0.0010 1304 262 1378 605
pole 0.0010 1547 479 1580 729
rail-occluder 0.1453 1325 532 1425 717
rail-occluder 0.0255 1310 529 1387 696
rail-occluder 0.0197 1361 563 1422 694
rail-occluder 0.0185 1247 528 1539 777
rail-occluder 0.0156 1350 553 1472 816
rail-occluder 0.0138 1312 524 1364 634
rail-occluder 0.0116 1248 517 1678 876
rail-occluder 0.0075 1333 545 1575 851
rail-occluder 0.0064 1471 512 1658 895
rail-occluder 0.0063 1322 483 1452 674
rail-occluder 0.0039 1317 551 1361 688
rail-occluder 0.0035 1288 536 1335 610
rail-occluder 0.0034 1324 538 1582 695
rail-occluder 0.0029 1368 599 1433 731
rail-occluder 0.0025 1265 518 1333 586
rail-occluder 0.0023 1326 451 1381 673
rail-occluder 0.0021 1525 518 1668 796
rail-occluder 0.0021 1338 527 1419 643
rail-occluder 0.0021 1321 604 1358 723
rail-occluder 0.0018 1410 560 1632 764
rail-occluder 0.0013 1326 509 1382 619
rail-occluder 0.0011 1400 583 1487 767
rail-occluder 0.0010 1238 544 1385 635
rail-occluder 0.0010 1381 577 1454 674
