crossing 0.0532 776 598 833 619
crossing 0.0269 767 602 800 620
crossing 0.0011 739 604 795 624
train-car 0.8967 829 401 1334 877
train-car 0.0017 919 465 1232 841
rail 0.9097 570 587 853 1079
rail 0.1912 1317 697 1507 768
rail 0.0788 801 595 843 615
rail 0.0404 0 402 43 1024
rail 0.0296 808 596 854 622
rail 0.0213 781 593 834 617
rail 0.0103 -1 366 80 1057
rail 0.0076 717 666 1856 1074
rail 0.0050 869 647 1722 907
rail 0.0042 767 598 812 621
rail 0.0034 796 566 828 605
rail 0.0033 820 601 868 643
rail 0.0027 785 563 820 598
rail 0.0024 -1 455 201 1075
rail 0.0024 791 582 862 635
rail 0.0023 1278 583 1570 810
rail 0.0018 1135 644 1550 788
rail 0.0017 1351 582 1481 766
rail 0.0016 1351 708 1452 759
rail 0.0015 782 493 1407 1004
rail 0.0015 -1 547 23 849
rail 0.0013 3 455 454 1075
rail 0.0013 770 566 834 623
rail 0.0012 819 620 1338 901
rail 0.0011 1435 103 1927 1074
rail 0.0010 228 310 1214 863
track-sign-front 0.4408 506 566 539 601
track-sign-front 0.4164 698 564 721 587
track-sign-front 0.0251 788 557 808 582
track-sign-front 0.0167 787 557 818 595
track-sign-front 0.0153 498 564 546 613
track-sign-front 0.0119 390 673 415 711
track-sign-front 0.0068 503 560 534 588
track-sign-front 0.0049 616 501 636 542
track-sign-front 0.0047 795 564 829 602
track-sign-front 0.0037 781 544 803 577
track-sign-front 0.0033 495 565 530 596
track-sign-front 0.0023 676 480 705 522
track-sign-front 0.0018 699 534 733 589
track-sign-front 0.0011 1155 444 1183 470
track-sign-front 0.0011 388 678 417 741
track-sign-front 0.0011 379 641 429 720
track-signal-front 0.4877 913 280 938 344
track-signal-front 0.2149 914 314 938 352
track-signal-front 0.0261 872 414 892 448
track-signal-front 0.0086 912 301 941 368
track-signal-front 0.0016 343 322 401 365
track-signal-front 0.0016 917 282 962 354
track-signal-front 0.0015 896 274 949 353
track-signal-front 0.0014 916 276 939 314
track-signal-front 0.0013 363 322 425 359
track-signal-front 0.0011 272 250 314 318
track-signal-front 0.0011 323 320 371 370
track-signal-back 0.2399 246 94 319 250
track-signal-back 0.0577 871 415 892 455
track-signal-back 0.0575 914 420 938 468
track-signal-back 0.0344 915 322 939 358
track-signal-back 0.0063 896 417 933 473
track-signal-back 0.0044 877 419 918 472
track-signal-back 0.0023 866 419 897 465
track-signal-back 0.0022 684 479 708 523
track-signal-back 0.0018 672 460 705 505
track-signal-back 0.0017 242 78 316 179
track-signal-back 0.0016 281 82 329 255
track-signal-back 0.0016 683 466 712 510
track-signal-back 0.0015 914 325 945 383
track-signal-back 0.0013 264 250 310 314
track-signal-back 0.0013 907 384 939 463
pole 0.0032 44 364 59 465
pole 0.0015 225 309 310 510
pole 0.0013 238 356 292 597
pole 0.0011 224 280 311 675
pole 0.0010 463 29 538 719
