crossing 0.0122 927 524 1061 628
crossing 0.0041 830 468 921 511
crossing 0.0022 937 477 1024 524
crossing 0.0018 931 463 1020 509
crossing 0.0010 808 473 906 524
guard-rail 0.0026 1740 323 1792 447
guard-rail 0.0021 1750 321 1837 444
rail 0.7553 696 485 1075 1076
rail 0.5582 891 475 1102 1076
rail 0.4932 1688 297 1922 1075
rail 0.2923 816 471 1248 1074
rail 0.2571 95 472 920 1071
rail 0.1232 1746 269 1909 497
rail 0.0555 1750 290 1922 690
rail 0.0535 1553 327 1867 1074
rail 0.0370 1834 316 1920 1094
rail 0.0291 1761 296 1884 432
rail 0.0257 476 476 915 814
rail 0.0186 990 515 1301 1078
rail 0.0177 1833 269 1920 476
rail 0.0165 1688 278 1875 565
rail 0.0117 1293 350 1840 1065
rail 0.0092 1853 283 1922 746
rail 0.0054 1718 298 1819 468
rail 0.0052 1621 287 1818 847
rail 0.0042 1503 412 1712 999
rail 0.0042 1674 309 1860 735
rail 0.0040 1765 483 1920 1109
rail 0.0037 1881 307 1921 551
rail 0.0035 1766 339 1865 460
rail 0.0029 1774 265 1855 339
rail 0.0027 527 459 963 1066
rail 0.0023 1847 321 1921 536
rail 0.0020 1551 359 1771 873
rail 0.0019 1622 481 1903 929
rail 0.0019 1625 298 1811 542
rail 0.0018 960 248 1847 974
rail 0.0016 1865 538 1921 1061
rail 0.0016 902 498 1075 819
rail 0.0015 912 507 1078 669
rail 0.0015 1589 230 1827 441
rail 0.0015 927 537 1059 746
rail 0.0014 1787 271 1862 313
rail 0.0014 1432 568 1951 1139
rail 0.0014 1706 318 1785 543
rail 0.0013 1787 252 1888 332
rail 0.0013 908 406 1438 1067
rail 0.0012 1384 477 1831 864
rail 0.0012 1884 258 1922 463
rail 0.0012 1654 238 2048 558
rail 0.0011 1783 338 1914 574
rail 0.0011 1513 255 1878 726
rail 0.0010 1780 249 1848 293
rail 0.0010 657 469 901 751
switch-indicator 0.0010 1647 233 1716 277
switch-left 0.0974 930 545 1060 635
switch-left 0.0182 1767 318 1869 401
switch-left 0.0015 929 491 1053 608
switch-left 0.0012 912 534 1060 700
switch-right 0.1064 927 536 1060 632
switch-right 0.0409 1755 302 1877 429
switch-right 0.0235 1765 303 1870 371
switch-right 0.0191 929 518 1051 584
switch-right 0.0172 1775 287 1860 333
switch-right 0.0029 930 501 1037 562
switch-unknown 0.0112 1779 280 1852 317
switch-unknown 0.0068 1780 288 1862 333
switch-unknown 0.0013 1782 245 1846 293
switch-unknown 0.0013 1741 295 1861 385
switch-unknown 0.0012 1767 272 1830 313
switch-unknown 0.0011 1761 306 1837 364
switch-static 0.0016 896 529 933 559
track-sign-front 0.0165 541 478 559 505
track-sign-front 0.0018 538 474 569 506
track-sign-front 0.0014 1658 173 1687 213
track-sign-front 0.0013 1051 444 1075 509
track-signal-front 0.2304 1646 231 1665 257
track-signal-front 0.1549 1855 226 1869 248
track-signal-front 0.0117 1855 230 1870 262
track-signal-front 0.0104 1842 223 1868 255
track-signal-front 0.0081 1640 232 1669 265
track-signal-front 0.0066 1647 199 1673 264
track-signal-front 0.0043 1849 226 1877 252
track-signal-front 0.0031 1645 207 1664 261
track-signal-front 0.0028 1645 230 1699 264
track-signal-front 0.0024 1848 159 1867 217
track-signal-front 0.0022 1640 215 1678 275
track-signal-front 0.0020 1853 201 1878 250
