crossing 0.0124 1033 624 1087 646
train-car 0.0263 0 530 302 616
train-car 0.0038 8 559 427 640
train-car 0.0024 -9 565 276 623
train-car 0.0024 29 526 187 593
train-car 0.0019 68 539 497 623
train-car 0.0019 898 534 944 584
train-car 0.0017 884 546 958 577
train-car 0.0012 -8 547 173 639
train-car 0.0011 918 559 979 586
train-car 0.0011 905 536 997 582
train-car 0.0011 1 470 285 644
train-car 0.0010 -2 532 80 616
platform 0.9124 0 570 934 1075
platform 0.0210 21 547 704 639
platform 0.0030 172 568 820 623
rail 0.9592 871 568 1128 1072
rail 0.8604 969 589 1909 1077
rail 0.8082 -2 570 881 793
rail 0.2691 6 563 792 683
rail 0.0223 994 577 1061 619
rail 0.0149 17 531 841 626
rail 0.0143 1017 583 1056 622
rail 0.0117 1017 592 1072 633
rail 0.0114 969 569 1066 608
rail 0.0069 213 572 865 644
rail 0.0067 -5 595 574 709
rail 0.0039 6 612 431 690
rail 0.0035 935 560 1051 598
rail 0.0032 97 614 691 775
rail 0.0024 1012 579 1095 632
rail 0.0024 -1 571 539 652
rail 0.0021 280 576 888 716
rail 0.0016 1027 622 1084 651
rail 0.0016 4 619 263 676
rail 0.0014 -9 595 320 653
rail 0.0014 1006 579 1325 783
rail 0.0014 5 634 521 753
rail 0.0014 -1 637 311 700
rail 0.0012 1113 624 1700 1012
rail 0.0010 642 554 869 589
rail 0.0010 980 564 1163 678
switch-unknown 0.0147 1042 629 1096 647
switch-unknown 0.0110 1020 594 1069 634
switch-unknown 0.0061 1059 626 1117 648
switch-unknown 0.0049 1030 620 1090 648
switch-unknown 0.0015 919 554 976 588
switch-unknown 0.0010 901 551 947 581
switch-static 0.0135 1093 623 1117 642
switch-static 0.0014 16 718 85 749
switch-static 0.0012 0 706 73 748
switch-static 0.0012 1223 727 1289 753
track-sign-front 0.0277 1099 622 1116 639
track-sign-front 0.0161 646 311 671 334
track-sign-front 0.0142 1276 260 1388 924
track-sign-front 0.0051 1282 574 1305 639
track-sign-front 0.0032 651 305 678 332
track-sign-front 0.0026 1281 562 1315 653
track-sign-front 0.0012 641 313 667 340
track-sign-front 0.0012 1277 416 1319 792
track-sign-front 0.0011 1298 533 1370 671
track-sign-front 0.0010 1093 621 1123 643
track-signal-front 0.0014 650 539 713 575
track-signal-front 0.0014 170 513 192 541
track-signal-back 0.0010 1065 474 1086 564
pole 0.6434 282 133 353 705
pole 0.5390 1272 0 1401 993
pole 0.3601 783 458 795 601
pole 0.3025 852 479 862 601
pole 0.1744 856 477 869 597
pole 0.0533 974 458 986 601
pole 0.0317 849 523 861 597
pole 0.0253 972 421 993 630
pole 0.0215 730 480 741 593
pole 0.0210 782 527 793 597
pole 0.0192 512 412 528 611
pole 0.0187 282 417 318 730
pole 0.0148 972 492 997 612
pole 0.0140 828 477 860 606
pole 0.0096 774 454 803 609
pole 0.0080 730 488 759 604
pole 0.0070 1234 -40 1347 915
pole 0.0068 848 525 881 601
pole 0.0067 877 511 912 586
pole 0.0046 122 474 498 688
pole 0.0041 850 461 867 578
pole 0.0040 938 464 965 599
pole 0.0037 91 533 529 643
pole 0.0032 515 468 527 591
pole 0.0027 962 534 1019 609
pole 0.0027 794 460 855 603
pole 0.0025 884 546 920 581
pole 0.0025 949 534 998 600
pole 0.0024 873 484 902 590
pole 0.0024 268 292 326 736
pole 0.0021 921 506 979 601
pole 0.0020 177 350 207 605
pole 0.0018 1306 114 1539 881
pole 0.0017 142 425 384 649
pole 0.0017 1266 183 1322 827
pole 0.0017 1281 340 1384 942
pole 0.0017 843 478 873 607
pole 0.0016 737 462 768 598
pole 0.0015 715 524 751 598
pole 0.0013 287 132 440 689
pole 0.0012 824 488 895 600
pole 0.0011 1163 12 1315 926
pole 0.0011 753 469 799 595
pole 0.0010 802 530 864 604
pole 0.0010 501 423 539 625
rail-occluder 0.0023 1095 619 1118 645
rail-occluder 0.0010 1019 575 1085 631
rail-occluder 0.0010 847 561 862 605
