guard-rail 0.0038 1197 704 1292 744
guard-rail 0.0014 1204 717 1294 755
train-car 0.6927 15 547 999 858
train-car 0.0271 295 560 974 768
train-car 0.0107 2 638 368 931
train-car 0.0060 0 607 409 811
train-car 0.0025 -3 549 678 672
train-car 0.0020 18 566 628 759
train-car 0.0015 582 554 1039 688
train-car 0.0015 897 560 1098 595
train-car 0.0014 875 561 1011 600
train-car 0.0013 1178 557 1244 593
train-car 0.0012 0 648 279 786
train-car 0.0010 1124 563 1171 598
train-car 0.0010 53 599 658 905
train-car 0.0010 8 454 238 590
train-car 0.0010 350 580 412 615
platform 0.0010 1149 564 1226 597
rail 0.9512 903 578 1164 1073
rail 0.9316 1093 587 1912 1080
rail 0.8772 54 588 1053 1077
rail 0.8225 1143 583 1916 822
rail 0.2349 1246 616 1917 732
rail 0.0662 1471 652 1929 745
rail 0.0199 1703 672 1864 733
rail 0.0113 -5 677 348 1018
rail 0.0108 1747 689 1915 772
rail 0.0107 1371 655 1922 803
rail 0.0103 1662 667 1909 777
rail 0.0064 1829 691 1922 736
rail 0.0052 1058 566 1512 1042
rail 0.0047 1119 646 1267 747
rail 0.0047 1866 679 1914 709
rail 0.0045 1348 728 1908 1072
rail 0.0042 1217 649 1907 930
rail 0.0039 1832 711 1924 770
rail 0.0037 -15 645 288 799
rail 0.0033 1142 576 1181 609
rail 0.0033 1146 589 1505 700
rail 0.0029 1115 613 1410 807
rail 0.0029 1803 681 1915 718
rail 0.0029 26 561 607 643
rail 0.0028 1568 650 1911 710
rail 0.0025 1178 709 1320 766
rail 0.0025 948 568 1131 596
rail 0.0024 1179 596 1477 658
rail 0.0024 1146 579 1216 618
rail 0.0023 1551 681 1879 754
rail 0.0022 1881 675 1918 699
rail 0.0022 1749 655 1929 737
rail 0.0021 1878 693 1919 738
rail 0.0020 1080 595 1327 904
rail 0.0018 1229 619 1326 655
rail 0.0017 1811 667 1912 701
rail 0.0017 1630 649 1921 844
rail 0.0016 1883 707 1921 779
rail 0.0016 1747 723 1921 795
rail 0.0016 1140 575 1164 607
rail 0.0015 1839 728 1921 797
rail 0.0015 1832 688 1920 817
rail 0.0013 1191 701 1362 798
rail 0.0012 975 573 1110 611
rail 0.0012 1519 663 1798 736
rail 0.0011 1177 703 1423 838
rail 0.0011 19 627 312 743
rail 0.0011 1668 737 1918 1068
rail 0.0011 1113 593 1267 712
rail 0.0011 -16 575 228 623
rail 0.0010 -2 663 222 882
rail 0.0010 1765 707 1922 867
switch-indicator 0.0801 1559 672 1581 699
switch-indicator 0.0116 1263 636 1285 655
switch-indicator 0.0081 1874 679 1907 698
switch-indicator 0.0015 1122 613 1150 650
switch-left 0.1372 1142 671 1255 720
switch-left 0.0888 1106 654 1177 684
switch-left 0.0779 1161 688 1267 732
switch-left 0.0181 1118 664 1191 697
switch-left 0.0143 1102 648 1154 674
switch-left 0.0063 1115 657 1207 712
switch-left 0.0035 1179 706 1286 747
switch-left 0.0023 1093 636 1320 789
switch-left 0.0013 1129 675 1213 728
switch-right 0.1636 1114 661 1197 695
switch-right 0.1274 1155 686 1260 732
switch-right 0.1088 1127 669 1233 715
switch-right 0.0800 1106 654 1177 682
switch-right 0.0377 1102 648 1166 675
switch-right 0.0154 1097 644 1150 666
switch-right 0.0026 1185 703 1304 747
switch-unknown 0.0043 1142 577 1177 608
switch-static 0.0308 1168 656 1236 683
switch-static 0.0151 1188 648 1238 670
switch-static 0.0082 1164 650 1212 673
switch-static 0.0062 1208 642 1254 664
switch-static 0.0055 1194 651 1257 678
switch-static 0.0046 1116 648 1189 677
switch-static 0.0034 1885 677 1916 698
switch-static 0.0015 1255 628 1298 655
track-sign-front 0.0053 1141 578 1162 605
track-sign-front 0.0035 160 492 202 532
track-sign-front 0.0014 349 583 391 614
track-sign-front 0.0013 1 537 20 587
track-sign-front 0.0013 1179 551 1241 594
track-sign-front 0.0012 618 524 635 574
track-signal-front 0.0126 633 482 655 510
track-signal-front 0.0042 997 531 1013 576
track-signal-front 0.0035 255 470 298 522
track-signal-front 0.0030 213 488 247 551
track-signal-front 0.0027 630 468 654 525
track-signal-front 0.0027 1057 532 1083 583
track-signal-front 0.0023 994 522 1025 584
track-signal-front 0.0022 1127 534 1161 583
track-signal-front 0.0019 220 465 270 554
track-signal-front 0.0016 1001 528 1025 558
track-signal-front 0.0013 1055 529 1080 558
track-signal-front 0.0013 216 466 252 582
track-signal-front 0.0012 234 470 284 536
track-signal-back 0.0026 264 478 297 524
pole 0.0227 163 521 182 659
pole 0.0101 -1 -27 67 691
pole 0.0049 156 510 191 663
pole 0.0030 0 98 32 705
pole 0.0026 620 313 644 600
pole 0.0023 8 -16 106 582
pole 0.0020 178 441 241 675
pole 0.0017 1128 546 1167 605
pole 0.0016 227 518 244 684
pole 0.0015 1191 462 1218 595
pole 0.0013 159 501 211 701
pole 0.0013 1170 467 1205 596
pole 0.0013 1096 475 1118 587
pole 0.0012 -1 339 20 619
rail-occluder 0.6408 1777 679 1834 733
rail-occluder 0.1789 1561 674 1578 696
rail-occluder 0.1188 1803 680 1833 729
rail-occluder 0.0150 1558 669 1575 691
rail-occluder 0.0101 1872 679 1912 703
rail-occluder 0.0100 1735 654 1870 770
rail-occluder 0.0088 1265 630 1288 647
rail-occluder 0.0086 1554 672 1586 699
rail-occluder 0.0061 1770 664 1822 722
rail-occluder 0.0051 1748 688 1794 742
rail-occluder 0.0045 1564 669 1589 689
rail-occluder 0.0035 1759 673 1799 730
rail-occluder 0.0028 1251 622 1288 648
rail-occluder 0.0027 1813 675 1913 722
rail-occluder 0.0018 1058 552 1082 593
rail-occluder 0.0017 1767 686 1839 769
rail-occluder 0.0014 1765 657 1910 735
rail-occluder 0.0012 1812 667 1844 711
rail-occluder 0.0010 1173 566 1237 623
