crossing 0.8336 752 864 1022 1082
crossing 0.4168 343 860 600 939
crossing 0.1852 246 847 616 1032
crossing 0.1151 108 867 575 1075
crossing 0.0289 60 744 803 1085
crossing 0.0262 451 856 588 929
crossing 0.0106 337 810 650 953
crossing 0.0090 755 890 883 1075
crossing 0.0044 773 848 1016 939
crossing 0.0041 130 929 415 1076
crossing 0.0019 314 889 582 1064
crossing 0.0012 373 866 548 991
crossing 0.0010 387 852 556 914
guard-rail 0.1145 765 891 829 1078
guard-rail 0.0562 497 857 575 925
guard-rail 0.0141 792 865 829 977
guard-rail 0.0032 774 896 817 1031
guard-rail 0.0023 512 846 596 914
guard-rail 0.0017 970 859 1000 1016
guard-rail 0.0015 783 886 811 981
guard-rail 0.0011 714 877 861 1073
guard-rail 0.0010 755 831 851 1027
rail 0.9381 738 624 1018 1074
rail 0.8929 32 630 911 1075
rail 0.0030 42 776 693 1064
rail 0.0016 244 647 766 1019
switch-static 0.2900 1022 777 1088 813
switch-static 0.0061 1015 789 1120 846
switch-static 0.0030 1011 844 1120 882
switch-static 0.0013 998 780 1098 867
switch-static 0.0010 1006 851 1051 882
track-sign-front 0.0276 545 612 562 671
track-sign-front 0.0159 541 602 561 643
track-sign-front 0.0022 956 630 975 648
track-sign-front 0.0021 213 776 241 852
track-sign-front 0.0019 455 747 472 794
track-sign-front 0.0018 1004 594 1024 632
track-sign-front 0.0017 542 627 563 701
track-sign-front 0.0016 504 597 535 636
track-sign-front 0.0012 542 588 564 740
track-signal-front 0.0927 1241 563 1289 665
track-signal-front 0.0639 1252 610 1305 683
track-signal-front 0.0064 1237 580 1273 662
track-signal-front 0.0036 1266 575 1310 673
track-signal-front 0.0033 1268 645 1311 682
track-signal-front 0.0031 1225 689 1294 760
track-signal-front 0.0027 1003 591 1020 617
track-signal-front 0.0016 1238 550 1275 632
track-signal-front 0.0015 1250 698 1288 754
track-signal-front 0.0013 1230 598 1294 689
track-signal-front 0.0012 1274 554 1306 650
track-signal-front 0.0011 1214 699 1268 752
track-signal-front 0.0010 186 666 237 718
track-signal-back 0.7873 554 450 600 524
track-signal-back 0.1057 551 530 580 562
track-signal-back 0.0065 552 520 589 573
track-signal-back 0.0062 545 530 571 567
track-signal-back 0.0058 1009 587 1022 614
track-signal-back 0.0047 556 506 597 561
track-signal-back 0.0043 545 540 574 585
track-signal-back 0.0017 1010 578 1024 607
track-signal-back 0.0014 504 595 534 631
track-signal-back 0.0012 1215 698 1269 753
person 0.0034 1874 675 1921 838
pole 0.0019 538 580 566 713
