rail 0.9597 664 534 1019 1076
rail 0.8377 3 529 823 967
rail 0.0031 749 537 806 559
rail 0.0012 769 535 872 562
rail 0.0011 764 533 828 560
rail 0.0010 723 539 795 562
switch-unknown 0.0053 754 535 803 556
switch-unknown 0.0032 730 533 790 559
switch-unknown 0.0014 707 536 757 563
switch-static 0.0025 962 580 997 599
track-sign-front 0.0989 576 525 588 589
track-sign-front 0.0546 576 552 587 584
track-sign-front 0.0290 574 511 590 545
track-sign-front 0.0063 573 496 591 559
track-sign-front 0.0055 973 574 998 594
track-sign-front 0.0053 981 567 1002 592
track-sign-front 0.0029 956 524 977 553
track-sign-front 0.0026 948 515 967 550
track-sign-front 0.0018 577 563 588 606
track-sign-front 0.0013 983 531 1004 593
track-signal-front 0.0128 837 498 848 517
track-signal-front 0.0026 835 499 852 529
track-signal-front 0.0019 963 447 996 507
track-signal-front 0.0017 898 488 927 515
track-signal-back 0.7258 577 456 599 491
track-signal-back 0.5613 963 445 986 485
track-signal-back 0.0661 574 513 590 547
track-signal-back 0.0483 574 464 597 519
track-signal-back 0.0266 963 440 984 468
track-signal-back 0.0237 837 500 848 517
track-signal-back 0.0151 553 415 587 611
track-signal-back 0.0082 554 468 589 553
track-signal-back 0.0038 954 446 981 493
track-signal-back 0.0035 577 488 603 522
track-signal-back 0.0032 574 506 607 546
track-signal-back 0.0031 900 489 914 512
track-signal-back 0.0025 839 490 851 508
track-signal-back 0.0018 836 495 850 524
track-signal-back 0.0014 970 437 1008 497
pole 0.0087 753 470 763 558
pole 0.0053 539 387 559 619
pole 0.0052 751 497 771 554
pole 0.0029 119 4 192 737
pole 0.0021 753 507 802 558
pole 0.0018 752 451 788 564
pole 0.0017 779 512 819 556
pole 0.0013 783 463 813 564
pole 0.0011 570 514 597 590
pole 0.0011 557 412 596 600
pole 0.0011 696 461 710 559
rail-occluder 0.0024 773 534 820 557
