guard-rail 0.0035 926 581 996 653
guard-rail 0.0019 872 691 941 736
guard-rail 0.0016 875 614 927 706
train-car 0.6732 1006 95 1914 1073
train-car 0.0128 936 525 972 558
train-car 0.0124 943 531 989 555
rail 0.8733 -4 550 957 1075
rail 0.8525 728 552 1007 1070
rail 0.7036 751 783 1012 1077
rail 0.4507 878 562 992 718
rail 0.3195 892 551 1054 1075
rail 0.2837 771 704 1024 988
rail 0.1045 885 555 968 592
rail 0.0708 896 546 958 580
rail 0.0635 897 650 987 722
rail 0.0581 872 545 986 623
rail 0.0544 940 532 986 564
rail 0.0436 919 540 979 576
rail 0.0353 871 565 938 604
rail 0.0346 871 572 959 618
rail 0.0216 844 588 954 701
rail 0.0212 932 557 987 589
rail 0.0195 846 570 906 604
rail 0.0183 908 567 983 619
rail 0.0154 740 792 867 1084
rail 0.0137 875 540 947 583
rail 0.0136 965 529 1014 570
rail 0.0121 639 569 923 646
rail 0.0108 854 591 948 647
rail 0.0088 -5 574 822 878
rail 0.0057 967 520 1014 555
rail 0.0056 764 561 928 640
rail 0.0056 837 571 874 605
rail 0.0056 966 559 1010 585
rail 0.0053 852 642 1026 821
rail 0.0050 953 631 1091 941
rail 0.0043 981 724 1045 803
rail 0.0042 916 554 996 687
rail 0.0042 547 558 950 676
rail 0.0040 977 841 1015 1076
rail 0.0040 994 526 1040 579
rail 0.0040 720 570 965 755
rail 0.0040 16 663 644 925
rail 0.0035 554 559 789 745
rail 0.0035 913 790 1031 1081
rail 0.0034 756 785 972 896
rail 0.0034 625 603 731 679
rail 0.0031 989 841 1033 1076
rail 0.0028 846 517 982 656
rail 0.0024 700 635 915 1022
rail 0.0024 791 534 898 627
rail 0.0020 600 571 758 699
rail 0.0020 901 524 977 588
rail 0.0018 287 604 508 870
rail 0.0018 939 526 1006 572
rail 0.0017 994 547 1036 589
rail 0.0017 945 834 1003 1078
rail 0.0017 681 594 830 639
rail 0.0017 491 549 951 778
rail 0.0016 678 553 941 621
rail 0.0015 682 713 890 868
rail 0.0015 1025 519 1047 586
rail 0.0013 852 604 884 641
rail 0.0013 432 570 957 940
rail 0.0013 887 525 968 562
rail 0.0012 823 522 913 596
rail 0.0012 963 766 1021 1068
rail 0.0012 740 617 925 827
rail 0.0012 805 599 923 703
rail 0.0011 243 606 737 815
rail 0.0011 694 506 1105 829
switch-indicator 0.0801 862 621 885 655
switch-indicator 0.0172 378 636 412 785
switch-indicator 0.0050 864 619 897 699
switch-left 0.3162 824 774 1005 897
switch-left 0.2827 890 680 987 737
switch-left 0.0524 899 650 987 722
switch-left 0.0453 788 782 1029 989
switch-left 0.0066 830 813 1007 940
switch-left 0.0043 867 792 982 884
switch-left 0.0014 868 690 951 735
switch-left 0.0012 872 695 991 761
switch-right 0.3292 894 671 986 733
switch-right 0.2676 842 780 1003 866
switch-right 0.0304 792 780 984 902
switch-right 0.0157 874 772 985 839
switch-right 0.0091 942 573 998 615
switch-right 0.0022 896 702 987 745
switch-right 0.0014 964 571 1000 608
switch-right 0.0013 857 754 994 819
switch-unknown 0.1374 866 583 921 611
switch-unknown 0.0796 910 557 971 587
switch-unknown 0.0725 874 567 931 602
switch-unknown 0.0690 851 580 901 611
switch-unknown 0.0418 874 575 953 615
switch-unknown 0.0228 863 598 926 637
switch-unknown 0.0226 858 614 897 649
switch-unknown 0.0196 936 559 989 588
switch-unknown 0.0189 877 539 941 582
switch-unknown 0.0159 914 568 979 617
switch-unknown 0.0111 970 558 1009 585
switch-unknown 0.0038 964 572 1000 604
switch-unknown 0.0012 714 602 793 634
switch-static 0.3914 705 787 801 825
switch-static 0.2106 796 715 848 750
switch-static 0.1202 989 737 1045 789
switch-static 0.0960 805 725 872 757
switch-static 0.0695 746 771 848 816
switch-static 0.0576 972 691 1042 848
switch-static 0.0529 1035 767 1123 803
switch-static 0.0492 1058 775 1116 802
switch-static 0.0489 991 757 1051 795
switch-static 0.0312 785 767 845 810
switch-static 0.0311 789 737 856 783
switch-static 0.0296 765 740 843 798
switch-static 0.0247 1030 744 1114 793
switch-static 0.0245 727 752 861 824
switch-static 0.0207 755 786 835 821
switch-static 0.0205 987 726 1036 769
switch-static 0.0157 731 618 960 925
switch-static 0.0147 987 710 1035 747
switch-static 0.0136 1012 754 1108 808
switch-static 0.0133 816 733 874 769
switch-static 0.0117 792 700 863 755
switch-static 0.0110 830 721 885 757
switch-static 0.0100 718 755 802 815
switch-static 0.0091 1037 716 1099 779
switch-static 0.0090 998 726 1068 779
switch-static 0.0063 841 703 902 739
switch-static 0.0058 1056 780 1118 821
switch-static 0.0057 984 684 1023 739
switch-static 0.0047 1044 719 1093 745
switch-static 0.0027 1017 776 1127 836
switch-static 0.0023 804 698 840 733
switch-static 0.0020 581 564 944 1047
switch-static 0.0018 700 791 807 855
switch-static 0.0018 788 780 845 826
switch-static 0.0017 659 759 803 848
switch-static 0.0015 857 666 908 733
switch-static 0.0015 979 672 1014 729
switch-static 0.0013 793 758 903 821
switch-static 0.0013 1009 711 1071 753
switch-static 0.0010 755 726 821 776
switch-static 0.0010 627 716 889 897
track-sign-front 0.1536 659 520 681 547
track-sign-front 0.0817 794 713 838 743
track-sign-front 0.0745 372 638 407 664
track-sign-front 0.0616 372 641 406 690
track-sign-front 0.0422 382 658 405 734
track-sign-front 0.0369 654 618 682 670
track-sign-front 0.0340 840 516 858 577
track-sign-front 0.0298 657 514 683 568
track-sign-front 0.0135 596 601 611 633
track-sign-front 0.0127 1812 636 1901 709
track-sign-front 0.0099 658 506 680 639
track-sign-front 0.0095 378 636 418 656
track-sign-front 0.0084 372 640 408 749
track-sign-front 0.0051 690 568 713 599
track-sign-front 0.0038 661 535 694 665
track-sign-front 0.0027 378 640 419 703
track-sign-front 0.0020 1027 519 1046 582
track-sign-front 0.0019 1806 561 1905 784
track-sign-front 0.0014 735 530 751 575
track-sign-front 0.0011 736 521 761 581
track-signal-front 0.0024 1026 504 1048 562
track-signal-front 0.0010 946 463 988 565
track-signal-back 0.0038 844 449 855 541
pole 0.6042 649 234 686 676
pole 0.0866 844 448 855 580
pole 0.0163 841 480 858 618
pole 0.0158 804 420 818 591
pole 0.0155 741 391 760 617
pole 0.0155 658 488 681 657
pole 0.0127 810 416 845 593
pole 0.0091 839 460 886 585
pole 0.0081 826 433 858 605
pole 0.0067 661 520 692 679
pole 0.0062 592 461 613 650
pole 0.0047 937 458 960 567
pole 0.0041 940 386 957 591
pole 0.0039 870 466 922 582
pole 0.0028 597 247 656 679
pole 0.0027 689 279 744 674
pole 0.0025 654 286 677 631
pole 0.0020 941 433 955 550
pole 0.0018 881 447 909 576
pole 0.0018 893 496 958 580
pole 0.0017 319 644 466 927
pole 0.0017 608 237 724 702
pole 0.0015 642 452 695 690
pole 0.0014 363 654 417 882
pole 0.0013 1212 220 1252 713
pole 0.0012 744 440 759 575
pole 0.0011 583 351 625 673
pole 0.0010 835 443 866 587
pole 0.0010 734 417 756 646
rail-occluder 0.2973 657 623 685 675
rail-occluder 0.0764 394 685 410 792
rail-occluder 0.0640 847 581 869 605
rail-occluder 0.0610 386 638 409 802
rail-occluder 0.0357 861 614 893 647
rail-occluder 0.0101 668 622 707 671
rail-occluder 0.0092 625 614 714 683
rail-occluder 0.0074 855 604 882 643
rail-occluder 0.0065 864 613 916 677
rail-occluder 0.0045 367 611 424 812
rail-occluder 0.0027 658 528 696 676
rail-occluder 0.0025 689 565 712 619
rail-occluder 0.0017 817 574 863 612
rail-occluder 0.0015 389 712 416 799
rail-occluder 0.0011 849 629 876 703
