crossing 0.0340 894 462 966 488
crossing 0.0110 924 462 1002 485
crossing 0.0017 893 448 988 484
rail 0.9458 621 419 1005 1067
rail 0.8975 878 420 1829 1074
rail 0.3021 826 419 918 489
rail 0.1674 853 429 939 481
rail 0.0334 889 452 944 486
rail 0.0127 1069 432 1173 466
rail 0.0122 821 432 883 521
rail 0.0090 824 409 862 511
rail 0.0089 865 420 956 466
rail 0.0073 1021 422 1186 474
rail 0.0047 1061 427 1261 492
rail 0.0037 828 445 922 511
rail 0.0036 839 406 909 441
rail 0.0021 814 409 979 510
rail 0.0019 1117 429 1193 476
rail 0.0016 1072 441 1198 498
rail 0.0013 1121 373 1239 492
rail 0.0013 838 406 1117 526
rail 0.0013 962 408 1255 516
rail 0.0011 1080 413 1338 532
rail 0.0010 822 391 849 485
switch-unknown 0.0790 890 453 943 482
switch-unknown 0.0377 850 419 935 467
switch-unknown 0.0045 842 407 905 439
switch-unknown 0.0012 890 445 991 482
track-sign-front 0.0020 691 520 710 574
track-sign-front 0.0010 806 417 823 503
track-signal-front 0.0051 892 332 907 362
track-signal-front 0.0022 802 349 823 382
track-signal-front 0.0013 806 334 827 390
pole 0.0063 1165 317 1199 512
pole 0.0020 1146 336 1213 520
pole 0.0019 1158 367 1189 501
