rail 0.9522 876 505 1178 1074
rail 0.9243 3 501 887 1078
rail 0.8113 3 503 859 801
rail 0.0258 9 539 704 721
rail 0.0022 344 501 869 683
rail 0.0022 459 512 842 618
rail 0.0013 645 523 798 573
rail 0.0012 576 537 797 603
rail 0.0012 262 530 825 754
switch-unknown 0.0018 876 502 908 534
switch-unknown 0.0012 872 479 915 534
switch-unknown 0.0011 680 536 734 565
track-sign-front 0.0834 983 396 1006 424
track-sign-front 0.0235 841 493 857 600
track-sign-front 0.0203 837 424 853 550
track-sign-front 0.0180 990 480 1004 532
track-sign-front 0.0087 844 544 860 596
track-sign-front 0.0068 934 479 952 502
track-sign-front 0.0061 994 482 1008 521
track-sign-front 0.0039 837 496 852 592
track-sign-front 0.0036 930 471 959 516
track-sign-front 0.0033 847 560 864 595
track-sign-front 0.0025 989 495 1005 545
track-sign-front 0.0025 990 517 1013 579
track-sign-front 0.0018 998 538 1015 576
track-sign-front 0.0015 994 497 1009 557
track-sign-front 0.0013 320 453 338 505
track-signal-front 0.3936 833 356 858 407
track-signal-front 0.1892 789 420 804 444
track-signal-front 0.0071 788 422 803 487
track-signal-front 0.0029 783 420 810 449
track-signal-front 0.0019 816 345 849 415
track-signal-front 0.0018 844 414 870 506
track-signal-front 0.0011 910 465 945 513
track-signal-back 0.0916 832 362 858 412
track-signal-back 0.0581 984 383 1004 420
track-signal-back 0.0370 982 397 1004 426
track-signal-back 0.0087 832 383 857 416
track-signal-back 0.0072 787 410 849 451
track-signal-back 0.0032 982 351 1012 427
track-signal-back 0.0031 833 406 860 466
track-signal-back 0.0024 823 353 870 411
track-signal-back 0.0011 971 407 1004 436
pole 0.3885 837 396 854 612
pole 0.1198 831 363 860 616
pole 0.0373 791 424 801 530
pole 0.0216 837 438 849 575
pole 0.0175 788 416 803 461
pole 0.0168 317 193 360 616
pole 0.0109 708 364 724 544
pole 0.0103 840 464 858 623
pole 0.0094 837 407 885 591
pole 0.0079 794 447 805 547
pole 0.0049 843 367 869 554
pole 0.0048 787 413 804 499
pole 0.0047 793 427 809 570
pole 0.0036 710 414 722 536
pole 0.0034 820 341 875 615
pole 0.0025 840 481 886 566
pole 0.0019 788 454 802 547
pole 0.0018 844 497 869 590
pole 0.0018 805 409 850 610
pole 0.0011 831 322 862 497
