platform 0.9516 1036 613 1913 1080
rail 0.9536 1000 599 1243 1074
switch-static 0.0121 937 739 981 766
track-sign-front 0.1437 959 604 972 621
track-sign-front 0.0369 957 599 970 619
track-sign-front 0.0103 1094 590 1113 622
track-sign-front 0.0099 1132 551 1153 649
track-sign-front 0.0060 1244 571 1259 593
track-sign-front 0.0038 960 559 974 590
track-sign-front 0.0038 1093 581 1130 626
track-sign-front 0.0030 1089 592 1107 629
track-sign-front 0.0020 955 560 970 590
track-sign-front 0.0020 949 602 977 629
track-sign-front 0.0015 1242 532 1260 631
track-sign-front 0.0011 1868 1002 1919 1084
track-sign-front 0.0011 957 598 1002 628
track-signal-front 0.0057 1014 553 1032 576
track-signal-front 0.0053 1008 553 1036 586
track-signal-front 0.0046 1016 561 1040 589
track-signal-front 0.0022 1017 543 1038 572
track-signal-front 0.0019 962 555 977 581
pole 0.0210 1136 480 1154 666
pole 0.0122 1169 422 1190 689
pole 0.0093 1141 445 1179 670
pole 0.0049 1136 501 1168 644
pole 0.0044 1175 570 1192 676
pole 0.0040 1132 579 1152 654
pole 0.0029 1249 406 1266 709
pole 0.0022 1172 507 1190 646
pole 0.0016 1136 570 1182 672
pole 0.0011 1253 391 1273 677
pole 0.0010 1092 585 1135 625
pole 0.0010 1099 514 1135 656
pole 0.0010 1122 453 1199 670
rail-occluder 0.0010 1092 587 1133 634
