crossing 0.0106 846 318 883 341
guard-rail 0.7731 1002 585 1053 820
guard-rail 0.7525 632 595 706 814
guard-rail 0.5357 545 457 800 954
guard-rail 0.0632 621 631 679 829
guard-rail 0.0300 989 595 1035 824
guard-rail 0.0154 921 484 1035 867
guard-rail 0.0123 651 577 712 760
guard-rail 0.0114 1000 594 1033 737
guard-rail 0.0102 952 590 1013 808
guard-rail 0.0093 1019 633 1059 842
guard-rail 0.0026 862 542 1054 803
guard-rail 0.0011 586 631 691 922
guard-rail 0.0011 1027 735 1052 836
guard-rail 0.0010 1003 578 1023 647
platform 0.9325 942 306 1908 1071
platform 0.1028 842 306 918 340
platform 0.0078 845 313 913 373
platform 0.0045 841 316 889 341
platform 0.0029 848 291 942 348
platform 0.0028 846 282 888 339
platform 0.0012 821 264 933 394
platform 0.0010 862 295 966 328
rail 0.9384 752 306 1135 1079
rail 0.9309 520 320 895 1073
rail 0.0013 942 436 1134 952
rail 0.0012 806 318 1056 822
switch-indicator 0.0205 727 348 742 378
switch-indicator 0.0132 723 352 742 391
switch-indicator 0.0011 720 346 749 382
switch-static 0.1484 835 403 894 429
switch-static 0.0132 858 365 885 395
switch-static 0.0072 831 396 898 442
switch-static 0.0040 851 396 907 428
switch-static 0.0013 824 408 860 439
track-sign-front 0.0985 869 369 883 387
track-sign-front 0.0325 728 348 742 368
track-sign-front 0.0175 853 280 880 342
track-sign-front 0.0099 863 364 888 393
track-sign-front 0.0040 1194 266 1228 291
track-sign-front 0.0035 796 349 816 369
track-sign-front 0.0020 713 372 737 396
track-sign-front 0.0012 792 337 823 370
track-signal-front 0.0021 960 265 985 287
track-signal-back 0.1635 856 272 866 289
track-signal-back 0.0517 850 267 886 308
track-signal-back 0.0408 883 253 899 286
track-signal-back 0.0285 849 254 898 291
track-signal-back 0.0164 854 271 868 296
track-signal-back 0.0152 878 245 897 263
track-signal-back 0.0138 879 257 902 318
track-signal-back 0.0115 872 243 893 259
track-signal-back 0.0015 839 274 908 314
pole 0.0055 852 280 882 340
