train-car 0.5777 -6 565 369 736
train-car 0.0518 -10 554 632 706
train-car 0.0148 183 610 451 705
train-car 0.0108 303 611 347 693
train-car 0.0081 1203 530 1853 667
train-car 0.0055 -21 531 684 819
train-car 0.0044 5 475 431 704
train-car 0.0030 241 590 390 687
train-car 0.0028 1466 528 1552 675
train-car 0.0027 1395 530 1517 631
train-car 0.0026 0 580 196 737
train-car 0.0020 280 571 433 679
train-car 0.0020 1364 507 1563 665
train-car 0.0019 194 414 272 737
train-car 0.0018 98 586 398 711
train-car 0.0013 1353 463 1460 652
train-car 0.0012 47 549 404 669
train-car 0.0011 61 597 149 740
train-car 0.0011 251 576 553 689
train-car 0.0010 1288 473 1702 642
platform 0.8867 947 582 1910 1073
platform 0.6477 0 587 916 981
platform 0.0179 1300 561 1906 667
platform 0.0026 1287 519 1814 645
platform 0.0024 1361 453 1868 695
platform 0.0013 1005 564 1929 789
rail 0.9467 722 590 1033 1074
rail 0.7750 15 590 927 1078
rail 0.0182 1290 557 1906 701
rail 0.0045 1460 592 1939 711
switch-static 0.0010 1 961 215 1049
track-sign-front 0.0013 1444 533 1466 596
track-sign-front 0.0013 415 614 440 667
track-signal-front 0.0022 814 567 831 603
track-signal-front 0.0015 919 568 955 602
track-signal-front 0.0010 913 545 938 592
person 0.0310 302 625 341 695
person 0.0166 601 591 630 663
person 0.0026 1323 574 1360 664
person 0.0024 1314 539 1369 665
person 0.0020 606 618 630 657
person 0.0019 1010 565 1041 615
person 0.0012 813 565 833 604
person 0.0012 1017 568 1052 619
pole 0.4304 1594 31 1729 739
pole 0.1285 1827 389 1859 789
pole 0.1065 1485 521 1518 690
pole 0.0205 1384 369 1427 678
pole 0.0163 1599 375 1725 735
pole 0.0146 566 394 603 663
pole 0.0128 1450 539 1465 651
pole 0.0125 1537 435 1779 727
pole 0.0098 1462 513 1537 674
pole 0.0080 202 374 237 708
pole 0.0062 1803 357 1865 785
pole 0.0060 1451 524 1502 673
pole 0.0059 1404 493 1904 722
pole 0.0044 195 390 223 722
pole 0.0038 1833 396 1853 707
pole 0.0038 1832 522 1854 807
pole 0.0031 1612 230 1799 755
pole 0.0031 1494 556 1522 682
pole 0.0028 1824 347 1895 789
pole 0.0026 1572 281 1693 750
pole 0.0022 1445 513 1478 655
pole 0.0020 1365 329 1450 659
pole 0.0018 576 406 620 654
pole 0.0018 1800 554 1866 756
pole 0.0018 1816 491 1877 781
pole 0.0015 411 593 436 668
pole 0.0012 1334 504 1415 664
pole 0.0011 182 382 255 703
pole 0.0010 1582 15 1657 678
pole 0.0010 1517 33 1828 747
rail-occluder 0.0109 1477 529 1518 673
rail-occluder 0.0036 814 569 831 603
rail-occluder 0.0026 1410 530 1545 670
rail-occluder 0.0022 1313 549 1357 660
