crossing 0.2441 625 652 734 682
crossing 0.0612 585 643 738 691
crossing 0.0592 886 665 1021 702
crossing 0.0404 706 647 807 679
crossing 0.0144 638 639 754 675
crossing 0.0141 610 883 1049 1080
crossing 0.0129 548 558 663 685
crossing 0.0116 589 660 692 688
crossing 0.0089 703 635 844 683
crossing 0.0082 617 636 714 679
crossing 0.0078 546 650 688 686
crossing 0.0068 900 619 1022 704
crossing 0.0056 564 596 700 676
crossing 0.0052 681 644 780 674
crossing 0.0017 653 602 754 655
crossing 0.0017 542 559 777 747
crossing 0.0017 867 676 1029 737
crossing 0.0015 711 875 986 939
crossing 0.0012 867 643 995 703
crossing 0.0011 861 620 1051 773
crossing 0.0010 529 658 705 701
guard-rail 0.0016 646 833 819 1079
train-car 0.5628 917 473 996 580
train-car 0.0309 892 476 997 659
train-car 0.0019 1508 440 1920 961
train-car 0.0012 885 444 1034 613
platform 0.1188 -3 635 629 949
platform 0.0375 1053 641 1793 1076
platform 0.0085 507 541 646 663
platform 0.0034 680 607 914 694
platform 0.0011 -4 634 448 806
rail 0.9171 603 585 1044 1074
rail 0.9073 4 584 790 1077
rail 0.0169 606 588 769 659
rail 0.0035 558 559 748 670
rail 0.0029 1485 441 1917 938
rail 0.0017 1 654 221 730
rail 0.0016 718 604 942 688
rail 0.0016 556 594 852 705
rail 0.0013 0 637 303 770
rail 0.0013 0 653 365 854
track-sign-front 0.0378 699 171 731 211
track-sign-front 0.0158 965 429 991 469
track-sign-front 0.0036 1520 563 1582 647
track-sign-front 0.0030 693 154 734 217
track-sign-front 0.0019 1574 539 1616 596
track-signal-front 0.0130 487 340 510 374
track-signal-front 0.0081 487 341 510 405
track-signal-front 0.0069 489 432 516 485
track-signal-front 0.0062 742 450 761 472
track-signal-front 0.0048 485 425 506 460
track-signal-front 0.0045 1592 388 1610 415
track-signal-front 0.0044 1124 457 1156 492
track-signal-front 0.0036 747 446 768 490
track-signal-front 0.0035 761 502 783 549
track-signal-front 0.0025 747 498 786 552
track-signal-front 0.0024 1109 368 1168 425
track-signal-front 0.0023 1091 517 1122 565
track-signal-front 0.0022 488 416 513 467
track-signal-front 0.0021 724 450 747 471
track-signal-front 0.0021 814 507 838 582
track-signal-front 0.0016 487 367 509 454
track-signal-front 0.0016 721 447 748 488
track-signal-front 0.0015 484 378 520 475
track-signal-front 0.0015 137 261 162 291
track-signal-front 0.0013 736 478 784 537
track-signal-front 0.0013 483 334 520 421
track-signal-front 0.0011 1122 467 1157 513
track-signal-front 0.0010 1130 442 1162 474
track-signal-back 0.0235 143 272 219 426
track-signal-back 0.0127 132 280 173 434
track-signal-back 0.0063 131 299 155 424
track-signal-back 0.0020 118 193 156 534
track-signal-back 0.0011 101 82 146 583
track-signal-back 0.0010 217 295 268 430
person-group 0.0021 1202 577 1938 1094
person 0.6810 1139 513 1192 684
person 0.6782 1474 592 1614 1063
person 0.6495 915 542 967 675
person 0.5814 1077 511 1124 672
person 0.5067 1249 528 1322 751
person 0.4248 268 516 323 630
person 0.4101 1083 515 1196 675
person 0.3716 557 541 649 664
person 0.3598 302 525 337 628
person 0.1968 876 545 917 670
person 0.1225 1278 512 1332 716
person 0.1086 252 503 303 621
person 0.0903 241 501 278 599
person 0.0342 1028 514 1057 613
person 0.0290 914 471 992 629
person 0.0243 1297 513 1362 730
person 0.0203 816 543 839 594
person 0.0200 1408 561 1565 1053
person 0.0181 1244 532 1401 770
person 0.0180 1055 509 1088 645
person 0.0177 1243 507 1290 712
person 0.0172 1186 512 1339 720
person 0.0150 1144 514 1235 693
person 0.0148 1064 517 1106 671
person 0.0129 952 532 1013 678
person 0.0129 889 551 994 687
person 0.0121 1022 525 1046 607
person 0.0105 866 536 905 628
person 0.0092 1040 509 1070 613
person 0.0082 867 556 936 692
person 0.0075 1232 541 1273 750
person 0.0071 818 538 851 609
person 0.0070 1003 522 1074 666
person 0.0067 899 609 1023 711
person 0.0065 766 519 789 647
person 0.0058 1482 527 1699 1022
person 0.0057 1416 529 1492 896
person 0.0054 785 547 920 681
person 0.0048 1034 529 1068 656
person 0.0044 997 503 1053 589
person 0.0043 528 543 618 659
person 0.0043 791 490 832 666
person 0.0040 807 507 855 633
person 0.0040 1371 525 1470 800
person 0.0039 805 473 833 633
person 0.0038 814 545 838 653
person 0.0034 236 508 344 637
person 0.0034 939 520 995 656
person 0.0032 1291 530 1338 675
person 0.0031 1014 510 1067 617
person 0.0030 225 501 264 597
person 0.0028 545 536 605 630
person 0.0027 959 533 1007 620
person 0.0026 1349 440 1796 1033
person 0.0026 1449 508 1585 940
person 0.0023 756 521 783 617
person 0.0023 737 558 850 690
person 0.0023 1339 530 1421 722
person 0.0021 565 537 619 602
person 0.0021 1315 527 1378 757
person 0.0020 298 529 358 646
person 0.0019 1359 496 1511 1023
person 0.0019 1262 523 1323 651
person 0.0019 1066 497 1116 603
person 0.0018 1567 603 1688 1006
person 0.0017 218 494 285 627
person 0.0016 250 484 288 547
person 0.0016 813 507 839 583
person 0.0016 496 552 655 699
person 0.0015 312 504 344 610
person 0.0015 1490 561 1597 845
person 0.0015 1043 544 1116 683
person 0.0013 832 541 870 654
person 0.0012 1086 515 1114 573
person 0.0012 1236 568 1270 679
person 0.0011 1115 541 1182 679
person 0.0011 959 480 1016 610
person 0.0011 858 523 1010 738
person 0.0011 1504 562 1581 649
person 0.0010 1255 584 1308 734
person 0.0010 583 532 665 642
person 0.0010 742 504 781 596
person 0.0010 1002 519 1213 716
person 0.0010 865 646 998 703
person 0.0010 853 485 885 634
pole 0.2831 779 106 811 707
pole 0.0267 768 30 823 677
pole 0.0081 785 314 812 646
pole 0.0072 865 332 892 630
pole 0.0050 880 348 900 619
pole 0.0047 853 334 873 625
pole 0.0042 777 318 801 649
pole 0.0039 849 221 879 635
pole 0.0029 352 7 398 570
pole 0.0028 764 401 785 636
pole 0.0023 781 517 817 688
pole 0.0022 773 311 792 607
pole 0.0020 782 245 803 579
pole 0.0015 848 254 865 570
pole 0.0012 741 47 864 635
pole 0.0011 739 48 801 609
pole 0.0010 799 415 860 653
rail-occluder 0.0195 572 543 664 659
rail-occluder 0.0016 1503 447 1929 937
rail-occluder 0.0014 618 584 685 662
