crossing 0.0018 1742 927 1921 1065
guard-rail 0.5262 881 723 892 775
guard-rail 0.4603 1006 723 1068 770
guard-rail 0.2222 1078 718 1150 771
guard-rail 0.1752 666 748 710 797
guard-rail 0.1666 1057 715 1127 761
guard-rail 0.1056 1025 715 1100 765
guard-rail 0.0947 1538 964 1691 1060
guard-rail 0.0863 1036 705 1104 749
guard-rail 0.0797 1097 735 1155 780
guard-rail 0.0743 879 712 893 759
guard-rail 0.0691 994 717 1053 761
guard-rail 0.0681 883 694 911 762
guard-rail 0.0653 1005 672 1045 693
guard-rail 0.0587 1558 939 1774 1071
guard-rail 0.0532 1063 709 1155 750
guard-rail 0.0449 884 678 956 735
guard-rail 0.0432 1012 679 1070 707
guard-rail 0.0400 1012 727 1090 786
guard-rail 0.0388 1014 706 1082 754
guard-rail 0.0332 705 684 772 712
guard-rail 0.0319 648 757 695 808
guard-rail 0.0314 1055 723 1135 788
guard-rail 0.0307 1245 777 1368 825
guard-rail 0.0285 1029 689 1095 717
guard-rail 0.0262 995 666 1036 687
guard-rail 0.0260 1096 713 1165 746
guard-rail 0.0248 683 735 723 774
guard-rail 0.0245 885 704 931 773
guard-rail 0.0241 941 712 961 756
guard-rail 0.0224 701 687 759 727
guard-rail 0.0217 673 688 738 714
guard-rail 0.0182 1065 734 1180 794
guard-rail 0.0166 1607 909 1915 1071
guard-rail 0.0165 974 658 1026 683
guard-rail 0.0164 1280 764 1425 810
guard-rail 0.0158 664 691 713 719
guard-rail 0.0147 968 670 1019 697
guard-rail 0.0140 1053 692 1119 720
guard-rail 0.0132 1529 888 1776 1028
guard-rail 0.0129 1610 948 1774 1021
guard-rail 0.0124 1599 868 1785 955
guard-rail 0.0120 1203 748 1315 793
guard-rail 0.0117 906 697 962 743
guard-rail 0.0115 1067 754 1148 809
guard-rail 0.0114 949 715 969 758
guard-rail 0.0113 1203 755 1365 825
guard-rail 0.0110 862 723 879 766
guard-rail 0.0110 941 657 1003 688
guard-rail 0.0105 1503 833 1840 1000
guard-rail 0.0094 861 743 879 779
guard-rail 0.0091 942 673 995 700
guard-rail 0.0087 1238 769 1331 816
guard-rail 0.0072 1247 752 1468 835
guard-rail 0.0071 1107 723 1196 768
guard-rail 0.0066 716 684 782 727
guard-rail 0.0065 706 716 751 762
guard-rail 0.0064 1591 981 1683 1066
guard-rail 0.0064 874 718 898 777
guard-rail 0.0063 696 740 732 783
guard-rail 0.0063 1181 743 1255 787
guard-rail 0.0058 1110 735 1187 783
guard-rail 0.0056 974 709 1028 751
guard-rail 0.0055 945 696 989 742
guard-rail 0.0055 914 659 979 689
guard-rail 0.0052 1202 759 1274 795
guard-rail 0.0050 1639 957 1783 1057
guard-rail 0.0049 1453 848 1778 1077
guard-rail 0.0046 1239 748 1372 795
guard-rail 0.0045 1206 727 1315 767
guard-rail 0.0044 937 695 1157 816
guard-rail 0.0044 1217 763 1302 798
guard-rail 0.0041 1307 757 1402 800
guard-rail 0.0041 1332 764 1471 815
guard-rail 0.0040 1604 847 1910 1019
guard-rail 0.0039 1153 728 1308 799
guard-rail 0.0038 1662 961 1756 1012
guard-rail 0.0036 1118 715 1189 744
guard-rail 0.0036 1365 781 1864 1018
guard-rail 0.0033 425 915 523 1072
guard-rail 0.0033 667 734 744 791
guard-rail 0.0033 1031 750 1121 807
guard-rail 0.0033 1002 669 1062 702
guard-rail 0.0032 1355 980 1495 1074
guard-rail 0.0031 1625 889 1849 975
guard-rail 0.0031 1072 687 1143 719
guard-rail 0.0031 1000 707 1122 805
guard-rail 0.0029 1167 729 1256 770
guard-rail 0.0029 1140 719 1685 887
guard-rail 0.0027 529 777 593 814
guard-rail 0.0026 979 678 1243 834
guard-rail 0.0025 1105 752 1158 799
guard-rail 0.0024 492 738 591 790
guard-rail 0.0024 1480 920 1683 1054
guard-rail 0.0023 1011 680 1177 785
guard-rail 0.0023 615 702 750 841
guard-rail 0.0022 1016 748 1071 793
guard-rail 0.0022 1538 913 1704 1009
guard-rail 0.0022 763 661 818 709
guard-rail 0.0022 559 771 610 805
guard-rail 0.0021 594 761 684 813
guard-rail 0.0021 1151 725 1225 759
guard-rail 0.0020 745 688 809 725
guard-rail 0.0020 523 736 597 770
guard-rail 0.0019 1275 778 1428 830
guard-rail 0.0018 1554 840 1744 938
guard-rail 0.0018 1088 658 1481 952
guard-rail 0.0018 548 750 615 788
guard-rail 0.0017 598 757 671 790
guard-rail 0.0017 1601 831 1715 917
guard-rail 0.0017 1347 749 1459 799
guard-rail 0.0017 1746 926 1920 1067
guard-rail 0.0017 1270 936 1485 1074
guard-rail 0.0016 578 760 641 790
guard-rail 0.0016 1031 665 1101 700
guard-rail 0.0016 664 689 756 748
guard-rail 0.0016 866 746 892 804
guard-rail 0.0016 1063 778 1127 821
guard-rail 0.0015 1645 863 1779 930
guard-rail 0.0015 1399 1015 1502 1077
guard-rail 0.0014 726 715 759 756
guard-rail 0.0014 1662 881 1764 946
guard-rail 0.0014 1105 674 1177 704
guard-rail 0.0014 857 720 892 788
guard-rail 0.0013 1146 735 1237 785
guard-rail 0.0013 943 736 962 782
guard-rail 0.0012 1317 766 1504 848
guard-rail 0.0012 1152 750 1302 844
guard-rail 0.0012 1408 783 1551 842
guard-rail 0.0012 482 749 554 795
guard-rail 0.0012 1564 948 1668 1040
guard-rail 0.0011 488 763 589 816
guard-rail 0.0011 1383 767 1521 822
guard-rail 0.0011 567 764 648 805
guard-rail 0.0011 1169 753 1264 800
guard-rail 0.0011 885 730 923 785
guard-rail 0.0010 981 730 1024 776
guard-rail 0.0010 1249 726 1358 770
guard-rail 0.0010 1490 977 1668 1078
guard-rail 0.0010 1150 714 1222 741
guard-rail 0.0010 1644 944 1741 1004
guard-rail 0.0010 958 671 1128 775
guard-rail 0.0010 943 712 978 761
guard-rail 0.0010 529 788 587 828
rail 0.9299 726 637 1023 1075
rail 0.9116 2 646 813 1075
rail 0.8685 873 650 1508 1077
rail 0.7400 965 627 1921 1012
rail 0.0237 1559 973 1710 1071
rail 0.0134 1078 695 1720 1078
rail 0.0068 1562 953 1814 1079
rail 0.0052 866 637 905 664
rail 0.0049 360 800 616 1057
rail 0.0049 984 694 1466 895
rail 0.0043 1439 764 1891 1053
rail 0.0043 -1 677 569 933
rail 0.0039 914 629 1336 939
rail 0.0039 1109 649 1523 962
rail 0.0038 1206 720 1833 972
rail 0.0032 780 639 855 668
rail 0.0029 296 657 782 972
rail 0.0024 403 911 533 1071
rail 0.0023 855 630 902 653
rail 0.0022 1710 916 1917 1071
rail 0.0015 1263 793 1770 1072
rail 0.0014 1047 727 1307 1018
rail 0.0014 659 663 752 700
rail 0.0012 1350 982 1595 1083
rail 0.0012 1619 969 1755 1081
rail 0.0011 16 856 449 1072
rail 0.0010 739 650 813 711
rail 0.0010 1582 833 1929 1094
switch-indicator 0.0373 1660 807 1682 836
switch-indicator 0.0014 99 857 121 882
switch-left 0.0261 743 665 802 698
switch-left 0.0070 884 687 952 739
switch-left 0.0038 722 659 806 708
switch-left 0.0033 860 650 906 675
switch-left 0.0011 765 669 815 705
switch-right 0.1773 885 674 949 704
switch-right 0.0628 877 659 936 688
switch-right 0.0579 737 668 798 696
switch-right 0.0217 887 681 953 733
switch-right 0.0210 706 683 772 714
switch-right 0.0139 868 641 913 663
switch-right 0.0040 938 663 1003 689
switch-right 0.0033 910 665 976 690
switch-right 0.0025 738 655 815 702
switch-unknown 0.0914 756 656 812 683
switch-unknown 0.0902 778 651 815 672
switch-unknown 0.0490 869 640 911 660
switch-unknown 0.0131 885 636 939 661
switch-unknown 0.0104 991 665 1041 691
switch-unknown 0.0071 909 636 970 663
switch-unknown 0.0051 967 645 1020 673
switch-unknown 0.0050 857 624 897 656
switch-unknown 0.0050 970 658 1027 685
switch-unknown 0.0045 985 646 1038 673
switch-unknown 0.0039 1000 671 1065 700
switch-unknown 0.0031 699 670 773 700
switch-unknown 0.0028 869 615 924 662
switch-unknown 0.0028 730 627 796 665
switch-unknown 0.0022 941 635 999 675
switch-unknown 0.0011 1101 667 1179 692
switch-unknown 0.0010 1129 675 1191 697
switch-unknown 0.0010 668 664 740 699
switch-static 0.0170 666 689 708 708
switch-static 0.0087 859 646 906 675
switch-static 0.0047 780 649 843 678
switch-static 0.0037 831 652 879 678
switch-static 0.0026 1657 808 1699 851
switch-static 0.0022 98 858 122 889
switch-static 0.0019 780 635 849 673
switch-static 0.0018 773 699 820 724
switch-static 0.0010 1129 671 1185 693
track-sign-front 0.0093 1443 681 1456 701
track-sign-front 0.0062 598 623 619 653
track-sign-front 0.0060 543 658 568 689
track-sign-front 0.0038 1290 671 1317 697
track-sign-front 0.0034 605 624 620 643
track-sign-front 0.0033 1434 681 1455 703
track-sign-front 0.0029 547 651 570 680
track-sign-front 0.0021 1588 678 1614 766
track-sign-front 0.0015 1259 648 1303 694
track-sign-front 0.0014 1265 650 1288 675
track-sign-front 0.0013 1247 649 1285 693
track-sign-front 0.0011 99 856 125 881
track-sign-front 0.0011 1440 678 1458 708
track-sign-front 0.0011 591 653 619 690
track-sign-front 0.0010 1447 681 1465 707
track-signal-back 0.0617 910 593 921 612
track-signal-back 0.0157 912 586 924 604
track-signal-back 0.0132 844 587 859 624
track-signal-back 0.0118 968 587 980 643
track-signal-back 0.0106 788 589 805 614
track-signal-back 0.0061 904 595 929 653
track-signal-back 0.0055 845 580 858 608
track-signal-back 0.0037 782 574 802 632
track-signal-back 0.0030 846 578 873 624
track-signal-back 0.0025 908 582 957 618
track-signal-back 0.0021 790 581 809 606
track-signal-back 0.0019 1589 675 1614 754
track-signal-back 0.0016 806 580 860 618
track-signal-back 0.0016 969 566 994 644
track-signal-back 0.0010 899 577 920 606
person 0.0011 1586 680 1614 774
pole 0.0193 1042 553 1053 657
pole 0.0186 729 555 743 663
pole 0.0061 547 442 563 714
pole 0.0052 968 592 982 647
pole 0.0032 728 583 759 659
pole 0.0031 843 579 863 653
pole 0.0016 965 584 995 657
pole 0.0011 1224 486 1242 715
rail-occluder 0.0010 721 619 751 658
