guard-rail 0.0638 692 1006 748 1077
guard-rail 0.0166 687 967 776 1077
guard-rail 0.0114 1563 728 1854 828
guard-rail 0.0090 810 783 884 892
guard-rail 0.0050 1359 655 1440 685
guard-rail 0.0047 1058 784 1092 931
guard-rail 0.0045 1058 795 1081 891
guard-rail 0.0044 1063 809 1088 900
guard-rail 0.0042 1739 759 1926 922
guard-rail 0.0041 1615 740 1765 806
guard-rail 0.0034 678 1028 725 1078
guard-rail 0.0024 1057 767 1150 1053
guard-rail 0.0024 833 757 891 883
guard-rail 0.0021 1040 755 1121 1004
guard-rail 0.0020 1062 801 1119 974
guard-rail 0.0020 1790 769 1920 863
guard-rail 0.0019 1572 731 1727 797
guard-rail 0.0018 1834 797 1920 911
guard-rail 0.0018 1256 617 1317 648
guard-rail 0.0016 1640 758 1743 807
guard-rail 0.0014 1848 825 1919 955
guard-rail 0.0012 1579 709 1800 788
guard-rail 0.0011 1045 765 1084 889
guard-rail 0.0010 1638 758 1799 823
train-car 0.1686 1210 525 1274 550
train-car 0.0618 1215 534 1294 586
train-car 0.0391 1709 511 1913 617
train-car 0.0301 1748 517 1929 571
train-car 0.0262 1716 514 1781 592
train-car 0.0150 1199 520 1251 551
train-car 0.0077 1191 519 1280 570
train-car 0.0073 1239 519 1308 563
train-car 0.0066 1162 533 1264 577
train-car 0.0063 1713 468 1792 615
train-car 0.0052 1630 520 1833 599
train-car 0.0040 1165 537 1193 567
train-car 0.0035 1680 520 1892 582
train-car 0.0025 1697 529 1814 604
train-car 0.0023 1894 460 1923 607
train-car 0.0021 633 553 825 610
train-car 0.0020 1868 509 1918 626
train-car 0.0020 1733 447 1927 650
train-car 0.0020 591 553 812 646
train-car 0.0018 1191 499 1286 551
train-car 0.0018 1793 520 1888 568
train-car 0.0017 1730 398 1802 626
train-car 0.0016 1289 536 1419 576
train-car 0.0013 1505 502 1882 625
train-car 0.0013 1411 497 1535 592
train-car 0.0013 1377 527 1445 572
train-car 0.0012 1208 487 1308 617
train-car 0.0011 1811 517 1947 623
platform 0.0139 -1 774 219 907
rail 0.9265 1066 551 1916 1076
rail 0.9027 7 570 1019 1069
rail 0.7776 1293 560 1916 733
rail 0.7566 896 557 1173 1078
rail 0.7420 12 583 969 805
rail 0.6268 676 564 1146 1077
rail 0.5114 960 564 1069 628
rail 0.4131 1224 560 1326 632
rail 0.3490 1035 563 1138 627
rail 0.3267 1243 555 1308 606
rail 0.2708 1075 573 1132 625
rail 0.2192 1056 569 1125 614
rail 0.2150 1405 668 1915 902
rail 0.1711 1584 718 1919 898
rail 0.1553 912 704 1024 1078
rail 0.1403 1024 560 1104 604
rail 0.1129 1234 558 1390 654
rail 0.1082 1190 566 1302 616
rail 0.1050 964 569 1042 612
rail 0.0752 26 617 606 787
rail 0.0748 1239 583 1339 637
rail 0.0687 805 705 1029 1076
rail 0.0674 1086 571 1160 631
rail 0.0546 960 581 1014 627
rail 0.0535 1202 559 1281 604
rail 0.0461 1259 556 1321 595
rail 0.0365 -3 669 435 758
rail 0.0330 0 701 308 778
rail 0.0325 1317 565 1620 632
rail 0.0288 949 565 1018 602
rail 0.0285 1212 594 1860 874
rail 0.0262 1357 552 1940 644
rail 0.0234 1085 547 1176 618
rail 0.0229 972 582 1091 648
rail 0.0182 883 575 1031 627
rail 0.0182 1020 559 1069 583
rail 0.0179 1001 566 1072 615
rail 0.0177 1266 554 1383 598
rail 0.0167 1568 589 1923 750
rail 0.0165 1188 561 1245 599
rail 0.0161 941 551 1113 634
rail 0.0157 1199 554 1637 758
rail 0.0141 879 565 1013 601
rail 0.0127 1380 655 1663 747
rail 0.0123 1177 551 1338 647
rail 0.0116 1211 569 1423 687
rail 0.0105 1710 541 1917 649
rail 0.0096 986 558 1059 583
rail 0.0096 1270 561 1434 612
rail 0.0091 1348 559 1589 600
rail 0.0087 -3 583 739 729
rail 0.0087 1292 555 1456 597
rail 0.0085 1034 558 1093 585
rail 0.0084 1247 551 1598 661
rail 0.0079 678 715 958 1075
rail 0.0077 1042 548 1170 650
rail 0.0073 882 673 1062 841
rail 0.0069 1319 633 1502 700
rail 0.0069 1106 552 1233 611
rail 0.0064 1187 583 1298 632
rail 0.0064 1740 755 1920 876
rail 0.0064 1668 767 1918 986
rail 0.0062 966 557 1027 583
rail 0.0061 1283 612 1421 685
rail 0.0061 1 745 228 907
rail 0.0061 1056 625 1089 663
rail 0.0059 786 569 1013 629
rail 0.0058 1376 538 1491 623
rail 0.0057 1163 545 1208 603
rail 0.0052 832 564 1074 651
rail 0.0049 977 729 1175 1079
rail 0.0048 1288 558 1361 593
rail 0.0046 1671 589 1918 701
rail 0.0046 855 580 952 606
rail 0.0045 1589 562 1922 663
rail 0.0043 1786 561 1918 663
rail 0.0043 805 593 911 625
rail 0.0039 349 615 820 709
rail 0.0038 6 679 314 736
rail 0.0036 756 534 846 693
rail 0.0035 -23 712 192 771
rail 0.0035 916 543 1095 761
rail 0.0034 968 714 1019 1053
rail 0.0033 1311 580 1563 654
rail 0.0032 1132 544 1191 612
rail 0.0030 1473 650 1662 801
rail 0.0028 1285 575 1355 617
rail 0.0026 1311 556 1399 594
rail 0.0025 896 717 956 1055
rail 0.0022 456 489 843 776
rail 0.0021 1048 552 1135 587
rail 0.0021 1767 806 1920 958
rail 0.0021 1275 531 1384 576
rail 0.0020 1463 609 1690 696
rail 0.0020 1168 568 1208 610
rail 0.0018 1134 515 1289 624
rail 0.0018 1157 501 1889 799
rail 0.0018 -19 726 235 797
rail 0.0018 616 579 840 621
rail 0.0018 1901 550 1921 633
rail 0.0017 431 626 1060 1076
rail 0.0017 904 687 987 997
rail 0.0017 1240 610 1339 653
rail 0.0017 1826 800 1921 909
rail 0.0016 792 551 1147 858
rail 0.0016 1758 738 1917 826
rail 0.0016 1860 580 1919 707
rail 0.0015 947 552 1007 584
rail 0.0015 1033 630 1098 684
rail 0.0015 1392 592 1697 655
rail 0.0014 1897 567 1920 668
rail 0.0014 1582 697 1891 804
rail 0.0013 1312 574 1390 600
rail 0.0013 983 632 1098 708
rail 0.0013 1301 522 1709 669
rail 0.0013 1676 648 1915 736
rail 0.0013 1436 652 1576 718
rail 0.0012 1820 767 1921 863
rail 0.0012 1744 528 1925 752
rail 0.0012 688 982 840 1082
rail 0.0012 1591 747 1942 1085
rail 0.0012 1888 577 1921 710
rail 0.0012 920 511 1241 740
rail 0.0011 1 654 327 721
rail 0.0011 1882 571 1930 667
rail 0.0011 33 534 487 760
rail 0.0011 724 548 1074 679
rail 0.0011 1801 537 1961 625
rail 0.0011 1827 553 1929 644
rail 0.0010 1758 787 1932 1071
rail 0.0010 1537 557 1927 860
rail 0.0010 -13 612 197 908
rail 0.0010 626 549 976 783
switch-indicator 0.2206 1058 636 1084 669
switch-indicator 0.0010 1243 634 1275 661
switch-left 0.2647 929 666 1031 724
switch-left 0.1159 922 697 1031 754
switch-left 0.1146 1084 595 1143 629
switch-left 0.0683 1291 625 1378 658
switch-left 0.0635 1093 603 1160 635
switch-left 0.0344 949 622 1020 658
switch-left 0.0324 1257 599 1344 646
switch-left 0.0276 1274 617 1358 649
switch-left 0.0245 945 575 1065 665
switch-left 0.0239 923 723 1027 782
switch-left 0.0219 1422 672 1525 710
switch-left 0.0173 1323 635 1415 673
switch-left 0.0119 1403 662 1544 720
switch-left 0.0112 1469 688 1581 726
switch-left 0.0103 1403 668 1495 701
switch-left 0.0090 1283 615 1423 682
switch-left 0.0073 933 655 1015 705
switch-left 0.0069 925 646 1034 762
switch-left 0.0065 1108 618 1173 644
switch-left 0.0061 1337 648 1419 680
switch-left 0.0058 908 672 1050 811
switch-left 0.0054 1354 652 1445 686
switch-left 0.0042 1505 691 1633 737
switch-left 0.0041 1360 650 1507 716
switch-left 0.0031 1540 706 1697 773
switch-left 0.0030 1126 622 1190 648
switch-left 0.0027 1423 681 1534 726
switch-left 0.0026 1560 729 1738 799
switch-left 0.0017 1500 706 1646 762
switch-left 0.0015 970 635 1094 705
switch-left 0.0015 1091 614 1149 645
switch-left 0.0015 1288 634 1384 671
switch-left 0.0011 1246 614 1332 650
switch-right 0.2875 929 667 1031 719
switch-right 0.1572 958 598 1018 634
switch-right 0.1054 1086 596 1143 629
switch-right 0.1033 918 713 1035 775
switch-right 0.0705 1275 614 1371 653
switch-right 0.0597 1300 629 1391 666
switch-right 0.0519 1093 603 1159 635
switch-right 0.0385 947 629 1017 666
switch-right 0.0154 1321 635 1415 674
switch-right 0.0134 1403 673 1503 709
switch-right 0.0078 1407 662 1535 722
switch-right 0.0077 1380 662 1473 700
switch-right 0.0064 1449 668 1579 735
switch-right 0.0063 1110 619 1172 644
switch-right 0.0050 1354 652 1444 688
switch-right 0.0045 922 650 1032 756
switch-right 0.0029 1127 624 1188 646
switch-right 0.0015 1093 614 1147 645
switch-right 0.0014 913 691 1019 745
switch-unknown 0.1818 1065 574 1126 623
switch-unknown 0.1154 1035 562 1091 600
switch-unknown 0.1031 964 569 1031 610
switch-unknown 0.0746 959 576 1034 630
switch-unknown 0.0578 1012 562 1073 589
switch-unknown 0.0571 1023 560 1064 581
switch-unknown 0.0433 955 567 1012 600
switch-unknown 0.0424 1249 588 1323 636
switch-unknown 0.0400 1201 570 1282 615
switch-unknown 0.0254 881 582 951 604
switch-unknown 0.0232 865 586 934 608
switch-unknown 0.0215 1039 556 1086 584
switch-unknown 0.0209 1190 571 1249 609
switch-unknown 0.0184 1238 585 1294 630
switch-unknown 0.0173 992 554 1052 582
switch-unknown 0.0165 970 555 1019 582
switch-unknown 0.0123 843 591 923 614
switch-unknown 0.0085 1270 548 1325 583
switch-unknown 0.0080 1211 591 1269 625
switch-unknown 0.0072 835 599 906 621
switch-unknown 0.0069 905 576 982 610
switch-unknown 0.0067 813 604 891 628
switch-unknown 0.0067 955 553 999 580
switch-unknown 0.0064 908 569 982 597
switch-unknown 0.0056 889 570 959 602
switch-unknown 0.0035 1059 542 1121 590
switch-unknown 0.0027 799 608 864 634
switch-static 0.1552 1048 638 1089 682
switch-static 0.1248 1038 671 1103 693
switch-static 0.0609 1571 691 1647 717
switch-static 0.0604 1480 667 1555 691
switch-static 0.0411 1050 657 1092 687
switch-static 0.0392 1636 817 1798 903
switch-static 0.0354 1692 845 1751 883
switch-static 0.0300 1442 665 1518 693
switch-static 0.0232 1033 632 1084 673
switch-static 0.0217 1478 671 1565 710
switch-static 0.0172 1515 682 1627 718
switch-static 0.0155 1489 678 1589 719
switch-static 0.0142 1017 669 1087 697
switch-static 0.0135 1011 595 1054 641
switch-static 0.0123 963 581 1047 640
switch-static 0.0110 1499 670 1572 693
switch-static 0.0094 1583 697 1689 731
switch-static 0.0076 991 619 1048 661
switch-static 0.0073 1113 615 1183 641
switch-static 0.0059 1385 664 1468 696
switch-static 0.0051 1365 633 1437 669
switch-static 0.0049 1605 773 1865 920
switch-static 0.0046 969 658 1045 698
switch-static 0.0045 1690 846 1761 912
switch-static 0.0033 1402 621 1445 659
switch-static 0.0031 1034 652 1104 697
switch-static 0.0025 1391 623 1431 644
switch-static 0.0025 1518 692 1619 733
switch-static 0.0018 1469 651 1524 679
switch-static 0.0016 872 706 931 742
switch-static 0.0016 957 666 1045 717
switch-static 0.0014 596 639 664 664
switch-static 0.0013 1342 624 1412 650
switch-static 0.0012 1608 697 1721 741
switch-static 0.0011 1687 817 1776 879
switch-static 0.0011 1656 850 1744 912
switch-static 0.0010 1154 609 1201 650
switch-static 0.0010 648 651 684 675
track-sign-front 0.6687 276 542 313 596
track-sign-front 0.5495 769 532 804 571
track-sign-front 0.1711 477 529 494 551
track-sign-front 0.1067 668 331 686 628
track-sign-front 0.0467 1168 537 1186 562
track-sign-front 0.0439 671 416 685 516
track-sign-front 0.0204 766 492 817 587
track-sign-front 0.0071 671 442 684 571
track-sign-front 0.0062 1887 255 1919 291
track-sign-front 0.0061 769 435 808 697
track-sign-front 0.0061 653 370 695 399
track-sign-front 0.0055 654 378 681 399
track-sign-front 0.0047 789 457 822 555
track-sign-front 0.0041 317 540 343 605
track-sign-front 0.0041 299 534 338 598
track-sign-front 0.0040 667 525 690 641
track-sign-front 0.0038 792 461 820 517
track-sign-front 0.0035 253 465 341 711
track-sign-front 0.0032 753 460 793 545
track-sign-front 0.0027 1383 515 1436 578
track-sign-front 0.0024 1899 503 1921 613
track-sign-front 0.0022 314 570 341 612
track-sign-front 0.0021 792 504 826 590
track-sign-front 0.0021 665 379 692 558
track-sign-front 0.0020 800 465 824 504
track-sign-front 0.0020 304 515 347 630
track-sign-front 0.0017 668 534 720 624
track-sign-front 0.0016 468 530 498 558
track-sign-front 0.0016 653 554 693 632
track-sign-front 0.0015 744 391 783 439
track-sign-front 0.0014 677 363 714 397
track-sign-front 0.0014 770 561 813 639
track-sign-front 0.0013 1347 522 1411 573
track-sign-front 0.0013 759 392 804 462
track-sign-front 0.0013 1156 538 1191 572
track-sign-front 0.0012 735 553 760 612
track-sign-front 0.0011 280 652 304 707
track-sign-front 0.0011 477 526 516 562
track-sign-front 0.0011 281 591 314 662
track-sign-front 0.0010 659 354 701 388
track-sign-front 0.0010 368 543 382 577
track-sign-front 0.0010 248 548 330 619
track-sign-front 0.0010 1784 511 1842 559
track-signal-front 0.8116 636 210 703 354
track-signal-front 0.0197 770 325 813 371
track-signal-front 0.0071 759 280 811 372
track-signal-front 0.0052 671 205 789 367
track-signal-front 0.0047 778 372 813 414
track-signal-front 0.0033 765 362 816 444
track-signal-front 0.0014 239 341 255 392
track-signal-front 0.0013 753 458 779 556
track-signal-back 0.0265 106 314 131 386
track-signal-back 0.0258 46 302 78 377
track-signal-back 0.0240 770 321 814 368
track-signal-back 0.0231 1411 380 1447 442
track-signal-back 0.0126 762 285 813 371
track-signal-back 0.0035 233 452 252 503
track-signal-back 0.0018 144 320 183 391
track-signal-back 0.0016 110 320 151 392
track-signal-back 0.0015 763 208 808 386
track-signal-back 0.0012 1308 488 1325 545
pole 0.6013 279 14 359 802
pole 0.5781 1412 372 1452 636
pole 0.5266 663 333 699 823
pole 0.2830 749 167 828 762
pole 0.1831 762 312 813 786
pole 0.1378 1759 106 1807 681
pole 0.1018 668 340 684 663
pole 0.0955 1495 462 1506 592
pole 0.0727 478 235 507 634
pole 0.0629 1165 350 1193 609
pole 0.0399 649 441 712 844
pole 0.0306 669 430 689 761
pole 0.0237 766 465 807 724
pole 0.0178 1143 373 1175 617
pole 0.0177 1137 481 1152 574
pole 0.0142 698 350 805 848
pole 0.0140 1137 429 1156 588
pole 0.0119 1421 513 1447 643
pole 0.0114 697 122 846 847
pole 0.0113 1396 402 1442 648
pole 0.0113 763 194 817 549
pole 0.0097 1462 460 1499 600
pole 0.0087 1421 474 1456 615
pole 0.0086 730 419 829 713
pole 0.0086 1183 363 1205 605
pole 0.0072 1169 521 1190 567
pole 0.0072 1898 447 1921 617
pole 0.0072 1396 476 1467 627
pole 0.0065 798 436 822 612
pole 0.0063 1770 362 1803 655
pole 0.0059 1163 536 1187 571
pole 0.0057 644 424 817 779
pole 0.0054 755 390 779 619
pole 0.0051 1312 481 1345 582
pole 0.0044 758 533 823 763
pole 0.0044 648 662 689 812
pole 0.0044 673 458 714 706
pole 0.0043 1497 454 1516 571
pole 0.0043 1452 399 1485 623
pole 0.0042 1146 364 1202 619
pole 0.0036 761 226 815 379
pole 0.0036 460 180 516 676
pole 0.0033 1416 435 1451 584
pole 0.0029 1386 502 1437 592
pole 0.0028 1726 104 1838 658
pole 0.0028 1496 390 1511 600
pole 0.0028 1138 476 1193 586
pole 0.0027 648 119 720 763
pole 0.0026 1747 426 1826 642
pole 0.0024 659 491 690 695
pole 0.0024 -1 207 67 1027
pole 0.0022 1171 437 1199 575
pole 0.0022 1133 510 1159 585
pole 0.0022 488 298 520 612
pole 0.0022 1888 257 1920 669
pole 0.0021 269 334 345 713
pole 0.0020 1074 476 1099 581
pole 0.0020 659 499 742 792
pole 0.0019 667 488 686 620
pole 0.0019 793 430 818 551
pole 0.0019 1185 445 1214 574
pole 0.0019 483 373 508 605
pole 0.0019 485 222 537 632
pole 0.0018 1372 403 1408 617
pole 0.0017 1365 502 1399 575
pole 0.0017 1295 489 1332 575
pole 0.0017 782 320 813 538
pole 0.0017 649 198 693 661
pole 0.0017 1783 375 1826 636
pole 0.0017 1323 483 1378 582
pole 0.0016 758 409 789 569
pole 0.0015 1362 383 1439 635
pole 0.0014 1482 462 1515 593
pole 0.0014 1006 491 1032 573
pole 0.0014 583 211 751 823
pole 0.0013 773 575 810 754
pole 0.0013 1494 492 1524 593
pole 0.0013 796 457 829 559
pole 0.0013 1316 489 1568 675
pole 0.0013 1296 508 1362 586
pole 0.0012 1774 135 1860 701
pole 0.0012 1185 428 1205 547
pole 0.0011 1053 472 1091 585
pole 0.0011 1497 441 1509 550
pole 0.0011 1153 414 1183 555
pole 0.0011 257 261 322 759
pole 0.0011 0 773 181 1082
pole 0.0011 1759 487 1871 587
pole 0.0010 736 507 763 655
pole 0.0010 288 18 469 815
pole 0.0010 308 262 362 755
rail-occluder 0.1142 645 725 671 800
rail-occluder 0.0842 284 657 320 757
rail-occluder 0.0214 1650 634 1668 665
rail-occluder 0.0161 293 632 357 763
rail-occluder 0.0150 203 625 420 772
rail-occluder 0.0147 1 762 212 1009
rail-occluder 0.0146 283 666 306 734
rail-occluder 0.0127 1743 547 1921 654
rail-occluder 0.0124 1425 562 1444 637
rail-occluder 0.0092 1166 540 1195 605
rail-occluder 0.0076 1145 533 1189 619
rail-occluder 0.0075 648 710 689 796
rail-occluder 0.0056 1427 594 1444 643
rail-occluder 0.0050 1417 601 1442 648
rail-occluder 0.0046 1171 568 1199 609
rail-occluder 0.0042 1644 631 1667 696
rail-occluder 0.0040 275 672 309 754
rail-occluder 0.0037 1901 532 1920 624
rail-occluder 0.0037 -1 729 207 893
rail-occluder 0.0025 627 688 698 833
rail-occluder 0.0023 1125 557 1185 627
rail-occluder 0.0021 281 585 318 719
rail-occluder 0.0019 1439 553 1505 595
rail-occluder 0.0019 764 556 806 637
rail-occluder 0.0018 1650 625 1671 656
rail-occluder 0.0017 1626 629 1694 672
rail-occluder 0.0017 291 581 338 727
rail-occluder 0.0016 265 602 315 759
rail-occluder 0.0016 1791 551 1892 644
rail-occluder 0.0012 693 568 764 625
rail-occluder 0.0011 284 602 396 756
rail-occluder 0.0011 23 780 191 935
rail-occluder 0.0010 1470 551 1517 593
rail-occluder 0.0010 641 631 689 671
