crossing 0.3759 910 674 1152 736
crossing 0.3409 585 665 833 727
crossing 0.1616 1000 677 1246 734
crossing 0.0841 917 685 1087 728
crossing 0.0351 1092 670 1315 734
crossing 0.0301 565 651 978 736
crossing 0.0144 954 664 1181 720
crossing 0.0127 848 645 1503 764
crossing 0.0098 737 662 1316 810
crossing 0.0089 1231 639 1389 670
crossing 0.0073 1026 660 1297 755
crossing 0.0044 107 585 1343 883
crossing 0.0044 1144 647 1324 688
crossing 0.0043 1080 685 1192 731
crossing 0.0042 649 656 1183 771
crossing 0.0041 1174 640 1348 673
crossing 0.0040 650 646 900 723
crossing 0.0036 925 648 1224 741
crossing 0.0031 1275 632 1423 664
crossing 0.0030 885 649 1110 722
crossing 0.0028 1006 650 1222 702
crossing 0.0027 1197 632 1433 685
crossing 0.0023 1080 649 1300 699
crossing 0.0022 1007 675 1119 725
crossing 0.0021 674 674 788 722
crossing 0.0020 1150 679 1273 733
crossing 0.0018 3 894 421 1085
crossing 0.0016 632 670 745 720
crossing 0.0016 1024 640 1205 678
crossing 0.0013 1157 636 1374 704
crossing 0.0012 1144 648 1365 761
crossing 0.0011 510 665 701 748
crossing 0.0011 527 607 788 765
crossing 0.0011 665 677 882 734
crossing 0.0010 0 991 221 1073
guard-rail 0.7796 828 723 915 892
guard-rail 0.3645 1012 716 1056 868
guard-rail 0.1677 850 719 927 801
guard-rail 0.0573 1012 706 1051 801
guard-rail 0.0542 607 696 1085 932
guard-rail 0.0189 745 642 1330 1046
guard-rail 0.0136 927 687 1067 744
guard-rail 0.0116 1002 686 1114 825
guard-rail 0.0112 815 737 879 884
guard-rail 0.0103 1020 707 1078 875
guard-rail 0.0057 836 704 951 769
guard-rail 0.0050 848 685 965 819
guard-rail 0.0039 812 777 896 915
guard-rail 0.0038 1001 740 1027 877
guard-rail 0.0036 887 687 1025 733
guard-rail 0.0029 990 679 1093 735
guard-rail 0.0028 1012 770 1031 877
guard-rail 0.0026 861 692 943 894
guard-rail 0.0021 1031 750 1072 866
guard-rail 0.0018 923 672 1074 785
guard-rail 0.0014 1020 694 1080 795
guard-rail 0.0012 873 690 978 759
guard-rail 0.0012 760 701 918 1071
guard-rail 0.0011 990 715 1038 868
platform 0.0808 1221 654 1902 1075
rail 0.8240 751 625 1696 1077
rail 0.6375 41 603 1402 1077
rail 0.0149 158 554 1872 911
rail 0.0033 648 604 1712 846
rail 0.0020 1469 608 1815 736
rail 0.0017 1408 588 1802 665
rail 0.0014 498 613 1102 1077
rail 0.0013 701 582 1692 726
rail 0.0013 576 616 1049 722
rail 0.0012 1438 566 1888 691
rail 0.0010 391 505 1819 774
track-sign-front 0.6679 498 380 560 444
track-sign-front 0.5671 677 402 716 452
track-sign-front 0.1916 664 347 725 402
track-sign-front 0.1325 461 445 489 475
track-sign-front 0.1279 0 329 59 450
track-sign-front 0.1248 732 357 759 406
track-sign-front 0.0512 -1 208 54 447
track-sign-front 0.0362 2 491 59 545
track-sign-front 0.0355 467 388 501 447
track-sign-front 0.0329 0 217 40 325
track-sign-front 0.0254 458 442 489 503
track-sign-front 0.0182 726 375 757 426
track-sign-front 0.0117 680 400 742 448
track-sign-front 0.0101 495 279 565 561
track-sign-front 0.0085 0 15 42 327
track-sign-front 0.0083 710 354 753 400
track-sign-front 0.0073 -1 168 48 355
track-sign-front 0.0060 -2 382 49 449
track-sign-front 0.0060 459 416 511 493
track-sign-front 0.0059 511 328 579 538
track-sign-front 0.0038 -3 319 88 410
track-sign-front 0.0030 472 381 502 427
track-sign-front 0.0029 462 404 496 470
track-sign-front 0.0028 665 356 725 488
track-sign-front 0.0022 659 328 722 433
track-sign-front 0.0016 451 452 493 527
track-sign-front 0.0016 5 49 54 416
track-sign-front 0.0015 -1 275 102 466
track-sign-front 0.0015 1242 393 1302 419
track-sign-front 0.0014 -1 273 38 413
track-sign-front 0.0013 657 353 698 406
track-sign-front 0.0012 692 448 717 572
track-sign-front 0.0010 1752 332 1792 374
track-sign-front 0.0010 1603 429 1621 556
track-signal-front 0.0122 0 215 38 296
track-signal-front 0.0040 1529 404 1559 461
track-signal-front 0.0028 0 106 37 338
track-signal-front 0.0015 1350 347 1382 378
track-signal-front 0.0015 1535 400 1581 463
track-signal-front 0.0014 540 142 572 233
track-signal-back 0.0157 1476 334 1497 389
track-signal-back 0.0034 1468 332 1498 408
person 0.0143 255 413 303 511
person 0.0058 247 420 297 565
person 0.0055 451 442 492 525
person 0.0053 1598 441 1621 596
person 0.0046 275 415 311 480
person 0.0028 1336 492 1357 583
person 0.0017 236 442 284 578
person 0.0016 331 421 357 486
person 0.0015 297 415 334 492
person 0.0015 241 397 286 529
person 0.0011 920 466 942 537
pole 0.1586 1405 2 1450 665
pole 0.0495 1391 15 1475 723
pole 0.0382 1495 624 1516 759
pole 0.0204 1409 336 1450 660
pole 0.0151 1479 402 1499 708
pole 0.0142 549 69 609 969
pole 0.0075 1473 331 1509 709
pole 0.0071 1603 447 1622 599
pole 0.0063 1607 490 1620 592
pole 0.0063 1400 249 1463 682
pole 0.0059 1366 19 1441 722
pole 0.0057 1472 514 1493 654
pole 0.0052 557 206 601 828
pole 0.0045 1455 440 1500 685
pole 0.0037 505 91 589 804
pole 0.0036 1423 349 1463 664
pole 0.0036 1598 492 1618 599
pole 0.0030 693 399 718 619
pole 0.0029 0 20 44 317
pole 0.0023 479 -15 639 1037
pole 0.0022 1593 422 1627 595
pole 0.0018 1558 429 1583 586
pole 0.0017 524 505 673 1036
pole 0.0017 1399 340 1431 665
pole 0.0015 1477 297 1527 655
pole 0.0015 1796 26 1916 699
pole 0.0014 1460 633 1507 748
pole 0.0013 1478 488 1501 626
pole 0.0013 519 575 691 831
pole 0.0011 1456 346 1493 620
rail-occluder 0.0455 1492 611 1517 760
rail-occluder 0.0318 1443 599 1495 651
rail-occluder 0.0226 1466 602 1513 687
rail-occluder 0.0222 1492 603 1514 697
rail-occluder 0.0210 1485 602 1515 658
rail-occluder 0.0113 1482 610 1534 757
rail-occluder 0.0100 1456 559 1490 658
rail-occluder 0.0075 1494 604 1518 645
rail-occluder 0.0059 1480 561 1508 668
rail-occluder 0.0057 1453 606 1651 729
rail-occluder 0.0044 1428 608 1483 659
rail-occluder 0.0042 1338 507 1353 585
rail-occluder 0.0039 1452 598 1558 763
rail-occluder 0.0036 1397 596 1724 746
rail-occluder 0.0034 1479 620 1601 762
rail-occluder 0.0034 1466 603 1547 653
rail-occluder 0.0030 1349 579 1773 664
rail-occluder 0.0028 1392 616 1587 768
rail-occluder 0.0028 1418 597 1467 663
rail-occluder 0.0023 1367 595 1628 671
rail-occluder 0.0020 1742 570 1770 626
rail-occluder 0.0015 1458 629 1511 752
rail-occluder 0.0013 1606 533 1620 603
rail-occluder 0.0010 1419 600 1679 651
