crossing 0.4979 930 631 1118 731
crossing 0.2863 941 632 1095 683
crossing 0.0652 933 669 1137 747
crossing 0.0281 865 546 1310 911
crossing 0.0124 943 700 1140 764
crossing 0.0090 938 616 1074 664
crossing 0.0073 921 570 1130 755
crossing 0.0049 963 641 1079 708
crossing 0.0048 950 573 1057 620
crossing 0.0045 871 485 930 504
crossing 0.0037 778 627 888 680
crossing 0.0031 880 487 949 509
crossing 0.0031 955 561 1044 599
crossing 0.0025 756 602 882 719
crossing 0.0017 783 462 1237 820
crossing 0.0016 956 537 1034 570
crossing 0.0013 925 483 1010 513
crossing 0.0010 909 479 982 504
crossing 0.0010 791 634 875 705
train-car 0.8756 19 -6 786 1064
train-car 0.0034 96 353 791 743
train-car 0.0016 366 47 786 994
rail 0.9371 876 482 1362 1075
rail 0.6538 790 483 924 645
rail 0.2732 803 487 906 579
rail 0.0291 898 601 1195 828
rail 0.0253 772 510 924 737
rail 0.0200 822 484 915 539
rail 0.0168 816 477 892 519
rail 0.0106 844 516 928 638
rail 0.0077 804 478 884 544
rail 0.0070 810 495 1005 708
rail 0.0064 857 487 928 517
rail 0.0049 814 484 1020 582
rail 0.0028 842 501 931 563
rail 0.0027 875 488 955 511
rail 0.0027 877 501 1070 555
rail 0.0026 883 517 1076 580
rail 0.0026 892 484 998 514
rail 0.0025 858 503 1085 617
rail 0.0024 712 467 1087 730
rail 0.0018 830 474 1113 660
rail 0.0016 793 587 908 714
rail 0.0013 750 577 888 740
rail 0.0012 876 501 1141 1000
rail 0.0011 809 458 867 507
switch-indicator 0.0067 890 574 915 628
switch-indicator 0.0021 874 568 914 637
switch-indicator 0.0016 865 532 919 629
track-sign-front 0.0223 1038 437 1057 463
track-sign-front 0.0198 1260 257 1297 280
track-sign-front 0.0130 1296 164 1321 198
track-sign-front 0.0102 1292 253 1324 287
track-sign-front 0.0084 887 573 914 635
track-sign-front 0.0032 830 409 857 449
track-sign-front 0.0022 835 548 913 640
track-sign-front 0.0019 1034 434 1061 500
track-sign-front 0.0015 823 406 847 453
track-sign-front 0.0015 1042 432 1068 460
track-sign-front 0.0013 832 646 859 744
track-sign-front 0.0012 928 400 945 430
track-sign-front 0.0012 833 389 865 452
track-sign-front 0.0010 1894 120 1919 200
track-signal-front 0.8160 1291 281 1336 418
track-signal-front 0.5133 1291 195 1332 248
track-signal-front 0.0461 1228 340 1259 389
track-signal-front 0.0124 1290 228 1336 323
track-signal-front 0.0077 1259 257 1290 283
track-signal-front 0.0069 1297 373 1329 414
track-signal-front 0.0060 987 413 1001 432
track-signal-front 0.0054 1038 436 1058 465
track-signal-front 0.0046 1211 332 1266 394
track-signal-front 0.0040 951 292 968 318
track-signal-front 0.0034 1300 406 1337 456
track-signal-front 0.0032 1285 173 1337 279
track-signal-front 0.0032 1300 382 1339 426
track-signal-front 0.0031 1291 273 1329 306
track-signal-front 0.0027 1287 206 1339 377
track-signal-front 0.0022 1249 281 1296 354
track-signal-front 0.0021 1247 252 1286 317
track-signal-front 0.0020 1310 418 1343 484
track-signal-front 0.0019 956 353 972 376
track-signal-front 0.0019 772 356 788 383
track-signal-front 0.0018 1311 292 1358 420
track-signal-front 0.0017 1186 336 1244 390
track-signal-front 0.0017 1240 279 1276 403
track-signal-front 0.0015 1163 482 1196 520
track-signal-front 0.0014 1294 160 1330 219
track-signal-front 0.0014 1253 211 1316 365
track-signal-front 0.0013 1265 197 1326 265
track-signal-front 0.0013 1292 415 1333 500
track-signal-front 0.0012 1288 318 1340 471
track-signal-front 0.0012 973 413 997 438
track-signal-front 0.0012 56 25 100 151
track-signal-front 0.0010 866 344 888 382
track-signal-front 0.0010 1212 337 1264 446
person 0.0027 887 574 915 638
