crossing 0.0039 985 409 1038 441
crossing 0.0013 991 432 1033 452
train-car 0.0041 973 402 1023 431
train-car 0.0011 953 393 996 429
rail 0.9483 680 420 1066 1073
rail 0.4575 1268 467 1931 584
rail 0.0426 1120 453 1920 684
rail 0.0260 1255 494 1915 786
rail 0.0183 1585 607 1922 777
rail 0.0075 1070 434 1455 1073
rail 0.0072 1245 412 1915 550
rail 0.0070 1694 644 1920 766
rail 0.0069 1466 498 1919 592
rail 0.0059 1464 590 1925 883
rail 0.0045 1802 681 1920 747
rail 0.0037 1773 683 1921 786
rail 0.0037 414 435 872 530
rail 0.0035 127 430 922 583
rail 0.0032 1177 457 1751 561
rail 0.0032 1750 660 1923 737
rail 0.0026 1070 454 1909 1062
rail 0.0025 1134 441 1470 548
rail 0.0024 1484 536 1921 707
rail 0.0022 6 430 868 718
rail 0.0021 670 423 840 514
rail 0.0015 290 452 821 564
rail 0.0015 1729 643 1932 863
rail 0.0013 1096 427 1330 543
rail 0.0013 1629 600 1937 705
rail 0.0011 1263 417 1472 537
rail 0.0011 445 457 773 545
rail 0.0011 1839 697 1920 776
rail 0.0010 1225 475 1516 605
track-sign-front 0.7135 747 423 808 493
track-sign-front 0.4024 1277 438 1296 487
track-sign-front 0.0874 1278 442 1312 495
track-sign-front 0.0121 1303 445 1338 493
track-sign-front 0.0104 1274 436 1300 469
track-sign-front 0.0099 756 422 809 459
track-sign-front 0.0087 885 427 905 452
track-sign-front 0.0079 1409 522 1442 557
track-sign-front 0.0039 1074 425 1109 465
track-sign-front 0.0038 1277 462 1294 510
track-sign-front 0.0035 1083 435 1127 470
track-sign-front 0.0029 1598 952 1627 980
track-sign-front 0.0024 1275 442 1304 522
track-sign-front 0.0022 1255 443 1292 502
track-sign-front 0.0021 727 411 836 500
track-sign-front 0.0019 1291 440 1354 496
track-sign-front 0.0015 870 426 900 461
track-sign-front 0.0014 1011 410 1068 440
track-sign-front 0.0014 1261 432 1296 483
track-sign-front 0.0012 1078 447 1103 482
track-sign-front 0.0012 1023 391 1057 437
track-sign-front 0.0012 1029 407 1097 456
track-sign-front 0.0012 1592 952 1638 989
track-sign-front 0.0011 1051 430 1100 475
track-sign-front 0.0011 1274 410 1309 483
track-sign-front 0.0011 1085 416 1143 464
track-sign-front 0.0011 886 421 935 453
track-sign-front 0.0010 1111 428 1165 472
track-signal-front 0.0025 858 346 873 372
track-signal-front 0.0010 1161 296 1182 331
pole 0.3854 1441 366 1458 545
pole 0.1510 1271 112 1300 621
pole 0.0798 1350 364 1366 532
pole 0.0159 1275 124 1359 688
pole 0.0131 1350 401 1380 544
pole 0.0128 1445 386 1463 526
pole 0.0091 1434 378 1464 554
pole 0.0057 1332 200 1370 575
pole 0.0051 1346 252 1369 526
pole 0.0046 1274 168 1291 512
pole 0.0044 1260 125 1316 614
pole 0.0034 1328 402 1390 546
pole 0.0029 1402 373 1467 551
pole 0.0023 1332 337 1364 531
pole 0.0022 1370 378 1402 533
pole 0.0015 1361 412 1412 545
rail-occluder 0.0080 1407 512 1445 559
rail-occluder 0.0073 1304 446 1338 495
rail-occluder 0.0060 1345 449 1395 558
rail-occluder 0.0046 1422 490 1452 553
rail-occluder 0.0033 1382 465 1444 564
rail-occluder 0.0032 1287 438 1367 549
rail-occluder 0.0030 1309 445 1413 558
rail-occluder 0.0024 1393 496 1447 574
rail-occluder 0.0021 1265 452 1473 559
rail-occluder 0.0021 1120 424 1233 525
rail-occluder 0.0016 1128 427 1206 485
rail-occluder 0.0014 1410 494 1464 548
rail-occluder 0.0013 1269 485 1566 587
rail-occluder 0.0013 1325 472 1390 569
rail-occluder 0.0013 1347 473 1443 542
rail-occluder 0.0012 1416 522 1450 567
rail-occluder 0.0012 1238 476 1696 629
rail-occluder 0.0012 1379 489 1541 616
rail-occluder 0.0011 1310 486 1424 593
rail-occluder 0.0010 1417 501 1619 604
