rail 0.9558 960 565 1225 1074
rail 0.9025 6 562 1030 1065
rail 0.0774 1021 570 1058 600
rail 0.0598 1006 574 1053 605
rail 0.0405 876 571 1061 616
rail 0.0218 975 569 1057 610
rail 0.0124 844 566 1007 649
rail 0.0119 1025 576 1077 607
rail 0.0106 1026 560 1078 599
rail 0.0053 921 565 1023 622
rail 0.0040 1000 558 1066 614
rail 0.0033 1091 560 1749 1068
rail 0.0033 922 591 1021 634
rail 0.0031 889 527 1001 628
rail 0.0021 396 594 1001 902
rail 0.0021 861 552 951 672
rail 0.0020 970 550 1028 602
rail 0.0020 1024 549 1070 586
rail 0.0017 775 576 1044 690
rail 0.0015 771 579 944 668
rail 0.0014 620 572 1038 774
rail 0.0012 838 549 1098 677
rail 0.0012 963 595 1006 626
rail 0.0011 12 742 630 1057
rail 0.0010 30 577 880 877
switch-indicator 0.0191 964 604 982 624
switch-indicator 0.0058 971 601 997 619
switch-indicator 0.0024 958 597 987 629
switch-unknown 0.0993 1021 575 1055 601
switch-unknown 0.0133 1025 577 1074 607
switch-unknown 0.0114 1025 553 1078 601
track-sign-front 0.1388 726 571 747 594
track-sign-front 0.0082 1095 529 1118 558
track-sign-front 0.0057 717 559 735 601
track-sign-front 0.0041 1068 509 1116 581
track-sign-front 0.0040 1870 386 1902 415
track-sign-front 0.0029 716 632 738 666
track-sign-front 0.0025 1095 498 1119 568
track-sign-front 0.0021 1874 385 1910 427
track-sign-front 0.0018 718 571 749 684
track-sign-front 0.0012 1144 527 1172 558
track-sign-front 0.0011 708 517 759 613
track-signal-front 0.0184 963 515 979 548
track-signal-front 0.0033 740 509 764 553
track-signal-front 0.0021 962 495 997 569
track-signal-front 0.0016 744 505 766 535
track-signal-back 0.0020 734 505 764 580
pole 0.2595 903 451 929 668
pole 0.0893 905 532 924 656
pole 0.0780 896 438 916 643
pole 0.0344 898 545 918 654
pole 0.0337 872 460 898 655
pole 0.0311 526 68 618 860
pole 0.0282 863 489 888 650
pole 0.0222 921 455 962 647
pole 0.0198 844 510 865 635
pole 0.0127 888 467 942 658
pole 0.0122 950 498 983 605
pole 0.0096 1075 384 1117 653
pole 0.0087 841 502 858 617
pole 0.0087 928 514 974 633
pole 0.0076 1065 423 1090 639
pole 0.0064 962 510 981 554
pole 0.0062 978 514 1007 600
pole 0.0061 707 434 726 669
pole 0.0060 848 541 871 645
pole 0.0056 1010 468 1031 592
pole 0.0053 1094 421 1117 637
pole 0.0051 945 531 992 620
pole 0.0049 714 437 758 693
pole 0.0047 716 490 736 668
pole 0.0039 895 463 909 572
pole 0.0039 1039 473 1087 650
pole 0.0035 866 541 946 683
pole 0.0028 703 429 740 703
pole 0.0025 1087 374 1125 596
pole 0.0023 1083 367 1133 737
pole 0.0020 734 496 763 587
pole 0.0019 841 489 886 642
pole 0.0018 1022 531 1068 596
pole 0.0016 479 171 646 982
pole 0.0016 1026 509 1097 623
pole 0.0015 964 478 994 584
pole 0.0015 820 512 853 632
pole 0.0015 931 480 975 592
pole 0.0013 990 509 1049 604
pole 0.0012 1071 477 1117 584
pole 0.0012 1020 474 1056 592
pole 0.0010 546 340 634 862
pole 0.0010 839 580 876 657
rail-occluder 0.1001 897 588 917 663
rail-occluder 0.0948 902 568 922 666
rail-occluder 0.0120 896 559 930 677
rail-occluder 0.0067 886 588 941 681
rail-occluder 0.0055 961 569 1036 617
rail-occluder 0.0045 946 565 997 628
rail-occluder 0.0034 863 574 908 661
rail-occluder 0.0025 919 590 980 648
rail-occluder 0.0023 914 544 985 638
rail-occluder 0.0020 846 527 899 660
rail-occluder 0.0015 898 570 995 666
rail-occluder 0.0015 811 580 962 662
rail-occluder 0.0015 890 623 912 696
