crossing 0.6711 919 732 1029 772
crossing 0.4745 614 721 750 761
crossing 0.0085 602 733 737 770
crossing 0.0044 908 710 1037 808
crossing 0.0029 665 722 762 756
crossing 0.0027 893 665 1061 819
crossing 0.0024 556 651 820 813
crossing 0.0023 894 598 1223 1057
crossing 0.0016 613 676 774 777
crossing 0.0011 641 708 810 760
crossing 0.0011 910 710 1014 768
crossing 0.0010 956 601 995 637
guard-rail 0.0020 672 721 757 756
rail 0.9567 916 609 1254 1074
rail 0.9467 28 613 944 1077
rail 0.0021 6 739 470 984
rail 0.0019 0 782 283 1002
rail 0.0013 -7 838 170 1065
rail 0.0011 1764 655 1924 899
switch-static 0.0090 1131 744 1196 775
switch-static 0.0076 1045 750 1093 774
switch-static 0.0044 1043 747 1125 777
switch-static 0.0032 1080 719 1150 761
switch-static 0.0025 1081 732 1192 779
switch-static 0.0023 1093 712 1139 737
switch-static 0.0019 1073 743 1151 778
switch-static 0.0013 1055 731 1134 773
track-sign-front 0.1817 767 583 778 602
track-sign-front 0.0215 765 576 779 598
track-sign-front 0.0098 767 591 779 629
track-sign-front 0.0066 719 619 737 642
track-sign-front 0.0052 591 637 608 665
track-sign-front 0.0019 731 608 781 653
track-sign-front 0.0016 1039 562 1062 627
track-sign-front 0.0013 595 642 615 673
track-sign-front 0.0011 760 579 785 607
track-signal-front 0.0850 827 546 838 567
track-signal-front 0.0196 827 539 838 558
track-signal-front 0.0084 828 546 842 574
pole 0.0443 1032 457 1051 658
pole 0.0116 886 547 911 654
pole 0.0107 960 465 980 641
pole 0.0057 882 512 906 641
pole 0.0055 1023 464 1055 712
pole 0.0044 1018 504 1051 641
pole 0.0040 968 474 1002 665
pole 0.0040 879 519 896 635
pole 0.0030 244 274 280 831
pole 0.0030 961 547 991 641
pole 0.0029 1037 464 1060 687
pole 0.0028 884 597 914 643
pole 0.0023 1034 478 1049 603
pole 0.0023 956 460 993 656
pole 0.0020 948 422 972 646
pole 0.0019 894 545 936 651
pole 0.0018 943 507 977 635
pole 0.0014 827 549 844 634
pole 0.0014 1032 568 1050 658
pole 0.0013 967 549 1014 649
pole 0.0013 956 388 977 634
pole 0.0011 888 599 940 646
rail-occluder 0.0022 884 612 912 654
