crossing 0.4812 1129 584 1174 595
crossing 0.3193 988 580 1039 592
crossing 0.2338 1160 581 1198 594
crossing 0.1126 976 578 1034 596
crossing 0.0789 1126 580 1176 601
crossing 0.0665 1009 578 1059 593
crossing 0.0504 951 577 1004 591
crossing 0.0450 1094 581 1144 593
crossing 0.0315 1157 577 1201 600
crossing 0.0156 1023 571 1088 590
crossing 0.0120 1078 582 1124 597
crossing 0.0112 1173 581 1212 596
crossing 0.0098 1066 576 1125 592
crossing 0.0061 1004 574 1068 596
crossing 0.0029 929 577 985 592
crossing 0.0022 1096 580 1150 602
platform 0.9215 1195 584 1920 1076
platform 0.7758 3 558 1056 930
rail 0.9579 1119 534 1530 1076
rail 0.8504 17 547 1097 1073
rail 0.0219 1289 581 1901 814
rail 0.0050 1448 520 1833 744
rail 0.0043 1491 625 1914 791
rail 0.0027 1336 576 1920 1029
track-sign-front 0.1505 1214 510 1226 528
track-sign-front 0.1445 1181 539 1191 561
track-sign-front 0.1440 1005 536 1019 570
track-sign-front 0.0918 1238 554 1251 583
track-sign-front 0.0649 1171 576 1202 595
track-sign-front 0.0493 783 493 807 518
track-sign-front 0.0309 902 543 915 573
track-sign-front 0.0157 1213 507 1232 535
track-sign-front 0.0059 1176 522 1210 572
track-sign-front 0.0056 598 483 617 505
track-sign-front 0.0056 901 537 912 553
track-sign-front 0.0052 1757 370 1787 422
track-sign-front 0.0050 791 493 823 525
track-sign-front 0.0036 943 577 978 592
track-sign-front 0.0030 1339 521 1357 564
track-sign-front 0.0029 1071 503 1088 541
track-sign-front 0.0024 851 477 864 516
track-sign-front 0.0022 1214 475 1225 515
track-sign-front 0.0020 1333 503 1354 552
track-sign-front 0.0020 900 542 917 587
track-sign-front 0.0017 998 535 1028 574
track-sign-front 0.0017 781 493 804 538
track-sign-front 0.0014 901 531 927 554
track-sign-front 0.0013 592 481 615 512
track-signal-front 0.0412 850 469 862 496
track-signal-front 0.0347 1076 504 1087 520
track-signal-front 0.0064 1075 506 1089 527
track-signal-front 0.0041 1128 484 1152 520
track-signal-front 0.0020 1077 484 1092 505
track-signal-front 0.0015 1334 493 1355 520
pole 0.1734 1626 480 1662 731
pole 0.0979 1735 479 1780 764
pole 0.0417 182 456 236 748
pole 0.0309 1734 244 1794 777
pole 0.0214 1549 472 1576 676
pole 0.0143 1599 476 1669 739
pole 0.0055 1681 474 1775 761
pole 0.0045 344 469 399 722
pole 0.0042 1551 461 1630 702
pole 0.0038 1447 513 1833 754
pole 0.0036 1704 351 1824 783
pole 0.0022 1548 501 1568 642
pole 0.0013 1630 533 1659 683
pole 0.0012 1722 508 1804 783
pole 0.0011 1574 561 1661 759
pole 0.0010 1753 362 1787 448
pole 0.0010 186 467 307 735
