guard-rail 0.0459 980 378 995 405
guard-rail 0.0395 783 983 811 1080
guard-rail 0.0217 1079 358 1134 391
guard-rail 0.0153 1074 386 1113 421
guard-rail 0.0099 974 382 990 411
guard-rail 0.0094 1082 379 1130 409
guard-rail 0.0050 1053 357 1099 395
guard-rail 0.0049 913 534 952 612
guard-rail 0.0038 1071 399 1103 443
guard-rail 0.0033 972 375 992 424
guard-rail 0.0027 1052 385 1102 425
guard-rail 0.0026 790 983 827 1077
guard-rail 0.0024 1122 382 1142 412
guard-rail 0.0022 1133 362 1193 392
guard-rail 0.0021 973 374 1004 407
guard-rail 0.0018 1114 333 1198 377
guard-rail 0.0018 1025 365 1119 457
guard-rail 0.0017 991 368 1030 410
guard-rail 0.0013 913 480 949 587
guard-rail 0.0012 766 966 816 1071
guard-rail 0.0011 1092 345 1152 401
guard-rail 0.0011 991 362 1135 507
guard-rail 0.0010 913 531 992 613
rail 0.8599 1037 312 1910 974
rail 0.8283 712 304 1112 1076
rail 0.7981 1079 315 1909 585
rail 0.7319 929 316 1162 1076
rail 0.7231 917 337 1134 592
rail 0.3430 1297 339 1914 477
rail 0.0784 849 491 1056 680
rail 0.0655 1560 389 1916 469
rail 0.0416 1361 363 1937 553
rail 0.0383 897 374 1097 773
rail 0.0225 1073 324 1137 360
rail 0.0209 1087 337 1147 379
rail 0.0137 775 979 1163 1082
rail 0.0136 1079 324 1380 396
rail 0.0109 1077 320 1520 428
rail 0.0103 1459 420 1940 591
rail 0.0085 1090 326 1220 359
rail 0.0079 1116 341 1285 390
rail 0.0070 1728 425 1899 476
rail 0.0063 1138 331 1815 433
rail 0.0057 918 446 1079 584
rail 0.0057 1789 429 1880 473
rail 0.0054 1078 326 1281 374
rail 0.0052 1696 448 1903 556
rail 0.0044 938 501 1181 697
rail 0.0033 918 295 1031 579
rail 0.0029 1628 461 1919 611
rail 0.0025 1062 320 1124 342
rail 0.0025 1046 321 1104 357
rail 0.0023 1804 446 1903 532
rail 0.0021 1029 307 1572 497
rail 0.0020 168 882 511 1030
rail 0.0020 978 379 1398 911
rail 0.0018 1797 185 1910 816
rail 0.0016 1457 369 1682 439
rail 0.0015 1687 496 1909 590
rail 0.0015 1086 318 1132 345
rail 0.0014 1055 450 1343 638
rail 0.0014 1268 372 1780 617
rail 0.0014 1172 351 1230 388
rail 0.0013 1161 349 1405 404
rail 0.0012 1521 394 1796 512
rail 0.0012 226 837 620 1059
rail 0.0012 1173 316 1564 390
rail 0.0011 998 369 1123 617
rail 0.0011 1262 369 1376 409
rail 0.0011 1036 286 1201 458
rail 0.0011 763 896 1189 1088
rail 0.0011 1500 382 1835 442
rail 0.0011 984 335 1094 500
rail 0.0010 1023 302 1350 429
switch-indicator 0.0269 595 594 648 728
switch-indicator 0.0239 1186 356 1208 376
switch-indicator 0.0144 1055 339 1087 365
switch-indicator 0.0074 1051 323 1093 357
switch-indicator 0.0027 1539 337 1559 366
switch-indicator 0.0023 498 525 544 711
switch-indicator 0.0015 1187 548 1320 631
switch-left 0.2801 908 523 1071 614
switch-left 0.0021 914 475 1115 721
switch-left 0.0016 937 490 1052 599
switch-right 0.3466 902 510 1078 613
switch-right 0.0851 1094 335 1143 367
switch-right 0.0044 917 443 1082 587
switch-unknown 0.3147 1095 342 1142 369
switch-unknown 0.0862 1073 328 1137 357
switch-unknown 0.0583 1098 333 1144 358
switch-unknown 0.0292 1092 348 1143 382
switch-unknown 0.0141 1069 316 1117 342
switch-unknown 0.0114 1090 320 1130 341
switch-unknown 0.0083 1046 312 1090 336
switch-unknown 0.0021 1015 305 1069 331
switch-unknown 0.0014 1118 325 1191 356
switch-unknown 0.0011 1026 314 1071 339
switch-unknown 0.0011 999 302 1043 330
switch-static 0.4693 1103 577 1307 631
switch-static 0.3418 325 928 583 1073
switch-static 0.2539 544 742 649 797
switch-static 0.2278 560 701 747 790
switch-static 0.1111 1095 581 1199 620
switch-static 0.0885 189 919 534 1065
switch-static 0.0722 575 713 697 778
switch-static 0.0624 625 911 742 981
switch-static 0.0579 411 924 753 1069
switch-static 0.0539 640 698 775 793
switch-static 0.0410 1183 586 1316 631
switch-static 0.0342 186 930 379 1053
switch-static 0.0272 434 982 679 1078
switch-static 0.0262 629 701 727 779
switch-static 0.0236 666 687 785 751
switch-static 0.0224 651 737 759 795
switch-static 0.0208 1135 581 1241 622
switch-static 0.0180 192 935 310 1036
switch-static 0.0147 637 902 742 951
switch-static 0.0133 574 617 662 766
switch-static 0.0083 1238 592 1309 631
switch-static 0.0075 659 760 799 806
switch-static 0.0073 660 763 746 798
switch-static 0.0069 501 879 756 1006
switch-static 0.0063 528 713 677 817
switch-static 0.0060 502 964 761 1058
switch-static 0.0046 579 685 665 756
switch-static 0.0045 1089 592 1147 625
switch-static 0.0043 384 919 542 1035
switch-static 0.0041 583 657 734 756
switch-static 0.0040 1096 539 1343 646
switch-static 0.0038 1171 1004 1298 1069
switch-static 0.0036 1181 572 1288 620
switch-static 0.0030 624 676 747 745
switch-static 0.0028 472 1015 615 1076
switch-static 0.0028 602 934 761 1002
switch-static 0.0026 703 748 800 797
switch-static 0.0025 1010 503 1361 680
switch-static 0.0024 356 996 624 1095
switch-static 0.0023 1051 338 1097 371
switch-static 0.0022 591 655 659 740
switch-static 0.0021 720 765 794 802
switch-static 0.0019 546 922 737 993
switch-static 0.0017 349 976 504 1070
switch-static 0.0016 349 902 660 1042
switch-static 0.0015 391 941 493 1057
switch-static 0.0014 161 879 441 1014
switch-static 0.0014 687 698 806 780
switch-static 0.0013 1081 588 1284 652
switch-static 0.0012 1080 588 1127 623
switch-static 0.0011 531 749 629 820
switch-static 0.0011 553 990 709 1067
switch-static 0.0010 371 1009 514 1079
switch-static 0.0010 470 1006 745 1086
track-sign-front 0.0312 592 593 649 739
track-sign-front 0.0203 496 530 528 560
track-sign-front 0.0187 942 326 958 348
track-sign-front 0.0073 941 312 960 344
track-sign-front 0.0060 500 532 533 685
track-sign-front 0.0058 938 327 959 368
track-sign-front 0.0045 1539 339 1559 363
track-sign-front 0.0022 496 528 531 615
track-sign-front 0.0016 498 527 540 572
track-sign-front 0.0012 505 572 527 708
track-sign-front 0.0011 925 324 954 353
track-signal-front 0.0011 1405 233 1417 291
track-signal-back 0.0246 1080 264 1091 286
track-signal-back 0.0120 1077 258 1089 278
track-signal-back 0.0096 1118 237 1128 257
track-signal-back 0.0044 1114 231 1134 293
track-signal-back 0.0025 1080 246 1092 269
track-signal-back 0.0014 1115 229 1130 258
track-signal-back 0.0013 1404 232 1416 293
track-signal-back 0.0011 1183 238 1202 289
pole 0.0226 1857 -120 1919 874
pole 0.0059 1876 35 1918 711
pole 0.0027 1405 230 1419 347
pole 0.0017 1776 307 1916 668
pole 0.0014 1408 254 1432 349
pole 0.0014 1760 104 1925 892
pole 0.0013 1830 63 1914 674
pole 0.0011 1402 268 1426 361
rail-occluder 0.0877 1805 439 1848 486
rail-occluder 0.0386 1190 358 1208 376
rail-occluder 0.0178 1800 434 1878 493
rail-occluder 0.0130 1315 383 1338 409
rail-occluder 0.0079 1306 377 1334 404
rail-occluder 0.0044 1804 430 1862 472
rail-occluder 0.0040 1800 433 1832 469
rail-occluder 0.0040 1376 350 1425 378
rail-occluder 0.0038 1777 181 1902 764
rail-occluder 0.0030 1364 347 1409 376
rail-occluder 0.0030 1492 369 1517 393
rail-occluder 0.0025 1308 377 1351 410
rail-occluder 0.0024 1806 436 1896 537
rail-occluder 0.0021 1311 339 1352 383
rail-occluder 0.0017 1314 371 1382 405
rail-occluder 0.0017 1398 360 1449 383
rail-occluder 0.0015 1318 383 1372 412
rail-occluder 0.0014 1322 336 1376 381
rail-occluder 0.0012 1490 374 1548 399
rail-occluder 0.0011 1335 311 1369 369
rail-occluder 0.0010 1594 394 1642 420
rail-occluder 0.0010 1538 336 1561 371
