crossing 0.0192 1023 570 1060 593
crossing 0.0147 1007 572 1040 592
crossing 0.0056 970 571 1021 592
guard-rail 0.0031 1230 647 1271 680
platform 0.1408 1022 558 1073 588
platform 0.0647 962 562 1021 587
platform 0.0641 1093 563 1238 611
platform 0.0531 1010 564 1046 587
platform 0.0313 1030 553 1092 584
platform 0.0307 1043 562 1131 594
platform 0.0176 1039 570 1089 596
platform 0.0165 943 547 1007 583
platform 0.0158 1067 569 1164 602
platform 0.0099 1120 559 1248 585
platform 0.0083 925 557 986 592
platform 0.0082 1057 545 1114 587
platform 0.0059 1021 569 1064 594
platform 0.0053 999 557 1051 582
platform 0.0050 938 555 1026 593
platform 0.0040 1135 561 1223 596
platform 0.0030 1020 550 1092 605
platform 0.0028 968 569 1025 595
platform 0.0025 942 567 1007 599
platform 0.0019 939 541 983 579
platform 0.0018 1062 553 1152 585
platform 0.0013 880 561 969 595
platform 0.0012 1059 552 1223 589
rail 0.9502 1102 574 1639 1073
rail 0.9501 912 570 1165 1074
rail 0.8410 331 574 997 1074
rail 0.5199 1087 569 1234 633
rail 0.0916 1064 571 1182 610
rail 0.0570 1163 602 1225 641
rail 0.0409 1146 580 1221 629
rail 0.0268 1107 583 1189 637
rail 0.0110 1112 560 1240 603
rail 0.0093 1068 567 1263 679
rail 0.0084 1049 578 1206 645
rail 0.0049 1101 570 1179 600
rail 0.0043 1104 600 1225 662
rail 0.0030 1234 625 1495 1030
rail 0.0020 1006 569 1041 595
rail 0.0019 560 665 800 1011
rail 0.0016 1081 570 1384 1062
rail 0.0013 1268 593 1834 738
rail 0.0012 1121 531 1298 754
rail 0.0011 18 578 894 974
rail 0.0010 1038 576 1167 1055
switch-indicator 0.0070 1244 618 1269 643
switch-indicator 0.0060 1254 617 1273 638
switch-left 0.0552 1174 620 1230 649
switch-left 0.0238 1173 609 1243 658
switch-left 0.0096 1180 636 1250 669
switch-left 0.0024 1128 611 1202 649
switch-right 0.2350 1173 614 1232 642
switch-right 0.1743 1176 621 1242 651
switch-right 0.0936 1161 604 1226 638
switch-right 0.0196 1179 625 1259 662
switch-right 0.0024 1190 643 1263 675
switch-unknown 0.0141 1166 590 1224 628
switch-static 0.0382 1246 621 1267 639
switch-static 0.0341 1189 618 1263 642
switch-static 0.0285 1124 691 1167 711
switch-static 0.0129 1666 933 1763 981
switch-static 0.0057 1237 621 1270 646
switch-static 0.0039 1673 940 1803 1002
switch-static 0.0015 1716 961 1808 1009
switch-static 0.0014 1121 679 1191 734
switch-static 0.0013 1655 925 1827 1030
switch-static 0.0012 1114 606 1174 654
switch-static 0.0010 1107 685 1156 715
track-sign-front 0.0048 1497 649 1543 717
track-sign-front 0.0014 7 563 59 612
track-signal-front 0.0022 1214 517 1239 572
track-signal-front 0.0012 1024 533 1065 563
track-signal-back 0.0186 1216 520 1232 541
track-signal-back 0.0014 1219 511 1236 538
rail-occluder 0.0024 1165 559 1237 594
rail-occluder 0.0021 1248 599 1270 634
rail-occluder 0.0021 1497 650 1544 720
