crossing 0.7794 531 863 797 1080
crossing 0.5680 -9 868 393 1075
crossing 0.3015 4 742 590 1073
crossing 0.0157 29 841 331 998
crossing 0.0093 828 682 851 702
crossing 0.0035 117 844 372 945
crossing 0.0024 116 821 416 1019
crossing 0.0023 653 808 801 1087
crossing 0.0021 -11 891 194 1071
crossing 0.0015 11 775 438 988
crossing 0.0014 311 807 804 1077
crossing 0.0010 597 815 900 1081
crossing 0.0010 825 679 866 701
guard-rail 0.0042 741 846 769 1072
guard-rail 0.0038 725 847 783 1072
guard-rail 0.0034 550 843 651 1077
guard-rail 0.0034 750 790 788 1084
guard-rail 0.0013 566 762 712 1083
guard-rail 0.0012 729 712 807 1077
platform 0.0022 834 674 913 698
rail 0.8933 532 690 843 1080
rail 0.8639 0 705 701 1075
track-sign-front 0.7777 904 588 963 648
track-sign-front 0.2508 0 606 39 674
track-sign-front 0.1346 905 653 955 683
track-sign-front 0.0920 904 629 958 686
track-sign-front 0.0422 0 651 37 716
track-sign-front 0.0128 902 567 963 688
track-sign-front 0.0103 1688 961 1917 1073
track-sign-front 0.0095 820 622 836 654
track-sign-front 0.0053 1707 970 1769 1030
track-sign-front 0.0050 504 672 533 721
track-sign-front 0.0045 902 663 951 693
track-sign-front 0.0036 923 585 980 651
track-sign-front 0.0031 849 581 879 618
track-sign-front 0.0031 1696 968 1825 1043
track-sign-front 0.0028 0 680 31 722
track-sign-front 0.0027 828 664 876 700
track-sign-front 0.0027 839 590 866 617
track-sign-front 0.0026 503 636 533 742
track-sign-front 0.0026 692 637 708 705
track-sign-front 0.0025 820 646 850 707
track-sign-front 0.0023 807 618 833 665
track-sign-front 0.0022 150 543 176 580
track-sign-front 0.0020 818 613 851 673
track-sign-front 0.0018 851 666 889 692
track-sign-front 0.0017 935 512 971 593
track-sign-front 0.0016 874 652 945 693
track-sign-front 0.0015 504 686 540 746
track-sign-front 0.0014 918 528 965 634
track-sign-front 0.0013 905 555 951 614
track-sign-front 0.0010 0 598 53 705
track-signal-front 0.0108 820 615 838 652
track-signal-front 0.0043 1150 351 1187 466
track-signal-front 0.0040 826 598 852 635
track-signal-front 0.0034 817 602 844 626
track-signal-front 0.0015 1158 380 1207 460
track-signal-front 0.0012 1158 334 1201 449
track-signal-back 0.0166 989 486 1030 577
track-signal-back 0.0024 150 542 177 577
track-signal-back 0.0016 102 307 225 535
track-signal-back 0.0014 132 331 213 597
track-signal-back 0.0013 946 500 981 601
pole 0.4388 622 254 652 779
pole 0.4152 495 5 549 838
pole 0.0550 695 417 715 738
pole 0.0352 628 402 648 753
pole 0.0282 1442 -31 1528 1075
pole 0.0238 685 306 715 766
pole 0.0124 695 552 712 727
pole 0.0117 768 499 786 705
pole 0.0115 743 497 761 707
pole 0.0094 632 426 661 767
pole 0.0068 442 25 565 805
pole 0.0057 894 -23 956 944
pole 0.0055 693 576 707 714
pole 0.0036 486 8 604 823
pole 0.0027 677 396 728 741
pole 0.0025 903 135 947 784
pole 0.0025 489 464 544 837
pole 0.0023 702 469 748 740
pole 0.0021 689 488 722 720
pole 0.0020 890 176 930 754
pole 0.0017 598 139 659 818
pole 0.0014 1449 247 1516 864
pole 0.0014 612 417 645 738
pole 0.0013 611 393 668 779
pole 0.0012 695 513 714 654
pole 0.0012 739 387 761 673
pole 0.0012 715 378 749 681
pole 0.0010 659 212 712 761
rail-occluder 0.0018 693 664 709 717
rail-occluder 0.0012 504 686 540 747
rail-occluder 0.0011 619 676 646 710
