crossing 0.4662 876 526 978 554
crossing 0.4626 322 624 512 670
crossing 0.3392 1210 544 1298 562
crossing 0.2823 551 525 676 551
crossing 0.2070 310 626 441 661
crossing 0.0863 543 507 695 552
crossing 0.0560 229 614 508 678
crossing 0.0481 575 495 705 538
crossing 0.0481 1178 535 1290 559
crossing 0.0248 390 623 529 663
crossing 0.0236 1218 538 1295 555
crossing 0.0210 1280 540 1352 560
crossing 0.0179 426 522 548 550
crossing 0.0125 427 531 517 549
crossing 0.0118 515 522 621 549
crossing 0.0107 319 636 426 669
crossing 0.0104 606 486 749 530
crossing 0.0082 130 632 275 663
crossing 0.0081 871 513 985 564
crossing 0.0066 366 631 480 668
crossing 0.0056 1159 535 1232 558
crossing 0.0055 1168 524 1290 567
crossing 0.0054 133 633 226 654
crossing 0.0051 576 461 732 531
crossing 0.0050 229 570 599 707
crossing 0.0047 480 509 647 557
crossing 0.0043 86 618 355 675
crossing 0.0040 415 506 589 555
crossing 0.0039 2 670 118 710
crossing 0.0038 114 631 195 652
crossing 0.0037 1218 545 1321 569
crossing 0.0033 1052 370 1136 411
crossing 0.0031 603 523 693 550
crossing 0.0030 12 652 153 707
crossing 0.0028 604 466 714 513
crossing 0.0027 1191 535 1322 582
crossing 0.0027 630 501 729 540
crossing 0.0025 8 593 357 721
crossing 0.0022 397 528 507 554
crossing 0.0021 499 492 751 603
crossing 0.0019 535 453 744 577
crossing 0.0019 1135 525 1246 554
crossing 0.0016 75 627 194 665
crossing 0.0016 423 446 830 645
crossing 0.0015 1243 535 1315 551
crossing 0.0015 878 483 979 533
crossing 0.0014 534 496 645 535
crossing 0.0013 96 620 263 658
crossing 0.0012 249 484 667 626
crossing 0.0011 1142 496 1403 583
crossing 0.0011 923 523 988 546
crossing 0.0010 250 624 422 674
crossing 0.0010 175 634 266 659
crossing 0.0010 33 629 227 692
crossing 0.0010 85 571 413 686
crossing 0.0010 1199 445 1272 467
train-car 0.1746 1060 368 1140 400
train-car 0.0263 1055 344 1138 412
train-car 0.0147 1093 372 1150 404
train-car 0.0060 977 375 1104 406
train-car 0.0022 1001 391 1024 414
train-car 0.0016 982 390 1046 416
train-car 0.0014 1112 315 1154 426
train-car 0.0012 1074 337 1185 410
platform 0.0236 4 535 460 724
platform 0.0147 592 398 829 463
platform 0.0132 1239 495 1907 802
platform 0.0127 644 393 833 435
platform 0.0073 50 464 308 700
platform 0.0040 962 406 1692 1071
platform 0.0026 1385 526 1925 961
platform 0.0021 24 458 678 662
platform 0.0018 536 383 796 480
platform 0.0015 661 386 875 453
platform 0.0014 678 401 817 446
platform 0.0013 624 411 789 483
platform 0.0012 0 637 141 718
platform 0.0010 -2 595 80 717
rail 0.9067 640 389 1072 1070
rail 0.8091 2 406 870 1041
rail 0.7699 990 385 1919 1066
rail 0.6638 1064 402 1918 733
rail 0.4654 1219 421 1918 599
rail 0.2287 1387 463 1919 700
rail 0.1908 1385 431 1921 543
rail 0.1649 1 524 523 799
rail 0.1379 1565 460 1922 546
rail 0.0440 1540 563 1919 754
rail 0.0274 1565 469 1923 625
rail 0.0211 1689 475 1928 531
rail 0.0199 1657 600 1923 729
rail 0.0146 1418 549 1930 898
rail 0.0096 1003 395 1018 413
rail 0.0093 18 413 840 711
rail 0.0076 1000 392 1024 418
rail 0.0067 984 393 1082 424
rail 0.0063 24 495 608 692
rail 0.0063 1743 632 1921 748
rail 0.0057 -2 550 531 1062
rail 0.0057 1709 500 1921 658
rail 0.0053 1743 494 1927 595
rail 0.0050 988 394 1040 418
rail 0.0044 1782 491 1934 552
rail 0.0040 1740 607 1923 696
rail 0.0037 1257 404 1871 508
rail 0.0037 1829 480 1926 531
rail 0.0035 1537 457 1838 506
rail 0.0031 1047 374 1144 409
rail 0.0026 1125 441 1708 646
rail 0.0026 1763 434 1910 537
rail 0.0024 1017 400 1114 432
rail 0.0024 1752 458 1955 509
rail 0.0022 984 397 1049 436
rail 0.0022 1837 460 1925 508
rail 0.0022 0 596 347 804
rail 0.0021 1562 532 1912 673
rail 0.0019 1001 406 1083 434
rail 0.0018 1606 436 1918 503
rail 0.0018 1825 644 1920 756
rail 0.0016 1851 494 1921 613
rail 0.0016 1841 495 1922 546
rail 0.0014 906 382 956 425
rail 0.0014 922 396 964 428
rail 0.0014 79 571 410 713
rail 0.0013 1748 604 1929 869
rail 0.0011 1883 479 1920 568
rail 0.0011 1821 463 1926 586
rail 0.0010 1664 475 1823 526
rail 0.0010 1335 499 1619 596
switch-indicator 0.0019 1043 405 1085 429
switch-right 0.0022 929 409 955 427
switch-unknown 0.0252 1002 395 1021 411
switch-unknown 0.0026 924 393 959 427
switch-unknown 0.0024 997 403 1035 428
switch-unknown 0.0012 1016 409 1073 430
switch-unknown 0.0010 927 386 1004 424
switch-static 0.0223 1295 540 1358 561
switch-static 0.0039 1302 545 1360 569
switch-static 0.0026 1053 412 1077 429
switch-static 0.0022 1286 532 1371 558
switch-static 0.0010 1570 523 1614 548
track-sign-front 0.0092 1214 402 1224 419
track-sign-front 0.0073 1827 437 1849 482
track-sign-front 0.0054 1213 404 1230 422
track-sign-front 0.0049 875 371 910 401
track-sign-front 0.0044 863 372 896 398
track-sign-front 0.0040 1360 410 1372 446
track-sign-front 0.0039 1826 426 1865 482
track-sign-front 0.0037 1855 350 1879 471
track-sign-front 0.0032 826 372 849 404
track-sign-front 0.0028 1821 401 1854 482
track-sign-front 0.0027 1361 388 1376 444
track-sign-front 0.0026 1827 403 1848 517
track-sign-front 0.0022 1362 332 1379 369
track-sign-front 0.0022 825 361 876 408
track-sign-front 0.0018 1836 390 1880 468
track-sign-front 0.0016 864 375 899 419
track-sign-front 0.0015 1206 402 1229 434
track-sign-front 0.0013 830 312 848 403
track-sign-front 0.0011 139 397 175 446
track-sign-front 0.0010 829 445 847 477
track-sign-front 0.0010 879 375 912 424
track-signal-front 0.0077 1003 393 1019 412
track-signal-front 0.0032 978 347 1008 377
track-signal-front 0.0024 891 244 916 263
track-signal-front 0.0013 979 373 1025 419
track-signal-back 0.0129 1865 315 1880 392
track-signal-back 0.0053 1855 304 1883 379
track-signal-back 0.0040 1076 316 1109 374
track-signal-back 0.0032 1088 321 1102 341
track-signal-back 0.0025 1144 310 1154 330
track-signal-back 0.0024 1361 323 1379 359
track-signal-back 0.0019 1140 298 1152 386
track-signal-back 0.0013 1359 293 1381 395
person 0.4464 117 419 181 630
person 0.0178 135 418 212 627
person 0.0015 82 418 246 639
pole 0.3960 1818 105 1854 550
pole 0.2269 833 122 852 463
pole 0.0351 887 266 897 401
pole 0.0260 1865 321 1880 447
pole 0.0163 1859 277 1879 493
pole 0.0132 1831 98 1878 555
pole 0.0093 873 180 899 457
pole 0.0075 816 113 869 468
pole 0.0061 1213 298 1224 420
pole 0.0054 1849 210 1884 526
pole 0.0044 1824 276 1851 561
pole 0.0038 881 290 903 413
pole 0.0033 1857 372 1883 485
pole 0.0030 833 274 851 399
pole 0.0025 834 230 854 358
pole 0.0024 1360 276 1381 418
pole 0.0020 1832 354 1881 503
pole 0.0019 1855 337 1891 508
pole 0.0014 866 315 900 416
pole 0.0013 1800 316 1855 557
pole 0.0013 1806 232 1880 602
pole 0.0013 874 251 901 388
pole 0.0012 1825 9 1865 483
pole 0.0011 1812 441 1861 502
pole 0.0011 1350 252 1388 468
pole 0.0010 1732 94 1895 523
pole 0.0010 831 137 895 448
rail-occluder 0.0020 614 442 656 489
rail-occluder 0.0015 1636 463 1698 491
rail-occluder 0.0013 614 412 760 485
rail-occluder 0.0012 616 432 698 485
rail-occluder 0.0010 1769 498 1903 553
rail-occluder 0.0010 1804 499 1870 553
