guard-rail 0.7209 1018 698 1106 1081
guard-rail 0.5173 938 700 990 1082
guard-rail 0.1553 951 579 1144 1048
guard-rail 0.0449 1018 707 1074 907
guard-rail 0.0331 952 688 982 996
guard-rail 0.0255 1038 679 1146 1053
guard-rail 0.0244 955 711 1005 1062
guard-rail 0.0174 902 698 1010 1070
guard-rail 0.0120 1043 692 1115 952
guard-rail 0.0118 930 654 977 996
guard-rail 0.0090 910 706 954 1030
guard-rail 0.0080 974 711 1046 1062
guard-rail 0.0056 1045 764 1096 1100
guard-rail 0.0054 940 710 976 897
guard-rail 0.0050 1024 712 1064 848
guard-rail 0.0043 959 713 978 841
guard-rail 0.0031 1061 834 1109 1086
guard-rail 0.0028 899 708 1253 1088
guard-rail 0.0026 483 728 641 1072
guard-rail 0.0026 937 776 971 1091
guard-rail 0.0024 1070 910 1116 1077
guard-rail 0.0020 959 686 996 954
guard-rail 0.0019 485 180 703 1126
guard-rail 0.0018 945 714 969 838
guard-rail 0.0017 953 708 987 855
guard-rail 0.0016 1372 570 1663 742
guard-rail 0.0016 1036 758 1087 902
guard-rail 0.0013 1054 730 1105 868
guard-rail 0.0013 373 557 548 1054
guard-rail 0.0013 957 746 979 894
guard-rail 0.0013 340 742 677 1060
guard-rail 0.0012 943 890 968 1082
guard-rail 0.0012 421 842 598 1058
guard-rail 0.0011 927 688 969 858
guard-rail 0.0011 949 897 982 1083
guard-rail 0.0011 1007 710 1053 836
guard-rail 0.0010 356 462 665 1048
rail 0.9441 874 547 1197 1076
rail 0.4017 1268 573 1931 798
rail 0.2844 972 624 1126 1049
rail 0.1519 1323 85 1711 1049
rail 0.0940 1089 562 1933 1020
rail 0.0734 1100 547 1790 740
rail 0.0694 1099 560 1347 623
rail 0.0549 1413 603 1957 745
rail 0.0396 1306 731 1904 1048
rail 0.0360 1560 631 1926 782
rail 0.0316 1485 20 1925 1094
rail 0.0301 1353 342 1939 921
rail 0.0283 1114 552 1501 650
rail 0.0182 1448 610 1947 870
rail 0.0103 1216 449 1805 862
rail 0.0101 156 5 695 1084
rail 0.0095 1706 658 1921 835
rail 0.0087 1577 663 1922 1061
rail 0.0074 1083 558 1595 694
rail 0.0057 360 242 719 1064
rail 0.0049 174 536 655 1070
rail 0.0033 1091 546 1284 607
rail 0.0032 1470 826 1924 1067
rail 0.0031 1073 560 1359 676
rail 0.0028 365 690 688 1071
rail 0.0026 1113 468 1519 761
rail 0.0025 1182 568 1328 617
rail 0.0024 1850 745 1920 822
rail 0.0024 -1 560 502 1027
rail 0.0023 1807 748 1923 836
rail 0.0022 1721 693 1924 1035
rail 0.0022 1688 622 1927 733
rail 0.0020 1564 646 1861 711
rail 0.0018 1811 681 1913 764
rail 0.0017 433 522 739 1053
rail 0.0015 31 52 511 984
rail 0.0015 1088 489 1339 638
rail 0.0015 1848 666 1921 779
rail 0.0013 1797 694 1928 896
rail 0.0013 136 827 563 1075
rail 0.0012 1180 570 1418 631
rail 0.0011 1441 620 1750 720
rail 0.0010 1373 -128 1803 828
rail 0.0010 -24 659 346 1070
switch-static 0.0388 1870 776 1922 820
switch-static 0.0012 1854 730 1922 824
switch-static 0.0012 919 671 940 715
track-sign-front 0.1531 814 566 837 606
track-sign-front 0.0861 944 561 955 580
track-sign-front 0.0074 808 548 841 612
track-sign-front 0.0056 943 557 958 587
track-sign-front 0.0010 923 551 954 591
track-signal-front 0.0013 1895 524 1919 585
track-signal-back 0.0033 1118 475 1131 541
track-signal-back 0.0028 1119 480 1130 506
track-signal-back 0.0014 1122 477 1134 504
pole 0.4896 1318 42 1667 1026
pole 0.3553 1582 -10 1921 1069
pole 0.1754 400 5 713 1083
pole 0.1646 1173 459 1186 587
pole 0.1218 1331 82 1523 961
pole 0.0904 1445 -1 1614 961
pole 0.0763 557 21 709 1026
pole 0.0695 1245 429 1260 604
pole 0.0452 1583 15 1756 1015
pole 0.0264 193 -18 667 1061
pole 0.0258 1121 469 1132 580
pole 0.0228 1301 62 1442 941
pole 0.0210 440 -46 609 1003
pole 0.0199 1484 31 1701 1012
pole 0.0141 1138 274 1692 961
pole 0.0114 1271 456 1285 588
pole 0.0097 1705 -116 1874 898
pole 0.0089 1467 -165 1568 856
pole 0.0068 1376 311 1644 885
pole 0.0064 1318 210 1378 815
pole 0.0064 1263 425 1284 600
pole 0.0062 1512 -116 1796 899
pole 0.0048 1233 481 1260 614
pole 0.0036 1241 428 1271 607
pole 0.0036 1216 425 1268 619
pole 0.0034 1602 176 1727 845
pole 0.0033 1216 192 1473 931
pole 0.0032 1176 461 1217 591
pole 0.0032 1285 448 1741 767
pole 0.0028 1165 464 1194 590
pole 0.0026 1280 436 1303 619
pole 0.0026 1332 428 1505 789
pole 0.0025 1123 506 1274 629
pole 0.0024 1384 -182 1549 857
pole 0.0018 1742 191 1922 1031
pole 0.0017 484 218 703 893
pole 0.0016 1290 521 1457 706
pole 0.0015 586 215 695 895
pole 0.0014 1625 339 1898 877
pole 0.0013 1516 250 1665 869
pole 0.0013 1113 496 1154 593
pole 0.0013 1145 481 1218 612
pole 0.0012 1322 294 1458 751
pole 0.0012 1273 -42 1399 804
pole 0.0011 1421 576 1693 740
pole 0.0011 490 94 603 774
pole 0.0011 1104 498 1137 585
pole 0.0010 1846 343 1920 897
pole 0.0010 1239 339 1286 637
rail-occluder 0.0016 1166 542 1207 598
rail-occluder 0.0011 1182 566 1246 620
rail-occluder 0.0010 1163 567 1217 611
