guard-rail 0.6925 994 736 1040 842
guard-rail 0.2588 947 650 1096 946
guard-rail 0.0380 993 726 1029 800
guard-rail 0.0128 951 692 1064 867
guard-rail 0.0119 347 723 493 782
guard-rail 0.0023 796 744 811 854
guard-rail 0.0012 399 715 517 772
guard-rail 0.0012 448 669 632 734
train-car 0.3768 325 515 475 572
train-car 0.2563 3 505 238 601
train-car 0.0602 107 537 423 605
train-car 0.0454 230 542 324 595
train-car 0.0427 0 506 115 597
train-car 0.0374 106 538 257 589
train-car 0.0306 399 515 468 565
train-car 0.0170 153 548 217 598
train-car 0.0147 2 519 38 595
train-car 0.0117 -3 516 478 620
train-car 0.0114 1 510 275 698
train-car 0.0105 400 469 449 533
train-car 0.0093 16 532 187 608
train-car 0.0072 337 471 473 565
train-car 0.0071 191 511 586 640
train-car 0.0059 537 537 613 568
train-car 0.0057 425 523 476 568
train-car 0.0042 156 520 466 585
train-car 0.0040 371 391 461 588
train-car 0.0035 -4 460 166 629
train-car 0.0032 89 519 274 577
train-car 0.0031 1 479 27 603
train-car 0.0030 300 509 416 567
train-car 0.0029 37 499 120 576
train-car 0.0025 184 544 249 599
train-car 0.0024 46 512 146 593
train-car 0.0020 973 518 1025 552
train-car 0.0019 905 515 1034 557
train-car 0.0018 243 494 385 604
train-car 0.0016 490 533 622 572
train-car 0.0016 325 513 385 565
train-car 0.0014 561 528 616 563
train-car 0.0014 120 544 199 599
train-car 0.0011 261 525 389 579
train-car 0.0010 86 461 456 644
train-car 0.0010 407 509 572 563
rail 0.9359 1002 538 1917 1080
rail 0.9097 754 561 1031 1078
rail 0.8906 883 557 1154 1077
rail 0.8502 4 552 824 1053
rail 0.8092 1111 527 1916 751
rail 0.6933 0 557 707 761
rail 0.2519 1 565 523 697
rail 0.0979 0 582 336 665
rail 0.0835 -3 600 265 697
rail 0.0740 394 557 859 731
rail 0.0698 10 580 248 628
rail 0.0575 728 556 876 595
rail 0.0565 1258 544 1926 678
rail 0.0561 559 547 748 590
rail 0.0511 -3 589 222 651
rail 0.0468 480 547 742 610
rail 0.0423 0 583 403 764
rail 0.0380 670 555 889 629
rail 0.0374 422 545 775 645
rail 0.0361 636 546 773 587
rail 0.0347 704 554 815 594
rail 0.0332 735 553 824 580
rail 0.0328 37 617 85 651
rail 0.0299 1 583 551 913
rail 0.0299 643 549 845 602
rail 0.0293 0 602 71 646
rail 0.0269 603 552 885 668
rail 0.0249 655 544 797 574
rail 0.0248 706 549 805 576
rail 0.0227 135 545 757 669
rail 0.0221 0 609 81 693
rail 0.0212 616 527 748 574
rail 0.0186 1 596 119 633
rail 0.0184 -1 621 247 747
rail 0.0174 778 554 962 592
rail 0.0154 52 649 580 801
rail 0.0148 657 512 705 581
rail 0.0135 2 680 548 1053
rail 0.0135 -1 617 70 661
rail 0.0124 372 614 837 1075
rail 0.0120 589 548 688 580
rail 0.0114 447 562 678 616
rail 0.0114 1083 535 1161 565
rail 0.0106 669 549 742 585
rail 0.0105 -2 597 43 628
rail 0.0097 752 555 902 582
rail 0.0092 549 573 849 701
rail 0.0090 19 559 349 620
rail 0.0084 553 557 680 594
rail 0.0083 230 677 573 827
rail 0.0080 -1 628 67 753
rail 0.0079 73 616 335 681
rail 0.0075 499 549 634 597
rail 0.0072 904 559 1004 590
rail 0.0068 649 550 720 590
rail 0.0066 645 589 818 646
rail 0.0063 752 570 861 610
rail 0.0062 200 625 707 824
rail 0.0062 600 519 753 612
rail 0.0062 -5 624 176 708
rail 0.0060 684 535 771 573
rail 0.0057 704 574 800 619
rail 0.0057 0 631 43 706
rail 0.0056 1302 572 1825 780
rail 0.0056 -2 609 302 854
rail 0.0050 1 571 173 683
rail 0.0050 710 565 849 622
rail 0.0048 316 540 912 811
rail 0.0048 490 598 743 716
rail 0.0046 552 539 677 578
rail 0.0043 761 546 989 581
rail 0.0039 652 576 769 628
rail 0.0039 564 558 764 615
rail 0.0039 -4 644 117 740
rail 0.0036 588 550 957 730
rail 0.0036 1063 533 1135 563
rail 0.0034 844 547 1013 595
rail 0.0032 869 541 1032 580
rail 0.0031 1107 534 1212 575
rail 0.0030 777 552 985 622
rail 0.0029 524 569 642 605
rail 0.0029 0 641 157 812
rail 0.0028 421 588 738 850
rail 0.0027 329 546 555 598
rail 0.0027 22 617 179 674
rail 0.0026 1568 621 1929 752
rail 0.0026 393 570 593 607
rail 0.0026 1086 540 1190 587
rail 0.0025 0 724 337 1017
rail 0.0023 167 562 437 632
rail 0.0023 284 566 520 661
rail 0.0022 578 602 775 685
rail 0.0022 -1 654 36 727
rail 0.0022 375 565 655 650
rail 0.0019 114 598 401 707
rail 0.0019 1138 539 1327 636
rail 0.0018 1088 535 1259 598
rail 0.0018 426 578 558 616
rail 0.0017 1158 534 1673 661
rail 0.0017 289 573 549 625
rail 0.0017 0 669 67 805
rail 0.0016 205 578 422 676
rail 0.0016 803 569 896 610
rail 0.0016 0 672 37 762
rail 0.0015 477 563 602 604
rail 0.0014 314 518 705 615
rail 0.0013 23 644 188 738
rail 0.0012 260 555 489 610
rail 0.0012 263 579 438 620
rail 0.0011 394 621 689 739
rail 0.0011 1458 626 1900 816
rail 0.0011 646 503 802 561
rail 0.0011 909 529 990 585
rail 0.0011 688 529 970 643
rail 0.0011 1741 646 1927 759
rail 0.0011 518 604 855 768
rail 0.0010 722 572 887 653
rail 0.0010 537 495 832 669
rail 0.0010 95 655 394 843
rail 0.0010 961 539 1032 574
switch-indicator 0.0597 274 706 322 752
switch-indicator 0.0256 288 681 364 739
switch-indicator 0.0238 543 721 594 770
switch-indicator 0.0211 267 665 378 750
switch-indicator 0.0146 257 700 346 755
switch-indicator 0.0028 310 669 345 713
switch-indicator 0.0025 194 631 349 752
switch-indicator 0.0015 429 552 459 584
switch-indicator 0.0015 103 780 125 817
switch-indicator 0.0011 481 672 668 843
switch-right 0.0015 455 687 578 738
switch-right 0.0014 580 632 698 677
switch-right 0.0012 379 703 506 755
switch-unknown 0.0242 754 554 802 576
switch-unknown 0.0237 745 557 813 585
switch-unknown 0.0222 788 565 863 593
switch-unknown 0.0174 600 557 668 584
switch-unknown 0.0160 723 556 795 590
switch-unknown 0.0153 762 559 845 590
switch-unknown 0.0143 935 561 1002 586
switch-unknown 0.0114 721 578 780 615
switch-unknown 0.0102 697 587 771 618
switch-unknown 0.0093 795 576 849 600
switch-unknown 0.0092 610 542 665 580
switch-unknown 0.0087 1089 536 1153 563
switch-unknown 0.0083 763 549 837 580
switch-unknown 0.0081 621 552 690 588
switch-unknown 0.0078 578 559 651 589
switch-unknown 0.0073 964 560 1015 586
switch-unknown 0.0061 689 552 773 593
switch-unknown 0.0043 693 601 768 631
switch-unknown 0.0039 545 556 626 596
switch-unknown 0.0038 788 545 863 583
switch-unknown 0.0036 543 573 621 601
switch-unknown 0.0031 905 560 957 590
switch-unknown 0.0031 523 576 603 605
switch-unknown 0.0030 930 539 1011 584
switch-unknown 0.0026 965 528 1030 579
switch-unknown 0.0025 655 605 713 634
switch-unknown 0.0024 589 622 717 675
switch-unknown 0.0022 982 557 1037 588
switch-unknown 0.0021 632 596 738 650
switch-unknown 0.0020 739 570 816 617
switch-unknown 0.0020 676 596 789 640
switch-unknown 0.0019 988 529 1041 564
switch-unknown 0.0019 612 633 694 665
switch-unknown 0.0018 919 523 977 587
switch-unknown 0.0018 660 580 764 625
switch-unknown 0.0018 659 580 712 616
switch-unknown 0.0017 573 570 642 597
switch-unknown 0.0016 471 581 553 611
switch-unknown 0.0013 924 569 970 599
switch-unknown 0.0013 583 635 686 687
switch-unknown 0.0013 1101 517 1164 565
switch-unknown 0.0013 813 541 887 586
switch-unknown 0.0010 1103 544 1173 583
switch-static 0.2679 545 723 596 768
switch-static 0.0456 314 681 411 730
switch-static 0.0296 855 605 897 629
switch-static 0.0207 247 709 313 767
switch-static 0.0188 210 724 289 779
switch-static 0.0182 203 708 335 770
switch-static 0.0143 537 704 617 768
switch-static 0.0074 196 638 222 658
switch-static 0.0070 432 660 698 899
switch-static 0.0065 348 681 426 720
switch-static 0.0050 315 671 419 707
switch-static 0.0034 510 761 613 805
switch-static 0.0032 340 688 432 738
switch-static 0.0031 318 664 451 737
switch-static 0.0029 490 734 604 789
switch-static 0.0029 398 684 428 714
switch-static 0.0027 493 706 633 852
switch-static 0.0025 301 705 395 751
switch-static 0.0025 620 688 692 716
switch-static 0.0018 860 584 918 626
switch-static 0.0017 1729 635 1775 665
switch-static 0.0017 314 704 433 762
switch-static 0.0015 599 695 668 724
switch-static 0.0015 553 737 653 787
switch-static 0.0015 853 615 899 651
switch-static 0.0014 659 696 720 732
switch-static 0.0014 640 683 723 722
switch-static 0.0013 382 690 455 742
switch-static 0.0012 274 676 449 801
switch-static 0.0012 576 698 634 736
switch-static 0.0011 814 570 881 614
switch-static 0.0010 639 571 696 604
track-sign-front 0.0127 406 442 443 551
track-sign-front 0.0108 406 469 440 520
track-sign-front 0.0040 1039 533 1071 567
track-signal-front 0.0045 25 501 97 573
track-signal-front 0.0045 58 504 74 530
track-signal-front 0.0015 569 522 612 566
track-signal-front 0.0011 61 503 87 533
pole 0.5087 1189 73 1261 632
pole 0.4780 1040 373 1063 578
pole 0.3923 666 428 684 596
pole 0.1420 1469 479 1485 667
pole 0.0970 1383 561 1394 658
pole 0.0941 1070 386 1098 569
pole 0.0856 633 433 645 570
pole 0.0454 1595 257 1627 618
pole 0.0284 292 325 309 594
pole 0.0266 927 456 940 571
pole 0.0258 406 338 439 580
pole 0.0228 659 506 697 582
pole 0.0219 1226 205 1284 613
pole 0.0209 926 338 952 576
pole 0.0207 1243 410 1271 598
pole 0.0189 1270 378 1299 590
pole 0.0184 629 458 655 583
pole 0.0177 1472 483 1484 605
pole 0.0164 1241 329 1294 617
pole 0.0155 926 395 942 575
pole 0.0151 1470 561 1484 672
pole 0.0148 918 459 943 580
pole 0.0137 1029 366 1078 587
pole 0.0132 649 410 682 592
pole 0.0131 817 445 834 570
pole 0.0125 1175 185 1235 631
pole 0.0085 708 444 746 569
pole 0.0083 1460 496 1496 721
pole 0.0082 1046 352 1075 562
pole 0.0075 869 452 892 569
pole 0.0068 394 368 452 600
pole 0.0066 670 456 728 587
pole 0.0060 1034 464 1063 580
pole 0.0058 879 457 898 563
pole 0.0057 929 475 947 575
pole 0.0051 1082 403 1109 558
pole 0.0051 647 428 711 605
pole 0.0046 562 401 582 562
pole 0.0045 1201 258 1265 601
pole 0.0043 1195 366 1281 644
pole 0.0043 807 469 838 574
pole 0.0042 635 511 690 590
pole 0.0041 884 475 911 571
pole 0.0039 1022 376 1055 578
pole 0.0039 1252 113 1312 623
pole 0.0037 1089 441 1119 559
pole 0.0031 1236 305 1270 619
pole 0.0029 828 446 866 571
pole 0.0027 791 445 828 571
pole 0.0026 407 425 442 553
pole 0.0025 1206 -25 1291 620
pole 0.0025 1186 348 1229 619
pole 0.0025 1465 560 1489 716
pole 0.0024 734 457 760 556
pole 0.0023 821 407 837 578
pole 0.0022 1218 428 1273 613
pole 0.0021 292 443 306 575
pole 0.0021 1278 436 1301 569
pole 0.0020 1579 264 1620 583
pole 0.0020 281 321 306 595
pole 0.0019 695 480 755 573
pole 0.0019 279 449 312 614
pole 0.0018 614 466 671 584
pole 0.0018 727 493 769 565
pole 0.0017 875 455 889 537
pole 0.0017 1256 403 1311 618
pole 0.0016 1 414 22 610
pole 0.0016 612 419 644 579
pole 0.0015 1441 539 1512 696
pole 0.0015 1187 418 1212 593
pole 0.0015 586 498 628 575
pole 0.0014 1428 488 1530 664
pole 0.0014 1585 339 1631 695
pole 0.0014 916 344 967 582
pole 0.0014 1465 510 1552 711
pole 0.0013 918 453 963 598
pole 0.0013 1260 451 1297 586
pole 0.0013 1454 544 1482 661
pole 0.0013 754 491 805 575
pole 0.0012 765 451 798 565
pole 0.0012 1036 530 1060 571
pole 0.0012 929 390 951 533
pole 0.0011 568 437 597 567
pole 0.0011 624 408 693 591
pole 0.0010 1065 484 1122 581
rail-occluder 0.0882 48 619 78 652
rail-occluder 0.0551 1378 560 1395 677
rail-occluder 0.0388 1536 625 1575 682
rail-occluder 0.0310 58 612 86 651
rail-occluder 0.0179 39 608 105 651
rail-occluder 0.0152 1359 558 1405 672
rail-occluder 0.0109 1346 595 1400 698
rail-occluder 0.0090 1381 554 1395 635
rail-occluder 0.0074 175 568 198 605
rail-occluder 0.0073 538 532 611 570
rail-occluder 0.0068 194 639 218 660
rail-occluder 0.0064 1249 562 1307 636
rail-occluder 0.0055 7 591 99 633
rail-occluder 0.0052 1300 557 1450 673
rail-occluder 0.0052 1526 610 1579 693
rail-occluder 0.0050 1349 573 1438 695
rail-occluder 0.0050 1194 554 1625 714
rail-occluder 0.0043 1155 544 1322 637
rail-occluder 0.0041 582 530 638 578
rail-occluder 0.0037 1187 547 1424 684
rail-occluder 0.0036 1278 565 1311 624
rail-occluder 0.0033 1240 556 1360 651
rail-occluder 0.0032 188 643 220 667
rail-occluder 0.0032 1740 635 1768 663
rail-occluder 0.0031 311 670 343 712
rail-occluder 0.0029 44 579 119 631
rail-occluder 0.0028 190 628 222 655
rail-occluder 0.0028 1370 586 1413 693
rail-occluder 0.0027 1302 593 1378 693
rail-occluder 0.0026 1513 619 1594 734
rail-occluder 0.0022 1521 576 1598 680
rail-occluder 0.0021 1472 584 1491 660
rail-occluder 0.0019 1468 588 1485 689
rail-occluder 0.0017 8 625 97 693
rail-occluder 0.0017 444 582 498 615
rail-occluder 0.0017 1518 649 1576 722
rail-occluder 0.0016 890 527 917 570
rail-occluder 0.0015 1220 523 1315 640
rail-occluder 0.0014 830 556 906 590
rail-occluder 0.0012 182 638 224 677
rail-occluder 0.0011 1427 611 1637 755
rail-occluder 0.0011 1374 542 1433 650
rail-occluder 0.0010 297 625 417 710
rail-occluder 0.0010 1212 552 1305 616
rail-occluder 0.0010 1267 576 1412 707
rail-occluder 0.0010 1734 638 1775 679
rail-occluder 0.0010 1486 638 1574 699
