train-car 0.2109 940 452 1450 576
train-car 0.0779 954 436 1805 600
train-car 0.0771 890 477 930 499
train-car 0.0045 948 399 1856 722
train-car 0.0032 897 470 970 495
train-car 0.0030 974 385 1416 555
train-car 0.0019 896 447 938 498
train-car 0.0017 877 447 924 500
train-car 0.0015 912 457 1239 556
train-car 0.0014 909 356 1486 677
train-car 0.0012 1042 476 1306 581
platform 0.0315 600 485 818 523
platform 0.0104 556 477 843 538
platform 0.0031 594 468 829 512
platform 0.0024 853 471 919 501
platform 0.0016 524 464 869 576
platform 0.0010 672 449 854 519
rail 0.9457 870 490 1173 1075
rail 0.6264 0 488 826 669
rail 0.6092 -9 499 845 885
rail 0.2327 22 516 674 614
rail 0.1037 135 500 777 591
rail 0.0810 1 525 532 694
rail 0.0659 888 481 926 504
rail 0.0236 273 531 569 588
rail 0.0159 202 514 697 806
rail 0.0139 7 533 446 829
rail 0.0139 480 488 710 581
rail 0.0102 843 487 914 520
rail 0.0070 592 492 822 538
rail 0.0067 456 486 833 621
rail 0.0061 334 501 863 687
rail 0.0052 232 524 512 569
rail 0.0048 831 497 901 538
rail 0.0048 -13 565 525 1065
rail 0.0045 344 541 518 603
rail 0.0038 594 489 869 602
rail 0.0033 509 494 795 552
rail 0.0028 808 482 917 531
rail 0.0027 343 501 564 583
rail 0.0022 854 499 936 535
rail 0.0021 7 440 322 616
rail 0.0020 366 520 554 558
rail 0.0019 649 501 874 565
rail 0.0018 283 516 463 557
rail 0.0015 222 528 392 609
rail 0.0014 233 545 474 639
rail 0.0014 1637 629 1919 917
rail 0.0013 432 507 617 559
rail 0.0012 898 494 943 544
rail 0.0012 198 535 451 578
rail 0.0012 1608 636 1907 759
rail 0.0011 247 506 480 596
rail 0.0011 384 528 590 571
rail 0.0010 272 457 919 761
rail 0.0010 312 524 433 567
rail 0.0010 1449 591 1917 796
track-sign-front 0.0325 453 523 466 545
track-sign-front 0.0034 -1 24 88 137
track-sign-front 0.0029 1006 495 1021 538
track-sign-front 0.0027 453 476 470 550
track-sign-front 0.0024 1517 622 1574 721
track-sign-front 0.0023 1326 501 1352 564
track-sign-front 0.0010 993 478 1020 528
track-signal-front 0.2299 1585 390 1641 468
track-signal-front 0.0523 1585 401 1642 524
track-signal-front 0.0437 1589 459 1639 523
track-signal-front 0.0136 1589 389 1639 423
track-signal-front 0.0020 1490 403 1533 450
track-signal-front 0.0019 1599 410 1645 490
track-signal-front 0.0011 1584 450 1647 557
track-signal-back 0.1225 621 335 642 386
track-signal-back 0.0782 622 388 637 426
track-signal-back 0.0318 620 355 640 403
track-signal-back 0.0249 1587 469 1640 532
track-signal-back 0.0041 1592 503 1638 538
track-signal-back 0.0032 640 385 673 447
track-signal-back 0.0011 615 334 639 363
track-signal-back 0.0010 660 381 676 453
fence 0.0183 8 546 506 970
pole 0.4742 194 25 306 620
pole 0.4164 795 372 814 534
pole 0.2218 568 332 590 551
pole 0.1542 841 376 853 501
pole 0.1413 617 361 634 538
pole 0.0628 562 340 605 553
pole 0.0600 837 370 857 530
pole 0.0417 160 317 184 553
pole 0.0360 461 363 476 547
pole 0.0350 617 411 629 548
pole 0.0318 619 443 633 556
pole 0.0294 802 369 837 512
pole 0.0258 787 410 810 536
pole 0.0248 554 400 593 562
pole 0.0246 659 355 674 521
pole 0.0206 717 386 730 515
pole 0.0205 539 376 611 575
pole 0.0201 610 358 640 559
pole 0.0182 332 283 369 531
pole 0.0169 792 404 830 541
pole 0.0168 185 282 263 636
pole 0.0139 792 456 811 531
pole 0.0131 153 305 200 602
pole 0.0092 711 387 726 515
pole 0.0092 30 479 466 630
pole 0.0086 203 319 247 594
pole 0.0072 352 317 377 545
pole 0.0072 828 421 871 532
pole 0.0066 231 104 353 637
pole 0.0060 569 368 585 514
pole 0.0054 464 356 491 546
pole 0.0054 321 275 351 539
pole 0.0052 502 360 520 548
pole 0.0051 162 341 293 673
pole 0.0040 453 374 481 567
pole 0.0038 873 421 924 520
pole 0.0038 589 396 663 551
pole 0.0038 34 356 458 711
pole 0.0033 765 428 817 576
pole 0.0033 801 380 816 458
pole 0.0032 143 114 228 633
pole 0.0032 856 454 917 512
pole 0.0031 705 428 747 523
pole 0.0030 316 267 382 557
pole 0.0030 740 426 786 528
pole 0.0028 170 341 242 573
pole 0.0026 502 376 513 495
pole 0.0025 776 375 844 550
pole 0.0024 165 366 181 507
pole 0.0024 33 384 289 662
pole 0.0024 341 336 383 575
pole 0.0023 508 405 747 535
pole 0.0022 360 389 376 524
pole 0.0022 849 404 898 519
pole 0.0021 454 438 470 585
pole 0.0020 846 394 877 489
pole 0.0019 187 394 236 606
pole 0.0017 635 420 676 533
pole 0.0016 1292 -3 1374 829
pole 0.0015 454 355 517 581
pole 0.0015 647 353 681 527
pole 0.0015 520 417 577 554
pole 0.0015 205 219 285 548
pole 0.0014 625 373 696 525
pole 0.0012 471 347 506 523
pole 0.0012 915 385 935 502
pole 0.0012 144 357 184 602
pole 0.0012 1296 -7 1413 576
pole 0.0011 651 446 707 521
pole 0.0011 1008 382 1021 490
pole 0.0011 677 441 741 523
pole 0.0010 506 401 534 555
pole 0.0010 1855 262 1919 1049
pole 0.0010 1006 360 1027 560
pole 0.0010 630 442 849 556
rail-occluder 0.4408 530 492 612 568
rail-occluder 0.1177 1 549 318 800
rail-occluder 0.1098 -20 488 791 1042
rail-occluder 0.0512 604 509 630 564
rail-occluder 0.0491 -5 547 510 960
rail-occluder 0.0359 82 543 342 708
rail-occluder 0.0324 747 518 823 582
rail-occluder 0.0308 613 449 630 560
rail-occluder 0.0293 453 525 467 549
rail-occluder 0.0266 204 553 301 665
rail-occluder 0.0259 601 532 628 560
rail-occluder 0.0258 495 484 643 592
rail-occluder 0.0234 -1 540 226 710
rail-occluder 0.0229 240 554 295 641
rail-occluder 0.0215 615 493 636 558
rail-occluder 0.0204 13 524 503 705
rail-occluder 0.0196 520 517 588 567
rail-occluder 0.0184 823 490 883 536
rail-occluder 0.0173 290 567 507 854
rail-occluder 0.0121 403 547 440 598
rail-occluder 0.0114 51 532 661 780
rail-occluder 0.0103 758 485 837 586
rail-occluder 0.0086 182 570 316 739
rail-occluder 0.0085 747 522 784 569
rail-occluder 0.0079 0 459 161 660
rail-occluder 0.0077 0 505 331 657
rail-occluder 0.0076 356 569 529 756
rail-occluder 0.0068 3 414 264 645
rail-occluder 0.0065 231 581 483 1022
rail-occluder 0.0061 -2 571 174 813
rail-occluder 0.0053 246 567 474 748
rail-occluder 0.0052 235 559 355 650
rail-occluder 0.0052 720 503 835 569
rail-occluder 0.0051 521 462 585 563
rail-occluder 0.0051 396 537 444 575
rail-occluder 0.0050 793 472 863 541
rail-occluder 0.0050 418 525 472 565
rail-occluder 0.0046 309 537 506 651
rail-occluder 0.0044 357 588 483 715
rail-occluder 0.0044 769 488 896 550
rail-occluder 0.0039 520 491 730 560
rail-occluder 0.0037 179 580 446 843
rail-occluder 0.0037 260 550 311 599
rail-occluder 0.0037 395 546 467 600
rail-occluder 0.0033 571 522 667 565
rail-occluder 0.0032 396 557 449 621
rail-occluder 0.0031 631 499 669 546
rail-occluder 0.0030 369 529 428 567
rail-occluder 0.0030 269 577 695 823
rail-occluder 0.0026 283 541 591 966
rail-occluder 0.0025 567 453 668 558
rail-occluder 0.0025 5 575 242 922
rail-occluder 0.0025 374 548 432 593
rail-occluder 0.0024 363 535 480 582
rail-occluder 0.0024 209 544 339 595
rail-occluder 0.0022 496 530 629 587
rail-occluder 0.0022 365 517 410 554
rail-occluder 0.0021 705 492 844 610
rail-occluder 0.0021 389 526 494 570
rail-occluder 0.0020 367 555 477 624
rail-occluder 0.0020 206 508 244 597
rail-occluder 0.0020 394 621 566 782
rail-occluder 0.0020 100 523 355 631
rail-occluder 0.0019 197 524 259 628
rail-occluder 0.0019 435 494 589 581
rail-occluder 0.0019 352 512 389 552
rail-occluder 0.0018 3 572 126 673
rail-occluder 0.0018 2 442 150 577
rail-occluder 0.0018 -3 573 94 734
rail-occluder 0.0017 342 530 461 570
rail-occluder 0.0016 395 611 524 732
rail-occluder 0.0016 67 549 288 650
rail-occluder 0.0016 352 613 474 871
rail-occluder 0.0015 631 479 676 531
rail-occluder 0.0015 315 587 439 714
rail-occluder 0.0015 209 517 288 606
rail-occluder 0.0014 412 567 462 613
rail-occluder 0.0014 345 542 558 685
rail-occluder 0.0013 258 553 318 644
rail-occluder 0.0013 303 593 447 809
rail-occluder 0.0012 594 545 632 573
rail-occluder 0.0012 364 598 428 701
rail-occluder 0.0012 488 443 673 623
rail-occluder 0.0012 145 508 304 604
rail-occluder 0.0011 59 527 200 633
rail-occluder 0.0011 336 522 404 565
rail-occluder 0.0010 125 568 398 954
rail-occluder 0.0010 353 575 448 679
rail-occluder 0.0010 478 527 555 566
rail-occluder 0.0010 469 523 693 600
rail-occluder 0.0010 129 561 226 637
rail-occluder 0.0010 543 545 621 574
