train-car 0.8514 719 169 1215 949
train-car 0.0012 800 189 1076 792
train-car 0.0010 341 190 681 558
platform 0.0503 1192 590 1924 1073
platform 0.0048 1189 558 1828 865
platform 0.0016 1157 580 1667 791
rail 0.7976 1 638 732 1075
rail 0.6228 720 872 1207 1072
rail 0.0237 630 584 1404 1054
rail 0.0155 -89 509 1317 1067
rail 0.0068 22 592 693 886
rail 0.0057 722 739 1247 1013
rail 0.0038 1493 581 1906 1050
rail 0.0034 695 663 1879 1068
rail 0.0026 641 490 1717 927
rail 0.0024 698 801 1377 1102
rail 0.0022 1630 621 1916 904
rail 0.0019 1740 618 1918 786
rail 0.0017 1493 595 1905 795
rail 0.0014 819 905 1129 1056
rail 0.0013 189 517 1237 889
rail 0.0011 902 599 1444 923
track-sign-front 0.0225 1439 508 1457 536
track-sign-front 0.0112 1646 489 1666 515
track-sign-front 0.0110 675 424 696 461
track-sign-front 0.0046 1347 452 1393 501
track-sign-front 0.0042 1387 500 1407 533
track-sign-front 0.0039 1443 511 1465 539
track-sign-front 0.0035 1707 309 1730 376
track-sign-front 0.0027 1364 504 1402 545
track-sign-front 0.0020 1438 508 1460 572
track-sign-front 0.0019 1358 477 1405 528
track-sign-front 0.0018 566 514 586 568
track-sign-front 0.0016 1648 488 1668 546
track-sign-front 0.0016 1387 502 1412 551
track-sign-front 0.0012 1345 485 1376 535
track-sign-front 0.0012 1346 511 1369 560
track-sign-front 0.0011 663 425 690 456
track-signal-front 0.1565 1863 312 1886 376
track-signal-front 0.0084 674 424 695 466
track-signal-front 0.0064 1672 309 1699 375
track-signal-front 0.0062 1860 311 1920 374
track-signal-front 0.0033 1696 307 1726 372
track-signal-front 0.0016 1709 311 1731 367
track-signal-front 0.0015 672 453 691 495
track-signal-front 0.0014 664 430 690 472
track-signal-front 0.0013 680 342 705 420
track-signal-front 0.0012 679 324 717 393
track-signal-front 0.0012 1890 272 1919 368
track-signal-front 0.0010 1829 308 1928 385
track-signal-back 0.0025 1671 306 1698 374
track-signal-back 0.0023 675 326 703 363
track-signal-back 0.0019 682 324 711 357
track-signal-back 0.0011 680 341 706 420
person 0.6176 1227 524 1277 654
person 0.0086 1205 508 1242 650
person 0.0056 1211 514 1265 627
person 0.0020 1241 540 1365 658
person 0.0018 1340 533 1365 611
person 0.0012 1291 528 1363 631
rail-occluder 0.0094 1695 656 1778 776
rail-occluder 0.0033 1648 625 1914 793
rail-occluder 0.0024 1809 619 1921 785
rail-occluder 0.0011 1853 609 1920 759
rail-occluder 0.0010 1634 664 1797 805
