crossing 0.7641 1394 739 1922 1078
crossing 0.3058 912 678 1348 1079
crossing 0.0140 946 775 1271 963
crossing 0.0113 1410 743 1734 906
crossing 0.0110 1390 745 1552 791
crossing 0.0047 1595 758 1921 974
crossing 0.0041 1383 756 1677 859
crossing 0.0037 1500 738 1873 908
crossing 0.0029 1487 788 1814 1040
crossing 0.0027 1007 766 1219 882
crossing 0.0013 1388 744 1611 813
crossing 0.0012 1402 743 1506 775
crossing 0.0012 917 839 1253 1085
crossing 0.0012 1031 761 1205 816
crossing 0.0011 1297 739 1788 990
train-car 0.8322 1321 433 1547 731
train-car 0.0018 1365 500 1656 727
platform 0.0053 1468 645 1678 702
platform 0.0037 1476 623 1668 679
platform 0.0034 1494 659 1700 729
platform 0.0023 1462 685 1684 746
platform 0.0013 1500 633 1786 696
platform 0.0012 1535 612 1706 666
platform 0.0011 1468 653 1821 737
rail 0.8983 919 671 1358 1074
rail 0.8339 1382 737 1929 1079
rail 0.0021 871 680 1887 1072
rail 0.0011 568 683 1301 1084
track-sign-front 0.0845 1613 603 1638 630
track-sign-front 0.0097 422 264 513 370
track-sign-front 0.0020 429 244 528 416
track-sign-front 0.0014 1585 595 1633 640
track-sign-front 0.0012 1581 591 1616 631
track-sign-front 0.0011 979 402 1013 515
track-signal-front 0.0514 1599 471 1622 540
track-signal-front 0.0349 458 348 508 457
track-signal-front 0.0120 1570 523 1596 561
track-signal-front 0.0090 1642 483 1668 512
track-signal-front 0.0080 1593 467 1616 525
track-signal-front 0.0074 1613 480 1665 521
track-signal-front 0.0065 1572 485 1619 558
track-signal-front 0.0041 1611 485 1641 544
track-signal-front 0.0037 1594 521 1622 559
track-signal-front 0.0026 1588 489 1629 564
track-signal-front 0.0017 452 382 515 488
track-signal-front 0.0016 421 272 524 438
track-signal-back 0.0059 1568 508 1594 554
track-signal-back 0.0028 1579 475 1616 553
track-signal-back 0.0025 1634 482 1665 517
track-signal-back 0.0023 1647 479 1673 512
track-signal-back 0.0020 1565 488 1591 546
track-signal-back 0.0010 988 406 1032 513
person 0.6309 1103 579 1147 681
person 0.4463 1049 597 1085 726
person 0.2816 1275 594 1306 665
person 0.1183 1074 577 1149 701
person 0.0083 1063 576 1121 683
person 0.0080 1258 590 1300 667
person 0.0047 1268 582 1315 677
person 0.0042 1111 580 1172 675
person 0.0034 1052 553 1083 671
person 0.0019 1107 605 1138 701
person 0.0018 1045 580 1077 681
person 0.0017 1036 564 1091 706
person 0.0016 1294 583 1334 675
pole 0.0048 975 227 1012 706
pole 0.0013 976 385 1054 737
pole 0.0012 964 398 995 701
