guard-rail 0.5279 1100 511 1517 1076
guard-rail 0.1201 1241 555 1389 1086
guard-rail 0.0029 1258 690 1305 1030
guard-rail 0.0017 1261 532 1462 932
guard-rail 0.0015 1128 576 1346 1084
guard-rail 0.0014 1224 575 1399 816
rail 0.8266 1085 499 1533 1077
rail 0.0011 1255 478 1746 1034
track-sign-front 0.0032 1410 443 1424 468
pole 0.0853 1493 97 1596 680
pole 0.0076 1501 221 1565 685
pole 0.0041 1503 23 1661 721
pole 0.0018 1507 303 1546 618
pole 0.0016 1614 -2 1696 740
pole 0.0013 1439 -35 1602 604
