guard-rail 0.7623 616 737 746 1081
guard-rail 0.2075 989 545 1048 584
guard-rail 0.1703 1013 550 1065 585
guard-rail 0.1646 893 796 943 1074
guard-rail 0.1454 980 536 1039 567
guard-rail 0.0914 915 803 956 1075
guard-rail 0.0529 996 533 1030 561
guard-rail 0.0359 751 508 804 532
guard-rail 0.0346 904 499 968 544
guard-rail 0.0321 1085 736 1273 1076
guard-rail 0.0300 973 529 1028 559
guard-rail 0.0286 719 509 790 537
guard-rail 0.0272 915 518 968 572
guard-rail 0.0241 701 514 757 540
guard-rail 0.0189 913 542 942 586
guard-rail 0.0184 994 565 1048 610
guard-rail 0.0165 940 524 995 565
guard-rail 0.0162 936 802 981 1076
guard-rail 0.0161 928 511 996 556
guard-rail 0.0123 1012 562 1057 604
guard-rail 0.0118 568 685 896 1090
guard-rail 0.0117 753 483 812 533
guard-rail 0.0107 1062 577 1126 625
guard-rail 0.0083 768 499 837 534
guard-rail 0.0079 916 543 964 585
guard-rail 0.0079 702 520 762 559
guard-rail 0.0070 630 711 841 1023
guard-rail 0.0067 702 555 758 598
guard-rail 0.0066 1059 566 1113 607
guard-rail 0.0061 1001 596 1038 629
guard-rail 0.0054 984 569 1026 610
guard-rail 0.0050 862 756 916 1077
guard-rail 0.0042 1141 834 1272 1077
guard-rail 0.0037 898 548 922 592
guard-rail 0.0036 720 521 786 563
guard-rail 0.0032 945 545 994 583
guard-rail 0.0031 700 571 744 608
guard-rail 0.0030 1046 567 1149 631
guard-rail 0.0027 685 526 741 554
guard-rail 0.0023 720 552 768 589
guard-rail 0.0021 851 498 909 541
guard-rail 0.0020 751 522 799 558
guard-rail 0.0019 651 731 749 979
guard-rail 0.0018 911 506 1015 569
guard-rail 0.0017 884 517 926 576
guard-rail 0.0016 679 569 748 619
guard-rail 0.0014 1025 526 1069 564
guard-rail 0.0014 908 568 932 611
guard-rail 0.0013 955 803 1005 1076
guard-rail 0.0011 988 592 1023 635
guard-rail 0.0010 1068 585 1144 640
guard-rail 0.0010 888 864 925 1011
train-car 0.6358 7 383 638 594
train-car 0.0224 215 385 543 561
train-car 0.0059 344 337 402 612
train-car 0.0045 -24 344 516 536
train-car 0.0024 31 245 750 644
train-car 0.0018 171 393 376 557
train-car 0.0017 356 399 412 564
train-car 0.0016 187 416 325 600
train-car 0.0010 188 364 265 512
train-car 0.0010 -10 399 361 618
rail 0.9500 4 477 840 1075
rail 0.9310 848 470 1285 1071
rail 0.9278 595 461 960 1072
rail 0.9226 850 474 1902 1078
rail 0.3870 1 455 664 671
rail 0.1425 634 663 935 871
rail 0.0649 889 792 947 1076
rail 0.0490 583 474 733 510
rail 0.0257 1065 742 1275 1078
rail 0.0249 607 462 754 505
rail 0.0239 509 476 716 526
rail 0.0177 620 462 696 501
rail 0.0142 845 465 905 497
rail 0.0134 787 474 842 500
rail 0.0128 868 478 924 508
rail 0.0115 382 475 761 549
rail 0.0114 613 746 949 1081
rail 0.0090 814 464 866 501
rail 0.0089 617 478 696 509
rail 0.0079 149 445 859 581
rail 0.0070 860 475 957 532
rail 0.0067 -2 507 370 678
rail 0.0065 641 475 771 530
rail 0.0063 665 461 800 504
rail 0.0057 889 485 945 513
rail 0.0055 795 483 843 519
rail 0.0052 803 474 861 519
rail 0.0050 572 463 669 512
rail 0.0043 854 471 916 520
rail 0.0043 751 492 811 527
rail 0.0039 748 469 816 502
rail 0.0038 688 492 773 538
rail 0.0033 895 485 968 548
rail 0.0032 725 496 794 533
rail 0.0030 83 437 869 750
rail 0.0027 637 476 723 518
rail 0.0026 773 478 851 527
rail 0.0025 850 455 890 488
rail 0.0023 924 653 1243 1043
rail 0.0023 625 421 696 496
rail 0.0022 835 456 871 485
rail 0.0022 772 739 975 1061
rail 0.0022 571 483 655 518
rail 0.0021 1140 843 1294 1070
rail 0.0021 463 468 784 594
rail 0.0021 662 467 809 542
rail 0.0021 2 542 241 671
rail 0.0019 7 513 518 766
rail 0.0019 86 495 288 648
rail 0.0019 609 396 663 499
rail 0.0017 565 495 712 544
rail 0.0014 839 463 989 558
rail 0.0012 755 511 971 1017
rail 0.0011 771 501 1103 1090
rail 0.0011 502 491 677 538
rail 0.0011 338 393 765 579
rail 0.0010 569 570 794 1032
rail 0.0010 886 798 1043 1082
switch-indicator 0.0059 763 465 808 502
switch-indicator 0.0012 1050 518 1072 563
switch-left 0.2029 663 730 920 851
switch-left 0.0588 896 495 948 531
switch-left 0.0373 643 700 943 955
switch-left 0.0206 906 500 966 542
switch-left 0.0138 723 707 879 795
switch-left 0.0114 722 757 924 893
switch-left 0.0081 901 490 965 523
switch-left 0.0016 909 759 1162 931
switch-left 0.0014 769 500 835 533
switch-right 0.1580 813 483 843 505
switch-right 0.1501 893 494 944 519
switch-right 0.1045 695 739 926 855
switch-right 0.0496 809 500 846 523
switch-right 0.0348 705 703 894 799
switch-right 0.0203 887 498 935 529
switch-right 0.0172 905 500 968 543
switch-right 0.0144 794 483 845 518
switch-right 0.0080 698 643 967 946
switch-right 0.0052 811 506 856 532
switch-right 0.0029 768 505 836 529
switch-unknown 0.0369 814 465 865 499
switch-unknown 0.0364 874 479 921 506
switch-unknown 0.0235 849 465 901 495
switch-unknown 0.0205 835 458 869 479
switch-unknown 0.0144 787 471 839 503
switch-unknown 0.0103 852 456 888 483
switch-unknown 0.0067 810 453 853 488
switch-unknown 0.0055 857 475 913 516
switch-unknown 0.0012 865 441 911 490
switch-static 0.0620 902 492 963 517
switch-static 0.0269 637 531 691 553
switch-static 0.0255 891 487 943 509
switch-static 0.0145 1034 545 1072 577
switch-static 0.0136 698 515 740 542
switch-static 0.0079 918 486 968 511
switch-static 0.0076 928 492 980 518
switch-static 0.0065 647 523 706 551
switch-static 0.0053 733 492 785 537
switch-static 0.0052 701 497 759 536
switch-static 0.0033 617 532 674 560
track-sign-front 0.3007 191 351 225 448
track-sign-front 0.0586 195 462 223 512
track-sign-front 0.0427 191 380 226 528
track-sign-front 0.0355 517 486 528 502
track-sign-front 0.0223 363 370 395 444
track-sign-front 0.0173 363 346 393 414
track-sign-front 0.0100 966 448 981 474
track-sign-front 0.0087 357 385 393 523
track-sign-front 0.0072 31 530 49 561
track-sign-front 0.0069 968 443 991 471
track-sign-front 0.0063 964 449 983 490
track-sign-front 0.0045 170 383 254 533
track-sign-front 0.0035 518 479 533 501
track-sign-front 0.0028 364 377 400 485
track-sign-front 0.0019 966 428 981 471
track-sign-front 0.0016 361 423 405 537
track-sign-front 0.0011 34 523 56 553
track-sign-front 0.0010 125 362 271 494
track-signal-front 0.0015 750 343 762 368
track-signal-front 0.0012 751 346 766 376
track-signal-back 0.0209 193 343 226 415
track-signal-back 0.0091 750 344 762 422
track-signal-back 0.0045 749 348 762 377
track-signal-back 0.0044 807 407 840 439
track-signal-back 0.0038 362 347 390 398
track-signal-back 0.0027 788 387 821 467
track-signal-back 0.0014 880 407 912 444
track-signal-back 0.0013 194 326 224 382
track-signal-back 0.0012 884 408 909 432
track-signal-back 0.0011 364 282 395 450
track-signal-back 0.0010 743 348 759 376
pole 0.4240 678 259 693 523
pole 0.2937 362 -9 405 647
pole 0.1566 628 329 643 503
pole 0.0611 198 459 221 621
pole 0.0528 636 290 672 519
pole 0.0309 746 358 767 495
pole 0.0304 363 269 419 662
pole 0.0214 656 303 695 518
pole 0.0213 248 347 508 591
pole 0.0182 119 309 616 598
pole 0.0154 633 334 642 470
pole 0.0153 619 363 637 497
pole 0.0146 667 387 700 519
pole 0.0101 619 388 651 500
pole 0.0094 752 358 791 499
pole 0.0087 680 322 689 473
pole 0.0076 395 92 437 641
pole 0.0075 679 328 707 523
pole 0.0073 204 503 218 624
pole 0.0065 403 373 430 629
pole 0.0063 532 152 580 513
pole 0.0060 729 368 754 493
pole 0.0053 342 374 411 644
pole 0.0050 673 139 704 525
pole 0.0046 748 329 763 442
pole 0.0043 179 371 248 536
pole 0.0039 361 355 402 554
pole 0.0038 360 409 399 647
pole 0.0036 626 393 693 511
pole 0.0031 151 80 507 699
pole 0.0031 184 420 228 609
pole 0.0029 303 4 456 641
pole 0.0029 398 265 425 562
pole 0.0026 712 400 767 514
pole 0.0024 610 378 641 518
pole 0.0024 705 299 761 528
pole 0.0023 296 96 363 665
pole 0.0022 536 183 612 552
pole 0.0022 172 407 258 649
pole 0.0022 671 399 729 518
pole 0.0020 782 415 821 503
pole 0.0019 665 265 718 523
pole 0.0017 390 221 462 618
pole 0.0015 360 406 471 601
pole 0.0013 789 381 817 481
pole 0.0012 738 451 778 508
pole 0.0011 370 120 389 458
pole 0.0011 135 485 286 650
pole 0.0010 1290 130 1331 697
pole 0.0010 404 440 431 568
rail-occluder 0.0039 515 482 532 508
rail-occluder 0.0038 667 451 737 507
rail-occluder 0.0034 742 451 772 504
rail-occluder 0.0028 27 526 48 566
rail-occluder 0.0024 367 503 405 604
rail-occluder 0.0020 696 450 772 507
rail-occluder 0.0013 676 483 738 530
rail-occluder 0.0012 358 435 402 623
