platform 0.9186 1003 551 1918 1081
platform 0.7243 1 545 849 758
platform 0.0351 0 562 811 950
platform 0.0060 469 540 937 582
platform 0.0041 34 507 822 634
platform 0.0038 45 563 753 686
platform 0.0037 576 545 885 576
platform 0.0029 214 553 868 651
platform 0.0027 830 540 925 575
platform 0.0026 800 550 878 591
platform 0.0024 -7 588 559 727
platform 0.0020 1128 557 1915 864
platform 0.0014 707 547 879 595
platform 0.0014 884 537 960 564
platform 0.0010 807 537 938 587
rail 0.9542 808 548 1112 1073
rail 0.8907 4 547 920 1082
track-sign-front 0.0780 1669 555 1693 653
track-sign-front 0.0167 1670 556 1693 602
track-sign-front 0.0017 895 532 951 565
track-sign-front 0.0014 920 527 977 560
track-sign-front 0.0014 1674 550 1721 654
track-sign-front 0.0011 1233 466 1251 492
track-signal-front 0.0039 951 528 980 551
track-signal-front 0.0024 921 527 975 554
track-signal-front 0.0020 1029 481 1045 508
track-signal-front 0.0014 903 526 950 560
track-signal-front 0.0010 1007 478 1042 514
pole 0.0025 788 476 808 579
pole 0.0015 1671 91 1728 641
rail-occluder 0.1687 806 556 824 594
rail-occluder 0.0046 800 547 877 596
rail-occluder 0.0032 803 546 833 600
rail-occluder 0.0011 817 533 887 589
