guard-rail 0.1638 1016 848 1053 1073
guard-rail 0.0206 1020 877 1047 1011
guard-rail 0.0107 930 734 1102 1072
guard-rail 0.0060 818 564 906 629
guard-rail 0.0037 891 608 962 660
guard-rail 0.0032 1025 902 1052 1048
guard-rail 0.0025 1012 819 1100 1065
guard-rail 0.0015 1007 820 1064 1031
guard-rail 0.0011 935 706 1001 778
guard-rail 0.0011 964 804 1045 1072
train-car 0.0250 1388 -6 1877 1062
rail 0.8410 844 559 1138 1076
rail 0.5726 810 565 955 654
rail 0.2064 974 572 1927 965
rail 0.1826 966 571 1420 752
rail 0.0867 791 557 1008 1074
rail 0.0836 852 590 958 663
rail 0.0277 871 766 1073 1072
rail 0.0175 1411 37 1880 1010
rail 0.0138 929 550 1579 835
rail 0.0111 801 542 965 713
rail 0.0075 878 567 946 658
rail 0.0063 792 551 927 617
rail 0.0032 882 776 1050 957
rail 0.0025 811 521 961 634
rail 0.0021 980 497 1308 722
rail 0.0021 846 576 1000 717
rail 0.0020 1382 623 1925 906
rail 0.0020 1115 603 1505 787
rail 0.0018 1172 602 1423 740
rail 0.0018 869 554 964 619
rail 0.0017 808 600 916 1080
rail 0.0014 839 539 1048 669
rail 0.0014 8 561 859 1049
rail 0.0013 872 451 1390 771
rail 0.0012 715 477 1111 872
rail 0.0012 855 725 947 1059
rail 0.0011 1054 200 1796 997
rail 0.0011 814 527 884 579
rail 0.0011 1046 594 1333 719
rail 0.0010 807 538 964 881
rail 0.0010 1422 696 1915 1031
rail 0.0010 876 553 990 653
switch-left 0.1152 887 621 959 671
switch-left 0.0779 850 592 959 661
switch-left 0.0255 891 642 966 675
switch-left 0.0028 890 661 983 738
switch-left 0.0016 872 787 1064 950
switch-right 0.3025 890 625 959 669
switch-right 0.0198 890 642 967 676
switch-right 0.0052 879 704 1010 789
switch-right 0.0012 873 783 1065 908
switch-right 0.0011 875 738 1026 845
switch-unknown 0.0017 854 557 943 625
switch-unknown 0.0017 814 556 889 598
switch-unknown 0.0010 891 556 947 607
switch-unknown 0.0010 815 513 883 584
switch-static 0.0907 1012 661 1050 692
switch-static 0.0337 820 704 857 731
switch-static 0.0130 970 657 1034 690
switch-static 0.0123 819 634 875 658
switch-static 0.0104 937 631 993 668
switch-static 0.0080 997 651 1062 698
switch-static 0.0071 1003 642 1042 688
switch-static 0.0070 814 631 857 654
switch-static 0.0065 962 633 1023 675
switch-static 0.0064 838 623 905 662
switch-static 0.0059 919 643 1027 687
switch-static 0.0041 824 598 889 650
switch-static 0.0041 946 644 997 678
switch-static 0.0030 1028 654 1071 693
switch-static 0.0025 944 619 993 650
switch-static 0.0025 818 618 933 659
switch-static 0.0024 818 691 877 732
switch-static 0.0021 805 705 865 749
switch-static 0.0019 808 684 893 754
switch-static 0.0017 810 621 855 647
switch-static 0.0016 808 653 901 823
switch-static 0.0012 828 643 876 671
switch-static 0.0010 968 620 1019 650
track-sign-front 0.0231 735 615 773 662
track-sign-front 0.0011 738 626 767 687
track-sign-front 0.0010 733 577 785 660
pole 0.4705 1124 358 1178 694
pole 0.2630 1393 39 1784 1078
pole 0.1218 1015 397 1034 612
pole 0.0519 1065 492 1082 647
pole 0.0424 1400 175 1546 958
pole 0.0243 1402 213 1467 919
pole 0.0236 1063 375 1102 670
pole 0.0142 1012 437 1047 636
pole 0.0114 1406 -17 1626 983
pole 0.0105 1147 341 1189 677
pole 0.0090 1095 368 1159 686
pole 0.0065 1104 328 1209 705
pole 0.0058 858 493 882 569
pole 0.0042 1058 481 1089 662
pole 0.0041 1015 485 1041 620
pole 0.0023 994 401 1059 635
pole 0.0020 1069 474 1088 593
pole 0.0020 995 415 1032 596
pole 0.0019 1006 483 1084 650
pole 0.0018 991 481 1299 732
pole 0.0017 1100 537 1230 729
pole 0.0017 983 486 1040 617
pole 0.0016 1078 451 1200 757
pole 0.0016 834 492 881 572
pole 0.0013 1341 219 1438 905
pole 0.0012 1431 161 1675 791
pole 0.0011 1128 126 1196 735
pole 0.0010 1129 459 1170 603
pole 0.0010 1021 421 1038 558
rail-occluder 0.1117 1390 38 1803 1089
rail-occluder 0.0027 1062 562 1090 643
rail-occluder 0.0022 1058 579 1079 653
rail-occluder 0.0010 1061 586 1112 648
