rail 0.8339 1005 600 1740 1078
rail 0.0033 1482 655 1629 1019
rail 0.0012 1218 670 1423 1018
switch-indicator 0.0051 1500 698 1614 904
switch-indicator 0.0019 1517 645 1598 832
switch-indicator 0.0010 1501 727 1565 870
track-sign-front 0.0031 1529 715 1615 864
track-sign-front 0.0027 1498 718 1591 874
track-sign-front 0.0023 1468 569 1496 624
track-sign-front 0.0013 1474 563 1516 626
track-sign-front 0.0011 697 829 756 873
track-sign-front 0.0011 1480 561 1521 604
track-sign-front 0.0010 1546 725 1612 813
rail-occluder 0.0674 1538 635 1597 790
rail-occluder 0.0129 1541 640 1594 724
rail-occluder 0.0080 1529 644 1615 841
rail-occluder 0.0061 1516 638 1579 780
rail-occluder 0.0034 1496 646 1577 872
rail-occluder 0.0023 1538 617 1616 741
rail-occluder 0.0019 1488 630 1640 952
rail-occluder 0.0013 1449 615 1613 836
rail-occluder 0.0010 1626 572 1644 611
rail-occluder 0.0010 1538 619 1697 780
