crossing 0.0016 906 579 944 595
rail 0.9280 -1 567 915 1070
rail 0.8880 726 576 1011 1079
rail 0.0026 0 581 769 848
rail 0.0019 315 590 864 816
rail 0.0017 263 598 760 1048
rail 0.0011 435 557 996 1056
track-sign-front 0.0132 827 561 844 577
track-sign-front 0.0093 818 561 839 578
track-sign-front 0.0022 1034 568 1053 593
track-sign-front 0.0011 1 615 24 667
track-sign-front 0.0011 987 546 1012 601
track-sign-front 0.0010 835 544 868 581
track-signal-front 0.0042 892 508 912 563
track-signal-front 0.0020 938 522 964 576
pole 0.0034 865 489 885 604
pole 0.0027 989 401 1008 659
pole 0.0022 889 499 915 590
pole 0.0011 897 476 918 587
