rail 0.7257 758 404 1176 1072
rail 0.0073 1150 457 1962 1093
rail 0.0054 6 465 864 1069
rail 0.0032 927 415 1301 1088
rail 0.0019 1091 441 1546 1067
rail 0.0010 10 546 484 1027
track-sign-front 0.0959 868 438 880 464
track-sign-front 0.0129 864 434 878 470
track-sign-front 0.0045 868 444 880 480
track-sign-front 0.0043 940 401 958 423
track-sign-front 0.0014 944 396 977 425
track-sign-front 0.0011 860 435 888 467
track-signal-front 0.0412 824 216 845 243
track-signal-front 0.0267 999 294 1014 312
track-signal-front 0.0019 1001 289 1019 314
track-signal-front 0.0015 1024 293 1045 314
track-signal-front 0.0014 824 222 847 280
track-signal-front 0.0013 820 196 854 276
track-signal-front 0.0012 356 133 428 242
track-signal-front 0.0011 1084 293 1103 319
