guard-rail 0.0358 920 556 966 584
guard-rail 0.0240 915 564 954 592
guard-rail 0.0139 928 549 978 581
guard-rail 0.0091 907 569 938 601
guard-rail 0.0032 970 539 1016 577
guard-rail 0.0013 894 577 928 608
guard-rail 0.0012 915 548 955 578
guard-rail 0.0011 916 548 993 590
guard-rail 0.0010 979 544 1025 595
rail 0.9570 1071 500 1916 1078
rail 0.9466 918 501 1219 1075
rail 0.9202 232 507 1054 1074
rail 0.0014 69 728 648 1065
switch-left 0.0060 963 522 1022 572
switch-left 0.0023 971 541 1016 575
switch-right 0.0737 974 522 1022 550
switch-right 0.0141 961 530 1015 566
switch-right 0.0019 971 540 1016 576
switch-right 0.0018 934 547 998 578
switch-unknown 0.0438 979 516 1029 539
switch-unknown 0.0148 1001 506 1041 530
switch-unknown 0.0081 957 521 1013 553
switch-unknown 0.0028 1001 502 1064 532
switch-unknown 0.0019 1018 469 1073 532
track-sign-front 0.0226 1206 508 1222 530
track-sign-front 0.0051 631 607 643 630
track-sign-front 0.0041 1507 521 1522 583
track-sign-front 0.0034 1414 494 1436 553
track-sign-front 0.0030 1409 458 1437 560
track-sign-front 0.0022 937 489 961 528
track-sign-front 0.0016 632 610 650 634
track-sign-front 0.0015 1417 514 1436 566
track-sign-front 0.0013 1465 570 1483 595
track-sign-front 0.0013 1200 505 1228 532
track-sign-front 0.0010 629 597 645 638
track-signal-front 0.2161 1046 459 1058 474
track-signal-front 0.0218 1044 455 1060 480
track-signal-front 0.0017 1111 437 1131 485
pole 0.0029 1128 220 1175 599
pole 0.0028 1127 268 1154 556
pole 0.0012 593 23 692 710
pole 0.0010 1113 367 1137 548
