crossing 0.0079 1004 572 1042 596
crossing 0.0067 1077 607 1123 624
crossing 0.0021 1014 575 1049 593
crossing 0.0014 1071 597 1119 626
train-car 0.0154 1010 562 1043 588
train-car 0.0130 1001 552 1046 586
rail 0.9603 1041 569 1903 1076
rail 0.9528 937 570 1202 1075
rail 0.0012 1174 522 1808 922
switch-indicator 0.0039 906 688 929 719
switch-static 0.0153 1310 684 1359 712
switch-static 0.0080 1327 691 1383 727
switch-static 0.0048 906 687 928 716
switch-static 0.0027 1182 630 1233 655
switch-static 0.0025 1335 720 1387 748
switch-static 0.0022 1310 673 1351 705
switch-static 0.0019 1346 709 1391 738
switch-static 0.0017 869 691 924 726
switch-static 0.0017 1180 625 1219 646
switch-static 0.0011 1166 622 1211 656
switch-static 0.0010 1286 694 1338 722
track-sign-front 0.8670 591 753 664 1000
track-sign-front 0.1937 599 754 666 828
track-sign-front 0.0967 1163 572 1176 593
track-sign-front 0.0787 955 566 967 585
track-sign-front 0.0199 1164 563 1176 580
track-sign-front 0.0192 956 558 969 582
track-sign-front 0.0167 955 564 975 606
track-sign-front 0.0098 1161 571 1178 608
track-sign-front 0.0092 599 797 656 944
track-sign-front 0.0047 954 553 966 578
track-sign-front 0.0034 589 888 655 1004
track-sign-front 0.0026 974 549 1033 600
track-sign-front 0.0022 1173 619 1200 642
track-sign-front 0.0014 970 571 1019 612
track-sign-front 0.0011 1166 550 1181 579
track-sign-front 0.0010 1155 570 1184 598
track-sign-front 0.0010 1155 597 1187 651
track-sign-front 0.0010 576 761 633 1007
