train-car 0.8711 11 -1 889 1099
train-car 0.0015 934 571 976 612
train-car 0.0014 953 562 976 615
rail 0.9484 797 599 1251 1072
rail 0.0055 446 626 946 1068
rail 0.0010 2 554 1063 1173
track-signal-front 0.3405 1046 496 1060 516
track-signal-front 0.0931 1044 493 1055 511
track-signal-front 0.0213 1046 495 1065 525
track-signal-front 0.0151 1051 491 1066 511
track-signal-front 0.0029 955 439 971 465
track-signal-front 0.0027 1055 488 1087 521
track-signal-front 0.0023 1026 493 1050 519
car 0.0621 1019 557 1085 604
car 0.0139 1025 562 1104 621
car 0.0084 944 577 974 617
car 0.0064 1055 565 1135 629
car 0.0018 1102 552 1131 629
car 0.0012 953 561 976 614
