crossing 0.0020 754 1009 1139 1082
guard-rail 0.7742 1118 493 1202 572
guard-rail 0.7253 931 495 960 582
guard-rail 0.4795 0 676 280 890
guard-rail 0.1100 0 692 245 1059
guard-rail 0.0641 1156 514 1226 577
guard-rail 0.0561 102 672 297 773
guard-rail 0.0455 -2 535 537 827
guard-rail 0.0311 186 673 301 737
guard-rail 0.0298 130 658 375 760
guard-rail 0.0259 0 690 188 845
guard-rail 0.0227 53 664 330 818
guard-rail 0.0221 1113 489 1159 557
guard-rail 0.0136 0 606 358 961
guard-rail 0.0097 40 647 324 752
guard-rail 0.0091 1081 433 1110 468
guard-rail 0.0087 -1 668 217 778
guard-rail 0.0071 -1 750 90 1066
guard-rail 0.0069 -4 750 128 880
guard-rail 0.0065 173 678 320 796
guard-rail 0.0062 915 346 981 373
guard-rail 0.0053 167 621 356 732
guard-rail 0.0051 981 367 1049 425
guard-rail 0.0047 920 487 974 583
guard-rail 0.0044 60 704 236 832
guard-rail 0.0043 939 340 994 367
guard-rail 0.0038 6 646 142 730
guard-rail 0.0038 45 601 405 762
guard-rail 0.0037 1113 477 1156 522
guard-rail 0.0036 -4 685 97 822
guard-rail 0.0036 0 662 95 759
guard-rail 0.0032 203 624 407 783
guard-rail 0.0029 20 614 244 739
guard-rail 0.0026 901 355 962 382
guard-rail 0.0025 -1 770 86 907
guard-rail 0.0024 943 493 965 546
guard-rail 0.0022 1079 430 1124 476
guard-rail 0.0021 6 730 162 938
guard-rail 0.0020 0 668 81 724
guard-rail 0.0017 188 686 272 779
guard-rail 0.0016 196 535 444 712
guard-rail 0.0014 162 649 289 713
guard-rail 0.0014 106 663 259 737
guard-rail 0.0013 152 678 256 765
guard-rail 0.0013 10 658 98 708
guard-rail 0.0012 963 511 985 581
guard-rail 0.0012 129 705 223 781
guard-rail 0.0012 1151 514 1257 620
guard-rail 0.0011 266 613 427 692
guard-rail 0.0011 1096 455 1147 511
guard-rail 0.0011 1086 417 1137 453
guard-rail 0.0011 1053 405 1260 622
guard-rail 0.0011 1090 450 1180 555
guard-rail 0.0010 882 356 967 392
guard-rail 0.0010 609 457 743 519
guard-rail 0.0010 931 334 979 363
rail 0.9173 1008 331 1787 1072
rail 0.9029 747 302 1099 1064
rail 0.7162 -1 320 1063 887
rail 0.6741 1145 285 1920 491
rail 0.1506 3 450 722 864
rail 0.1164 1007 294 1108 337
rail 0.0664 0 691 251 1071
rail 0.0524 1007 318 1049 348
rail 0.0248 775 302 1396 1066
rail 0.0199 1016 285 1141 328
rail 0.0130 1259 150 1912 690
rail 0.0121 -3 499 558 763
rail 0.0096 1016 290 1069 323
rail 0.0084 1029 282 1099 324
rail 0.0059 0 795 144 1074
rail 0.0052 1302 326 1881 438
rail 0.0052 1166 282 1623 415
rail 0.0041 1395 352 1923 544
rail 0.0035 549 413 833 537
rail 0.0032 988 325 1038 357
rail 0.0032 281 288 1105 692
rail 0.0027 1047 302 1120 370
rail 0.0025 972 251 1133 441
rail 0.0022 943 316 1101 466
rail 0.0022 573 355 1005 561
rail 0.0017 -4 568 511 1027
rail 0.0016 364 277 1289 948
rail 0.0016 176 438 721 713
rail 0.0015 -1 811 77 1060
rail 0.0013 1595 401 1926 549
rail 0.0013 1153 254 1409 366
rail 0.0013 -4 890 228 1075
rail 0.0013 1032 414 1390 1069
rail 0.0012 371 328 900 597
rail 0.0012 1040 276 1150 349
rail 0.0012 10 800 389 1076
rail 0.0011 1026 339 1128 411
rail 0.0011 1041 454 1682 896
rail 0.0011 1003 284 1141 386
rail 0.0010 1192 291 1468 390
switch-indicator 0.0794 664 415 698 449
switch-indicator 0.0055 637 421 711 480
switch-indicator 0.0036 661 406 686 444
switch-left 0.1339 987 360 1052 411
switch-left 0.0665 624 433 767 493
switch-left 0.0134 546 446 750 520
switch-left 0.0085 692 430 808 471
switch-left 0.0049 511 458 705 536
switch-left 0.0034 575 405 819 531
switch-left 0.0033 548 471 681 523
switch-left 0.0027 660 421 803 483
switch-left 0.0012 963 331 1079 465
switch-left 0.0012 656 407 870 502
switch-left 0.0010 498 434 718 574
switch-right 0.2733 988 360 1051 403
switch-right 0.1540 995 343 1045 384
switch-right 0.1405 1002 328 1043 359
switch-right 0.0517 652 429 760 476
switch-right 0.0494 1008 319 1051 346
switch-right 0.0292 588 439 746 508
switch-right 0.0104 691 430 809 470
switch-right 0.0089 677 426 775 459
switch-right 0.0065 652 419 811 485
switch-right 0.0046 548 449 699 518
switch-right 0.0046 982 368 1048 423
switch-right 0.0029 710 430 798 455
switch-right 0.0011 937 342 1000 368
switch-unknown 0.1096 1008 317 1042 340
switch-unknown 0.1005 1014 304 1068 337
switch-unknown 0.0566 651 429 761 476
switch-unknown 0.0205 615 442 752 495
switch-unknown 0.0067 569 445 702 500
switch-unknown 0.0067 594 428 722 480
switch-unknown 0.0018 1000 277 1045 329
switch-unknown 0.0014 674 442 778 489
switch-static 0.4325 1062 362 1116 383
switch-static 0.0591 661 422 732 456
switch-static 0.0390 999 343 1046 379
switch-static 0.0202 988 326 1038 353
switch-static 0.0175 650 428 737 481
switch-static 0.0111 1018 302 1095 350
switch-static 0.0055 683 427 767 455
switch-static 0.0039 1024 348 1124 404
switch-static 0.0039 951 324 1003 356
switch-static 0.0035 728 434 808 458
switch-static 0.0033 566 436 676 472
switch-static 0.0025 598 431 675 464
switch-static 0.0019 527 442 589 463
switch-static 0.0013 1059 301 1112 370
switch-static 0.0013 979 303 1031 344
switch-static 0.0010 676 409 729 441
track-sign-front 0.0025 559 365 589 410
track-sign-front 0.0011 1641 379 1665 421
track-sign-front 0.0010 550 317 569 342
track-signal-front 0.0019 1253 175 1274 258
track-signal-front 0.0017 1247 191 1264 236
pole 0.1527 1257 100 1291 365
pole 0.1215 1133 119 1152 317
pole 0.0769 1264 185 1286 363
pole 0.0485 1136 196 1156 314
pole 0.0251 1253 59 1272 355
pole 0.0172 1266 245 1282 364
pole 0.0141 1085 220 1103 320
pole 0.0132 1317 14 1867 752
pole 0.0110 1552 -4 1702 605
pole 0.0075 1129 237 1160 318
pole 0.0054 1270 83 1304 356
pole 0.0053 1073 248 1110 325
pole 0.0043 1244 167 1283 368
pole 0.0042 1128 190 1162 342
pole 0.0039 1254 230 1298 377
pole 0.0032 1087 201 1134 323
pole 0.0030 1265 291 1278 361
pole 0.0027 1126 90 1165 307
pole 0.0024 1250 159 1309 378
pole 0.0020 1256 173 1283 312
pole 0.0019 1246 127 1266 302
pole 0.0016 1595 -18 1685 494
pole 0.0015 1163 212 1197 315
pole 0.0015 1273 202 1301 328
pole 0.0012 1238 43 1279 340
pole 0.0012 1548 252 1657 571
pole 0.0010 1115 82 1149 310
pole 0.0010 1647 36 1910 547
rail-occluder 0.0032 1083 278 1134 328
rail-occluder 0.0027 1238 316 1459 412
rail-occluder 0.0025 1330 331 1371 402
rail-occluder 0.0019 1122 273 1158 322
rail-occluder 0.0014 1080 257 1141 318
rail-occluder 0.0012 1299 322 1369 402
rail-occluder 0.0010 1287 339 1412 411
rail-occluder 0.0010 1113 251 1175 311
rail-occluder 0.0010 1137 275 1176 325
