crossing 0.0128 674 588 735 607
crossing 0.0103 704 588 761 607
crossing 0.0022 732 577 776 608
guard-rail 0.0058 812 830 873 894
guard-rail 0.0020 778 822 910 892
guard-rail 0.0010 895 674 961 705
rail 0.9094 681 586 1009 1078
rail 0.8688 726 587 1910 1077
rail 0.7623 741 833 923 1074
rail 0.1248 808 827 970 1076
rail 0.0537 755 828 798 1080
rail 0.0245 935 607 1927 858
rail 0.0185 703 715 887 1044
rail 0.0129 585 582 739 615
rail 0.0108 107 586 728 1088
rail 0.0101 669 587 744 610
rail 0.0082 702 805 1027 1087
rail 0.0081 672 631 779 1048
rail 0.0066 794 587 851 609
rail 0.0061 741 825 783 1068
rail 0.0058 797 585 898 616
rail 0.0053 647 583 731 613
rail 0.0034 378 587 702 862
rail 0.0034 728 841 814 1072
rail 0.0034 818 588 929 622
rail 0.0031 726 831 758 1083
rail 0.0025 535 581 707 637
rail 0.0024 701 587 761 609
rail 0.0023 632 588 746 628
rail 0.0022 769 586 833 611
rail 0.0020 859 599 952 629
rail 0.0019 376 572 815 1006
rail 0.0018 898 602 947 626
rail 0.0017 801 597 904 635
rail 0.0017 793 584 966 641
rail 0.0016 619 581 705 611
rail 0.0014 604 571 781 622
rail 0.0012 760 851 849 1084
rail 0.0012 787 580 910 605
rail 0.0012 823 584 1415 803
rail 0.0012 661 591 718 624
rail 0.0011 890 534 1874 780
rail 0.0010 864 586 943 623
rail 0.0010 472 624 739 924
switch-indicator 0.1695 624 746 676 870
switch-indicator 0.0163 595 748 643 857
switch-indicator 0.0112 909 603 934 624
switch-indicator 0.0033 886 604 930 625
switch-indicator 0.0023 580 746 623 848
switch-indicator 0.0010 597 745 627 822
switch-left 0.2812 730 824 880 911
switch-left 0.1148 731 835 918 1032
switch-left 0.0469 722 801 870 966
switch-left 0.0031 765 834 907 932
switch-left 0.0010 720 831 824 887
switch-right 0.2418 720 827 875 902
switch-right 0.1293 732 837 918 1032
switch-right 0.0119 732 824 841 881
switch-right 0.0093 766 830 907 937
switch-right 0.0016 714 804 862 864
switch-unknown 0.0258 746 590 800 607
switch-unknown 0.0183 771 588 829 607
switch-unknown 0.0171 735 589 780 606
switch-unknown 0.0120 799 588 840 606
switch-unknown 0.0032 806 587 881 614
switch-unknown 0.0024 743 595 779 615
switch-unknown 0.0023 748 581 810 606
switch-unknown 0.0018 673 595 706 618
switch-unknown 0.0016 819 599 885 630
switch-unknown 0.0013 751 595 805 619
switch-unknown 0.0012 806 594 854 629
switch-unknown 0.0010 841 601 904 626
switch-unknown 0.0010 839 589 905 618
switch-static 0.0038 707 820 762 865
switch-static 0.0037 680 822 739 858
switch-static 0.0012 593 630 636 663
track-sign-front 0.0023 1318 579 1338 608
track-sign-front 0.0020 641 743 666 778
track-sign-front 0.0019 566 537 585 572
track-sign-front 0.0016 712 553 754 614
track-sign-front 0.0014 567 546 589 595
track-sign-front 0.0010 663 560 708 613
track-signal-front 0.0048 602 502 634 530
track-signal-front 0.0018 711 526 733 578
track-signal-front 0.0017 664 547 692 573
track-signal-back 0.0023 563 533 583 564
track-signal-back 0.0014 720 519 731 567
person 0.5507 626 741 675 872
pole 0.0044 1324 595 1338 700
pole 0.0036 720 528 736 577
rail-occluder 0.0063 907 601 934 624
rail-occluder 0.0017 874 587 934 624
rail-occluder 0.0012 910 608 962 632
