crossing 0.1787 883 588 924 606
crossing 0.0085 887 570 924 595
crossing 0.0041 882 536 919 583
crossing 0.0016 887 528 941 571
guard-rail 0.6293 826 740 847 814
guard-rail 0.5658 1018 719 1120 802
guard-rail 0.0558 927 650 1377 947
guard-rail 0.0417 830 712 852 813
guard-rail 0.0348 993 697 1096 790
guard-rail 0.0306 814 745 835 821
guard-rail 0.0166 1043 747 1153 821
guard-rail 0.0162 841 737 866 808
guard-rail 0.0124 835 687 855 781
guard-rail 0.0120 812 724 886 829
guard-rail 0.0116 830 699 850 771
guard-rail 0.0057 981 644 1158 855
guard-rail 0.0047 1063 725 1176 906
guard-rail 0.0027 801 731 856 806
guard-rail 0.0023 839 673 859 739
guard-rail 0.0017 986 691 1063 770
guard-rail 0.0013 791 692 866 838
guard-rail 0.0012 745 647 895 937
guard-rail 0.0011 1066 749 1193 848
guard-rail 0.0011 1021 660 1066 708
rail 0.9428 729 534 1032 1074
rail 0.8932 873 599 1473 1077
rail 0.0030 768 503 1226 1117
rail 0.0024 828 632 1144 1076
rail 0.0013 4 592 465 791
rail 0.0011 889 525 1877 1068
rail 0.0011 887 566 924 599
rail 0.0011 1039 653 1312 1021
switch-indicator 0.1964 965 596 982 623
switch-indicator 0.0173 965 598 989 654
switch-indicator 0.0131 958 594 989 625
switch-indicator 0.0061 983 628 1012 662
switch-indicator 0.0054 972 617 998 658
switch-indicator 0.0035 942 592 979 623
switch-indicator 0.0010 958 568 986 619
switch-left 0.1762 867 614 940 667
switch-left 0.0022 860 596 950 708
switch-right 0.3530 868 615 938 656
switch-right 0.0334 880 587 925 610
switch-static 0.0108 941 593 980 622
switch-static 0.0043 920 594 985 635
switch-static 0.0021 749 643 792 666
switch-static 0.0010 1025 657 1063 700
track-sign-front 0.1507 822 523 839 543
track-sign-front 0.0109 823 517 839 535
track-sign-front 0.0075 813 524 835 546
track-sign-front 0.0042 816 520 845 549
track-sign-front 0.0012 760 500 778 547
track-sign-front 0.0011 759 525 781 572
track-sign-front 0.0010 760 488 780 529
