train-car 0.0038 1334 537 1883 635
train-car 0.0023 1581 297 1866 798
train-car 0.0017 1483 455 1923 693
train-car 0.0014 963 545 1059 576
train-car 0.0013 1187 532 1230 575
train-car 0.0012 1530 546 1805 618
train-car 0.0010 978 536 995 563
platform 0.5288 1119 560 1910 892
platform 0.0679 1248 570 1905 694
platform 0.0099 1487 579 1919 676
platform 0.0042 1295 541 1826 646
platform 0.0027 1465 589 1751 662
platform 0.0022 1416 528 1894 731
platform 0.0019 1530 572 1809 637
rail 0.9199 945 560 1217 1077
rail 0.8979 122 557 1047 1077
rail 0.8307 1105 566 1913 1077
rail 0.7063 4 555 867 905
rail 0.2298 -1 554 823 705
rail 0.0726 12 562 678 648
rail 0.0447 1364 581 1916 725
rail 0.0157 -3 577 456 641
rail 0.0126 1119 470 1164 716
rail 0.0100 22 527 811 626
rail 0.0089 -2 581 533 694
rail 0.0086 922 571 1025 602
rail 0.0061 1058 559 1119 592
rail 0.0057 7 591 646 791
rail 0.0054 1045 563 1095 588
rail 0.0052 1122 541 1188 668
rail 0.0043 965 558 1062 586
rail 0.0042 1106 488 1149 653
rail 0.0041 931 562 1058 596
rail 0.0038 1342 562 1931 833
rail 0.0031 1175 559 1783 687
rail 0.0029 1024 561 1080 587
rail 0.0027 1467 599 1781 684
rail 0.0027 1097 545 1154 642
rail 0.0026 1129 582 1191 652
rail 0.0025 1139 549 1204 647
rail 0.0021 902 567 1002 596
rail 0.0020 1036 556 1100 581
rail 0.0020 1065 566 1126 605
rail 0.0020 0 582 250 645
rail 0.0018 5 600 329 691
rail 0.0016 1554 589 1866 663
rail 0.0015 1157 534 1256 603
rail 0.0015 1556 431 1931 877
rail 0.0014 10 512 542 664
rail 0.0013 1063 531 1131 598
rail 0.0013 891 507 1312 970
rail 0.0013 1169 549 1357 608
rail 0.0013 -22 567 358 619
rail 0.0012 1048 568 1088 599
rail 0.0012 307 567 879 749
rail 0.0011 1129 552 1281 635
rail 0.0010 -10 576 177 623
switch-unknown 0.0165 1046 563 1090 586
switch-unknown 0.0103 1030 562 1078 583
switch-unknown 0.0092 939 577 1004 602
switch-unknown 0.0066 1134 592 1186 639
switch-unknown 0.0065 1058 558 1117 590
switch-unknown 0.0055 981 559 1046 580
switch-unknown 0.0052 953 573 1021 599
switch-unknown 0.0044 1052 573 1081 591
switch-unknown 0.0043 1039 548 1096 583
switch-unknown 0.0029 1117 537 1164 654
switch-unknown 0.0028 1103 568 1144 616
switch-unknown 0.0027 960 551 1027 594
switch-unknown 0.0020 1074 574 1117 595
switch-unknown 0.0013 1013 537 1073 581
switch-unknown 0.0013 913 573 996 614
switch-unknown 0.0011 1136 584 1212 657
switch-static 0.0012 946 654 997 678
switch-static 0.0010 1121 641 1161 694
track-sign-front 0.0140 869 569 884 585
track-sign-front 0.0088 870 569 897 589
track-sign-front 0.0050 1193 519 1224 572
track-sign-front 0.0032 866 571 887 593
track-sign-front 0.0031 775 244 799 267
track-signal-front 0.7317 1125 419 1154 462
track-signal-front 0.1108 1081 503 1092 522
track-signal-front 0.0373 979 536 992 557
track-signal-front 0.0116 1079 505 1093 532
track-signal-front 0.0067 962 482 994 573
track-signal-front 0.0043 1115 416 1165 468
track-signal-front 0.0031 658 487 673 516
track-signal-front 0.0012 1086 483 1130 529
track-signal-back 0.0023 1369 507 1393 580
track-signal-back 0.0019 1414 500 1430 558
track-signal-back 0.0010 1413 499 1431 530
pole 0.3399 1728 -4 1917 1098
pole 0.2826 1126 446 1148 667
pole 0.2714 868 443 886 593
pole 0.1151 749 357 768 610
pole 0.1086 869 430 900 588
pole 0.1000 909 433 927 585
pole 0.0754 1482 486 1501 650
pole 0.0725 734 383 762 611
pole 0.0583 282 419 301 629
pole 0.0550 1361 506 1391 645
pole 0.0532 793 407 812 602
pole 0.0526 725 399 748 607
pole 0.0360 858 436 882 601
pole 0.0347 1356 509 1378 638
pole 0.0339 273 424 297 616
pole 0.0338 1290 439 1311 619
pole 0.0302 1128 418 1163 687
pole 0.0274 286 512 297 632
pole 0.0269 752 381 787 615
pole 0.0213 1231 420 1249 601
pole 0.0193 1128 487 1145 633
pole 0.0191 1288 484 1305 606
pole 0.0170 928 431 953 588
pole 0.0169 1417 515 1429 617
pole 0.0155 935 450 962 588
pole 0.0151 524 210 562 622
pole 0.0144 1374 506 1415 642
pole 0.0138 1352 497 1370 632
pole 0.0126 725 479 742 605
pole 0.0123 893 425 926 598
pole 0.0112 1281 400 1305 615
pole 0.0098 950 450 971 576
pole 0.0092 1354 417 1386 649
pole 0.0087 1348 309 1377 645
pole 0.0079 763 415 795 620
pole 0.0074 1479 528 1496 650
pole 0.0072 1328 334 1373 627
pole 0.0063 1121 492 1174 708
pole 0.0063 727 450 759 596
pole 0.0059 799 445 830 603
pole 0.0052 1170 434 1195 620
pole 0.0050 1235 440 1256 606
pole 0.0050 272 528 300 624
pole 0.0048 245 442 266 609
pole 0.0045 1828 -49 1920 1092
pole 0.0045 1292 517 1315 610
pole 0.0042 1173 461 1214 642
pole 0.0041 275 503 315 664
pole 0.0039 1112 420 1141 658
pole 0.0039 1028 474 1046 576
pole 0.0036 794 426 805 560
pole 0.0033 722 373 774 622
pole 0.0033 1194 519 1225 572
pole 0.0032 1129 484 1166 620
pole 0.0032 977 533 994 559
pole 0.0032 280 363 311 620
pole 0.0031 963 481 991 572
pole 0.0030 1150 473 1203 675
pole 0.0028 1750 220 1869 892
pole 0.0028 1369 496 1393 593
pole 0.0025 838 436 901 604
pole 0.0025 650 477 673 581
pole 0.0025 1427 507 1458 635
pole 0.0024 258 371 290 614
pole 0.0023 261 497 302 668
pole 0.0022 751 415 766 563
pole 0.0020 1471 547 1535 676
pole 0.0020 1197 508 1248 585
pole 0.0020 1171 507 1217 590
pole 0.0019 1114 392 1184 671
pole 0.0019 1305 490 1348 616
pole 0.0018 1072 517 1118 601
pole 0.0017 1229 407 1263 612
pole 0.0017 722 537 745 604
pole 0.0017 1728 514 1742 620
pole 0.0017 242 508 265 603
pole 0.0016 291 410 320 641
pole 0.0015 1103 521 1151 620
pole 0.0015 1552 319 1933 916
pole 0.0014 1300 373 1338 636
pole 0.0014 1232 491 1273 601
pole 0.0014 1489 484 1519 660
pole 0.0013 866 456 910 625
pole 0.0013 1429 520 1556 655
pole 0.0013 1141 378 1177 638
pole 0.0013 1337 497 1663 660
pole 0.0012 626 502 647 590
pole 0.0012 709 396 740 612
pole 0.0012 256 408 331 638
pole 0.0012 1262 377 1303 604
pole 0.0012 1275 404 1331 623
pole 0.0011 1413 497 1431 566
pole 0.0011 1340 514 1444 640
pole 0.0011 730 422 745 561
pole 0.0011 1729 487 1908 1046
pole 0.0011 796 477 910 635
pole 0.0011 1347 528 1402 642
pole 0.0010 1124 449 1154 565
pole 0.0010 989 466 1049 584
pole 0.0010 1668 308 1861 810
pole 0.0010 241 516 343 633
pole 0.0010 1203 461 1255 598
rail-occluder 0.0193 1358 545 1388 638
rail-occluder 0.0045 284 553 299 639
rail-occluder 0.0039 1357 576 1377 640
rail-occluder 0.0030 1150 579 1192 616
rail-occluder 0.0029 286 589 303 638
rail-occluder 0.0023 246 554 269 599
rail-occluder 0.0019 1368 552 1410 646
rail-occluder 0.0018 847 565 885 590
rail-occluder 0.0018 1147 554 1195 641
rail-occluder 0.0017 1415 567 1428 618
rail-occluder 0.0017 895 563 950 592
rail-occluder 0.0012 915 564 983 594
rail-occluder 0.0012 786 572 816 609
rail-occluder 0.0011 868 567 900 592
rail-occluder 0.0011 787 555 818 601
rail-occluder 0.0010 1266 575 1291 603
rail-occluder 0.0010 1267 533 1304 609
