crossing 0.0040 865 579 899 600
crossing 0.0035 858 570 900 595
guard-rail 0.5074 837 680 852 730
guard-rail 0.0258 843 671 865 725
guard-rail 0.0060 833 670 858 733
guard-rail 0.0023 822 641 853 731
guard-rail 0.0020 843 637 921 690
rail 0.8835 721 562 1013 1073
rail 0.0285 820 563 1118 1073
switch-indicator 0.0234 966 671 1003 730
switch-left 0.0125 853 621 913 661
switch-left 0.0018 840 639 921 690
switch-right 0.0121 852 619 915 660
switch-right 0.0012 845 643 924 683
switch-static 0.0351 956 667 1004 725
switch-static 0.0241 948 662 999 697
switch-static 0.0078 806 632 838 654
switch-static 0.0056 965 669 998 703
switch-static 0.0052 899 582 929 600
switch-static 0.0039 812 628 843 648
switch-static 0.0025 935 655 987 690
switch-static 0.0022 948 651 990 677
track-sign-front 0.1478 1548 836 1599 875
track-sign-front 0.0028 1541 803 1596 885
track-sign-front 0.0024 1060 501 1089 528
track-sign-front 0.0022 1071 500 1104 522
track-sign-front 0.0018 1051 498 1081 544
track-sign-front 0.0016 946 661 1003 732
track-signal-back 0.0030 808 484 826 529
