crossing 0.5482 1148 551 1232 588
crossing 0.0861 1143 561 1224 599
crossing 0.0340 1186 546 1265 577
crossing 0.0270 1216 551 1274 581
crossing 0.0040 1182 548 1299 587
crossing 0.0022 1166 529 1268 586
crossing 0.0016 1252 550 1311 589
crossing 0.0016 1239 547 1307 573
crossing 0.0014 1095 487 1291 666
rail 0.7346 913 482 1516 1075
rail 0.0057 950 521 1281 1055
rail 0.0029 918 405 2008 1124
rail 0.0020 1104 535 1333 1029
switch-indicator 0.0069 1415 921 1446 970
switch-indicator 0.0052 1325 584 1346 608
switch-indicator 0.0049 1292 581 1314 611
switch-indicator 0.0027 1412 914 1452 997
switch-static 0.0049 1325 583 1347 607
switch-static 0.0024 1290 578 1309 604
switch-static 0.0015 1372 831 1426 874
switch-static 0.0014 1287 579 1321 614
track-sign-front 0.5542 1330 453 1364 485
track-sign-front 0.1116 1375 455 1393 483
track-sign-front 0.0559 720 524 768 570
track-sign-front 0.0453 872 509 928 595
track-sign-front 0.0405 1357 453 1393 491
track-sign-front 0.0206 916 552 948 596
track-sign-front 0.0159 1641 420 1654 449
track-sign-front 0.0137 887 507 926 555
track-sign-front 0.0110 854 527 906 614
track-sign-front 0.0088 931 558 949 598
track-sign-front 0.0056 1320 455 1368 500
track-sign-front 0.0051 1327 584 1348 608
track-sign-front 0.0033 853 542 878 612
track-sign-front 0.0032 888 492 921 536
track-sign-front 0.0028 863 554 927 618
track-sign-front 0.0026 848 484 907 574
track-sign-front 0.0025 856 558 895 616
track-sign-front 0.0021 843 501 947 613
track-sign-front 0.0021 1369 458 1399 495
track-sign-front 0.0019 1256 463 1269 503
track-sign-front 0.0013 1065 507 1106 543
track-sign-front 0.0012 1090 550 1114 601
track-sign-front 0.0011 1333 437 1364 467
track-sign-front 0.0011 1201 501 1219 522
track-sign-front 0.0010 1189 505 1233 553
person 0.1792 646 670 686 784
person 0.0023 726 693 748 736
pole 0.0105 1642 417 1656 495
pole 0.0094 1333 454 1361 536
pole 0.0017 1335 475 1354 551
rail-occluder 0.1066 1330 445 1363 535
rail-occluder 0.0136 1354 449 1395 535
rail-occluder 0.0127 1642 416 1656 487
rail-occluder 0.0047 1371 462 1401 533
rail-occluder 0.0036 1337 473 1361 547
rail-occluder 0.0022 1639 425 1662 517
rail-occluder 0.0017 1348 464 1426 533
rail-occluder 0.0013 1318 476 1385 546
