guard-rail 0.0018 729 923 789 1029
train-car 0.6433 0 446 405 990
train-car 0.1441 1040 628 1227 660
train-car 0.1042 757 628 798 668
train-car 0.0898 1028 631 1160 655
train-car 0.0894 1048 635 1282 672
train-car 0.0607 -4 0 422 1111
train-car 0.0191 1024 640 1200 673
train-car 0.0184 987 632 1091 656
train-car 0.0124 89 552 391 874
train-car 0.0120 1143 627 1230 670
train-car 0.0098 1085 626 1179 658
train-car 0.0086 768 608 816 670
train-car 0.0057 16 528 623 904
train-car 0.0045 383 659 510 693
train-car 0.0043 991 624 1206 681
train-car 0.0042 1111 623 1247 658
train-car 0.0035 1080 585 1250 705
train-car 0.0032 397 651 539 686
train-car 0.0030 1035 616 1094 659
train-car 0.0026 1084 643 1264 693
train-car 0.0023 983 616 1053 660
train-car 0.0021 192 595 401 833
train-car 0.0017 759 637 847 680
train-car 0.0016 282 508 440 808
train-car 0.0016 966 637 1037 666
train-car 0.0015 1064 643 1163 672
train-car 0.0015 1179 622 1241 656
train-car 0.0014 785 602 886 673
train-car 0.0012 382 634 501 688
train-car 0.0011 1720 612 1921 694
train-car 0.0010 1177 620 1288 659
train-car 0.0010 977 595 1329 736
rail 0.9184 703 645 994 1075
rail 0.9107 6 656 855 1082
rail 0.8787 943 650 1744 1080
rail 0.7189 1041 651 1917 818
rail 0.6294 727 931 790 1076
rail 0.5778 381 665 736 775
rail 0.4100 1270 656 1917 757
rail 0.3793 388 658 701 722
rail 0.3446 726 901 981 1068
rail 0.3251 392 661 638 700
rail 0.2158 946 909 984 1071
rail 0.1084 455 666 630 728
rail 0.0890 1550 684 1921 754
rail 0.0847 467 657 698 696
rail 0.0845 378 711 623 766
rail 0.0702 368 678 609 744
rail 0.0614 1466 685 1931 815
rail 0.0430 1640 705 1931 786
rail 0.0428 195 633 877 916
rail 0.0326 1487 665 1915 729
rail 0.0315 757 792 989 1048
rail 0.0275 705 915 825 1076
rail 0.0233 382 643 652 689
rail 0.0202 1607 667 1905 710
rail 0.0193 933 888 972 1058
rail 0.0164 405 656 855 822
rail 0.0163 1692 699 1928 752
rail 0.0150 1082 632 1892 722
rail 0.0146 531 668 756 718
rail 0.0145 1574 718 1923 846
rail 0.0140 718 951 768 1094
rail 0.0133 1744 716 1936 765
rail 0.0129 455 649 715 682
rail 0.0126 863 902 978 1046
rail 0.0107 1076 654 1667 713
rail 0.0091 1832 728 1923 799
rail 0.0088 367 668 529 703
rail 0.0087 959 927 992 1074
rail 0.0083 1836 721 1920 769
rail 0.0081 1788 752 1927 875
rail 0.0080 326 691 645 810
rail 0.0078 1733 674 1933 715
rail 0.0076 1029 647 1504 698
rail 0.0073 1745 698 1927 818
rail 0.0071 533 660 827 736
rail 0.0070 360 629 680 751
rail 0.0064 403 658 539 693
rail 0.0060 386 711 505 777
rail 0.0056 1844 698 1925 752
rail 0.0055 1743 667 1923 772
rail 0.0055 1225 671 1698 787
rail 0.0051 625 676 660 702
rail 0.0048 109 658 659 858
rail 0.0047 1835 744 1912 863
rail 0.0043 1707 653 1918 703
rail 0.0043 363 697 532 746
rail 0.0042 976 645 1108 678
rail 0.0042 1709 750 1910 838
rail 0.0041 586 659 773 696
rail 0.0041 600 673 688 712
rail 0.0036 1058 647 1346 686
rail 0.0035 1538 705 1757 739
rail 0.0034 1800 705 1914 761
rail 0.0034 5 554 419 1105
rail 0.0033 503 684 608 742
rail 0.0033 349 673 492 716
rail 0.0033 344 698 480 785
rail 0.0032 437 629 826 758
rail 0.0032 1128 654 1380 696
rail 0.0032 388 703 432 761
rail 0.0031 378 724 559 788
rail 0.0030 562 661 655 686
rail 0.0028 1878 716 1921 775
rail 0.0028 1852 671 1909 714
rail 0.0027 783 646 873 680
rail 0.0026 698 939 755 1071
rail 0.0026 1443 698 1922 941
rail 0.0025 738 914 805 1041
rail 0.0025 1884 728 1919 801
rail 0.0025 501 658 629 705
rail 0.0025 631 668 788 719
rail 0.0024 1009 641 1633 760
rail 0.0023 1820 784 1906 891
rail 0.0022 448 670 835 933
rail 0.0022 0 798 506 1083
rail 0.0022 1212 675 1897 1027
rail 0.0020 1767 632 1916 713
rail 0.0020 1845 638 1903 718
rail 0.0020 1841 659 1918 781
rail 0.0019 667 654 799 692
rail 0.0019 1237 659 1413 689
rail 0.0019 911 918 963 1048
rail 0.0019 795 608 872 674
rail 0.0018 304 637 518 835
rail 0.0018 906 928 995 1082
rail 0.0018 511 676 771 808
rail 0.0018 1340 678 1583 783
rail 0.0017 844 656 906 685
rail 0.0017 1284 659 1552 693
rail 0.0016 1887 747 1920 833
rail 0.0016 988 647 1053 677
rail 0.0015 1884 687 1920 757
rail 0.0015 1424 697 1633 787
rail 0.0015 1869 677 1923 716
rail 0.0015 639 854 1034 1159
rail 0.0014 532 689 675 743
rail 0.0014 483 702 638 758
rail 0.0014 900 648 1013 1064
rail 0.0014 542 674 631 716
rail 0.0013 1082 569 1891 763
rail 0.0013 386 670 455 718
rail 0.0012 1523 659 1806 701
rail 0.0012 1316 654 1468 685
rail 0.0012 362 649 486 697
rail 0.0012 1438 658 1703 700
rail 0.0012 836 876 1030 1083
rail 0.0012 1014 621 1370 704
rail 0.0011 713 884 803 998
rail 0.0011 1295 665 1540 739
rail 0.0011 1461 673 1669 733
rail 0.0011 714 633 803 705
rail 0.0011 342 787 881 1088
rail 0.0011 1104 682 1630 920
rail 0.0010 692 676 820 747
rail 0.0010 405 612 610 688
rail 0.0010 433 572 669 696
rail 0.0010 825 634 876 686
rail 0.0010 383 609 985 992
rail 0.0010 581 806 825 1041
switch-indicator 0.1243 1620 710 1640 733
switch-indicator 0.0050 1019 792 1092 881
switch-indicator 0.0020 1022 840 1100 894
switch-left 0.2074 763 891 968 989
switch-left 0.0890 800 884 951 949
switch-left 0.0137 808 858 964 925
switch-left 0.0031 835 814 984 984
switch-left 0.0022 822 900 936 967
switch-left 0.0018 751 916 927 1009
switch-right 0.1001 793 884 957 951
switch-right 0.0326 797 860 951 928
switch-unknown 0.0037 875 659 913 685
switch-unknown 0.0021 850 652 905 686
switch-unknown 0.0018 797 644 860 681
switch-unknown 0.0016 540 698 625 729
switch-unknown 0.0010 970 641 1028 678
switch-static 0.4025 652 885 747 923
switch-static 0.3847 1021 793 1078 820
switch-static 0.1222 1721 845 1786 875
switch-static 0.0624 674 877 769 918
switch-static 0.0317 645 873 729 916
switch-static 0.0289 1728 852 1818 884
switch-static 0.0261 1009 795 1086 850
switch-static 0.0155 1713 835 1833 887
switch-static 0.0085 1772 862 1823 888
switch-static 0.0073 995 843 1088 886
switch-static 0.0047 1092 954 1148 985
switch-static 0.0039 697 875 797 937
switch-static 0.0033 614 836 657 904
switch-static 0.0029 656 858 753 909
switch-static 0.0021 1026 840 1100 896
switch-static 0.0019 674 764 824 1000
switch-static 0.0016 500 765 784 959
switch-static 0.0016 641 895 738 939
switch-static 0.0015 971 850 1078 902
switch-static 0.0013 1076 950 1165 1012
switch-static 0.0012 1005 788 1066 816
switch-static 0.0012 588 832 815 982
switch-static 0.0012 1046 793 1095 828
switch-static 0.0011 1694 845 1767 873
switch-static 0.0011 613 805 676 921
track-sign-front 0.3275 1846 628 1874 671
track-sign-front 0.0154 1391 654 1405 672
track-sign-front 0.0111 1540 615 1550 671
track-sign-front 0.0029 1817 621 1863 711
track-sign-front 0.0012 449 652 483 684
track-sign-front 0.0011 707 647 758 691
track-signal-front 0.0357 754 629 789 662
track-signal-front 0.0217 1873 567 1898 597
track-signal-front 0.0160 1888 528 1904 567
track-signal-front 0.0102 1538 597 1551 673
track-signal-front 0.0092 1535 567 1550 649
track-signal-front 0.0078 1886 557 1908 596
track-signal-front 0.0071 1319 604 1332 626
track-signal-front 0.0061 906 594 929 651
track-signal-front 0.0012 1303 594 1335 643
track-signal-front 0.0011 1846 548 1883 617
track-signal-back 0.1003 1161 590 1172 611
track-signal-back 0.0586 845 585 860 624
track-signal-back 0.0328 847 583 861 604
track-signal-back 0.0244 1160 578 1174 633
track-signal-back 0.0183 1873 567 1893 601
track-signal-back 0.0087 909 602 923 629
track-signal-back 0.0079 1896 528 1911 558
track-signal-back 0.0072 1044 588 1053 639
track-signal-back 0.0065 836 588 858 618
track-signal-back 0.0048 1539 547 1553 628
track-signal-back 0.0041 682 580 693 609
track-signal-back 0.0018 1382 517 1409 650
track-signal-back 0.0014 836 573 858 635
track-signal-back 0.0013 1358 568 1373 597
track-signal-back 0.0013 1354 567 1374 646
track-signal-back 0.0011 1041 578 1061 638
pole 0.5516 739 425 772 761
pole 0.3813 1158 415 1174 691
pole 0.3464 162 -57 248 1083
pole 0.3455 1818 390 1844 716
pole 0.2354 1391 466 1408 692
pole 0.1639 33 5 378 1100
pole 0.1381 847 589 859 675
pole 0.0749 1849 794 1862 885
pole 0.0550 679 566 693 683
pole 0.0386 550 436 571 720
pole 0.0225 1263 490 1280 673
pole 0.0207 750 529 786 735
pole 0.0196 1158 582 1177 667
pole 0.0180 1809 391 1860 725
pole 0.0179 1837 606 1868 676
pole 0.0140 833 582 859 678
pole 0.0131 1841 430 1880 730
pole 0.0128 541 836 552 948
pole 0.0125 1395 529 1412 696
pole 0.0117 536 429 566 728
pole 0.0117 571 518 593 692
pole 0.0115 755 611 792 668
pole 0.0114 844 592 870 683
pole 0.0114 1377 488 1413 706
pole 0.0107 527 469 556 725
pole 0.0104 1146 620 1187 677
pole 0.0101 1149 405 1169 702
pole 0.0099 1864 632 1886 719
pole 0.0095 671 580 692 690
pole 0.0095 802 590 865 684
pole 0.0074 1541 627 1552 694
pole 0.0072 1639 425 1659 730
pole 0.0071 1160 522 1173 647
pole 0.0068 682 579 696 623
pole 0.0067 559 449 588 713
pole 0.0064 680 548 699 660
pole 0.0061 356 404 395 808
pole 0.0060 703 451 758 756
pole 0.0059 1028 609 1063 661
pole 0.0058 1537 583 1552 683
pole 0.0056 1395 492 1429 699
pole 0.0054 977 591 1011 670
pole 0.0054 167 37 349 971
pole 0.0052 901 586 925 652
pole 0.0049 1155 611 1199 662
pole 0.0047 522 496 582 750
pole 0.0044 1755 596 1774 709
pole 0.0044 1265 590 1284 670
pole 0.0039 657 564 687 687
pole 0.0038 368 503 424 797
pole 0.0038 1584 566 1603 695
pole 0.0036 1802 462 1828 733
pole 0.0032 1160 469 1171 614
pole 0.0032 510 497 537 709
pole 0.0032 1360 554 1406 686
pole 0.0031 1144 458 1163 710
pole 0.0031 603 801 616 902
pole 0.0030 1101 612 1176 665
pole 0.0029 1140 544 1160 670
pole 0.0028 335 354 404 857
pole 0.0027 740 477 796 801
pole 0.0027 107 257 312 946
pole 0.0026 1854 545 1889 706
pole 0.0026 351 456 447 854
pole 0.0025 507 570 531 682
pole 0.0024 734 576 783 755
pole 0.0023 515 540 552 707
pole 0.0023 1813 615 1870 725
pole 0.0021 1573 598 1600 695
pole 0.0020 537 802 556 943
pole 0.0020 1844 558 1880 684
pole 0.0019 944 573 996 672
pole 0.0019 375 554 411 737
pole 0.0019 971 625 1030 666
pole 0.0019 1152 458 1181 699
pole 0.0018 1539 522 1566 681
pole 0.0018 721 561 764 741
pole 0.0018 1795 540 1837 714
pole 0.0017 174 170 283 853
pole 0.0017 1255 593 1279 672
pole 0.0016 905 607 942 677
pole 0.0016 1761 581 1776 685
pole 0.0016 779 513 810 711
pole 0.0016 1788 594 1847 704
pole 0.0016 1822 531 1867 719
pole 0.0015 550 530 579 675
pole 0.0015 1337 569 1372 678
pole 0.0015 1258 481 1289 681
pole 0.0014 1042 579 1055 648
pole 0.0014 1537 622 1550 671
pole 0.0014 1402 559 1441 683
pole 0.0014 352 564 450 746
pole 0.0014 621 573 652 681
pole 0.0014 585 560 624 679
pole 0.0014 676 588 724 696
pole 0.0013 1628 480 1666 728
pole 0.0013 1435 571 1457 674
pole 0.0013 642 592 693 695
pole 0.0012 1144 381 1197 704
pole 0.0012 1757 586 1803 705
pole 0.0012 354 418 377 697
pole 0.0012 746 512 771 650
pole 0.0011 982 530 1005 688
pole 0.0011 914 608 967 684
pole 0.0011 1465 578 1484 675
pole 0.0011 919 579 974 669
pole 0.0011 1545 593 1587 699
pole 0.0011 424 571 595 722
pole 0.0011 544 520 609 729
pole 0.0011 1462 621 1481 681
pole 0.0010 1822 394 1898 737
pole 0.0010 716 607 766 696
pole 0.0010 165 49 236 691
rail-occluder 0.4608 533 680 549 711
rail-occluder 0.2245 1621 709 1640 732
rail-occluder 0.1011 639 684 652 700
rail-occluder 0.0561 1847 779 1862 877
rail-occluder 0.0526 393 709 417 777
rail-occluder 0.0444 1324 662 1337 678
rail-occluder 0.0395 521 677 549 714
rail-occluder 0.0391 1387 659 1399 676
rail-occluder 0.0389 1749 675 1764 699
rail-occluder 0.0321 1319 663 1334 682
rail-occluder 0.0254 1165 648 1181 690
rail-occluder 0.0239 1327 662 1343 680
rail-occluder 0.0159 744 703 761 757
rail-occluder 0.0155 1320 665 1336 692
rail-occluder 0.0137 392 710 431 808
rail-occluder 0.0126 1164 667 1177 691
rail-occluder 0.0121 633 682 652 704
rail-occluder 0.0116 1827 755 1893 872
rail-occluder 0.0114 1870 668 1891 714
rail-occluder 0.0114 1845 755 1866 854
rail-occluder 0.0106 1580 695 1599 717
rail-occluder 0.0106 526 688 583 730
rail-occluder 0.0105 1830 725 1891 761
rail-occluder 0.0105 752 690 776 756
rail-occluder 0.0098 1819 724 1868 759
rail-occluder 0.0093 1839 788 1889 890
rail-occluder 0.0093 1627 710 1667 735
rail-occluder 0.0083 1742 673 1760 695
rail-occluder 0.0082 1846 663 1892 720
rail-occluder 0.0081 1384 651 1400 674
rail-occluder 0.0070 1387 654 1404 679
rail-occluder 0.0068 635 671 668 702
rail-occluder 0.0066 1835 726 1884 808
rail-occluder 0.0059 1618 705 1652 731
rail-occluder 0.0055 1243 677 1268 697
rail-occluder 0.0051 1845 816 1862 889
rail-occluder 0.0048 437 659 494 689
rail-occluder 0.0048 626 690 653 715
rail-occluder 0.0045 1612 709 1643 739
rail-occluder 0.0043 1229 652 1256 687
rail-occluder 0.0041 1265 616 1286 674
rail-occluder 0.0039 1853 684 1919 755
rail-occluder 0.0038 644 763 666 862
rail-occluder 0.0037 1053 642 1290 692
rail-occluder 0.0037 1232 650 1274 698
rail-occluder 0.0034 1792 721 1895 804
rail-occluder 0.0034 734 705 758 773
rail-occluder 0.0033 1819 731 1871 792
rail-occluder 0.0032 1803 706 1866 753
rail-occluder 0.0031 835 639 866 680
rail-occluder 0.0029 1577 698 1623 731
rail-occluder 0.0029 1769 707 1901 754
rail-occluder 0.0027 1234 673 1261 695
rail-occluder 0.0026 1805 663 1867 717
rail-occluder 0.0026 631 755 662 874
rail-occluder 0.0026 601 800 618 901
rail-occluder 0.0025 756 662 791 750
rail-occluder 0.0023 529 654 596 702
rail-occluder 0.0023 1237 615 1285 680
rail-occluder 0.0022 740 678 770 741
rail-occluder 0.0022 426 665 507 698
rail-occluder 0.0021 1216 624 1255 672
rail-occluder 0.0019 579 711 723 897
rail-occluder 0.0018 1840 777 1906 853
rail-occluder 0.0018 403 655 485 694
rail-occluder 0.0018 1255 646 1306 697
rail-occluder 0.0018 1876 669 1921 720
rail-occluder 0.0018 730 687 780 775
rail-occluder 0.0018 1165 665 1186 696
rail-occluder 0.0017 1747 669 1816 706
rail-occluder 0.0016 387 675 449 715
rail-occluder 0.0015 650 643 709 698
rail-occluder 0.0015 660 744 707 849
rail-occluder 0.0015 1785 723 1848 755
rail-occluder 0.0014 484 692 556 750
rail-occluder 0.0014 1534 687 1646 721
rail-occluder 0.0014 641 672 717 707
rail-occluder 0.0013 1734 669 1889 714
rail-occluder 0.0013 389 751 445 814
rail-occluder 0.0013 1553 638 1592 702
rail-occluder 0.0013 374 704 416 803
rail-occluder 0.0013 1390 649 1445 693
rail-occluder 0.0013 1378 666 1423 710
rail-occluder 0.0012 1249 676 1310 702
rail-occluder 0.0012 390 728 477 797
rail-occluder 0.0011 541 822 562 916
rail-occluder 0.0011 1569 643 1608 702
rail-occluder 0.0011 723 658 789 758
rail-occluder 0.0011 1450 653 1491 688
rail-occluder 0.0011 1279 669 1336 705
rail-occluder 0.0011 1553 679 1604 716
rail-occluder 0.0011 472 655 555 694
rail-occluder 0.0010 617 687 659 722
rail-occluder 0.0010 1777 708 1849 746
rail-occluder 0.0010 605 755 685 877
rail-occluder 0.0010 472 730 618 998
