guard-rail 0.0035 841 750 965 1065
rail 0.6683 621 737 1067 1077
rail 0.0133 1325 -92 1644 373
rail 0.0054 835 765 1078 1078
rail 0.0029 530 538 1077 1094
rail 0.0017 1253 -229 1735 357
track-sign-front 0.0014 1538 608 1608 996
track-sign-front 0.0010 1037 763 1055 786
track-sign-front 0.0010 806 560 828 606
track-signal-front 0.4126 1348 2 1606 281
track-signal-back 0.5711 1353 4 1606 278
track-signal-back 0.0071 1388 130 1599 283
track-signal-back 0.0010 1354 103 1618 371
pole 0.0289 771 418 811 901
pole 0.0139 771 466 794 782
pole 0.0090 765 377 829 1021
pole 0.0045 778 499 808 795
pole 0.0036 781 405 823 829
pole 0.0029 641 356 962 1134
pole 0.0015 785 576 816 822
pole 0.0013 728 435 815 971
