crossing 0.7915 910 618 1031 714
crossing 0.0244 839 531 1086 812
crossing 0.0142 902 558 1045 748
crossing 0.0055 767 432 1128 973
crossing 0.0013 913 616 948 714
crossing 0.0013 897 598 1021 677
guard-rail 0.0016 962 621 1040 718
rail 0.9547 836 446 1138 1076
rail 0.0025 840 446 974 1074
track-sign-front 0.1774 505 736 545 768
track-sign-front 0.0619 1482 701 1525 742
track-sign-front 0.0050 1478 701 1541 786
track-sign-front 0.0033 899 437 929 461
track-sign-front 0.0029 891 483 906 504
track-sign-front 0.0028 961 409 983 446
track-sign-front 0.0026 788 528 811 585
track-sign-front 0.0019 887 438 921 466
track-sign-front 0.0017 1000 434 1032 457
track-sign-front 0.0014 1122 470 1146 498
track-sign-front 0.0013 959 405 1008 460
track-sign-front 0.0012 856 446 886 473
track-sign-front 0.0012 787 525 813 560
track-sign-front 0.0011 961 427 986 455
track-signal-front 0.0051 1164 399 1179 424
track-signal-front 0.0035 1151 508 1192 548
track-signal-front 0.0030 966 408 981 435
track-signal-front 0.0025 1128 470 1153 508
track-signal-front 0.0010 1140 494 1185 543
track-signal-back 0.0011 1152 520 1191 566
