guard-rail 0.0018 1782 981 1927 1079
train-car 0.7177 1174 262 1922 968
train-car 0.0013 1284 500 1900 896
platform 0.0029 670 556 877 607
rail 0.9537 893 551 1213 1073
rail 0.9331 1035 563 1907 1074
rail 0.8916 128 569 936 1074
rail 0.6822 86 583 697 805
rail 0.0444 233 580 806 735
rail 0.0385 491 583 713 661
rail 0.0323 -5 649 563 822
rail 0.0176 644 567 769 635
rail 0.0170 368 588 733 694
rail 0.0162 589 588 716 645
rail 0.0118 0 702 352 816
rail 0.0072 448 600 676 672
rail 0.0062 1026 558 1214 644
rail 0.0057 542 596 678 647
rail 0.0056 500 602 635 652
rail 0.0042 593 565 788 657
rail 0.0025 4 739 246 825
rail 0.0023 1775 969 1923 1093
rail 0.0022 1113 639 1206 696
rail 0.0021 679 562 844 626
rail 0.0017 -7 699 222 793
rail 0.0016 164 519 992 839
rail 0.0012 1061 554 1208 610
rail 0.0012 13 675 308 781
rail 0.0011 1 727 270 927
rail 0.0011 521 569 693 637
rail 0.0011 1117 548 1200 583
rail 0.0010 116 573 615 689
rail 0.0010 507 580 623 632
rail 0.0010 -2 561 324 878
rail 0.0010 88 737 315 800
switch-indicator 0.0136 1049 602 1066 621
switch-unknown 0.0039 597 601 682 639
switch-unknown 0.0032 564 600 654 642
switch-unknown 0.0010 517 616 608 656
switch-unknown 0.0010 571 587 650 628
switch-static 0.2063 1150 657 1195 696
switch-static 0.0303 1146 659 1192 679
switch-static 0.0174 1368 657 1404 682
switch-static 0.0109 1151 653 1213 708
switch-static 0.0041 172 782 244 814
switch-static 0.0038 1363 661 1408 699
switch-static 0.0033 382 694 444 715
switch-static 0.0029 1130 661 1189 690
switch-static 0.0022 330 683 497 721
switch-static 0.0011 182 770 251 807
switch-static 0.0011 1043 602 1075 626
switch-static 0.0010 188 788 240 822
track-sign-front 0.0213 667 557 689 588
track-sign-front 0.0168 1369 658 1403 682
track-sign-front 0.0089 1047 605 1067 620
track-sign-front 0.0088 853 570 884 623
track-sign-front 0.0040 666 530 691 607
track-sign-front 0.0038 1270 494 1292 538
track-sign-front 0.0032 1261 476 1292 534
track-sign-front 0.0031 1271 385 1292 612
track-sign-front 0.0026 677 546 733 617
track-sign-front 0.0025 847 545 877 620
track-sign-front 0.0024 660 558 700 594
track-sign-front 0.0020 699 507 723 604
track-sign-front 0.0019 1264 433 1290 574
track-sign-front 0.0017 1277 483 1299 527
track-sign-front 0.0012 873 545 912 611
track-sign-front 0.0010 935 559 962 594
track-signal-front 0.2142 1017 485 1028 512
track-signal-front 0.0313 1018 489 1029 529
track-signal-front 0.0039 1090 464 1106 546
track-signal-front 0.0030 1086 477 1116 531
track-signal-front 0.0022 937 445 969 561
track-signal-back 0.4374 937 455 954 500
track-signal-back 0.3288 808 452 827 505
track-signal-back 0.2507 1017 486 1029 512
track-signal-back 0.0187 806 442 825 550
track-signal-back 0.0111 840 384 875 572
track-signal-back 0.0061 831 435 880 521
track-signal-back 0.0060 1018 484 1031 502
track-signal-back 0.0044 1016 487 1030 533
track-signal-back 0.0041 931 421 948 459
track-signal-back 0.0041 932 442 952 489
track-signal-back 0.0037 930 444 955 560
track-signal-back 0.0030 846 444 875 547
track-signal-back 0.0016 1092 472 1103 522
track-signal-back 0.0012 1011 483 1036 515
pole 0.3621 864 228 897 691
pole 0.3202 698 -2 751 672
pole 0.1751 876 304 897 652
pole 0.1517 661 328 691 636
pole 0.0826 1 -26 157 1084
pole 0.0702 1269 325 1292 609
pole 0.0582 1154 412 1169 589
pole 0.0527 940 454 953 592
pole 0.0373 686 320 720 639
pole 0.0180 874 329 917 615
pole 0.0146 652 320 710 643
pole 0.0126 803 415 820 625
pole 0.0105 850 355 874 631
pole 0.0089 924 440 952 613
pole 0.0083 119 -6 196 1046
pole 0.0070 854 375 891 681
pole 0.0066 668 186 724 642
pole 0.0063 843 420 869 692
pole 0.0061 687 2 797 637
pole 0.0060 666 55 741 774
pole 0.0056 695 328 738 631
pole 0.0041 930 444 958 536
pole 0.0037 846 133 879 651
pole 0.0036 937 454 977 589
pole 0.0032 807 461 825 591
pole 0.0032 904 485 947 606
pole 0.0031 780 460 835 654
pole 0.0030 588 396 604 613
pole 0.0029 1158 440 1176 573
pole 0.0029 1016 477 1038 563
pole 0.0028 850 506 876 658
pole 0.0027 808 428 848 677
pole 0.0026 702 424 722 639
pole 0.0026 1008 500 1031 583
pole 0.0024 838 287 899 737
pole 0.0024 624 550 757 637
pole 0.0022 1145 411 1180 579
pole 0.0022 614 528 703 665
pole 0.0022 932 442 961 602
pole 0.0022 720 67 780 672
pole 0.0021 875 417 902 549
pole 0.0018 734 432 763 624
pole 0.0017 1091 461 1107 553
pole 0.0017 704 424 746 632
pole 0.0016 800 445 828 558
pole 0.0016 885 457 923 642
pole 0.0016 839 492 870 620
pole 0.0016 1075 462 1110 570
pole 0.0015 7 195 142 836
pole 0.0014 686 261 768 746
pole 0.0013 137 216 188 818
pole 0.0013 661 417 682 555
pole 0.0012 1049 473 1082 568
pole 0.0012 588 441 601 576
pole 0.0012 1137 399 1171 618
pole 0.0011 1158 474 1188 586
pole 0.0010 1261 346 1310 595
pole 0.0010 881 265 897 550
rail-occluder 0.0800 719 566 764 625
rail-occluder 0.0277 1196 649 1225 703
rail-occluder 0.0251 662 565 768 638
rail-occluder 0.0211 670 586 692 642
rail-occluder 0.0071 1202 644 1226 687
rail-occluder 0.0063 745 567 775 621
rail-occluder 0.0049 854 572 883 625
rail-occluder 0.0046 613 593 692 643
rail-occluder 0.0043 672 587 712 641
rail-occluder 0.0039 1176 649 1221 711
rail-occluder 0.0039 632 570 730 651
rail-occluder 0.0031 850 577 875 668
rail-occluder 0.0023 1197 652 1236 731
rail-occluder 0.0018 735 576 764 634
rail-occluder 0.0017 872 566 904 622
rail-occluder 0.0010 691 539 790 637
rail-occluder 0.0010 601 613 669 650
