rail 0.9598 860 457 1192 1077
rail 0.9541 5 453 913 1074
rail 0.0047 899 455 948 475
rail 0.0033 882 452 923 473
rail 0.0015 926 455 958 479
rail 0.0014 877 454 929 483
switch-indicator 0.0219 731 529 749 557
switch-indicator 0.0054 385 672 416 714
switch-unknown 0.0119 901 455 947 472
switch-unknown 0.0058 929 459 954 473
switch-unknown 0.0041 921 453 958 474
switch-static 0.0939 1372 978 1486 1065
switch-static 0.0622 434 676 493 710
switch-static 0.0325 1262 820 1326 868
switch-static 0.0297 1256 824 1345 888
switch-static 0.0274 1295 880 1447 990
switch-static 0.0255 1257 837 1405 938
switch-static 0.0221 1319 894 1473 1043
switch-static 0.0205 1302 859 1387 927
switch-static 0.0165 1296 856 1418 955
switch-static 0.0164 418 671 501 721
switch-static 0.0104 1327 900 1434 973
switch-static 0.0093 323 722 373 749
switch-static 0.0089 1275 846 1378 912
switch-static 0.0066 412 694 483 730
switch-static 0.0049 1239 857 1433 1010
switch-static 0.0046 383 672 420 713
switch-static 0.0045 1360 936 1522 1055
switch-static 0.0039 1245 800 1359 922
switch-static 0.0027 376 675 472 729
switch-static 0.0022 394 698 466 739
switch-static 0.0015 1282 952 1497 1061
switch-static 0.0015 1266 799 1334 859
switch-static 0.0015 329 714 391 745
switch-static 0.0012 1347 909 1443 1015
switch-static 0.0011 1214 901 1446 1055
switch-static 0.0011 329 685 420 746
switch-static 0.0011 411 710 476 748
track-sign-front 0.1324 732 533 747 557
track-sign-front 0.0136 1521 643 1576 727
track-sign-front 0.0133 1595 577 1635 670
track-sign-front 0.0086 385 672 411 710
track-sign-front 0.0076 700 461 719 486
track-sign-front 0.0066 1585 544 1645 660
track-sign-front 0.0046 1575 554 1630 715
track-sign-front 0.0037 1596 612 1631 666
track-sign-front 0.0031 726 530 752 559
track-sign-front 0.0028 1530 598 1589 734
track-sign-front 0.0027 1140 611 1165 651
track-sign-front 0.0024 944 451 968 472
track-sign-front 0.0019 1494 747 1539 828
track-sign-front 0.0016 1550 561 1612 698
track-sign-front 0.0013 1595 551 1643 624
track-sign-front 0.0010 859 433 899 474
track-sign-front 0.0010 661 516 688 547
track-signal-front 0.0129 864 388 875 407
track-signal-front 0.0024 937 400 954 430
track-signal-front 0.0017 857 384 874 404
track-signal-front 0.0014 932 401 957 457
track-signal-back 0.8061 1276 140 1332 318
track-signal-back 0.7575 426 147 481 308
track-signal-back 0.0204 864 391 874 412
track-signal-back 0.0035 392 147 500 316
track-signal-back 0.0028 428 237 473 310
track-signal-back 0.0023 437 152 500 277
track-signal-back 0.0020 1267 131 1380 320
track-signal-back 0.0017 1276 230 1333 323
track-signal-back 0.0013 1279 132 1328 236
track-signal-back 0.0012 861 397 881 466
track-signal-back 0.0010 1282 288 1332 325
