guard-rail 0.0115 1013 636 1035 673
guard-rail 0.0094 997 687 1034 761
guard-rail 0.0058 960 684 1055 802
guard-rail 0.0038 1006 694 1052 792
guard-rail 0.0029 934 684 1036 767
guard-rail 0.0018 1006 617 1031 663
guard-rail 0.0015 987 618 1023 673
guard-rail 0.0013 916 694 1097 823
guard-rail 0.0012 953 537 991 669
rail 0.8668 781 486 1212 1070
rail 0.4982 813 695 1105 1077
rail 0.2175 811 548 1111 938
rail 0.0192 918 688 1200 1076
rail 0.0027 984 505 1253 1060
rail 0.0013 766 562 955 908
rail 0.0012 855 837 1131 1071
switch-indicator 0.0015 1211 648 1254 734
switch-left 0.2003 867 683 1050 785
switch-left 0.0197 885 666 1017 728
switch-left 0.0070 854 702 1096 866
switch-left 0.0022 917 672 1048 745
switch-right 0.3267 884 674 1042 773
switch-right 0.1280 890 672 1013 732
switch-right 0.0012 910 664 1007 709
switch-static 0.2344 772 664 887 705
switch-static 0.1283 739 672 837 708
switch-static 0.1242 759 659 848 700
switch-static 0.0704 826 666 897 695
switch-static 0.0360 741 686 855 725
switch-static 0.0210 1042 660 1104 693
switch-static 0.0161 799 649 858 683
switch-static 0.0159 731 681 806 707
switch-static 0.0084 1013 639 1039 677
switch-static 0.0078 1017 646 1059 684
switch-static 0.0062 1051 668 1112 705
switch-static 0.0058 751 648 906 732
switch-static 0.0043 775 644 845 690
switch-static 0.0031 1066 644 1106 673
switch-static 0.0030 798 657 922 717
switch-static 0.0030 804 680 886 723
switch-static 0.0029 863 664 915 693
switch-static 0.0027 703 687 822 733
switch-static 0.0024 1046 640 1102 676
switch-static 0.0023 1034 644 1111 700
switch-static 0.0018 703 644 866 741
switch-static 0.0016 699 629 944 761
switch-static 0.0014 734 667 795 703
switch-static 0.0013 802 618 851 660
switch-static 0.0013 1209 649 1257 734
switch-static 0.0010 842 635 903 683
track-sign-front 0.0541 763 436 781 455
track-sign-front 0.0494 1066 461 1087 480
track-sign-front 0.0143 800 563 821 585
track-sign-front 0.0133 1066 449 1103 480
track-sign-front 0.0055 1086 426 1114 477
track-sign-front 0.0051 755 434 785 460
track-sign-front 0.0029 1096 403 1121 454
track-sign-front 0.0023 1312 669 1343 701
track-sign-front 0.0016 795 554 818 587
track-sign-front 0.0015 977 481 1003 513
track-sign-front 0.0012 1088 446 1115 507
track-sign-front 0.0011 976 469 1008 506
track-signal-front 0.0014 1471 424 1488 453
track-signal-back 0.3612 1088 348 1114 375
track-signal-back 0.1910 1097 386 1121 414
track-signal-back 0.1559 1092 365 1119 407
track-signal-back 0.0030 1101 387 1134 418
track-signal-back 0.0025 1084 322 1116 381
track-signal-back 0.0019 1089 339 1117 401
track-signal-back 0.0010 1096 403 1120 453
track-signal-back 0.0010 1090 348 1146 377
