crossing 0.2022 925 594 981 613
crossing 0.0779 845 556 900 573
crossing 0.0600 824 555 883 574
crossing 0.0509 929 575 979 601
crossing 0.0298 865 553 920 576
crossing 0.0143 960 543 1000 569
crossing 0.0110 931 553 987 597
crossing 0.0086 801 550 867 572
crossing 0.0081 933 545 974 568
crossing 0.0065 967 540 1028 572
crossing 0.0035 881 553 949 591
crossing 0.0030 905 584 972 617
crossing 0.0026 1776 694 1923 816
crossing 0.0024 1752 662 1923 720
crossing 0.0023 894 541 947 569
crossing 0.0022 1761 673 1923 759
crossing 0.0018 1722 655 1901 698
crossing 0.0013 910 560 982 608
crossing 0.0013 1796 657 1917 697
train-car 0.0014 972 530 1021 562
platform 0.0696 971 544 1066 573
platform 0.0034 977 541 1122 586
platform 0.0017 974 524 1077 581
platform 0.0017 980 529 1055 560
rail 0.9524 742 544 1070 1076
rail 0.9487 4 547 890 1077
rail 0.1657 1117 563 1917 719
rail 0.0145 1282 604 1928 763
rail 0.0086 1351 598 1938 690
rail 0.0050 1575 635 1924 766
rail 0.0035 1106 578 1906 881
rail 0.0034 1667 668 1926 829
rail 0.0032 960 540 1041 578
rail 0.0028 1437 625 1920 854
rail 0.0028 12 543 810 674
rail 0.0025 1759 673 1922 798
rail 0.0019 1116 371 1868 741
rail 0.0014 1676 642 1917 706
rail 0.0013 1686 660 1915 748
rail 0.0011 1 569 710 733
rail 0.0010 1128 562 1725 661
track-sign-front 0.0029 1656 397 1723 434
track-sign-front 0.0026 1024 479 1051 525
track-sign-front 0.0026 980 517 1051 564
track-sign-front 0.0024 971 523 1017 564
track-sign-front 0.0014 1011 508 1068 564
track-sign-front 0.0011 843 508 878 553
track-signal-front 0.0028 815 453 835 500
track-signal-front 0.0019 1360 477 1385 582
track-signal-front 0.0017 1050 432 1070 486
track-signal-front 0.0016 1377 379 1395 486
track-signal-front 0.0013 1356 466 1380 516
track-signal-front 0.0012 1052 453 1072 493
track-signal-front 0.0011 809 461 836 534
track-signal-front 0.0011 573 7 683 76
track-signal-front 0.0011 1050 330 1073 535
track-signal-back 0.0046 1360 471 1383 529
track-signal-back 0.0024 250 347 297 428
pole 0.2617 523 78 557 667
pole 0.1674 1077 83 1106 663
pole 0.1590 1502 506 1520 745
pole 0.0479 1683 415 1700 634
pole 0.0341 1369 179 1397 637
pole 0.0232 1665 44 1714 702
pole 0.0136 1502 557 1515 703
pole 0.0087 1378 281 1395 580
pole 0.0083 1675 413 1695 640
pole 0.0079 409 302 433 622
pole 0.0076 537 87 583 656
pole 0.0048 1060 52 1113 735
pole 0.0046 1685 456 1697 602
pole 0.0044 499 43 565 622
pole 0.0042 1499 542 1534 731
pole 0.0029 1670 318 1708 635
pole 0.0026 1366 497 1385 590
pole 0.0024 1080 216 1100 554
pole 0.0023 905 430 935 565
pole 0.0023 1363 450 1385 542
pole 0.0022 1348 189 1406 631
pole 0.0018 1505 609 1519 732
pole 0.0018 1674 13 1705 561
pole 0.0018 527 288 555 626
pole 0.0015 412 425 431 635
pole 0.0013 1356 430 1389 597
pole 0.0013 1312 202 1366 639
pole 0.0013 1469 -1 1545 846
pole 0.0012 250 309 294 632
pole 0.0012 1327 502 1340 607
pole 0.0012 1046 106 1092 636
pole 0.0012 1677 462 1692 598
pole 0.0011 1494 491 1528 688
pole 0.0011 1689 463 1704 597
pole 0.0011 1233 400 1251 614
pole 0.0011 1325 482 1341 673
