platform 0.8286 961 586 1909 1080
platform 0.0018 1537 787 1889 946
rail 0.9551 873 570 1132 1072
rail 0.8553 48 572 923 1076
rail 0.0015 1537 805 1890 969
track-sign-front 0.6583 1212 581 1242 678
track-sign-front 0.6318 648 573 669 635
track-sign-front 0.0638 767 563 778 583
track-sign-front 0.0600 652 595 671 637
track-sign-front 0.0098 1199 575 1258 689
track-sign-front 0.0096 1208 563 1238 595
track-sign-front 0.0080 767 570 778 592
track-sign-front 0.0080 1202 556 1234 581
track-sign-front 0.0064 652 560 681 593
track-sign-front 0.0026 643 558 666 620
track-sign-front 0.0015 1084 574 1110 602
track-sign-front 0.0015 766 560 800 584
track-sign-front 0.0013 634 562 683 639
track-sign-front 0.0012 645 592 675 659
track-sign-front 0.0012 663 549 691 583
track-sign-front 0.0011 762 555 777 578
track-signal-front 0.0506 767 565 778 583
track-signal-front 0.0115 765 560 780 587
track-signal-front 0.0015 882 537 901 582
person 0.2343 1775 690 1844 844
person 0.0500 1863 691 1918 869
person 0.0287 1774 688 1892 878
person 0.0102 1830 696 1905 879
person 0.0077 1478 645 1557 814
person 0.0028 1879 689 1922 822
person 0.0027 1450 639 1533 788
person 0.0017 1849 720 1921 938
person 0.0016 1793 670 1869 810
person 0.0015 1725 692 1834 884
person 0.0013 1798 701 1913 966
person 0.0013 1785 691 1840 783
