guard-rail 0.0057 1267 527 1341 568
guard-rail 0.0041 1262 515 1320 559
guard-rail 0.0011 1817 576 1913 623
guard-rail 0.0011 1052 815 1089 1087
train-car 0.6617 1183 463 1241 508
train-car 0.1020 1469 467 1928 524
train-car 0.0966 1771 455 1921 514
train-car 0.0568 1639 491 1922 552
train-car 0.0491 1601 447 1878 518
train-car 0.0240 1188 429 1240 525
train-car 0.0234 1696 474 1922 527
train-car 0.0233 1120 479 1211 509
train-car 0.0224 1174 463 1291 502
train-car 0.0195 1696 441 1783 520
train-car 0.0137 1162 413 1264 563
train-car 0.0124 1180 485 1242 537
train-car 0.0103 1900 473 1920 523
train-car 0.0103 1636 408 1767 569
train-car 0.0099 1184 464 1379 513
train-car 0.0098 1469 422 1926 576
train-car 0.0098 1686 374 1872 532
train-car 0.0095 1669 455 1769 506
train-car 0.0095 1765 459 1851 509
train-car 0.0085 1874 478 1921 524
train-car 0.0080 1195 472 1296 532
train-car 0.0074 1669 427 1925 545
train-car 0.0071 1723 425 1886 519
train-car 0.0070 1207 406 1244 540
train-car 0.0068 1588 466 1757 514
train-car 0.0064 1472 442 1635 508
train-car 0.0057 1544 415 1656 547
train-car 0.0057 1843 461 1918 542
train-car 0.0051 1221 447 1342 524
train-car 0.0048 1787 458 1824 507
train-car 0.0045 1550 435 1585 510
train-car 0.0035 1469 434 1528 533
train-car 0.0033 1169 444 1230 502
train-car 0.0033 1506 426 1726 538
train-car 0.0030 1795 425 1923 541
train-car 0.0027 1482 410 1552 535
train-car 0.0025 1578 467 1836 576
train-car 0.0020 1543 416 1605 514
train-car 0.0020 1513 431 1590 511
train-car 0.0019 1658 450 1696 498
train-car 0.0013 1498 474 1795 539
train-car 0.0013 1288 460 1427 512
train-car 0.0011 1338 437 1458 513
platform 0.1289 1166 472 1240 515
platform 0.0612 1229 487 1376 517
platform 0.0456 1116 482 1194 509
platform 0.0410 1224 495 1341 529
platform 0.0158 1250 499 1321 544
platform 0.0148 1196 481 1302 530
platform 0.0119 1231 479 1396 533
platform 0.0112 1219 465 1394 507
platform 0.0084 1232 494 1299 540
platform 0.0044 1165 494 1235 535
platform 0.0027 1257 500 1387 540
platform 0.0020 1256 503 1357 564
platform 0.0016 1237 409 1499 519
platform 0.0010 1102 485 1161 514
rail 0.9113 1039 492 1479 1077
rail 0.8606 1233 502 1916 1034
rail 0.7760 1401 501 1920 660
rail 0.6599 1078 765 1431 1076
rail 0.3462 1426 487 1915 580
rail 0.1405 1549 512 1925 603
rail 0.1292 1031 687 1372 941
rail 0.0945 1242 764 1465 1073
rail 0.0765 1692 505 1927 548
rail 0.0660 1343 486 1920 788
rail 0.0500 1692 521 1924 576
rail 0.0223 1603 489 1922 562
rail 0.0221 1657 539 1920 635
rail 0.0149 1741 543 1923 602
rail 0.0134 1748 481 1922 532
rail 0.0130 1066 753 1104 1081
rail 0.0125 1569 538 1917 692
rail 0.0075 1749 561 1919 627
rail 0.0066 1823 531 1920 605
rail 0.0058 1303 722 1467 822
rail 0.0056 1054 617 1281 998
rail 0.0049 1828 558 1921 647
rail 0.0045 1894 486 1921 538
rail 0.0038 1383 496 1573 548
rail 0.0035 1344 494 1509 527
rail 0.0029 1844 522 1924 577
rail 0.0028 1843 593 1920 646
rail 0.0028 1208 756 1355 1077
rail 0.0028 1835 500 1924 551
rail 0.0027 1178 544 1451 1009
rail 0.0027 1886 511 1921 590
rail 0.0026 1095 754 1405 892
rail 0.0023 1760 577 1914 658
rail 0.0021 1765 557 1921 713
rail 0.0020 1881 565 1921 640
rail 0.0020 1079 754 1141 1075
rail 0.0018 1338 497 1711 589
rail 0.0018 1882 536 1921 616
rail 0.0017 1362 480 1537 534
rail 0.0015 1424 498 1662 553
rail 0.0014 1303 457 1846 604
rail 0.0014 1449 583 1676 993
rail 0.0013 1479 494 1724 567
rail 0.0013 1037 523 1157 1074
rail 0.0012 1014 572 1223 897
rail 0.0012 1430 470 1662 533
rail 0.0011 1040 800 1088 1078
rail 0.0011 1851 587 1919 694
rail 0.0010 1654 568 1908 672
rail 0.0010 1438 469 1561 556
switch-indicator 0.0728 956 662 994 714
switch-indicator 0.0091 817 668 869 737
switch-indicator 0.0026 953 663 997 748
switch-indicator 0.0011 806 659 888 770
switch-indicator 0.0011 910 650 1026 766
switch-left 0.2143 1065 751 1319 900
switch-left 0.0340 1099 760 1278 841
switch-left 0.0091 1044 768 1356 993
switch-left 0.0027 1104 714 1266 790
switch-right 0.2684 1074 753 1312 874
switch-right 0.0099 1089 712 1286 793
switch-right 0.0077 1070 614 1371 970
switch-right 0.0070 1064 737 1287 826
switch-right 0.0012 1140 755 1368 839
switch-unknown 0.0043 1266 527 1342 566
switch-unknown 0.0019 1281 542 1350 569
switch-unknown 0.0010 1294 560 1356 594
switch-static 0.4846 808 747 951 830
switch-static 0.3016 1344 746 1462 817
switch-static 0.0489 957 663 995 713
switch-static 0.0346 1294 745 1410 811
switch-static 0.0165 806 728 944 800
switch-static 0.0165 1292 703 1497 883
switch-static 0.0164 1357 766 1473 833
switch-static 0.0143 803 693 981 823
switch-static 0.0130 1364 739 1432 790
switch-static 0.0121 1294 751 1373 795
switch-static 0.0093 808 758 912 863
switch-static 0.0068 801 737 1076 838
switch-static 0.0063 1311 762 1449 841
switch-static 0.0028 1315 768 1391 835
switch-static 0.0028 795 759 957 896
switch-static 0.0022 1342 740 1503 849
switch-static 0.0019 773 661 902 803
switch-static 0.0018 892 713 1043 811
switch-static 0.0015 923 658 1000 708
switch-static 0.0011 758 682 1000 913
switch-static 0.0011 1270 756 1337 824
track-sign-front 0.4796 819 671 855 726
track-sign-front 0.1242 1657 466 1689 492
track-sign-front 0.0221 1120 486 1174 510
track-sign-front 0.0159 1657 448 1688 504
track-sign-front 0.0113 1075 504 1090 527
track-sign-front 0.0084 1107 485 1157 513
track-sign-front 0.0050 1068 506 1090 542
track-sign-front 0.0043 1637 459 1684 499
track-sign-front 0.0026 1056 484 1090 528
track-sign-front 0.0025 812 653 863 763
track-sign-front 0.0015 1328 584 1358 606
track-signal-back 0.7040 1229 367 1251 419
track-signal-back 0.2369 1772 362 1791 420
track-signal-back 0.1031 1573 397 1586 426
track-signal-back 0.0980 1452 393 1473 423
track-signal-back 0.0162 1778 363 1799 409
track-signal-back 0.0141 1571 393 1587 446
track-signal-back 0.0130 1450 381 1461 430
track-signal-back 0.0128 1226 397 1250 452
track-signal-back 0.0113 1202 426 1228 458
track-signal-back 0.0090 1765 357 1789 456
track-signal-back 0.0077 1572 384 1605 444
track-signal-back 0.0034 1202 411 1229 476
track-signal-back 0.0032 1450 341 1462 470
track-signal-back 0.0023 1242 334 1270 358
track-signal-back 0.0017 1469 362 1497 436
track-signal-back 0.0017 1204 362 1257 426
track-signal-back 0.0016 1230 371 1252 484
track-signal-back 0.0015 1223 335 1258 360
track-signal-back 0.0015 1182 432 1216 461
track-signal-back 0.0014 1437 385 1496 439
track-signal-back 0.0013 1567 396 1594 430
pole 0.5912 1496 235 1516 574
pole 0.5119 1656 184 1685 605
pole 0.3617 1354 301 1373 531
pole 0.3472 1388 308 1402 528
pole 0.3039 1600 178 1626 603
pole 0.2983 1366 299 1389 528
pole 0.2630 1443 364 1458 544
pole 0.1679 1602 207 1618 555
pole 0.0582 1768 347 1794 530
pole 0.0438 1373 305 1403 535
pole 0.0352 1499 228 1534 578
pole 0.0344 1758 361 1775 538
pole 0.0315 1727 392 1747 521
pole 0.0305 1761 339 1783 537
pole 0.0289 1333 339 1353 517
pole 0.0270 1577 275 1607 557
pole 0.0235 1450 324 1475 538
pole 0.0230 1588 278 1620 596
pole 0.0216 1639 390 1700 590
pole 0.0210 1756 429 1777 529
pole 0.0207 1390 347 1401 498
pole 0.0201 1729 376 1741 507
pole 0.0194 1564 407 1586 518
pole 0.0150 1762 452 1778 545
pole 0.0147 1639 186 1697 614
pole 0.0142 1662 274 1681 590
pole 0.0139 1423 325 1452 536
pole 0.0137 1349 374 1372 520
pole 0.0132 1582 182 1644 601
pole 0.0132 1726 307 1738 571
pole 0.0121 1486 332 1511 585
pole 0.0103 1705 373 1750 557
pole 0.0096 1387 415 1410 525
pole 0.0085 1535 166 1615 602
pole 0.0084 1409 350 1462 547
pole 0.0080 1444 432 1889 570
pole 0.0068 1319 383 1352 518
pole 0.0061 1784 352 1807 523
pole 0.0057 1435 385 1466 546
pole 0.0054 1791 414 1819 526
pole 0.0054 1472 255 1527 570
pole 0.0054 1758 432 1810 536
pole 0.0053 1333 344 1409 565
pole 0.0053 1491 358 1512 505
pole 0.0049 1500 358 1520 505
pole 0.0047 1726 384 1737 495
pole 0.0047 1473 251 1501 547
pole 0.0046 1657 459 1689 518
pole 0.0046 1438 390 1490 562
pole 0.0042 1341 439 1377 524
pole 0.0040 1478 396 1518 566
pole 0.0039 1579 371 1624 500
pole 0.0038 1602 367 1618 501
pole 0.0037 1741 347 1801 536
pole 0.0035 1520 414 1577 514
pole 0.0033 1353 327 1368 472
pole 0.0031 1496 324 1512 473
pole 0.0031 1351 411 1411 535
pole 0.0029 1382 349 1412 533
pole 0.0028 1571 323 1587 487
pole 0.0024 1594 382 1636 575
pole 0.0021 1494 396 1542 523
pole 0.0021 1279 397 1337 518
pole 0.0021 1258 385 1302 542
pole 0.0020 1721 280 1734 548
pole 0.0019 1476 478 1521 572
pole 0.0019 1357 307 1424 540
pole 0.0016 1492 168 1524 526
pole 0.0015 1504 323 1520 471
pole 0.0015 1564 384 1622 567
pole 0.0013 1662 374 1683 499
pole 0.0013 1315 313 1385 526
pole 0.0011 1554 453 1591 540
pole 0.0011 1350 261 1370 486
pole 0.0011 1416 459 1484 547
pole 0.0010 1630 186 1672 536
pole 0.0010 1598 315 1620 462
pole 0.0010 1226 385 1277 538
pole 0.0010 1704 449 1772 538
pole 0.0010 1514 229 1546 538
pole 0.0010 1258 452 1354 515
pole 0.0010 1450 457 1513 552
pole 0.0010 1657 480 1687 573
rail-occluder 0.0200 1899 479 1918 526
rail-occluder 0.0068 1597 512 1618 596
rail-occluder 0.0064 1885 476 1916 525
rail-occluder 0.0042 1383 505 1410 538
rail-occluder 0.0035 1240 497 1296 542
rail-occluder 0.0035 1754 501 1784 551
rail-occluder 0.0035 1487 518 1515 591
rail-occluder 0.0032 1661 461 1698 520
rail-occluder 0.0030 1356 502 1409 542
rail-occluder 0.0024 1493 551 1515 588
rail-occluder 0.0023 1333 499 1389 541
rail-occluder 0.0019 1325 477 1390 534
rail-occluder 0.0019 1381 485 1419 539
rail-occluder 0.0016 1290 491 1462 533
rail-occluder 0.0016 1489 492 1536 561
rail-occluder 0.0016 1653 505 1689 592
rail-occluder 0.0014 1493 553 1538 591
rail-occluder 0.0013 1447 500 1512 547
rail-occluder 0.0013 1387 502 1455 538
rail-occluder 0.0011 1596 496 1626 572
rail-occluder 0.0010 1489 516 1543 591
rail-occluder 0.0010 1733 504 1833 551
rail-occluder 0.0010 1445 515 1559 590
rail-occluder 0.0010 1390 481 1463 530
