crossing 0.8132 1171 682 1301 763
crossing 0.0039 1109 607 1369 845
crossing 0.0025 1080 533 1491 925
crossing 0.0022 1172 675 1242 770
crossing 0.0016 1158 726 1305 779
rail 0.9026 1122 580 1468 1075
track-sign-front 0.1209 1465 539 1477 554
track-sign-front 0.0816 1465 539 1479 568
track-sign-front 0.0608 1885 668 1919 782
track-sign-front 0.0421 1001 595 1036 639
track-sign-front 0.0193 1318 541 1330 563
track-sign-front 0.0088 1413 561 1432 592
track-sign-front 0.0073 1320 548 1332 571
track-sign-front 0.0068 1413 560 1438 614
track-sign-front 0.0044 1853 580 1919 643
track-sign-front 0.0024 1869 595 1920 716
track-sign-front 0.0021 1170 576 1193 638
track-sign-front 0.0021 1018 597 1042 632
track-sign-front 0.0017 1884 640 1921 880
track-sign-front 0.0016 1509 458 1525 544
track-sign-front 0.0013 1903 534 1919 572
track-sign-front 0.0011 1410 507 1438 621
track-sign-front 0.0011 1668 308 1698 333
track-signal-front 0.0011 1616 343 1682 435
track-signal-front 0.0011 1805 495 1827 570
person 0.0704 1004 590 1043 677
person 0.0016 1018 597 1041 635
person 0.0015 1019 594 1060 688
person 0.0011 991 602 1032 682
pole 0.3219 1411 258 1437 664
pole 0.1795 1515 -21 1569 844
pole 0.1245 1459 348 1477 612
pole 0.0551 1445 324 1473 637
pole 0.0230 1414 250 1430 591
pole 0.0106 1464 533 1478 561
pole 0.0094 1411 465 1441 672
pole 0.0079 1464 433 1478 579
pole 0.0070 1493 169 1539 737
pole 0.0060 1395 259 1448 669
pole 0.0038 1492 347 1524 618
pole 0.0033 1419 86 1465 669
pole 0.0026 1461 394 1474 538
pole 0.0022 1481 10 1587 794
pole 0.0021 1511 465 1527 583
pole 0.0015 1525 16 1657 824
pole 0.0014 1481 300 1515 615
pole 0.0014 1513 274 1534 592
pole 0.0013 1461 279 1478 538
pole 0.0010 1508 380 1524 592
pole 0.0010 1425 381 1473 620
rail-occluder 0.0771 1461 565 1480 604
rail-occluder 0.0319 1413 577 1442 667
rail-occluder 0.0224 1447 564 1483 614
rail-occluder 0.0049 1457 540 1486 608
rail-occluder 0.0042 1462 556 1497 604
rail-occluder 0.0040 1413 557 1434 641
rail-occluder 0.0014 1403 563 1452 674
rail-occluder 0.0013 1460 526 1497 573
