crossing 0.0065 1000 606 1047 626
crossing 0.0043 922 606 959 629
crossing 0.0040 909 607 949 630
crossing 0.0030 1016 605 1060 626
crossing 0.0024 985 592 1049 625
platform 0.8799 10 593 917 1074
platform 0.8198 1053 600 1911 925
platform 0.0010 390 604 904 896
rail 0.9519 746 577 1030 1071
rail 0.9375 966 598 1814 1075
rail 0.0125 2 669 722 1076
rail 0.0045 -4 766 448 1047
rail 0.0020 921 571 978 623
track-sign-front 0.7367 518 510 577 577
track-sign-front 0.0096 975 566 990 621
track-sign-front 0.0095 1074 548 1091 575
track-sign-front 0.0079 862 550 892 582
track-sign-front 0.0047 221 125 289 234
track-sign-front 0.0043 1098 567 1114 592
track-sign-front 0.0034 873 536 897 576
track-sign-front 0.0033 1056 533 1087 627
track-sign-front 0.0028 1394 600 1414 624
track-sign-front 0.0025 504 508 614 599
track-sign-front 0.0024 1046 556 1069 609
track-sign-front 0.0019 1776 680 1805 741
track-sign-front 0.0017 1091 571 1121 620
track-sign-front 0.0017 1061 542 1113 608
track-sign-front 0.0015 871 552 916 596
track-sign-front 0.0014 853 564 875 586
track-sign-front 0.0012 1066 513 1090 605
track-sign-front 0.0010 533 503 597 571
track-signal-front 0.6319 968 494 986 528
track-signal-front 0.3112 1072 489 1090 529
track-signal-front 0.0303 969 491 984 514
track-signal-front 0.0042 1074 492 1111 528
track-signal-front 0.0014 1066 471 1088 530
track-signal-front 0.0011 924 544 979 622
track-signal-back 0.3566 1071 490 1090 528
track-signal-back 0.0055 219 109 289 226
pole 0.0322 977 520 989 631
pole 0.0192 961 522 993 635
pole 0.0116 970 513 987 603
pole 0.0057 957 563 991 623
pole 0.0030 975 568 991 622
pole 0.0013 1061 516 1087 649
pole 0.0011 165 -5 256 738
