train-car 0.0028 0 481 127 640
train-car 0.0011 -12 410 148 664
train-car 0.0010 3 466 80 603
platform 0.0284 147 684 1871 1084
platform 0.0099 -1 600 145 723
platform 0.0019 0 519 164 680
platform 0.0019 525 769 1473 1078
platform 0.0017 0 621 201 784
platform 0.0012 -2 599 86 700
rail 0.8095 2 736 554 1077
rail 0.0526 -2 713 258 1080
rail 0.0180 13 714 1427 1081
rail 0.0062 -3 598 165 994
rail 0.0051 0 616 143 769
rail 0.0036 -7 601 133 704
rail 0.0022 44 815 312 1055
rail 0.0018 136 791 395 1028
rail 0.0016 0 601 63 1012
rail 0.0013 -1 618 85 718
rail 0.0012 -15 591 850 1041
track-sign-front 0.0257 1485 265 1712 508
track-sign-front 0.0240 116 461 145 488
track-sign-front 0.0209 1307 772 1399 840
track-sign-front 0.0037 115 463 149 537
track-sign-front 0.0017 1302 714 1409 843
track-signal-front 0.0013 1301 748 1410 861
person 0.4391 486 629 536 775
person 0.1174 438 634 482 761
person 0.0741 502 643 550 777
person 0.0101 679 654 730 772
person 0.0036 4 480 116 638
person 0.0032 450 631 559 778
person 0.0029 29 497 87 611
person 0.0028 523 662 564 771
person 0.0022 628 644 718 773
person 0.0018 16 506 67 634
person 0.0017 -2 515 21 634
person 0.0016 47 515 103 622
person 0.0010 1 541 72 682
person 0.0010 404 641 629 811
