guard-rail 0.2017 909 883 929 1040
guard-rail 0.0959 901 879 919 1044
guard-rail 0.0642 919 886 945 1038
guard-rail 0.0369 912 938 926 1054
guard-rail 0.0270 534 694 595 766
guard-rail 0.0266 898 877 913 1010
guard-rail 0.0245 980 790 1618 1083
guard-rail 0.0200 904 943 918 1054
guard-rail 0.0149 1102 942 1166 1032
guard-rail 0.0145 1203 882 1489 1032
guard-rail 0.0133 904 869 921 973
guard-rail 0.0097 1163 858 1301 932
guard-rail 0.0081 924 932 947 1068
guard-rail 0.0055 909 715 996 763
guard-rail 0.0053 1263 923 1473 1051
guard-rail 0.0049 1181 865 1337 955
guard-rail 0.0048 521 662 634 764
guard-rail 0.0045 1235 901 1419 992
guard-rail 0.0043 1140 809 1328 983
guard-rail 0.0040 892 808 909 990
guard-rail 0.0039 899 819 928 1021
guard-rail 0.0038 522 697 574 761
guard-rail 0.0036 1246 902 1558 1074
guard-rail 0.0031 1092 939 1147 1006
guard-rail 0.0029 941 917 970 1052
guard-rail 0.0028 897 875 946 1059
guard-rail 0.0027 932 885 967 1033
guard-rail 0.0022 890 763 919 1054
guard-rail 0.0021 951 950 976 1063
guard-rail 0.0019 888 799 903 892
guard-rail 0.0018 898 934 924 1065
guard-rail 0.0017 1073 893 1199 1066
guard-rail 0.0017 503 635 662 783
guard-rail 0.0016 981 744 1015 787
guard-rail 0.0016 1284 913 1372 977
guard-rail 0.0016 899 974 917 1080
guard-rail 0.0014 1209 872 1307 942
guard-rail 0.0013 920 877 949 958
guard-rail 0.0012 1167 854 1430 994
guard-rail 0.0012 1260 902 1353 970
guard-rail 0.0011 912 731 1000 785
guard-rail 0.0010 882 876 902 1047
guard-rail 0.0010 1149 848 1272 911
guard-rail 0.0010 969 711 1013 750
train-car 0.8252 1024 522 1205 703
train-car 0.1055 398 569 442 614
train-car 0.0061 932 461 1284 746
train-car 0.0060 1001 569 1265 728
train-car 0.0052 1209 620 1272 663
train-car 0.0045 1363 524 1432 671
train-car 0.0035 1 532 131 752
train-car 0.0030 1060 470 1260 700
train-car 0.0027 1334 565 1427 679
train-car 0.0024 1156 573 1307 678
train-car 0.0024 -9 571 133 686
train-car 0.0022 1031 600 1196 712
train-car 0.0022 390 558 464 661
train-car 0.0022 1228 565 1425 653
train-car 0.0019 354 566 641 634
train-car 0.0019 1202 598 1312 674
train-car 0.0018 1865 622 1915 676
train-car 0.0017 1269 599 1391 657
train-car 0.0016 1305 540 1360 651
train-car 0.0015 781 574 970 636
train-car 0.0014 1008 558 1145 691
train-car 0.0013 1847 619 1921 705
train-car 0.0013 1158 514 1472 686
train-car 0.0012 1277 559 1345 637
train-car 0.0011 310 557 755 675
train-car 0.0010 1324 507 1403 684
train-car 0.0010 1281 475 1417 663
platform 0.0293 728 605 880 644
platform 0.0241 780 604 930 647
platform 0.0112 846 601 1001 635
platform 0.0061 42 587 461 668
platform 0.0058 746 581 920 663
platform 0.0050 92 601 405 652
platform 0.0042 696 616 873 656
platform 0.0025 752 566 853 650
platform 0.0022 857 587 944 642
platform 0.0021 100 585 367 638
platform 0.0021 665 591 862 655
platform 0.0016 17 554 411 634
platform 0.0013 757 619 852 652
platform 0.0013 715 531 901 711
rail 0.8912 226 614 772 1078
rail 0.8646 905 700 1597 1077
rail 0.8619 864 614 1235 1077
rail 0.7150 1218 648 1919 854
rail 0.6122 -4 620 454 863
rail 0.6093 1304 638 1910 771
rail 0.5922 1 609 671 1000
rail 0.5907 873 617 1019 680
rail 0.4223 1094 647 1913 1037
rail 0.1571 856 609 994 659
rail 0.1356 -6 616 369 742
rail 0.1260 911 615 1021 655
rail 0.0740 -32 654 226 748
rail 0.0687 867 628 935 676
rail 0.0657 867 613 941 656
rail 0.0642 16 602 766 828
rail 0.0481 1776 721 1917 809
rail 0.0476 1648 700 1916 814
rail 0.0459 1236 625 1835 720
rail 0.0418 932 649 1009 692
rail 0.0377 1102 936 1224 1075
rail 0.0374 1466 673 1931 804
rail 0.0371 1550 677 1913 760
rail 0.0342 -2 646 255 829
rail 0.0328 0 658 153 799
rail 0.0285 1850 737 1916 804
rail 0.0226 3 660 96 747
rail 0.0209 791 612 928 674
rail 0.0186 27 653 114 767
rail 0.0182 902 629 988 688
rail 0.0154 1804 726 1920 777
rail 0.0153 -2 636 390 1056
rail 0.0153 1447 653 1947 729
rail 0.0148 955 622 1020 661
rail 0.0128 -2 593 360 689
rail 0.0125 950 621 1065 675
rail 0.0102 948 612 1065 650
rail 0.0088 924 601 1914 894
rail 0.0084 2 633 69 727
rail 0.0079 918 622 1114 690
rail 0.0076 1482 720 1925 851
rail 0.0074 1409 711 1922 941
rail 0.0073 1818 743 1915 827
rail 0.0073 1774 737 1919 876
rail 0.0068 1140 967 1265 1076
rail 0.0059 1347 640 1552 686
rail 0.0058 1870 724 1919 779
rail 0.0058 1372 644 1724 713
rail 0.0056 853 603 979 713
rail 0.0056 -2 611 124 697
rail 0.0049 1218 653 1504 726
rail 0.0047 -2 680 145 898
rail 0.0046 1845 700 1919 774
rail 0.0045 851 594 994 640
rail 0.0043 -2 668 72 809
rail 0.0042 1346 648 1481 701
rail 0.0041 219 668 499 1023
rail 0.0041 107 635 656 780
rail 0.0041 921 565 1168 671
rail 0.0038 845 651 1016 796
rail 0.0038 1 641 38 757
rail 0.0037 750 616 897 652
rail 0.0036 1797 704 1920 755
rail 0.0035 977 623 1040 670
rail 0.0035 85 637 402 797
rail 0.0034 233 601 568 812
rail 0.0033 965 638 1050 696
rail 0.0032 1359 635 1463 682
rail 0.0032 1090 936 1161 1064
rail 0.0032 1715 708 1911 769
rail 0.0028 1838 779 1920 889
rail 0.0027 972 634 1105 703
rail 0.0025 1402 636 1499 681
rail 0.0025 1086 895 1263 1055
rail 0.0024 1157 974 1217 1076
rail 0.0023 980 589 1412 1046
rail 0.0023 895 667 995 711
rail 0.0022 1442 654 1697 746
rail 0.0022 990 614 1597 781
rail 0.0021 66 564 653 693
rail 0.0021 860 579 1061 704
rail 0.0021 1880 693 1920 759
rail 0.0020 604 607 764 644
rail 0.0020 865 550 1040 644
rail 0.0019 123 622 417 711
rail 0.0019 956 600 1193 699
rail 0.0018 929 776 1218 1074
rail 0.0018 883 602 1151 734
rail 0.0018 361 675 632 1028
rail 0.0018 281 602 721 699
rail 0.0018 862 611 994 1083
rail 0.0017 1054 888 1486 1075
rail 0.0017 906 644 1028 739
rail 0.0017 1561 674 1868 720
rail 0.0017 787 643 930 691
rail 0.0016 1666 723 1921 942
rail 0.0016 876 632 928 1072
rail 0.0016 1034 915 1245 1101
rail 0.0015 443 614 770 750
rail 0.0015 1286 617 1448 674
rail 0.0014 2 583 38 719
rail 0.0014 1277 525 1525 706
rail 0.0014 132 620 329 667
rail 0.0014 1116 963 1174 1077
rail 0.0014 1183 635 1540 764
rail 0.0013 1522 665 1778 747
rail 0.0013 801 603 1064 903
rail 0.0012 680 606 838 647
rail 0.0012 1262 622 1400 661
rail 0.0012 917 506 1177 716
rail 0.0012 159 693 385 929
rail 0.0011 635 624 725 652
rail 0.0011 1347 555 1489 677
rail 0.0011 877 698 999 854
rail 0.0011 1125 943 1330 1072
rail 0.0011 1759 652 1923 844
rail 0.0011 -3 733 65 844
rail 0.0011 1450 699 1682 811
rail 0.0010 1874 771 1920 850
rail 0.0010 965 623 1154 779
rail 0.0010 1644 665 1927 730
rail 0.0010 1156 741 1670 1058
rail 0.0010 -14 580 174 681
rail 0.0010 1855 795 1920 979
rail 0.0010 1343 576 1873 705
rail 0.0010 879 618 1053 768
rail 0.0010 1235 681 1477 736
switch-indicator 0.0627 971 661 1002 690
switch-indicator 0.0154 1046 677 1091 737
switch-indicator 0.0036 1288 835 1310 875
switch-left 0.2311 873 711 982 759
switch-left 0.0658 873 649 944 688
switch-left 0.0644 873 675 950 713
switch-left 0.0556 872 681 966 730
switch-left 0.0069 872 685 994 776
switch-left 0.0020 838 677 1020 819
switch-right 0.3174 879 712 982 761
switch-right 0.2149 869 651 936 687
switch-right 0.1081 868 665 947 697
switch-right 0.0737 874 675 949 712
switch-right 0.0436 870 700 962 746
switch-right 0.0028 900 668 987 711
switch-unknown 0.0507 863 630 920 670
switch-unknown 0.0311 933 616 1009 648
switch-unknown 0.0305 961 618 1017 644
switch-unknown 0.0038 978 612 1036 645
switch-unknown 0.0018 644 628 717 650
switch-static 0.1166 1159 793 1224 823
switch-static 0.0880 1007 696 1058 726
switch-static 0.0807 956 668 999 695
switch-static 0.0584 945 655 1003 694
switch-static 0.0480 967 663 1012 706
switch-static 0.0343 973 699 1022 733
switch-static 0.0257 271 795 332 831
switch-static 0.0128 939 705 1002 739
switch-static 0.0058 807 707 856 731
switch-static 0.0056 268 803 315 835
switch-static 0.0049 1020 679 1099 735
switch-static 0.0047 973 713 1013 747
switch-static 0.0041 909 667 982 710
switch-static 0.0033 1146 788 1208 818
switch-static 0.0029 812 705 881 735
switch-static 0.0026 1286 835 1310 877
switch-static 0.0023 1402 737 1457 760
switch-static 0.0022 1413 738 1483 764
switch-static 0.0022 284 792 340 816
switch-static 0.0021 903 651 1028 734
switch-static 0.0019 1424 745 1481 772
switch-static 0.0018 1190 794 1243 829
switch-static 0.0017 797 682 859 719
switch-static 0.0014 731 700 770 731
switch-static 0.0013 807 714 854 745
switch-static 0.0012 783 620 864 649
switch-static 0.0011 1446 751 1495 783
switch-static 0.0011 814 680 881 713
switch-static 0.0011 773 706 844 733
switch-static 0.0010 985 719 1040 761
track-sign-front 0.1838 548 585 565 606
track-sign-front 0.0680 398 570 441 614
track-sign-front 0.0308 544 592 567 661
track-sign-front 0.0106 313 606 327 628
track-sign-front 0.0074 542 580 571 617
track-sign-front 0.0065 220 628 239 651
track-sign-front 0.0065 1290 836 1309 869
track-sign-front 0.0034 541 537 568 619
track-sign-front 0.0020 536 605 575 655
track-sign-front 0.0012 746 617 817 656
track-signal-front 0.0085 1421 531 1435 568
track-signal-front 0.0082 346 527 361 559
track-signal-back 0.1554 612 529 626 560
track-signal-back 0.1122 868 529 883 572
track-signal-back 0.0409 606 520 636 583
track-signal-back 0.0394 864 529 879 566
track-signal-back 0.0304 869 540 882 598
track-signal-back 0.0224 108 524 122 561
track-signal-back 0.0184 99 520 119 574
track-signal-back 0.0154 1779 470 1813 516
track-signal-back 0.0138 345 526 360 556
track-signal-back 0.0122 703 526 718 594
track-signal-back 0.0121 508 495 525 545
track-signal-back 0.0061 91 539 115 596
track-signal-back 0.0049 945 496 963 571
track-signal-back 0.0046 90 536 111 574
track-signal-back 0.0045 945 504 962 531
track-signal-back 0.0044 1417 511 1432 572
track-signal-back 0.0042 216 484 231 521
track-signal-back 0.0039 860 532 880 624
track-signal-back 0.0039 946 503 971 543
track-signal-back 0.0038 867 542 895 609
track-signal-back 0.0037 650 489 664 518
track-signal-back 0.0020 552 428 567 461
track-signal-back 0.0015 641 483 663 525
track-signal-back 0.0014 1776 438 1821 541
track-signal-back 0.0013 976 511 999 545
track-signal-back 0.0011 195 472 230 533
track-signal-back 0.0011 1302 549 1331 609
track-signal-back 0.0010 854 525 887 571
track-signal-back 0.0010 109 491 122 532
pole 0.5262 1472 30 1539 822
pole 0.4711 546 427 569 664
pole 0.3297 1356 419 1381 681
pole 0.3216 769 364 801 693
pole 0.2672 1349 425 1369 671
pole 0.2406 1676 -10 1776 829
pole 0.1116 952 503 970 640
pole 0.1003 1204 379 1220 681
pole 0.0981 646 508 659 637
pole 0.0927 948 499 963 639
pole 0.0924 750 364 770 686
pole 0.0810 611 518 626 635
pole 0.0779 29 395 47 719
pole 0.0394 18 401 57 753
pole 0.0379 1844 275 1873 734
pole 0.0367 1357 427 1401 691
pole 0.0362 547 522 566 650
pole 0.0360 607 501 664 641
pole 0.0332 1706 269 1768 831
pole 0.0306 1551 396 1568 667
pole 0.0238 704 519 717 617
pole 0.0209 1334 414 1361 698
pole 0.0179 607 513 634 597
pole 0.0165 948 528 982 650
pole 0.0163 1020 487 1041 656
pole 0.0159 1209 389 1242 714
pole 0.0146 516 457 541 644
pole 0.0143 1367 403 1437 705
pole 0.0143 549 418 587 683
pole 0.0139 1360 559 1399 686
pole 0.0128 8 411 98 795
pole 0.0123 1416 498 1437 663
pole 0.0116 778 464 806 697
pole 0.0115 648 453 664 628
pole 0.0105 188 463 203 644
pole 0.0105 934 527 972 652
pole 0.0099 1352 505 1370 650
pole 0.0096 1421 530 1436 628
pole 0.0091 967 508 995 637
pole 0.0088 1462 353 1529 780
pole 0.0086 551 467 566 616
pole 0.0080 1404 531 1441 663
pole 0.0079 539 570 571 668
pole 0.0075 1368 518 1428 673
pole 0.0072 1383 564 1420 689
pole 0.0069 316 404 335 664
pole 0.0067 1529 380 1571 756
pole 0.0064 744 365 810 720
pole 0.0062 1195 377 1214 682
pole 0.0054 1360 506 1387 653
pole 0.0052 1366 407 1383 619
pole 0.0050 701 511 743 630
pole 0.0050 647 507 692 638
pole 0.0048 1849 316 1868 657
pole 0.0046 1687 266 1807 859
pole 0.0045 5 417 37 735
pole 0.0044 861 551 887 642
pole 0.0043 1506 302 1557 759
pole 0.0042 766 418 843 711
pole 0.0041 1344 528 1378 663
pole 0.0041 500 487 571 658
pole 0.0040 1333 454 1378 674
pole 0.0033 1418 504 1436 593
pole 0.0032 1701 -23 1834 868
pole 0.0031 776 525 808 647
pole 0.0031 1552 464 1566 605
pole 0.0029 32 467 44 600
pole 0.0029 1566 -12 1781 841
pole 0.0028 914 509 959 638
pole 0.0027 524 426 598 676
pole 0.0027 944 480 964 590
pole 0.0027 1206 463 1218 605
pole 0.0025 744 514 770 637
pole 0.0025 186 493 199 619
pole 0.0023 429 567 472 639
pole 0.0022 1830 287 1880 805
pole 0.0022 544 607 577 671
pole 0.0021 1340 473 1352 598
pole 0.0021 1313 504 1357 665
pole 0.0021 752 539 826 667
pole 0.0021 1406 522 1468 673
pole 0.0020 721 380 760 682
pole 0.0020 1378 544 1459 684
pole 0.0019 1417 473 1449 688
pole 0.0019 1398 476 1517 746
pole 0.0019 1544 486 1566 703
pole 0.0019 542 555 608 665
pole 0.0019 344 517 362 633
pole 0.0018 1015 480 1061 678
pole 0.0018 1369 451 1382 573
pole 0.0018 3 537 197 719
pole 0.0018 538 467 569 610
pole 0.0017 1499 392 1536 715
pole 0.0017 1454 495 1560 742
pole 0.0017 5 535 67 720
pole 0.0016 420 502 431 583
pole 0.0016 684 552 734 635
pole 0.0016 751 462 767 604
pole 0.0015 1776 437 1822 572
pole 0.0015 1487 180 1567 870
pole 0.0015 871 588 968 639
pole 0.0015 418 475 433 610
pole 0.0015 1331 491 1359 628
pole 0.0014 826 547 891 653
pole 0.0014 1480 393 1521 717
pole 0.0013 643 589 676 647
pole 0.0013 1237 415 1263 659
pole 0.0013 37 485 128 712
pole 0.0013 101 501 128 651
pole 0.0013 1195 401 1231 626
pole 0.0013 960 533 1137 694
pole 0.0013 581 513 690 640
pole 0.0013 140 472 253 642
pole 0.0012 961 564 1026 645
pole 0.0012 637 504 671 642
pole 0.0012 775 464 802 601
pole 0.0012 409 504 436 632
pole 0.0012 693 550 841 686
pole 0.0012 1514 495 1602 776
pole 0.0012 85 527 122 663
pole 0.0011 312 603 329 630
pole 0.0011 311 486 332 658
pole 0.0011 744 428 781 669
pole 0.0011 1008 543 1040 650
pole 0.0011 867 540 897 615
pole 0.0011 1683 561 1826 800
pole 0.0011 306 466 342 663
pole 0.0010 1741 201 1836 826
pole 0.0010 737 552 780 647
pole 0.0010 925 495 995 653
pole 0.0010 1551 433 1589 696
pole 0.0010 1356 212 1517 791
rail-occluder 0.5885 387 673 412 739
rail-occluder 0.5612 1280 672 1300 716
rail-occluder 0.4529 65 672 95 734
rail-occluder 0.3534 1065 679 1090 735
rail-occluder 0.3249 1392 647 1413 681
rail-occluder 0.0902 45 664 104 732
rail-occluder 0.0714 1242 626 1262 662
rail-occluder 0.0547 1 751 16 807
rail-occluder 0.0395 28 667 112 784
rail-occluder 0.0353 1817 725 1833 802
rail-occluder 0.0312 1814 727 1832 772
rail-occluder 0.0265 545 614 565 661
rail-occluder 0.0252 398 569 457 640
rail-occluder 0.0224 3 661 89 748
rail-occluder 0.0183 225 631 240 652
rail-occluder 0.0180 1783 726 1918 838
rail-occluder 0.0172 1862 759 1915 811
rail-occluder 0.0168 427 571 457 646
rail-occluder 0.0163 1234 630 1263 694
rail-occluder 0.0149 1361 624 1413 684
rail-occluder 0.0148 1747 717 1899 803
rail-occluder 0.0144 65 671 112 750
rail-occluder 0.0138 1396 640 1423 676
rail-occluder 0.0127 0 670 64 818
rail-occluder 0.0109 1366 644 1418 694
rail-occluder 0.0109 1799 728 1840 807
rail-occluder 0.0104 1781 737 1855 841
rail-occluder 0.0101 1819 729 1917 800
rail-occluder 0.0087 0 704 21 813
rail-occluder 0.0074 1229 625 1268 665
rail-occluder 0.0067 1254 666 1299 714
rail-occluder 0.0063 1 740 31 803
rail-occluder 0.0057 1243 620 1293 670
rail-occluder 0.0055 981 644 1033 694
rail-occluder 0.0052 0 725 36 853
rail-occluder 0.0052 1346 636 1428 676
rail-occluder 0.0052 1787 723 1854 778
rail-occluder 0.0049 1352 616 1384 673
rail-occluder 0.0049 1038 676 1112 737
rail-occluder 0.0049 0 644 33 789
rail-occluder 0.0046 384 664 443 742
rail-occluder 0.0046 1279 673 1307 732
rail-occluder 0.0046 1327 644 1440 693
rail-occluder 0.0045 0 743 20 878
rail-occluder 0.0045 1273 655 1323 720
rail-occluder 0.0039 1390 655 1417 703
rail-occluder 0.0038 1057 627 1091 741
rail-occluder 0.0033 382 678 416 774
rail-occluder 0.0031 1850 769 1921 842
rail-occluder 0.0030 1050 602 1127 740
rail-occluder 0.0029 1016 636 1060 699
rail-occluder 0.0027 436 584 463 644
rail-occluder 0.0026 999 637 1146 734
rail-occluder 0.0024 75 641 141 709
rail-occluder 0.0024 222 629 244 658
rail-occluder 0.0023 1205 628 1272 701
rail-occluder 0.0022 1225 657 1326 724
rail-occluder 0.0021 1788 774 1843 840
rail-occluder 0.0020 1351 547 1455 687
rail-occluder 0.0020 1698 739 1896 843
rail-occluder 0.0019 18 598 141 716
rail-occluder 0.0019 1416 649 1484 680
rail-occluder 0.0019 1758 763 1872 853
rail-occluder 0.0018 1768 722 1829 768
rail-occluder 0.0018 1066 617 1106 732
rail-occluder 0.0018 1797 710 1831 764
rail-occluder 0.0017 264 650 538 764
rail-occluder 0.0016 394 568 514 640
rail-occluder 0.0015 1656 673 1691 718
rail-occluder 0.0015 1290 675 1351 719
rail-occluder 0.0015 546 644 569 669
rail-occluder 0.0014 343 633 462 762
rail-occluder 0.0013 312 606 329 633
rail-occluder 0.0013 1 603 63 698
rail-occluder 0.0013 1754 727 1840 809
rail-occluder 0.0012 41 614 117 692
rail-occluder 0.0012 87 663 169 724
rail-occluder 0.0012 207 639 251 681
rail-occluder 0.0011 983 623 1169 780
rail-occluder 0.0011 1015 607 1132 692
rail-occluder 0.0011 62 647 201 747
rail-occluder 0.0010 1763 754 1832 829
rail-occluder 0.0010 1298 624 1360 660
rail-occluder 0.0010 1662 671 1713 716
rail-occluder 0.0010 90 644 168 696
rail-occluder 0.0010 -3 688 119 890
