crossing 0.0080 1110 583 1162 603
crossing 0.0052 1130 582 1192 603
crossing 0.0027 1148 584 1213 604
rail 0.8534 1164 591 1892 1077
rail 0.8004 932 583 1181 1074
rail 0.0053 4 847 355 1075
rail 0.0034 1153 585 1603 922
rail 0.0018 -1 734 461 1080
rail 0.0017 1402 821 1899 1075
rail 0.0016 1128 580 1195 604
rail 0.0013 1107 581 1165 605
rail 0.0012 1397 661 1635 1014
rail 0.0011 1483 890 1659 1074
rail 0.0010 -60 670 712 1108
track-sign-front 0.0469 1807 62 1857 109
track-sign-front 0.0063 1506 490 1544 546
track-sign-front 0.0024 1198 532 1211 555
track-sign-front 0.0014 1199 527 1214 567
track-sign-front 0.0012 1808 22 1877 117
track-sign-front 0.0011 1225 557 1252 579
track-sign-front 0.0011 1372 105 1416 130
track-sign-front 0.0010 1493 489 1547 575
car 0.0103 1066 553 1106 586
car 0.0057 328 670 877 1058
person 0.0102 690 515 718 589
person 0.0013 699 525 726 578
person 0.0012 1894 584 1921 667
pole 0.0041 1750 529 1855 1088
