crossing 0.0058 915 640 992 671
rail 0.9463 864 514 1166 1071
rail 0.9301 151 518 905 1072
rail 0.4153 -3 529 833 871
rail 0.3229 897 528 954 568
rail 0.0482 82 524 860 695
rail 0.0453 913 547 962 578
rail 0.0286 884 518 941 560
rail 0.0209 343 526 853 654
rail 0.0117 0 617 527 930
rail 0.0085 1026 548 1907 1032
rail 0.0057 1023 540 1354 675
rail 0.0050 919 529 992 571
rail 0.0048 3 565 650 778
rail 0.0040 0 682 332 914
rail 0.0032 1081 557 1490 786
rail 0.0029 918 515 1005 556
rail 0.0025 869 463 985 619
rail 0.0023 304 519 899 785
rail 0.0019 904 552 966 601
rail 0.0017 882 549 929 583
rail 0.0016 851 514 915 550
rail 0.0015 438 560 666 647
rail 0.0015 936 537 1305 736
rail 0.0014 922 559 980 589
rail 0.0014 628 563 779 628
rail 0.0012 990 524 1591 852
rail 0.0011 5 723 239 888
rail 0.0010 1611 641 1918 920
rail 0.0010 1117 576 1327 698
rail 0.0010 1290 609 1883 952
rail 0.0010 1626 711 1922 1052
switch-indicator 0.0232 566 1016 613 1075
switch-left 0.0318 918 550 961 579
switch-left 0.0076 917 566 970 596
switch-right 0.0901 920 552 960 576
switch-right 0.0096 919 566 969 594
switch-right 0.0010 898 562 967 604
switch-unknown 0.1493 910 537 957 572
switch-unknown 0.0673 884 520 937 558
switch-unknown 0.0056 856 514 909 547
switch-unknown 0.0040 880 493 924 541
switch-static 0.0090 922 561 980 587
switch-static 0.0082 883 552 927 583
switch-static 0.0058 917 529 991 574
switch-static 0.0050 997 577 1029 601
switch-static 0.0036 978 569 1026 597
switch-static 0.0018 883 570 921 595
switch-static 0.0011 444 632 502 664
switch-static 0.0010 865 560 905 588
track-sign-front 0.0141 605 520 621 554
track-sign-front 0.0028 694 493 722 614
track-sign-front 0.0018 607 499 625 546
track-sign-front 0.0013 595 518 616 551
track-signal-front 0.0210 565 1016 614 1076
track-signal-front 0.0175 1654 474 1725 585
track-signal-front 0.0076 909 438 919 467
track-signal-front 0.0044 991 410 1022 495
track-signal-front 0.0016 1658 460 1703 563
track-signal-front 0.0013 1622 444 1764 603
track-signal-front 0.0012 561 1005 621 1118
track-signal-front 0.0010 573 1005 640 1079
track-signal-front 0.0010 905 430 919 456
track-signal-back 0.5525 694 371 723 415
track-signal-back 0.0322 619 340 638 405
track-signal-back 0.0105 994 364 1023 512
track-signal-back 0.0047 992 405 1020 480
track-signal-back 0.0020 683 361 734 421
track-signal-back 0.0010 621 330 640 377
track-signal-back 0.0010 614 320 653 401
track-signal-back 0.0010 613 342 648 441
pole 0.5274 694 387 716 617
pole 0.0312 699 366 731 607
pole 0.0237 994 347 1024 561
pole 0.0228 742 374 763 592
pole 0.0182 695 448 722 651
pole 0.0062 697 421 713 572
pole 0.0039 657 400 689 603
pole 0.0033 700 432 724 581
pole 0.0030 659 381 709 630
pole 0.0028 622 343 642 578
pole 0.0023 1006 334 1047 580
pole 0.0016 661 443 746 635
pole 0.0016 680 356 713 565
pole 0.0015 999 395 1031 595
pole 0.0015 749 373 774 585
pole 0.0010 833 428 852 536
pole 0.0010 728 455 763 596
rail-occluder 0.0153 698 564 720 617
rail-occluder 0.0150 703 560 720 597
rail-occluder 0.0111 809 534 829 559
rail-occluder 0.0076 605 521 619 555
rail-occluder 0.0068 694 572 714 620
rail-occluder 0.0013 695 557 729 603
rail-occluder 0.0013 808 523 838 556
rail-occluder 0.0011 795 515 832 558
rail-occluder 0.0010 593 525 614 566
