crossing 0.0896 988 676 1036 695
crossing 0.0476 998 623 1027 638
crossing 0.0064 981 667 1035 693
crossing 0.0033 983 622 1030 645
crossing 0.0022 993 668 1066 693
crossing 0.0012 12 828 215 960
crossing 0.0010 1002 612 1047 637
platform 0.7984 1084 683 1562 1077
platform 0.4042 111 652 911 1072
platform 0.0200 381 819 833 1084
platform 0.0058 325 630 887 918
platform 0.0045 1125 870 1570 1083
platform 0.0015 1258 685 1894 1037
platform 0.0010 15 758 618 1092
rail 0.9435 885 607 1093 1067
rail 0.7259 5 665 681 964
rail 0.0123 793 626 1001 667
rail 0.0054 708 626 992 688
rail 0.0044 985 614 1028 638
rail 0.0030 256 624 857 896
rail 0.0023 24 647 674 829
rail 0.0020 -1 770 523 1080
rail 0.0020 611 620 983 713
rail 0.0018 592 579 688 786
rail 0.0015 804 602 979 682
rail 0.0014 519 504 745 834
rail 0.0012 868 611 1028 654
rail 0.0011 932 606 1021 640
rail 0.0011 426 623 606 802
rail 0.0011 805 635 1034 691
rail 0.0011 585 566 823 776
rail 0.0010 781 616 1029 722
track-sign-front 0.0031 1110 573 1126 604
track-sign-front 0.0028 92 782 120 820
track-sign-front 0.0020 235 86 269 130
track-sign-front 0.0010 1086 658 1104 684
track-signal-back 0.0012 -1 75 52 204
person 0.7106 1563 695 1688 1014
person 0.6921 1172 621 1211 748
person 0.6178 1684 802 1777 1063
person 0.4945 1240 631 1282 748
person 0.1511 1218 625 1257 726
person 0.1067 1168 619 1246 751
person 0.0448 1231 626 1262 707
person 0.0418 1136 649 1159 676
person 0.0374 1175 614 1210 692
person 0.0219 1142 617 1205 722
person 0.0178 1566 690 1680 858
person 0.0170 1253 638 1306 768
person 0.0127 1636 751 1752 999
person 0.0119 1136 619 1173 680
person 0.0074 1649 828 1753 1073
person 0.0069 1196 610 1243 689
person 0.0060 1311 692 1356 795
person 0.0053 1226 617 1249 673
person 0.0043 1681 827 1761 964
person 0.0034 1163 667 1216 764
person 0.0025 1185 611 1221 675
person 0.0023 1241 661 1294 798
person 0.0023 1536 724 1644 1043
person 0.0022 1619 734 1710 1031
person 0.0021 1712 779 1815 1049
person 0.0021 1148 599 1171 663
person 0.0021 1165 598 1217 705
person 0.0017 1120 618 1175 706
person 0.0017 1323 715 1381 800
person 0.0015 1287 665 1337 767
person 0.0014 1275 674 1387 833
person 0.0014 1503 693 1660 934
person 0.0011 1563 796 1644 924
person 0.0011 1579 670 1713 813
person 0.0011 1212 648 1331 828
person 0.0011 1692 863 1772 1012
person 0.0010 1680 779 1760 919
person 0.0010 1611 682 1749 941
person 0.0010 1667 864 1740 1006
person 0.0010 1086 652 1122 684
person 0.0010 1179 581 1260 714
pole 0.3871 502 343 550 854
pole 0.3703 569 419 612 825
pole 0.3264 615 451 657 802
pole 0.3015 506 360 593 852
pole 0.1530 659 481 693 767
pole 0.1271 87 53 142 1095
pole 0.1105 642 467 682 787
pole 0.0775 592 483 637 816
pole 0.0599 689 485 723 755
pole 0.0248 850 475 868 675
pole 0.0223 628 547 675 776
pole 0.0218 701 493 745 739
pole 0.0209 620 573 654 783
pole 0.0163 92 249 129 959
pole 0.0150 536 461 616 838
pole 0.0107 508 509 545 830
pole 0.0106 739 515 769 721
pole 0.0097 558 546 623 816
pole 0.0092 61 42 174 1011
pole 0.0073 641 609 671 788
pole 0.0068 663 610 700 779
pole 0.0064 855 527 869 668
pole 0.0057 758 520 796 710
pole 0.0051 652 437 718 752
pole 0.0044 786 500 823 701
pole 0.0041 808 501 840 690
pole 0.0041 560 229 627 840
pole 0.0039 538 377 680 823
pole 0.0036 599 577 681 790
pole 0.0035 683 637 717 754
pole 0.0035 838 553 869 682
pole 0.0029 850 561 878 679
pole 0.0028 677 541 759 759
pole 0.0027 69 196 132 837
pole 0.0026 678 602 725 732
pole 0.0025 664 578 693 727
pole 0.0023 742 621 767 714
pole 0.0023 746 493 812 718
pole 0.0020 828 469 869 685
pole 0.0019 605 436 747 775
pole 0.0019 437 252 630 837
pole 0.0018 615 299 681 768
pole 0.0018 981 580 1019 635
pole 0.0018 431 591 601 834
pole 0.0017 730 465 774 703
pole 0.0016 793 514 878 704
pole 0.0016 706 618 745 723
pole 0.0015 750 550 786 727
pole 0.0014 999 595 1027 631
pole 0.0014 100 238 165 888
pole 0.0013 694 553 723 701
pole 0.0013 300 518 748 895
pole 0.0013 581 414 625 752
pole 0.0011 509 207 574 753
pole 0.0011 573 596 603 744
pole 0.0010 629 546 821 762
rail-occluder 0.0066 641 664 668 766
rail-occluder 0.0036 625 656 659 786
rail-occluder 0.0025 657 660 696 766
rail-occluder 0.0021 631 626 680 775
rail-occluder 0.0018 812 603 837 685
rail-occluder 0.0016 632 628 729 766
rail-occluder 0.0011 827 610 874 678
rail-occluder 0.0010 812 642 840 685
