train-car 0.7085 1 516 637 678
train-car 0.3989 598 537 753 580
train-car 0.0275 503 536 742 589
train-car 0.0247 651 543 798 574
train-car 0.0097 523 544 608 591
train-car 0.0076 -8 396 651 747
train-car 0.0069 706 543 760 571
train-car 0.0062 727 545 775 571
train-car 0.0060 113 531 766 629
train-car 0.0056 509 542 654 580
train-car 0.0052 437 543 679 596
train-car 0.0051 146 513 515 647
train-car 0.0027 239 548 472 651
train-car 0.0026 510 491 850 667
train-car 0.0024 351 527 449 630
train-car 0.0024 660 542 747 584
train-car 0.0024 361 557 443 654
train-car 0.0023 564 541 682 579
train-car 0.0016 577 519 803 611
train-car 0.0015 -8 449 350 745
train-car 0.0011 633 527 818 568
rail 0.9610 7 554 867 1077
rail 0.9483 728 560 1017 1069
rail 0.8714 878 594 1921 942
rail 0.2773 4 546 803 713
rail 0.0480 1166 688 1929 926
rail 0.0390 717 562 850 591
rail 0.0383 563 553 830 612
rail 0.0306 864 580 900 606
rail 0.0267 620 550 831 584
rail 0.0169 493 567 794 623
rail 0.0120 768 564 872 590
rail 0.0118 665 568 840 608
rail 0.0092 901 607 995 659
rail 0.0082 881 584 939 614
rail 0.0080 755 556 841 588
rail 0.0074 562 579 847 640
rail 0.0073 877 590 962 629
rail 0.0066 892 601 1558 821
rail 0.0063 -40 606 481 731
rail 0.0059 824 566 891 591
rail 0.0050 182 562 811 667
rail 0.0048 863 578 934 628
rail 0.0040 583 564 748 614
rail 0.0030 1589 769 1924 935
rail 0.0030 523 539 872 652
rail 0.0027 933 620 986 664
rail 0.0025 830 577 899 612
rail 0.0023 710 549 849 579
rail 0.0021 766 561 896 603
rail 0.0018 457 587 763 655
rail 0.0018 1 642 340 747
rail 0.0017 893 586 1080 709
rail 0.0017 762 566 842 601
rail 0.0016 1472 743 1924 881
rail 0.0015 1189 722 1646 871
rail 0.0015 779 553 867 579
rail 0.0014 1 624 509 855
rail 0.0014 721 546 796 591
rail 0.0013 436 568 829 698
rail 0.0013 933 614 1187 755
rail 0.0013 -3 648 129 770
rail 0.0013 855 562 1025 673
rail 0.0012 1329 754 1895 1006
rail 0.0012 802 569 911 625
rail 0.0012 873 551 995 635
rail 0.0012 -17 585 354 787
rail 0.0011 1227 656 1911 834
rail 0.0011 1021 526 1771 755
rail 0.0010 781 530 866 589
rail 0.0010 1793 558 1920 664
rail 0.0010 631 579 770 615
switch-indicator 0.0055 938 623 983 666
switch-indicator 0.0039 1551 714 1578 741
switch-right 0.0632 867 588 904 615
switch-unknown 0.2219 868 589 903 610
switch-unknown 0.0946 865 580 899 604
switch-unknown 0.0363 883 587 937 610
switch-unknown 0.0100 826 561 891 590
switch-unknown 0.0086 885 591 953 625
switch-unknown 0.0054 903 586 957 612
switch-unknown 0.0035 912 607 981 659
switch-unknown 0.0030 856 546 895 588
switch-unknown 0.0015 830 541 881 589
switch-unknown 0.0011 996 629 1081 662
switch-static 0.0073 893 578 941 606
switch-static 0.0040 931 642 963 664
switch-static 0.0028 449 698 502 737
switch-static 0.0028 500 690 530 720
switch-static 0.0028 188 822 238 864
switch-static 0.0023 1551 716 1580 746
switch-static 0.0014 925 637 969 671
switch-static 0.0014 1 859 91 945
switch-static 0.0014 448 708 488 746
switch-static 0.0013 1098 635 1156 664
track-sign-front 0.0517 384 614 406 647
track-sign-front 0.0145 388 590 407 642
track-sign-front 0.0048 1831 471 1890 572
track-sign-front 0.0042 1829 514 1896 605
track-sign-front 0.0016 896 512 950 598
track-sign-front 0.0014 9 592 56 659
track-sign-front 0.0013 505 687 538 711
track-sign-front 0.0013 7 558 57 645
track-sign-front 0.0012 373 586 421 646
track-sign-front 0.0010 1819 433 1908 636
track-signal-front 0.1766 395 464 418 499
track-signal-front 0.0173 387 456 412 496
track-signal-front 0.0141 703 478 712 501
track-signal-front 0.0097 704 480 714 495
track-signal-front 0.0094 793 501 803 531
track-signal-front 0.0080 390 455 421 517
track-signal-front 0.0042 706 477 719 495
track-signal-front 0.0015 616 484 626 524
track-signal-front 0.0015 389 477 407 569
track-signal-front 0.0015 398 450 432 511
track-signal-front 0.0014 395 497 415 542
track-signal-back 0.1408 395 464 416 501
track-signal-back 0.0085 388 460 418 515
track-signal-back 0.0083 387 457 413 497
track-signal-back 0.0038 377 446 396 507
track-signal-back 0.0014 378 443 414 513
pole 0.1233 1 -2 112 780
pole 0.0556 1809 -13 1920 707
pole 0.0179 793 494 804 561
pole 0.0107 393 517 404 644
pole 0.0085 936 463 949 594
pole 0.0074 788 523 811 588
pole 0.0070 785 480 806 572
pole 0.0063 391 456 404 667
pole 0.0043 791 479 803 543
pole 0.0025 742 519 821 593
pole 0.0020 1739 14 1905 643
pole 0.0019 395 526 410 630
pole 0.0019 638 512 725 586
pole 0.0018 916 443 950 620
pole 0.0012 290 516 505 647
pole 0.0011 17 -20 178 681
pole 0.0011 868 486 890 588
pole 0.0010 -5 233 131 939
rail-occluder 0.2311 966 623 982 663
rail-occluder 0.0504 979 648 1050 729
rail-occluder 0.0327 382 615 404 650
rail-occluder 0.0226 964 622 1035 714
rail-occluder 0.0127 1283 691 1365 822
rail-occluder 0.0083 1299 728 1367 810
rail-occluder 0.0069 1293 674 1359 774
rail-occluder 0.0065 986 625 1048 660
rail-occluder 0.0064 939 607 995 664
rail-occluder 0.0058 945 604 1058 732
rail-occluder 0.0053 1292 741 1412 843
rail-occluder 0.0048 960 616 1001 656
rail-occluder 0.0047 1288 708 1342 771
rail-occluder 0.0043 376 617 402 670
rail-occluder 0.0038 743 569 812 597
rail-occluder 0.0030 957 626 988 682
rail-occluder 0.0025 650 577 718 613
rail-occluder 0.0022 1271 724 1451 865
rail-occluder 0.0021 1313 742 1376 833
rail-occluder 0.0020 716 575 792 602
rail-occluder 0.0018 385 616 415 669
rail-occluder 0.0018 662 595 706 623
rail-occluder 0.0018 613 573 756 612
rail-occluder 0.0016 1038 642 1535 836
rail-occluder 0.0015 1307 737 1393 794
rail-occluder 0.0015 1239 676 1346 806
rail-occluder 0.0013 984 634 1085 701
rail-occluder 0.0012 982 658 1065 784
rail-occluder 0.0012 1265 709 1320 770
rail-occluder 0.0012 1295 740 1345 833
rail-occluder 0.0011 518 628 551 658
rail-occluder 0.0011 509 617 536 668
rail-occluder 0.0010 699 546 764 581
rail-occluder 0.0010 689 581 767 610
