guard-rail 0.1862 1099 783 1306 874
guard-rail 0.1794 1149 793 1232 857
guard-rail 0.0319 893 801 902 870
guard-rail 0.0219 904 648 1000 699
guard-rail 0.0185 1175 813 1263 870
guard-rail 0.0167 1026 704 1359 939
guard-rail 0.0075 889 803 899 866
guard-rail 0.0061 959 651 1011 687
guard-rail 0.0056 1112 761 1214 849
guard-rail 0.0043 897 804 911 871
guard-rail 0.0040 1057 732 1263 884
guard-rail 0.0030 595 569 626 627
guard-rail 0.0021 969 658 1009 711
guard-rail 0.0013 892 803 905 891
guard-rail 0.0011 1129 809 1257 890
train-car 0.7858 -1 431 415 804
train-car 0.0030 124 185 560 877
train-car 0.0020 34 341 591 718
train-car 0.0011 -1 536 341 934
platform 0.0045 412 503 556 560
rail 0.9539 2 511 664 1079
rail 0.8633 867 516 1167 1071
rail 0.8362 893 628 1613 1076
rail 0.8207 880 544 1919 974
rail 0.7288 909 532 1917 763
rail 0.4986 759 521 942 585
rail 0.2393 1137 551 1914 688
rail 0.1721 799 543 950 593
rail 0.1301 1019 530 1914 624
rail 0.0784 812 516 935 565
rail 0.0577 736 514 883 560
rail 0.0558 861 542 933 583
rail 0.0458 870 523 929 560
rail 0.0423 759 519 1693 657
rail 0.0296 1400 604 1921 750
rail 0.0258 880 533 1007 568
rail 0.0245 851 532 970 603
rail 0.0241 779 524 1258 594
rail 0.0194 855 536 1404 609
rail 0.0169 1572 627 1918 711
rail 0.0149 788 547 885 589
rail 0.0138 821 521 1096 897
rail 0.0132 1566 599 1763 706
rail 0.0126 1440 664 1920 802
rail 0.0124 363 521 581 585
rail 0.0123 607 498 659 526
rail 0.0116 805 530 896 576
rail 0.0112 790 516 872 556
rail 0.0111 1043 552 1690 649
rail 0.0105 704 510 951 605
rail 0.0103 1667 655 1927 718
rail 0.0093 755 533 944 648
rail 0.0091 857 521 1098 574
rail 0.0090 587 500 645 535
rail 0.0090 1211 619 1921 845
rail 0.0090 773 526 853 572
rail 0.0088 770 523 1416 854
rail 0.0084 1750 668 1921 706
rail 0.0082 896 522 1045 560
rail 0.0081 794 500 908 538
rail 0.0075 890 557 978 596
rail 0.0074 769 515 848 551
rail 0.0070 680 517 869 590
rail 0.0069 910 564 1024 602
rail 0.0066 782 531 1183 656
rail 0.0063 483 510 586 553
rail 0.0059 1517 590 1818 673
rail 0.0059 797 497 1027 644
rail 0.0053 730 543 902 598
rail 0.0052 816 562 930 603
rail 0.0047 390 499 553 545
rail 0.0046 855 494 1209 576
rail 0.0043 847 498 910 531
rail 0.0043 910 506 1130 605
rail 0.0043 390 226 579 881
rail 0.0042 1097 539 1738 594
rail 0.0042 929 577 1013 605
rail 0.0042 861 508 1004 581
rail 0.0039 754 498 854 534
rail 0.0038 874 501 918 534
rail 0.0037 802 500 850 536
rail 0.0037 1059 513 1668 578
rail 0.0034 461 516 558 574
rail 0.0031 715 498 1309 720
rail 0.0031 205 614 431 1014
rail 0.0030 674 501 842 558
rail 0.0028 1021 548 1309 603
rail 0.0028 966 653 1384 918
rail 0.0028 862 552 1327 688
rail 0.0028 985 533 1288 577
rail 0.0027 884 573 988 607
rail 0.0023 745 503 810 556
rail 0.0023 1836 669 1925 716
rail 0.0023 622 502 683 533
rail 0.0022 1642 640 1950 762
rail 0.0021 935 563 1105 830
rail 0.0021 880 530 1074 654
rail 0.0021 1603 692 1912 796
rail 0.0021 677 461 813 597
rail 0.0020 864 529 944 1069
rail 0.0019 1232 512 1881 589
rail 0.0019 1130 568 1598 716
rail 0.0019 966 522 1206 599
rail 0.0017 0 733 55 872
rail 0.0017 555 503 621 544
rail 0.0017 392 486 660 1055
rail 0.0016 380 504 517 602
rail 0.0016 819 513 993 1082
rail 0.0015 497 504 572 579
rail 0.0015 663 447 854 670
rail 0.0015 0 723 31 860
rail 0.0015 1813 647 1909 689
rail 0.0014 799 507 1062 745
rail 0.0013 938 519 1401 580
rail 0.0013 1099 575 1323 619
rail 0.0013 657 456 1130 778
rail 0.0013 1807 702 1926 780
rail 0.0012 569 476 612 551
rail 0.0012 1737 679 1935 820
rail 0.0012 942 532 1045 564
rail 0.0012 895 491 947 520
rail 0.0012 721 450 958 632
rail 0.0011 926 560 1126 667
rail 0.0011 509 510 687 892
rail 0.0011 680 507 959 791
rail 0.0011 940 554 1094 593
rail 0.0011 1064 601 1225 774
rail 0.0011 364 525 473 580
rail 0.0010 519 471 602 580
rail 0.0010 893 657 1028 773
rail 0.0010 365 540 468 606
rail 0.0010 1064 556 1285 626
switch-indicator 0.0766 1103 605 1139 710
switch-indicator 0.0292 1545 715 1583 750
switch-indicator 0.0233 1501 699 1532 742
switch-indicator 0.0163 761 561 779 595
switch-indicator 0.0145 1496 705 1587 750
switch-indicator 0.0117 1576 650 1598 677
switch-indicator 0.0111 796 557 837 588
switch-indicator 0.0049 1881 706 1920 763
switch-indicator 0.0043 1503 695 1551 752
switch-indicator 0.0016 749 554 793 600
switch-indicator 0.0012 1558 716 1593 758
switch-left 0.2756 888 643 997 701
switch-left 0.0813 886 567 948 597
switch-left 0.0058 878 572 976 653
switch-left 0.0050 860 621 1027 742
switch-right 0.3216 887 645 994 700
switch-right 0.1394 881 561 937 592
switch-right 0.0173 882 591 976 647
switch-right 0.0146 830 552 927 594
switch-right 0.0038 889 574 983 605
switch-right 0.0030 833 569 911 596
switch-unknown 0.0631 878 525 925 554
switch-unknown 0.0550 884 545 934 575
switch-unknown 0.0099 904 536 980 566
switch-unknown 0.0095 605 505 654 529
switch-unknown 0.0078 875 495 915 534
switch-unknown 0.0068 892 558 973 598
switch-unknown 0.0041 850 487 911 530
switch-unknown 0.0030 624 501 681 532
switch-unknown 0.0024 753 502 797 550
switch-unknown 0.0023 894 477 950 523
switch-unknown 0.0022 771 484 838 538
switch-static 0.3711 800 642 853 669
switch-static 0.2996 1015 652 1065 676
switch-static 0.0581 1878 718 1921 751
switch-static 0.0409 829 572 876 592
switch-static 0.0308 795 632 849 659
switch-static 0.0289 806 554 861 590
switch-static 0.0217 817 573 851 593
switch-static 0.0168 1548 715 1587 754
switch-static 0.0160 1498 699 1536 742
switch-static 0.0123 1019 645 1083 669
switch-static 0.0110 1497 705 1587 750
switch-static 0.0081 943 633 1113 689
switch-static 0.0075 941 580 1003 604
switch-static 0.0072 794 629 863 680
switch-static 0.0071 808 566 861 603
switch-static 0.0046 926 568 1009 601
switch-static 0.0040 1865 708 1919 759
switch-static 0.0032 988 637 1075 688
switch-static 0.0026 961 570 1026 601
switch-static 0.0023 984 602 1065 638
switch-static 0.0022 970 640 1031 676
switch-static 0.0020 979 584 1050 615
switch-static 0.0019 948 650 1021 689
switch-static 0.0017 1839 643 1892 667
switch-static 0.0016 796 584 898 673
switch-static 0.0011 1415 672 1640 759
switch-static 0.0010 776 574 836 602
switch-static 0.0010 829 641 911 690
track-sign-front 0.0401 1095 520 1106 559
track-sign-front 0.0178 1234 474 1247 531
track-sign-front 0.0177 1095 490 1109 569
track-sign-front 0.0161 463 498 482 533
track-sign-front 0.0111 1788 543 1802 572
track-sign-front 0.0108 500 447 515 513
track-sign-front 0.0095 674 552 693 585
track-sign-front 0.0061 456 491 489 548
track-sign-front 0.0060 760 558 780 600
track-sign-front 0.0047 465 464 516 550
track-sign-front 0.0046 443 496 499 535
track-sign-front 0.0033 672 549 722 599
track-sign-front 0.0029 1786 507 1803 610
track-sign-front 0.0019 1592 525 1609 565
track-sign-front 0.0019 659 482 708 531
track-sign-front 0.0018 682 468 730 538
track-sign-front 0.0017 573 499 607 545
track-sign-front 0.0015 905 478 941 509
track-sign-front 0.0014 568 481 614 540
track-sign-front 0.0013 713 542 741 604
track-sign-front 0.0012 1089 340 1115 450
track-sign-front 0.0011 668 548 704 588
track-sign-front 0.0010 746 569 784 605
track-sign-front 0.0010 710 603 745 655
track-signal-front 0.0821 1032 421 1045 443
track-signal-front 0.0289 505 440 518 475
track-signal-front 0.0183 507 439 520 460
track-signal-front 0.0130 503 453 516 504
track-signal-front 0.0117 1232 454 1248 520
track-signal-front 0.0055 1231 405 1249 518
track-signal-front 0.0054 1071 398 1089 426
track-signal-front 0.0047 1411 340 1442 374
track-signal-front 0.0047 1091 452 1115 514
track-signal-front 0.0044 860 452 871 485
track-signal-front 0.0039 1126 448 1142 508
track-signal-front 0.0030 1050 405 1090 452
track-signal-front 0.0028 1071 377 1104 454
track-signal-front 0.0026 1120 390 1143 479
track-signal-front 0.0023 45 400 61 433
track-signal-front 0.0021 706 360 727 457
track-signal-front 0.0019 1088 436 1133 527
track-signal-front 0.0015 1235 351 1274 417
track-signal-front 0.0012 1411 336 1440 416
track-signal-front 0.0011 856 451 884 510
track-signal-front 0.0011 1252 366 1278 407
track-signal-front 0.0011 1778 424 1803 540
track-signal-front 0.0010 589 379 605 435
track-signal-back 0.0454 754 352 767 392
track-signal-back 0.0239 1032 416 1044 480
track-signal-back 0.0219 753 351 766 378
track-signal-back 0.0088 1087 408 1115 487
track-signal-back 0.0057 709 369 728 447
track-signal-back 0.0049 1412 334 1441 372
track-signal-back 0.0047 1088 396 1131 506
track-signal-back 0.0043 1413 333 1465 375
track-signal-back 0.0042 1126 423 1142 511
track-signal-back 0.0025 747 354 769 462
track-signal-back 0.0023 706 375 739 490
track-signal-back 0.0018 755 342 767 368
track-signal-back 0.0017 799 380 818 502
track-signal-back 0.0016 749 386 778 491
track-signal-back 0.0016 809 378 843 491
track-signal-back 0.0015 747 349 771 398
track-signal-back 0.0015 1234 339 1255 432
track-signal-back 0.0013 1056 410 1085 448
track-signal-back 0.0012 1410 311 1441 446
track-signal-back 0.0011 1234 356 1269 443
track-signal-back 0.0011 1411 324 1453 401
pole 0.2946 415 -34 488 904
pole 0.2378 535 41 595 801
pole 0.1856 1029 422 1042 585
pole 0.1690 705 156 736 613
pole 0.1072 1229 315 1252 601
pole 0.0756 1410 344 1427 579
pole 0.0713 1096 160 1121 580
pole 0.0689 1121 624 1138 749
pole 0.0682 402 -49 537 989
pole 0.0660 1101 211 1114 554
pole 0.0273 745 319 772 597
pole 0.0264 1106 249 1123 574
pole 0.0204 711 225 729 551
pole 0.0197 673 306 690 555
pole 0.0193 967 322 983 550
pole 0.0183 1095 411 1119 592
pole 0.0182 1093 453 1110 560
pole 0.0180 1777 359 1804 648
pole 0.0174 792 357 810 555
pole 0.0162 1234 483 1250 574
pole 0.0155 756 336 791 583
pole 0.0128 718 213 767 709
pole 0.0123 715 308 745 600
pole 0.0122 1023 437 1049 609
pole 0.0102 1029 497 1045 585
pole 0.0100 1790 524 1810 647
pole 0.0099 1094 519 1107 561
pole 0.0089 402 361 508 739
pole 0.0087 1031 404 1046 501
pole 0.0084 499 453 518 549
pole 0.0078 1231 426 1249 581
pole 0.0065 1114 617 1146 758
pole 0.0064 574 283 598 578
pole 0.0063 806 363 829 539
pole 0.0060 1410 275 1434 549
pole 0.0058 429 93 511 763
pole 0.0057 1414 438 1425 569
pole 0.0057 1093 357 1125 547
pole 0.0054 702 312 728 594
pole 0.0052 1124 391 1141 537
pole 0.0052 749 296 767 519
pole 0.0052 507 59 620 899
pole 0.0049 751 448 791 558
pole 0.0048 743 403 776 546
pole 0.0048 800 331 818 552
pole 0.0047 419 399 559 671
pole 0.0046 503 422 520 494
pole 0.0043 697 169 756 635
pole 0.0041 782 411 813 541
pole 0.0040 555 -16 598 597
pole 0.0038 1218 323 1245 588
pole 0.0037 535 480 637 930
pole 0.0035 1080 354 1117 576
pole 0.0035 422 496 558 592
pole 0.0034 393 506 519 608
pole 0.0032 551 279 586 589
pole 0.0031 673 369 689 498
pole 0.0031 355 194 519 932
pole 0.0030 540 324 601 701
pole 0.0030 1412 391 1425 537
pole 0.0029 746 489 777 562
pole 0.0028 467 468 513 548
pole 0.0028 1119 445 1142 549
pole 0.0027 587 309 606 556
pole 0.0025 1103 161 1118 481
pole 0.0025 1235 315 1266 491
pole 0.0025 1117 299 1140 539
pole 0.0023 1227 463 1254 597
pole 0.0023 502 271 528 553
pole 0.0022 470 6 606 672
pole 0.0021 466 462 651 970
pole 0.0021 1088 142 1136 604
pole 0.0020 396 494 521 1046
pole 0.0020 674 104 759 833
pole 0.0019 1075 349 1104 486
pole 0.0018 851 401 872 513
pole 0.0018 813 344 839 531
pole 0.0018 690 281 798 764
pole 0.0017 386 474 484 642
pole 0.0017 511 415 604 629
pole 0.0017 238 489 658 1085
pole 0.0017 1090 461 1133 614
pole 0.0016 684 370 744 671
pole 0.0016 1402 441 1441 613
pole 0.0016 709 413 751 542
pole 0.0015 1009 460 1063 581
pole 0.0015 702 443 758 610
pole 0.0014 663 368 685 504
pole 0.0014 669 391 695 517
pole 0.0013 970 396 985 519
pole 0.0013 694 397 730 570
pole 0.0012 1223 327 1269 583
pole 0.0012 743 507 778 596
pole 0.0012 1399 298 1445 584
pole 0.0011 958 429 989 536
pole 0.0011 411 219 491 647
pole 0.0011 674 329 687 449
pole 0.0011 799 425 843 541
pole 0.0011 1783 374 1806 554
pole 0.0010 685 454 727 558
pole 0.0010 1768 329 1823 647
pole 0.0010 575 403 608 564
pole 0.0010 293 14 475 829
pole 0.0010 1234 369 1252 505
pole 0.0010 651 362 685 554
rail-occluder 0.4995 1645 602 1683 679
rail-occluder 0.3888 1107 604 1141 700
rail-occluder 0.0892 1652 604 1674 657
rail-occluder 0.0817 1095 531 1105 560
rail-occluder 0.0746 1879 719 1920 750
rail-occluder 0.0476 1119 619 1139 752
rail-occluder 0.0374 1577 651 1600 678
rail-occluder 0.0289 1099 597 1150 732
rail-occluder 0.0163 1098 546 1109 579
rail-occluder 0.0161 1237 522 1251 571
rail-occluder 0.0154 1792 604 1816 648
rail-occluder 0.0139 1593 595 1721 692
rail-occluder 0.0133 1457 536 1473 571
rail-occluder 0.0128 1635 610 1677 699
rail-occluder 0.0124 1621 614 1665 673
rail-occluder 0.0093 1791 546 1815 648
rail-occluder 0.0088 1526 583 1793 695
rail-occluder 0.0085 473 524 505 582
rail-occluder 0.0071 1106 597 1134 642
rail-occluder 0.0069 1583 652 1644 682
rail-occluder 0.0062 761 517 785 586
rail-occluder 0.0049 465 516 554 574
rail-occluder 0.0048 1605 629 1652 682
rail-occluder 0.0046 1115 614 1157 761
rail-occluder 0.0042 1567 644 1597 673
rail-occluder 0.0041 1025 549 1051 585
rail-occluder 0.0040 450 492 518 565
rail-occluder 0.0039 1595 528 1611 572
rail-occluder 0.0032 426 515 521 589
rail-occluder 0.0031 1508 542 1521 573
rail-occluder 0.0030 1882 723 1922 786
rail-occluder 0.0027 451 516 500 586
rail-occluder 0.0024 968 535 1020 561
rail-occluder 0.0024 1226 546 1254 591
rail-occluder 0.0021 1439 541 1473 581
rail-occluder 0.0021 997 517 1051 583
rail-occluder 0.0018 1072 602 1147 686
rail-occluder 0.0018 1544 543 1563 574
rail-occluder 0.0018 1785 616 1815 656
rail-occluder 0.0017 1097 544 1114 589
rail-occluder 0.0017 505 508 561 550
rail-occluder 0.0015 1058 576 1153 665
rail-occluder 0.0015 1572 589 1658 644
rail-occluder 0.0015 1490 533 1523 576
rail-occluder 0.0015 1410 553 1434 584
rail-occluder 0.0015 1736 581 1759 616
rail-occluder 0.0014 1636 594 1670 639
rail-occluder 0.0013 1788 576 1835 660
rail-occluder 0.0013 912 485 965 520
rail-occluder 0.0013 971 506 1020 563
rail-occluder 0.0011 1392 534 1530 575
rail-occluder 0.0011 1108 587 1154 619
rail-occluder 0.0011 1410 517 1436 588
rail-occluder 0.0010 1197 524 1293 573
rail-occluder 0.0010 985 552 1054 596
rail-occluder 0.0010 1017 526 1187 578
rail-occluder 0.0010 1545 534 1578 577
