guard-rail 0.0746 774 693 793 728
guard-rail 0.0355 1264 730 1397 803
guard-rail 0.0289 1071 823 1160 899
guard-rail 0.0251 797 728 873 812
guard-rail 0.0212 1299 757 1411 803
guard-rail 0.0179 1063 787 1172 886
guard-rail 0.0170 772 691 803 738
guard-rail 0.0143 1092 806 1187 874
guard-rail 0.0139 876 672 902 727
guard-rail 0.0126 1229 706 1383 793
guard-rail 0.0119 917 634 971 674
guard-rail 0.0100 992 671 1059 704
guard-rail 0.0093 1053 799 1147 918
guard-rail 0.0092 913 652 979 682
guard-rail 0.0081 1258 718 1351 779
guard-rail 0.0078 773 683 818 724
guard-rail 0.0077 785 723 842 821
guard-rail 0.0071 1234 712 1331 767
guard-rail 0.0070 839 671 909 727
guard-rail 0.0069 890 621 959 672
guard-rail 0.0060 1026 744 1115 827
guard-rail 0.0060 858 688 911 744
guard-rail 0.0058 922 671 993 713
guard-rail 0.0056 1044 764 1138 863
guard-rail 0.0052 832 639 901 693
guard-rail 0.0049 980 728 1063 784
guard-rail 0.0045 1169 808 1252 873
guard-rail 0.0045 929 663 991 695
guard-rail 0.0044 949 717 1044 772
guard-rail 0.0044 1135 807 1227 874
guard-rail 0.0042 1114 828 1211 881
guard-rail 0.0041 972 803 1004 867
guard-rail 0.0040 773 693 795 767
guard-rail 0.0039 1214 701 1311 760
guard-rail 0.0038 1089 753 1179 830
guard-rail 0.0038 1093 737 1175 798
guard-rail 0.0037 873 755 955 867
guard-rail 0.0036 1019 779 1086 833
guard-rail 0.0036 797 614 851 672
guard-rail 0.0033 864 775 927 897
guard-rail 0.0032 1190 823 1271 900
guard-rail 0.0031 771 691 836 795
guard-rail 0.0028 1144 789 1222 846
guard-rail 0.0028 1091 841 1176 916
guard-rail 0.0028 821 895 848 1030
guard-rail 0.0026 1035 786 1113 881
guard-rail 0.0026 825 770 916 895
guard-rail 0.0025 915 601 975 648
guard-rail 0.0024 1111 785 1207 856
guard-rail 0.0024 1254 700 1349 758
guard-rail 0.0022 935 626 991 667
guard-rail 0.0022 1835 763 1920 816
guard-rail 0.0022 786 621 830 658
guard-rail 0.0021 1115 764 1200 822
guard-rail 0.0021 892 645 967 685
guard-rail 0.0021 799 629 854 705
guard-rail 0.0019 940 796 1013 881
guard-rail 0.0019 888 663 945 727
guard-rail 0.0018 914 786 973 887
guard-rail 0.0016 1286 711 1376 752
guard-rail 0.0016 1332 747 1465 799
guard-rail 0.0015 1149 775 1215 822
guard-rail 0.0015 758 688 786 734
guard-rail 0.0015 1848 996 1878 1075
guard-rail 0.0014 1458 789 1552 823
guard-rail 0.0014 965 784 1021 859
guard-rail 0.0013 764 911 792 1019
guard-rail 0.0013 820 695 906 754
guard-rail 0.0012 1374 773 1470 820
guard-rail 0.0011 796 747 871 859
guard-rail 0.0011 1458 784 1588 833
guard-rail 0.0011 781 803 827 931
guard-rail 0.0010 1791 760 1886 806
guard-rail 0.0010 799 798 847 925
guard-rail 0.0010 775 623 807 666
guard-rail 0.0010 782 632 838 695
train-car 0.9199 0 531 795 1064
train-car 0.0010 33 526 787 729
platform 0.0195 1360 613 1923 705
platform 0.0023 1400 471 1900 762
rail 0.8151 750 591 1055 1079
rail 0.7791 847 546 1924 1078
rail 0.6520 878 558 1915 811
rail 0.6109 918 627 1462 1083
rail 0.3957 892 749 1050 1077
rail 0.3642 1179 685 1917 1071
rail 0.3326 833 724 944 1075
rail 0.2711 1090 773 1430 1073
rail 0.2600 1216 638 1916 829
rail 0.2374 872 750 931 1081
rail 0.1505 910 639 1277 985
rail 0.1409 1221 609 1919 738
rail 0.1355 751 621 889 1076
rail 0.1141 797 746 893 1079
rail 0.0956 1012 713 1252 1068
rail 0.0933 1002 706 1184 905
rail 0.0821 845 568 1117 634
rail 0.0805 1593 709 1921 815
rail 0.0578 810 780 857 1085
rail 0.0410 1048 743 1229 899
rail 0.0386 1081 797 1241 885
rail 0.0384 818 914 851 1055
rail 0.0383 901 822 940 1078
rail 0.0382 1024 727 1158 857
rail 0.0372 930 595 1515 827
rail 0.0360 760 744 851 1075
rail 0.0317 1205 684 1414 789
rail 0.0285 1718 729 1922 807
rail 0.0253 831 598 907 655
rail 0.0235 1131 780 1292 905
rail 0.0232 914 584 1126 645
rail 0.0229 803 578 855 604
rail 0.0218 1157 809 1627 1071
rail 0.0216 814 581 884 606
rail 0.0204 1465 673 1917 789
rail 0.0198 1033 763 1154 907
rail 0.0181 1210 711 1362 806
rail 0.0138 1381 542 1815 718
rail 0.0137 1254 735 1397 804
rail 0.0136 1083 625 1372 798
rail 0.0134 746 644 817 1068
rail 0.0134 766 754 812 1068
rail 0.0133 935 670 1248 831
rail 0.0127 841 582 989 628
rail 0.0127 831 591 1355 895
rail 0.0125 1189 691 1341 775
rail 0.0124 929 885 1047 1081
rail 0.0123 888 827 997 1077
rail 0.0120 794 886 867 1078
rail 0.0118 956 687 1146 818
rail 0.0114 753 924 860 1046
rail 0.0110 1201 858 1418 1074
rail 0.0106 1081 722 1188 821
rail 0.0104 1454 777 1923 1028
rail 0.0101 778 582 839 615
rail 0.0101 820 563 1077 605
rail 0.0098 1244 483 1892 764
rail 0.0097 1110 787 1362 983
rail 0.0096 1161 664 1490 901
rail 0.0089 1251 703 1445 818
rail 0.0087 843 864 931 1086
rail 0.0085 977 941 1053 1076
rail 0.0082 867 597 915 628
rail 0.0081 850 758 983 922
rail 0.0075 976 748 1133 866
rail 0.0074 868 559 1275 674
rail 0.0070 1323 604 1945 967
rail 0.0069 796 572 894 623
rail 0.0067 1278 729 1652 897
rail 0.0064 833 941 854 1056
rail 0.0062 1787 756 1924 816
rail 0.0056 868 725 964 1007
rail 0.0055 1114 820 1255 900
rail 0.0055 762 923 793 1041
rail 0.0053 956 594 1088 638
rail 0.0053 1220 641 1712 753
rail 0.0053 841 582 896 607
rail 0.0051 1069 788 1211 1030
rail 0.0051 802 741 1164 1085
rail 0.0049 1061 716 1159 773
rail 0.0044 431 646 791 1063
rail 0.0044 1175 819 1478 1008
rail 0.0043 1170 806 1302 963
rail 0.0041 1111 744 1256 860
rail 0.0039 783 606 832 642
rail 0.0039 1174 802 1342 1059
rail 0.0038 803 601 861 638
rail 0.0037 1485 698 1928 863
rail 0.0037 790 721 857 1009
rail 0.0037 836 589 1046 699
rail 0.0036 1753 726 1915 778
rail 0.0035 810 586 923 717
rail 0.0035 774 642 926 863
rail 0.0033 885 585 1045 654
rail 0.0033 1813 737 1923 802
rail 0.0031 1260 684 1543 861
rail 0.0031 1007 767 1103 848
rail 0.0031 1062 685 1272 879
rail 0.0030 815 565 947 619
rail 0.0030 1765 744 1923 868
rail 0.0029 1242 896 1576 1074
rail 0.0028 785 619 831 665
rail 0.0027 875 738 1114 845
rail 0.0027 805 574 1169 740
rail 0.0026 908 892 971 1068
rail 0.0026 792 573 914 672
rail 0.0026 777 579 852 634
rail 0.0026 1259 702 1401 764
rail 0.0025 796 619 854 676
rail 0.0025 1060 811 1320 1049
rail 0.0025 1169 617 1558 711
rail 0.0024 1006 616 1267 722
rail 0.0024 913 577 1077 624
rail 0.0024 918 575 1358 763
rail 0.0024 1171 627 1365 725
rail 0.0023 893 921 952 1081
rail 0.0021 1116 799 1262 1018
rail 0.0021 749 933 807 1067
rail 0.0020 827 773 923 959
rail 0.0018 788 533 1109 655
rail 0.0018 936 747 1036 981
rail 0.0017 1575 691 1901 766
rail 0.0017 931 790 1020 888
rail 0.0015 914 916 936 1048
rail 0.0015 891 759 992 873
rail 0.0015 1704 701 1915 764
rail 0.0014 1263 748 1553 1038
rail 0.0014 1229 819 1381 1007
rail 0.0014 754 855 797 1048
rail 0.0014 764 581 814 618
rail 0.0014 319 802 706 1071
rail 0.0013 1001 980 1064 1077
rail 0.0013 862 633 1145 820
rail 0.0012 1290 648 1536 746
rail 0.0012 1140 593 1489 749
rail 0.0012 1042 582 1396 671
rail 0.0012 629 565 924 1071
rail 0.0012 1341 734 1567 826
rail 0.0012 1848 999 1900 1070
rail 0.0012 898 597 989 653
rail 0.0012 814 933 1025 1094
rail 0.0012 923 536 1245 627
rail 0.0011 767 559 845 615
rail 0.0010 448 742 674 1051
rail 0.0010 148 619 755 1058
rail 0.0010 781 610 844 702
switch-indicator 0.0463 1274 657 1305 683
switch-indicator 0.0046 1262 615 1302 641
switch-indicator 0.0040 1264 572 1303 610
switch-indicator 0.0011 1274 579 1309 620
switch-indicator 0.0011 767 576 808 618
switch-left 0.1653 800 723 916 814
switch-left 0.0693 986 701 1113 778
switch-left 0.0588 1180 684 1282 726
switch-left 0.0573 846 727 946 796
switch-left 0.0460 1151 671 1304 734
switch-left 0.0443 1181 680 1362 764
switch-left 0.0441 1195 691 1318 736
switch-left 0.0436 843 739 931 832
switch-left 0.0332 1012 721 1130 799
switch-left 0.0306 1263 727 1430 807
switch-left 0.0302 923 709 1072 774
switch-left 0.0272 840 610 909 663
switch-left 0.0225 1311 761 1437 806
switch-left 0.0212 1006 703 1103 749
switch-left 0.0198 1136 667 1252 708
switch-left 0.0163 808 747 924 860
switch-left 0.0124 947 695 1058 759
switch-left 0.0107 1326 768 1472 819
switch-left 0.0100 804 701 918 774
switch-left 0.0095 960 724 1082 788
switch-left 0.0091 990 670 1061 707
switch-left 0.0074 1278 743 1553 852
switch-left 0.0074 929 694 1015 739
switch-left 0.0056 1038 743 1139 833
switch-left 0.0042 1343 782 1504 836
switch-left 0.0039 914 671 997 714
switch-left 0.0037 909 715 1024 760
switch-left 0.0037 910 652 982 686
switch-left 0.0036 1227 697 1325 751
switch-left 0.0035 829 639 901 695
switch-left 0.0032 791 738 844 834
switch-left 0.0030 886 681 1110 824
switch-left 0.0027 1312 721 1429 769
switch-left 0.0027 776 711 867 820
switch-left 0.0022 1436 775 1565 820
switch-left 0.0020 1096 820 1236 943
switch-left 0.0020 1126 664 1212 702
switch-left 0.0019 1326 746 1471 800
switch-left 0.0017 1125 682 1258 732
switch-left 0.0015 893 728 1053 788
switch-left 0.0012 786 736 888 876
switch-left 0.0011 873 696 1016 761
switch-right 0.3170 815 723 927 808
switch-right 0.1792 789 732 915 841
switch-right 0.1624 797 668 959 916
switch-right 0.1001 999 694 1087 739
switch-right 0.0804 988 701 1113 777
switch-right 0.0745 996 684 1065 720
switch-right 0.0728 1181 684 1281 726
switch-right 0.0704 844 614 902 659
switch-right 0.0535 1157 674 1271 717
switch-right 0.0518 844 739 932 832
switch-right 0.0390 1010 721 1131 801
switch-right 0.0353 1184 682 1360 764
switch-right 0.0272 1262 728 1430 806
switch-right 0.0235 948 698 1057 754
switch-right 0.0220 1122 660 1282 723
switch-right 0.0176 1134 662 1240 699
switch-right 0.0172 835 696 913 756
switch-right 0.0156 842 638 903 678
switch-right 0.0155 1308 749 1433 801
switch-right 0.0114 932 716 1054 774
switch-right 0.0085 991 670 1061 708
switch-right 0.0074 931 680 1006 721
switch-right 0.0069 929 694 1017 739
switch-right 0.0067 814 757 927 918
switch-right 0.0058 779 712 882 792
switch-right 0.0057 801 693 921 779
switch-right 0.0052 1300 758 1516 841
switch-right 0.0044 836 671 908 726
switch-right 0.0040 954 681 1041 718
switch-right 0.0039 1303 722 1404 774
switch-right 0.0033 1350 770 1494 824
switch-right 0.0033 928 662 994 698
switch-right 0.0029 965 656 1108 725
switch-right 0.0028 1330 762 1589 867
switch-right 0.0027 1080 808 1255 957
switch-right 0.0014 853 643 910 694
switch-right 0.0012 1294 711 1409 753
switch-right 0.0011 893 748 989 842
switch-right 0.0011 1385 777 1569 843
switch-unknown 0.1365 845 607 901 638
switch-unknown 0.0758 822 586 887 614
switch-unknown 0.0621 809 582 861 607
switch-unknown 0.0470 869 598 914 623
switch-unknown 0.0207 834 591 896 622
switch-unknown 0.0168 882 606 925 638
switch-unknown 0.0148 1161 681 1281 728
switch-unknown 0.0127 1116 635 1182 661
switch-unknown 0.0122 850 581 892 606
switch-unknown 0.0112 804 602 860 636
switch-unknown 0.0092 1083 632 1155 660
switch-unknown 0.0086 1131 641 1198 676
switch-unknown 0.0081 778 569 837 605
switch-unknown 0.0053 877 592 947 620
switch-unknown 0.0030 1023 612 1101 641
switch-unknown 0.0030 993 604 1129 643
switch-unknown 0.0026 985 600 1062 638
switch-unknown 0.0025 1186 670 1268 704
switch-unknown 0.0020 1006 606 1079 642
switch-unknown 0.0020 1050 620 1125 648
switch-unknown 0.0019 910 587 985 617
switch-unknown 0.0018 767 565 806 605
switch-unknown 0.0016 1089 622 1142 655
switch-unknown 0.0014 976 590 1060 620
switch-unknown 0.0013 962 598 1033 637
switch-unknown 0.0012 931 583 1009 614
switch-unknown 0.0011 954 584 1039 614
switch-unknown 0.0010 936 598 999 645
switch-static 0.1254 1079 687 1134 714
switch-static 0.0838 914 720 962 749
switch-static 0.0656 1222 781 1293 806
switch-static 0.0473 1149 634 1182 654
switch-static 0.0445 1273 656 1305 683
switch-static 0.0327 1062 694 1136 731
switch-static 0.0204 1009 703 1099 748
switch-static 0.0203 1044 659 1079 682
switch-static 0.0190 1117 635 1184 659
switch-static 0.0139 1014 662 1077 697
switch-static 0.0129 1052 666 1116 698
switch-static 0.0114 1215 766 1308 806
switch-static 0.0111 1028 671 1195 758
switch-static 0.0110 1088 679 1156 714
switch-static 0.0102 1092 991 1144 1024
switch-static 0.0094 1022 673 1097 720
switch-static 0.0086 1082 657 1151 699
switch-static 0.0085 1087 697 1166 740
switch-static 0.0079 662 862 754 905
switch-static 0.0073 1249 659 1303 685
switch-static 0.0068 1022 634 1060 655
switch-static 0.0056 1038 638 1097 675
switch-static 0.0056 1066 631 1132 657
switch-static 0.0048 1178 776 1293 856
switch-static 0.0044 1061 681 1153 751
switch-static 0.0044 1254 661 1317 703
switch-static 0.0042 1186 628 1229 647
switch-static 0.0041 1096 720 1170 776
switch-static 0.0041 1146 762 1271 836
switch-static 0.0036 1071 715 1150 769
switch-static 0.0036 1152 625 1211 651
switch-static 0.0034 840 730 975 808
switch-static 0.0029 1169 776 1246 818
switch-static 0.0029 920 714 1013 758
switch-static 0.0027 785 602 832 643
switch-static 0.0026 1167 793 1248 853
switch-static 0.0025 1087 980 1172 1037
switch-static 0.0025 1117 749 1190 798
switch-static 0.0025 1009 633 1049 658
switch-static 0.0020 1103 711 1207 772
switch-static 0.0018 1302 869 1458 951
switch-static 0.0018 1275 842 1432 917
switch-static 0.0018 893 728 992 792
switch-static 0.0017 1033 976 1137 1049
switch-static 0.0016 1455 778 1583 826
switch-static 0.0015 1270 611 1321 643
switch-static 0.0015 1202 626 1260 648
switch-static 0.0014 1104 691 1223 740
switch-static 0.0011 1301 839 1411 893
switch-static 0.0011 1415 726 1493 763
switch-static 0.0011 1226 621 1299 658
switch-static 0.0010 1335 863 1422 916
switch-static 0.0010 1313 713 1393 747
switch-static 0.0010 1185 744 1303 813
track-sign-front 0.0039 1267 579 1299 599
track-sign-front 0.0015 1092 998 1141 1037
track-signal-front 0.0352 1641 389 1660 439
track-signal-front 0.0046 1634 377 1662 450
track-signal-front 0.0029 1638 367 1657 432
track-signal-front 0.0011 1634 409 1659 480
track-signal-front 0.0010 1633 388 1667 497
pole 0.2494 1449 322 1479 724
pole 0.0637 1111 402 1132 613
pole 0.0482 867 457 880 589
pole 0.0190 1440 316 1530 732
pole 0.0160 810 330 837 571
pole 0.0143 863 377 881 590
pole 0.0123 872 463 891 587
pole 0.0100 841 454 877 590
pole 0.0096 1095 409 1137 622
pole 0.0091 1118 452 1143 630
pole 0.0091 1444 423 1471 718
pole 0.0083 1450 332 1669 735
pole 0.0083 1117 309 1137 617
pole 0.0078 812 313 862 593
pole 0.0078 830 329 871 576
pole 0.0073 854 330 883 585
pole 0.0073 865 480 887 603
pole 0.0053 1382 430 1815 772
pole 0.0049 1106 203 1141 648
pole 0.0046 1040 463 1054 594
pole 0.0042 1120 436 1136 585
pole 0.0034 1121 538 1144 631
pole 0.0030 1079 417 1124 603
pole 0.0029 1114 419 1130 566
pole 0.0027 883 389 906 579
pole 0.0025 1429 196 1591 771
pole 0.0024 1433 73 1497 788
pole 0.0024 801 368 828 598
pole 0.0023 833 414 885 611
pole 0.0021 1087 67 1161 668
pole 0.0021 1346 410 1376 639
pole 0.0020 809 384 849 624
pole 0.0019 801 463 849 581
pole 0.0018 1430 246 1473 717
pole 0.0016 0 253 26 563
pole 0.0014 1453 526 1481 727
pole 0.0013 1041 417 1078 600
pole 0.0013 1135 404 1183 603
pole 0.0012 1058 83 1127 645
pole 0.0012 1166 408 1200 598
pole 0.0012 1119 319 1171 634
pole 0.0011 1105 531 1142 630
pole 0.0011 1415 384 1487 717
pole 0.0011 1034 372 1057 604
pole 0.0010 1091 459 1162 629
rail-occluder 0.0288 1629 715 1654 789
rail-occluder 0.0129 1435 330 1677 774
rail-occluder 0.0047 1626 706 1649 754
rail-occluder 0.0035 1273 637 1319 681
rail-occluder 0.0031 1632 737 1672 796
rail-occluder 0.0026 1121 563 1144 630
rail-occluder 0.0024 1590 697 1704 792
rail-occluder 0.0021 1631 711 1675 777
rail-occluder 0.0021 1188 622 1237 648
rail-occluder 0.0018 1232 615 1297 642
rail-occluder 0.0014 1609 700 1648 744
rail-occluder 0.0012 1152 620 1215 651
rail-occluder 0.0011 1110 608 1163 662
rail-occluder 0.0010 1614 706 1661 758
