rail 0.9334 689 563 1046 1070
rail 0.1164 11 584 832 768
rail 0.0784 1185 562 1789 668
rail 0.0226 3 632 529 780
rail 0.0090 350 576 848 708
rail 0.0060 1 655 340 861
rail 0.0050 29 539 956 861
rail 0.0046 142 488 467 794
rail 0.0042 321 560 906 813
rail 0.0037 140 601 765 711
rail 0.0029 1212 515 1857 701
rail 0.0028 0 608 496 906
rail 0.0019 1350 586 1857 686
rail 0.0019 410 542 952 682
rail 0.0018 -1 654 247 791
rail 0.0017 108 634 693 866
rail 0.0015 0 609 349 750
rail 0.0014 2 677 191 860
rail 0.0013 1319 566 1675 637
rail 0.0011 1192 461 1777 651
rail 0.0010 1091 533 1644 638
rail 0.0010 206 623 706 762
rail 0.0010 399 596 730 692
track-sign-front 0.0332 1048 551 1058 570
track-sign-front 0.0304 1135 546 1151 578
track-sign-front 0.0084 1140 575 1152 610
track-sign-front 0.0066 1339 620 1352 682
track-sign-front 0.0052 277 681 303 731
track-sign-front 0.0037 1338 595 1353 705
track-sign-front 0.0019 1334 544 1350 604
track-sign-front 0.0018 239 680 329 730
track-sign-front 0.0015 1047 551 1060 583
track-sign-front 0.0014 990 555 1013 589
track-sign-front 0.0013 1043 568 1056 606
track-sign-front 0.0012 757 553 770 587
track-sign-front 0.0012 814 563 833 590
track-sign-front 0.0011 1336 557 1351 626
track-sign-front 0.0010 901 507 914 586
track-signal-front 0.4403 987 511 1001 543
track-signal-front 0.0038 983 549 1004 583
track-signal-front 0.0026 990 525 1007 571
track-signal-front 0.0025 1009 486 1032 516
track-signal-front 0.0016 1018 489 1035 512
track-signal-front 0.0015 981 509 1008 542
track-signal-front 0.0014 967 512 1008 586
track-signal-front 0.0010 1015 482 1034 507
track-signal-back 0.0498 1135 547 1150 577
track-signal-back 0.0338 1102 536 1114 560
track-signal-back 0.0158 1100 526 1112 555
track-signal-back 0.0025 1134 525 1150 567
track-signal-back 0.0017 1101 505 1115 527
pole 0.0561 228 18 346 966
pole 0.0127 404 564 417 681
pole 0.0050 1333 497 1345 606
pole 0.0034 1292 502 1306 602
pole 0.0034 123 302 494 948
pole 0.0027 1333 496 1348 698
pole 0.0023 1337 531 1352 722
pole 0.0022 506 443 522 615
pole 0.0018 903 478 913 581
pole 0.0016 1333 547 1347 644
pole 0.0015 509 467 520 587
pole 0.0014 1335 570 1348 679
pole 0.0013 149 25 319 1005
rail-occluder 0.0031 27 658 306 850
rail-occluder 0.0029 425 639 460 666
rail-occluder 0.0023 402 619 426 674
rail-occluder 0.0014 432 635 475 663
rail-occluder 0.0013 147 673 200 812
rail-occluder 0.0011 418 639 471 676
