crossing 0.0034 1031 707 1069 733
guard-rail 0.0142 999 779 1072 824
guard-rail 0.0120 703 833 747 886
guard-rail 0.0090 1012 848 1042 892
guard-rail 0.0089 1006 854 1034 912
guard-rail 0.0088 977 754 1051 1059
guard-rail 0.0068 690 844 730 921
guard-rail 0.0064 691 872 717 942
guard-rail 0.0057 677 816 775 880
guard-rail 0.0051 1021 759 1089 819
guard-rail 0.0044 1022 813 1060 860
guard-rail 0.0043 581 798 677 881
guard-rail 0.0041 926 776 1058 1000
guard-rail 0.0037 691 758 759 818
guard-rail 0.0035 697 847 748 910
guard-rail 0.0031 967 783 1033 823
guard-rail 0.0028 722 758 786 818
guard-rail 0.0028 699 773 754 846
guard-rail 0.0024 1033 777 1080 837
guard-rail 0.0024 664 751 747 835
guard-rail 0.0023 994 812 1056 858
guard-rail 0.0023 1005 813 1045 954
guard-rail 0.0021 682 871 723 983
guard-rail 0.0020 998 863 1038 944
guard-rail 0.0020 655 748 791 869
guard-rail 0.0020 993 996 1020 1073
guard-rail 0.0019 611 760 700 834
guard-rail 0.0018 690 744 764 790
guard-rail 0.0018 983 967 1013 1067
guard-rail 0.0017 717 736 787 798
guard-rail 0.0017 713 826 782 870
guard-rail 0.0016 887 918 1036 1073
guard-rail 0.0016 609 801 748 1053
guard-rail 0.0016 581 892 605 983
guard-rail 0.0015 836 915 977 1061
guard-rail 0.0015 700 741 806 838
guard-rail 0.0014 1038 809 1070 849
guard-rail 0.0014 635 755 726 869
guard-rail 0.0012 969 911 1020 1061
guard-rail 0.0012 652 875 716 939
guard-rail 0.0011 960 854 1039 920
guard-rail 0.0011 693 880 743 936
guard-rail 0.0010 549 953 577 1072
guard-rail 0.0010 980 934 1015 1042
guard-rail 0.0010 724 846 791 905
guard-rail 0.0010 680 848 758 971
rail 0.8892 827 720 1073 1077
rail 0.6820 552 709 926 1076
rail 0.4395 884 716 1050 765
rail 0.3719 581 709 878 872
rail 0.2337 864 719 982 758
rail 0.1959 566 716 721 987
rail 0.0950 872 725 932 754
rail 0.0572 591 791 695 882
rail 0.0461 925 723 1073 801
rail 0.0447 838 719 919 751
rail 0.0360 906 729 1030 784
rail 0.0323 782 716 929 756
rail 0.0274 703 712 946 768
rail 0.0269 921 721 1011 763
rail 0.0167 994 743 1077 812
rail 0.0166 586 727 796 823
rail 0.0129 838 807 1007 1055
rail 0.0121 532 739 687 1053
rail 0.0120 572 760 776 1077
rail 0.0118 924 765 1059 1090
rail 0.0117 604 742 768 874
rail 0.0100 1007 729 1109 817
rail 0.0089 628 726 786 779
rail 0.0080 609 698 968 776
rail 0.0069 649 713 862 783
rail 0.0066 970 722 1053 763
rail 0.0066 698 764 979 1075
rail 0.0063 738 695 942 752
rail 0.0058 584 765 690 844
rail 0.0056 838 700 1099 816
rail 0.0056 866 737 966 767
rail 0.0055 619 783 793 895
rail 0.0050 810 710 895 749
rail 0.0044 667 708 928 811
rail 0.0042 728 710 887 751
rail 0.0034 841 706 951 761
rail 0.0032 756 719 841 759
rail 0.0028 568 669 925 805
rail 0.0027 845 719 997 963
rail 0.0027 822 913 1011 1075
rail 0.0026 520 476 928 1025
rail 0.0024 961 707 1095 1034
rail 0.0024 960 763 1033 805
rail 0.0023 696 727 806 813
rail 0.0023 553 887 749 1080
rail 0.0020 583 742 684 800
rail 0.0019 714 657 1111 1046
rail 0.0018 706 723 806 774
rail 0.0018 1027 751 1139 833
rail 0.0017 605 732 723 810
rail 0.0016 825 754 939 1069
rail 0.0016 778 725 922 786
rail 0.0016 948 839 1037 1078
rail 0.0016 1012 729 1071 763
rail 0.0015 669 746 746 789
rail 0.0014 672 727 741 769
rail 0.0014 996 766 1057 1053
rail 0.0014 439 808 685 1081
rail 0.0013 591 615 985 854
rail 0.0012 1026 737 1192 853
rail 0.0012 930 763 985 800
rail 0.0011 363 723 795 1073
rail 0.0011 958 697 1072 774
rail 0.0010 779 671 1042 857
rail 0.0010 861 961 1059 1079
rail 0.0010 527 479 706 1055
rail 0.0010 1028 724 1083 769
switch-indicator 0.0015 805 743 844 766
switch-left 0.2050 582 821 697 888
switch-left 0.0326 871 737 926 762
switch-left 0.0107 840 891 1010 1022
switch-left 0.0082 571 835 727 918
switch-left 0.0052 998 779 1070 822
switch-left 0.0044 835 928 1025 1070
switch-left 0.0020 591 780 752 886
switch-left 0.0016 560 826 729 984
switch-left 0.0016 862 771 938 806
switch-right 0.2400 583 813 695 882
switch-right 0.0492 872 737 926 760
switch-right 0.0217 995 771 1072 816
switch-right 0.0068 985 735 1054 809
switch-right 0.0017 860 769 939 804
switch-unknown 0.1444 870 727 929 756
switch-unknown 0.0451 884 718 958 755
switch-unknown 0.0362 845 720 918 750
switch-unknown 0.0255 909 715 980 757
switch-unknown 0.0081 958 714 1025 749
switch-unknown 0.0069 934 710 1003 756
switch-unknown 0.0040 983 724 1049 757
switch-unknown 0.0037 768 719 831 760
switch-unknown 0.0037 984 715 1047 743
switch-unknown 0.0033 747 725 814 761
switch-unknown 0.0022 1014 727 1067 757
switch-unknown 0.0021 741 735 807 788
switch-unknown 0.0015 722 725 791 767
switch-unknown 0.0010 699 726 759 767
switch-static 0.0161 929 735 1003 785
switch-static 0.0155 942 763 998 797
switch-static 0.0149 920 737 981 771
switch-static 0.0137 761 849 792 883
switch-static 0.0081 744 842 788 886
switch-static 0.0045 964 760 1030 810
switch-static 0.0042 755 839 800 873
switch-static 0.0039 954 724 1022 800
switch-static 0.0035 715 831 780 869
switch-static 0.0034 530 790 573 827
switch-static 0.0031 750 851 803 895
switch-static 0.0028 513 845 563 880
switch-static 0.0014 515 814 566 873
switch-static 0.0011 949 791 1001 824
switch-static 0.0011 820 740 885 771
track-sign-front 0.0172 1048 700 1071 721
track-sign-front 0.0089 1052 692 1076 722
track-sign-front 0.0077 1290 754 1333 834
track-sign-front 0.0076 531 792 563 823
track-sign-front 0.0021 535 788 578 817
track-sign-front 0.0012 1101 675 1129 715
track-sign-front 0.0010 1062 655 1110 731
track-signal-back 0.1065 1003 647 1014 668
track-signal-back 0.1016 954 620 968 676
track-signal-back 0.0355 717 594 734 648
track-signal-back 0.0165 813 520 841 557
track-signal-back 0.0093 1002 644 1014 681
track-signal-back 0.0077 952 585 970 684
track-signal-back 0.0029 712 563 733 650
track-signal-back 0.0020 774 577 787 647
track-signal-back 0.0018 818 520 847 577
track-signal-back 0.0016 956 575 974 656
track-signal-back 0.0014 978 602 1009 669
track-signal-back 0.0010 817 491 844 657
pole 0.5982 814 523 843 766
pole 0.1644 772 557 788 757
pole 0.0624 956 636 967 752
pole 0.0566 805 551 829 768
pole 0.0504 826 534 862 760
pole 0.0390 953 605 969 722
pole 0.0304 840 555 868 739
pole 0.0269 954 628 966 703
pole 0.0265 1072 556 1099 752
pole 0.0152 771 625 784 748
pole 0.0151 764 568 783 761
pole 0.0124 775 571 787 700
pole 0.0079 834 627 857 753
pole 0.0063 805 656 860 770
pole 0.0057 563 333 721 1061
pole 0.0056 909 606 933 734
pole 0.0050 808 613 841 758
pole 0.0041 736 530 789 787
pole 0.0038 591 372 690 948
pole 0.0038 493 257 598 1064
pole 0.0038 799 496 854 770
pole 0.0038 946 569 978 748
pole 0.0037 805 697 852 750
pole 0.0035 706 671 883 791
pole 0.0034 717 599 736 669
pole 0.0032 844 610 878 732
pole 0.0031 547 396 666 997
pole 0.0027 606 450 777 960
pole 0.0026 999 641 1026 742
pole 0.0022 889 615 919 727
pole 0.0019 1060 603 1098 734
pole 0.0018 713 559 743 782
pole 0.0018 1166 98 1253 1013
pole 0.0017 816 510 846 649
pole 0.0016 443 328 575 1082
pole 0.0015 789 703 831 749
pole 0.0015 753 626 783 755
pole 0.0014 764 528 798 750
pole 0.0014 457 212 789 1044
pole 0.0014 751 596 804 780
pole 0.0013 650 606 840 857
pole 0.0013 970 627 1021 752
pole 0.0012 671 427 739 812
pole 0.0012 1055 564 1110 822
pole 0.0012 641 426 862 899
pole 0.0011 482 360 560 959
pole 0.0010 899 651 947 747
pole 0.0010 756 702 807 759
pole 0.0010 407 124 664 1080
rail-occluder 0.0094 821 718 891 755
rail-occluder 0.0062 804 716 852 757
rail-occluder 0.0050 828 709 874 746
