crossing 0.0016 1191 442 1239 469
crossing 0.0015 1199 460 1260 499
crossing 0.0010 1201 439 1262 472
guard-rail 0.0022 1198 470 1254 529
guard-rail 0.0020 1196 475 1236 514
rail 0.9507 689 430 1260 1071
rail 0.9323 1201 427 1915 1079
rail 0.0015 809 463 1069 1048
rail 0.0014 1381 457 1656 1050
rail 0.0011 1480 496 1696 1017
switch-unknown 0.0022 1195 466 1236 498
track-sign-front 0.0361 1006 438 1019 457
track-sign-front 0.0059 1001 433 1019 463
track-sign-front 0.0058 999 430 1017 451
track-sign-front 0.0054 1057 387 1075 456
track-sign-front 0.0036 1055 367 1076 426
track-sign-front 0.0032 1052 398 1071 425
track-sign-front 0.0022 1330 440 1360 479
track-sign-front 0.0017 1061 391 1082 432
track-sign-front 0.0011 1311 415 1348 464
track-sign-front 0.0010 1051 429 1072 473
track-signal-front 0.6255 1056 363 1075 386
track-signal-front 0.0487 1219 367 1233 385
track-signal-front 0.0170 1059 359 1078 381
track-signal-front 0.0010 1055 359 1083 418
