crossing 0.0021 1848 684 1919 723
crossing 0.0011 1775 681 1894 726
guard-rail 0.0044 977 500 1058 569
guard-rail 0.0039 1002 515 1084 568
guard-rail 0.0019 955 501 1035 554
guard-rail 0.0012 850 568 893 607
rail 0.9057 877 482 1922 1058
rail 0.8892 693 467 1065 1074
rail 0.5835 842 482 1152 591
rail 0.5532 696 461 883 1083
rail 0.4998 810 480 958 585
rail 0.3683 1029 507 1920 807
rail 0.2335 1328 574 1918 756
rail 0.1307 813 474 843 495
rail 0.0998 798 538 882 597
rail 0.0973 798 469 842 492
rail 0.0833 809 475 852 507
rail 0.0774 867 477 978 520
rail 0.0726 821 483 928 543
rail 0.0664 863 477 1063 545
rail 0.0589 808 490 893 586
rail 0.0506 1486 626 1920 744
rail 0.0422 814 478 882 533
rail 0.0356 874 476 934 503
rail 0.0354 892 481 948 505
rail 0.0306 937 509 1191 605
rail 0.0256 845 491 933 567
rail 0.0237 837 486 997 555
rail 0.0229 828 478 920 510
rail 0.0213 836 508 1018 596
rail 0.0200 812 486 872 517
rail 0.0181 834 489 920 525
rail 0.0154 938 489 1096 585
rail 0.0147 1573 640 1905 714
rail 0.0114 796 469 863 582
rail 0.0108 794 470 843 514
rail 0.0096 906 478 965 509
rail 0.0064 1382 611 1917 850
rail 0.0060 971 518 1114 576
rail 0.0046 1484 586 1915 698
rail 0.0042 555 457 950 1079
rail 0.0039 802 463 862 526
rail 0.0037 779 460 836 488
rail 0.0035 746 466 822 492
rail 0.0035 776 445 842 496
rail 0.0031 916 466 1116 552
rail 0.0030 1698 634 1921 764
rail 0.0030 1580 650 1921 812
rail 0.0029 908 473 1020 514
rail 0.0022 818 417 876 505
rail 0.0021 1256 556 1680 736
rail 0.0021 992 486 1235 590
rail 0.0020 961 483 1288 663
rail 0.0020 1021 517 1097 564
rail 0.0018 817 447 875 489
rail 0.0017 1559 645 1778 697
rail 0.0017 1764 661 1920 752
rail 0.0016 790 470 1005 626
rail 0.0015 878 548 1113 613
rail 0.0013 1756 665 1922 847
rail 0.0013 1578 545 1926 747
rail 0.0012 1327 506 1886 669
rail 0.0011 1578 666 1893 752
rail 0.0011 769 411 1236 746
rail 0.0010 894 460 946 490
switch-indicator 0.6471 1202 774 1252 902
switch-indicator 0.0443 932 543 958 574
switch-indicator 0.0143 907 528 959 578
switch-indicator 0.0089 885 521 973 584
switch-indicator 0.0074 939 532 969 570
switch-indicator 0.0042 910 495 978 547
switch-indicator 0.0028 881 497 958 540
switch-indicator 0.0025 1174 772 1247 877
switch-indicator 0.0023 1560 601 1591 627
switch-indicator 0.0019 927 523 983 577
switch-indicator 0.0016 1197 742 1253 852
switch-indicator 0.0015 939 473 984 503
switch-indicator 0.0014 1143 767 1255 912
switch-left 0.3905 796 551 880 593
switch-left 0.0977 1109 577 1211 613
switch-left 0.0480 1045 560 1170 598
switch-left 0.0246 957 514 1162 596
switch-left 0.0202 1008 544 1159 591
switch-left 0.0029 1120 588 1217 621
switch-left 0.0027 1149 589 1258 623
switch-left 0.0021 760 557 872 613
switch-left 0.0015 1113 577 1273 632
switch-left 0.0011 804 552 957 625
switch-right 0.4187 798 551 878 594
switch-right 0.1083 1110 577 1210 612
switch-right 0.0390 1048 561 1167 599
switch-right 0.0134 1020 548 1149 588
switch-right 0.0128 999 531 1122 582
switch-right 0.0036 1004 530 1091 565
switch-right 0.0034 1147 589 1260 622
switch-right 0.0019 1125 590 1212 619
switch-unknown 0.0946 896 486 951 506
switch-unknown 0.0661 811 478 848 500
switch-unknown 0.0490 905 489 966 511
switch-unknown 0.0442 878 477 933 501
switch-unknown 0.0398 809 466 840 487
switch-unknown 0.0278 909 480 962 504
switch-unknown 0.0037 925 490 998 522
switch-unknown 0.0032 899 448 939 495
switch-unknown 0.0015 929 497 1013 546
switch-static 0.3868 735 563 780 596
switch-static 0.3867 1015 581 1081 608
switch-static 0.3464 904 575 958 600
switch-static 0.1561 1132 862 1190 904
switch-static 0.0893 1018 575 1111 605
switch-static 0.0381 1177 792 1255 905
switch-static 0.0269 880 569 936 599
switch-static 0.0266 918 579 992 605
switch-static 0.0175 1883 842 1920 869
switch-static 0.0116 1574 677 1660 717
switch-static 0.0114 719 570 776 606
switch-static 0.0101 953 584 1027 608
switch-static 0.0079 1558 603 1591 626
switch-static 0.0058 1591 689 1658 721
switch-static 0.0057 1010 558 1131 607
switch-static 0.0053 1125 815 1241 906
switch-static 0.0050 1113 845 1190 910
switch-static 0.0041 1085 875 1174 940
switch-static 0.0040 742 549 802 588
switch-static 0.0034 980 567 1080 609
switch-static 0.0034 1560 670 1648 707
switch-static 0.0030 1159 590 1250 619
switch-static 0.0027 1160 759 1282 903
switch-static 0.0026 902 558 968 605
switch-static 0.0026 1860 834 1921 872
switch-static 0.0025 747 466 812 492
switch-static 0.0022 791 558 855 595
switch-static 0.0018 1044 858 1197 936
switch-static 0.0017 1132 577 1215 605
switch-static 0.0014 701 540 768 589
switch-static 0.0014 675 585 743 617
switch-static 0.0013 1513 600 1588 635
switch-static 0.0013 1086 899 1157 948
switch-static 0.0013 1872 828 1919 893
switch-static 0.0010 856 548 1095 629
switch-static 0.0010 1394 599 1458 631
switch-static 0.0010 749 477 812 505
switch-static 0.0010 1379 597 1434 627
track-sign-front 0.4988 341 657 393 714
track-sign-front 0.0427 344 653 390 687
track-sign-front 0.0131 338 673 395 738
track-sign-front 0.0051 742 469 777 493
track-sign-front 0.0038 1200 854 1249 897
track-sign-front 0.0034 745 480 766 498
track-sign-front 0.0029 735 455 755 488
track-sign-front 0.0029 1137 673 1162 711
track-sign-front 0.0029 726 439 744 470
track-sign-front 0.0025 728 444 773 492
track-sign-front 0.0018 1004 478 1028 503
track-sign-front 0.0015 1683 483 1710 513
track-sign-front 0.0010 338 619 402 731
track-signal-back 0.2137 805 402 815 424
track-signal-back 0.0671 805 396 815 414
track-signal-back 0.0302 857 402 868 431
track-signal-back 0.0253 864 390 882 484
track-signal-back 0.0211 862 389 881 438
track-signal-back 0.0147 802 401 816 433
track-signal-back 0.0114 854 397 871 461
track-signal-back 0.0102 799 402 826 451
track-signal-back 0.0080 918 402 934 426
track-signal-back 0.0059 869 391 880 413
track-signal-back 0.0048 767 401 787 453
track-signal-back 0.0039 923 404 939 424
track-signal-back 0.0035 762 397 788 435
track-signal-back 0.0020 862 381 904 487
track-signal-back 0.0020 906 395 937 458
track-signal-back 0.0016 759 353 779 410
track-signal-back 0.0014 866 384 908 434
track-signal-back 0.0013 808 389 826 411
track-signal-back 0.0010 852 388 868 414
track-signal-back 0.0010 756 371 777 442
pole 0.0187 864 394 884 496
pole 0.0014 869 417 928 509
rail-occluder 0.0015 1112 449 1226 508
