guard-rail 0.6355 1250 778 1263 844
guard-rail 0.1902 1282 694 1333 722
guard-rail 0.1639 1256 782 1266 844
guard-rail 0.1603 951 708 1003 737
guard-rail 0.0838 970 698 1017 726
guard-rail 0.0712 985 701 1039 731
guard-rail 0.0673 957 699 1001 730
guard-rail 0.0509 1087 691 1123 734
guard-rail 0.0469 1247 748 1258 845
guard-rail 0.0440 1268 677 1325 716
guard-rail 0.0343 1065 691 1127 724
guard-rail 0.0316 1004 697 1061 733
guard-rail 0.0256 959 705 1022 751
guard-rail 0.0235 1015 677 1071 715
guard-rail 0.0202 1292 683 1334 716
guard-rail 0.0187 1251 719 1262 850
guard-rail 0.0182 1052 778 1063 832
guard-rail 0.0177 994 713 1035 749
guard-rail 0.0174 1197 657 1252 697
guard-rail 0.0167 1275 668 1328 697
guard-rail 0.0158 1242 775 1271 848
guard-rail 0.0153 1111 691 1128 748
guard-rail 0.0148 1117 705 1132 750
guard-rail 0.0106 964 692 1058 732
guard-rail 0.0097 1218 643 1299 1009
guard-rail 0.0090 1265 727 1285 757
guard-rail 0.0089 1120 713 1136 765
guard-rail 0.0085 1044 669 1108 717
guard-rail 0.0084 1241 789 1259 859
guard-rail 0.0078 1029 662 1065 696
guard-rail 0.0073 1274 681 1334 732
guard-rail 0.0068 927 715 994 752
guard-rail 0.0068 1011 711 1061 752
guard-rail 0.0067 1242 715 1253 845
guard-rail 0.0063 1256 697 1268 798
guard-rail 0.0052 1045 691 1105 730
guard-rail 0.0050 1251 664 1270 833
guard-rail 0.0048 1276 714 1333 747
guard-rail 0.0045 1147 667 1185 704
guard-rail 0.0043 1172 687 1199 754
guard-rail 0.0042 1162 658 1212 717
guard-rail 0.0039 939 700 1007 745
guard-rail 0.0033 1296 667 1343 703
guard-rail 0.0029 1147 678 1195 759
guard-rail 0.0028 1181 680 1214 736
guard-rail 0.0027 1257 797 1272 867
guard-rail 0.0026 1219 675 1254 730
guard-rail 0.0026 1196 795 1236 846
guard-rail 0.0024 1259 729 1276 786
guard-rail 0.0022 1268 687 1350 751
guard-rail 0.0019 1142 712 1181 766
guard-rail 0.0017 1125 738 1149 798
guard-rail 0.0017 998 664 1048 709
guard-rail 0.0017 943 740 998 765
guard-rail 0.0016 1104 656 1155 726
guard-rail 0.0016 975 702 1073 748
guard-rail 0.0016 1246 679 1265 763
guard-rail 0.0015 1161 679 1209 795
guard-rail 0.0012 1039 706 1074 761
guard-rail 0.0011 1216 663 1266 714
guard-rail 0.0010 1242 654 1267 791
train-car 0.0251 1078 580 1113 610
train-car 0.0080 1076 589 1138 618
train-car 0.0025 1066 572 1102 616
train-car 0.0011 1077 550 1132 615
platform 0.7345 1208 625 1926 933
platform 0.0563 1598 647 1919 694
platform 0.0435 1607 640 1915 673
platform 0.0081 1487 627 1919 677
platform 0.0071 1683 674 1926 722
platform 0.0036 1550 636 1924 753
platform 0.0031 1218 616 1863 771
rail 0.9336 372 627 1118 1075
rail 0.9280 1101 617 1352 1079
rail 0.9093 1025 610 1263 1078
rail 0.8919 1109 611 1917 1077
rail 0.5208 1291 625 1919 754
rail 0.2220 1223 616 1924 861
rail 0.1264 1556 669 1921 750
rail 0.0819 1469 637 1927 700
rail 0.0442 1278 598 1923 699
rail 0.0426 1651 698 1920 763
rail 0.0220 1063 656 1130 722
rail 0.0146 1643 673 1914 727
rail 0.0090 1087 604 1122 625
rail 0.0084 1131 609 1206 634
rail 0.0069 1729 712 1919 777
rail 0.0061 1091 607 1135 630
rail 0.0057 1163 611 1296 645
rail 0.0053 1539 633 1906 675
rail 0.0048 1798 723 1917 761
rail 0.0046 1081 621 1292 720
rail 0.0040 1127 631 1267 700
rail 0.0039 1732 702 1924 747
rail 0.0037 1063 619 1142 737
rail 0.0033 1107 601 1149 630
rail 0.0029 1606 623 1920 663
rail 0.0028 1167 626 1220 658
rail 0.0027 1011 635 1152 1080
rail 0.0026 1142 593 1320 782
rail 0.0026 1179 641 1271 900
rail 0.0026 1122 645 1313 896
rail 0.0025 1807 731 1921 781
rail 0.0023 1859 958 1918 1078
rail 0.0021 1133 602 1280 632
rail 0.0020 1045 691 1105 730
rail 0.0019 1567 674 1920 850
rail 0.0018 1228 635 1260 863
rail 0.0017 568 837 1019 1087
rail 0.0017 1123 619 1215 675
rail 0.0016 1103 603 1240 653
rail 0.0015 1141 662 1191 713
rail 0.0014 1155 617 1291 671
rail 0.0012 639 726 854 1002
rail 0.0012 1074 588 1169 642
rail 0.0011 1077 520 1921 796
rail 0.0011 1097 590 1171 625
rail 0.0011 1141 599 1697 676
rail 0.0011 1167 653 1224 689
rail 0.0011 1095 656 1161 726
rail 0.0010 1083 647 1169 699
rail 0.0010 1133 655 1197 693
rail 0.0010 1645 711 1924 803
rail 0.0010 1514 670 1852 723
rail 0.0010 1878 733 1920 784
switch-indicator 0.5814 766 946 875 1059
switch-indicator 0.0128 752 941 835 1044
switch-indicator 0.0071 1028 624 1055 672
switch-indicator 0.0042 784 947 873 1012
switch-indicator 0.0029 849 724 868 750
switch-indicator 0.0023 695 941 854 1063
switch-indicator 0.0016 807 966 876 1068
switch-indicator 0.0012 760 943 817 994
switch-left 0.0575 1202 659 1255 693
switch-left 0.0340 1065 667 1127 716
switch-left 0.0220 1066 690 1125 724
switch-left 0.0190 1198 645 1262 702
switch-left 0.0036 1046 672 1106 715
switch-right 0.3257 1199 656 1255 684
switch-right 0.3169 1072 660 1123 685
switch-right 0.1833 1065 664 1124 703
switch-right 0.0220 1085 652 1128 678
switch-right 0.0133 1191 648 1279 698
switch-right 0.0051 1045 676 1107 712
switch-right 0.0020 1042 693 1107 728
switch-unknown 0.0232 1165 610 1205 634
switch-unknown 0.0136 1097 608 1135 628
switch-unknown 0.0131 1152 609 1192 631
switch-unknown 0.0074 1114 604 1142 626
switch-unknown 0.0057 1176 608 1239 641
switch-static 0.2177 760 944 871 1062
switch-static 0.0166 1206 655 1269 684
switch-static 0.0097 1252 646 1300 679
switch-static 0.0095 1279 621 1330 652
switch-static 0.0092 1139 657 1191 689
switch-static 0.0075 1166 652 1223 687
switch-static 0.0057 1167 619 1221 661
switch-static 0.0023 1092 649 1160 691
switch-static 0.0017 1036 625 1083 679
switch-static 0.0011 1142 614 1198 672
switch-static 0.0011 756 944 819 995
switch-static 0.0011 695 957 864 1086
switch-static 0.0010 1107 619 1160 678
track-sign-front 0.1684 1262 624 1285 654
track-sign-front 0.0431 1501 575 1518 628
track-sign-front 0.0359 1501 572 1517 601
track-sign-front 0.0200 0 487 49 610
track-sign-front 0.0145 850 726 868 746
track-sign-front 0.0140 1498 538 1519 636
track-sign-front 0.0136 1330 595 1347 651
track-sign-front 0.0124 1336 564 1348 635
track-sign-front 0.0105 1504 560 1523 608
track-sign-front 0.0074 964 610 990 639
track-sign-front 0.0070 1450 576 1461 626
track-sign-front 0.0044 1028 622 1050 656
track-sign-front 0.0044 679 670 696 699
track-sign-front 0.0036 1120 582 1146 623
track-sign-front 0.0034 965 614 980 645
track-sign-front 0.0030 1478 950 1521 989
track-sign-front 0.0024 1377 565 1389 630
track-sign-front 0.0022 1179 596 1233 630
track-sign-front 0.0016 954 605 975 646
track-signal-front 0.1184 1554 559 1566 587
track-signal-front 0.0309 1552 549 1567 598
track-signal-front 0.0223 1335 542 1348 625
track-signal-front 0.0185 1159 533 1172 555
track-signal-front 0.0156 1225 539 1236 557
track-signal-front 0.0146 1156 531 1174 571
track-signal-front 0.0136 1333 540 1348 585
track-signal-front 0.0109 1077 574 1107 605
track-signal-front 0.0058 1451 577 1462 623
track-signal-front 0.0055 1226 535 1241 554
track-signal-front 0.0051 1162 520 1190 591
track-signal-front 0.0046 1506 481 1527 586
track-signal-front 0.0044 1332 521 1349 603
track-signal-front 0.0031 1279 526 1299 637
track-signal-front 0.0030 1374 544 1389 627
track-signal-front 0.0023 1205 528 1239 570
track-signal-front 0.0019 1528 422 1555 634
track-signal-front 0.0018 1452 558 1464 594
track-signal-front 0.0017 1138 523 1169 585
track-signal-front 0.0016 1528 489 1560 568
track-signal-front 0.0015 1550 503 1568 556
track-signal-front 0.0015 1222 534 1238 564
track-signal-front 0.0014 1452 544 1466 583
track-signal-front 0.0013 1364 533 1389 591
track-signal-front 0.0012 1170 514 1197 558
track-signal-front 0.0011 1501 443 1521 575
track-signal-back 0.0020 1058 522 1082 597
track-signal-back 0.0014 1009 447 1034 486
track-signal-back 0.0012 1068 520 1101 607
pole 0.3524 1505 582 1517 695
pole 0.3309 1554 558 1564 687
pole 0.1377 1504 333 1520 679
pole 0.0501 1277 556 1292 655
pole 0.0492 1497 310 1524 703
pole 0.0401 1509 391 1529 706
pole 0.0337 1331 469 1349 649
pole 0.0290 1501 535 1521 676
pole 0.0199 1314 425 1336 649
pole 0.0148 1496 579 1529 714
pole 0.0083 1172 522 1191 629
pole 0.0083 1151 516 1184 634
pole 0.0067 1334 563 1349 640
pole 0.0067 1334 502 1346 622
pole 0.0058 1517 543 1580 719
pole 0.0053 1167 570 1194 639
pole 0.0049 1550 633 1565 696
pole 0.0048 1280 473 1299 654
pole 0.0043 1288 443 1323 653
pole 0.0037 1137 545 1192 641
pole 0.0035 1547 554 1574 695
pole 0.0029 1261 554 1287 660
pole 0.0028 1501 426 1545 722
pole 0.0025 1482 559 1523 692
pole 0.0023 1281 508 1294 624
pole 0.0018 1526 573 1598 694
pole 0.0017 1553 630 1572 703
pole 0.0017 1118 528 1160 631
pole 0.0016 1475 399 1521 726
pole 0.0016 1449 574 1463 631
pole 0.0014 1378 567 1393 629
rail-occluder 0.1919 1264 625 1286 654
rail-occluder 0.0652 1641 685 1663 709
rail-occluder 0.0626 1745 703 1757 721
rail-occluder 0.0489 1315 601 1348 652
rail-occluder 0.0449 1299 614 1334 650
rail-occluder 0.0217 1333 568 1347 648
rail-occluder 0.0161 1281 620 1332 653
rail-occluder 0.0109 1330 623 1347 647
rail-occluder 0.0109 1742 697 1765 721
rail-occluder 0.0054 1643 688 1672 718
rail-occluder 0.0044 1645 676 1672 702
rail-occluder 0.0043 1735 700 1769 729
rail-occluder 0.0041 1862 988 1917 1079
rail-occluder 0.0039 1293 589 1343 662
rail-occluder 0.0036 1554 631 1571 699
rail-occluder 0.0032 1274 560 1321 655
rail-occluder 0.0029 1626 679 1673 706
rail-occluder 0.0019 1261 597 1296 663
rail-occluder 0.0016 1269 639 1341 703
rail-occluder 0.0015 1723 695 1785 722
rail-occluder 0.0015 1577 683 1741 724
rail-occluder 0.0014 1551 672 1768 707
rail-occluder 0.0013 1325 567 1354 654
rail-occluder 0.0013 1240 601 1379 655
rail-occluder 0.0011 1880 726 1919 765
