crossing 0.7920 946 694 1210 871
crossing 0.4951 385 737 721 849
crossing 0.3324 240 718 905 868
crossing 0.2795 854 643 1207 947
crossing 0.2612 69 620 1073 1006
crossing 0.2142 1126 603 1212 627
crossing 0.0330 1050 536 1127 559
crossing 0.0291 930 806 1169 868
crossing 0.0174 1012 536 1078 557
crossing 0.0085 347 756 617 844
crossing 0.0060 466 744 654 842
crossing 0.0035 680 569 815 867
crossing 0.0035 481 691 770 854
crossing 0.0035 929 751 1142 865
crossing 0.0034 15 895 585 1071
crossing 0.0034 1000 555 1073 579
crossing 0.0034 1070 649 1204 688
crossing 0.0030 1165 524 1247 558
crossing 0.0029 1048 529 1093 556
crossing 0.0023 149 740 648 875
crossing 0.0023 30 933 494 1039
crossing 0.0022 984 514 1038 560
crossing 0.0021 960 826 1130 869
crossing 0.0020 997 527 1076 553
crossing 0.0018 1030 745 1213 870
crossing 0.0017 1051 544 1126 576
crossing 0.0014 1013 686 1211 782
crossing 0.0014 16 777 634 1037
crossing 0.0014 1015 543 1125 587
crossing 0.0013 1106 590 1210 645
crossing 0.0010 409 769 669 882
platform 0.8072 1281 788 1839 1080
platform 0.0304 691 536 1034 636
platform 0.0085 743 555 1085 678
platform 0.0071 709 557 840 762
platform 0.0057 599 555 958 678
platform 0.0033 630 505 928 732
platform 0.0019 1396 822 1712 1055
platform 0.0019 1300 686 1877 961
platform 0.0017 702 536 1129 753
platform 0.0014 1172 592 1857 1054
platform 0.0011 704 575 1005 660
rail 0.9293 783 524 1238 1073
rail 0.8617 0 546 1164 1067
rail 0.0974 1148 545 1231 576
rail 0.0244 1025 530 1197 563
rail 0.0115 1146 531 1239 593
rail 0.0112 1138 532 1230 559
rail 0.0038 1161 533 1282 571
rail 0.0038 1016 502 1240 570
rail 0.0031 1126 572 1228 627
rail 0.0030 1060 523 1216 556
rail 0.0023 1177 553 1265 594
rail 0.0021 2 763 642 1045
rail 0.0020 1147 554 1247 615
rail 0.0019 1010 533 1213 589
rail 0.0018 1110 532 1260 618
rail 0.0017 955 527 1250 645
rail 0.0016 1208 526 1309 560
rail 0.0016 859 539 1206 690
rail 0.0013 772 547 1072 654
rail 0.0010 1179 524 1290 551
rail 0.0010 948 564 1182 636
switch-indicator 0.0029 1322 654 1349 743
switch-indicator 0.0017 1264 660 1313 686
switch-right 0.0113 1139 601 1220 626
switch-unknown 0.1196 1151 550 1227 572
switch-unknown 0.0240 1138 540 1201 562
switch-unknown 0.0151 1106 535 1182 559
switch-unknown 0.0086 1144 530 1221 558
switch-unknown 0.0067 1069 533 1154 559
switch-unknown 0.0043 1133 529 1192 555
switch-unknown 0.0014 1112 506 1165 563
switch-unknown 0.0011 1189 557 1260 589
switch-unknown 0.0010 1157 575 1242 623
switch-static 0.0112 1260 687 1307 720
switch-static 0.0088 1262 660 1309 687
switch-static 0.0067 1262 695 1291 727
switch-static 0.0012 1221 587 1289 618
track-sign-front 0.0653 958 478 980 516
track-sign-front 0.0286 606 199 630 224
track-sign-front 0.0233 992 520 1014 550
track-sign-front 0.0209 555 215 599 240
track-sign-front 0.0196 724 542 780 594
track-sign-front 0.0162 1310 604 1341 632
track-sign-front 0.0156 706 769 739 813
track-sign-front 0.0117 706 762 741 878
track-sign-front 0.0098 1753 291 1851 374
track-sign-front 0.0097 893 376 912 401
track-sign-front 0.0066 1501 176 1529 205
track-sign-front 0.0045 717 503 787 622
track-sign-front 0.0039 452 961 498 1008
track-sign-front 0.0039 611 195 636 220
track-sign-front 0.0036 650 954 719 1008
track-sign-front 0.0028 702 757 735 800
track-sign-front 0.0028 944 393 962 414
track-sign-front 0.0027 942 456 979 509
track-sign-front 0.0026 583 206 629 241
track-sign-front 0.0023 414 952 492 1009
track-sign-front 0.0022 807 340 830 361
track-sign-front 0.0021 893 368 909 392
track-sign-front 0.0021 1801 288 1847 369
track-sign-front 0.0019 780 427 824 481
track-sign-front 0.0017 727 556 778 617
track-sign-front 0.0016 604 191 645 222
track-sign-front 0.0015 1318 605 1352 641
track-sign-front 0.0014 569 473 591 510
track-sign-front 0.0013 1292 599 1342 627
track-sign-front 0.0013 955 467 1010 542
track-sign-front 0.0011 884 374 907 403
track-sign-front 0.0010 798 335 828 375
track-sign-front 0.0010 799 500 817 556
track-signal-front 0.0101 946 398 968 424
track-signal-front 0.0029 953 403 990 440
track-signal-front 0.0023 972 411 993 438
track-signal-front 0.0010 1325 651 1351 739
track-signal-back 0.0023 944 399 966 438
track-signal-back 0.0022 891 375 910 406
person 0.5857 23 524 65 625
person 0.0362 990 517 1012 552
person 0.0054 3 521 47 624
person 0.0031 0 519 25 601
person 0.0030 35 579 74 629
person 0.0027 31 531 97 623
person 0.0020 26 516 55 585
person 0.0011 979 504 1020 560
person 0.0011 -8 499 100 654
pole 0.5267 726 -8 784 841
pole 0.4697 1063 198 1093 608
pole 0.2861 1119 352 1139 568
pole 0.2686 1111 340 1132 578
pole 0.1813 728 547 783 871
pole 0.1327 1082 309 1113 605
pole 0.0910 1199 435 1210 535
pole 0.0578 1072 341 1104 602
pole 0.0403 1065 340 1087 613
pole 0.0336 687 324 703 637
pole 0.0263 1137 359 1161 551
pole 0.0205 1123 419 1144 563
pole 0.0140 694 -4 754 774
pole 0.0139 1139 411 1155 541
pole 0.0133 1316 248 1330 574
pole 0.0129 1055 222 1117 607
pole 0.0114 760 607 783 880
pole 0.0106 1819 -47 1923 1086
pole 0.0098 1149 334 1169 548
pole 0.0094 1115 401 1134 553
pole 0.0085 1265 422 1276 537
pole 0.0084 1096 261 1122 585
pole 0.0074 1111 388 1128 541
pole 0.0069 713 227 799 925
pole 0.0066 686 -8 815 890
pole 0.0061 746 2 789 694
pole 0.0054 718 439 786 676
pole 0.0054 1128 290 1145 552
pole 0.0053 1262 377 1277 540
pole 0.0053 704 763 743 881
pole 0.0049 1312 215 1336 631
pole 0.0045 1261 304 1280 566
pole 0.0038 1126 373 1141 524
pole 0.0036 721 517 780 640
pole 0.0035 1185 411 1215 526
pole 0.0031 1067 450 1188 604
pole 0.0025 1096 507 1141 562
pole 0.0025 693 552 771 871
pole 0.0024 1125 318 1159 560
pole 0.0023 1105 373 1123 524
pole 0.0023 1256 442 1277 561
pole 0.0023 688 165 732 755
pole 0.0023 1066 430 1085 574
pole 0.0023 671 113 758 981
pole 0.0020 641 323 663 635
pole 0.0019 769 14 844 842
pole 0.0017 1067 423 1101 573
pole 0.0017 717 465 820 749
pole 0.0015 1079 386 1112 538
pole 0.0015 1084 221 1138 557
pole 0.0014 1313 204 1375 720
pole 0.0013 767 692 783 829
pole 0.0013 1072 101 1111 561
pole 0.0012 1159 320 1185 563
pole 0.0011 1083 353 1163 575
pole 0.0011 1201 432 1230 532
pole 0.0011 1104 510 1173 563
pole 0.0010 641 563 842 875
rail-occluder 0.2363 963 624 990 695
rail-occluder 0.0112 709 768 744 861
rail-occluder 0.0105 967 620 1008 696
rail-occluder 0.0058 969 610 994 676
rail-occluder 0.0050 954 638 983 694
rail-occluder 0.0047 931 616 1034 694
rail-occluder 0.0031 988 519 1020 551
rail-occluder 0.0029 113 865 219 987
rail-occluder 0.0024 1243 522 1272 560
rail-occluder 0.0023 50 853 237 1008
rail-occluder 0.0020 895 585 1072 711
rail-occluder 0.0020 699 751 757 884
rail-occluder 0.0014 848 523 1109 836
rail-occluder 0.0013 76 851 205 951
rail-occluder 0.0011 966 624 992 747
