crossing 0.0014 1050 533 1086 550
rail 0.9105 797 523 1191 1077
track-sign-front 0.5110 1194 464 1215 540
track-sign-front 0.4837 1193 513 1213 673
track-sign-front 0.1199 1016 484 1029 501
track-sign-front 0.0460 1190 455 1218 509
track-sign-front 0.0349 1116 453 1129 479
track-sign-front 0.0267 1016 478 1030 496
track-sign-front 0.0195 1196 481 1233 676
track-sign-front 0.0115 1188 456 1218 666
track-sign-front 0.0076 1113 422 1130 512
track-sign-front 0.0067 1195 586 1212 676
track-sign-front 0.0048 1192 461 1235 542
track-sign-front 0.0023 1015 460 1027 489
track-sign-front 0.0023 1005 479 1024 498
track-sign-front 0.0016 1113 455 1130 544
track-sign-front 0.0015 1167 509 1225 679
track-sign-front 0.0014 1176 456 1223 557
track-sign-front 0.0012 991 485 1027 510
track-signal-back 0.0067 1188 451 1215 481
pole 0.0058 1113 335 1128 554
pole 0.0010 1786 40 1924 1090
