rail 0.9589 950 583 1222 1077
rail 0.9582 1064 576 1913 1072
rail 0.9292 -3 587 1078 1078
rail 0.5675 8 607 944 880
rail 0.1823 -2 614 649 733
rail 0.1259 7 631 440 702
rail 0.0512 1 638 436 760
rail 0.0426 -13 646 262 697
rail 0.0340 -4 652 171 688
rail 0.0175 0 651 89 689
rail 0.0130 30 638 302 681
rail 0.0108 -6 658 135 713
rail 0.0104 -1 688 70 769
rail 0.0081 0 666 145 761
rail 0.0075 1 655 531 829
rail 0.0062 1 669 334 796
rail 0.0040 -3 665 79 721
rail 0.0038 5 579 1027 766
rail 0.0037 35 715 82 765
rail 0.0030 151 597 729 670
rail 0.0027 700 572 1121 667
rail 0.0023 1044 582 1097 605
rail 0.0022 945 589 1096 624
rail 0.0022 -9 585 209 706
rail 0.0020 -28 597 279 766
rail 0.0019 -2 749 249 851
rail 0.0019 598 587 1047 695
rail 0.0018 767 583 1111 639
rail 0.0018 0 722 416 865
rail 0.0017 1063 581 1118 604
rail 0.0014 -8 644 46 694
rail 0.0013 1026 592 1086 616
rail 0.0012 -2 408 151 941
switch-indicator 0.1338 1088 655 1109 674
switch-indicator 0.0026 1077 583 1119 614
switch-unknown 0.1386 1054 596 1093 614
switch-unknown 0.0100 1055 600 1102 623
switch-unknown 0.0046 1029 600 1083 621
switch-unknown 0.0042 1043 572 1091 611
switch-unknown 0.0035 1065 575 1114 608
switch-unknown 0.0013 984 590 1059 621
switch-static 0.0201 1084 654 1114 678
switch-static 0.0081 1091 651 1113 670
switch-static 0.0013 343 790 388 811
switch-static 0.0012 1087 660 1108 691
track-sign-front 0.0222 9 794 45 905
track-sign-front 0.0204 1 571 17 674
track-sign-front 0.0195 1141 549 1168 603
track-sign-front 0.0142 1175 568 1206 600
track-sign-front 0.0110 0 688 20 755
track-sign-front 0.0096 -3 574 47 677
track-sign-front 0.0086 1141 535 1170 581
track-sign-front 0.0079 1176 530 1194 557
track-sign-front 0.0073 -1 561 25 658
track-sign-front 0.0058 9 827 53 932
track-sign-front 0.0055 -1 538 20 620
track-sign-front 0.0045 1117 490 1166 607
track-sign-front 0.0041 0 595 23 687
track-sign-front 0.0041 1135 573 1161 609
track-sign-front 0.0037 -4 627 77 685
track-sign-front 0.0029 -1 641 28 695
track-sign-front 0.0024 500 520 520 596
track-sign-front 0.0019 1135 488 1165 568
track-sign-front 0.0019 16 816 64 908
track-sign-front 0.0019 0 120 20 155
track-sign-front 0.0018 545 632 569 654
track-sign-front 0.0018 -1 676 28 733
track-sign-front 0.0017 492 532 514 584
track-sign-front 0.0017 0 705 28 766
track-sign-front 0.0015 3 725 51 914
track-sign-front 0.0013 499 479 520 637
track-sign-front 0.0012 1135 458 1159 550
track-sign-front 0.0012 0 766 34 877
track-sign-front 0.0012 0 533 26 587
track-sign-front 0.0011 0 728 26 800
track-signal-front 0.2478 0 137 34 284
track-signal-front 0.0269 0 196 38 333
track-signal-front 0.0186 0 131 30 222
track-signal-front 0.0095 1 143 53 322
track-signal-front 0.0084 0 261 39 401
track-signal-front 0.0064 3 326 27 396
track-signal-front 0.0061 7 236 40 320
track-signal-front 0.0056 2 305 29 374
track-signal-front 0.0048 5 350 57 409
track-signal-front 0.0040 2 398 23 442
track-signal-front 0.0036 1 387 59 435
track-signal-front 0.0033 0 128 26 171
track-signal-front 0.0033 4 403 40 448
track-signal-front 0.0027 1 270 31 359
track-signal-front 0.0016 1181 536 1203 562
track-signal-front 0.0015 -2 227 51 431
pole 0.4756 0 145 77 974
pole 0.2502 980 475 992 610
pole 0.1817 487 260 519 662
pole 0.0868 1044 500 1054 594
pole 0.0704 1110 422 1131 604
pole 0.0408 1114 405 1149 616
pole 0.0136 -1 388 55 899
pole 0.0120 1130 390 1153 599
pole 0.0106 974 469 997 620
pole 0.0096 1 44 134 984
pole 0.0093 793 418 809 629
pole 0.0079 1121 458 1160 637
pole 0.0078 455 541 466 649
pole 0.0070 1041 528 1059 601
pole 0.0057 3 545 119 869
pole 0.0050 -1 200 49 648
pole 0.0044 0 715 64 924
pole 0.0041 445 510 465 642
pole 0.0039 -1 682 73 772
pole 0.0034 -7 552 75 754
pole 0.0032 1099 468 1120 594
pole 0.0030 977 490 1010 619
pole 0.0030 71 437 97 724
pole 0.0028 2 630 142 708
pole 0.0027 32 312 135 817
pole 0.0027 0 443 85 792
pole 0.0026 788 402 818 629
pole 0.0026 498 308 534 699
pole 0.0020 980 481 1034 610
pole 0.0020 351 560 365 653
pole 0.0015 1093 540 1137 607
pole 0.0015 1082 493 1122 600
pole 0.0014 1104 464 1137 619
pole 0.0014 348 552 383 663
pole 0.0012 500 421 522 658
pole 0.0012 910 537 940 617
pole 0.0012 -4 -24 226 853
pole 0.0012 67 431 131 712
pole 0.0012 -4 321 64 532
pole 0.0012 1295 230 1346 643
pole 0.0011 1099 433 1163 649
pole 0.0011 191 519 205 639
pole 0.0010 -5 272 93 685
pole 0.0010 5 483 192 796
pole 0.0010 347 499 365 660
pole 0.0010 1066 475 1136 678
pole 0.0010 375 567 399 655
pole 0.0010 450 572 472 658
pole 0.0010 466 317 507 691
rail-occluder 0.0966 149 647 166 679
rail-occluder 0.0399 37 720 71 777
rail-occluder 0.0230 246 639 266 679
rail-occluder 0.0211 3 713 80 782
rail-occluder 0.0199 153 644 175 672
rail-occluder 0.0122 38 642 282 689
rail-occluder 0.0115 242 638 274 667
rail-occluder 0.0099 126 649 164 683
rail-occluder 0.0071 147 659 169 697
rail-occluder 0.0062 179 637 333 687
rail-occluder 0.0059 24 723 122 791
rail-occluder 0.0056 243 641 279 694
rail-occluder 0.0055 -1 666 136 761
rail-occluder 0.0054 1139 546 1162 604
rail-occluder 0.0047 -1 726 56 923
rail-occluder 0.0042 -9 689 245 787
rail-occluder 0.0030 0 649 78 852
rail-occluder 0.0028 2 685 134 819
rail-occluder 0.0025 352 598 368 654
rail-occluder 0.0024 11 644 99 682
rail-occluder 0.0023 370 613 419 682
rail-occluder 0.0023 247 646 264 727
rail-occluder 0.0022 349 585 388 667
rail-occluder 0.0019 275 619 515 683
rail-occluder 0.0017 383 623 437 670
rail-occluder 0.0016 195 618 429 705
rail-occluder 0.0014 30 655 127 684
rail-occluder 0.0014 339 603 410 685
rail-occluder 0.0013 106 637 403 742
rail-occluder 0.0013 1134 535 1169 613
rail-occluder 0.0012 968 576 1013 617
rail-occluder 0.0012 217 631 266 672
rail-occluder 0.0011 336 607 372 676
rail-occluder 0.0010 26 704 181 778
rail-occluder 0.0010 359 631 432 691
rail-occluder 0.0010 0 753 37 895
