crossing 0.0121 504 610 555 634
crossing 0.0087 478 605 546 637
crossing 0.0082 492 582 568 631
crossing 0.0017 996 620 1091 686
crossing 0.0017 487 555 636 643
crossing 0.0015 522 598 580 637
crossing 0.0015 521 565 597 634
crossing 0.0010 1146 539 1221 566
train-car 0.0046 3 523 74 646
train-car 0.0029 6 509 126 683
train-car 0.0028 413 482 453 647
train-car 0.0025 477 532 649 566
train-car 0.0024 519 523 698 565
train-car 0.0018 1049 530 1156 577
train-car 0.0011 1052 505 1152 598
platform 0.1235 515 553 760 633
platform 0.0781 998 549 1149 674
platform 0.0389 545 544 760 596
platform 0.0259 16 561 410 652
platform 0.0091 710 564 758 627
platform 0.0082 311 552 492 602
platform 0.0073 998 590 1122 692
platform 0.0065 546 534 731 572
platform 0.0054 645 562 779 628
platform 0.0045 382 530 473 624
platform 0.0031 121 572 420 635
platform 0.0024 1027 516 1140 642
platform 0.0018 36 577 789 1074
platform 0.0016 355 544 445 597
platform 0.0012 331 526 467 597
platform 0.0011 1008 636 1111 696
platform 0.0010 590 580 776 639
platform 0.0010 506 517 765 687
platform 0.0010 1141 539 1271 570
platform 0.0010 672 550 745 623
rail 0.9493 407 560 813 1079
rail 0.9386 1121 557 1730 1072
rail 0.9206 756 563 1009 1075
rail 0.6724 -2 568 519 778
rail 0.2560 0 573 424 700
rail 0.1790 -5 561 574 949
rail 0.1168 287 552 564 675
rail 0.1091 445 562 565 639
rail 0.0366 462 575 548 627
rail 0.0287 450 563 531 617
rail 0.0262 425 522 524 665
rail 0.0239 199 550 603 741
rail 0.0164 2 604 335 768
rail 0.0155 1175 532 1423 1076
rail 0.0134 979 562 1124 684
rail 0.0126 4 599 282 688
rail 0.0106 468 598 551 637
rail 0.0102 451 546 633 629
rail 0.0095 0 635 362 883
rail 0.0091 467 471 801 895
rail 0.0085 251 558 500 634
rail 0.0067 88 534 698 824
rail 0.0051 0 588 212 738
rail 0.0041 1243 577 1923 978
rail 0.0035 714 565 761 624
rail 0.0031 990 615 1107 688
rail 0.0027 1 725 184 939
rail 0.0026 752 569 1076 765
rail 0.0025 355 525 488 676
rail 0.0024 1 600 143 711
rail 0.0023 344 472 539 661
rail 0.0021 342 526 669 729
rail 0.0021 262 604 492 750
rail 0.0021 391 535 592 694
rail 0.0018 9 718 313 1056
rail 0.0018 735 555 1108 681
rail 0.0015 109 581 429 650
rail 0.0015 493 551 576 605
rail 0.0012 0 638 134 761
rail 0.0011 453 617 529 652
rail 0.0011 387 564 512 717
rail 0.0010 704 561 943 661
rail 0.0010 713 540 1112 886
switch-indicator 0.0082 819 628 843 651
switch-unknown 0.0035 438 565 505 670
switch-unknown 0.0012 460 618 522 652
switch-static 0.0321 773 772 830 794
switch-static 0.0092 822 630 848 650
switch-static 0.0011 820 617 855 652
track-sign-front 0.0129 965 524 983 554
track-sign-front 0.0113 979 627 1005 653
track-sign-front 0.0091 715 564 759 625
track-sign-front 0.0059 967 538 1000 577
track-sign-front 0.0044 985 556 1015 581
track-sign-front 0.0030 406 550 449 597
track-sign-front 0.0022 1206 498 1235 535
track-sign-front 0.0022 889 552 915 575
track-sign-front 0.0021 232 563 244 608
track-sign-front 0.0018 971 623 1016 658
track-sign-front 0.0018 1249 547 1265 592
track-sign-front 0.0017 136 530 160 624
track-sign-front 0.0015 1241 538 1265 578
track-sign-front 0.0015 676 562 756 629
track-sign-front 0.0011 958 614 997 652
track-sign-front 0.0010 1897 626 1918 691
track-sign-front 0.0010 1088 638 1106 693
track-signal-front 0.0170 599 525 618 555
track-signal-front 0.0124 636 535 676 568
track-signal-front 0.0069 1214 495 1233 524
track-signal-front 0.0054 609 528 674 569
track-signal-front 0.0029 574 533 733 578
track-signal-front 0.0024 1213 496 1246 537
track-signal-front 0.0021 587 525 630 560
track-signal-front 0.0021 0 57 23 194
track-signal-front 0.0015 818 499 836 522
track-signal-front 0.0013 813 495 835 543
track-signal-back 0.5155 501 485 524 521
track-signal-back 0.3299 237 508 249 532
track-signal-back 0.1909 422 478 446 512
track-signal-back 0.1248 612 462 631 490
track-signal-back 0.0686 350 498 363 524
track-signal-back 0.0388 347 477 359 595
track-signal-back 0.0218 500 497 519 538
track-signal-back 0.0215 598 524 617 557
track-signal-back 0.0198 1177 436 1201 506
track-signal-back 0.0136 579 494 603 522
track-signal-back 0.0117 637 488 656 513
track-signal-back 0.0102 349 497 364 546
track-signal-back 0.0101 626 476 655 518
track-signal-back 0.0098 588 475 630 539
track-signal-back 0.0070 580 507 619 553
track-signal-back 0.0057 638 529 670 564
track-signal-back 0.0050 606 460 640 492
track-signal-back 0.0038 496 481 519 511
track-signal-back 0.0034 230 506 255 537
track-signal-back 0.0034 555 494 588 528
track-signal-back 0.0027 427 445 453 569
track-signal-back 0.0026 686 481 711 530
track-signal-back 0.0025 497 479 526 536
track-signal-back 0.0025 141 501 160 555
track-signal-back 0.0025 146 496 166 542
track-signal-back 0.0023 342 473 357 514
track-signal-back 0.0023 510 481 536 507
track-signal-back 0.0022 494 501 550 556
track-signal-back 0.0020 595 509 655 567
track-signal-back 0.0020 574 476 603 510
track-signal-back 0.0019 434 473 462 531
track-signal-back 0.0018 546 515 589 550
track-signal-back 0.0017 136 439 159 615
track-signal-back 0.0017 152 510 168 539
track-signal-back 0.0017 1170 435 1195 521
track-signal-back 0.0016 237 483 288 575
track-signal-back 0.0015 959 487 976 533
track-signal-back 0.0012 1181 431 1197 472
fence 0.4594 -3 564 531 928
fence 0.0368 1 670 360 1007
fence 0.0039 2 760 192 955
pole 0.5212 1251 25 1321 971
pole 0.4921 79 381 104 684
pole 0.4079 433 393 461 704
pole 0.1943 305 431 324 640
pole 0.1463 1066 405 1083 641
pole 0.1073 338 484 356 626
pole 0.1002 439 462 471 685
pole 0.0735 119 385 140 681
pole 0.0664 344 452 361 624
pole 0.0357 1220 5 1350 1059
pole 0.0356 310 478 328 628
pole 0.0344 1058 415 1103 682
pole 0.0300 1253 516 1311 1041
pole 0.0223 57 388 112 688
pole 0.0168 697 392 716 622
pole 0.0166 416 437 451 688
pole 0.0155 85 489 106 689
pole 0.0154 401 423 503 686
pole 0.0130 1071 453 1091 597
pole 0.0118 1068 455 1080 598
pole 0.0106 305 464 318 612
pole 0.0097 328 470 362 633
pole 0.0096 444 512 470 645
pole 0.0092 419 393 474 699
pole 0.0092 425 535 478 696
pole 0.0088 335 518 383 622
pole 0.0086 180 157 211 474
pole 0.0084 1769 115 1844 787
pole 0.0082 172 137 209 695
pole 0.0076 305 549 327 635
pole 0.0070 1258 57 1305 736
pole 0.0056 86 501 100 650
pole 0.0055 1062 486 1090 617
pole 0.0054 1177 66 1292 900
pole 0.0054 20 387 70 680
pole 0.0054 714 562 756 619
pole 0.0053 433 506 462 648
pole 0.0051 1074 422 1119 635
pole 0.0050 285 496 358 633
pole 0.0045 233 554 247 609
pole 0.0043 402 513 455 638
pole 0.0042 129 431 155 676
pole 0.0040 437 595 464 690
pole 0.0039 688 260 719 696
pole 0.0038 23 474 110 711
pole 0.0033 234 514 250 602
pole 0.0028 697 471 717 573
pole 0.0027 698 429 711 556
pole 0.0025 1786 130 1826 640
pole 0.0024 73 493 121 689
pole 0.0023 27 531 283 671
pole 0.0023 676 132 710 703
pole 0.0023 1172 423 1207 569
pole 0.0022 242 449 287 605
pole 0.0022 1027 474 1154 676
pole 0.0021 1181 246 1237 702
pole 0.0020 1270 31 1388 991
pole 0.0020 87 556 111 680
pole 0.0019 270 467 304 633
pole 0.0019 27 368 50 656
pole 0.0019 167 82 227 832
pole 0.0018 578 523 619 564
pole 0.0018 81 464 100 614
pole 0.0017 126 483 143 629
pole 0.0017 82 469 182 677
pole 0.0016 1077 481 1119 578
pole 0.0016 430 466 457 613
pole 0.0015 1246 281 1324 728
pole 0.0014 286 533 436 616
pole 0.0014 700 442 725 573
pole 0.0013 698 415 744 641
pole 0.0013 1028 528 1114 625
pole 0.0013 135 498 157 663
pole 0.0013 1789 164 1820 458
pole 0.0012 1738 115 1874 894
pole 0.0012 1312 379 1331 596
pole 0.0012 1297 352 1326 622
pole 0.0011 228 480 415 652
pole 0.0011 441 467 467 606
pole 0.0011 28 556 175 681
pole 0.0010 353 498 444 620
rail-occluder 0.1358 0 778 35 946
rail-occluder 0.0207 1 769 67 951
rail-occluder 0.0124 382 667 405 727
rail-occluder 0.0105 388 656 405 715
rail-occluder 0.0065 3 675 327 939
rail-occluder 0.0058 339 669 411 727
rail-occluder 0.0051 237 620 463 781
rail-occluder 0.0051 300 597 318 637
rail-occluder 0.0050 1 780 29 882
rail-occluder 0.0032 164 634 435 885
rail-occluder 0.0030 321 554 369 623
rail-occluder 0.0029 387 644 425 707
rail-occluder 0.0028 332 628 459 735
rail-occluder 0.0027 315 685 383 743
rail-occluder 0.0027 494 618 532 644
rail-occluder 0.0024 377 629 434 715
rail-occluder 0.0023 979 624 1011 661
rail-occluder 0.0022 297 564 325 630
rail-occluder 0.0021 286 682 410 748
rail-occluder 0.0020 0 699 27 910
rail-occluder 0.0020 0 741 143 907
rail-occluder 0.0019 175 679 424 811
rail-occluder 0.0018 984 619 1047 678
rail-occluder 0.0016 380 596 418 701
rail-occluder 0.0014 367 670 408 740
rail-occluder 0.0014 232 697 365 792
rail-occluder 0.0013 76 701 381 829
rail-occluder 0.0013 625 546 690 584
rail-occluder 0.0012 228 573 259 612
rail-occluder 0.0012 366 573 435 722
rail-occluder 0.0012 226 575 245 614
rail-occluder 0.0012 328 562 416 622
rail-occluder 0.0011 233 552 405 633
