crossing 0.0143 443 609 645 710
crossing 0.0038 741 612 861 670
crossing 0.0013 722 584 849 660
crossing 0.0010 579 574 733 618
train-car 0.1117 695 427 883 637
train-car 0.0015 586 403 921 648
platform 0.3086 976 574 1201 620
platform 0.2025 1392 594 1915 689
platform 0.0109 1421 621 1918 799
platform 0.0054 961 537 1213 638
platform 0.0053 1421 536 1887 655
platform 0.0018 1566 632 1920 752
platform 0.0018 977 586 1196 653
platform 0.0016 1384 475 1927 798
platform 0.0011 1601 613 1911 696
platform 0.0011 985 569 1312 632
rail 0.9445 -1 526 645 1078
rail 0.8707 588 562 1047 1075
rail 0.1560 936 627 1589 1075
rail 0.0240 702 613 1266 1079
rail 0.0069 1184 682 1542 1074
rail 0.0060 1191 626 1939 1097
rail 0.0031 278 506 795 1088
rail 0.0029 813 627 1047 1069
rail 0.0021 213 591 474 1022
rail 0.0018 1143 669 1399 1047
rail 0.0012 60 515 635 831
rail 0.0011 510 519 870 1080
rail 0.0011 565 536 756 1062
rail 0.0011 516 545 796 626
rail 0.0010 134 573 407 916
switch-indicator 0.0602 728 589 751 621
switch-indicator 0.0058 725 585 760 637
switch-indicator 0.0037 862 594 881 615
switch-indicator 0.0015 713 576 769 645
track-sign-front 0.0049 1625 294 1650 324
track-sign-front 0.0012 467 496 486 534
track-sign-front 0.0011 423 487 437 514
track-sign-front 0.0010 1626 300 1650 340
track-signal-front 0.0102 600 467 613 493
track-signal-front 0.0056 602 463 617 485
track-signal-front 0.0047 601 462 622 525
track-signal-front 0.0032 860 590 880 618
track-signal-front 0.0024 615 478 649 533
track-signal-front 0.0013 602 447 644 526
