platform 0.7261 4 543 923 1072
platform 0.7115 954 550 1903 1074
platform 0.4676 14 543 870 821
platform 0.0457 0 612 520 833
platform 0.0043 221 579 672 791
platform 0.0028 5 693 422 886
platform 0.0012 -1 737 121 876
platform 0.0012 2 670 483 1011
platform 0.0011 -1 715 249 878
platform 0.0010 376 601 632 768
rail 0.9695 784 542 1085 1076
rail 0.6676 983 549 1916 1053
rail 0.5329 -1 592 518 729
rail 0.4884 1 547 864 857
rail 0.0910 -2 600 368 687
rail 0.0241 35 562 748 745
rail 0.0200 -2 620 330 736
rail 0.0122 -3 622 220 677
rail 0.0116 1018 558 1707 872
rail 0.0100 -2 638 171 688
rail 0.0053 -4 565 515 642
rail 0.0052 -1 649 166 730
rail 0.0048 1214 612 1897 930
rail 0.0032 -3 658 351 828
rail 0.0030 26 575 348 654
rail 0.0030 0 605 162 660
rail 0.0022 981 550 1460 813
rail 0.0020 2 644 72 689
rail 0.0017 0 685 75 758
rail 0.0014 4 627 77 677
rail 0.0014 0 686 167 853
rail 0.0013 -2 704 115 789
rail 0.0012 -9 561 437 862
rail 0.0012 1399 602 1903 806
rail 0.0012 1 645 38 695
rail 0.0011 1274 554 1884 735
rail 0.0011 230 554 861 698
rail 0.0010 106 604 441 652
rail 0.0010 0 679 215 768
switch-indicator 0.0058 1206 613 1226 632
switch-static 0.0018 0 720 38 771
track-sign-front 0.0039 965 530 986 557
track-sign-front 0.0034 1185 504 1199 528
track-sign-front 0.0026 970 538 987 560
track-sign-front 0.0019 614 530 627 559
track-sign-front 0.0010 259 487 280 521
track-signal-front 0.0026 651 527 666 553
person 0.0011 612 527 633 569
pole 0.0013 556 424 575 632
pole 0.0012 746 454 761 563
rail-occluder 0.0268 28 587 362 675
rail-occluder 0.0153 175 592 222 663
rail-occluder 0.0093 151 620 219 665
rail-occluder 0.0046 0 622 166 679
rail-occluder 0.0038 128 629 187 661
rail-occluder 0.0026 181 594 249 652
rail-occluder 0.0025 0 715 56 764
rail-occluder 0.0024 10 602 151 661
rail-occluder 0.0019 142 636 220 685
rail-occluder 0.0017 0 623 75 679
rail-occluder 0.0016 1 735 31 779
rail-occluder 0.0016 99 630 171 665
rail-occluder 0.0016 169 630 233 690
rail-occluder 0.0015 7 644 103 683
rail-occluder 0.0014 150 567 226 656
rail-occluder 0.0013 0 707 36 747
rail-occluder 0.0012 1 561 66 679
rail-occluder 0.0012 185 620 250 668
rail-occluder 0.0011 -1 623 37 684
rail-occluder 0.0011 107 615 167 653
rail-occluder 0.0011 0 727 53 879
rail-occluder 0.0011 40 601 118 655
rail-occluder 0.0010 331 584 404 620
