crossing 0.0026 1786 776 1924 833
guard-rail 0.1076 864 462 1194 586
guard-rail 0.0814 762 478 855 523
guard-rail 0.0646 751 477 819 511
guard-rail 0.0622 999 848 1028 957
guard-rail 0.0399 901 491 1146 549
guard-rail 0.0389 786 493 871 537
guard-rail 0.0296 1002 451 1168 600
guard-rail 0.0102 1322 547 1482 583
guard-rail 0.0088 1011 518 1169 578
guard-rail 0.0087 1046 528 1133 569
guard-rail 0.0071 768 649 795 714
guard-rail 0.0069 926 501 1073 540
guard-rail 0.0067 1090 522 1142 589
guard-rail 0.0060 986 505 1149 562
guard-rail 0.0052 799 477 881 525
guard-rail 0.0052 1353 551 1453 579
guard-rail 0.0052 912 650 935 696
guard-rail 0.0048 982 491 1061 535
guard-rail 0.0045 1019 512 1112 553
guard-rail 0.0045 994 506 1090 541
guard-rail 0.0043 1282 533 1432 571
guard-rail 0.0043 992 858 1045 962
guard-rail 0.0040 1015 537 1172 602
guard-rail 0.0039 1250 527 1479 597
guard-rail 0.0037 927 508 1013 536
guard-rail 0.0035 1829 785 1920 881
guard-rail 0.0033 944 495 1040 528
guard-rail 0.0028 1282 534 1382 562
guard-rail 0.0027 1376 545 1472 575
guard-rail 0.0026 994 545 1137 589
guard-rail 0.0020 764 647 803 741
guard-rail 0.0017 893 508 1105 567
guard-rail 0.0016 753 486 804 539
guard-rail 0.0013 994 518 1098 570
guard-rail 0.0013 1876 797 1920 870
guard-rail 0.0012 913 658 951 717
guard-rail 0.0012 898 654 935 722
guard-rail 0.0011 1844 790 1920 971
guard-rail 0.0010 889 659 1042 1063
guard-rail 0.0010 1812 781 1918 840
guard-rail 0.0010 940 522 1003 550
rail 0.8616 532 460 1100 1078
rail 0.7730 713 431 1906 859
rail 0.7642 682 662 963 1078
rail 0.6710 851 456 1921 678
rail 0.4051 1022 462 1913 590
rail 0.2123 1424 498 1918 603
rail 0.1350 729 632 960 781
rail 0.1063 919 452 1180 590
rail 0.0722 737 441 1045 504
rail 0.0713 749 452 1145 539
rail 0.0519 725 511 1048 994
rail 0.0420 750 467 901 528
rail 0.0380 875 437 1100 482
rail 0.0355 964 503 1215 591
rail 0.0342 1677 548 1921 621
rail 0.0300 878 404 1386 612
rail 0.0235 857 445 1121 506
rail 0.0217 734 468 825 509
rail 0.0200 1543 507 1920 575
rail 0.0194 1749 535 1926 574
rail 0.0165 1269 519 1923 689
rail 0.0149 1286 493 1737 554
rail 0.0144 906 440 1041 477
rail 0.0141 829 464 1016 507
rail 0.0127 1649 569 1919 674
rail 0.0124 754 465 1228 596
rail 0.0118 1481 527 1929 647
rail 0.0116 661 590 991 839
rail 0.0108 1370 665 1755 814
rail 0.0102 1110 465 1316 495
rail 0.0097 1239 525 1881 864
rail 0.0095 998 455 1450 501
rail 0.0094 862 477 1125 546
rail 0.0091 1787 544 1920 588
rail 0.0081 790 465 919 501
rail 0.0071 724 457 806 500
rail 0.0069 1747 572 1917 623
rail 0.0068 1107 374 1623 529
rail 0.0066 712 443 836 483
rail 0.0065 813 644 1012 1069
rail 0.0065 934 444 1012 472
rail 0.0060 714 438 938 482
rail 0.0058 904 457 1039 504
rail 0.0057 1238 523 1494 598
rail 0.0052 1177 461 1396 504
rail 0.0044 1076 457 1348 487
rail 0.0042 1275 528 1555 628
rail 0.0041 858 435 1040 464
rail 0.0040 560 638 885 1071
rail 0.0040 1592 539 1886 595
rail 0.0038 1062 515 1168 595
rail 0.0037 1378 460 1929 554
rail 0.0036 1034 469 1942 1041
rail 0.0034 1677 528 1899 576
rail 0.0032 716 442 939 547
rail 0.0032 1728 545 1902 600
rail 0.0031 1054 455 1384 549
rail 0.0030 1034 419 1268 532
rail 0.0030 913 423 1079 467
rail 0.0028 1683 556 1832 594
rail 0.0027 1788 526 1923 563
rail 0.0026 1795 772 1921 895
rail 0.0025 1643 725 1921 881
rail 0.0023 1741 596 1922 694
rail 0.0022 826 455 1098 1069
rail 0.0022 1224 489 1843 624
rail 0.0022 687 404 1185 747
rail 0.0021 1259 506 1647 603
rail 0.0021 1429 708 1894 850
rail 0.0019 1248 500 1494 568
rail 0.0019 1714 764 1920 920
rail 0.0018 1535 513 1835 556
rail 0.0018 1077 462 1241 498
rail 0.0017 818 428 1046 486
rail 0.0017 1495 582 1923 706
rail 0.0017 1053 443 1261 489
rail 0.0016 936 434 1009 463
rail 0.0016 1825 565 1920 629
rail 0.0016 925 394 1087 505
rail 0.0015 1150 512 1386 582
rail 0.0015 1167 493 1476 625
rail 0.0015 767 474 1260 890
rail 0.0015 781 492 878 552
rail 0.0014 714 416 860 499
rail 0.0014 1834 542 1915 580
rail 0.0014 840 465 956 499
rail 0.0013 1153 488 1265 524
rail 0.0013 1109 449 1335 506
rail 0.0013 1167 469 1259 493
rail 0.0012 1199 478 1434 540
rail 0.0011 1143 464 1287 545
rail 0.0011 744 405 952 506
rail 0.0010 1454 506 1596 580
rail 0.0010 804 428 995 463
rail 0.0010 1785 586 1921 646
rail 0.0010 586 440 1060 816
rail 0.0010 1767 468 1918 615
rail 0.0010 1724 556 1930 758
switch-indicator 0.3819 1175 597 1268 687
switch-indicator 0.3111 1281 467 1301 503
switch-indicator 0.2668 1177 551 1205 612
switch-indicator 0.0953 1173 549 1227 638
switch-indicator 0.0603 1114 574 1157 627
switch-indicator 0.0281 1186 591 1266 642
switch-indicator 0.0153 1072 573 1192 638
switch-indicator 0.0140 1109 584 1178 635
switch-indicator 0.0126 1097 544 1173 620
switch-indicator 0.0095 1138 582 1256 660
switch-indicator 0.0084 1092 583 1156 644
switch-indicator 0.0069 1025 614 1207 675
switch-indicator 0.0057 1045 533 1191 617
switch-indicator 0.0054 1456 560 1482 580
switch-indicator 0.0049 1102 529 1165 581
switch-indicator 0.0043 1039 604 1123 675
switch-indicator 0.0029 1279 460 1311 507
switch-indicator 0.0024 1048 552 1215 657
switch-left 0.1717 745 647 958 769
switch-left 0.0391 785 493 873 537
switch-left 0.0092 1295 537 1462 576
switch-left 0.0084 894 481 1004 516
switch-left 0.0048 1259 530 1409 565
switch-left 0.0048 741 573 919 703
switch-left 0.0013 710 656 992 877
switch-right 0.3430 754 646 960 756
switch-right 0.0694 773 486 868 534
switch-right 0.0125 748 632 958 695
switch-right 0.0113 792 505 875 538
switch-right 0.0089 880 484 1052 525
switch-right 0.0069 906 487 994 516
switch-right 0.0056 689 531 1060 981
switch-right 0.0036 800 642 968 719
switch-right 0.0019 880 476 977 514
switch-unknown 0.0048 725 440 787 477
switch-unknown 0.0048 725 460 800 503
switch-unknown 0.0046 889 475 959 499
switch-unknown 0.0037 903 475 992 507
switch-unknown 0.0018 777 473 865 511
switch-unknown 0.0014 1215 519 1293 546
switch-unknown 0.0011 1163 488 1254 524
switch-unknown 0.0011 1166 516 1249 546
switch-unknown 0.0010 1225 527 1348 558
switch-static 0.6891 957 634 1083 679
switch-static 0.2997 1434 715 1607 782
switch-static 0.1814 996 622 1108 679
switch-static 0.1670 1433 718 1505 770
switch-static 0.1334 1503 727 1622 782
switch-static 0.0963 1174 595 1269 684
switch-static 0.0700 936 636 1034 675
switch-static 0.0328 1512 742 1658 795
switch-static 0.0145 703 650 763 676
switch-static 0.0108 1027 616 1206 673
switch-static 0.0104 668 649 750 678
switch-static 0.0102 843 478 897 503
switch-static 0.0097 1447 707 1545 767
switch-static 0.0072 1190 605 1288 652
switch-static 0.0067 919 508 990 532
switch-static 0.0066 948 600 1102 707
switch-static 0.0057 861 480 940 513
switch-static 0.0056 1207 521 1265 543
switch-static 0.0051 729 476 800 513
switch-static 0.0047 715 645 780 689
switch-static 0.0044 888 481 967 514
switch-static 0.0037 1433 550 1483 575
switch-static 0.0036 907 645 966 688
switch-static 0.0034 952 618 1047 671
switch-static 0.0034 1419 709 1728 821
switch-static 0.0034 1416 689 1565 798
switch-static 0.0033 651 647 720 679
switch-static 0.0033 1222 528 1284 549
switch-static 0.0030 885 506 952 532
switch-static 0.0030 1036 602 1126 677
switch-static 0.0028 1057 626 1103 681
switch-static 0.0028 1714 568 1766 597
switch-static 0.0027 717 641 775 671
switch-static 0.0026 1487 718 1644 812
switch-static 0.0026 856 470 940 498
switch-static 0.0026 1714 564 1791 589
switch-static 0.0022 1553 753 1682 799
switch-static 0.0021 830 472 884 498
switch-static 0.0017 655 637 767 689
switch-static 0.0016 1567 541 1620 562
switch-static 0.0013 567 492 616 518
switch-static 0.0012 1574 539 1659 563
switch-static 0.0011 719 481 757 513
switch-static 0.0011 939 576 1201 693
switch-static 0.0010 1447 557 1492 586
track-sign-front 0.0294 332 141 380 177
track-sign-front 0.0212 1469 353 1509 503
track-sign-front 0.0141 1428 360 1460 501
track-sign-front 0.0124 1618 475 1634 503
track-sign-front 0.0047 757 396 772 428
track-sign-front 0.0042 859 384 873 421
track-sign-front 0.0037 1492 318 1515 340
track-sign-front 0.0023 1833 300 1895 358
track-sign-front 0.0018 1619 460 1632 485
track-sign-front 0.0012 333 144 375 218
track-signal-front 0.0164 858 379 874 419
track-signal-front 0.0043 1302 391 1319 414
pole 0.5178 1467 332 1509 515
pole 0.2958 1027 324 1102 496
pole 0.2717 1343 338 1412 499
pole 0.2256 1340 340 1379 496
pole 0.1801 1062 320 1145 519
pole 0.1173 1428 340 1463 512
pole 0.0965 1028 328 1050 484
pole 0.0775 1403 340 1458 506
pole 0.0668 1370 351 1426 497
pole 0.0427 1050 354 1169 642
pole 0.0355 1327 365 1358 493
pole 0.0261 1301 389 1318 478
pole 0.0147 1392 339 1526 538
pole 0.0124 1343 358 1489 524
pole 0.0114 859 379 873 430
pole 0.0105 1102 313 1163 526
pole 0.0071 1097 359 1144 499
pole 0.0062 1315 355 1351 478
pole 0.0038 860 380 877 458
pole 0.0034 1010 354 1065 493
pole 0.0025 1479 323 1525 510
pole 0.0023 1088 322 1197 612
pole 0.0017 759 337 785 447
pole 0.0017 758 348 772 446
pole 0.0014 719 324 745 489
pole 0.0013 1292 391 1327 481
pole 0.0011 1020 292 1279 659
pole 0.0010 1475 331 1562 528
rail-occluder 0.5873 1178 551 1205 600
rail-occluder 0.5098 1028 322 1145 512
rail-occluder 0.3165 1282 469 1302 504
rail-occluder 0.0992 1344 339 1420 505
rail-occluder 0.0614 1319 482 1349 508
rail-occluder 0.0394 1057 328 1154 619
rail-occluder 0.0333 1324 483 1364 513
rail-occluder 0.0243 1170 546 1223 599
rail-occluder 0.0233 1451 495 1521 534
rail-occluder 0.0148 1095 509 1140 570
rail-occluder 0.0141 1080 417 1155 578
rail-occluder 0.0140 1367 384 1433 500
rail-occluder 0.0134 1021 521 1202 606
rail-occluder 0.0128 1354 451 1386 499
rail-occluder 0.0128 1095 323 1146 576
rail-occluder 0.0121 1332 465 1384 518
rail-occluder 0.0117 1144 508 1185 536
rail-occluder 0.0095 1100 486 1161 519
rail-occluder 0.0095 1095 496 1171 567
rail-occluder 0.0092 1146 551 1209 601
rail-occluder 0.0086 1150 511 1212 539
rail-occluder 0.0085 1455 554 1482 580
rail-occluder 0.0082 1021 380 1131 564
rail-occluder 0.0081 1347 483 1380 514
rail-occluder 0.0077 1005 399 1181 597
rail-occluder 0.0075 1101 479 1211 595
rail-occluder 0.0065 1286 408 1317 498
rail-occluder 0.0062 1712 565 1765 588
rail-occluder 0.0061 1396 494 1567 543
rail-occluder 0.0061 1366 441 1433 497
rail-occluder 0.0060 1338 372 1381 509
rail-occluder 0.0060 1024 365 1079 520
rail-occluder 0.0059 1434 490 1485 529
rail-occluder 0.0057 1004 458 1044 504
rail-occluder 0.0057 1415 386 1458 510
rail-occluder 0.0052 1280 451 1324 510
rail-occluder 0.0050 1439 484 1550 557
rail-occluder 0.0047 1007 387 1099 500
rail-occluder 0.0047 1091 459 1162 510
rail-occluder 0.0046 1007 422 1047 492
rail-occluder 0.0045 1019 451 1071 506
rail-occluder 0.0043 1618 472 1636 512
rail-occluder 0.0039 1124 530 1185 571
rail-occluder 0.0039 1067 378 1144 513
rail-occluder 0.0038 1352 396 1405 500
rail-occluder 0.0033 1489 509 1534 535
rail-occluder 0.0032 1026 433 1115 511
rail-occluder 0.0032 1157 511 1226 647
rail-occluder 0.0029 1170 517 1244 544
rail-occluder 0.0028 1208 526 1261 553
rail-occluder 0.0028 1402 430 1451 508
rail-occluder 0.0026 1269 462 1309 518
rail-occluder 0.0025 1033 424 1277 641
rail-occluder 0.0021 1638 517 1694 546
rail-occluder 0.0021 1265 463 1355 501
rail-occluder 0.0019 1097 395 1149 508
rail-occluder 0.0019 1143 499 1226 530
rail-occluder 0.0019 1693 559 1758 588
rail-occluder 0.0018 1184 553 1260 602
rail-occluder 0.0018 1256 471 1361 543
rail-occluder 0.0017 733 398 778 463
rail-occluder 0.0017 1428 425 1461 529
rail-occluder 0.0015 1614 474 1646 531
rail-occluder 0.0014 1281 492 1446 571
rail-occluder 0.0014 1359 510 1549 597
rail-occluder 0.0014 1654 521 1715 549
rail-occluder 0.0013 1843 550 1922 591
rail-occluder 0.0013 1124 462 1201 498
rail-occluder 0.0013 1408 485 1460 529
rail-occluder 0.0013 1885 547 1920 594
rail-occluder 0.0012 1712 554 1767 583
rail-occluder 0.0011 1492 495 1543 533
rail-occluder 0.0011 1430 546 1485 578
rail-occluder 0.0011 1146 464 1232 494
rail-occluder 0.0011 1409 434 1482 525
rail-occluder 0.0011 1651 534 1732 568
rail-occluder 0.0010 1267 426 1339 492
