guard-rail 0.0064 475 982 558 1074
guard-rail 0.0051 431 966 595 1071
guard-rail 0.0010 280 929 603 1058
platform 0.7781 1033 743 1860 1074
platform 0.0036 1086 736 1575 992
platform 0.0014 1205 793 1698 1063
platform 0.0010 1125 749 1424 941
rail 0.9417 239 747 979 1076
rail 0.9277 885 747 1071 1076
rail 0.7195 1116 766 1925 1045
rail 0.2348 1243 788 1926 943
rail 0.0171 1386 813 1895 1073
rail 0.0143 454 979 573 1073
rail 0.0090 1112 754 1607 940
rail 0.0080 1537 817 1918 955
rail 0.0053 1575 863 1919 1046
rail 0.0050 332 977 582 1078
rail 0.0049 1282 765 1428 882
rail 0.0034 1583 829 1781 1079
rail 0.0031 1312 781 1392 897
rail 0.0024 1798 831 1919 892
rail 0.0023 1665 852 1920 946
rail 0.0023 1158 728 1461 911
rail 0.0020 1145 777 1799 880
rail 0.0018 1768 838 1923 931
rail 0.0018 1345 81 1780 962
rail 0.0017 255 980 486 1082
rail 0.0015 1749 885 1923 1048
rail 0.0013 1640 879 1737 1071
rail 0.0013 1517 918 1855 1079
rail 0.0013 1632 941 1918 1078
rail 0.0012 1855 832 1920 947
rail 0.0012 1235 757 1359 872
rail 0.0011 481 802 708 1026
rail 0.0011 1680 828 1918 908
rail 0.0011 1431 749 1874 920
rail 0.0010 1669 876 1919 994
rail 0.0010 1883 847 1921 1046
track-sign-front 0.1215 897 734 908 746
track-sign-front 0.0563 638 780 666 805
track-sign-front 0.0250 971 711 984 770
track-sign-front 0.0215 898 722 925 764
track-sign-front 0.0154 973 738 983 770
track-sign-front 0.0148 752 782 768 807
track-sign-front 0.0120 891 734 902 750
track-sign-front 0.0095 895 734 909 768
track-sign-front 0.0081 896 722 910 756
track-sign-front 0.0053 647 781 676 806
track-sign-front 0.0038 926 712 944 806
track-sign-front 0.0034 751 756 767 807
track-sign-front 0.0034 902 698 923 797
track-sign-front 0.0030 1219 659 1243 794
track-sign-front 0.0024 971 740 990 778
track-sign-front 0.0014 1182 807 1200 838
track-sign-front 0.0013 747 744 766 770
track-sign-front 0.0011 753 748 770 788
track-sign-front 0.0010 1548 734 1576 793
track-sign-front 0.0010 630 770 662 800
track-signal-front 0.0042 1000 679 1029 745
track-signal-front 0.0041 1571 698 1601 737
track-signal-front 0.0015 1056 676 1075 745
track-signal-front 0.0013 1010 678 1060 758
track-signal-back 0.5170 357 318 452 445
track-signal-back 0.0012 334 269 477 469
pole 0.6706 929 572 949 809
pole 0.4200 1627 58 1720 1070
pole 0.2254 1218 557 1243 883
pole 0.1713 1149 708 1163 811
pole 0.1589 1105 686 1120 788
pole 0.0929 1208 582 1235 892
pole 0.0618 1149 636 1165 807
pole 0.0471 1121 677 1166 811
pole 0.0394 969 656 984 782
pole 0.0303 1091 658 1118 787
pole 0.0290 1106 705 1126 800
pole 0.0289 902 584 931 799
pole 0.0245 1675 839 1710 1080
pole 0.0222 1202 542 1257 911
pole 0.0217 914 575 945 810
pole 0.0214 1098 691 1116 779
pole 0.0214 1205 702 1232 869
pole 0.0205 1142 726 1163 832
pole 0.0201 937 590 984 794
pole 0.0175 1514 53 1750 1073
pole 0.0159 1266 764 1287 920
pole 0.0135 975 635 1000 766
pole 0.0133 1228 531 1254 868
pole 0.0129 1604 725 1688 1075
pole 0.0122 1606 786 1646 1082
pole 0.0106 1166 643 1231 870
pole 0.0105 1116 638 1151 803
pole 0.0102 764 488 783 809
pole 0.0095 1652 203 1717 917
pole 0.0092 1214 699 1242 844
pole 0.0078 919 586 965 803
pole 0.0077 1165 572 1205 860
pole 0.0070 930 625 945 776
pole 0.0070 1559 -29 1693 969
pole 0.0062 1155 642 1166 780
pole 0.0059 1791 481 1824 904
pole 0.0058 1137 638 1178 808
pole 0.0047 1060 701 1082 766
pole 0.0045 1217 749 1251 928
pole 0.0040 970 710 985 774
pole 0.0039 927 715 947 798
pole 0.0037 1156 700 1214 832
pole 0.0035 1238 761 1285 925
pole 0.0032 1258 576 1297 872
pole 0.0030 1329 650 1381 885
pole 0.0030 1565 381 1662 1014
pole 0.0029 1142 688 1171 811
pole 0.0029 1227 658 1265 872
pole 0.0029 1590 348 1714 1023
pole 0.0028 1315 776 1361 899
pole 0.0028 1662 713 1725 1024
pole 0.0026 1270 809 1285 915
pole 0.0025 1223 637 1240 771
pole 0.0024 1080 687 1145 794
pole 0.0023 923 650 954 821
pole 0.0023 1320 781 1389 911
pole 0.0019 1217 654 1239 799
pole 0.0019 1202 747 1231 923
pole 0.0018 1226 517 1245 802
pole 0.0018 348 379 451 1032
pole 0.0016 1281 740 1378 982
pole 0.0016 1111 736 1132 817
pole 0.0016 1685 909 1710 1087
pole 0.0015 1096 654 1170 796
pole 0.0014 1636 881 1720 1072
pole 0.0014 1522 369 1612 943
pole 0.0014 1871 728 1896 859
pole 0.0014 1201 749 1267 931
pole 0.0013 1781 484 1815 816
pole 0.0013 1627 103 1812 1109
pole 0.0013 934 593 945 736
pole 0.0012 1276 762 1327 915
pole 0.0011 1608 397 1729 807
pole 0.0011 1440 669 1886 1017
pole 0.0011 1186 529 1365 903
pole 0.0011 1150 565 1248 877
pole 0.0011 1577 751 1649 968
pole 0.0010 1254 785 1284 949
pole 0.0010 1155 560 1170 811
rail-occluder 0.4215 1512 830 1531 865
rail-occluder 0.0496 1149 730 1163 826
rail-occluder 0.0188 1512 833 1539 877
rail-occluder 0.0139 1266 749 1289 889
rail-occluder 0.0132 1674 819 1710 1094
rail-occluder 0.0099 1219 638 1293 970
rail-occluder 0.0096 1592 809 1658 1052
rail-occluder 0.0081 1515 814 1544 888
rail-occluder 0.0072 1182 796 1203 832
rail-occluder 0.0071 1237 796 1270 833
rail-occluder 0.0069 1220 741 1252 898
rail-occluder 0.0069 1164 707 1202 843
rail-occluder 0.0065 1888 971 1919 1075
rail-occluder 0.0062 1201 706 1236 867
rail-occluder 0.0057 1235 767 1263 840
rail-occluder 0.0056 1195 645 1255 912
rail-occluder 0.0052 1286 727 1369 910
rail-occluder 0.0045 1196 747 1226 881
rail-occluder 0.0043 1327 746 1377 890
rail-occluder 0.0042 1634 837 1720 1078
rail-occluder 0.0041 1142 708 1172 815
rail-occluder 0.0037 1318 778 1365 854
rail-occluder 0.0034 1271 695 1296 846
rail-occluder 0.0033 1240 768 1270 868
rail-occluder 0.0030 1472 821 1590 966
rail-occluder 0.0030 1508 816 1576 910
rail-occluder 0.0027 1265 620 1377 911
rail-occluder 0.0025 1157 773 1188 839
rail-occluder 0.0020 1275 739 1319 888
rail-occluder 0.0017 1466 833 1652 1013
rail-occluder 0.0017 1251 735 1309 868
rail-occluder 0.0017 1218 730 1281 874
rail-occluder 0.0016 1121 730 1183 833
rail-occluder 0.0015 1441 874 1680 1071
rail-occluder 0.0015 1508 889 1604 1058
rail-occluder 0.0014 1178 746 1243 888
rail-occluder 0.0013 1682 909 1708 1050
rail-occluder 0.0013 1240 743 1295 941
rail-occluder 0.0013 1520 917 1564 1012
rail-occluder 0.0011 1148 654 1252 868
rail-occluder 0.0011 1148 711 1225 844
rail-occluder 0.0010 1261 622 1298 860
rail-occluder 0.0010 1321 672 1391 873
rail-occluder 0.0010 1492 839 1550 925
rail-occluder 0.0010 1317 705 1358 843
