crossing 0.2427 1405 710 1921 1075
crossing 0.0311 1407 711 1885 905
crossing 0.0142 824 897 1335 1079
crossing 0.0096 1438 727 1838 840
crossing 0.0060 1531 757 1926 992
crossing 0.0035 1637 796 1923 932
crossing 0.0017 1731 878 1922 1080
crossing 0.0013 1513 758 1871 876
guard-rail 0.0018 1054 640 1072 678
guard-rail 0.0015 1060 642 1077 682
guard-rail 0.0013 1420 711 1586 774
guard-rail 0.0011 1432 726 1635 793
rail 0.9179 853 555 1320 1073
rail 0.8893 1112 552 1915 1068
rail 0.7508 696 605 1111 784
rail 0.4902 1035 580 1623 760
rail 0.1654 1091 570 1879 833
rail 0.0718 856 652 1172 923
rail 0.0422 758 594 1126 1072
rail 0.0326 773 656 1174 800
rail 0.0320 1259 657 1856 847
rail 0.0193 905 599 1463 701
rail 0.0189 658 554 1154 894
rail 0.0173 862 611 1343 840
rail 0.0136 739 589 1111 691
rail 0.0073 1299 643 1628 779
rail 0.0049 883 624 1144 781
rail 0.0046 727 617 970 1064
rail 0.0038 1210 640 1546 745
rail 0.0027 960 607 1314 678
rail 0.0023 753 573 1040 628
rail 0.0023 805 828 1319 1077
rail 0.0020 714 588 1042 651
rail 0.0020 903 577 1271 733
rail 0.0019 826 668 1034 1073
rail 0.0018 1133 611 1487 730
rail 0.0014 755 545 1184 754
rail 0.0014 870 591 1106 661
rail 0.0013 671 615 999 728
rail 0.0011 928 606 1090 685
rail 0.0011 771 584 976 621
rail 0.0011 1087 624 1577 837
switch-indicator 0.0010 1279 785 1434 850
switch-left 0.2586 898 716 1148 820
switch-left 0.1144 744 660 1127 790
switch-left 0.0360 1377 697 1678 781
switch-left 0.0188 1457 742 1761 826
switch-left 0.0166 889 753 1166 847
switch-left 0.0070 1348 683 1598 760
switch-left 0.0051 1462 703 1633 764
switch-left 0.0043 1435 723 1675 800
switch-left 0.0036 916 706 1103 791
switch-right 0.3381 895 714 1147 822
switch-right 0.0634 1316 692 1798 804
switch-right 0.0477 1368 714 1838 849
switch-right 0.0335 1394 701 1656 778
switch-right 0.0284 1444 728 1749 814
switch-right 0.0209 813 679 1136 792
switch-right 0.0161 1312 669 1616 767
switch-right 0.0073 936 602 1061 641
switch-right 0.0054 876 633 1126 767
switch-right 0.0043 928 613 1073 665
switch-right 0.0024 940 589 1050 628
switch-right 0.0010 939 578 1028 616
switch-unknown 0.0018 722 602 792 627
switch-unknown 0.0015 700 593 762 617
switch-unknown 0.0010 946 563 1035 594
switch-static 0.0026 1276 806 1441 853
track-sign-front 0.0205 1092 532 1108 547
track-sign-front 0.0070 1150 492 1163 526
track-sign-front 0.0064 1089 530 1117 549
track-sign-front 0.0044 1115 488 1132 522
track-sign-front 0.0040 1099 499 1130 550
track-sign-front 0.0030 1097 471 1120 505
track-sign-front 0.0029 1453 459 1471 483
track-sign-front 0.0019 1096 472 1108 490
track-signal-front 0.0428 1151 470 1167 517
track-signal-front 0.0073 1152 467 1166 487
track-signal-front 0.0045 1454 459 1475 495
track-signal-front 0.0032 1122 478 1172 530
track-signal-back 0.0037 1877 16 1918 353
track-signal-back 0.0019 1863 178 1913 313
track-signal-back 0.0011 1873 109 1918 472
person 0.0017 1127 484 1167 528
person 0.0014 1149 491 1164 527
person 0.0012 1483 477 1505 522
pole 0.1087 1862 16 1921 723
pole 0.0231 573 305 607 728
pole 0.0043 561 255 625 744
rail-occluder 0.0014 684 590 738 633
