crossing 0.0010 541 701 594 741
guard-rail 0.1027 748 843 767 917
guard-rail 0.0832 753 834 773 924
guard-rail 0.0132 727 831 745 926
guard-rail 0.0107 834 872 856 926
guard-rail 0.0045 717 773 740 1036
guard-rail 0.0041 818 867 862 936
guard-rail 0.0033 763 862 781 929
guard-rail 0.0027 743 837 771 959
guard-rail 0.0025 719 865 738 942
guard-rail 0.0023 706 756 734 1013
guard-rail 0.0016 693 809 782 938
guard-rail 0.0013 711 823 761 939
guard-rail 0.0012 708 840 732 931
train-car 0.0062 1810 622 1918 724
train-car 0.0022 1825 574 1921 699
train-car 0.0012 1885 635 1919 717
train-car 0.0011 1793 514 1925 758
train-car 0.0010 1794 637 1862 696
rail 0.9395 499 703 914 1077
rail 0.9350 0 715 564 1073
rail 0.6302 825 645 1917 935
rail 0.0391 1823 755 1917 846
rail 0.0272 1840 721 1917 823
rail 0.0205 1813 688 1918 735
rail 0.0193 1808 782 1918 870
rail 0.0149 528 627 1969 1074
rail 0.0130 1811 701 1921 787
rail 0.0127 1875 708 1918 831
rail 0.0116 1870 780 1919 850
rail 0.0101 1186 719 1918 945
rail 0.0078 -5 720 521 914
rail 0.0068 434 688 509 751
rail 0.0058 1802 813 1921 900
rail 0.0051 1876 798 1921 873
rail 0.0050 460 692 527 783
rail 0.0048 1876 678 1919 762
rail 0.0041 1077 634 1861 847
rail 0.0038 1745 776 1919 916
rail 0.0036 870 654 1105 716
rail 0.0029 421 697 515 777
rail 0.0028 1718 756 1920 847
rail 0.0028 -1 822 387 1076
rail 0.0028 -6 739 351 881
rail 0.0027 1850 817 1920 938
rail 0.0026 481 712 546 784
rail 0.0025 170 778 433 1018
rail 0.0024 412 701 476 743
rail 0.0024 1791 700 1922 890
rail 0.0020 827 666 1383 1076
rail 0.0019 961 699 1207 1078
rail 0.0018 1685 721 1918 807
rail 0.0018 1776 735 1914 808
rail 0.0017 552 680 1250 1078
rail 0.0015 -17 717 469 831
rail 0.0015 1700 688 1916 740
rail 0.0014 1074 758 1872 1079
rail 0.0014 815 653 1192 881
rail 0.0014 838 647 1044 705
rail 0.0013 820 656 1325 754
rail 0.0013 442 728 538 795
rail 0.0012 1882 661 1920 732
rail 0.0011 1837 626 1919 720
rail 0.0011 536 786 620 981
rail 0.0011 1802 582 1922 846
rail 0.0011 812 648 1071 740
rail 0.0011 454 713 830 885
rail 0.0011 1778 831 1921 1005
switch-indicator 0.0908 558 830 586 949
switch-indicator 0.0021 551 821 601 961
switch-unknown 0.0018 289 806 454 867
track-sign-front 0.1246 558 828 588 944
track-sign-front 0.0597 1692 666 1729 715
track-sign-front 0.0129 929 611 942 650
track-sign-front 0.0122 402 684 428 718
track-sign-front 0.0094 643 669 659 699
track-sign-front 0.0073 747 679 768 703
track-sign-front 0.0059 590 762 614 797
track-sign-front 0.0055 638 667 653 719
track-sign-front 0.0055 407 686 433 735
track-sign-front 0.0055 1807 639 1825 693
track-sign-front 0.0054 713 691 736 712
track-sign-front 0.0051 448 396 473 437
track-sign-front 0.0050 715 696 731 731
track-sign-front 0.0042 912 625 944 653
track-sign-front 0.0035 583 750 611 793
track-sign-front 0.0035 1683 671 1744 721
track-sign-front 0.0020 628 689 648 740
track-sign-front 0.0019 1550 705 1567 746
track-sign-front 0.0016 499 735 551 785
track-sign-front 0.0015 1806 640 1846 691
track-sign-front 0.0013 443 395 476 462
track-sign-front 0.0013 562 824 586 862
track-sign-front 0.0012 631 682 661 749
track-sign-front 0.0012 371 680 429 738
track-sign-front 0.0011 398 637 434 727
track-sign-front 0.0010 314 118 406 253
track-sign-front 0.0010 752 671 778 693
track-signal-front 0.0053 642 667 655 692
pole 0.3559 1120 46 1209 983
pole 0.2736 1162 27 1394 1023
pole 0.1594 1109 26 1292 1056
pole 0.1292 363 394 455 975
pole 0.1202 526 601 536 715
pole 0.1196 486 635 500 728
pole 0.0847 994 510 1011 706
pole 0.0488 1663 319 1810 845
pole 0.0428 1108 159 1174 1006
pole 0.0415 484 609 530 729
pole 0.0338 1683 229 1732 805
pole 0.0300 590 644 603 719
pole 0.0297 995 570 1007 707
pole 0.0191 586 669 602 714
pole 0.0162 371 359 507 1050
pole 0.0161 332 247 473 1011
pole 0.0123 595 658 607 706
pole 0.0122 934 543 945 668
pole 0.0109 579 680 599 739
pole 0.0087 385 463 434 786
pole 0.0080 482 634 512 743
pole 0.0072 989 619 1007 721
pole 0.0052 456 611 502 739
pole 0.0050 1572 423 1747 810
pole 0.0043 1134 93 1182 797
pole 0.0043 514 638 545 729
pole 0.0040 1412 426 1560 809
pole 0.0035 959 631 1029 720
pole 0.0033 352 275 424 862
pole 0.0033 372 564 508 859
pole 0.0033 928 604 944 655
pole 0.0033 1058 190 1159 1023
pole 0.0033 1159 155 1267 860
pole 0.0031 804 494 822 756
pole 0.0030 670 518 684 742
pole 0.0028 411 507 461 791
pole 0.0026 400 562 430 795
pole 0.0026 327 80 418 961
pole 0.0025 1643 279 1739 764
pole 0.0025 1246 118 1450 1007
pole 0.0021 581 683 612 743
pole 0.0020 483 555 498 728
pole 0.0020 577 597 603 725
pole 0.0019 537 603 588 729
pole 0.0019 1530 472 1572 778
pole 0.0018 855 608 894 693
pole 0.0017 1198 131 1353 833
pole 0.0017 198 164 326 1063
pole 0.0016 975 553 1026 722
pole 0.0016 261 122 450 931
pole 0.0016 670 585 683 710
pole 0.0015 485 609 498 676
pole 0.0014 993 468 1025 707
pole 0.0014 999 516 1013 655
pole 0.0013 988 635 1025 716
pole 0.0013 391 339 462 815
pole 0.0013 521 574 534 700
pole 0.0012 641 648 655 713
pole 0.0012 636 561 653 747
pole 0.0011 1528 330 1854 846
pole 0.0011 401 682 546 812
pole 0.0011 1663 458 1762 892
pole 0.0010 1438 490 1778 833
pole 0.0010 1329 448 1422 761
pole 0.0010 571 702 597 762
rail-occluder 0.0213 471 665 508 765
rail-occluder 0.0073 436 682 507 754
rail-occluder 0.0052 455 647 504 745
rail-occluder 0.0052 975 678 1011 718
rail-occluder 0.0045 477 671 526 774
rail-occluder 0.0044 414 692 470 746
rail-occluder 0.0036 981 682 1040 715
rail-occluder 0.0026 415 699 518 771
rail-occluder 0.0026 1390 734 1415 758
rail-occluder 0.0023 1226 722 1251 824
rail-occluder 0.0022 446 693 536 787
rail-occluder 0.0021 952 673 1008 719
rail-occluder 0.0019 572 702 598 762
rail-occluder 0.0019 408 677 460 730
rail-occluder 0.0019 913 669 1069 720
rail-occluder 0.0016 473 645 522 739
rail-occluder 0.0012 855 640 890 693
rail-occluder 0.0012 1377 731 1411 757
rail-occluder 0.0011 487 711 544 785
rail-occluder 0.0010 1182 673 1262 835
