guard-rail 0.0046 -8 803 271 1064
guard-rail 0.0017 431 707 523 752
guard-rail 0.0014 361 731 503 794
guard-rail 0.0013 21 939 242 1047
guard-rail 0.0010 491 679 589 726
rail 0.9629 707 553 1013 1075
rail 0.9331 1121 574 1918 1031
rail 0.8955 3 558 761 1079
rail 0.0272 2 718 544 1075
rail 0.0038 182 725 460 1021
rail 0.0017 251 618 708 948
rail 0.0017 2 875 306 1051
rail 0.0012 0 730 242 995
switch-left 0.1709 378 717 570 782
switch-left 0.0329 433 702 592 759
switch-left 0.0312 356 731 543 802
switch-left 0.0042 456 685 603 744
switch-left 0.0038 328 696 587 828
switch-left 0.0018 410 733 525 785
switch-right 0.1603 377 722 560 786
switch-right 0.1002 414 712 582 766
switch-right 0.0034 463 687 596 743
switch-right 0.0029 403 681 594 791
switch-right 0.0022 358 700 599 839
switch-unknown 0.0033 783 557 808 573
switch-unknown 0.0018 768 558 808 576
switch-static 0.1610 349 712 431 744
switch-static 0.1343 1017 798 1096 847
switch-static 0.0227 177 688 581 771
switch-static 0.0181 378 708 440 750
switch-static 0.0106 332 702 440 754
switch-static 0.0072 403 710 451 743
switch-static 0.0058 340 714 525 785
switch-static 0.0053 317 724 393 748
switch-static 0.0022 990 805 1075 853
switch-static 0.0019 393 700 438 733
track-sign-front 0.0158 921 630 947 653
track-sign-front 0.0052 0 751 245 1024
track-sign-front 0.0030 1066 524 1083 560
track-sign-front 0.0029 -4 764 115 919
track-sign-front 0.0022 1195 543 1210 573
track-sign-front 0.0020 479 551 496 572
track-sign-front 0.0019 3 749 169 954
track-sign-front 0.0018 926 641 952 692
track-sign-front 0.0013 199 616 212 680
track-signal-back 0.0047 921 536 936 588
track-signal-back 0.0013 918 504 934 580
pole 0.5151 1106 219 1139 739
pole 0.0055 1111 308 1131 661
pole 0.0020 1082 146 1144 717
pole 0.0014 1084 236 1205 734
pole 0.0014 1097 335 1156 737
pole 0.0014 1116 369 1171 750
rail-occluder 0.0136 -6 747 266 1043
