guard-rail 0.0315 839 557 901 592
guard-rail 0.0142 848 586 922 623
guard-rail 0.0084 796 548 844 605
guard-rail 0.0043 793 541 846 568
guard-rail 0.0042 803 560 837 617
guard-rail 0.0022 886 593 921 620
rail 0.8363 714 491 1136 1077
rail 0.7103 777 520 1437 1082
rail 0.0075 505 517 794 1073
rail 0.0065 792 538 903 620
rail 0.0056 751 538 953 734
rail 0.0015 781 478 996 992
rail 0.0014 961 558 1222 1055
rail 0.0012 640 468 970 1074
rail 0.0011 713 520 894 1057
switch-left 0.2354 798 557 902 619
switch-left 0.0190 813 583 921 629
switch-left 0.0155 795 555 865 607
switch-left 0.0026 857 589 920 626
switch-left 0.0016 797 543 921 650
switch-left 0.0013 801 560 838 616
switch-right 0.1887 798 557 899 618
switch-right 0.0986 815 578 915 626
switch-right 0.0290 838 557 901 597
switch-right 0.0034 791 540 846 569
switch-unknown 0.0455 797 547 858 579
switch-static 0.0446 855 556 890 574
switch-static 0.0102 855 559 904 585
switch-static 0.0024 862 551 901 573
track-sign-front 0.7512 945 420 973 448
track-sign-front 0.1040 946 385 977 444
track-sign-front 0.0884 736 440 747 455
track-sign-front 0.0535 952 380 974 405
track-sign-front 0.0118 950 420 994 449
track-sign-front 0.0074 943 402 973 457
track-sign-front 0.0061 735 437 748 461
track-sign-front 0.0053 958 466 971 534
track-sign-front 0.0046 703 382 721 402
track-sign-front 0.0028 1375 446 1424 483
track-sign-front 0.0027 910 490 932 517
track-sign-front 0.0021 1355 429 1429 485
track-sign-front 0.0018 694 435 709 459
track-sign-front 0.0016 952 484 971 567
track-sign-front 0.0015 320 416 342 453
track-sign-front 0.0012 1341 472 1369 499
track-sign-front 0.0011 791 485 809 505
track-sign-front 0.0011 932 474 971 545
track-signal-front 0.1580 952 382 973 405
track-signal-front 0.0017 947 374 977 432
track-signal-front 0.0016 952 354 979 404
track-signal-front 0.0012 701 381 722 408
track-signal-front 0.0012 954 374 997 404
