crossing 0.0158 1104 542 1168 565
crossing 0.0098 1114 553 1174 574
crossing 0.0087 1102 516 1152 539
crossing 0.0071 1123 560 1188 579
crossing 0.0060 1105 534 1153 553
crossing 0.0011 1148 561 1203 580
guard-rail 0.0647 921 621 955 723
guard-rail 0.0281 726 636 862 729
guard-rail 0.0222 687 652 866 777
guard-rail 0.0218 931 629 977 717
guard-rail 0.0203 433 572 1015 912
guard-rail 0.0181 1018 631 1038 711
guard-rail 0.0173 911 627 947 741
guard-rail 0.0155 787 615 870 653
guard-rail 0.0119 922 563 986 590
guard-rail 0.0096 760 636 878 703
guard-rail 0.0063 875 612 962 729
guard-rail 0.0052 897 600 949 655
guard-rail 0.0046 910 572 961 596
guard-rail 0.0043 779 612 903 669
guard-rail 0.0040 607 639 882 836
guard-rail 0.0037 898 582 956 618
guard-rail 0.0032 862 602 945 635
guard-rail 0.0028 1002 601 1047 718
guard-rail 0.0028 859 635 937 749
guard-rail 0.0023 905 578 971 683
guard-rail 0.0022 0 670 121 726
guard-rail 0.0019 768 611 915 724
guard-rail 0.0018 779 624 854 674
guard-rail 0.0016 962 633 1032 719
guard-rail 0.0015 808 600 927 683
guard-rail 0.0015 866 607 945 679
guard-rail 0.0013 0 644 238 739
guard-rail 0.0013 709 585 949 750
guard-rail 0.0012 935 577 1015 650
guard-rail 0.0012 976 605 1028 702
guard-rail 0.0012 820 603 933 746
guard-rail 0.0011 796 589 957 659
guard-rail 0.0010 901 669 937 759
rail 0.9549 1073 499 1634 1077
rail 0.9175 189 508 1091 1079
rail 0.9156 810 501 1134 1077
rail 0.8210 0 503 1020 740
rail 0.4045 -1 504 907 622
rail 0.2647 1024 504 1108 536
rail 0.0853 3 535 647 610
rail 0.0413 920 622 955 723
rail 0.0253 931 625 978 721
rail 0.0190 0 537 720 701
rail 0.0188 1009 497 1116 549
rail 0.0183 958 535 1040 579
rail 0.0155 1079 502 1133 523
rail 0.0131 997 531 1050 560
rail 0.0111 979 492 1080 530
rail 0.0092 -5 546 540 653
rail 0.0090 906 611 950 703
rail 0.0082 996 475 1057 533
rail 0.0080 852 628 943 755
rail 0.0070 974 534 1037 561
rail 0.0070 11 559 417 627
rail 0.0065 838 608 1024 794
rail 0.0054 913 600 993 727
rail 0.0051 891 561 992 703
rail 0.0048 20 551 378 600
rail 0.0037 899 620 971 742
rail 0.0037 -4 572 331 670
rail 0.0034 755 496 998 554
rail 0.0029 -1 611 313 736
rail 0.0028 904 500 1081 696
rail 0.0027 941 489 1056 528
rail 0.0026 543 560 1018 952
rail 0.0026 922 555 1027 676
rail 0.0024 856 570 1331 1071
rail 0.0024 1008 515 1158 553
rail 0.0024 1 568 254 634
rail 0.0021 810 566 990 1051
rail 0.0020 5 549 255 588
rail 0.0019 894 598 954 659
rail 0.0018 -4 584 532 719
rail 0.0016 699 556 974 736
rail 0.0015 960 502 1154 632
rail 0.0015 1188 548 1478 1043
rail 0.0014 622 624 938 876
rail 0.0014 109 517 787 583
rail 0.0014 963 591 1044 712
rail 0.0014 37 461 1114 653
rail 0.0014 954 505 1101 596
rail 0.0014 0 636 184 743
rail 0.0012 867 576 1092 826
rail 0.0012 395 493 1020 597
rail 0.0012 961 473 1035 531
rail 0.0012 671 506 1020 596
rail 0.0012 991 484 1165 573
rail 0.0011 896 655 941 778
rail 0.0010 936 530 1008 561
rail 0.0010 1 638 262 792
rail 0.0010 1066 553 1313 1054
switch-indicator 0.0081 296 772 343 843
switch-indicator 0.0011 782 594 827 631
switch-left 0.0204 950 551 1033 604
switch-right 0.1483 962 545 1033 579
switch-right 0.0954 980 537 1038 560
switch-right 0.0889 956 554 1022 587
switch-right 0.0404 998 534 1048 557
switch-right 0.0117 1003 527 1050 550
switch-right 0.0067 939 566 1020 610
switch-right 0.0040 905 570 990 610
switch-right 0.0032 924 563 986 591
switch-right 0.0030 907 574 999 693
switch-right 0.0020 896 583 957 622
switch-unknown 0.0781 1045 503 1118 525
switch-unknown 0.0431 1089 504 1123 519
switch-unknown 0.0172 1088 507 1136 527
switch-static 0.0766 798 609 889 635
switch-static 0.0204 786 614 867 649
switch-static 0.0202 949 545 1018 577
switch-static 0.0183 974 534 1038 559
switch-static 0.0176 824 603 904 626
switch-static 0.0092 1030 517 1095 546
switch-static 0.0069 939 548 986 574
switch-static 0.0033 1064 522 1107 544
switch-static 0.0029 778 596 895 653
switch-static 0.0019 848 560 881 583
switch-static 0.0016 941 526 1002 561
switch-static 0.0013 1562 971 1659 1011
switch-static 0.0010 907 571 963 600
track-sign-front 0.0030 802 486 823 506
track-sign-front 0.0022 714 489 727 518
track-sign-front 0.0011 803 482 839 509
track-signal-back 0.0012 1074 425 1099 500
track-signal-back 0.0010 1035 414 1085 504
pole 0.6020 847 247 873 574
pole 0.3885 932 333 948 549
pole 0.1579 1010 401 1019 518
pole 0.0179 834 242 863 575
pole 0.0173 935 366 946 516
pole 0.0168 836 252 888 582
pole 0.0167 863 248 893 577
pole 0.0125 938 351 960 545
pole 0.0087 1026 426 1063 527
pole 0.0084 852 364 878 571
pole 0.0038 924 407 951 543
pole 0.0021 1074 462 1105 521
pole 0.0020 918 320 971 553
pole 0.0020 1036 446 1094 530
pole 0.0018 882 325 919 577
pole 0.0015 926 456 962 539
pole 0.0012 997 352 1018 526
rail-occluder 0.0047 802 485 833 508
rail-occluder 0.0014 713 488 727 520
rail-occluder 0.0012 792 487 848 512
