rail 0.9388 975 536 1348 1076
rail 0.0131 578 550 993 1072
rail 0.0026 976 530 1163 1070
rail 0.0020 -15 628 734 1086
track-sign-front 0.1600 1116 518 1137 544
track-sign-front 0.0731 889 518 910 542
track-sign-front 0.0136 1044 525 1066 544
track-sign-front 0.0134 1052 526 1064 545
track-sign-front 0.0119 775 515 805 552
track-sign-front 0.0055 1196 520 1216 543
track-sign-front 0.0044 593 512 657 597
track-sign-front 0.0028 891 518 922 566
track-sign-front 0.0027 1127 520 1148 634
track-sign-front 0.0015 1015 524 1037 544
track-sign-front 0.0014 1051 523 1067 554
track-sign-front 0.0012 1115 506 1148 580
track-signal-front 0.1100 772 508 803 552
track-signal-front 0.0026 772 466 802 552
track-signal-front 0.0021 761 491 810 559
