guard-rail 0.8805 642 866 844 1057
guard-rail 0.6750 929 719 976 752
guard-rail 0.4410 448 843 602 940
guard-rail 0.4144 1070 717 1086 754
guard-rail 0.3025 1074 718 1092 755
guard-rail 0.1960 554 823 891 1051
guard-rail 0.1180 243 632 951 1073
guard-rail 0.0377 1084 719 1103 754
guard-rail 0.0278 960 702 989 744
guard-rail 0.0250 464 781 999 1110
guard-rail 0.0166 401 847 579 971
guard-rail 0.0108 691 854 863 1004
guard-rail 0.0106 963 716 988 756
guard-rail 0.0105 954 688 991 736
guard-rail 0.0087 380 833 647 1010
guard-rail 0.0085 1015 663 1080 697
guard-rail 0.0080 464 754 679 1013
guard-rail 0.0076 879 735 928 768
guard-rail 0.0052 469 802 683 923
guard-rail 0.0050 863 743 918 773
guard-rail 0.0048 1039 711 1079 762
guard-rail 0.0046 891 639 949 685
guard-rail 0.0039 925 729 972 761
guard-rail 0.0039 1083 704 1108 748
guard-rail 0.0038 907 666 940 707
guard-rail 0.0036 733 859 860 953
guard-rail 0.0033 1020 671 1085 736
guard-rail 0.0032 921 637 974 670
guard-rail 0.0026 528 873 802 1091
guard-rail 0.0024 957 663 1024 709
guard-rail 0.0019 921 676 973 735
guard-rail 0.0016 724 735 780 770
guard-rail 0.0015 855 749 914 787
guard-rail 0.0015 887 663 931 710
guard-rail 0.0014 1064 658 1106 715
guard-rail 0.0011 887 651 934 679
guard-rail 0.0011 868 606 1040 850
rail 0.9598 996 590 1239 1075
rail 0.9474 223 591 1050 1080
rail 0.0120 507 715 1006 1082
rail 0.0082 918 602 1028 649
rail 0.0054 921 627 976 659
rail 0.0022 363 650 843 1023
rail 0.0018 990 622 1065 680
rail 0.0015 900 615 948 650
rail 0.0014 959 601 1015 632
rail 0.0012 936 603 1081 700
switch-indicator 0.0215 1097 653 1116 676
switch-indicator 0.0030 900 598 939 654
switch-left 0.0565 1006 648 1071 692
switch-right 0.3414 1006 658 1068 689
switch-right 0.0656 1007 649 1061 675
switch-unknown 0.0135 912 633 972 659
switch-static 0.0569 1014 656 1078 688
switch-static 0.0437 1079 653 1118 679
switch-static 0.0358 936 640 979 664
switch-static 0.0147 958 645 988 669
switch-static 0.0136 1019 643 1086 675
switch-static 0.0060 968 651 1026 685
switch-static 0.0044 958 642 1011 675
track-sign-front 0.3553 1097 592 1112 612
track-sign-front 0.1879 879 591 902 609
track-sign-front 0.0584 876 595 889 611
track-sign-front 0.0559 1059 555 1075 579
track-sign-front 0.0514 893 594 916 612
track-sign-front 0.0475 875 590 891 606
track-sign-front 0.0228 872 589 897 613
track-sign-front 0.0219 942 540 954 556
track-sign-front 0.0173 1883 1011 1919 1079
track-sign-front 0.0124 887 591 920 620
track-sign-front 0.0116 945 543 956 558
track-sign-front 0.0090 1057 578 1090 606
track-sign-front 0.0078 1001 581 1014 600
track-sign-front 0.0070 1061 569 1116 620
track-sign-front 0.0064 1052 550 1073 592
track-sign-front 0.0042 937 540 950 561
track-sign-front 0.0041 875 588 915 608
track-sign-front 0.0035 1260 815 1276 853
track-sign-front 0.0030 1090 590 1119 617
track-sign-front 0.0027 1094 587 1142 618
track-sign-front 0.0026 997 581 1031 608
track-sign-front 0.0023 1160 633 1193 662
track-sign-front 0.0022 1000 569 1022 605
track-sign-front 0.0021 977 577 1022 619
track-sign-front 0.0020 941 526 955 567
track-sign-front 0.0011 952 586 1002 637
track-sign-front 0.0010 1871 970 1919 1083
track-sign-front 0.0010 1166 602 1192 652
track-signal-front 0.0359 1057 556 1074 576
track-signal-front 0.0083 1053 547 1070 569
track-signal-front 0.0018 1055 540 1091 574
rail-occluder 0.0022 896 638 930 663
