rail 0.9694 701 418 1079 1077
rail 0.9307 1106 419 1918 1059
rail 0.8625 1131 417 1917 734
rail 0.6124 1216 425 1921 588
rail 0.0028 1456 462 1920 573
rail 0.0021 977 437 1079 1066
rail 0.0018 1235 395 1895 522
rail 0.0012 1507 471 1690 555
switch-indicator 0.0162 886 469 918 516
switch-indicator 0.0029 888 477 919 551
switch-indicator 0.0014 880 469 934 530
switch-indicator 0.0011 881 465 909 538
switch-unknown 0.0020 1092 398 1134 424
switch-unknown 0.0015 1092 407 1138 438
switch-unknown 0.0015 1109 414 1162 447
switch-unknown 0.0013 1127 417 1188 445
switch-unknown 0.0013 1153 423 1214 449
switch-unknown 0.0010 1070 399 1125 424
switch-unknown 0.0010 1060 407 1118 439
switch-static 0.0071 889 469 933 518
switch-static 0.0011 890 494 935 547
track-sign-front 0.7295 682 501 744 545
track-sign-front 0.2698 1477 417 1494 446
track-sign-front 0.0660 694 455 734 497
track-sign-front 0.0418 688 483 741 534
track-sign-front 0.0256 886 470 917 504
track-sign-front 0.0219 979 391 989 414
track-sign-front 0.0118 888 465 944 502
track-sign-front 0.0094 915 464 941 495
track-sign-front 0.0088 980 388 991 406
track-sign-front 0.0068 1827 989 1877 1019
track-sign-front 0.0067 883 467 906 496
track-sign-front 0.0065 1828 960 1879 1027
track-sign-front 0.0061 1471 415 1497 439
track-sign-front 0.0025 886 464 924 525
track-sign-front 0.0024 657 454 770 599
track-sign-front 0.0018 978 401 990 446
track-sign-front 0.0016 428 301 485 365
track-sign-front 0.0013 1845 951 1873 986
track-sign-front 0.0012 977 389 991 423
track-sign-front 0.0010 685 451 744 560
pole 0.0103 1282 299 1292 431
pole 0.0018 1401 263 1415 453
rail-occluder 0.1028 1478 419 1493 463
rail-occluder 0.0049 1251 428 1268 446
rail-occluder 0.0040 1473 420 1501 470
rail-occluder 0.0017 1475 434 1494 496
rail-occluder 0.0012 1253 426 1280 447
rail-occluder 0.0010 1221 426 1267 449
