guard-rail 0.3306 767 719 788 766
guard-rail 0.2229 566 728 668 775
guard-rail 0.1041 557 742 637 780
guard-rail 0.0805 601 716 693 756
guard-rail 0.0525 539 727 679 805
guard-rail 0.0329 762 727 783 778
guard-rail 0.0284 773 697 800 759
guard-rail 0.0210 741 707 796 760
guard-rail 0.0123 763 753 784 817
guard-rail 0.0108 682 725 780 769
guard-rail 0.0094 593 716 737 768
guard-rail 0.0089 753 687 813 760
guard-rail 0.0055 533 747 619 783
guard-rail 0.0048 634 710 710 743
guard-rail 0.0037 762 776 781 826
guard-rail 0.0029 513 681 734 827
guard-rail 0.0026 773 733 792 782
guard-rail 0.0021 697 712 767 754
guard-rail 0.0020 598 728 704 778
guard-rail 0.0018 809 671 863 712
guard-rail 0.0018 1329 657 1425 681
guard-rail 0.0017 749 753 787 828
guard-rail 0.0016 808 638 882 702
guard-rail 0.0016 753 777 775 835
guard-rail 0.0013 695 615 874 823
guard-rail 0.0013 693 646 817 1017
guard-rail 0.0012 727 666 796 707
guard-rail 0.0011 676 735 745 780
guard-rail 0.0011 547 750 637 797
train-car 0.0048 1386 565 1918 631
train-car 0.0013 1 658 74 707
platform 0.2624 0 621 762 778
platform 0.0222 -38 630 575 721
platform 0.0166 -2 650 596 843
platform 0.0059 -3 648 439 750
platform 0.0037 24 602 613 683
platform 0.0011 14 637 312 726
platform 0.0011 995 582 1241 626
rail 0.9505 737 608 1037 1074
rail 0.8716 54 605 901 1075
rail 0.7846 1042 607 1910 741
rail 0.2924 -13 607 869 780
rail 0.1016 1204 596 1914 662
rail 0.0977 394 657 837 1077
rail 0.0539 1006 592 1925 867
rail 0.0357 1015 611 1436 679
rail 0.0219 1003 609 1639 703
rail 0.0179 1366 586 1930 637
rail 0.0150 795 608 950 645
rail 0.0132 1337 623 1943 707
rail 0.0125 814 619 909 654
rail 0.0086 915 606 975 627
rail 0.0085 1052 566 1386 663
rail 0.0082 804 628 863 654
rail 0.0081 0 682 74 746
rail 0.0076 1363 649 1922 742
rail 0.0075 871 608 981 635
rail 0.0073 0 665 134 746
rail 0.0072 920 601 1008 625
rail 0.0071 0 692 121 795
rail 0.0067 976 614 1154 641
rail 0.0067 52 639 724 748
rail 0.0061 0 742 67 862
rail 0.0060 1087 609 1424 653
rail 0.0058 -4 646 333 751
rail 0.0057 -1 695 67 811
rail 0.0054 750 624 915 687
rail 0.0053 1019 607 1301 641
rail 0.0052 0 690 40 755
rail 0.0046 1228 636 1888 816
rail 0.0045 0 734 34 764
rail 0.0042 593 617 824 654
rail 0.0040 170 617 841 704
rail 0.0039 1258 645 1444 676
rail 0.0037 1077 612 1654 665
rail 0.0036 -1 665 311 814
rail 0.0035 763 618 835 653
rail 0.0035 556 604 760 658
rail 0.0034 779 605 977 672
rail 0.0032 0 750 41 836
rail 0.0032 1114 623 1404 668
rail 0.0032 969 590 1217 627
rail 0.0027 -2 673 52 726
rail 0.0024 0 769 40 907
rail 0.0022 526 686 718 786
rail 0.0021 11 686 288 747
rail 0.0021 995 615 1080 644
rail 0.0020 701 610 952 742
rail 0.0020 1068 500 1362 694
rail 0.0020 -1 774 111 900
rail 0.0019 1469 719 1918 1071
rail 0.0019 1190 573 1849 632
rail 0.0019 976 599 1187 647
rail 0.0018 1502 671 1924 911
rail 0.0017 569 630 847 748
rail 0.0017 1 669 97 722
rail 0.0016 947 597 1036 630
rail 0.0016 1554 580 1880 629
rail 0.0016 39 656 204 741
rail 0.0015 -2 690 221 777
rail 0.0015 -1 648 250 717
rail 0.0015 -3 671 154 885
rail 0.0015 878 596 1091 642
rail 0.0015 511 614 879 668
rail 0.0015 835 599 960 628
rail 0.0013 1546 600 1886 643
rail 0.0013 946 585 994 626
rail 0.0013 922 579 1061 618
rail 0.0013 934 600 1323 697
rail 0.0012 0 655 120 705
rail 0.0012 834 594 997 655
rail 0.0011 0 744 222 978
rail 0.0011 1455 667 1727 721
rail 0.0010 471 618 862 898
rail 0.0010 840 611 959 664
rail 0.0010 885 594 970 629
switch-indicator 0.1200 740 627 763 653
switch-indicator 0.0186 745 628 789 662
switch-indicator 0.0174 1030 620 1048 639
switch-indicator 0.0025 962 598 1018 628
switch-left 0.0067 772 662 829 691
switch-left 0.0039 751 661 820 702
switch-left 0.0019 755 637 845 704
switch-left 0.0017 1314 654 1442 685
switch-left 0.0010 809 651 877 692
switch-right 0.0866 767 653 833 676
switch-right 0.0378 784 648 838 671
switch-right 0.0054 756 643 844 695
switch-right 0.0053 1280 651 1420 681
switch-right 0.0052 770 660 831 697
switch-right 0.0017 1332 654 1472 685
switch-unknown 0.0698 815 630 868 649
switch-unknown 0.0680 802 635 854 659
switch-unknown 0.0355 760 655 825 677
switch-unknown 0.0270 771 647 841 679
switch-unknown 0.0218 926 608 966 624
switch-unknown 0.0092 836 611 906 640
switch-unknown 0.0088 1266 648 1396 678
switch-unknown 0.0082 900 609 960 630
switch-unknown 0.0072 930 600 973 626
switch-unknown 0.0053 830 625 888 648
switch-unknown 0.0050 862 606 931 633
switch-unknown 0.0036 1260 645 1356 668
switch-unknown 0.0035 1192 637 1371 669
switch-unknown 0.0026 1235 642 1328 666
switch-unknown 0.0019 947 578 996 629
switch-unknown 0.0018 895 590 958 630
switch-unknown 0.0015 871 578 925 636
switch-unknown 0.0013 1217 634 1304 663
switch-unknown 0.0012 853 587 903 633
switch-static 0.0488 744 627 791 661
switch-static 0.0175 832 688 875 708
switch-static 0.0092 734 646 787 676
switch-static 0.0074 0 735 29 771
switch-static 0.0027 0 728 43 763
switch-static 0.0016 -3 732 62 791
switch-static 0.0014 1006 619 1049 643
track-sign-front 0.0363 1458 720 1530 751
track-sign-front 0.0014 86 619 115 700
track-sign-front 0.0013 80 638 109 725
track-signal-back 0.0120 474 496 490 523
track-signal-back 0.0019 478 494 497 535
track-signal-back 0.0018 476 439 495 583
track-signal-back 0.0016 1042 531 1056 556
track-signal-back 0.0014 99 471 115 522
track-signal-back 0.0011 470 490 492 542
fence 0.1019 1421 697 1922 1081
fence 0.0096 1224 632 1923 931
pole 0.7102 1186 307 1226 702
pole 0.2281 981 496 992 630
pole 0.1400 795 506 811 635
pole 0.1131 1258 492 1270 618
pole 0.1120 1038 520 1051 629
pole 0.0906 508 357 531 687
pole 0.0639 1261 524 1273 617
pole 0.0537 764 509 805 642
pole 0.0509 747 515 773 640
pole 0.0461 501 483 528 675
pole 0.0364 801 489 824 626
pole 0.0336 1338 490 1352 609
pole 0.0334 731 531 749 646
pole 0.0319 1336 393 1356 612
pole 0.0260 1180 461 1235 689
pole 0.0236 515 532 532 671
pole 0.0199 1203 333 1258 697
pole 0.0192 88 655 109 741
pole 0.0178 491 511 522 674
pole 0.0147 998 503 1045 636
pole 0.0141 675 534 691 653
pole 0.0087 1109 523 1127 618
pole 0.0083 776 498 825 646
pole 0.0075 1195 476 1265 670
pole 0.0065 827 508 854 626
pole 0.0065 620 547 640 652
pole 0.0053 1862 363 1887 649
pole 0.0053 1132 514 1290 678
pole 0.0052 707 538 811 642
pole 0.0049 1239 479 1277 640
pole 0.0047 490 406 540 694
pole 0.0045 984 497 1026 630
pole 0.0044 682 518 719 640
pole 0.0039 1039 514 1065 611
pole 0.0037 980 483 989 607
pole 0.0036 475 560 579 675
pole 0.0033 477 397 500 632
pole 0.0033 489 432 513 676
pole 0.0033 734 553 773 670
pole 0.0031 508 518 538 679
pole 0.0030 1254 389 1273 644
pole 0.0029 971 503 1004 634
pole 0.0027 91 422 110 738
pole 0.0026 794 530 844 646
pole 0.0025 59 647 147 735
pole 0.0025 1244 536 1275 635
pole 0.0024 85 574 113 744
pole 0.0024 1330 347 1353 578
pole 0.0023 613 517 635 637
pole 0.0023 859 513 894 629
pole 0.0022 1069 513 1371 707
pole 0.0020 219 574 229 675
pole 0.0020 1155 300 1267 706
pole 0.0020 1168 501 1227 639
pole 0.0020 421 544 620 689
pole 0.0020 642 538 691 656
pole 0.0019 1031 538 1090 645
pole 0.0018 1121 497 1202 641
pole 0.0018 802 486 813 609
pole 0.0018 1192 303 1219 590
pole 0.0018 478 544 533 684
pole 0.0018 1328 491 1360 635
pole 0.0017 1110 513 1164 625
pole 0.0016 98 658 147 740
pole 0.0016 80 466 118 766
pole 0.0016 1250 450 1280 614
pole 0.0016 658 519 688 636
pole 0.0015 1090 552 1143 636
pole 0.0015 1241 525 1294 622
pole 0.0015 1255 464 1274 572
pole 0.0015 1288 466 1356 674
pole 0.0014 95 397 114 645
pole 0.0014 1858 324 1900 630
pole 0.0013 1131 382 1210 689
pole 0.0013 744 542 849 642
pole 0.0012 877 518 922 628
pole 0.0012 114 471 140 737
pole 0.0012 514 596 534 707
pole 0.0012 1147 584 1373 683
pole 0.0011 628 587 690 668
pole 0.0011 585 595 654 693
pole 0.0011 668 515 698 640
pole 0.0011 1024 523 1064 635
pole 0.0011 1204 494 1299 641
pole 0.0011 1198 304 1232 618
pole 0.0010 51 491 111 755
pole 0.0010 934 537 968 614
pole 0.0010 626 547 738 649
pole 0.0010 574 558 687 649
pole 0.0010 1067 515 1124 624
rail-occluder 0.3925 608 638 659 695
rail-occluder 0.3212 665 643 682 666
rail-occluder 0.1725 740 629 767 653
rail-occluder 0.1649 660 641 685 675
rail-occluder 0.0495 598 631 673 719
rail-occluder 0.0489 531 647 591 672
rail-occluder 0.0409 533 649 562 672
rail-occluder 0.0390 468 656 484 676
rail-occluder 0.0325 1358 699 1885 1077
rail-occluder 0.0314 1448 710 1540 936
rail-occluder 0.0296 1029 620 1045 637
rail-occluder 0.0276 573 711 659 773
rail-occluder 0.0195 737 624 755 648
rail-occluder 0.0175 749 618 803 655
rail-occluder 0.0135 538 643 616 684
rail-occluder 0.0121 659 638 720 666
rail-occluder 0.0118 1235 633 1921 857
rail-occluder 0.0114 180 659 191 688
rail-occluder 0.0088 85 657 109 740
rail-occluder 0.0078 302 654 316 679
rail-occluder 0.0074 626 634 691 689
rail-occluder 0.0073 608 605 653 675
rail-occluder 0.0067 1440 699 1697 1036
rail-occluder 0.0060 762 609 840 663
rail-occluder 0.0052 593 635 731 685
rail-occluder 0.0047 399 673 415 711
rail-occluder 0.0046 575 616 692 667
rail-occluder 0.0042 591 658 633 716
rail-occluder 0.0041 637 632 745 664
rail-occluder 0.0039 664 618 687 668
rail-occluder 0.0035 176 661 191 705
rail-occluder 0.0035 549 670 619 711
rail-occluder 0.0031 73 669 117 747
rail-occluder 0.0029 1024 617 1050 640
rail-occluder 0.0028 460 654 491 680
rail-occluder 0.0026 565 619 698 733
rail-occluder 0.0025 1029 615 1096 641
rail-occluder 0.0024 399 690 412 728
rail-occluder 0.0020 764 539 838 633
rail-occluder 0.0019 719 622 772 651
rail-occluder 0.0018 469 653 495 675
rail-occluder 0.0017 406 642 726 718
rail-occluder 0.0017 1080 629 1128 651
rail-occluder 0.0017 110 691 153 738
rail-occluder 0.0017 1071 628 1108 651
rail-occluder 0.0016 1039 618 1092 656
rail-occluder 0.0015 633 581 689 675
rail-occluder 0.0015 511 629 535 675
rail-occluder 0.0013 501 642 545 680
rail-occluder 0.0012 134 701 170 734
rail-occluder 0.0012 396 666 416 687
rail-occluder 0.0012 1497 660 1907 964
rail-occluder 0.0011 178 637 193 686
rail-occluder 0.0010 1054 612 1122 647
rail-occluder 0.0010 1117 557 1164 630
rail-occluder 0.0010 516 652 619 710
rail-occluder 0.0010 518 635 590 697
