crossing 0.0092 794 560 869 596
crossing 0.0033 798 551 861 572
crossing 0.0032 764 622 881 681
crossing 0.0032 827 460 872 477
crossing 0.0020 809 458 851 475
crossing 0.0017 801 573 872 607
crossing 0.0012 767 607 880 650
crossing 0.0010 744 642 872 695
guard-rail 0.0024 1665 1024 1770 1076
rail 0.9664 610 456 954 1076
rail 0.9520 838 450 1781 1077
rail 0.0018 1660 1024 1772 1076
switch-static 0.0043 734 558 784 582
track-sign-front 0.0181 726 465 741 493
track-sign-front 0.0043 797 442 820 472
track-sign-front 0.0027 842 442 899 481
track-sign-front 0.0022 802 456 820 474
track-sign-front 0.0018 800 448 856 477
track-sign-front 0.0018 818 452 875 477
track-sign-front 0.0017 667 432 701 459
track-sign-front 0.0015 871 435 915 482
track-sign-front 0.0015 847 458 896 478
track-sign-front 0.0011 1565 598 1615 628
track-sign-front 0.0011 369 627 399 659
track-sign-front 0.0010 719 460 747 493
track-signal-front 0.0028 795 410 814 429
track-signal-front 0.0018 795 408 816 453
track-signal-front 0.0010 807 407 839 427
