guard-rail 0.0536 426 769 683 899
guard-rail 0.0082 783 672 858 711
guard-rail 0.0047 724 686 829 735
guard-rail 0.0041 733 671 831 716
guard-rail 0.0033 812 671 866 703
guard-rail 0.0031 730 649 952 726
guard-rail 0.0030 457 686 743 869
guard-rail 0.0026 753 661 849 704
guard-rail 0.0023 741 709 805 748
guard-rail 0.0019 791 687 850 728
guard-rail 0.0015 812 649 882 696
guard-rail 0.0014 725 667 793 703
guard-rail 0.0011 664 687 743 717
guard-rail 0.0010 445 724 665 848
rail 0.9649 899 588 1166 1077
rail 0.9142 53 580 1042 1070
rail 0.3015 693 591 1044 728
rail 0.0608 473 594 1042 872
rail 0.0265 70 722 746 1070
rail 0.0107 409 672 894 936
rail 0.0065 974 599 1032 623
rail 0.0058 627 619 970 754
rail 0.0047 676 565 1073 834
rail 0.0040 917 600 1031 630
rail 0.0032 793 592 1052 658
rail 0.0031 529 648 879 819
rail 0.0028 856 597 1036 639
rail 0.0021 1002 579 1072 607
rail 0.0016 447 670 756 877
rail 0.0013 792 578 1138 704
rail 0.0011 640 656 877 734
switch-left 0.0854 395 801 667 905
switch-left 0.0315 443 748 721 891
switch-left 0.0116 611 729 758 788
switch-left 0.0096 722 668 846 718
switch-left 0.0043 722 685 831 735
switch-left 0.0043 449 821 632 896
switch-left 0.0043 377 846 610 909
switch-left 0.0023 593 735 777 836
switch-left 0.0018 220 805 683 977
switch-left 0.0010 529 770 690 873
switch-right 0.0754 423 787 678 900
switch-right 0.0263 395 832 631 905
switch-right 0.0237 624 718 780 773
switch-right 0.0195 552 713 789 825
switch-right 0.0170 597 657 902 775
switch-right 0.0108 471 709 829 881
switch-right 0.0104 705 652 890 725
switch-right 0.0080 646 676 854 760
switch-right 0.0053 740 659 868 708
switch-right 0.0052 654 698 798 751
switch-right 0.0030 702 670 823 715
switch-right 0.0025 569 735 756 805
switch-right 0.0018 500 766 717 876
switch-right 0.0012 635 733 742 782
switch-unknown 0.0276 981 603 1021 620
switch-unknown 0.0170 986 592 1041 617
switch-unknown 0.0160 609 722 771 778
switch-unknown 0.0063 1007 578 1065 609
switch-unknown 0.0056 938 605 1012 627
switch-unknown 0.0033 917 606 980 627
switch-unknown 0.0012 895 606 953 630
switch-static 0.0081 409 767 651 891
switch-static 0.0028 453 747 627 848
switch-static 0.0019 461 756 581 822
switch-static 0.0011 483 764 552 797
track-sign-front 0.0542 1061 564 1079 591
track-sign-front 0.0326 1063 568 1079 608
track-sign-front 0.0126 1058 476 1082 611
track-sign-front 0.0124 1066 597 1077 623
track-sign-front 0.0033 1067 604 1080 631
track-sign-front 0.0032 1025 561 1079 601
track-sign-front 0.0022 1048 566 1091 592
track-sign-front 0.0012 903 538 915 606
pole 0.3108 1061 422 1078 625
pole 0.0247 983 470 996 602
pole 0.0153 946 482 955 607
pole 0.0110 970 481 996 607
pole 0.0059 1057 459 1071 605
pole 0.0055 901 446 915 618
pole 0.0047 979 520 1003 612
pole 0.0045 982 411 1001 622
pole 0.0042 1061 482 1086 613
pole 0.0027 1038 426 1082 692
pole 0.0024 841 395 856 660
pole 0.0019 1030 489 1081 615
pole 0.0016 1067 442 1080 582
pole 0.0014 994 491 1035 611
pole 0.0014 944 532 958 611
pole 0.0012 1000 545 1052 614
pole 0.0011 1030 556 1076 607
pole 0.0010 1056 407 1089 627
rail-occluder 0.0020 908 652 929 671
