rail 0.9636 224 520 833 1078
rail 0.0013 383 580 630 1028
track-sign-front 0.0359 1174 609 1234 825
track-sign-front 0.0312 1535 383 1605 490
track-sign-front 0.0215 977 558 1019 702
track-sign-front 0.0117 1536 838 1615 1050
track-sign-front 0.0096 603 394 630 424
track-sign-front 0.0029 1452 374 1611 496
track-sign-front 0.0021 500 453 525 481
track-sign-front 0.0018 1303 658 1363 885
track-sign-front 0.0014 1481 202 1620 562
track-sign-front 0.0010 1435 177 1623 433
track-signal-front 0.0065 603 392 630 426
person 0.5115 761 452 821 613
person 0.0571 705 441 820 616
person 0.0087 873 485 929 636
person 0.0047 695 448 772 609
person 0.0023 781 464 830 591
pole 0.4101 256 14 302 645
pole 0.0359 263 262 295 611
pole 0.0167 226 8 326 649
pole 0.0058 247 265 287 610
pole 0.0053 209 14 285 638
pole 0.0024 189 362 220 601
pole 0.0014 1453 89 1612 1055
pole 0.0014 191 214 261 639
pole 0.0010 226 300 298 685
pole 0.0010 192 455 218 567
rail-occluder 0.0813 193 533 224 615
rail-occluder 0.0373 197 532 239 596
rail-occluder 0.0082 187 527 252 627
rail-occluder 0.0066 193 498 215 590
rail-occluder 0.0030 196 499 257 566
rail-occluder 0.0026 206 533 269 566
rail-occluder 0.0021 205 542 265 599
rail-occluder 0.0010 201 484 244 545
rail-occluder 0.0010 210 506 271 549
