guard-rail 0.6228 953 629 1040 1077
guard-rail 0.6053 864 640 941 1073
guard-rail 0.4148 848 582 992 1076
guard-rail 0.0115 957 687 1004 1042
guard-rail 0.0018 970 648 1020 962
guard-rail 0.0018 678 627 1048 1085
guard-rail 0.0011 965 575 1027 602
guard-rail 0.0010 987 556 1052 595
rail 0.9336 788 564 1091 1074
rail 0.0012 1020 556 1070 590
switch-unknown 0.0020 1025 557 1065 589
track-sign-front 0.0364 915 554 927 579
track-sign-front 0.0093 910 559 925 584
track-sign-front 0.0074 920 574 936 605
track-sign-front 0.0042 908 541 924 576
track-sign-front 0.0042 825 623 845 657
track-sign-front 0.0037 915 556 948 604
track-sign-front 0.0028 920 578 960 610
track-sign-front 0.0022 916 505 929 574
track-sign-front 0.0012 829 618 850 647
track-sign-front 0.0011 936 482 957 505
pole 0.0012 1104 305 1128 559
rail-occluder 0.0037 1038 550 1082 593
rail-occluder 0.0010 1031 541 1064 585
