guard-rail 0.0071 993 711 1069 782
guard-rail 0.0032 1007 638 1026 697
guard-rail 0.0023 1018 709 1064 757
guard-rail 0.0019 493 838 622 927
guard-rail 0.0012 358 728 756 1029
guard-rail 0.0012 992 633 1024 701
guard-rail 0.0011 989 611 1018 678
guard-rail 0.0010 971 720 1090 859
train-car 0.6637 916 547 960 590
train-car 0.1386 916 552 990 585
train-car 0.0088 914 553 971 606
train-car 0.0049 887 516 988 631
train-car 0.0028 970 554 1001 579
rail 0.9615 254 587 957 1076
rail 0.8294 854 563 1205 1079
rail 0.6945 940 731 1108 1076
rail 0.0448 882 643 1091 965
rail 0.0122 1023 734 1105 1077
rail 0.0059 931 719 1019 1066
rail 0.0035 941 737 1081 879
rail 0.0027 865 745 1047 1083
rail 0.0023 988 721 1193 1074
rail 0.0023 1042 678 1189 831
rail 0.0017 483 709 688 986
rail 0.0012 1018 601 1216 971
switch-indicator 0.0065 1127 700 1161 738
switch-indicator 0.0013 1087 663 1106 692
switch-left 0.2880 945 713 1070 796
switch-left 0.0164 933 724 1071 845
switch-left 0.0024 913 622 1103 861
switch-right 0.3893 947 715 1068 792
switch-right 0.0240 940 721 1083 845
switch-static 0.2444 1072 719 1146 759
switch-static 0.1140 1063 710 1134 749
switch-static 0.0431 1123 699 1157 739
switch-static 0.0227 1047 708 1110 745
switch-static 0.0173 1124 701 1152 725
switch-static 0.0132 1083 739 1170 771
switch-static 0.0071 1134 749 1198 775
switch-static 0.0067 1124 732 1181 776
switch-static 0.0040 1089 717 1180 765
switch-static 0.0032 1077 688 1109 725
switch-static 0.0032 1018 711 1111 759
switch-static 0.0031 39 911 262 1009
switch-static 0.0023 1107 701 1170 752
switch-static 0.0018 1024 705 1157 790
switch-static 0.0013 1103 694 1147 723
switch-static 0.0012 25 937 236 1074
switch-static 0.0010 1007 662 1215 793
track-sign-front 0.0755 1071 583 1101 603
track-sign-front 0.0535 789 552 803 578
track-sign-front 0.0532 1462 588 1543 681
track-sign-front 0.0053 1082 579 1106 606
track-sign-front 0.0050 990 555 1015 577
track-sign-front 0.0034 1063 533 1079 563
track-sign-front 0.0022 996 546 1022 572
track-sign-front 0.0018 786 572 803 600
track-sign-front 0.0016 101 707 145 739
track-sign-front 0.0013 784 550 810 581
track-signal-front 0.0212 982 557 1003 576
