crossing 0.0025 1284 634 1933 1082
platform 0.0021 1627 644 1917 842
platform 0.0013 1428 606 1920 1025
rail 0.9119 686 455 1125 1077
rail 0.7278 617 427 1913 1055
rail 0.0010 1310 616 1911 1074
track-sign-front 0.0717 656 303 694 330
track-sign-front 0.0036 872 198 902 227
track-sign-front 0.0032 632 296 668 323
track-sign-front 0.0027 658 388 691 478
track-sign-front 0.0022 1085 415 1104 436
track-sign-front 0.0010 678 587 708 632
track-signal-front 0.7412 658 223 701 303
track-signal-front 0.1208 661 307 691 337
track-signal-front 0.0029 676 128 725 401
track-signal-front 0.0024 650 164 721 479
track-signal-front 0.0024 654 282 699 352
track-signal-front 0.0018 685 297 712 372
track-signal-front 0.0017 670 293 709 343
track-signal-front 0.0014 672 255 706 378
track-signal-front 0.0012 661 198 722 348
track-signal-back 0.0019 1487 213 1573 328
track-signal-back 0.0014 1525 227 1579 334
pole 0.1555 766 328 777 459
pole 0.0103 662 88 714 541
pole 0.0099 690 198 724 550
pole 0.0079 752 375 777 463
pole 0.0073 701 223 719 509
pole 0.0050 698 81 737 572
pole 0.0033 673 395 714 612
pole 0.0029 889 355 903 471
pole 0.0026 696 338 721 461
pole 0.0025 687 230 710 437
pole 0.0018 707 355 730 441
pole 0.0016 769 346 797 466
pole 0.0016 758 329 783 456
pole 0.0014 676 300 704 490
pole 0.0011 763 315 774 433
pole 0.0010 643 208 699 524
rail-occluder 0.0230 663 384 716 574
rail-occluder 0.0097 663 362 701 498
rail-occluder 0.0087 703 365 736 452
rail-occluder 0.0082 689 357 717 459
rail-occluder 0.0080 680 332 719 517
rail-occluder 0.0052 654 374 693 536
rail-occluder 0.0052 671 375 703 462
rail-occluder 0.0041 686 421 720 550
rail-occluder 0.0030 655 428 699 576
rail-occluder 0.0030 701 385 751 461
rail-occluder 0.0026 753 381 775 459
rail-occluder 0.0021 696 423 736 469
rail-occluder 0.0015 698 437 726 523
rail-occluder 0.0013 647 383 711 486
