guard-rail 0.0016 325 971 505 1074
rail 0.9621 310 622 870 1079
rail 0.9426 804 625 1216 1077
track-sign-front 0.5052 995 629 1010 646
track-sign-front 0.0223 813 582 825 600
track-sign-front 0.0097 989 628 1015 653
track-sign-front 0.0094 581 593 597 614
track-sign-front 0.0065 764 597 780 636
track-sign-front 0.0037 815 587 836 661
track-sign-front 0.0027 995 633 1010 673
track-sign-front 0.0021 760 567 779 634
track-sign-front 0.0019 801 561 825 607
track-sign-front 0.0019 822 624 838 648
track-sign-front 0.0015 764 588 785 698
track-sign-front 0.0010 812 579 826 611
track-signal-front 0.0162 580 596 594 615
track-signal-front 0.0033 581 586 596 609
pole 0.0019 764 581 781 660
pole 0.0013 763 573 784 718
