crossing 0.5748 1731 675 1839 700
crossing 0.4480 1437 675 1528 696
crossing 0.2636 1142 660 1232 678
crossing 0.1417 1637 595 1687 610
crossing 0.0311 1437 660 1536 699
crossing 0.0233 1712 674 1793 699
crossing 0.0196 1869 842 1920 888
crossing 0.0185 1469 674 1540 693
crossing 0.0122 1694 668 1811 696
crossing 0.0115 1646 594 1703 615
crossing 0.0071 1140 650 1259 692
crossing 0.0058 1143 664 1230 686
crossing 0.0050 1531 672 1584 695
crossing 0.0047 1629 596 1671 612
crossing 0.0035 1182 656 1257 675
crossing 0.0031 1616 591 1648 608
crossing 0.0024 1725 602 1902 813
crossing 0.0019 1103 654 1180 673
crossing 0.0017 1647 582 1692 606
crossing 0.0012 1243 664 1316 684
crossing 0.0012 1648 587 1722 634
guard-rail 0.0011 1708 599 1776 639
train-car 0.0374 1508 495 1580 530
train-car 0.0174 1547 499 1585 526
train-car 0.0021 1621 505 1659 532
train-car 0.0017 1627 483 1658 531
train-car 0.0011 1544 498 1630 529
train-car 0.0011 1598 497 1652 529
platform 0.7424 1571 517 1919 1080
platform 0.7061 35 523 1519 903
platform 0.1141 1731 540 1922 944
platform 0.0728 1646 524 1917 819
platform 0.0419 1744 565 1912 777
platform 0.0072 1841 593 1920 1036
platform 0.0069 1813 593 1920 824
platform 0.0041 1841 798 1919 919
platform 0.0020 1624 763 1917 1071
platform 0.0016 1884 616 1920 766
platform 0.0010 81 548 1187 729
platform 0.0010 680 525 1467 809
rail 0.9522 1260 514 1609 1078
rail 0.8468 42 518 1560 1083
rail 0.8040 1579 510 1922 1055
rail 0.2581 1648 528 1920 859
rail 0.0311 1636 515 1936 691
rail 0.0100 1729 572 1915 774
rail 0.0038 1634 530 1890 630
rail 0.0032 1834 581 1921 731
rail 0.0029 1498 522 1585 1073
rail 0.0021 1783 572 1921 678
rail 0.0017 1631 569 1861 724
rail 0.0014 1479 511 1547 542
rail 0.0013 1885 574 1920 721
rail 0.0011 1663 548 1817 604
rail 0.0010 1841 585 1920 667
rail 0.0010 1598 510 1646 537
switch-unknown 0.0017 1600 506 1646 536
switch-static 0.0428 1866 841 1922 906
switch-static 0.0079 1878 874 1919 923
switch-static 0.0031 1243 587 1274 603
switch-static 0.0025 1342 610 1382 659
switch-static 0.0017 1541 674 1585 696
switch-static 0.0014 1244 716 1291 739
switch-static 0.0013 1092 653 1146 673
switch-static 0.0010 1247 666 1316 692
switch-static 0.0010 1862 784 1923 951
track-sign-front 0.0313 1834 498 1862 518
track-sign-front 0.0245 1809 501 1824 524
track-sign-front 0.0201 1846 498 1861 517
track-sign-front 0.0109 1337 586 1358 611
track-sign-front 0.0038 1250 474 1264 495
track-sign-front 0.0034 1849 488 1864 513
track-sign-front 0.0027 1806 497 1835 532
track-sign-front 0.0020 1844 495 1862 526
track-sign-front 0.0018 1850 494 1879 520
track-sign-front 0.0010 63 524 87 554
track-sign-front 0.0010 1770 497 1801 532
track-sign-front 0.0010 582 624 603 658
track-sign-front 0.0010 1329 579 1369 618
track-signal-front 0.1210 1403 510 1414 527
track-signal-front 0.0147 1401 506 1416 533
track-signal-front 0.0117 1419 463 1438 486
track-signal-front 0.0111 1632 481 1648 501
track-signal-front 0.0090 63 460 95 507
track-signal-front 0.0074 1351 446 1373 467
track-signal-front 0.0038 1624 477 1659 533
track-signal-front 0.0033 56 466 91 533
track-signal-front 0.0028 1592 474 1610 507
track-signal-front 0.0027 5 370 83 455
track-signal-front 0.0024 1400 457 1432 496
track-signal-front 0.0022 40 455 101 516
track-signal-front 0.0020 1598 478 1651 539
track-signal-front 0.0019 1597 470 1646 505
track-signal-front 0.0017 0 375 22 436
track-signal-front 0.0017 58 445 100 500
track-signal-front 0.0014 1501 466 1544 534
track-signal-front 0.0012 61 504 91 554
track-signal-front 0.0012 1556 479 1618 536
track-signal-front 0.0011 1551 477 1587 524
pole 0.0748 1332 589 1355 676
pole 0.0019 1336 609 1358 700
pole 0.0010 68 537 86 758
rail-occluder 0.3926 1334 592 1358 652
rail-occluder 0.0942 1335 591 1355 617
rail-occluder 0.0385 1338 593 1378 657
rail-occluder 0.0252 1507 497 1547 533
rail-occluder 0.0216 1327 589 1361 678
rail-occluder 0.0085 1546 498 1585 526
rail-occluder 0.0073 1496 512 1530 541
rail-occluder 0.0057 1338 588 1377 619
rail-occluder 0.0038 1288 578 1412 681
rail-occluder 0.0028 1505 485 1532 535
rail-occluder 0.0021 1313 584 1367 696
rail-occluder 0.0018 1322 582 1394 627
rail-occluder 0.0010 1337 546 1370 654
