guard-rail 0.0039 1692 1012 1783 1069
guard-rail 0.0018 1714 1034 1785 1076
train-car 0.0358 1091 445 1665 859
rail 0.9289 777 549 1086 1073
rail 0.8494 926 502 1833 1082
rail 0.5820 1325 856 1815 1079
rail 0.0473 1523 855 1922 1075
rail 0.0440 1062 466 1674 872
rail 0.0035 761 539 914 1073
rail 0.0015 1057 624 1548 1059
rail 0.0013 807 559 934 641
rail 0.0010 847 526 1277 1064
switch-left 0.0016 821 626 915 679
switch-left 0.0015 814 657 948 727
switch-right 0.0041 817 639 937 698
switch-right 0.0039 812 615 913 669
switch-right 0.0029 816 660 940 726
switch-unknown 0.0012 808 596 909 647
track-sign-front 0.0192 1361 51 1396 84
track-sign-front 0.0137 1048 401 1069 426
track-sign-front 0.0038 1397 12 1423 59
track-sign-front 0.0016 1069 315 1093 362
track-sign-front 0.0014 517 441 545 474
track-sign-front 0.0012 1362 27 1410 92
track-signal-front 0.0452 770 263 788 286
track-signal-front 0.0019 770 299 794 343
track-signal-front 0.0019 781 311 802 340
track-signal-front 0.0014 588 339 609 389
track-signal-front 0.0013 789 311 812 362
track-signal-front 0.0011 847 364 860 390
car 0.8900 639 498 819 654
car 0.5909 1097 455 1660 877
car 0.0035 618 412 685 462
car 0.0019 477 464 948 711
person 0.7345 432 499 491 672
person 0.6777 362 470 427 663
person 0.1169 916 421 942 494
person 0.0166 350 452 403 647
person 0.0041 955 446 976 504
person 0.0037 929 424 960 496
person 0.0033 476 505 519 642
person 0.0029 341 438 379 631
person 0.0022 225 488 269 629
person 0.0022 376 540 417 672
person 0.0019 234 468 291 677
person 0.0015 906 425 933 487
person 0.0015 220 502 248 601
person 0.0012 948 423 985 506
person 0.0011 314 459 467 687
person 0.0011 1885 516 1919 816
person 0.0010 776 436 799 463
person 0.0010 773 432 790 463
person 0.0010 894 401 965 522
pole 0.0018 1882 162 1919 775
rail-occluder 0.0219 1098 455 1665 868
