guard-rail 0.8113 18 587 806 1075
guard-rail 0.2948 898 600 965 1073
guard-rail 0.0567 755 600 876 1076
guard-rail 0.0430 872 603 911 653
guard-rail 0.0255 234 599 866 944
guard-rail 0.0054 918 715 961 1059
guard-rail 0.0050 -1 725 562 1076
guard-rail 0.0039 334 629 662 1053
guard-rail 0.0032 692 623 777 658
guard-rail 0.0023 886 599 920 650
guard-rail 0.0019 862 566 1006 1066
guard-rail 0.0014 671 631 762 672
guard-rail 0.0014 887 623 920 661
guard-rail 0.0014 864 568 903 658
guard-rail 0.0012 903 627 945 878
guard-rail 0.0012 191 729 455 1005
guard-rail 0.0011 829 672 969 1070
rail 0.9322 723 556 1018 1074
rail 0.7056 -9 547 856 1081
rail 0.1078 970 611 1659 1077
rail 0.0311 870 598 911 655
rail 0.0030 866 557 911 651
rail 0.0019 714 569 869 1055
switch-left 0.0117 871 615 915 654
switch-left 0.0030 764 600 806 626
switch-left 0.0024 669 630 764 673
switch-left 0.0021 705 621 780 651
switch-left 0.0016 694 613 786 662
switch-right 0.0157 872 615 915 654
switch-right 0.0085 765 603 805 623
switch-right 0.0068 736 612 793 637
switch-right 0.0045 691 623 777 658
switch-right 0.0025 668 631 766 673
switch-static 0.0032 759 598 815 627
switch-static 0.0019 771 595 820 615
switch-static 0.0017 815 624 839 645
track-sign-front 0.0124 720 559 731 575
track-sign-front 0.0045 1212 108 1250 145
track-sign-front 0.0024 718 549 729 570
track-sign-front 0.0024 714 559 732 580
track-sign-front 0.0014 812 492 837 592
track-sign-front 0.0011 719 548 732 585
track-signal-front 0.0011 364 438 413 480
track-signal-back 0.0195 846 503 859 521
track-signal-back 0.0095 840 497 864 531
track-signal-back 0.0040 849 503 866 525
track-signal-back 0.0036 783 509 796 526
track-signal-back 0.0029 808 495 844 532
track-signal-back 0.0028 911 503 927 545
track-signal-back 0.0018 812 476 840 576
track-signal-back 0.0017 913 493 931 526
track-signal-back 0.0014 848 501 878 547
track-signal-back 0.0012 783 499 824 525
track-signal-back 0.0010 1218 333 1248 403
