guard-rail 0.0302 980 570 1036 607
guard-rail 0.0054 983 595 1042 630
guard-rail 0.0031 971 586 1011 629
guard-rail 0.0024 1009 573 1045 612
guard-rail 0.0019 936 595 984 627
guard-rail 0.0016 1014 606 1057 633
rail 0.9593 962 549 1648 1078
rail 0.9548 815 506 1028 1077
rail 0.0037 1160 613 1406 1027
rail 0.0018 798 616 894 648
rail 0.0017 805 567 974 646
rail 0.0012 832 617 916 647
switch-indicator 0.0018 1012 563 1036 594
switch-left 0.0354 948 570 1000 613
switch-right 0.2759 954 568 993 598
switch-right 0.0425 957 568 1008 609
switch-right 0.0303 956 562 993 583
switch-right 0.0285 944 575 989 611
switch-right 0.0040 941 588 994 624
switch-static 0.0419 947 567 989 596
switch-static 0.0216 986 564 1039 598
switch-static 0.0191 907 563 944 591
switch-static 0.0043 889 567 931 592
switch-static 0.0042 919 547 944 578
switch-static 0.0035 812 627 883 650
switch-static 0.0030 923 536 978 587
switch-static 0.0024 846 627 903 649
switch-static 0.0022 955 529 1010 591
switch-static 0.0012 906 570 954 601
switch-static 0.0012 863 625 922 649
switch-static 0.0011 785 624 873 654
switch-static 0.0010 1008 564 1042 592
track-sign-front 0.2401 858 480 875 506
track-sign-front 0.0870 1074 525 1088 542
track-sign-front 0.0486 1075 529 1087 547
track-sign-front 0.0429 861 535 874 555
track-sign-front 0.0410 1342 590 1359 611
track-sign-front 0.0093 1013 566 1035 589
track-sign-front 0.0080 1349 587 1366 611
track-sign-front 0.0072 1005 545 1038 584
track-sign-front 0.0067 983 484 1002 499
track-sign-front 0.0064 1017 540 1038 568
track-sign-front 0.0061 868 480 901 508
track-sign-front 0.0051 1108 498 1124 529
track-sign-front 0.0027 1002 513 1032 568
track-sign-front 0.0020 1074 502 1111 532
track-sign-front 0.0014 979 483 1012 506
track-sign-front 0.0014 1066 522 1097 545
track-sign-front 0.0013 966 482 994 503
track-sign-front 0.0011 881 492 904 574
track-sign-front 0.0010 930 510 971 559
track-sign-front 0.0010 1050 503 1089 529
track-signal-back 0.3359 883 450 899 474
track-signal-back 0.3343 857 478 876 504
track-signal-back 0.1567 851 437 897 475
track-signal-back 0.1531 859 437 877 465
track-signal-back 0.0267 858 433 874 455
track-signal-back 0.0113 888 450 920 472
track-signal-back 0.0078 877 440 900 464
track-signal-back 0.0074 878 448 905 476
track-signal-back 0.0010 851 431 879 457
