guard-rail 0.8109 1083 503 1314 1079
guard-rail 0.3819 1073 529 1112 1078
guard-rail 0.0906 1078 517 1158 1080
guard-rail 0.0060 1075 595 1098 941
guard-rail 0.0037 1067 594 1083 940
guard-rail 0.0030 1053 534 1092 1072
guard-rail 0.0024 1066 500 1087 522
guard-rail 0.0017 1071 498 1097 526
guard-rail 0.0013 1139 556 1413 1071
rail 0.7478 1054 486 1342 1078
rail 0.0066 1062 488 1093 515
track-signal-front 0.0038 1075 442 1098 482
track-signal-front 0.0025 1068 453 1102 513
pole 0.0174 1676 -17 1919 785
pole 0.0010 1537 -36 1919 1018
