guard-rail 0.0023 982 862 1003 944
train-car 0.9317 1 196 872 1083
rail 0.9680 710 557 1036 1074
rail 0.0075 875 556 905 579
rail 0.0044 884 554 914 581
rail 0.0035 864 555 904 590
track-sign-front 0.0140 969 584 985 598
track-sign-front 0.0032 973 581 1002 598
track-sign-front 0.0031 895 545 937 577
track-sign-front 0.0022 927 547 951 577
track-sign-front 0.0015 965 526 982 571
pole 0.0068 1794 23 1919 1014
pole 0.0039 1854 3 1923 861
pole 0.0023 1749 65 1882 980
pole 0.0022 1667 8 1922 991
pole 0.0016 1876 109 1919 752
pole 0.0010 1814 117 1900 735
