train-car 0.0073 8 555 677 801
train-car 0.0018 -1 476 812 885
train-car 0.0011 177 359 689 860
rail 0.9610 725 625 1024 1076
rail 0.9198 999 630 1924 1069
rail 0.0186 1220 669 1903 910
rail 0.0088 0 749 42 849
rail 0.0076 0 889 447 1073
rail 0.0034 1389 692 1671 1010
rail 0.0030 -5 923 260 1072
rail 0.0028 1329 633 1535 990
rail 0.0026 -1 781 53 872
rail 0.0026 -2 765 72 844
rail 0.0023 1449 654 1573 934
rail 0.0019 1153 498 1879 944
rail 0.0017 -1 799 294 1058
rail 0.0014 0 945 158 1080
rail 0.0013 1110 639 1651 801
rail 0.0013 1416 618 1922 792
rail 0.0012 -2 873 148 1049
switch-unknown 0.0026 920 628 954 649
switch-static 0.0552 720 856 773 888
switch-static 0.0088 728 854 807 892
switch-static 0.0023 712 768 822 962
switch-static 0.0013 728 843 777 876
switch-static 0.0011 769 866 822 902
track-sign-front 0.0176 1259 589 1276 633
track-sign-front 0.0139 375 859 398 893
track-sign-front 0.0090 1441 561 1472 592
track-sign-front 0.0073 497 590 544 613
track-sign-front 0.0065 1440 687 1474 750
track-sign-front 0.0062 356 857 400 902
track-sign-front 0.0055 1451 588 1486 711
track-sign-front 0.0047 1316 628 1335 644
track-sign-front 0.0040 765 622 778 649
track-sign-front 0.0032 1260 644 1276 689
track-sign-front 0.0023 1448 642 1479 799
track-sign-front 0.0019 334 869 452 966
track-sign-front 0.0019 762 626 776 654
track-sign-front 0.0016 1435 539 1473 597
track-signal-front 0.0015 910 591 929 629
track-signal-back 0.9193 1419 225 1525 390
track-signal-back 0.8564 523 239 632 406
track-signal-back 0.0655 1187 504 1216 554
track-signal-back 0.0153 1053 514 1067 540
track-signal-back 0.0101 537 662 589 753
track-signal-back 0.0081 1442 382 1497 436
track-signal-back 0.0024 1039 496 1062 553
track-signal-back 0.0024 522 401 588 463
track-signal-back 0.0023 1196 508 1236 558
track-signal-back 0.0022 1196 542 1221 597
track-signal-back 0.0021 1172 500 1223 575
track-signal-back 0.0020 505 251 571 399
track-signal-back 0.0011 1469 230 1533 383
track-signal-back 0.0010 1211 526 1253 575
pole 0.5188 1431 428 1496 966
pole 0.3704 988 474 1005 668
pole 0.3163 1023 476 1041 687
pole 0.1307 1414 291 1528 994
pole 0.0733 1257 437 1277 718
pole 0.0449 1028 552 1040 682
pole 0.0393 1006 467 1043 686
pole 0.0293 1429 562 1531 939
pole 0.0276 1491 433 1540 889
pole 0.0252 1411 529 1482 982
pole 0.0237 1455 346 1542 929
pole 0.0191 1095 576 1799 904
pole 0.0180 476 266 568 937
pole 0.0172 992 549 1010 674
pole 0.0161 949 532 969 657
pole 0.0157 1499 524 1527 812
pole 0.0154 1259 598 1276 688
pole 0.0153 961 515 993 661
pole 0.0153 977 505 1002 654
pole 0.0148 1080 539 1089 654
pole 0.0137 1486 695 1547 1024
pole 0.0121 1474 504 1523 828
pole 0.0120 1293 496 1709 949
pole 0.0108 1214 575 1230 686
pole 0.0105 1453 540 1483 757
pole 0.0097 1257 542 1277 677
pole 0.0083 1417 231 1485 907
pole 0.0072 1433 653 1494 1023
pole 0.0065 982 488 1014 681
pole 0.0060 1497 729 1537 963
pole 0.0050 1378 612 1506 916
pole 0.0043 1442 701 1477 976
pole 0.0043 1440 567 1478 831
pole 0.0036 1458 605 1566 979
pole 0.0035 512 394 596 940
pole 0.0032 1202 523 1223 692
pole 0.0032 1053 531 1089 664
pole 0.0031 1216 635 1229 689
pole 0.0028 997 583 1048 692
pole 0.0022 1021 539 1048 690
pole 0.0021 990 482 1001 614
pole 0.0020 1261 513 1275 644
pole 0.0020 444 325 622 961
pole 0.0020 991 604 1010 691
pole 0.0020 1223 542 1268 707
pole 0.0019 1503 605 1526 737
pole 0.0018 1596 471 1616 679
pole 0.0018 1331 615 1531 1004
pole 0.0015 1076 567 1094 661
pole 0.0015 1492 461 1530 750
pole 0.0014 1449 630 1492 912
pole 0.0013 1491 821 1538 996
pole 0.0012 1410 315 1472 726
pole 0.0010 970 470 1034 683
pole 0.0010 1016 467 1062 686
rail-occluder 0.1383 1396 713 1415 732
rail-occluder 0.0205 1390 710 1423 736
rail-occluder 0.0037 1440 675 1475 789
rail-occluder 0.0030 1513 748 1540 783
rail-occluder 0.0028 1491 720 1555 980
rail-occluder 0.0025 15 621 240 827
rail-occluder 0.0023 1520 752 1540 776
rail-occluder 0.0019 1505 753 1536 823
rail-occluder 0.0019 335 868 454 966
rail-occluder 0.0018 1448 633 1488 842
rail-occluder 0.0015 1499 743 1535 904
rail-occluder 0.0014 992 654 1007 684
rail-occluder 0.0014 1502 700 1538 816
rail-occluder 0.0011 1257 671 1276 693
