crossing 0.0317 846 564 893 584
crossing 0.0088 844 578 890 598
crossing 0.0066 1082 591 1168 620
crossing 0.0027 854 561 909 581
crossing 0.0013 815 549 894 576
guard-rail 0.0576 1199 701 1370 1079
guard-rail 0.0229 1223 694 1264 746
guard-rail 0.0194 1218 697 1275 795
guard-rail 0.0126 982 844 1098 1073
guard-rail 0.0122 1173 680 1310 825
guard-rail 0.0080 1277 752 1335 1068
guard-rail 0.0075 1079 589 1158 614
guard-rail 0.0049 1341 862 1480 1055
guard-rail 0.0043 1075 583 1138 608
guard-rail 0.0042 1142 691 1254 754
guard-rail 0.0032 840 588 888 609
guard-rail 0.0030 1254 711 1320 1032
guard-rail 0.0015 1286 787 1509 1074
guard-rail 0.0010 1243 710 1293 823
rail 0.9459 0 560 887 1048
rail 0.8640 934 542 1512 1080
rail 0.4851 1147 710 1358 1076
rail 0.0407 1052 686 1357 812
rail 0.0371 1014 612 1327 1082
rail 0.0296 1112 650 1474 1076
rail 0.0076 1127 749 1226 1078
rail 0.0050 -16 636 272 757
rail 0.0033 994 841 1092 1072
rail 0.0026 961 729 1154 1070
rail 0.0022 1127 791 1151 1083
rail 0.0022 1131 780 1181 1083
rail 0.0021 866 527 1393 876
rail 0.0017 -8 660 228 820
rail 0.0016 6 605 412 726
rail 0.0012 0 609 163 727
rail 0.0011 -10 591 261 710
switch-indicator 0.2007 1586 790 1646 908
switch-indicator 0.0045 1757 1034 1803 1082
switch-left 0.1254 1105 700 1276 786
switch-left 0.0019 1101 672 1262 733
switch-left 0.0010 1100 703 1326 876
switch-right 0.2182 1105 691 1275 769
switch-right 0.0693 1109 683 1262 738
switch-right 0.0349 1063 683 1317 806
switch-static 0.0195 1283 691 1377 724
switch-static 0.0018 1271 684 1390 741
track-sign-front 0.5673 696 577 714 603
track-sign-front 0.5268 516 604 547 641
track-sign-front 0.3419 786 549 807 571
track-sign-front 0.3033 981 611 1004 682
track-sign-front 0.1909 1270 482 1292 514
track-sign-front 0.0420 1271 511 1290 539
track-sign-front 0.0358 1270 492 1292 535
track-sign-front 0.0284 277 638 297 657
track-sign-front 0.0203 607 489 625 511
track-sign-front 0.0158 788 541 825 567
track-sign-front 0.0055 59 491 103 537
track-sign-front 0.0039 1006 573 1024 591
track-sign-front 0.0031 1271 516 1291 560
track-sign-front 0.0031 1759 1044 1803 1083
track-sign-front 0.0028 279 642 299 669
track-sign-front 0.0027 606 495 625 529
track-sign-front 0.0023 1274 506 1298 542
track-sign-front 0.0022 779 475 822 594
track-sign-front 0.0021 519 466 543 524
track-sign-front 0.0021 979 584 1016 620
track-sign-front 0.0020 1269 464 1293 540
track-sign-front 0.0017 493 220 545 269
track-sign-front 0.0014 697 573 723 598
track-sign-front 0.0013 695 579 715 639
track-sign-front 0.0012 608 471 630 505
track-sign-front 0.0011 605 591 626 630
track-sign-front 0.0010 517 493 550 685
pole 0.0666 772 279 813 850
pole 0.0493 798 369 820 596
pole 0.0181 807 435 822 568
pole 0.0170 769 350 790 611
pole 0.0156 781 346 820 688
pole 0.0134 906 449 918 561
pole 0.0122 760 342 826 746
pole 0.0092 1007 439 1021 570
pole 0.0050 2 47 76 878
pole 0.0029 799 458 829 575
pole 0.0028 737 325 849 803
pole 0.0023 770 385 802 673
pole 0.0021 509 181 551 673
pole 0.0020 16 180 101 780
pole 0.0020 904 471 930 562
pole 0.0017 759 382 784 626
pole 0.0016 763 236 822 1046
pole 0.0015 766 428 792 572
pole 0.0014 717 479 766 718
rail-occluder 0.0086 983 562 1027 592
rail-occluder 0.0085 1002 567 1026 589
rail-occluder 0.0032 938 563 999 591
rail-occluder 0.0023 939 568 965 591
rail-occluder 0.0013 1004 555 1031 585
rail-occluder 0.0013 1006 566 1055 586
