guard-rail 0.0093 1094 620 1155 654
guard-rail 0.0085 1108 634 1166 678
guard-rail 0.0061 1121 653 1163 680
guard-rail 0.0051 1212 685 1301 722
guard-rail 0.0042 1230 696 1329 738
guard-rail 0.0035 1193 683 1277 714
guard-rail 0.0028 1169 616 1245 660
guard-rail 0.0027 1271 631 1349 658
guard-rail 0.0026 1245 623 1329 651
guard-rail 0.0026 1194 653 1269 692
guard-rail 0.0025 1168 647 1246 695
guard-rail 0.0023 1269 650 1354 683
guard-rail 0.0017 1283 726 1368 770
guard-rail 0.0016 1260 679 1355 712
guard-rail 0.0015 1283 709 1366 746
guard-rail 0.0013 1215 616 1297 653
guard-rail 0.0013 1242 652 1330 691
rail 0.9182 914 569 1181 1076
rail 0.9151 1049 573 1916 1043
rail 0.6880 1125 588 1920 828
rail 0.5233 1111 581 1357 655
rail 0.2451 1077 582 1397 706
rail 0.1634 1048 577 1188 630
rail 0.1579 1039 576 1136 615
rail 0.1483 1125 568 1284 645
rail 0.1448 1179 583 1370 636
rail 0.1196 1136 516 1250 691
rail 0.1126 1059 570 1173 606
rail 0.1118 1133 446 1190 739
rail 0.1077 1030 576 1111 602
rail 0.0839 1092 568 1183 619
rail 0.0510 1113 567 1167 605
rail 0.0446 1078 533 1293 698
rail 0.0344 1019 575 1080 597
rail 0.0308 1119 513 1200 652
rail 0.0298 1063 593 1132 625
rail 0.0251 1089 571 1236 660
rail 0.0241 1237 542 1522 780
rail 0.0173 1009 575 1052 596
rail 0.0168 1172 586 1247 625
rail 0.0161 1204 593 1440 650
rail 0.0160 1248 528 1902 754
rail 0.0154 1024 584 1129 628
rail 0.0146 1148 575 1321 613
rail 0.0140 1259 388 1892 892
rail 0.0123 1044 577 1251 712
rail 0.0121 1086 637 1336 740
rail 0.0112 1079 586 1184 648
rail 0.0103 1093 608 1236 688
rail 0.0099 1415 632 1915 842
rail 0.0090 1165 601 1451 686
rail 0.0081 1113 599 1441 791
rail 0.0080 1222 576 1284 611
rail 0.0074 1327 410 1546 849
rail 0.0065 1192 628 1514 720
rail 0.0060 1241 663 1813 814
rail 0.0048 1563 686 1921 857
rail 0.0045 1002 566 1107 607
rail 0.0044 1165 556 1246 619
rail 0.0043 1136 607 1285 672
rail 0.0041 1230 594 1327 638
rail 0.0041 1225 528 1434 677
rail 0.0041 1202 633 1418 696
rail 0.0036 1211 570 1339 619
rail 0.0027 1274 600 1370 643
rail 0.0027 1126 657 1252 723
rail 0.0026 1032 578 1583 882
rail 0.0025 1194 641 1539 867
rail 0.0023 1557 346 1912 991
rail 0.0022 1616 748 1911 841
rail 0.0022 1279 608 1462 779
rail 0.0020 1035 588 1169 673
rail 0.0019 1213 612 1354 661
rail 0.0019 984 541 1349 822
rail 0.0019 1230 649 1812 961
rail 0.0016 1137 628 1281 716
rail 0.0015 1218 656 1434 719
rail 0.0014 964 571 1049 599
rail 0.0013 981 561 1155 662
rail 0.0013 1199 440 1445 759
rail 0.0013 1410 702 1909 1029
rail 0.0013 1347 624 1570 775
rail 0.0012 1154 338 1633 898
rail 0.0012 1293 591 1471 701
rail 0.0012 1250 693 1462 757
rail 0.0011 1257 588 1347 627
rail 0.0010 1058 620 1230 739
rail 0.0010 1065 599 1139 672
switch-left 0.0088 1212 692 1343 740
switch-left 0.0087 1252 717 1366 771
switch-left 0.0073 1181 663 1369 749
switch-left 0.0045 1106 630 1168 679
switch-left 0.0040 1093 617 1159 656
switch-left 0.0037 1223 706 1342 764
switch-left 0.0036 1198 682 1309 725
switch-left 0.0034 1140 660 1323 732
switch-left 0.0020 1223 667 1389 722
switch-left 0.0019 1117 648 1169 681
switch-left 0.0017 1272 705 1378 750
switch-left 0.0014 1282 738 1375 779
switch-left 0.0011 1287 720 1420 772
switch-left 0.0010 1283 680 1651 807
switch-left 0.0010 1418 732 1542 774
switch-right 0.0045 1188 667 1350 748
switch-right 0.0044 1230 712 1396 774
switch-right 0.0037 1251 706 1477 792
switch-right 0.0036 1105 629 1169 680
switch-right 0.0034 1213 652 1415 753
switch-right 0.0028 1093 616 1159 658
switch-right 0.0026 1112 645 1203 692
switch-right 0.0025 1192 689 1295 732
switch-right 0.0018 1257 702 1356 744
switch-right 0.0012 1238 708 1333 762
switch-unknown 0.1038 1035 576 1098 599
switch-unknown 0.0871 1022 576 1071 593
switch-unknown 0.0647 1014 576 1046 593
switch-unknown 0.0476 1070 596 1125 622
switch-unknown 0.0239 1081 600 1144 631
switch-unknown 0.0162 1094 594 1168 639
switch-unknown 0.0152 1154 595 1225 640
switch-unknown 0.0118 1128 589 1197 643
switch-unknown 0.0096 1132 556 1191 633
switch-unknown 0.0083 1147 561 1210 641
switch-unknown 0.0064 1155 621 1217 666
switch-unknown 0.0062 1045 588 1106 622
switch-unknown 0.0052 1119 653 1187 686
switch-unknown 0.0040 1121 622 1200 673
switch-unknown 0.0029 1149 641 1218 695
switch-unknown 0.0021 1258 603 1347 642
switch-unknown 0.0014 1255 645 1366 686
switch-static 0.0721 1447 731 1542 759
switch-static 0.0210 1254 883 1299 909
switch-static 0.0051 1156 696 1197 733
switch-static 0.0051 1437 716 1561 758
switch-static 0.0039 1159 675 1213 715
switch-static 0.0027 1365 890 1438 950
switch-static 0.0023 1157 717 1195 746
switch-static 0.0022 1263 737 1360 779
switch-static 0.0020 1144 664 1198 717
switch-static 0.0019 1193 593 1275 635
switch-static 0.0019 1781 807 1913 876
switch-static 0.0018 1120 665 1159 694
switch-static 0.0017 1174 677 1247 707
switch-static 0.0015 1502 729 1574 756
switch-static 0.0015 1415 732 1544 775
switch-static 0.0015 1386 724 1522 761
switch-static 0.0013 1414 728 1498 757
switch-static 0.0013 977 571 1039 612
switch-static 0.0012 1788 826 1842 863
switch-static 0.0012 1241 879 1308 928
switch-static 0.0012 1107 650 1238 724
switch-static 0.0012 1107 645 1158 685
switch-static 0.0011 1472 737 1557 767
switch-static 0.0011 1771 827 1856 879
switch-static 0.0010 1788 819 1876 866
track-sign-front 0.0059 1239 577 1265 607
track-sign-front 0.0042 1375 893 1440 955
track-sign-front 0.0040 191 311 242 374
track-sign-front 0.0027 1350 899 1392 952
track-sign-front 0.0025 863 528 884 580
track-sign-front 0.0020 1616 961 1653 1002
track-sign-front 0.0019 1348 899 1372 950
track-sign-front 0.0014 871 531 891 571
track-sign-front 0.0013 1597 551 1627 594
track-sign-front 0.0012 1356 797 1386 832
track-sign-front 0.0011 861 505 885 566
track-sign-front 0.0011 1331 578 1367 631
track-sign-front 0.0011 1801 101 1892 199
track-sign-front 0.0011 774 519 795 544
track-sign-front 0.0010 194 307 243 343
track-sign-front 0.0010 1506 609 1537 651
track-signal-front 0.0952 837 431 901 471
track-signal-front 0.0011 872 438 906 482
track-signal-front 0.0010 1305 475 1329 518
track-signal-back 0.7254 1132 420 1198 458
track-signal-back 0.2291 859 433 908 472
track-signal-back 0.0061 1289 256 1409 356
track-signal-back 0.0045 9 301 64 363
track-signal-back 0.0033 1297 483 1316 512
track-signal-back 0.0027 837 426 901 469
track-signal-back 0.0020 1124 329 1201 554
track-signal-back 0.0015 1291 487 1310 518
track-signal-back 0.0013 880 433 922 471
track-signal-back 0.0011 1167 418 1211 454
track-signal-back 0.0011 1296 492 1311 573
pole 0.3710 1156 385 1188 745
pole 0.2424 1347 323 1432 884
pole 0.0675 1568 212 1736 1031
pole 0.0545 1277 448 1895 899
pole 0.0491 1265 467 1496 853
pole 0.0333 1197 465 1208 590
pole 0.0301 1595 338 1697 973
pole 0.0205 1367 243 1839 1017
pole 0.0178 1171 376 1201 691
pole 0.0169 1531 408 1683 899
pole 0.0120 1640 166 1910 1026
pole 0.0111 1161 523 1192 633
pole 0.0066 1094 500 1131 610
pole 0.0064 1126 373 1193 791
pole 0.0058 1182 480 1224 606
pole 0.0047 1098 441 1121 616
pole 0.0045 1503 478 1776 857
pole 0.0041 1542 548 1669 840
pole 0.0037 1068 497 1121 610
pole 0.0037 1164 465 1205 600
pole 0.0033 1519 96 1689 973
pole 0.0032 1084 437 1113 619
pole 0.0030 1195 431 1211 605
pole 0.0029 1579 421 1805 978
pole 0.0025 1347 331 1404 736
pole 0.0024 1155 382 1179 641
pole 0.0023 1296 502 1310 597
pole 0.0023 1139 440 1203 688
pole 0.0023 1117 428 1180 688
pole 0.0022 1746 136 1924 892
pole 0.0021 1357 340 1508 818
pole 0.0019 1318 568 1498 818
pole 0.0019 1574 548 1729 942
pole 0.0016 1158 484 1182 595
pole 0.0014 1298 446 1320 541
pole 0.0014 1473 573 1671 758
pole 0.0014 1359 539 1407 714
pole 0.0014 1040 522 1093 606
pole 0.0013 1338 233 1595 851
pole 0.0011 1212 506 1253 605
pole 0.0011 1343 452 1370 703
pole 0.0010 1335 530 1364 680
rail-occluder 0.0049 1223 582 1292 621
rail-occluder 0.0035 1196 582 1269 621
rail-occluder 0.0030 1216 568 1260 613
rail-occluder 0.0011 1359 562 1431 723
