crossing 0.0028 1091 538 1173 565
crossing 0.0027 1074 532 1193 570
crossing 0.0022 1076 531 1153 559
guard-rail 0.0318 945 581 1008 622
guard-rail 0.0021 946 569 989 617
train-car 0.0043 948 507 999 535
rail 0.9215 0 505 931 990
rail 0.8980 849 511 1157 1076
rail 0.8861 932 536 1325 1077
rail 0.8832 1028 497 1922 706
rail 0.0343 1004 525 1566 735
rail 0.0310 1011 510 1920 905
rail 0.0099 926 508 975 538
rail 0.0093 953 506 1026 540
rail 0.0046 950 510 994 542
rail 0.0042 765 518 943 696
rail 0.0040 3 528 877 762
rail 0.0039 911 504 953 535
rail 0.0031 1107 451 1464 693
rail 0.0020 952 532 1018 573
rail 0.0019 1006 506 1108 556
rail 0.0018 1161 532 1766 670
rail 0.0016 1054 514 1184 552
rail 0.0013 867 507 927 535
rail 0.0012 968 493 1079 562
rail 0.0010 1015 497 1451 624
switch-left 0.0314 941 555 991 582
switch-left 0.0202 941 572 1006 620
switch-left 0.0064 930 549 982 574
switch-left 0.0019 949 586 1013 628
switch-left 0.0017 935 550 999 609
switch-right 0.2476 948 558 994 581
switch-right 0.1127 945 568 1004 611
switch-unknown 0.0078 949 510 991 542
switch-unknown 0.0063 920 504 945 532
switch-unknown 0.0021 921 497 963 534
switch-unknown 0.0015 871 508 923 533
switch-static 0.0221 927 545 986 575
switch-static 0.0153 915 554 952 572
switch-static 0.0084 989 550 1038 578
switch-static 0.0081 948 531 1020 578
switch-static 0.0016 1015 554 1051 583
track-sign-front 0.0073 597 502 621 538
track-sign-front 0.0061 544 519 565 575
track-sign-front 0.0028 580 499 622 542
track-sign-front 0.0026 604 508 627 545
track-sign-front 0.0013 1283 368 1298 395
track-signal-front 0.2727 1286 404 1317 436
track-signal-front 0.2383 538 494 559 525
track-signal-front 0.1497 1283 380 1309 431
track-signal-front 0.0366 1282 372 1300 408
track-signal-front 0.0032 1294 397 1326 435
track-signal-front 0.0024 535 484 565 535
track-signal-front 0.0015 1283 393 1315 472
track-signal-front 0.0012 551 491 607 529
track-signal-back 0.0026 1279 372 1303 409
pole 0.6658 1123 211 1166 674
pole 0.4939 1273 396 1300 735
pole 0.2461 1008 422 1019 554
pole 0.1208 1001 423 1030 561
pole 0.0523 1041 475 1539 738
pole 0.0520 1270 434 1315 777
pole 0.0276 1065 442 1076 530
pole 0.0212 1021 434 1044 561
pole 0.0174 995 447 1020 557
pole 0.0101 1013 420 1037 551
pole 0.0098 839 419 847 534
pole 0.0088 1005 480 1039 566
pole 0.0085 1378 356 1394 602
pole 0.0073 1052 444 1080 539
pole 0.0059 1277 551 1298 749
pole 0.0051 1280 390 1295 631
pole 0.0043 1142 274 1167 625
pole 0.0042 1064 403 1078 543
pole 0.0041 992 465 1034 574
pole 0.0030 1130 245 1154 598
pole 0.0029 1090 189 1205 665
pole 0.0023 1124 261 1143 609
pole 0.0023 1281 599 1299 687
pole 0.0019 1281 441 1295 573
pole 0.0017 1276 313 1307 641
pole 0.0017 1279 509 1298 647
pole 0.0014 1377 432 1392 568
pole 0.0014 1204 521 1369 736
pole 0.0013 1051 234 1136 676
pole 0.0013 1077 345 1293 662
pole 0.0012 955 302 977 564
pole 0.0010 1294 437 1349 713
rail-occluder 0.0360 1023 502 1041 566
rail-occluder 0.0211 999 498 1045 570
rail-occluder 0.0123 954 503 1025 542
rail-occluder 0.0023 1253 533 1310 727
rail-occluder 0.0013 1312 613 1363 637
rail-occluder 0.0011 1225 549 1390 714
