crossing 0.9087 634 805 938 1079
crossing 0.7744 4 775 524 1078
crossing 0.2774 5 738 338 994
crossing 0.2457 0 791 159 938
crossing 0.1170 338 786 502 839
crossing 0.0369 134 753 557 942
crossing 0.0318 -7 793 135 871
crossing 0.0291 0 790 85 922
crossing 0.0237 671 783 892 922
crossing 0.0220 266 782 511 880
crossing 0.0153 -3 782 216 888
crossing 0.0112 -5 778 239 1066
crossing 0.0111 27 610 760 1017
crossing 0.0072 393 781 525 816
crossing 0.0061 0 807 53 957
crossing 0.0060 18 885 385 1069
crossing 0.0043 92 817 431 1043
crossing 0.0042 -1 774 167 828
crossing 0.0041 406 745 535 794
crossing 0.0036 28 707 336 771
crossing 0.0030 -1 782 112 1028
crossing 0.0021 632 963 940 1078
crossing 0.0021 -1 788 50 887
crossing 0.0020 439 769 522 798
crossing 0.0020 29 761 230 829
crossing 0.0017 4 734 312 852
crossing 0.0016 0 852 40 947
crossing 0.0010 1 728 67 765
train-car 0.9172 427 431 766 737
platform 0.0070 0 672 441 882
platform 0.0021 42 701 360 763
rail 0.9453 639 550 935 1089
rail 0.7342 -1 748 538 1079
rail 0.0229 2 703 394 944
rail 0.0155 -13 555 808 1066
rail 0.0016 1885 660 1920 1051
rail 0.0014 -18 647 603 909
rail 0.0012 932 873 1859 1074
rail 0.0011 1 782 309 989
rail 0.0010 1116 982 1669 1080
rail 0.0010 1257 913 1898 1073
rail 0.0010 1321 975 1836 1084
switch-static 0.0012 907 690 948 722
track-sign-front 0.0389 1403 331 1497 414
track-sign-front 0.0063 1262 325 1299 370
track-sign-front 0.0022 778 540 806 569
track-signal-front 0.3756 1218 397 1256 552
track-signal-front 0.0138 1294 331 1377 421
track-signal-front 0.0124 1342 122 1388 194
track-signal-front 0.0070 1402 326 1499 409
track-signal-front 0.0021 1219 391 1252 460
track-signal-front 0.0020 772 539 803 567
track-signal-front 0.0014 1336 90 1401 199
track-signal-front 0.0012 1275 325 1349 392
track-signal-front 0.0010 1352 18 1491 237
track-signal-back 0.3056 1411 18 1507 180
track-signal-back 0.0710 1019 643 1093 692
track-signal-back 0.0127 1442 2 1497 51
track-signal-back 0.0093 1434 7 1500 100
track-signal-back 0.0059 1039 409 1065 455
track-signal-back 0.0029 1015 644 1043 685
track-signal-back 0.0023 1364 -4 1503 142
track-signal-back 0.0021 1042 422 1067 483
track-signal-back 0.0013 1424 -2 1498 25
track-signal-back 0.0013 1434 82 1502 172
track-signal-back 0.0013 1041 437 1062 506
track-signal-back 0.0011 1034 603 1088 695
track-signal-back 0.0011 1011 551 1052 603
track-signal-back 0.0011 1041 411 1071 514
track-signal-back 0.0010 1328 8 1470 195
person 0.0022 1883 599 1918 734
pole 0.0025 933 67 966 660
pole 0.0010 919 18 977 710
