crossing 0.1989 1498 467 1554 485
crossing 0.1223 1449 468 1505 483
crossing 0.0902 1461 467 1532 485
crossing 0.0377 1497 469 1558 503
crossing 0.0108 1429 469 1503 490
crossing 0.0072 1466 512 1525 529
crossing 0.0072 1444 474 1515 509
crossing 0.0065 1505 462 1561 479
crossing 0.0040 1490 510 1555 533
crossing 0.0029 1463 486 1538 528
crossing 0.0028 1409 471 1458 490
crossing 0.0017 1421 460 1491 485
crossing 0.0017 1490 463 1561 529
guard-rail 0.5196 687 457 1518 1079
guard-rail 0.3939 943 491 1314 1068
guard-rail 0.2754 1488 512 1558 670
guard-rail 0.1767 1033 587 1239 1080
guard-rail 0.0128 1423 444 1574 895
guard-rail 0.0086 683 604 1180 1076
guard-rail 0.0049 1490 559 1542 659
guard-rail 0.0022 1494 571 1558 698
guard-rail 0.0019 1505 526 1569 769
guard-rail 0.0014 802 590 1063 1036
rail 0.9372 658 439 1562 1082
rail 0.9098 1393 458 1582 1073
rail 0.0670 1495 507 1563 679
rail 0.0039 -1 763 139 1035
rail 0.0037 -2 748 274 1051
rail 0.0033 1538 502 1570 690
rail 0.0026 1508 469 1561 511
rail 0.0024 693 593 1264 1071
rail 0.0019 -39 694 466 1082
rail 0.0014 1500 493 1572 820
rail 0.0012 1393 498 1561 809
rail 0.0010 1 767 132 878
switch-indicator 0.0010 826 678 850 745
track-sign-front 0.0035 1136 414 1171 439
track-sign-front 0.0014 1352 436 1377 466
track-sign-front 0.0011 293 377 353 546
track-signal-front 0.6708 1134 366 1180 409
track-signal-front 0.5325 1419 367 1436 390
track-signal-front 0.0494 1343 372 1359 391
track-signal-front 0.0083 1415 363 1443 394
track-signal-front 0.0079 1457 351 1481 393
track-signal-front 0.0072 1416 367 1438 417
track-signal-front 0.0064 1343 368 1386 395
track-signal-front 0.0056 1424 340 1458 389
track-signal-front 0.0035 1338 374 1362 409
track-signal-front 0.0026 1436 338 1462 366
track-signal-front 0.0023 1482 400 1511 434
track-signal-front 0.0023 1337 371 1366 394
track-signal-front 0.0021 1368 295 1395 332
track-signal-front 0.0021 1469 369 1495 400
track-signal-front 0.0017 1371 311 1399 357
track-signal-front 0.0016 1515 382 1536 412
track-signal-front 0.0015 1372 338 1402 391
track-signal-front 0.0014 1120 323 1190 461
track-signal-front 0.0013 1304 395 1345 437
track-signal-front 0.0011 1408 322 1442 372
track-signal-front 0.0011 1374 313 1419 369
track-signal-front 0.0010 1306 391 1333 424
pole 0.0028 1546 62 1577 670
