rail 0.9679 1146 415 1908 1078
rail 0.9612 692 409 1177 1077
switch-static 0.0049 1406 590 1448 624
track-sign-front 0.8167 498 611 556 674
track-sign-front 0.7911 496 484 552 571
track-sign-front 0.7380 1871 392 1920 466
track-sign-front 0.7260 1873 469 1913 527
track-sign-front 0.0727 1870 387 1920 529
track-sign-front 0.0554 507 571 565 606
track-sign-front 0.0091 410 290 573 411
track-sign-front 0.0076 501 562 556 590
track-sign-front 0.0058 1867 453 1919 554
track-sign-front 0.0027 461 292 570 369
track-sign-front 0.0014 1856 470 1904 533
track-sign-front 0.0012 1839 391 1907 472
track-sign-front 0.0012 489 290 563 345
track-sign-front 0.0012 507 488 585 569
track-sign-front 0.0010 464 480 572 576
