guard-rail 0.0115 776 690 822 716
guard-rail 0.0097 778 680 836 710
guard-rail 0.0036 759 694 813 723
rail 0.9655 702 653 979 1078
rail 0.9647 135 655 874 1075
rail 0.0028 786 677 844 704
rail 0.0015 792 665 865 701
rail 0.0010 805 661 888 693
switch-unknown 0.0027 798 661 850 697
switch-unknown 0.0013 813 661 878 688
track-sign-front 0.4824 460 652 487 672
track-sign-front 0.0086 1705 643 1761 794
track-sign-front 0.0057 189 715 206 792
track-sign-front 0.0012 803 638 824 677
track-sign-front 0.0012 445 651 483 674
track-sign-front 0.0010 451 798 488 826
track-signal-front 0.0325 875 636 887 649
track-signal-front 0.0043 879 628 892 651
track-signal-front 0.0025 871 630 888 654
