crossing 0.0460 897 328 929 346
guard-rail 0.2651 1210 440 1251 470
guard-rail 0.0726 1040 420 1104 460
guard-rail 0.0634 1217 445 1262 475
guard-rail 0.0386 1201 434 1238 461
guard-rail 0.0378 1052 428 1113 477
guard-rail 0.0367 1227 456 1274 487
guard-rail 0.0346 1065 449 1112 485
guard-rail 0.0306 1202 437 1264 481
guard-rail 0.0205 956 316 1037 420
guard-rail 0.0181 1198 446 1235 479
guard-rail 0.0129 1176 447 1215 475
guard-rail 0.0109 1165 453 1204 488
guard-rail 0.0098 1076 450 1137 496
guard-rail 0.0088 1245 470 1288 498
guard-rail 0.0084 1073 409 1142 448
guard-rail 0.0078 1254 482 1304 516
guard-rail 0.0076 1147 457 1178 490
guard-rail 0.0070 1140 448 1174 480
guard-rail 0.0059 930 321 1013 397
guard-rail 0.0059 1096 483 1131 517
guard-rail 0.0048 1108 438 1163 480
guard-rail 0.0046 1064 334 1123 437
guard-rail 0.0042 1114 412 1147 449
guard-rail 0.0042 1067 438 1148 480
guard-rail 0.0039 1178 417 1214 447
guard-rail 0.0032 1078 383 1140 438
guard-rail 0.0029 1104 450 1167 494
guard-rail 0.0029 1269 494 1323 523
guard-rail 0.0028 1084 477 1121 509
guard-rail 0.0025 1132 439 1180 491
guard-rail 0.0021 1106 499 1133 526
guard-rail 0.0017 1104 482 1148 523
guard-rail 0.0012 1169 476 1200 512
guard-rail 0.0012 1105 388 1151 434
guard-rail 0.0011 1262 498 1307 530
guard-rail 0.0010 1042 328 1097 397
train-car 0.4050 959 281 1069 338
train-car 0.3801 1029 271 1096 336
train-car 0.2780 1089 275 1190 323
train-car 0.1401 932 277 951 300
train-car 0.0637 950 276 1104 403
train-car 0.0570 1564 299 1711 342
train-car 0.0567 1554 316 1735 352
train-car 0.0390 1115 290 1259 327
train-car 0.0374 1603 288 1673 348
train-car 0.0325 1488 298 1644 338
train-car 0.0308 926 279 956 326
train-car 0.0243 1624 309 1698 340
train-car 0.0242 1646 308 1683 339
train-car 0.0210 1433 298 1744 342
train-car 0.0195 1527 299 1606 336
train-car 0.0154 600 249 791 332
train-car 0.0136 1509 257 1743 351
train-car 0.0117 1363 298 1624 342
train-car 0.0111 587 254 709 310
train-car 0.0102 950 257 1100 348
train-car 0.0099 667 251 766 350
train-car 0.0091 1099 285 1352 336
train-car 0.0086 998 264 1125 370
train-car 0.0074 614 260 679 305
train-car 0.0064 1520 311 1617 355
train-car 0.0063 1172 274 1405 333
train-car 0.0059 1290 306 1413 349
train-car 0.0054 1114 301 1272 340
train-car 0.0044 1001 237 1054 330
train-car 0.0040 667 253 792 303
train-car 0.0039 1139 283 1215 322
train-car 0.0037 1551 288 1622 345
train-car 0.0034 1021 199 1052 345
train-car 0.0031 1173 286 1250 322
train-car 0.0030 543 227 768 343
train-car 0.0029 1536 256 1600 354
train-car 0.0026 1042 297 1098 341
train-car 0.0026 1458 284 1528 347
train-car 0.0025 1492 281 1613 331
train-car 0.0025 537 248 690 321
train-car 0.0024 1647 306 1709 334
train-car 0.0024 1577 316 1675 371
train-car 0.0023 1488 295 1565 347
train-car 0.0023 676 248 866 332
train-car 0.0022 389 236 741 331
train-car 0.0021 892 271 931 303
train-car 0.0020 620 259 654 298
train-car 0.0017 1625 304 1856 345
train-car 0.0017 705 259 758 291
train-car 0.0016 1025 253 1249 386
train-car 0.0015 1515 266 1586 342
train-car 0.0014 680 257 746 323
train-car 0.0012 915 267 953 301
train-car 0.0010 749 256 852 322
platform 0.9662 1 286 896 1077
platform 0.4672 952 288 1048 329
platform 0.1800 1172 301 1382 334
platform 0.1362 1133 298 1291 329
platform 0.0815 1138 306 1285 344
platform 0.0602 932 281 1016 314
platform 0.0472 1148 313 1320 361
platform 0.0436 924 280 960 325
platform 0.0413 1213 311 1395 345
platform 0.0372 1108 286 1368 340
platform 0.0185 953 292 1077 351
platform 0.0133 920 302 1016 351
platform 0.0129 1191 318 1281 359
platform 0.0097 903 298 954 339
platform 0.0031 1237 310 1331 343
platform 0.0027 1106 293 1497 402
platform 0.0024 1232 291 1332 337
platform 0.0012 917 237 1087 366
rail 0.9618 698 301 1068 1077
rail 0.9246 991 314 1901 1079
rail 0.9077 1110 311 1921 755
rail 0.7558 1371 327 1919 502
rail 0.7191 926 312 1106 432
rail 0.4664 1363 326 1782 430
rail 0.3223 1473 336 1908 416
rail 0.1498 1373 323 1669 401
rail 0.1380 1448 325 1796 386
rail 0.0926 1313 701 1622 1078
rail 0.0801 1429 317 1758 360
rail 0.0798 998 329 1112 440
rail 0.0766 1560 369 1920 518
rail 0.0481 1384 317 1608 361
rail 0.0400 1373 320 1522 355
rail 0.0395 1191 306 1825 469
rail 0.0390 1486 354 1842 469
rail 0.0320 972 313 1063 427
rail 0.0300 1667 359 1913 456
rail 0.0261 1724 399 1916 530
rail 0.0242 1567 334 1870 387
rail 0.0216 1782 330 1922 513
rail 0.0210 1195 306 1672 406
rail 0.0209 900 321 941 350
rail 0.0184 914 314 956 349
rail 0.0164 1318 314 1549 371
rail 0.0162 1384 316 1516 341
rail 0.0158 1357 684 1913 1074
rail 0.0157 1642 390 1924 484
rail 0.0134 942 376 1053 442
rail 0.0119 1353 319 1462 354
rail 0.0117 1477 335 1616 386
rail 0.0114 1524 314 1832 354
rail 0.0113 1059 329 1124 442
rail 0.0111 1745 404 1924 468
rail 0.0109 1581 337 1708 373
rail 0.0106 1425 336 1579 381
rail 0.0105 1240 411 1858 695
rail 0.0103 1291 676 1576 946
rail 0.0100 1407 323 1488 354
rail 0.0099 896 309 997 390
rail 0.0094 1484 373 1911 609
rail 0.0080 -3 392 486 754
rail 0.0073 1165 472 1587 1021
rail 0.0069 1392 300 1563 342
rail 0.0068 912 302 1544 948
rail 0.0068 1807 425 1918 528
rail 0.0064 1358 311 1448 340
rail 0.0063 1152 324 1289 382
rail 0.0062 1369 327 1484 367
rail 0.0061 1520 338 1658 381
rail 0.0056 1537 344 1605 379
rail 0.0052 1548 546 1700 686
rail 0.0051 1263 624 1736 1014
rail 0.0050 1453 316 1539 359
rail 0.0048 1470 350 1622 404
rail 0.0046 1378 301 1472 346
rail 0.0045 1479 321 1569 362
rail 0.0045 1504 315 1596 360
rail 0.0042 869 311 1040 439
rail 0.0041 1678 326 1903 399
rail 0.0039 1377 847 1616 1073
rail 0.0037 1486 391 1751 462
rail 0.0036 0 476 285 798
rail 0.0034 1672 318 1798 378
rail 0.0033 895 303 929 341
rail 0.0030 1724 422 1894 492
rail 0.0030 1345 311 1404 347
rail 0.0030 1109 317 1645 513
rail 0.0030 1219 311 1509 356
rail 0.0030 904 283 995 349
rail 0.0028 1764 295 1915 418
rail 0.0027 1090 297 1186 345
rail 0.0027 1420 376 1825 807
rail 0.0027 1516 356 1669 417
rail 0.0023 1009 324 1168 512
rail 0.0022 894 328 926 355
rail 0.0020 1342 350 1597 463
rail 0.0020 1563 373 1723 440
rail 0.0019 1 449 139 760
rail 0.0018 1094 307 1274 407
rail 0.0018 1563 352 1717 418
rail 0.0018 943 312 1420 722
rail 0.0017 19 332 607 629
rail 0.0017 0 522 112 698
rail 0.0017 0 559 76 673
rail 0.0017 -3 489 244 651
rail 0.0016 1594 252 1922 487
rail 0.0015 1143 340 1292 407
rail 0.0015 917 306 994 444
rail 0.0015 9 286 835 732
rail 0.0015 1766 441 1926 618
rail 0.0014 1492 365 1610 425
rail 0.0014 1248 572 1514 930
rail 0.0014 0 360 296 696
rail 0.0013 1646 418 1925 573
rail 0.0012 1109 199 1894 565
rail 0.0012 2 527 82 632
rail 0.0012 0 590 71 717
rail 0.0011 915 310 1127 516
rail 0.0010 1124 666 1536 1079
rail 0.0010 1312 424 1902 967
rail 0.0010 1066 335 1117 407
rail 0.0010 1406 345 1552 402
rail 0.0010 1827 377 1941 505
switch-indicator 0.0434 1585 558 1647 632
switch-left 0.0741 1003 382 1100 429
switch-left 0.0363 1025 390 1113 446
switch-left 0.0082 1299 647 1618 1004
switch-left 0.0074 1319 692 1594 843
switch-left 0.0019 1560 429 1681 473
switch-left 0.0011 1415 453 1535 508
switch-right 0.1797 1023 396 1113 437
switch-right 0.0637 1004 381 1100 431
switch-right 0.0095 987 368 1056 427
switch-right 0.0045 1319 694 1591 840
switch-right 0.0043 1043 390 1133 451
switch-right 0.0042 1072 412 1142 446
switch-right 0.0019 1068 442 1147 478
switch-right 0.0012 1108 439 1165 486
switch-right 0.0012 1336 652 1560 794
switch-unknown 0.0566 901 324 940 347
switch-unknown 0.0081 1419 335 1484 360
switch-unknown 0.0078 1438 337 1513 364
switch-unknown 0.0077 895 332 924 349
switch-unknown 0.0066 895 305 928 338
switch-unknown 0.0065 1493 356 1562 390
switch-unknown 0.0057 1461 341 1539 372
switch-unknown 0.0046 919 331 968 360
switch-unknown 0.0044 1493 338 1552 376
switch-unknown 0.0040 1532 358 1609 392
switch-unknown 0.0029 1465 353 1537 387
switch-unknown 0.0024 1552 363 1635 401
switch-unknown 0.0014 1574 378 1662 422
switch-unknown 0.0013 1529 375 1620 419
switch-unknown 0.0012 1645 395 1732 427
switch-unknown 0.0011 1643 407 1734 443
switch-unknown 0.0010 1596 382 1688 430
switch-static 0.2428 978 442 1038 472
switch-static 0.1512 974 423 1026 455
switch-static 0.0494 1582 555 1649 629
switch-static 0.0350 1557 558 1636 609
switch-static 0.0313 963 392 1026 439
switch-static 0.0225 1557 552 1615 594
switch-static 0.0222 952 372 1042 444
switch-static 0.0120 975 422 1068 467
switch-static 0.0096 957 391 998 423
switch-static 0.0082 1500 542 1532 571
switch-static 0.0078 1456 519 1481 546
switch-static 0.0052 1497 546 1522 575
switch-static 0.0042 1305 483 1398 517
switch-static 0.0033 1451 516 1493 548
switch-static 0.0033 963 432 1014 470
switch-static 0.0018 1404 460 1711 715
switch-static 0.0015 1593 564 1654 610
switch-static 0.0015 1532 514 1607 608
switch-static 0.0014 1452 521 1474 552
switch-static 0.0014 1440 504 1555 561
switch-static 0.0010 1641 514 1693 542
switch-static 0.0010 1077 381 1141 432
track-sign-front 0.0981 1584 563 1649 615
track-sign-front 0.0028 1902 383 1918 452
track-signal-front 0.0365 933 272 951 298
track-signal-front 0.0083 859 265 879 286
track-signal-front 0.0015 834 247 871 296
track-signal-back 0.0014 1036 231 1099 335
person 0.0246 182 368 222 476
person 0.0215 712 270 747 358
person 0.0024 683 265 761 356
person 0.0021 456 266 483 472
person 0.0017 732 288 756 362
person 0.0011 827 277 857 334
person 0.0011 135 364 280 523
pole 0.2155 1620 219 1632 360
pole 0.2118 1333 202 1346 347
pole 0.0683 1828 253 1918 511
pole 0.0678 240 -11 315 657
pole 0.0500 4 -35 83 762
pole 0.0438 1480 234 1490 340
pole 0.0294 1605 279 1674 354
pole 0.0249 1291 230 1317 339
pole 0.0176 1298 207 1310 340
pole 0.0157 1328 189 1354 351
pole 0.0116 1901 365 1920 519
pole 0.0093 1412 236 1433 336
pole 0.0090 1337 190 1350 325
pole 0.0085 1027 152 1043 346
pole 0.0063 1260 244 1319 347
pole 0.0061 1451 274 1505 354
pole 0.0057 1894 280 1918 514
pole 0.0056 1609 215 1643 368
pole 0.0050 1595 310 1654 370
pole 0.0049 1311 274 1359 360
pole 0.0043 1584 218 1616 356
pole 0.0039 1235 259 1346 342
pole 0.0036 1281 210 1302 339
pole 0.0030 1345 228 1395 345
pole 0.0028 1381 233 1432 342
pole 0.0022 1823 276 1916 408
pole 0.0021 168 -2 312 643
pole 0.0020 0 22 154 745
pole 0.0019 1020 201 1054 337
pole 0.0017 1505 241 1540 349
pole 0.0016 1497 288 1556 348
pole 0.0016 1818 82 1912 486
pole 0.0016 1585 212 1596 339
pole 0.0014 1077 178 1097 329
pole 0.0014 1 -25 48 621
pole 0.0010 1394 206 1424 337
pole 0.0010 1229 262 1288 339
rail-occluder 0.4577 1744 350 1780 405
rail-occluder 0.4521 1591 565 1649 641
rail-occluder 0.1645 1902 460 1919 552
rail-occluder 0.1610 1745 353 1819 411
rail-occluder 0.1458 1237 343 1260 366
rail-occluder 0.1114 1786 358 1821 414
rail-occluder 0.0845 1821 262 1916 483
rail-occluder 0.0749 1894 421 1920 548
rail-occluder 0.0680 1694 349 1844 405
rail-occluder 0.0536 1717 347 1788 397
rail-occluder 0.0531 1634 351 1884 440
rail-occluder 0.0523 1352 322 1383 352
rail-occluder 0.0323 1593 594 1657 668
rail-occluder 0.0312 1241 334 1260 361
rail-occluder 0.0306 1802 360 1826 412
rail-occluder 0.0263 1764 362 1808 416
rail-occluder 0.0210 1869 409 1920 545
rail-occluder 0.0162 1363 330 1386 353
rail-occluder 0.0157 1236 351 1261 381
rail-occluder 0.0150 1224 355 1257 379
rail-occluder 0.0149 1582 578 1677 695
rail-occluder 0.0142 1401 336 1449 364
rail-occluder 0.0132 1699 339 1735 378
rail-occluder 0.0116 1700 353 1747 398
rail-occluder 0.0113 1343 329 1371 352
rail-occluder 0.0110 1784 354 1846 417
rail-occluder 0.0102 1356 310 1391 346
rail-occluder 0.0097 1393 334 1428 362
rail-occluder 0.0091 1219 324 1259 361
rail-occluder 0.0091 1601 338 1643 374
rail-occluder 0.0085 1607 339 1675 373
rail-occluder 0.0081 1822 445 1916 550
rail-occluder 0.0073 1370 319 1445 358
rail-occluder 0.0071 1500 318 1551 362
rail-occluder 0.0067 1189 337 1254 377
rail-occluder 0.0066 1304 316 1365 352
rail-occluder 0.0062 1683 341 1754 378
rail-occluder 0.0058 1872 470 1919 556
rail-occluder 0.0057 1616 611 1715 708
rail-occluder 0.0053 1517 311 1579 361
rail-occluder 0.0042 1262 314 1357 345
rail-occluder 0.0042 1696 328 1733 363
rail-occluder 0.0037 1530 307 1608 353
rail-occluder 0.0036 1511 337 1580 379
rail-occluder 0.0036 1323 289 1385 362
rail-occluder 0.0034 1210 346 1269 391
rail-occluder 0.0033 1199 361 1240 381
rail-occluder 0.0031 1550 340 1628 379
rail-occluder 0.0029 1243 343 1285 369
rail-occluder 0.0029 1546 553 1617 623
rail-occluder 0.0028 1741 314 1782 398
rail-occluder 0.0028 1322 330 1350 356
rail-occluder 0.0027 1892 472 1921 582
rail-occluder 0.0027 1649 622 1721 724
rail-occluder 0.0026 1690 322 1909 403
rail-occluder 0.0025 1776 291 1904 420
rail-occluder 0.0025 1693 312 1778 378
rail-occluder 0.0023 1704 374 1766 429
rail-occluder 0.0022 1345 325 1405 358
rail-occluder 0.0022 1655 338 1729 375
rail-occluder 0.0020 1551 307 1633 359
rail-occluder 0.0019 1647 308 1707 351
rail-occluder 0.0013 1675 329 1757 365
rail-occluder 0.0012 1152 305 1231 337
rail-occluder 0.0010 1670 646 1720 721
rail-occluder 0.0010 1125 301 1198 343
