train-car 0.6173 2 507 791 704
train-car 0.0013 343 540 618 646
train-car 0.0011 195 561 774 646
rail 0.9636 884 570 1146 1077
rail 0.9526 3 577 890 1077
rail 0.9125 936 577 1918 1079
rail 0.7595 1 582 847 830
rail 0.0588 8 591 718 715
rail 0.0078 1196 617 1911 919
rail 0.0033 600 585 768 623
rail 0.0032 226 570 845 658
rail 0.0026 1045 574 1458 970
rail 0.0022 2 637 539 740
rail 0.0016 613 595 760 635
rail 0.0012 576 572 825 635
rail 0.0012 135 625 662 822
rail 0.0011 335 584 850 718
rail 0.0010 647 593 826 643
rail 0.0010 645 551 830 656
switch-indicator 0.0028 760 810 800 852
switch-unknown 0.0045 952 579 998 604
switch-unknown 0.0022 921 558 975 592
switch-unknown 0.0022 946 558 988 599
switch-unknown 0.0020 965 584 1013 609
switch-unknown 0.0017 886 556 947 598
switch-unknown 0.0010 923 569 975 610
switch-static 0.0029 1016 661 1050 679
switch-static 0.0022 760 811 800 857
track-sign-front 0.4442 1194 504 1224 536
track-sign-front 0.2672 1154 123 1221 171
track-sign-front 0.1538 474 506 492 545
track-sign-front 0.1062 1210 830 1309 927
track-sign-front 0.0367 762 520 779 555
track-sign-front 0.0251 473 483 491 538
track-sign-front 0.0228 1183 493 1225 532
track-sign-front 0.0170 1188 588 1222 709
track-sign-front 0.0167 743 500 787 561
track-sign-front 0.0157 1192 576 1222 644
track-sign-front 0.0152 752 519 781 560
track-sign-front 0.0136 715 471 746 525
track-sign-front 0.0094 1207 607 1231 690
track-sign-front 0.0084 1189 630 1214 759
track-sign-front 0.0065 1195 524 1226 564
track-sign-front 0.0062 723 459 785 544
track-sign-front 0.0053 474 525 489 559
track-sign-front 0.0052 751 464 794 543
track-sign-front 0.0048 1310 572 1332 594
track-sign-front 0.0047 470 481 497 556
track-sign-front 0.0047 1148 101 1228 219
track-sign-front 0.0047 724 487 748 553
track-sign-front 0.0046 1195 552 1227 613
track-sign-front 0.0036 1205 570 1230 632
track-sign-front 0.0033 1180 590 1219 835
track-sign-front 0.0032 1161 356 1183 398
track-sign-front 0.0030 1197 518 1224 651
track-sign-front 0.0029 1152 83 1215 168
track-sign-front 0.0026 1178 413 1227 611
track-sign-front 0.0026 1206 536 1232 570
track-sign-front 0.0024 1229 830 1292 889
track-sign-front 0.0024 1336 366 1360 396
track-sign-front 0.0019 1305 576 1328 604
track-sign-front 0.0016 1160 385 1186 436
track-sign-front 0.0015 1200 659 1239 730
track-sign-front 0.0014 747 548 811 593
track-sign-front 0.0013 1539 572 1562 609
track-sign-front 0.0012 1271 602 1293 673
track-sign-front 0.0012 1182 549 1214 619
track-sign-front 0.0012 1150 443 1183 483
track-sign-front 0.0011 1138 107 1191 176
track-sign-front 0.0011 759 525 837 591
track-sign-front 0.0010 1156 403 1185 454
track-signal-front 0.8342 1156 164 1235 368
track-signal-front 0.7733 1179 387 1283 479
track-signal-front 0.4016 885 492 897 531
track-signal-front 0.3537 1178 458 1232 496
track-signal-front 0.2098 1176 422 1250 495
track-signal-front 0.0973 885 490 897 512
track-signal-front 0.0533 886 519 897 564
track-signal-front 0.0338 1215 391 1281 462
track-signal-front 0.0099 1174 450 1250 528
track-signal-front 0.0082 1158 328 1292 610
track-signal-front 0.0069 1164 263 1236 380
track-signal-front 0.0064 1184 360 1233 409
track-signal-front 0.0037 1168 363 1251 561
track-signal-front 0.0036 712 479 738 517
track-signal-front 0.0034 877 484 900 511
track-signal-front 0.0032 1190 370 1279 436
track-signal-front 0.0030 1163 261 1261 732
track-signal-front 0.0029 1161 350 1210 405
track-signal-front 0.0023 702 462 739 502
track-signal-front 0.0021 1177 343 1230 392
track-signal-front 0.0021 1124 151 1253 401
track-signal-front 0.0020 1195 484 1235 530
track-signal-front 0.0016 1151 162 1211 283
track-signal-front 0.0016 1179 167 1277 375
track-signal-front 0.0015 1165 389 1234 476
track-signal-front 0.0014 1153 144 1239 575
track-signal-front 0.0010 877 486 906 538
pole 0.7583 734 0 813 737
pole 0.3829 1175 483 1231 854
pole 0.1717 1183 519 1215 835
pole 0.0861 1147 465 1259 916
pole 0.0859 885 523 897 626
pole 0.0458 885 521 897 575
pole 0.0391 469 338 492 637
pole 0.0233 1545 140 1602 742
pole 0.0222 1179 333 1238 787
pole 0.0195 764 36 825 708
pole 0.0189 884 566 898 618
pole 0.0163 1204 554 1231 738
pole 0.0123 478 540 489 645
pole 0.0070 1194 527 1265 786
pole 0.0048 721 350 790 690
pole 0.0041 868 497 901 656
pole 0.0039 1150 283 1307 911
pole 0.0028 726 454 748 586
pole 0.0027 469 540 492 645
pole 0.0023 864 541 899 704
pole 0.0023 1512 170 1584 750
pole 0.0021 713 498 764 701
pole 0.0019 1108 372 1250 832
pole 0.0019 1181 519 1284 888
pole 0.0019 688 18 774 739
pole 0.0018 727 471 776 728
pole 0.0017 773 421 811 625
pole 0.0016 748 383 797 581
pole 0.0015 722 493 753 600
pole 0.0015 878 561 898 664
pole 0.0015 882 580 898 637
pole 0.0014 840 453 893 675
pole 0.0014 862 442 906 612
pole 0.0014 708 426 740 607
pole 0.0014 472 497 500 637
pole 0.0012 1332 141 1378 696
pole 0.0012 1183 482 1215 686
pole 0.0011 731 349 824 753
pole 0.0011 1143 515 1206 780
pole 0.0011 808 366 887 679
pole 0.0011 778 239 849 717
pole 0.0010 739 227 775 554
rail-occluder 0.0296 1170 754 1228 852
rail-occluder 0.0058 1194 782 1314 925
rail-occluder 0.0039 591 629 617 649
rail-occluder 0.0029 588 617 620 648
rail-occluder 0.0027 1269 625 1289 674
rail-occluder 0.0020 1244 624 1283 678
rail-occluder 0.0014 1150 740 1250 897
rail-occluder 0.0013 620 589 698 615
rail-occluder 0.0013 574 612 615 647
rail-occluder 0.0010 546 570 571 625
