guard-rail 0.0288 927 668 1184 1076
guard-rail 0.0207 916 595 989 648
guard-rail 0.0127 947 594 977 631
guard-rail 0.0042 901 565 966 606
guard-rail 0.0018 959 600 994 641
guard-rail 0.0013 994 690 1141 1035
rail 0.8649 838 496 1212 1076
rail 0.0107 898 685 1167 1083
rail 0.0049 859 519 1029 1076
rail 0.0037 899 622 934 1077
rail 0.0032 861 494 925 1049
rail 0.0020 890 696 916 1031
rail 0.0014 908 696 924 1033
rail 0.0010 809 548 1077 795
switch-indicator 0.0183 799 594 818 614
switch-indicator 0.0163 974 541 984 561
switch-indicator 0.0048 791 590 821 623
switch-indicator 0.0026 834 546 850 568
switch-indicator 0.0026 971 537 986 567
switch-indicator 0.0014 796 579 817 613
switch-left 0.2427 898 597 992 668
switch-left 0.0289 897 610 1005 702
switch-left 0.0141 890 594 969 646
switch-left 0.0025 889 629 1022 737
switch-right 0.2390 899 597 988 665
switch-right 0.0658 904 593 978 632
switch-right 0.0073 894 561 960 604
switch-right 0.0018 888 544 1054 842
switch-static 0.0655 799 593 820 614
switch-static 0.0321 837 595 873 622
switch-static 0.0134 845 600 888 629
switch-static 0.0061 798 590 864 632
switch-static 0.0057 805 713 851 735
switch-static 0.0048 786 592 824 622
switch-static 0.0036 834 548 850 567
switch-static 0.0019 832 545 860 593
switch-static 0.0019 807 592 899 646
switch-static 0.0015 750 598 803 647
switch-static 0.0014 763 591 814 626
switch-static 0.0013 964 541 983 585
switch-static 0.0010 834 613 871 651
track-sign-front 0.8009 1718 583 1803 763
track-sign-front 0.0325 978 475 990 495
track-sign-front 0.0072 1673 573 1786 765
track-sign-front 0.0055 972 529 984 560
track-sign-front 0.0048 675 540 698 568
track-sign-front 0.0031 831 415 867 524
track-sign-front 0.0029 822 443 848 516
track-sign-front 0.0024 977 432 992 500
track-sign-front 0.0019 821 477 844 513
track-sign-front 0.0018 673 520 697 562
track-sign-front 0.0015 976 472 993 505
track-sign-front 0.0014 930 478 963 500
track-sign-front 0.0014 666 541 692 572
track-sign-front 0.0012 970 512 989 553
track-sign-front 0.0010 1668 583 1733 754
pole 0.0746 843 321 860 544
pole 0.0171 847 393 865 517
pole 0.0112 829 342 853 556
pole 0.0094 845 370 858 513
pole 0.0029 836 366 868 549
pole 0.0010 910 720 925 1053
