rail 0.9621 744 630 1036 1076
rail 0.9140 173 644 956 1076
rail 0.1237 7 661 867 849
rail 0.0029 5 709 534 865
rail 0.0022 303 658 889 740
rail 0.0022 -6 687 701 960
rail 0.0019 0 738 268 873
switch-static 0.0030 1155 987 1290 1035
switch-static 0.0010 1146 991 1363 1065
track-sign-front 0.8683 1299 701 1402 801
track-sign-front 0.8012 1289 581 1396 693
track-sign-front 0.7687 1201 578 1264 616
track-sign-front 0.7559 1566 783 1654 845
track-sign-front 0.5660 1292 614 1401 798
track-sign-front 0.1230 1511 502 1567 612
track-sign-front 0.0131 1553 760 1668 875
track-sign-front 0.0124 1515 485 1600 685
track-sign-front 0.0117 1282 541 1409 861
track-sign-front 0.0075 1471 589 1528 641
track-sign-front 0.0048 1012 647 1026 666
track-sign-front 0.0045 1582 837 1628 887
track-sign-front 0.0040 1191 567 1219 623
track-sign-front 0.0037 1488 518 1568 648
track-sign-front 0.0034 1296 530 1395 636
track-sign-front 0.0033 1500 553 1555 654
track-sign-front 0.0032 1561 796 1642 868
track-sign-front 0.0027 1561 474 1610 765
track-sign-front 0.0026 1167 442 1300 737
track-sign-front 0.0021 1436 124 1509 182
track-sign-front 0.0020 1497 338 1623 729
track-sign-front 0.0017 1549 381 1621 858
track-sign-front 0.0015 1580 842 1632 920
track-sign-front 0.0014 1419 579 1455 619
track-sign-front 0.0010 1536 503 1592 633
track-sign-front 0.0010 1012 630 1044 663
track-sign-front 0.0010 1001 575 1028 665
track-sign-front 0.0010 1464 576 1511 635
track-signal-front 0.8636 1333 3 1554 123
track-signal-front 0.0282 1016 500 1053 525
track-signal-front 0.0050 1399 7 1505 112
track-signal-front 0.0028 1358 54 1541 172
track-signal-front 0.0018 1356 -24 1552 83
track-signal-back 0.1324 693 531 726 555
track-signal-back 0.0193 1015 498 1056 526
track-signal-back 0.0035 1427 116 1513 181
pole 0.5391 787 510 817 686
pole 0.3189 137 66 209 950
pole 0.2094 691 536 711 732
pole 0.0457 554 523 571 730
pole 0.0273 887 549 907 658
pole 0.0222 685 515 722 726
pole 0.0189 108 39 245 1001
pole 0.0176 881 549 900 658
pole 0.0168 798 554 819 683
pole 0.0066 1002 496 1020 669
pole 0.0058 697 530 735 721
pole 0.0049 892 549 921 659
pole 0.0038 668 591 737 720
pole 0.0030 560 589 576 711
pole 0.0022 -3 24 59 914
pole 0.0020 115 133 190 819
pole 0.0014 779 498 836 685
pole 0.0014 1000 482 1041 659
pole 0.0013 -1 43 126 901
pole 0.0013 693 528 725 614
pole 0.0013 545 508 577 718
pole 0.0011 153 495 207 930
pole 0.0011 887 589 933 650
pole 0.0010 754 545 843 714
rail-occluder 0.0026 885 617 915 652
rail-occluder 0.0021 799 646 832 684
rail-occluder 0.0014 796 650 814 690
