crossing 0.0018 352 636 487 672
guard-rail 0.0159 1083 668 1169 761
guard-rail 0.0045 1057 503 1094 529
guard-rail 0.0036 1125 680 1168 760
guard-rail 0.0031 1105 507 1156 530
guard-rail 0.0027 1094 503 1117 604
guard-rail 0.0016 1071 500 1115 605
guard-rail 0.0016 1063 516 1121 652
guard-rail 0.0010 1095 624 1170 737
train-car 0.7164 723 472 820 541
train-car 0.4779 514 485 689 537
train-car 0.4545 722 472 915 538
train-car 0.2598 634 476 723 522
train-car 0.0978 189 498 603 551
train-car 0.0860 37 504 674 567
train-car 0.0812 796 462 954 530
train-car 0.0584 841 479 939 525
train-car 0.0472 388 483 555 526
train-car 0.0455 488 475 599 548
train-car 0.0449 823 421 909 540
train-car 0.0442 555 487 653 531
train-car 0.0400 881 481 944 521
train-car 0.0393 257 480 564 534
train-car 0.0363 244 488 453 542
train-car 0.0329 469 446 559 555
train-car 0.0313 4 519 57 550
train-car 0.0312 428 478 515 528
train-car 0.0278 571 478 721 532
train-car 0.0262 498 454 574 537
train-car 0.0252 353 498 584 533
train-car 0.0237 795 483 913 541
train-car 0.0223 858 482 985 537
train-car 0.0220 594 486 685 528
train-car 0.0218 670 459 878 567
train-car 0.0213 669 467 721 518
train-car 0.0184 451 489 632 560
train-car 0.0160 784 477 878 528
train-car 0.0148 373 508 755 595
train-car 0.0143 896 474 957 517
train-car 0.0141 352 472 669 535
train-car 0.0115 740 486 872 549
train-car 0.0115 285 475 377 539
train-car 0.0109 342 495 377 552
train-car 0.0097 722 459 995 562
train-car 0.0092 502 489 539 566
train-car 0.0082 464 451 737 597
train-car 0.0074 732 375 766 543
train-car 0.0073 319 468 425 557
train-car 0.0073 909 479 971 525
train-car 0.0072 378 464 443 541
train-car 0.0070 926 422 980 543
train-car 0.0069 245 511 485 562
train-car 0.0062 462 497 526 540
train-car 0.0062 29 483 678 612
train-car 0.0060 214 463 388 544
train-car 0.0059 505 483 568 566
train-car 0.0057 504 477 633 524
train-car 0.0053 416 421 510 536
train-car 0.0052 271 476 465 573
train-car 0.0045 691 460 945 672
train-car 0.0045 337 490 454 553
train-car 0.0044 802 424 962 557
train-car 0.0043 -3 520 111 570
train-car 0.0037 713 465 769 526
train-car 0.0033 689 376 721 529
train-car 0.0032 347 442 561 534
train-car 0.0032 751 469 851 523
train-car 0.0030 774 490 839 552
train-car 0.0027 625 449 1021 765
train-car 0.0025 384 495 497 538
train-car 0.0021 0 502 26 538
train-car 0.0021 849 457 997 579
train-car 0.0020 913 434 952 505
train-car 0.0018 273 482 329 571
train-car 0.0018 222 434 596 571
train-car 0.0013 0 523 84 555
train-car 0.0011 166 483 349 537
train-car 0.0011 657 418 726 527
train-car 0.0011 599 370 767 618
train-car 0.0010 166 387 536 616
rail 0.9605 1056 478 1917 1074
rail 0.9547 2 491 1043 1053
rail 0.9342 1026 485 1311 1079
rail 0.7359 0 526 691 658
rail 0.5510 1049 495 1143 755
rail 0.4867 5 530 525 609
rail 0.3589 10 522 906 727
rail 0.2112 610 530 754 582
rail 0.2103 2 547 330 598
rail 0.1898 589 538 678 592
rail 0.1271 494 540 699 610
rail 0.1170 0 550 217 587
rail 0.1154 575 518 887 590
rail 0.1103 383 546 711 658
rail 0.1013 1032 597 1226 915
rail 0.0879 618 518 738 553
rail 0.0840 614 487 742 545
rail 0.0797 149 518 738 609
rail 0.0412 1023 496 1152 1054
rail 0.0352 75 532 421 584
rail 0.0260 1068 499 1113 523
rail 0.0252 -1 554 128 585
rail 0.0236 365 583 628 667
rail 0.0216 577 544 635 588
rail 0.0201 829 487 959 534
rail 0.0187 7 556 259 620
rail 0.0186 127 496 1072 808
rail 0.0181 589 539 779 602
rail 0.0177 -3 541 357 645
rail 0.0171 135 538 424 619
rail 0.0161 480 539 648 585
rail 0.0139 649 528 744 569
rail 0.0139 465 492 724 575
rail 0.0132 1057 491 1104 520
rail 0.0132 629 542 728 587
rail 0.0130 578 491 981 647
rail 0.0128 487 512 751 646
rail 0.0118 1068 498 1188 797
rail 0.0115 5 526 316 566
rail 0.0096 256 525 584 565
rail 0.0092 211 580 698 703
rail 0.0088 432 575 677 647
rail 0.0086 -11 536 120 571
rail 0.0086 463 520 603 580
rail 0.0073 -4 552 70 588
rail 0.0071 913 493 997 571
rail 0.0069 741 472 1012 640
rail 0.0063 484 574 637 626
rail 0.0062 -5 570 121 621
rail 0.0055 350 541 639 597
rail 0.0053 4 733 611 1052
rail 0.0051 203 527 442 565
rail 0.0050 632 485 852 548
rail 0.0049 805 494 973 624
rail 0.0049 911 466 969 534
rail 0.0047 349 524 643 576
rail 0.0041 1081 493 1370 661
rail 0.0041 1053 537 1131 681
rail 0.0040 400 598 590 650
rail 0.0040 0 522 65 580
rail 0.0040 251 526 305 588
rail 0.0039 1060 486 1118 510
rail 0.0038 133 507 430 561
rail 0.0035 3 563 440 709
rail 0.0034 0 547 37 597
rail 0.0031 168 525 347 609
rail 0.0029 554 563 671 600
rail 0.0026 175 532 321 581
rail 0.0025 939 455 1001 557
rail 0.0024 1043 480 1094 506
rail 0.0024 293 561 588 622
rail 0.0024 574 441 784 616
rail 0.0023 458 593 611 641
rail 0.0022 0 599 110 640
rail 0.0021 760 501 949 589
rail 0.0021 0 562 40 626
rail 0.0020 854 499 999 588
rail 0.0020 201 549 433 592
rail 0.0019 1069 494 1114 628
rail 0.0019 1070 477 1110 517
rail 0.0019 1056 500 1098 535
rail 0.0019 0 559 74 640
rail 0.0018 -4 543 181 655
rail 0.0018 977 485 1323 759
rail 0.0017 146 426 966 696
rail 0.0017 19 565 685 793
rail 0.0017 954 531 1100 776
rail 0.0017 364 515 849 818
rail 0.0016 -20 508 181 565
rail 0.0016 60 555 152 583
rail 0.0016 7 593 202 638
rail 0.0015 543 534 960 767
rail 0.0015 272 522 372 569
rail 0.0014 690 491 794 542
rail 0.0014 326 606 563 660
rail 0.0013 1052 489 1123 546
rail 0.0013 826 470 1279 1097
rail 0.0011 897 456 1040 572
rail 0.0010 1109 496 1336 575
rail 0.0010 949 499 1021 561
switch-indicator 0.7514 1287 671 1340 780
switch-indicator 0.0880 1240 546 1259 567
switch-indicator 0.0300 921 695 1003 768
switch-indicator 0.0170 967 641 1011 683
switch-indicator 0.0160 945 651 1020 689
switch-indicator 0.0145 1248 534 1292 574
switch-indicator 0.0128 937 678 974 731
switch-indicator 0.0063 965 629 1001 675
switch-indicator 0.0040 935 658 974 712
switch-indicator 0.0039 1237 518 1273 573
switch-indicator 0.0036 1277 554 1319 590
switch-indicator 0.0025 1234 543 1269 572
switch-indicator 0.0023 1295 519 1319 593
switch-indicator 0.0023 848 739 868 765
switch-indicator 0.0021 923 638 1010 708
switch-indicator 0.0020 1299 561 1323 587
switch-indicator 0.0020 967 624 991 660
switch-indicator 0.0016 1211 684 1304 769
switch-indicator 0.0011 1292 705 1341 821
switch-indicator 0.0011 848 736 886 766
switch-left 0.2458 1040 668 1165 763
switch-left 0.0062 1074 698 1185 766
switch-left 0.0019 1058 623 1159 747
switch-right 0.2391 1039 666 1170 760
switch-right 0.0128 1045 577 1154 788
switch-unknown 0.0737 1086 503 1114 520
switch-unknown 0.0653 1073 500 1112 521
switch-unknown 0.0286 1061 492 1100 517
switch-unknown 0.0096 1089 505 1123 526
switch-unknown 0.0068 1069 475 1110 517
switch-unknown 0.0037 1040 464 1095 516
switch-unknown 0.0034 515 582 611 617
switch-unknown 0.0027 542 576 631 602
switch-unknown 0.0018 1031 478 1072 520
switch-unknown 0.0017 508 593 605 634
switch-unknown 0.0011 1101 487 1160 535
switch-unknown 0.0010 1042 507 1070 534
switch-static 0.3079 921 727 1027 770
switch-static 0.1054 969 736 1037 767
switch-static 0.0820 968 659 1026 687
switch-static 0.0738 927 684 1008 772
switch-static 0.0374 1041 562 1150 766
switch-static 0.0281 1196 732 1283 764
switch-static 0.0221 1142 647 1189 671
switch-static 0.0215 947 651 1018 689
switch-static 0.0176 935 671 997 720
switch-static 0.0052 521 553 610 587
switch-static 0.0046 871 714 1000 768
switch-static 0.0040 1180 728 1254 766
switch-static 0.0038 947 699 1033 769
switch-static 0.0037 1211 702 1278 764
switch-static 0.0035 575 569 648 593
switch-static 0.0030 966 662 1097 760
switch-static 0.0024 879 738 985 771
switch-static 0.0023 972 634 1044 684
switch-static 0.0022 1258 680 1345 791
switch-static 0.0021 974 707 1045 756
switch-static 0.0020 835 727 974 767
switch-static 0.0019 847 738 884 765
switch-static 0.0019 1188 653 1391 797
switch-static 0.0019 959 590 1088 724
switch-static 0.0017 976 661 1043 701
switch-static 0.0016 1211 535 1277 586
switch-static 0.0013 974 645 1050 717
switch-static 0.0012 1160 724 1226 768
track-sign-front 0.6583 1295 495 1312 521
track-sign-front 0.1921 863 575 900 617
track-sign-front 0.0180 1293 496 1312 540
track-sign-front 0.0134 795 535 834 560
track-sign-front 0.0024 1229 479 1249 504
track-sign-front 0.0023 1230 479 1245 538
track-sign-front 0.0016 1298 500 1322 542
track-sign-front 0.0012 790 527 833 633
track-signal-front 0.0030 372 447 381 485
track-signal-front 0.0030 321 463 365 533
track-signal-back 0.0039 1700 559 1730 690
track-signal-back 0.0020 857 402 870 480
track-signal-back 0.0020 657 428 671 498
track-signal-back 0.0018 657 429 667 466
pole 0.5981 940 213 979 571
pole 0.5800 262 196 292 681
pole 0.5779 506 246 539 575
pole 0.3856 859 417 874 536
pole 0.3451 1005 366 1024 523
pole 0.1587 955 218 1003 563
pole 0.1536 458 398 467 536
pole 0.1314 500 381 533 565
pole 0.1047 1015 385 1032 522
pole 0.0867 404 420 415 542
pole 0.0713 947 337 985 568
pole 0.0625 743 369 756 506
pole 0.0483 801 580 838 776
pole 0.0481 996 343 1027 539
pole 0.0430 506 417 552 558
pole 0.0393 697 372 714 528
pole 0.0379 452 411 471 538
pole 0.0360 202 412 212 548
pole 0.0261 274 314 292 637
pole 0.0243 357 521 372 557
pole 0.0226 491 328 553 569
pole 0.0226 474 399 521 555
pole 0.0208 266 263 287 610
pole 0.0184 843 422 891 540
pole 0.0172 254 220 312 695
pole 0.0154 345 496 372 557
pole 0.0147 929 377 977 582
pole 0.0123 436 415 475 547
pole 0.0123 908 462 947 520
pole 0.0117 389 457 436 548
pole 0.0114 848 444 934 535
pole 0.0113 967 372 1025 558
pole 0.0109 372 443 426 562
pole 0.0105 500 488 535 567
pole 0.0100 942 443 991 570
pole 0.0092 250 428 302 670
pole 0.0088 279 413 323 585
pole 0.0085 922 214 959 557
pole 0.0080 340 459 402 563
pole 0.0075 723 360 754 544
pole 0.0069 478 331 512 600
pole 0.0069 560 460 616 539
pole 0.0069 488 263 523 598
pole 0.0064 69 463 80 556
pole 0.0063 1016 412 1055 521
pole 0.0062 259 402 354 662
pole 0.0057 919 440 944 494
pole 0.0055 539 469 643 533
pole 0.0054 773 506 821 782
pole 0.0048 526 269 564 591
pole 0.0046 923 427 980 533
pole 0.0041 264 417 310 550
pole 0.0041 363 439 388 544
pole 0.0040 825 354 838 529
pole 0.0039 202 394 210 507
pole 0.0035 378 487 453 551
pole 0.0035 915 470 967 530
pole 0.0034 389 409 416 537
pole 0.0034 293 437 351 559
pole 0.0031 1119 407 1138 509
pole 0.0028 54 451 80 561
pole 0.0027 827 392 836 489
pole 0.0027 808 641 831 771
pole 0.0025 922 233 1034 562
pole 0.0025 205 292 263 652
pole 0.0025 983 367 1040 530
pole 0.0024 579 437 638 553
pole 0.0023 396 462 525 544
pole 0.0023 699 364 710 486
pole 0.0022 260 218 282 557
pole 0.0021 811 589 854 778
pole 0.0019 940 365 973 511
pole 0.0019 310 469 378 530
pole 0.0018 1312 255 1336 559
pole 0.0018 596 412 617 536
pole 0.0018 52 484 103 574
pole 0.0018 347 417 675 608
pole 0.0018 857 337 928 551
pole 0.0017 459 254 507 586
pole 0.0017 734 367 764 526
pole 0.0017 590 427 602 520
pole 0.0016 670 382 714 557
pole 0.0016 272 485 329 563
pole 0.0015 215 205 286 651
pole 0.0015 520 250 602 590
pole 0.0015 260 463 305 597
pole 0.0015 1300 227 1332 601
pole 0.0014 687 374 711 509
pole 0.0014 201 453 242 548
pole 0.0012 31 495 128 569
pole 0.0012 157 452 185 559
pole 0.0012 157 475 173 541
pole 0.0012 12 515 69 558
pole 0.0011 1077 430 1108 502
pole 0.0011 602 457 661 540
pole 0.0010 294 431 520 547
rail-occluder 0.7531 321 782 555 1059
rail-occluder 0.5372 865 573 898 672
rail-occluder 0.4592 791 528 841 773
rail-occluder 0.3174 593 543 658 582
rail-occluder 0.1449 355 536 370 558
rail-occluder 0.1375 251 744 664 1041
rail-occluder 0.0460 618 540 682 592
rail-occluder 0.0340 166 563 182 588
rail-occluder 0.0304 0 670 888 1127
rail-occluder 0.0260 790 545 834 686
rail-occluder 0.0259 577 545 635 588
rail-occluder 0.0254 167 575 180 617
rail-occluder 0.0247 508 546 538 584
rail-occluder 0.0242 890 480 939 522
rail-occluder 0.0221 4 520 58 558
rail-occluder 0.0199 945 518 989 569
rail-occluder 0.0196 263 552 298 667
rail-occluder 0.0191 807 553 856 772
rail-occluder 0.0188 815 562 883 688
rail-occluder 0.0174 267 581 292 659
rail-occluder 0.0116 508 517 552 583
rail-occluder 0.0116 153 561 183 586
rail-occluder 0.0100 241 552 320 668
rail-occluder 0.0097 311 771 534 928
rail-occluder 0.0092 505 546 568 586
rail-occluder 0.0080 169 595 183 625
rail-occluder 0.0078 794 531 835 567
rail-occluder 0.0078 764 460 886 658
rail-occluder 0.0071 255 583 280 615
rail-occluder 0.0070 866 492 927 529
rail-occluder 0.0061 154 573 184 616
rail-occluder 0.0057 350 542 377 576
rail-occluder 0.0057 260 538 298 616
rail-occluder 0.0056 159 544 192 582
rail-occluder 0.0054 11 520 86 575
rail-occluder 0.0050 864 562 896 751
rail-occluder 0.0049 319 532 408 562
rail-occluder 0.0044 700 450 867 676
rail-occluder 0.0042 859 556 922 675
rail-occluder 0.0040 1231 502 1245 564
rail-occluder 0.0037 896 495 946 527
rail-occluder 0.0037 937 494 1002 567
rail-occluder 0.0035 939 493 970 572
rail-occluder 0.0035 586 559 671 600
rail-occluder 0.0034 166 570 218 613
rail-occluder 0.0030 33 554 129 581
rail-occluder 0.0027 800 594 839 746
rail-occluder 0.0027 267 525 325 577
rail-occluder 0.0027 813 529 965 660
rail-occluder 0.0026 560 552 696 607
rail-occluder 0.0025 952 516 1015 565
rail-occluder 0.0024 284 524 355 563
rail-occluder 0.0023 264 515 313 628
rail-occluder 0.0022 189 555 256 585
rail-occluder 0.0022 513 540 609 583
rail-occluder 0.0022 161 551 236 590
rail-occluder 0.0021 326 683 564 964
rail-occluder 0.0020 249 593 284 641
rail-occluder 0.0020 216 547 284 592
rail-occluder 0.0019 734 524 924 777
rail-occluder 0.0018 324 545 376 589
rail-occluder 0.0018 868 497 997 589
rail-occluder 0.0018 707 508 841 580
rail-occluder 0.0017 138 571 199 616
rail-occluder 0.0016 133 538 191 580
rail-occluder 0.0016 769 523 824 769
rail-occluder 0.0015 230 599 334 667
rail-occluder 0.0015 236 552 370 634
rail-occluder 0.0015 150 596 185 629
rail-occluder 0.0014 121 557 214 589
rail-occluder 0.0014 684 525 764 567
rail-occluder 0.0014 717 529 788 563
rail-occluder 0.0013 156 511 191 567
rail-occluder 0.0013 450 552 533 588
rail-occluder 0.0013 729 520 814 565
rail-occluder 0.0012 197 574 354 685
rail-occluder 0.0012 430 522 506 567
rail-occluder 0.0012 384 521 455 562
rail-occluder 0.0012 295 748 459 966
rail-occluder 0.0011 828 644 1008 758
rail-occluder 0.0011 130 562 403 632
rail-occluder 0.0011 159 537 243 578
rail-occluder 0.0011 167 599 211 628
rail-occluder 0.0011 835 540 891 669
rail-occluder 0.0010 369 647 461 672
rail-occluder 0.0010 459 519 532 576
rail-occluder 0.0010 430 558 505 588
rail-occluder 0.0010 282 554 354 591
rail-occluder 0.0010 463 600 564 639
