crossing 0.7584 868 642 962 753
crossing 0.6773 610 651 827 755
crossing 0.2490 615 701 768 752
crossing 0.0821 666 655 807 726
crossing 0.0745 885 641 952 673
crossing 0.0435 851 681 950 761
crossing 0.0253 619 721 726 753
crossing 0.0120 582 675 794 783
crossing 0.0117 836 665 962 804
crossing 0.0050 820 618 874 638
crossing 0.0047 639 664 752 753
crossing 0.0044 706 639 831 722
crossing 0.0030 885 640 967 712
crossing 0.0030 602 736 690 755
crossing 0.0027 737 639 829 686
crossing 0.0025 896 630 946 656
crossing 0.0021 609 731 718 770
crossing 0.0017 439 493 1004 1051
crossing 0.0017 755 629 835 655
crossing 0.0015 870 673 908 758
crossing 0.0013 754 595 834 642
crossing 0.0012 898 639 961 663
crossing 0.0010 628 570 834 777
crossing 0.0010 793 614 868 643
guard-rail 0.0012 976 883 1005 1054
rail 0.9242 -1 584 898 1079
rail 0.9070 725 569 1013 1074
rail 0.0018 1886 577 1920 1055
rail 0.0010 270 602 733 1038
switch-static 0.0010 980 716 1060 750
track-sign-front 0.0067 667 540 686 565
track-sign-front 0.0039 1031 638 1062 684
track-sign-front 0.0030 670 536 688 558
track-sign-front 0.0019 1091 602 1111 653
track-sign-front 0.0019 1048 635 1077 677
track-sign-front 0.0014 668 544 690 578
track-sign-front 0.0014 918 529 951 565
track-sign-front 0.0013 1249 655 1272 719
track-sign-front 0.0012 1090 603 1115 685
track-sign-front 0.0012 1160 614 1210 673
track-signal-front 0.0087 545 599 583 683
track-signal-front 0.0052 424 610 475 667
track-signal-front 0.0049 1161 612 1206 664
track-signal-front 0.0014 1016 565 1037 617
track-signal-front 0.0010 544 592 579 648
track-signal-back 0.0028 1160 614 1207 668
person 0.0161 547 600 582 680
person 0.0078 426 608 476 679
person 0.0048 390 602 473 699
person 0.0024 356 604 407 714
pole 0.0014 906 177 941 735
pole 0.0012 879 -34 976 696
rail-occluder 0.0015 730 573 835 641
