train-car 0.9200 887 318 1917 1074
rail 0.9558 855 569 1131 1077
rail 0.8367 0 574 815 853
rail 0.3412 0 573 743 718
rail 0.0052 -7 606 549 757
rail 0.0013 -4 616 346 735
rail 0.0010 48 614 805 1054
rail 0.0010 194 574 795 655
track-sign-front 0.0142 684 555 695 576
track-sign-front 0.0023 943 535 953 583
track-sign-front 0.0019 943 552 956 592
track-signal-front 0.0188 875 543 890 563
track-signal-front 0.0029 874 548 891 575
track-signal-front 0.0010 877 513 900 566
pole 0.0036 280 242 334 667
pole 0.0013 297 245 348 613
