guard-rail 0.5621 1645 835 1919 1057
guard-rail 0.1250 1631 836 1899 954
guard-rail 0.0419 1753 874 1923 1076
guard-rail 0.0343 1727 844 1920 998
guard-rail 0.0185 859 623 948 657
guard-rail 0.0151 876 602 954 642
guard-rail 0.0150 1618 826 1825 917
guard-rail 0.0125 1822 897 1923 1069
guard-rail 0.0058 867 637 946 674
guard-rail 0.0048 834 602 924 649
guard-rail 0.0039 1829 822 1921 1003
guard-rail 0.0032 1633 832 1775 896
guard-rail 0.0032 1546 745 1947 1069
guard-rail 0.0026 1730 797 1929 946
guard-rail 0.0024 1600 794 1877 893
guard-rail 0.0021 1879 891 1918 1041
guard-rail 0.0010 1884 828 1920 996
train-car 0.8291 981 373 1920 761
train-car 0.0012 1192 417 1726 670
rail 0.9268 830 589 1393 1080
rail 0.8765 842 571 1926 1049
rail 0.3067 813 590 1008 652
rail 0.0861 832 614 970 666
rail 0.0632 964 516 1922 861
rail 0.0486 892 607 1013 646
rail 0.0449 808 585 953 629
rail 0.0304 861 585 1069 624
rail 0.0263 809 580 1040 685
rail 0.0209 1690 870 1926 1082
rail 0.0147 1006 609 1042 634
rail 0.0131 922 618 1009 659
rail 0.0126 1646 802 1923 931
rail 0.0083 839 604 1066 1076
rail 0.0073 837 580 963 609
rail 0.0069 831 576 1060 606
rail 0.0068 979 664 1267 1024
rail 0.0062 797 592 929 647
rail 0.0059 829 587 921 620
rail 0.0050 847 591 1372 729
rail 0.0050 856 632 956 682
rail 0.0047 1775 742 1922 865
rail 0.0047 943 610 1041 647
rail 0.0043 935 806 1402 1090
rail 0.0037 878 588 958 624
rail 0.0034 1756 776 1921 955
rail 0.0032 900 588 1120 642
rail 0.0032 1614 827 1883 1035
rail 0.0031 946 599 1334 683
rail 0.0027 865 587 1280 654
rail 0.0025 1828 789 1921 914
rail 0.0024 812 601 932 676
rail 0.0024 810 578 1410 846
rail 0.0024 811 580 889 617
rail 0.0020 1680 738 1922 897
rail 0.0019 832 595 1016 772
rail 0.0019 1791 724 1920 819
rail 0.0018 793 581 1132 813
rail 0.0018 1831 752 1921 838
rail 0.0017 843 616 895 659
rail 0.0016 1223 652 1892 960
rail 0.0014 847 622 916 692
rail 0.0014 802 537 979 675
rail 0.0012 1537 769 1885 916
rail 0.0011 0 567 155 790
rail 0.0011 880 546 1068 642
rail 0.0010 796 567 888 602
rail 0.0010 884 598 1151 663
switch-indicator 0.2856 1020 615 1040 637
switch-indicator 0.0439 1014 611 1037 632
switch-indicator 0.0070 1025 614 1073 634
switch-indicator 0.0021 843 619 890 656
switch-indicator 0.0019 859 627 895 687
switch-indicator 0.0015 1292 625 1315 650
switch-indicator 0.0011 841 676 877 710
switch-left 0.2078 945 938 1388 1071
switch-left 0.0195 1135 639 1297 683
switch-left 0.0127 993 981 1343 1065
switch-left 0.0054 1184 650 1319 687
switch-left 0.0017 1052 621 1300 677
switch-left 0.0015 960 1014 1388 1090
switch-right 0.1635 933 626 1008 655
switch-right 0.0183 918 612 1000 647
switch-right 0.0169 1158 639 1260 675
switch-right 0.0136 879 625 948 655
switch-right 0.0098 1098 627 1288 675
switch-right 0.0070 1182 649 1322 686
switch-right 0.0025 932 635 1014 665
switch-unknown 0.0407 1145 638 1272 677
switch-unknown 0.0314 1123 632 1246 668
switch-unknown 0.0108 1123 631 1213 657
switch-unknown 0.0038 1104 627 1184 650
switch-unknown 0.0022 864 574 933 608
switch-unknown 0.0020 839 571 907 606
switch-unknown 0.0020 926 585 1014 619
switch-unknown 0.0020 1092 615 1152 636
switch-unknown 0.0017 1107 617 1166 644
switch-unknown 0.0015 1052 611 1120 632
switch-unknown 0.0013 901 588 988 624
switch-static 0.0072 951 609 1039 650
switch-static 0.0034 843 685 872 708
switch-static 0.0030 1123 627 1196 653
switch-static 0.0012 1289 626 1314 650
switch-static 0.0011 838 676 882 709
track-sign-front 0.0136 806 583 830 614
track-sign-front 0.0101 806 564 840 607
track-sign-front 0.0062 455 118 533 169
track-sign-front 0.0040 792 495 829 542
track-sign-front 0.0033 1253 551 1268 596
track-sign-front 0.0032 1252 511 1269 606
track-sign-front 0.0029 806 590 827 638
track-sign-front 0.0019 1257 485 1275 568
track-sign-front 0.0017 814 549 868 607
track-sign-front 0.0014 1252 442 1269 585
track-sign-front 0.0013 1700 304 1717 329
track-sign-front 0.0010 1253 569 1267 638
track-signal-back 0.0244 975 415 992 442
track-signal-back 0.0041 782 503 801 533
track-signal-back 0.0025 786 490 819 538
track-signal-back 0.0021 795 487 832 551
pole 0.3211 922 463 935 595
pole 0.1200 979 427 997 588
pole 0.0475 814 422 841 627
pole 0.0399 802 79 837 732
pole 0.0375 1019 443 1029 573
pole 0.0353 1252 360 1270 660
pole 0.0313 822 437 858 612
pole 0.0302 1245 295 1276 649
pole 0.0215 983 485 996 588
pole 0.0186 1087 336 1104 622
pole 0.0174 1145 306 1163 567
pole 0.0163 845 465 872 591
pole 0.0123 1007 455 1029 592
pole 0.0071 1017 434 1035 580
pole 0.0069 1140 312 1169 621
pole 0.0062 1107 321 1161 620
pole 0.0051 978 409 995 515
pole 0.0050 914 465 943 600
pole 0.0047 813 456 834 582
pole 0.0034 833 449 867 580
pole 0.0033 801 354 855 698
pole 0.0032 1333 329 1354 637
pole 0.0031 808 555 838 615
pole 0.0025 797 82 825 597
pole 0.0024 1132 366 1159 649
pole 0.0023 970 403 1001 575
pole 0.0022 923 467 950 580
pole 0.0022 1089 393 1103 532
pole 0.0020 1089 319 1115 555
pole 0.0020 1254 448 1275 608
pole 0.0018 1231 360 1270 650
pole 0.0018 1088 468 1102 587
pole 0.0017 877 467 929 592
pole 0.0016 799 453 865 646
pole 0.0015 1081 365 1128 639
pole 0.0015 1254 291 1280 564
pole 0.0013 1248 417 1284 680
pole 0.0013 1287 280 1344 673
pole 0.0012 978 436 1065 580
pole 0.0012 1086 436 1112 624
pole 0.0011 901 484 957 596
pole 0.0011 1147 370 1161 509
pole 0.0011 1091 394 1112 526
pole 0.0010 1140 390 1163 529
pole 0.0010 1248 294 1269 480
pole 0.0010 1047 389 1074 627
pole 0.0010 1146 382 1177 617
rail-occluder 0.0102 1013 609 1039 634
rail-occluder 0.0034 806 581 830 615
rail-occluder 0.0026 952 587 1040 624
rail-occluder 0.0025 806 590 829 635
rail-occluder 0.0014 1253 594 1267 644
rail-occluder 0.0011 972 557 1015 608
rail-occluder 0.0011 1042 589 1091 624
rail-occluder 0.0011 1361 639 1393 670
