train-car 0.0049 1102 458 1450 526
train-car 0.0040 1211 439 1526 512
train-car 0.0030 1150 469 1709 577
train-car 0.0012 79 463 547 641
train-car 0.0012 1233 429 1783 552
train-car 0.0011 1251 404 1486 501
platform 0.9271 1072 502 1892 1074
platform 0.5812 12 490 1029 964
platform 0.0012 1251 508 1484 567
rail 0.9555 88 494 1039 1074
rail 0.9470 1028 493 1317 1074
rail 0.6804 446 496 970 605
rail 0.2919 1155 494 1904 684
rail 0.1841 1130 506 1453 603
rail 0.1788 17 505 1013 695
rail 0.0610 408 513 837 589
rail 0.0465 1105 496 1915 850
rail 0.0260 1036 484 1436 569
rail 0.0222 1236 509 1469 576
rail 0.0131 1124 493 1724 618
rail 0.0075 1264 527 1438 606
rail 0.0062 1435 484 1723 691
rail 0.0059 37 500 501 689
rail 0.0056 1102 498 1365 544
rail 0.0050 1073 490 1456 657
rail 0.0049 510 501 894 574
rail 0.0047 409 448 1020 782
rail 0.0043 1237 527 1469 648
rail 0.0042 1402 505 1979 637
rail 0.0039 1380 514 1903 763
rail 0.0023 1003 488 1085 515
rail 0.0019 980 485 1053 511
rail 0.0015 960 485 1030 514
rail 0.0015 445 539 761 626
rail 0.0014 1330 493 1491 615
rail 0.0014 1038 452 1509 765
rail 0.0014 1028 490 1104 521
rail 0.0013 1031 487 1196 520
rail 0.0010 948 482 976 514
rail 0.0010 49 485 607 803
switch-unknown 0.0021 1013 478 1077 513
switch-unknown 0.0018 1044 477 1091 523
switch-unknown 0.0011 1056 500 1083 527
switch-unknown 0.0010 1072 500 1104 527
track-sign-front 0.0295 1207 452 1223 476
track-sign-front 0.0145 948 454 961 509
track-sign-front 0.0050 944 447 968 512
track-sign-front 0.0047 1205 449 1238 496
track-sign-front 0.0045 947 482 974 514
track-sign-front 0.0028 1204 472 1229 534
track-sign-front 0.0020 502 455 522 564
track-sign-front 0.0015 1207 449 1231 481
track-sign-front 0.0012 1196 443 1215 472
track-sign-front 0.0012 1205 434 1221 467
track-sign-front 0.0010 1143 447 1289 493
track-signal-front 0.0095 1073 413 1104 507
track-signal-front 0.0059 945 426 961 497
track-signal-front 0.0034 1031 429 1058 506
track-signal-front 0.0032 1004 433 1017 449
track-signal-front 0.0016 986 427 1018 488
track-signal-front 0.0015 1047 410 1101 502
track-signal-front 0.0012 993 418 1035 493
track-signal-front 0.0010 1018 445 1064 506
track-signal-front 0.0010 991 449 1049 507
pole 0.2488 455 435 487 631
pole 0.0586 1448 408 1467 653
pole 0.0367 1210 197 1248 532
pole 0.0345 447 454 476 642
pole 0.0308 1104 387 1131 522
pole 0.0184 1122 401 1138 521
pole 0.0126 948 430 960 505
pole 0.0113 469 395 500 634
pole 0.0086 494 431 519 623
pole 0.0085 1393 455 1525 640
pole 0.0075 1072 426 1100 509
pole 0.0059 1424 430 1718 657
pole 0.0057 822 402 833 514
pole 0.0055 466 457 489 608
pole 0.0051 1427 450 1487 640
pole 0.0041 259 465 449 666
pole 0.0040 1449 420 1466 551
pole 0.0034 331 459 376 670
pole 0.0028 1194 192 1236 537
pole 0.0025 1452 462 1468 607
pole 0.0021 1492 397 1647 686
pole 0.0020 206 427 231 614
pole 0.0017 467 310 512 677
pole 0.0016 162 479 395 667
pole 0.0015 453 478 502 655
pole 0.0014 474 455 528 633
pole 0.0014 1450 457 1476 676
pole 0.0014 504 400 523 594
pole 0.0013 947 455 968 510
pole 0.0012 1118 381 1132 503
pole 0.0011 1455 415 1473 542
pole 0.0011 462 509 494 632
pole 0.0010 1081 394 1102 502
pole 0.0010 824 420 840 500
rail-occluder 0.3026 1319 483 1822 685
rail-occluder 0.1790 1457 470 1704 687
rail-occluder 0.0248 166 469 476 674
rail-occluder 0.0139 301 454 475 657
rail-occluder 0.0083 950 482 961 511
rail-occluder 0.0024 1409 450 1639 648
rail-occluder 0.0016 1454 457 1545 642
rail-occluder 0.0010 1088 468 1132 526
