rail 0.8670 0 662 774 1079
rail 0.0066 245 790 741 1078
rail 0.0012 334 791 573 1064
rail 0.0010 409 882 713 1084
rail 0.0010 108 688 1286 1073
track-sign-front 0.4321 977 625 1029 679
track-sign-front 0.0305 63 704 94 737
track-sign-front 0.0125 60 704 103 756
track-sign-front 0.0050 1861 343 1923 581
track-sign-front 0.0038 983 634 1035 700
track-sign-front 0.0027 102 756 142 816
track-sign-front 0.0026 1828 569 1922 648
track-sign-front 0.0023 84 729 134 813
track-sign-front 0.0020 108 798 150 849
track-sign-front 0.0019 970 605 1039 718
track-sign-front 0.0019 991 630 1092 690
track-sign-front 0.0018 1860 654 1916 715
track-sign-front 0.0015 417 553 438 590
track-sign-front 0.0013 984 654 1031 722
track-sign-front 0.0012 486 555 510 582
track-sign-front 0.0012 404 548 437 586
track-signal-front 0.0211 1861 342 1921 602
track-signal-front 0.0025 1848 430 1923 668
track-signal-front 0.0013 1869 436 1922 568
track-signal-back 0.0039 1863 320 1920 586
pole 0.1987 48 -85 118 933
pole 0.1882 67 71 137 1026
pole 0.0350 79 173 127 868
pole 0.0327 21 173 107 1120
pole 0.0205 46 196 94 899
pole 0.0203 28 -57 162 1044
pole 0.0154 38 229 75 891
pole 0.0119 66 66 113 775
pole 0.0056 27 312 87 978
pole 0.0053 46 567 107 853
pole 0.0039 80 44 179 991
pole 0.0031 22 -88 90 854
pole 0.0012 16 620 75 787
pole 0.0012 63 316 142 789
pole 0.0010 98 552 127 801
rail-occluder 0.0068 88 714 130 769
rail-occluder 0.0063 64 701 118 751
rail-occluder 0.0033 74 630 135 820
rail-occluder 0.0030 104 725 135 819
rail-occluder 0.0021 33 654 116 776
rail-occluder 0.0018 83 717 137 801
rail-occluder 0.0017 105 683 134 774
rail-occluder 0.0015 99 618 128 782
rail-occluder 0.0015 61 675 142 779
rail-occluder 0.0011 0 679 65 728
