crossing 0.3552 963 830 1378 921
crossing 0.1163 977 840 1242 903
crossing 0.0303 1145 831 1400 884
crossing 0.0092 1048 808 1373 894
crossing 0.0069 887 783 1375 902
crossing 0.0065 866 822 1252 909
crossing 0.0035 1053 843 1410 957
crossing 0.0033 1140 843 1452 909
crossing 0.0032 876 824 1532 1070
crossing 0.0031 1216 838 1379 878
crossing 0.0019 962 758 1403 966
crossing 0.0017 1121 838 1304 927
crossing 0.0014 996 817 1606 962
crossing 0.0012 1165 824 1349 910
rail 0.8663 742 842 1396 1079
rail 0.4019 6 854 1025 1083
rail 0.0890 109 810 1492 1064
rail 0.0102 258 865 834 1041
rail 0.0075 1009 835 1908 1070
rail 0.0042 713 745 1622 1112
rail 0.0024 -7 912 735 1105
rail 0.0019 933 783 1401 904
rail 0.0014 307 877 1307 1126
rail 0.0012 130 612 1107 1050
track-sign-front 0.4556 1329 325 1438 403
track-sign-front 0.2742 1339 235 1424 355
track-sign-front 0.0715 1223 685 1261 719
track-sign-front 0.0703 1347 538 1418 577
track-sign-front 0.0426 781 654 813 683
track-sign-front 0.0089 1365 222 1393 245
track-sign-front 0.0082 1352 222 1405 262
track-sign-front 0.0074 146 763 209 876
track-sign-front 0.0053 1289 664 1316 711
track-sign-front 0.0052 1340 512 1424 577
track-sign-front 0.0022 158 1039 184 1079
track-sign-front 0.0019 1232 669 1294 723
track-sign-front 0.0018 350 655 387 717
track-sign-front 0.0016 1667 646 1734 744
track-sign-front 0.0016 1723 21 1779 65
track-sign-front 0.0013 1811 721 1829 756
track-sign-front 0.0013 1809 695 1833 752
track-sign-front 0.0013 474 647 500 675
track-sign-front 0.0011 609 729 629 755
track-sign-front 0.0010 122 1037 217 1080
track-signal-front 0.4610 1326 350 1441 582
track-signal-front 0.2028 1345 239 1413 325
track-signal-front 0.0462 1325 327 1438 480
track-signal-front 0.0134 1345 390 1435 532
track-signal-front 0.0037 1818 674 1841 721
track-signal-front 0.0030 1322 244 1429 353
track-signal-front 0.0016 1720 17 1785 162
track-signal-front 0.0010 1825 676 1851 716
track-signal-back 0.0187 1291 659 1318 707
pole 0.2931 105 7 279 1089
pole 0.2924 889 -7 945 923
pole 0.0040 20 660 50 855
pole 0.0018 883 78 987 882
pole 0.0013 143 69 382 1067
pole 0.0012 119 222 252 895
rail-occluder 0.0080 369 875 802 1027
rail-occluder 0.0056 501 891 675 1011
