platform 0.4167 -12 548 1263 1079
platform 0.0017 1288 532 1934 1028
rail 0.9571 1179 529 1916 1076
rail 0.9418 845 519 1386 1077
rail 0.0071 4 538 1238 812
rail 0.0028 1011 546 1307 1055
rail 0.0015 110 486 1475 736
rail 0.0011 1406 534 1916 688
track-sign-front 0.1396 1630 468 1650 490
track-sign-front 0.0134 1634 465 1656 493
track-sign-front 0.0034 1626 470 1655 499
track-sign-front 0.0021 50 555 80 618
track-signal-front 0.0010 1282 485 1298 514
person 0.0055 1284 494 1299 520
pole 0.0018 33 309 89 690
