guard-rail 0.0156 776 680 838 723
guard-rail 0.0112 794 667 854 721
guard-rail 0.0073 757 684 801 711
guard-rail 0.0070 746 686 778 709
guard-rail 0.0049 757 687 819 737
guard-rail 0.0042 790 651 873 707
guard-rail 0.0036 816 662 861 713
guard-rail 0.0032 716 689 783 729
guard-rail 0.0023 694 691 767 738
guard-rail 0.0021 774 661 842 700
guard-rail 0.0020 740 691 818 779
guard-rail 0.0013 764 671 806 698
guard-rail 0.0013 686 685 797 759
guard-rail 0.0011 766 697 824 764
guard-rail 0.0011 674 672 702 704
rail 0.9574 936 590 1206 1078
rail 0.8812 177 592 975 1078
rail 0.1568 -6 623 515 701
rail 0.1137 -4 590 894 718
rail 0.0446 1799 630 1919 1082
rail 0.0176 1857 531 1918 1080
rail 0.0137 10 641 343 699
rail 0.0066 5 567 1015 831
rail 0.0050 107 634 436 692
rail 0.0037 3 638 469 760
rail 0.0022 182 624 503 682
rail 0.0021 8 654 261 716
rail 0.0018 382 595 558 703
rail 0.0017 1750 780 1924 1105
rail 0.0013 37 668 186 714
rail 0.0013 -4 558 511 743
rail 0.0010 -7 653 181 698
switch-indicator 0.0032 823 599 834 624
track-sign-front 0.1635 1128 593 1158 656
track-sign-front 0.1187 1094 492 1135 527
track-sign-front 0.0903 1024 547 1040 580
track-sign-front 0.0550 1109 540 1131 566
track-sign-front 0.0175 1022 574 1037 607
track-sign-front 0.0108 1117 576 1141 675
track-sign-front 0.0097 1133 582 1160 634
track-sign-front 0.0082 1101 494 1137 549
track-sign-front 0.0078 823 601 833 620
track-sign-front 0.0059 1129 600 1157 716
track-sign-front 0.0050 1149 536 1181 564
track-sign-front 0.0049 1116 589 1167 670
track-sign-front 0.0045 1102 483 1144 601
track-sign-front 0.0040 861 538 871 613
track-sign-front 0.0037 1112 553 1145 586
track-sign-front 0.0035 1084 593 1105 644
track-sign-front 0.0035 919 545 945 607
track-sign-front 0.0027 1112 567 1135 651
track-sign-front 0.0023 855 527 877 627
track-sign-front 0.0017 1093 610 1110 668
track-sign-front 0.0015 1077 591 1102 624
track-sign-front 0.0014 1138 545 1170 585
track-sign-front 0.0014 913 570 941 605
track-sign-front 0.0013 846 566 869 631
track-sign-front 0.0012 1037 580 1083 622
track-sign-front 0.0011 1089 529 1126 574
track-sign-front 0.0010 618 555 637 588
track-sign-front 0.0010 1019 545 1047 594
track-signal-front 0.0973 893 543 904 561
track-signal-front 0.0950 1023 544 1038 570
track-signal-front 0.0577 1022 520 1038 593
track-signal-front 0.0134 890 527 921 580
track-signal-front 0.0054 859 523 902 581
track-signal-front 0.0013 858 491 880 588
track-signal-back 0.4941 667 492 699 527
track-signal-back 0.1447 1094 491 1135 526
track-signal-back 0.0063 656 487 705 534
track-signal-back 0.0032 666 529 685 573
track-signal-back 0.0016 624 552 641 582
track-signal-back 0.0014 628 484 657 522
track-signal-back 0.0013 664 510 686 593
pole 0.4354 666 522 686 689
pole 0.0415 458 316 507 816
pole 0.0332 453 116 524 838
pole 0.0214 933 490 946 616
pole 0.0211 1020 513 1039 602
pole 0.0161 1019 485 1030 601
pole 0.0156 658 465 693 708
pole 0.0108 669 511 701 689
pole 0.0039 857 437 873 628
pole 0.0024 410 174 576 815
pole 0.0022 462 546 498 739
pole 0.0019 859 488 872 580
pole 0.0018 921 544 952 603
pole 0.0014 890 539 906 581
pole 0.0013 859 508 875 652
pole 0.0011 1093 431 1153 689
pole 0.0011 866 469 896 639
pole 0.0010 1016 507 1051 624
rail-occluder 0.0209 103 680 119 708
rail-occluder 0.0038 672 672 695 703
rail-occluder 0.0024 102 681 123 721
rail-occluder 0.0012 917 572 964 602
