crossing 0.6373 859 517 937 554
crossing 0.0295 848 507 902 534
crossing 0.0249 843 512 891 544
crossing 0.0094 848 506 931 543
crossing 0.0081 838 501 890 521
crossing 0.0011 842 489 958 573
rail 0.9435 725 453 1156 1076
rail 0.0011 750 471 923 1063
track-sign-front 0.5441 1211 685 1258 816
track-sign-front 0.1743 1152 455 1183 486
track-sign-front 0.0901 1159 410 1189 439
track-sign-front 0.0900 969 476 985 494
track-sign-front 0.0374 1223 682 1268 722
track-sign-front 0.0263 1096 405 1148 442
track-sign-front 0.0214 701 416 728 450
track-sign-front 0.0091 1223 682 1261 757
track-sign-front 0.0069 847 390 864 413
track-sign-front 0.0040 1116 407 1176 454
track-sign-front 0.0036 816 439 830 458
track-sign-front 0.0031 969 466 985 490
track-sign-front 0.0025 964 474 990 498
track-sign-front 0.0022 995 436 1017 464
track-sign-front 0.0018 408 296 430 318
track-sign-front 0.0017 703 426 726 461
track-sign-front 0.0010 1216 657 1262 738
track-signal-front 0.0937 1152 455 1181 484
track-signal-front 0.0033 1133 407 1179 464
