guard-rail 0.3560 1094 656 1175 697
guard-rail 0.1747 1110 663 1192 708
guard-rail 0.0721 1076 629 1151 670
guard-rail 0.0718 1058 624 1134 656
guard-rail 0.0490 1091 637 1171 673
guard-rail 0.0336 1071 646 1141 685
guard-rail 0.0237 1128 657 1227 695
guard-rail 0.0229 1200 663 1279 693
guard-rail 0.0209 1225 672 1291 700
guard-rail 0.0197 1275 667 1344 696
guard-rail 0.0191 1313 643 1440 682
guard-rail 0.0157 1113 639 1196 669
guard-rail 0.0118 1172 660 1251 691
guard-rail 0.0114 1036 617 1109 647
guard-rail 0.0108 1244 674 1316 701
guard-rail 0.0106 1307 637 1404 671
guard-rail 0.0098 1218 628 1311 661
guard-rail 0.0095 1249 647 1334 687
guard-rail 0.0072 1116 678 1198 724
guard-rail 0.0049 1095 618 1174 654
guard-rail 0.0043 1160 667 1257 703
guard-rail 0.0043 1196 623 1283 661
guard-rail 0.0036 1292 670 1407 707
guard-rail 0.0034 1137 643 1219 671
guard-rail 0.0027 1348 637 1453 675
guard-rail 0.0026 1320 662 1442 706
guard-rail 0.0026 1377 645 1471 683
guard-rail 0.0025 1091 652 1335 709
guard-rail 0.0020 1170 628 1254 667
guard-rail 0.0019 1274 692 1342 716
guard-rail 0.0016 985 550 1292 800
guard-rail 0.0015 1389 674 1461 703
guard-rail 0.0015 1277 691 1384 723
guard-rail 0.0014 1237 649 1398 716
guard-rail 0.0012 1320 644 1502 707
guard-rail 0.0010 1072 660 1137 700
train-car 0.0868 883 503 984 547
train-car 0.0099 905 485 1005 564
train-car 0.0082 921 493 973 553
train-car 0.0023 955 486 1045 569
train-car 0.0019 869 503 944 560
train-car 0.0019 815 499 996 542
train-car 0.0013 869 488 1060 551
train-car 0.0013 873 511 1079 584
rail 0.9590 882 546 1193 1077
rail 0.9175 924 560 1914 1077
rail 0.9083 -2 549 817 858
rail 0.7319 1108 558 1914 770
rail 0.1191 1362 602 1917 737
rail 0.0978 1406 636 1919 798
rail 0.0696 1094 564 1272 625
rail 0.0451 1547 651 1915 750
rail 0.0369 1116 564 1250 605
rail 0.0264 1130 572 1397 662
rail 0.0213 1151 583 1261 628
rail 0.0180 1017 551 1262 614
rail 0.0149 1036 582 1231 660
rail 0.0130 1133 561 1393 623
rail 0.0108 1219 616 1420 675
rail 0.0105 1258 626 1927 958
rail 0.0100 1077 555 1451 686
rail 0.0087 952 552 1291 658
rail 0.0083 1002 593 1164 662
rail 0.0081 836 547 1833 843
rail 0.0070 1022 610 1124 653
rail 0.0062 1699 669 1919 728
rail 0.0061 1590 671 1913 794
rail 0.0047 971 543 1610 737
rail 0.0047 970 544 1186 602
rail 0.0045 1141 561 1326 603
rail 0.0039 1493 678 1914 882
rail 0.0033 1157 573 1577 699
rail 0.0030 1007 578 1254 713
rail 0.0028 1080 574 1219 618
rail 0.0027 1282 620 1426 660
rail 0.0026 1059 535 1369 649
rail 0.0025 1227 517 1907 679
rail 0.0024 1090 555 1204 603
rail 0.0024 1733 686 1921 825
rail 0.0023 1125 555 1202 582
rail 0.0023 1655 648 1918 714
rail 0.0022 1204 582 1292 620
rail 0.0020 1300 603 1614 697
rail 0.0019 1077 545 1208 583
rail 0.0018 960 532 1132 579
rail 0.0016 897 519 986 559
rail 0.0016 907 537 1327 711
rail 0.0016 1516 644 1846 705
rail 0.0015 0 664 148 830
rail 0.0014 0 676 72 802
rail 0.0014 1182 580 1430 635
rail 0.0014 1753 685 1914 738
rail 0.0013 1725 653 1923 765
rail 0.0013 1618 740 1921 952
rail 0.0012 1240 575 1680 743
rail 0.0012 1147 604 1674 1038
rail 0.0011 1302 649 1618 961
rail 0.0011 1458 608 1618 688
rail 0.0011 893 522 1045 567
rail 0.0010 1788 675 1922 723
rail 0.0010 944 563 1096 604
switch-indicator 0.0201 322 625 340 659
switch-right 0.0233 1043 616 1129 648
switch-unknown 0.0607 882 552 915 572
switch-unknown 0.0323 1174 602 1252 627
switch-unknown 0.0292 1142 567 1224 598
switch-unknown 0.0200 1025 608 1103 638
switch-unknown 0.0197 1013 604 1089 629
switch-unknown 0.0175 875 547 906 568
switch-unknown 0.0169 1143 580 1232 618
switch-unknown 0.0164 885 558 935 578
switch-unknown 0.0133 1199 588 1259 625
switch-unknown 0.0120 877 536 951 576
switch-unknown 0.0116 1291 635 1417 674
switch-unknown 0.0098 1149 597 1235 624
switch-unknown 0.0082 1228 630 1339 664
switch-unknown 0.0078 1133 556 1192 579
switch-unknown 0.0073 1212 612 1298 648
switch-unknown 0.0070 1328 635 1469 678
switch-unknown 0.0049 1216 586 1279 619
switch-unknown 0.0046 1264 618 1402 662
switch-unknown 0.0046 1152 557 1211 583
switch-unknown 0.0044 999 598 1059 623
switch-unknown 0.0044 1362 644 1484 684
switch-unknown 0.0043 912 517 972 560
switch-unknown 0.0042 1110 555 1182 599
switch-unknown 0.0037 1288 623 1378 656
switch-unknown 0.0033 1374 639 1471 669
switch-unknown 0.0033 873 552 909 578
switch-unknown 0.0027 1117 585 1182 615
switch-unknown 0.0026 1124 550 1162 572
switch-unknown 0.0025 906 560 969 587
switch-unknown 0.0024 1407 643 1496 675
switch-unknown 0.0016 1327 619 1475 658
switch-unknown 0.0014 1073 558 1157 597
switch-unknown 0.0012 981 586 1033 610
switch-unknown 0.0010 1001 556 1083 595
switch-unknown 0.0010 1240 587 1320 622
switch-static 0.0477 1277 656 1343 684
switch-static 0.0311 1272 649 1342 674
switch-static 0.0098 1292 642 1378 676
switch-static 0.0064 1128 600 1191 633
switch-static 0.0054 1479 656 1527 683
switch-static 0.0053 1430 650 1515 681
switch-static 0.0047 1415 639 1490 667
switch-static 0.0043 1483 659 1550 688
switch-static 0.0012 1491 665 1559 700
track-sign-front 0.0099 92 548 132 655
track-sign-front 0.0049 97 553 128 596
track-sign-front 0.0040 1234 545 1247 572
track-sign-front 0.0023 1235 531 1248 564
track-sign-front 0.0019 73 544 144 668
track-sign-front 0.0018 -1 99 15 147
track-signal-front 0.0762 998 436 1009 465
track-signal-front 0.0197 999 428 1013 478
track-signal-front 0.0119 791 443 822 485
track-signal-front 0.0013 807 430 840 518
track-signal-back 0.0020 1046 443 1062 531
pole 0.5101 668 58 726 737
pole 0.5074 1067 326 1081 589
pole 0.1319 1062 341 1077 600
pole 0.1153 1000 382 1016 582
pole 0.0535 997 439 1012 579
pole 0.0456 1052 332 1068 595
pole 0.0147 1040 335 1085 600
pole 0.0127 940 416 950 553
pole 0.0098 988 469 1015 580
pole 0.0079 1047 356 1063 606
pole 0.0073 1058 458 1077 590
pole 0.0056 1364 384 1378 584
pole 0.0050 1068 388 1078 538
pole 0.0048 645 42 748 839
pole 0.0035 821 396 842 608
pole 0.0030 913 412 951 555
pole 0.0026 1068 323 1099 601
pole 0.0021 1507 352 1523 613
pole 0.0018 1904 406 1920 702
pole 0.0018 939 321 953 567
pole 0.0018 1359 437 1376 571
pole 0.0014 1054 468 1091 602
pole 0.0013 828 431 842 533
pole 0.0012 1047 513 1086 585
pole 0.0012 824 450 846 557
pole 0.0011 1030 443 1070 571
pole 0.0011 1060 329 1088 575
pole 0.0010 1713 420 1733 683
rail-occluder 0.0123 1651 662 1670 689
rail-occluder 0.0101 1226 554 1249 594
rail-occluder 0.0100 1235 552 1246 572
rail-occluder 0.0031 1223 563 1265 600
rail-occluder 0.0022 1480 658 1557 691
rail-occluder 0.0021 1473 651 1528 678
rail-occluder 0.0020 1650 652 1674 677
rail-occluder 0.0016 1509 665 1571 700
rail-occluder 0.0013 1583 654 1737 698
rail-occluder 0.0012 1639 669 1670 701
rail-occluder 0.0011 901 516 983 560
