crossing 0.8247 1048 737 1183 838
crossing 0.6736 1424 751 1624 832
crossing 0.0237 1129 593 1167 608
crossing 0.0174 1160 597 1900 1012
crossing 0.0118 1411 745 1564 801
crossing 0.0073 1351 710 1666 830
crossing 0.0059 1126 599 1157 612
crossing 0.0047 1410 744 1538 778
crossing 0.0042 1452 756 1566 821
crossing 0.0041 1781 971 1922 1081
crossing 0.0036 1028 672 1186 864
crossing 0.0018 1154 579 1222 612
crossing 0.0015 1139 599 1175 613
crossing 0.0013 1410 723 1645 922
crossing 0.0013 1110 587 1147 609
crossing 0.0010 1288 657 1724 858
crossing 0.0010 1065 737 1172 793
guard-rail 0.0117 1058 742 1092 827
guard-rail 0.0057 1050 739 1110 840
guard-rail 0.0010 1034 746 1080 836
platform 0.0051 1250 640 1876 894
platform 0.0021 1416 702 1862 837
rail 0.9692 936 588 1200 1076
rail 0.9134 1279 622 1901 1078
rail 0.0033 1433 722 1684 983
rail 0.0011 1241 605 1770 887
track-sign-front 0.2006 1269 623 1305 658
track-sign-front 0.0612 1256 576 1291 610
track-sign-front 0.0336 1277 519 1294 543
track-sign-front 0.0160 1314 678 1388 720
track-sign-front 0.0107 1878 132 1918 448
track-sign-front 0.0068 1312 672 1389 779
track-sign-front 0.0066 1223 530 1246 589
track-sign-front 0.0064 1220 547 1254 603
track-sign-front 0.0051 1219 574 1266 616
track-sign-front 0.0026 1225 478 1245 643
track-sign-front 0.0024 1163 502 1189 595
track-sign-front 0.0019 1839 159 1918 471
track-sign-front 0.0016 1154 515 1184 585
track-sign-front 0.0016 1270 569 1302 626
track-sign-front 0.0016 1195 555 1246 608
track-sign-front 0.0015 1117 563 1166 613
track-sign-front 0.0014 1165 548 1206 609
track-sign-front 0.0013 1077 568 1100 597
track-sign-front 0.0011 1179 578 1246 613
track-sign-front 0.0010 1271 517 1298 548
track-sign-front 0.0010 1198 509 1246 600
track-signal-front 0.0994 1276 516 1293 541
track-signal-front 0.0052 1271 507 1290 553
track-signal-front 0.0047 1637 522 1732 628
track-signal-front 0.0041 1876 24 1919 474
track-signal-front 0.0019 1626 367 1733 788
track-signal-back 0.0011 1656 638 1739 747
pole 0.0930 1226 316 1244 648
pole 0.0837 1329 668 1374 835
pole 0.0120 1224 354 1262 649
pole 0.0101 1207 350 1244 653
pole 0.0062 1589 656 1688 1068
pole 0.0056 1170 432 1191 619
pole 0.0048 1339 688 1361 832
pole 0.0044 1857 14 1920 1037
pole 0.0042 1175 394 1202 627
pole 0.0035 1413 567 1862 1047
pole 0.0025 1302 669 1393 849
pole 0.0023 1165 443 1184 622
pole 0.0022 1619 275 1727 930
pole 0.0021 1591 -45 1753 1115
pole 0.0018 1796 62 1926 1108
pole 0.0018 1225 439 1244 583
pole 0.0015 1255 550 1294 642
pole 0.0010 1599 594 1695 929
pole 0.0010 1567 191 1709 985
rail-occluder 0.0427 1256 575 1291 611
rail-occluder 0.0366 1317 666 1389 825
rail-occluder 0.0205 1268 619 1305 669
rail-occluder 0.0055 1317 671 1380 755
rail-occluder 0.0049 1264 591 1298 664
rail-occluder 0.0033 1272 625 1307 707
rail-occluder 0.0023 1743 967 1901 1080
rail-occluder 0.0021 1239 589 1299 641
rail-occluder 0.0017 1286 631 1429 841
