guard-rail 0.0021 1017 893 1085 1040
rail 0.9636 182 567 913 1074
rail 0.9386 872 565 1134 1075
rail 0.9321 929 559 1914 1077
rail 0.7926 1087 577 1912 806
rail 0.3550 1111 584 1496 682
rail 0.3104 1017 873 1099 1074
rail 0.0681 1697 723 1922 789
rail 0.0672 1170 569 1881 687
rail 0.0645 1405 608 1876 765
rail 0.0603 1149 577 1486 638
rail 0.0349 856 852 1116 1077
rail 0.0283 1692 646 1924 689
rail 0.0282 1609 676 1916 786
rail 0.0257 1585 630 1924 683
rail 0.0171 1127 580 1703 658
rail 0.0169 1691 665 1922 711
rail 0.0142 1723 687 1920 768
rail 0.0140 1607 658 1923 734
rail 0.0099 1303 527 1813 743
rail 0.0090 1695 618 1925 660
rail 0.0073 1182 618 1521 700
rail 0.0063 1111 575 1400 619
rail 0.0057 1183 603 1745 771
rail 0.0046 1714 737 1914 820
rail 0.0044 1130 580 1295 616
rail 0.0037 1101 592 1368 659
rail 0.0035 936 654 1310 1141
rail 0.0034 1779 737 1924 789
rail 0.0033 1378 497 1682 682
rail 0.0030 1198 598 1538 649
rail 0.0029 935 563 1000 600
rail 0.0029 1142 570 1285 598
rail 0.0028 1074 581 1239 619
rail 0.0025 1571 613 1932 724
rail 0.0025 1188 572 1528 617
rail 0.0025 941 576 1008 610
rail 0.0024 1747 639 1914 678
rail 0.0023 1215 565 1741 632
rail 0.0020 1783 653 1923 692
rail 0.0019 1071 598 1568 739
rail 0.0018 880 876 1022 1078
rail 0.0018 877 602 1003 1063
rail 0.0017 1785 697 1923 748
rail 0.0017 882 884 907 1080
rail 0.0015 957 578 1024 620
rail 0.0015 998 871 1069 1082
rail 0.0015 1163 555 1323 595
rail 0.0014 1086 495 1385 609
rail 0.0014 874 583 945 1042
rail 0.0014 962 562 1014 601
rail 0.0013 1358 598 1577 695
rail 0.0012 1303 606 1505 683
rail 0.0012 920 563 973 586
rail 0.0011 974 541 1601 843
rail 0.0010 1084 590 1241 640
rail 0.0010 1707 695 1927 866
rail 0.0010 1026 567 1237 625
rail 0.0010 1832 719 1919 776
rail 0.0010 1312 630 1520 743
rail 0.0010 1306 638 1447 726
switch-indicator 0.0380 798 754 842 802
switch-indicator 0.0135 1854 832 1921 944
switch-indicator 0.0018 798 751 866 831
switch-left 0.0392 875 862 1082 961
switch-left 0.0358 948 868 1109 1065
switch-right 0.0382 880 864 1078 955
switch-unknown 0.0083 923 563 947 582
switch-unknown 0.0073 923 554 963 585
switch-unknown 0.0041 948 580 1001 602
switch-unknown 0.0023 964 580 1017 614
switch-unknown 0.0018 922 542 947 581
switch-unknown 0.0015 984 591 1038 623
switch-unknown 0.0013 934 574 971 596
switch-unknown 0.0013 983 598 1017 622
switch-unknown 0.0010 994 604 1044 628
switch-unknown 0.0010 1293 611 1372 638
switch-static 0.6587 1070 862 1205 938
switch-static 0.0940 1059 871 1148 931
switch-static 0.0681 1127 867 1212 943
switch-static 0.0547 1056 759 1092 784
switch-static 0.0305 1103 858 1234 988
switch-static 0.0183 800 752 842 791
switch-static 0.0183 1848 836 1921 943
switch-static 0.0169 1061 882 1169 952
switch-static 0.0101 1070 839 1276 1025
switch-static 0.0069 1118 853 1207 917
switch-static 0.0040 1005 714 1170 1033
switch-static 0.0038 1827 902 1920 995
switch-static 0.0030 1804 832 1925 1008
switch-static 0.0028 1029 756 1086 784
switch-static 0.0027 1869 846 1922 1032
switch-static 0.0026 1219 1019 1301 1059
switch-static 0.0023 1017 864 1123 961
switch-static 0.0017 1126 999 1191 1051
switch-static 0.0017 1875 927 1920 995
switch-static 0.0016 1183 1021 1281 1069
switch-static 0.0016 1224 1031 1302 1075
switch-static 0.0016 1035 750 1106 796
switch-static 0.0016 1165 822 1201 869
switch-static 0.0015 998 774 1289 1049
switch-static 0.0015 827 875 880 915
switch-static 0.0015 1045 865 1145 1001
switch-static 0.0014 1841 933 1919 1015
switch-static 0.0014 1794 941 1920 1036
switch-static 0.0013 1047 857 1148 909
switch-static 0.0013 1058 911 1171 1057
switch-static 0.0012 1178 1040 1246 1075
switch-static 0.0012 1851 796 1917 905
switch-static 0.0011 1122 1006 1238 1068
switch-static 0.0011 1124 941 1211 1034
switch-static 0.0010 1876 774 1920 920
switch-static 0.0010 1134 1034 1237 1076
track-sign-front 0.0065 823 536 835 555
track-sign-front 0.0041 1032 526 1062 577
track-sign-front 0.0025 799 740 842 791
track-sign-front 0.0020 1029 545 1077 597
track-sign-front 0.0019 1081 373 1095 395
track-sign-front 0.0013 812 536 828 559
track-signal-front 0.0193 1172 523 1184 560
track-signal-front 0.0026 931 484 942 509
pole 0.6937 1521 3 1690 817
pole 0.3532 1237 421 1253 606
pole 0.3480 1077 385 1111 612
pole 0.1073 1592 206 1713 792
pole 0.0468 1172 522 1183 590
pole 0.0404 1091 420 1119 613
pole 0.0402 1080 266 1103 605
pole 0.0375 1627 444 1714 812
pole 0.0296 1229 430 1261 611
pole 0.0261 1546 443 1738 781
pole 0.0201 1424 553 1885 762
pole 0.0195 1063 427 1102 612
pole 0.0098 1039 481 1057 592
pole 0.0095 1641 460 1712 684
pole 0.0067 1170 509 1186 570
pole 0.0065 1499 404 1631 760
pole 0.0065 1105 407 1132 602
pole 0.0063 1080 420 1104 570
pole 0.0059 1232 531 1255 607
pole 0.0055 1495 92 1619 857
pole 0.0042 1066 269 1118 610
pole 0.0042 1222 520 1282 647
pole 0.0041 1486 414 1563 742
pole 0.0040 1097 489 1129 599
pole 0.0037 1413 466 1648 703
pole 0.0034 1503 460 1533 681
pole 0.0033 1044 424 1090 609
pole 0.0033 1089 312 1110 625
pole 0.0029 1499 489 1523 652
pole 0.0025 930 546 953 577
pole 0.0025 1167 528 1183 609
pole 0.0023 1042 433 1066 601
pole 0.0023 1661 498 1710 638
pole 0.0020 1482 428 1506 630
pole 0.0018 1110 523 1134 577
pole 0.0017 1249 445 1274 604
pole 0.0015 1474 421 1495 629
pole 0.0014 1046 7 1124 659
pole 0.0013 928 483 949 594
pole 0.0012 1065 450 1129 628
pole 0.0010 1078 359 1100 459
pole 0.0010 1599 154 1805 789
rail-occluder 0.3216 1489 605 1632 789
rail-occluder 0.0582 1406 609 1742 795
rail-occluder 0.0202 1387 669 1409 718
rail-occluder 0.0182 1493 638 1536 697
rail-occluder 0.0177 1043 554 1102 606
rail-occluder 0.0166 1491 620 1563 732
rail-occluder 0.0107 1060 576 1104 607
rail-occluder 0.0102 1486 656 1589 772
rail-occluder 0.0083 1500 485 1619 768
rail-occluder 0.0058 1062 434 1120 625
rail-occluder 0.0054 1039 506 1093 600
rail-occluder 0.0049 1095 579 1140 607
rail-occluder 0.0047 1489 650 1540 727
rail-occluder 0.0044 1585 560 1728 822
rail-occluder 0.0034 1573 590 1643 836
rail-occluder 0.0031 1384 670 1436 717
rail-occluder 0.0031 1090 530 1135 611
rail-occluder 0.0025 1384 675 1417 732
rail-occluder 0.0023 1103 581 1169 609
rail-occluder 0.0021 1666 657 1703 775
rail-occluder 0.0019 1215 574 1255 608
rail-occluder 0.0018 1106 540 1152 611
rail-occluder 0.0015 1763 655 1808 677
rail-occluder 0.0015 1054 575 1176 609
rail-occluder 0.0015 1639 615 1748 784
rail-occluder 0.0014 1653 471 1712 708
rail-occluder 0.0013 1499 551 1553 715
rail-occluder 0.0012 1227 574 1275 610
rail-occluder 0.0012 1500 594 1589 721
rail-occluder 0.0011 1481 677 1550 754
rail-occluder 0.0011 1490 595 1532 662
