train-car 0.0025 1001 411 1019 439
train-car 0.0023 927 422 974 446
rail 0.9408 764 465 1155 1077
rail 0.9177 0 464 818 1076
rail 0.8069 1393 602 1905 1075
rail 0.7060 1669 609 1918 1073
rail 0.0564 1797 751 1919 1078
rail 0.0499 1391 843 1723 1078
rail 0.0078 1838 543 1918 1081
rail 0.0078 1621 588 1918 863
rail 0.0059 1854 117 1918 1194
rail 0.0051 146 413 727 876
rail 0.0031 1584 569 1899 727
rail 0.0028 24 677 601 1072
rail 0.0024 1080 617 1667 1062
rail 0.0015 1880 753 1918 1069
rail 0.0015 255 440 769 575
rail 0.0014 1117 545 1742 896
rail 0.0014 8 472 699 712
rail 0.0013 1327 735 1740 1049
rail 0.0013 1801 348 1921 1027
rail 0.0011 1720 759 1860 1065
rail 0.0010 1240 876 1628 1079
track-sign-front 0.8531 653 600 733 685
track-sign-front 0.8374 600 522 684 610
track-sign-front 0.6040 1135 20 1182 60
track-sign-front 0.4054 1640 195 1672 224
track-sign-front 0.1661 791 423 822 478
track-sign-front 0.0990 1626 158 1658 184
track-sign-front 0.0969 928 427 951 446
track-sign-front 0.0756 1633 174 1671 211
track-sign-front 0.0483 167 10 213 53
track-sign-front 0.0289 1279 403 1307 442
track-sign-front 0.0220 1315 433 1356 486
track-sign-front 0.0190 653 453 666 522
track-sign-front 0.0189 1801 528 1829 566
track-sign-front 0.0173 1652 461 1673 483
track-sign-front 0.0167 1279 429 1315 491
track-sign-front 0.0142 695 514 745 636
track-sign-front 0.0127 1002 414 1018 435
track-sign-front 0.0106 483 432 505 456
track-sign-front 0.0098 1288 429 1334 487
track-sign-front 0.0092 646 257 669 279
track-sign-front 0.0088 621 495 708 641
track-sign-front 0.0066 614 497 748 718
track-sign-front 0.0054 515 365 806 797
track-sign-front 0.0053 928 419 951 441
track-sign-front 0.0045 603 560 714 695
track-sign-front 0.0039 926 423 974 446
track-sign-front 0.0039 603 455 716 535
track-sign-front 0.0034 636 516 704 604
track-sign-front 0.0030 673 542 737 659
track-sign-front 0.0030 1025 431 1047 465
track-sign-front 0.0028 1136 -3 1251 77
track-sign-front 0.0027 828 407 858 473
track-sign-front 0.0026 1527 108 1554 149
track-sign-front 0.0026 600 552 673 630
track-sign-front 0.0026 650 461 693 534
track-sign-front 0.0024 1019 415 1051 441
track-sign-front 0.0022 613 502 691 589
track-sign-front 0.0022 650 404 668 536
track-sign-front 0.0022 642 450 665 511
track-sign-front 0.0021 1646 195 1691 226
track-sign-front 0.0020 570 374 723 705
track-sign-front 0.0019 62 479 81 503
track-sign-front 0.0019 607 572 667 664
track-sign-front 0.0018 529 466 544 485
track-sign-front 0.0018 1625 179 1682 230
track-sign-front 0.0018 179 0 216 43
track-sign-front 0.0016 1657 463 1686 484
track-sign-front 0.0015 1131 26 1188 78
track-sign-front 0.0014 642 255 675 291
track-sign-front 0.0014 779 411 809 476
track-sign-front 0.0014 999 412 1031 439
track-sign-front 0.0013 1543 566 1586 587
track-sign-front 0.0012 1796 373 1831 469
track-sign-front 0.0012 1122 -36 1196 126
track-sign-front 0.0012 1281 470 1306 512
track-sign-front 0.0012 518 464 543 488
track-sign-front 0.0011 1139 -2 1183 42
track-sign-front 0.0011 1564 565 1594 589
track-sign-front 0.0010 142 -85 255 117
track-sign-front 0.0010 1622 155 1666 212
track-signal-front 0.3221 1123 263 1141 313
track-signal-front 0.2636 1066 261 1083 312
track-signal-front 0.0726 1787 275 1807 326
track-signal-front 0.0428 1279 424 1307 493
track-signal-front 0.0413 1731 278 1749 326
track-signal-front 0.0223 1279 402 1307 444
track-signal-front 0.0179 1006 411 1020 432
track-signal-front 0.0176 1 6 156 125
track-signal-front 0.0111 1747 273 1786 329
track-signal-front 0.0087 1468 434 1495 484
track-signal-front 0.0073 1458 439 1488 489
track-signal-front 0.0069 1730 269 1768 328
track-signal-front 0.0046 1449 451 1472 487
track-signal-front 0.0034 60 481 78 505
track-signal-front 0.0032 1126 264 1155 314
track-signal-front 0.0029 666 128 713 179
track-signal-front 0.0022 1722 273 1754 333
track-signal-front 0.0017 1019 404 1060 444
track-signal-front 0.0011 1785 248 1806 314
track-signal-front 0.0010 60 491 78 541
track-signal-back 0.3747 437 266 455 317
track-signal-back 0.3622 495 265 514 316
track-signal-back 0.3101 1066 260 1082 312
track-signal-back 0.0080 658 22 717 134
track-signal-back 0.0045 1121 257 1140 309
track-signal-back 0.0032 1249 374 1273 416
track-signal-back 0.0024 1605 349 1640 390
track-signal-back 0.0022 662 66 719 182
track-signal-back 0.0020 643 236 690 294
track-signal-back 0.0018 1249 326 1285 411
track-signal-back 0.0016 501 266 536 314
track-signal-back 0.0016 645 255 671 291
track-signal-back 0.0012 1252 313 1283 369
track-signal-back 0.0012 427 272 458 331
track-signal-back 0.0011 1616 350 1657 410
car 0.6550 1288 577 1714 903
person 0.2719 410 509 464 644
person 0.0048 419 517 455 561
person 0.0037 407 508 453 586
person 0.0018 429 523 470 653
pole 0.4133 648 37 747 696
pole 0.3462 781 16 825 620
pole 0.0820 641 9 705 632
pole 0.0407 695 -9 748 602
pole 0.0332 1846 -48 1921 1084
pole 0.0197 791 212 822 535
pole 0.0114 802 218 832 465
pole 0.0090 794 360 830 500
pole 0.0086 1541 50 1588 603
pole 0.0072 648 221 676 538
pole 0.0047 679 22 810 681
pole 0.0039 621 83 723 841
pole 0.0034 809 265 839 556
pole 0.0027 650 218 700 546
pole 0.0026 823 238 855 522
pole 0.0022 869 258 893 456
pole 0.0019 1509 105 1572 535
pole 0.0018 675 140 762 800
pole 0.0017 1855 218 1917 902
pole 0.0016 630 287 752 636
pole 0.0016 691 288 745 642
pole 0.0015 777 297 831 570
pole 0.0012 160 200 189 604
pole 0.0011 687 307 731 563
rail-occluder 0.0202 786 421 817 477
rail-occluder 0.0162 713 527 746 628
rail-occluder 0.0100 661 673 709 752
rail-occluder 0.0045 794 435 822 481
rail-occluder 0.0039 712 407 735 557
rail-occluder 0.0035 670 651 723 756
rail-occluder 0.0031 698 406 744 638
rail-occluder 0.0027 653 628 677 768
rail-occluder 0.0020 663 530 743 680
rail-occluder 0.0020 647 419 694 553
rail-occluder 0.0016 688 504 749 653
rail-occluder 0.0015 641 628 689 767
rail-occluder 0.0013 681 418 767 589
