platform 0.7717 866 592 991 698
platform 0.0226 848 563 1031 678
platform 0.0025 917 583 992 684
platform 0.0019 864 595 1161 696
platform 0.0018 874 565 968 665
platform 0.0015 853 550 994 629
platform 0.0012 725 476 1218 906
rail 0.9276 807 596 1119 1075
rail 0.0011 1452 509 1925 1063
rail 0.0011 1770 358 1919 1066
track-sign-front 0.0303 859 539 879 562
track-signal-front 0.4291 865 489 879 515
track-signal-front 0.0988 869 486 883 515
track-signal-front 0.0402 862 487 880 529
track-signal-front 0.0016 860 497 879 549
track-signal-front 0.0013 859 486 886 517
track-signal-front 0.0011 859 478 878 512
