crossing 0.7681 916 590 1028 626
crossing 0.7451 826 661 1073 771
crossing 0.0179 923 573 1021 614
crossing 0.0157 672 572 807 611
crossing 0.0157 868 645 1061 734
crossing 0.0117 689 551 785 614
crossing 0.0069 957 525 1013 552
crossing 0.0053 943 531 1014 562
crossing 0.0032 674 582 768 620
crossing 0.0027 854 529 1082 710
crossing 0.0026 804 668 1000 863
crossing 0.0024 771 535 1188 893
crossing 0.0019 1014 580 1110 615
crossing 0.0016 894 623 1039 665
crossing 0.0016 929 667 1096 764
crossing 0.0013 916 558 1045 608
crossing 0.0011 757 546 853 584
crossing 0.0011 794 721 1096 784
crossing 0.0010 907 588 964 618
crossing 0.0010 1077 593 1205 656
crossing 0.0010 723 547 824 592
guard-rail 0.0074 834 660 936 770
guard-rail 0.0015 1018 670 1055 757
guard-rail 0.0014 853 658 905 759
guard-rail 0.0012 839 668 889 766
train-car 0.9161 1 22 704 1020
train-car 0.0030 8 298 691 723
platform 0.0168 1018 493 1123 532
platform 0.0027 1006 485 1148 547
platform 0.0027 1015 484 1093 521
platform 0.0016 1036 519 1284 580
platform 0.0013 1232 652 1897 1054
rail 0.9642 607 482 1206 1076
rail 0.7246 674 488 959 624
rail 0.2441 726 477 924 584
rail 0.0428 638 527 919 647
rail 0.0401 703 522 789 576
rail 0.0280 691 532 828 611
rail 0.0259 672 508 882 589
rail 0.0181 686 519 773 601
rail 0.0171 669 566 851 614
rail 0.0066 774 483 878 569
rail 0.0049 710 522 1019 611
rail 0.0031 735 531 904 595
rail 0.0031 671 580 775 622
rail 0.0028 763 302 951 629
rail 0.0022 655 556 788 626
rail 0.0019 621 515 1052 766
rail 0.0015 688 510 1061 667
rail 0.0012 947 519 1071 581
rail 0.0012 28 569 988 974
rail 0.0011 907 501 1210 1071
rail 0.0011 10 663 662 955
rail 0.0010 162 564 897 835
rail 0.0010 698 497 763 579
switch-right 0.0093 943 533 1011 568
switch-unknown 0.0116 955 529 1007 557
switch-static 0.0127 774 654 841 680
switch-static 0.0023 792 649 851 676
track-sign-front 0.0065 1292 449 1316 481
track-sign-front 0.0045 908 472 935 532
track-sign-front 0.0042 877 467 892 558
track-sign-front 0.0034 1051 479 1118 537
track-sign-front 0.0030 1122 493 1141 537
track-sign-front 0.0024 1110 503 1142 540
track-sign-front 0.0022 876 462 914 551
track-sign-front 0.0014 1096 464 1140 539
track-sign-front 0.0010 877 424 896 542
track-signal-front 0.8724 1222 265 1289 358
track-signal-front 0.6176 1096 422 1117 461
track-signal-front 0.6128 723 384 753 429
track-signal-front 0.5901 1551 64 1643 232
track-signal-front 0.0273 1093 412 1117 443
track-signal-front 0.0178 736 425 754 474
track-signal-front 0.0158 1092 409 1113 431
track-signal-front 0.0144 1093 413 1121 481
track-signal-front 0.0052 726 378 758 451
track-signal-front 0.0045 1094 462 1114 510
track-signal-front 0.0045 1236 257 1284 306
track-signal-front 0.0041 1093 446 1122 507
track-signal-front 0.0029 740 440 756 486
track-signal-front 0.0024 1098 424 1137 473
track-signal-front 0.0020 669 376 687 414
track-signal-front 0.0013 1513 332 1583 401
track-signal-front 0.0012 1606 364 1653 450
track-signal-front 0.0010 1065 418 1125 483
pole 0.3393 875 240 907 581
pole 0.3325 908 311 928 557
pole 0.2204 898 271 925 582
pole 0.1378 933 339 954 548
pole 0.0321 869 270 932 573
pole 0.0253 940 379 979 525
pole 0.0100 914 354 940 583
pole 0.0080 909 368 925 519
pole 0.0065 969 393 991 514
pole 0.0053 865 222 895 563
pole 0.0048 913 375 932 529
pole 0.0047 882 353 916 587
pole 0.0045 872 480 891 569
pole 0.0038 925 308 970 553
pole 0.0033 892 319 948 569
pole 0.0031 876 372 898 589
pole 0.0014 957 288 983 552
pole 0.0013 727 387 757 507
pole 0.0012 846 475 906 581
pole 0.0012 928 455 962 535
pole 0.0011 908 470 935 540
pole 0.0011 894 363 926 513
pole 0.0010 824 266 964 601
rail-occluder 0.0050 718 518 773 575
