guard-rail 0.1679 737 720 832 792
guard-rail 0.0552 989 558 1043 593
guard-rail 0.0427 908 557 963 593
guard-rail 0.0381 914 554 948 581
guard-rail 0.0302 691 718 838 814
guard-rail 0.0295 970 615 1050 652
guard-rail 0.0285 880 568 927 594
guard-rail 0.0232 1444 749 1593 829
guard-rail 0.0213 921 576 971 612
guard-rail 0.0196 916 543 969 578
guard-rail 0.0176 905 572 951 609
guard-rail 0.0170 925 601 964 631
guard-rail 0.0161 876 574 916 603
guard-rail 0.0151 1274 643 1369 682
guard-rail 0.0147 1282 668 1463 735
guard-rail 0.0141 939 579 977 607
guard-rail 0.0137 1332 683 1403 720
guard-rail 0.0112 938 535 987 567
guard-rail 0.0112 1295 655 1386 692
guard-rail 0.0097 1426 717 1598 810
guard-rail 0.0076 397 599 967 970
guard-rail 0.0068 396 751 614 839
guard-rail 0.0056 977 619 1070 671
guard-rail 0.0052 1453 747 1555 802
guard-rail 0.0052 666 737 797 838
guard-rail 0.0052 934 557 991 599
guard-rail 0.0049 978 630 1073 704
guard-rail 0.0048 412 766 515 814
guard-rail 0.0046 859 576 909 606
guard-rail 0.0041 552 686 634 716
guard-rail 0.0039 974 567 1044 610
guard-rail 0.0038 1338 658 1409 698
guard-rail 0.0037 926 622 966 657
guard-rail 0.0028 1039 660 1069 726
guard-rail 0.0022 654 641 906 850
guard-rail 0.0022 878 559 953 601
guard-rail 0.0020 450 721 654 822
guard-rail 0.0020 1325 652 1430 709
guard-rail 0.0019 1477 767 1574 837
guard-rail 0.0018 938 601 981 643
guard-rail 0.0017 996 648 1071 726
guard-rail 0.0017 1298 634 1389 674
guard-rail 0.0017 822 583 878 610
guard-rail 0.0016 446 741 589 807
guard-rail 0.0016 753 707 843 759
guard-rail 0.0014 1323 661 1478 777
guard-rail 0.0013 1436 740 1534 789
guard-rail 0.0012 1051 676 1077 766
guard-rail 0.0011 1354 671 1436 725
guard-rail 0.0011 1356 691 1438 743
guard-rail 0.0010 1055 695 1081 795
guard-rail 0.0010 544 682 665 740
guard-rail 0.0010 905 623 962 665
guard-rail 0.0010 1011 671 1145 829
rail 0.9563 9 524 1019 1079
rail 0.8878 940 514 1251 1077
rail 0.8272 1076 524 1914 1059
rail 0.8270 824 507 1142 1079
rail 0.4771 1126 549 1637 815
rail 0.4165 1219 596 1914 880
rail 0.1968 1268 616 1626 794
rail 0.0847 946 609 1128 1082
rail 0.0383 1004 536 1045 567
rail 0.0286 1404 703 1637 819
rail 0.0255 1440 745 1622 820
rail 0.0224 1292 651 1754 852
rail 0.0203 13 697 697 1075
rail 0.0138 1016 529 1062 557
rail 0.0109 1017 528 1092 562
rail 0.0100 997 534 1058 578
rail 0.0057 1347 659 1924 1041
rail 0.0038 912 663 1061 1077
rail 0.0037 1253 629 1504 732
rail 0.0036 1024 519 1129 568
rail 0.0033 388 539 1007 881
rail 0.0029 543 627 923 854
rail 0.0029 472 711 713 902
rail 0.0029 1299 683 1608 828
rail 0.0026 1152 575 1697 973
rail 0.0026 375 592 816 1032
rail 0.0024 1506 685 1914 901
rail 0.0017 1455 721 1649 925
rail 0.0017 1245 614 1424 768
rail 0.0016 1426 660 1677 795
rail 0.0016 1067 526 1136 583
rail 0.0016 962 512 1080 651
rail 0.0015 979 519 1038 548
rail 0.0015 1086 566 1424 737
rail 0.0010 1287 634 1401 676
rail 0.0010 940 511 1518 840
switch-indicator 0.1966 1351 589 1372 617
switch-indicator 0.1296 1098 552 1112 579
switch-indicator 0.0179 1094 534 1112 577
switch-indicator 0.0037 1348 591 1388 624
switch-indicator 0.0021 1090 550 1119 581
switch-left 0.2058 962 621 1063 678
switch-left 0.0378 963 636 1066 706
switch-left 0.0362 992 562 1044 598
switch-left 0.0270 1255 632 1368 679
switch-left 0.0149 1194 602 1297 644
switch-left 0.0070 1448 747 1586 802
switch-left 0.0056 1154 591 1241 621
switch-left 0.0034 1472 752 1610 839
switch-left 0.0027 989 536 1041 572
switch-left 0.0018 940 552 1088 728
switch-left 0.0017 937 619 1075 767
switch-left 0.0011 1160 583 1259 638
switch-right 0.2490 963 621 1060 669
switch-right 0.1773 997 553 1043 587
switch-right 0.1737 1000 545 1046 576
switch-right 0.1465 1237 619 1333 659
switch-right 0.1026 959 630 1068 691
switch-right 0.0911 1212 610 1312 647
switch-right 0.0876 1184 602 1281 637
switch-right 0.0432 1177 595 1256 628
switch-right 0.0401 1262 634 1374 675
switch-right 0.0088 935 631 1079 760
switch-right 0.0081 1441 746 1592 803
switch-right 0.0074 986 535 1043 572
switch-right 0.0048 1155 592 1239 621
switch-right 0.0043 1463 752 1619 841
switch-right 0.0017 975 571 1043 607
switch-right 0.0015 1236 603 1311 636
switch-right 0.0010 1418 731 1573 780
switch-unknown 0.0829 1005 538 1044 563
switch-unknown 0.0556 1228 614 1311 651
switch-unknown 0.0474 1019 527 1058 554
switch-unknown 0.0100 1025 517 1091 548
switch-unknown 0.0043 975 509 1041 547
switch-unknown 0.0042 1199 611 1281 646
switch-unknown 0.0036 1027 496 1063 542
switch-unknown 0.0035 1062 503 1111 566
switch-unknown 0.0035 990 503 1047 534
switch-unknown 0.0027 983 507 1020 528
switch-static 0.3128 1071 619 1116 640
switch-static 0.0208 1100 666 1152 692
switch-static 0.0187 1234 662 1281 688
switch-static 0.0153 1048 612 1127 665
switch-static 0.0126 1147 603 1190 624
switch-static 0.0096 1145 600 1220 625
switch-static 0.0072 1046 618 1107 652
switch-static 0.0067 1072 605 1118 637
switch-static 0.0047 1235 669 1264 690
switch-static 0.0047 1022 529 1083 562
switch-static 0.0031 1282 618 1361 653
track-sign-front 0.0055 931 493 942 516
track-sign-front 0.0023 1098 420 1112 443
track-sign-front 0.0023 1347 537 1362 559
track-sign-front 0.0020 926 483 949 530
track-sign-front 0.0018 830 484 844 513
track-sign-front 0.0013 828 473 844 504
track-sign-front 0.0013 1215 395 1239 435
track-sign-front 0.0011 1155 411 1182 446
track-sign-front 0.0011 1122 412 1163 447
track-sign-front 0.0011 1276 456 1306 502
track-sign-front 0.0010 927 501 943 552
track-signal-front 0.0036 1014 402 1025 433
track-signal-back 0.0137 1340 254 1408 373
track-signal-back 0.0018 1096 417 1128 446
pole 0.0045 828 287 845 570
pole 0.0039 1123 442 1135 555
pole 0.0028 1103 431 1137 564
pole 0.0012 1087 476 1131 590
pole 0.0011 1068 445 1115 569
rail-occluder 0.1263 1099 552 1114 580
rail-occluder 0.0035 1093 551 1121 582
