platform 0.0056 635 501 862 561
platform 0.0035 911 485 936 520
platform 0.0017 915 496 935 526
platform 0.0010 701 495 820 540
rail 0.9636 895 492 1197 1075
rail 0.8274 -5 501 870 922
rail 0.1568 1 532 712 765
rail 0.0033 14 473 825 675
rail 0.0016 696 500 837 552
rail 0.0012 624 508 788 562
rail 0.0012 10 599 528 781
rail 0.0010 555 513 759 639
rail 0.0010 591 529 889 790
track-sign-front 0.2960 1035 508 1051 540
track-sign-front 0.0857 810 482 824 504
track-sign-front 0.0707 808 475 822 500
track-sign-front 0.0306 850 474 866 502
track-sign-front 0.0091 752 489 769 541
track-sign-front 0.0054 851 476 882 508
track-sign-front 0.0052 1029 507 1058 543
track-sign-front 0.0031 842 448 890 513
track-sign-front 0.0026 910 473 936 508
track-sign-front 0.0026 919 492 937 518
track-sign-front 0.0018 791 481 846 509
track-sign-front 0.0017 620 467 641 537
track-sign-front 0.0016 1031 481 1046 522
track-sign-front 0.0016 621 397 637 517
track-sign-front 0.0010 1027 469 1049 516
track-sign-front 0.0010 750 463 771 526
track-signal-back 0.0064 1070 381 1106 417
track-signal-back 0.0021 783 410 797 477
fence 0.0280 0 507 883 1079
fence 0.0078 602 502 856 611
pole 0.0055 748 497 783 551
pole 0.0055 785 416 797 497
pole 0.0055 781 402 810 510
pole 0.0047 619 311 637 559
pole 0.0046 848 472 866 504
pole 0.0034 751 490 771 542
pole 0.0019 766 434 801 534
pole 0.0017 838 425 864 513
pole 0.0012 666 462 694 557
rail-occluder 0.0536 578 524 795 683
rail-occluder 0.0536 515 527 787 812
rail-occluder 0.0322 341 496 834 1032
rail-occluder 0.0194 585 542 736 656
rail-occluder 0.0122 666 520 696 594
rail-occluder 0.0097 748 497 769 548
rail-occluder 0.0082 658 528 704 632
rail-occluder 0.0081 605 502 852 612
rail-occluder 0.0075 544 553 734 732
rail-occluder 0.0065 610 510 791 585
rail-occluder 0.0051 638 521 728 592
rail-occluder 0.0032 742 497 789 553
rail-occluder 0.0030 591 561 691 644
rail-occluder 0.0027 734 504 776 573
rail-occluder 0.0027 661 492 694 576
rail-occluder 0.0025 630 497 867 565
rail-occluder 0.0022 642 521 754 628
rail-occluder 0.0017 545 490 863 742
rail-occluder 0.0016 650 525 700 580
rail-occluder 0.0015 556 564 687 684
rail-occluder 0.0014 691 513 767 573
rail-occluder 0.0012 641 502 718 572
rail-occluder 0.0011 415 546 708 970
