crossing 0.3609 938 675 984 691
crossing 0.0103 897 673 954 688
crossing 0.0045 948 675 1006 694
crossing 0.0041 647 615 711 636
crossing 0.0039 886 1055 1101 1089
crossing 0.0034 638 620 688 638
crossing 0.0027 882 667 933 685
crossing 0.0025 894 601 956 630
crossing 0.0021 892 596 954 618
crossing 0.0016 663 609 734 639
crossing 0.0015 951 662 1029 693
crossing 0.0014 870 599 930 629
crossing 0.0011 886 673 933 692
guard-rail 0.0021 415 834 473 1081
platform 0.7205 727 603 888 680
platform 0.3032 969 619 1119 687
platform 0.0427 754 579 891 644
platform 0.0198 781 546 821 659
platform 0.0163 988 638 1151 694
platform 0.0151 757 600 853 668
platform 0.0131 782 562 865 651
platform 0.0130 745 585 812 672
platform 0.0105 680 554 872 655
platform 0.0062 776 582 911 621
platform 0.0041 824 568 872 626
platform 0.0031 722 584 894 731
platform 0.0019 757 628 863 682
platform 0.0017 1035 646 1133 691
platform 0.0015 961 602 1135 753
platform 0.0014 915 607 1088 678
platform 0.0013 828 584 899 615
platform 0.0010 950 658 1034 690
rail 0.9571 895 602 1100 1072
rail 0.9479 183 599 791 1079
rail 0.0039 401 675 598 1033
rail 0.0027 909 593 996 1069
rail 0.0011 1882 632 1920 1072
track-sign-front 0.3052 751 552 768 586
track-sign-front 0.1130 507 583 532 622
track-sign-front 0.0231 754 484 776 614
track-sign-front 0.0139 941 552 954 569
track-sign-front 0.0123 746 548 775 590
track-sign-front 0.0083 745 553 762 587
track-sign-front 0.0055 1088 591 1109 618
track-sign-front 0.0044 956 557 988 581
track-sign-front 0.0026 1073 589 1106 632
track-sign-front 0.0026 1056 608 1086 639
track-sign-front 0.0024 1084 542 1111 567
track-sign-front 0.0021 969 558 991 592
track-sign-front 0.0018 1066 599 1089 628
track-sign-front 0.0012 1078 549 1111 596
pole 0.0901 752 438 775 656
pole 0.0538 754 543 767 646
pole 0.0520 798 532 813 637
pole 0.0422 755 584 766 670
pole 0.0334 751 528 794 667
pole 0.0200 758 452 781 623
pole 0.0188 785 540 819 658
pole 0.0178 793 482 814 641
pole 0.0123 745 603 771 682
pole 0.0084 754 480 773 598
pole 0.0080 793 525 828 646
pole 0.0071 751 449 818 693
pole 0.0033 834 552 865 619
pole 0.0028 740 601 789 686
pole 0.0016 772 489 866 666
pole 0.0013 786 468 839 649
rail-occluder 0.7983 439 875 850 1081
rail-occluder 0.0135 697 655 723 684
rail-occluder 0.0112 430 914 676 1069
rail-occluder 0.0018 1124 895 1544 1076
rail-occluder 0.0012 691 657 725 701
rail-occluder 0.0010 384 945 732 1102
