guard-rail 0.5895 568 515 679 597
guard-rail 0.3299 1237 574 1299 617
guard-rail 0.2819 871 556 883 603
guard-rail 0.2221 553 548 645 602
guard-rail 0.1409 882 500 898 529
guard-rail 0.1024 599 504 694 567
guard-rail 0.0797 648 481 723 514
guard-rail 0.0758 536 478 725 600
guard-rail 0.0523 1181 570 1293 621
guard-rail 0.0490 966 598 982 660
guard-rail 0.0411 506 557 627 608
guard-rail 0.0383 631 463 738 512
guard-rail 0.0353 458 488 681 606
guard-rail 0.0349 615 474 711 522
guard-rail 0.0308 695 445 769 478
guard-rail 0.0291 866 556 879 604
guard-rail 0.0286 329 519 510 620
guard-rail 0.0282 670 450 759 497
guard-rail 0.0245 335 543 458 600
guard-rail 0.0220 482 520 644 601
guard-rail 0.0209 873 564 889 605
guard-rail 0.0188 561 445 755 516
guard-rail 0.0171 651 434 725 462
guard-rail 0.0135 394 509 483 544
guard-rail 0.0131 964 582 990 663
guard-rail 0.0127 576 451 757 570
guard-rail 0.0126 356 525 494 586
guard-rail 0.0119 620 437 700 466
guard-rail 0.0108 634 500 713 538
guard-rail 0.0103 1073 545 1104 611
guard-rail 0.0102 395 495 488 526
guard-rail 0.0098 514 460 616 514
guard-rail 0.0097 387 536 537 599
guard-rail 0.0090 461 433 774 665
guard-rail 0.0089 276 544 418 602
guard-rail 0.0078 1171 591 1259 646
guard-rail 0.0074 319 541 420 587
guard-rail 0.0074 876 470 952 527
guard-rail 0.0071 1033 546 1103 608
guard-rail 0.0068 513 496 607 550
guard-rail 0.0068 877 496 906 531
guard-rail 0.0064 979 541 1108 606
guard-rail 0.0058 864 553 891 605
guard-rail 0.0057 46 569 347 668
guard-rail 0.0057 1212 578 1307 630
guard-rail 0.0053 1132 506 1200 536
guard-rail 0.0048 1137 562 1253 648
guard-rail 0.0047 282 547 465 635
guard-rail 0.0046 414 514 516 553
guard-rail 0.0045 933 446 1007 491
guard-rail 0.0045 1159 521 1233 567
guard-rail 0.0043 1154 503 1221 543
guard-rail 0.0041 421 487 514 519
guard-rail 0.0040 538 497 637 571
guard-rail 0.0039 590 451 683 503
guard-rail 0.0039 900 441 987 490
guard-rail 0.0039 1165 556 1259 594
guard-rail 0.0039 952 590 978 659
guard-rail 0.0037 7 597 262 691
guard-rail 0.0036 414 523 525 573
guard-rail 0.0035 461 516 562 560
guard-rail 0.0032 1168 579 1258 624
guard-rail 0.0032 1180 538 1320 671
guard-rail 0.0031 319 457 504 596
guard-rail 0.0031 566 463 659 535
guard-rail 0.0031 516 512 614 583
guard-rail 0.0029 1067 525 1111 594
guard-rail 0.0027 296 502 439 555
guard-rail 0.0027 1172 531 1239 578
guard-rail 0.0027 296 587 490 650
guard-rail 0.0024 1104 507 1173 538
guard-rail 0.0023 1252 576 1325 620
guard-rail 0.0023 669 494 718 534
guard-rail 0.0023 1076 542 1143 614
guard-rail 0.0023 237 555 334 588
guard-rail 0.0022 873 529 892 594
guard-rail 0.0022 1010 557 1121 616
guard-rail 0.0021 116 550 316 619
guard-rail 0.0021 188 548 342 609
guard-rail 0.0021 952 558 1000 654
guard-rail 0.0021 1229 547 1353 617
guard-rail 0.0020 388 558 492 625
guard-rail 0.0020 881 498 936 533
guard-rail 0.0020 349 503 448 540
guard-rail 0.0020 1064 554 1118 624
guard-rail 0.0019 407 523 616 615
guard-rail 0.0019 105 587 255 657
guard-rail 0.0019 940 453 1424 655
guard-rail 0.0018 475 469 565 512
guard-rail 0.0018 242 523 412 582
guard-rail 0.0018 324 554 422 623
guard-rail 0.0017 1158 498 1212 525
guard-rail 0.0016 1108 492 1170 531
guard-rail 0.0015 1158 575 1231 615
guard-rail 0.0015 1183 607 1246 660
guard-rail 0.0015 233 556 413 628
guard-rail 0.0015 268 518 462 703
guard-rail 0.0015 1112 485 1371 674
guard-rail 0.0015 445 476 531 511
guard-rail 0.0014 993 517 1092 591
guard-rail 0.0014 449 531 575 608
guard-rail 0.0014 -4 616 222 728
guard-rail 0.0014 946 438 1038 513
guard-rail 0.0012 301 462 391 495
guard-rail 0.0012 1081 552 1188 610
guard-rail 0.0012 682 467 752 513
guard-rail 0.0011 1108 501 1254 613
guard-rail 0.0011 1018 446 1092 489
guard-rail 0.0011 3 635 161 711
guard-rail 0.0011 1129 564 1189 596
guard-rail 0.0011 1023 464 1084 541
guard-rail 0.0011 936 464 1010 523
guard-rail 0.0010 1047 506 1192 616
guard-rail 0.0010 801 514 861 572
train-car 0.0017 1071 383 1210 425
rail 0.9013 2 374 809 1068
rail 0.8965 816 385 1909 1077
rail 0.8283 790 399 1196 1073
rail 0.7487 0 379 705 684
rail 0.6891 1036 414 1917 637
rail 0.6409 2 384 630 525
rail 0.5022 1414 463 1920 600
rail 0.2923 1465 452 1927 532
rail 0.2805 1229 427 1899 520
rail 0.2604 0 411 442 494
rail 0.2201 515 423 728 591
rail 0.1831 387 385 769 606
rail 0.1328 1170 438 1862 576
rail 0.1124 490 398 785 538
rail 0.1110 1651 478 1917 550
rail 0.0988 1473 511 1927 645
rail 0.0874 -1 519 537 802
rail 0.0708 1650 508 1918 601
rail 0.0627 1761 462 1918 522
rail 0.0608 14 350 616 461
rail 0.0496 245 491 581 644
rail 0.0486 -3 432 287 495
rail 0.0473 655 380 715 414
rail 0.0456 -1 424 441 553
rail 0.0438 1805 512 1901 549
rail 0.0413 0 558 379 758
rail 0.0371 614 379 703 416
rail 0.0360 476 440 664 531
rail 0.0351 579 368 695 409
rail 0.0313 631 388 691 424
rail 0.0285 1795 519 1917 575
rail 0.0281 1666 536 1920 641
rail 0.0271 595 432 781 505
rail 0.0267 1824 473 1921 531
rail 0.0261 682 385 724 415
rail 0.0211 -2 463 260 547
rail 0.0204 608 382 763 467
rail 0.0203 675 385 777 421
rail 0.0195 1832 463 1921 509
rail 0.0181 1822 491 1920 558
rail 0.0175 1384 434 1919 490
rail 0.0173 486 481 691 588
rail 0.0170 1789 548 1920 603
rail 0.0169 743 383 939 448
rail 0.0162 639 375 731 420
rail 0.0160 1511 446 1867 499
rail 0.0159 1685 402 1916 579
rail 0.0155 -9 416 335 470
rail 0.0153 836 393 896 422
rail 0.0146 35 518 502 672
rail 0.0136 848 390 938 422
rail 0.0132 352 532 530 628
rail 0.0130 1746 462 1919 581
rail 0.0127 5 562 315 678
rail 0.0124 703 386 801 415
rail 0.0122 1764 490 1901 549
rail 0.0121 824 375 1611 597
rail 0.0118 1791 563 1922 628
rail 0.0118 1508 491 1867 566
rail 0.0116 753 389 817 422
rail 0.0111 228 420 677 553
rail 0.0111 602 356 671 411
rail 0.0110 813 409 885 446
rail 0.0109 -2 441 184 506
rail 0.0105 1814 518 1854 548
rail 0.0098 699 383 1750 813
rail 0.0093 499 423 637 495
rail 0.0090 869 423 978 476
rail 0.0089 920 408 1066 467
rail 0.0086 877 427 1107 586
rail 0.0085 954 420 1259 1055
rail 0.0078 1502 448 1782 484
rail 0.0077 1 499 242 589
rail 0.0076 1372 451 1624 498
rail 0.0072 530 364 655 401
rail 0.0070 894 391 1001 422
rail 0.0070 1452 451 1740 500
rail 0.0067 973 458 1081 531
rail 0.0066 961 407 1024 437
rail 0.0065 15 523 316 639
rail 0.0065 1796 587 1919 655
rail 0.0065 1760 564 1921 693
rail 0.0065 1474 512 1811 594
rail 0.0064 777 390 829 414
rail 0.0064 1249 488 1906 670
rail 0.0062 701 390 941 503
rail 0.0059 1870 459 1921 502
rail 0.0057 1591 527 1923 712
rail 0.0057 806 413 1425 712
rail 0.0056 1798 461 1876 502
rail 0.0056 584 350 642 409
rail 0.0056 1812 499 1921 621
rail 0.0053 1875 471 1919 534
rail 0.0052 991 425 1093 457
rail 0.0051 969 402 1478 511
rail 0.0050 960 403 1068 437
rail 0.0050 1483 475 1735 543
rail 0.0049 961 409 1184 566
rail 0.0049 973 486 1100 551
rail 0.0049 1849 446 1921 486
rail 0.0048 933 401 1017 431
rail 0.0048 194 380 706 462
rail 0.0046 1396 441 1694 483
rail 0.0045 -1 497 173 556
rail 0.0045 326 505 671 682
rail 0.0043 823 385 920 415
rail 0.0042 440 360 619 405
rail 0.0042 2 539 531 1059
rail 0.0042 905 382 1442 474
rail 0.0041 1203 464 1910 822
rail 0.0041 944 479 1121 628
rail 0.0041 439 377 686 521
rail 0.0041 -6 441 137 478
rail 0.0041 558 340 671 408
rail 0.0040 467 338 563 410
rail 0.0040 1381 465 1658 548
rail 0.0040 858 384 982 415
rail 0.0039 792 412 856 447
rail 0.0038 -5 580 360 907
rail 0.0037 1499 401 1943 509
rail 0.0036 1582 439 1824 478
rail 0.0035 557 437 715 523
rail 0.0035 1160 425 1573 533
rail 0.0034 709 380 876 429
rail 0.0033 100 410 450 458
rail 0.0033 758 388 1127 591
rail 0.0033 1388 429 1640 514
rail 0.0033 796 412 997 1080
rail 0.0032 1138 414 1382 452
rail 0.0031 0 597 197 755
rail 0.0031 -4 472 135 531
rail 0.0030 1881 485 1918 565
rail 0.0029 239 424 458 508
rail 0.0029 282 365 740 511
rail 0.0029 780 382 873 414
rail 0.0029 362 366 851 755
rail 0.0028 1829 610 1921 700
rail 0.0028 1429 463 1584 492
rail 0.0025 1422 499 1673 553
rail 0.0024 1737 482 1890 531
rail 0.0024 1883 511 1918 593
rail 0.0023 811 381 946 428
rail 0.0021 0 446 96 502
rail 0.0021 412 382 661 427
rail 0.0021 989 445 1114 564
rail 0.0020 528 354 598 400
rail 0.0020 1217 357 1800 549
rail 0.0020 0 423 169 467
rail 0.0020 1169 380 1374 482
rail 0.0020 1799 442 1916 488
rail 0.0019 1726 538 1899 606
rail 0.0019 801 385 1015 554
rail 0.0019 272 587 472 655
rail 0.0019 1889 549 1918 640
rail 0.0019 1543 457 1698 498
rail 0.0018 455 460 587 519
rail 0.0018 648 377 987 565
rail 0.0018 937 478 1319 640
rail 0.0018 819 448 1086 654
rail 0.0017 1877 538 1921 612
rail 0.0016 202 399 412 464
rail 0.0016 -2 488 209 688
rail 0.0016 1874 447 1919 477
rail 0.0016 508 383 620 424
rail 0.0015 1516 550 1824 633
rail 0.0015 1519 446 1672 481
rail 0.0015 863 350 1123 533
rail 0.0014 169 430 426 482
rail 0.0014 1401 485 1645 584
rail 0.0014 0 461 90 554
rail 0.0014 256 455 457 571
rail 0.0014 1805 631 1919 749
rail 0.0014 19 390 386 461
rail 0.0013 1732 437 1903 485
rail 0.0013 203 443 434 538
rail 0.0013 1341 413 1651 474
rail 0.0013 0 561 171 664
rail 0.0013 909 457 1041 529
rail 0.0013 -2 640 157 831
rail 0.0012 1479 442 1929 743
rail 0.0012 247 442 444 487
rail 0.0012 887 380 953 417
rail 0.0012 1633 429 1840 490
rail 0.0012 819 374 884 421
rail 0.0012 1108 408 1267 453
rail 0.0012 677 356 1302 648
rail 0.0012 642 359 842 536
rail 0.0012 43 446 403 514
rail 0.0012 158 470 728 835
rail 0.0012 932 460 1222 736
rail 0.0012 159 400 487 442
rail 0.0011 975 424 1469 609
rail 0.0011 1091 460 1614 1051
rail 0.0011 1880 585 1919 670
rail 0.0011 598 338 715 401
rail 0.0011 1138 422 1323 487
rail 0.0011 1568 449 1717 482
rail 0.0011 704 410 811 481
rail 0.0010 215 487 431 634
rail 0.0010 0 537 215 621
rail 0.0010 999 379 1133 450
rail 0.0010 1655 445 1770 474
rail 0.0010 0 511 126 579
rail 0.0010 1822 422 1924 560
rail 0.0010 380 446 540 529
rail 0.0010 101 514 263 554
rail 0.0010 1665 593 1905 662
switch-indicator 0.0236 1812 519 1845 545
switch-indicator 0.0053 686 386 764 422
switch-indicator 0.0023 795 409 852 449
switch-left 0.0453 715 434 788 463
switch-left 0.0444 391 509 592 584
switch-left 0.0327 469 497 594 539
switch-left 0.0307 878 442 943 479
switch-left 0.0267 694 444 770 478
switch-left 0.0222 974 459 1090 539
switch-left 0.0202 850 425 940 473
switch-left 0.0158 939 436 1068 506
switch-left 0.0121 506 478 603 523
switch-left 0.0093 996 441 1087 495
switch-left 0.0088 935 478 1104 595
switch-left 0.0086 892 453 1094 553
switch-left 0.0062 989 521 1123 610
switch-left 0.0033 153 558 344 618
switch-left 0.0033 877 450 1001 520
switch-left 0.0029 225 553 351 590
switch-left 0.0023 702 417 811 475
switch-left 0.0017 1008 548 1143 629
switch-left 0.0016 229 532 363 581
switch-left 0.0012 201 555 391 633
switch-left 0.0011 223 564 320 603
switch-right 0.2118 874 438 939 469
switch-right 0.1431 704 437 781 471
switch-right 0.1153 990 438 1059 470
switch-right 0.0554 450 501 585 544
switch-right 0.0477 475 485 605 530
switch-right 0.0443 354 523 539 605
switch-right 0.0412 994 448 1066 487
switch-right 0.0395 390 511 594 585
switch-right 0.0315 863 433 924 461
switch-right 0.0283 879 444 948 483
switch-right 0.0279 666 436 765 475
switch-right 0.0274 428 512 570 555
switch-right 0.0251 982 443 1078 502
switch-right 0.0216 692 422 789 481
switch-right 0.0145 501 456 630 519
switch-right 0.0133 987 461 1083 534
switch-right 0.0115 644 433 727 466
switch-right 0.0103 386 508 492 549
switch-right 0.0090 487 489 636 559
switch-right 0.0088 387 494 496 529
switch-right 0.0073 910 438 988 471
switch-right 0.0065 434 485 551 528
switch-right 0.0064 947 505 1114 607
switch-right 0.0040 222 553 354 591
switch-right 0.0037 161 562 368 636
switch-right 0.0036 927 445 1013 494
switch-right 0.0033 918 441 1067 515
switch-right 0.0030 893 447 992 488
switch-right 0.0028 389 537 610 644
switch-right 0.0021 410 473 530 514
switch-right 0.0017 990 490 1086 546
switch-right 0.0014 1013 547 1132 631
switch-right 0.0011 1011 517 1106 597
switch-right 0.0010 212 527 431 705
switch-unknown 0.1133 991 439 1059 471
switch-unknown 0.0764 981 429 1050 460
switch-unknown 0.0753 785 399 824 424
switch-unknown 0.0574 679 389 720 420
switch-unknown 0.0505 791 396 851 423
switch-unknown 0.0494 967 415 1032 443
switch-unknown 0.0484 825 396 882 420
switch-unknown 0.0403 658 418 722 448
switch-unknown 0.0369 572 428 648 456
switch-unknown 0.0358 660 377 716 415
switch-unknown 0.0310 963 410 1019 432
switch-unknown 0.0302 638 392 686 425
switch-unknown 0.0286 757 393 817 422
switch-unknown 0.0268 631 409 688 438
switch-unknown 0.0237 942 404 1010 426
switch-unknown 0.0236 550 429 636 470
switch-unknown 0.0224 841 410 915 452
switch-unknown 0.0184 499 436 664 511
switch-unknown 0.0182 783 391 824 412
switch-unknown 0.0165 786 408 827 441
switch-unknown 0.0162 577 431 685 475
switch-unknown 0.0143 941 408 1012 445
switch-unknown 0.0135 593 436 675 463
switch-unknown 0.0130 738 418 810 449
switch-unknown 0.0084 535 449 633 494
switch-unknown 0.0078 855 393 929 423
switch-unknown 0.0073 750 380 815 414
switch-unknown 0.0064 991 426 1092 456
switch-unknown 0.0058 715 380 791 416
switch-unknown 0.0045 910 396 989 423
switch-unknown 0.0041 688 368 761 415
switch-unknown 0.0039 802 370 855 421
switch-unknown 0.0029 703 445 776 477
switch-unknown 0.0029 821 371 877 421
switch-unknown 0.0028 971 403 1050 435
switch-unknown 0.0016 279 458 410 498
switch-unknown 0.0015 1409 499 1644 552
switch-unknown 0.0013 488 424 594 456
switch-static 0.1872 577 422 628 442
switch-static 0.0847 786 514 827 556
switch-static 0.0809 1041 436 1101 462
switch-static 0.0675 716 434 789 462
switch-static 0.0562 591 420 662 444
switch-static 0.0524 224 556 313 585
switch-static 0.0453 926 439 993 467
switch-static 0.0354 920 427 986 461
switch-static 0.0255 876 429 943 464
switch-static 0.0254 583 404 632 442
switch-static 0.0203 739 418 810 449
switch-static 0.0196 213 538 299 584
switch-static 0.0171 825 427 874 454
switch-static 0.0168 744 517 826 561
switch-static 0.0158 550 424 604 446
switch-static 0.0148 568 404 615 445
switch-static 0.0134 818 407 883 449
switch-static 0.0133 605 386 681 430
switch-static 0.0128 811 426 849 453
switch-static 0.0118 996 426 1083 455
switch-static 0.0112 781 428 826 453
switch-static 0.0109 794 410 850 448
switch-static 0.0097 717 390 792 423
switch-static 0.0072 222 519 280 547
switch-static 0.0068 1086 444 1148 469
switch-static 0.0065 370 494 482 529
switch-static 0.0059 1108 446 1161 471
switch-static 0.0054 506 435 580 457
switch-static 0.0052 522 436 614 475
switch-static 0.0044 886 392 952 421
switch-static 0.0038 153 529 245 565
switch-static 0.0035 730 531 802 563
switch-static 0.0035 459 429 521 452
switch-static 0.0031 169 526 283 573
switch-static 0.0029 485 432 557 455
switch-static 0.0029 354 490 444 521
switch-static 0.0026 490 423 596 474
switch-static 0.0021 1060 448 1114 478
switch-static 0.0018 324 482 413 520
switch-static 0.0017 479 417 530 445
switch-static 0.0015 429 420 485 445
switch-static 0.0014 422 428 466 455
switch-static 0.0013 243 533 343 579
switch-static 0.0013 308 477 385 515
switch-static 0.0013 422 476 517 510
switch-static 0.0012 687 462 798 545
switch-static 0.0012 162 549 296 599
switch-static 0.0010 1092 447 1147 485
track-sign-front 0.0018 687 319 732 412
track-sign-front 0.0016 821 313 866 415
track-sign-front 0.0016 1837 425 1865 465
track-sign-front 0.0013 1693 402 1737 476
track-sign-front 0.0012 1696 363 1736 454
track-sign-front 0.0010 1816 401 1855 475
pole 0.6566 1433 -7 1495 553
pole 0.6488 1736 -16 1833 638
pole 0.5897 1324 -4 1366 534
pole 0.3794 1022 308 1095 425
pole 0.3187 501 154 524 422
pole 0.2551 1207 114 1228 451
pole 0.2340 814 22 843 465
pole 0.1982 1070 196 1098 418
pole 0.0822 820 161 840 455
pole 0.0821 399 249 434 421
pole 0.0743 383 246 424 422
pole 0.0700 510 284 530 419
pole 0.0641 730 275 743 404
pole 0.0641 1012 308 1065 416
pole 0.0590 1310 241 1360 537
pole 0.0549 587 296 623 408
pole 0.0500 1054 296 1102 430
pole 0.0440 410 265 457 415
pole 0.0419 570 287 604 407
pole 0.0406 562 304 576 393
pole 0.0312 495 24 530 405
pole 0.0309 730 270 756 408
pole 0.0281 1082 196 1110 422
pole 0.0221 870 312 886 406
pole 0.0198 345 262 407 417
pole 0.0194 1425 273 1488 555
pole 0.0186 1546 184 1566 451
pole 0.0178 768 294 789 415
pole 0.0175 614 313 642 407
pole 0.0171 1207 74 1249 484
pole 0.0154 1326 166 1351 510
pole 0.0141 483 252 525 415
pole 0.0131 436 274 485 405
pole 0.0126 717 290 745 413
pole 0.0124 1287 300 1350 511
pole 0.0123 654 293 671 401
pole 0.0113 875 309 894 405
pole 0.0110 390 332 408 429
pole 0.0104 1714 169 1814 665
pole 0.0093 644 310 676 412
pole 0.0093 488 180 536 419
pole 0.0084 1655 384 1856 596
pole 0.0080 1269 10 1389 533
pole 0.0079 1319 329 1352 536
pole 0.0077 1422 386 1507 555
pole 0.0072 759 278 782 409
pole 0.0072 1198 296 1230 451
pole 0.0071 1187 108 1240 447
pole 0.0069 447 220 500 417
pole 0.0068 395 328 427 425
pole 0.0068 1193 126 1220 446
pole 0.0065 484 347 513 422
pole 0.0063 367 274 449 432
pole 0.0063 1157 308 1187 428
pole 0.0061 313 237 416 437
pole 0.0061 1166 308 1204 438
pole 0.0059 1540 400 1943 588
pole 0.0055 510 340 542 413
pole 0.0055 1385 0 1518 554
pole 0.0054 1054 197 1112 423
pole 0.0049 269 241 334 431
pole 0.0044 102 296 614 466
pole 0.0041 1213 221 1242 455
pole 0.0040 1311 -9 1446 541
pole 0.0040 818 292 843 430
pole 0.0039 1240 132 1271 444
pole 0.0039 807 167 835 460
pole 0.0036 652 310 698 415
pole 0.0035 1779 111 1881 625
pole 0.0035 1203 308 1249 443
pole 0.0035 560 255 579 400
pole 0.0034 849 372 895 421
pole 0.0033 1382 396 1485 556
pole 0.0032 778 286 832 424
pole 0.0031 1688 7 1785 647
pole 0.0031 655 287 684 400
pole 0.0030 424 341 457 412
pole 0.0030 1067 242 1089 393
pole 0.0029 252 302 368 490
pole 0.0028 1192 82 1275 482
pole 0.0026 821 26 869 443
pole 0.0026 1076 299 1125 430
pole 0.0025 504 54 525 361
pole 0.0025 780 362 892 450
pole 0.0025 1549 153 1575 434
pole 0.0024 1435 170 1484 508
pole 0.0023 575 316 636 399
pole 0.0023 797 49 856 477
pole 0.0023 250 239 306 431
pole 0.0022 800 359 854 433
pole 0.0021 470 284 546 426
pole 0.0021 1715 345 1763 518
pole 0.0020 910 316 938 407
pole 0.0019 253 12 337 439
pole 0.0018 1831 197 1860 474
pole 0.0018 1189 343 1367 506
pole 0.0018 1176 240 1208 444
pole 0.0018 1034 220 1081 422
pole 0.0017 1726 322 1798 598
pole 0.0017 1352 287 1396 481
pole 0.0017 504 223 520 375
pole 0.0016 1543 326 1559 451
pole 0.0016 820 243 838 393
pole 0.0016 1206 129 1322 505
pole 0.0016 1410 252 1469 515
pole 0.0016 1542 260 1572 463
pole 0.0015 693 296 730 398
pole 0.0015 826 289 861 439
pole 0.0015 1154 361 1278 477
pole 0.0015 1230 270 1347 485
pole 0.0014 375 339 445 419
pole 0.0014 1189 353 1234 453
pole 0.0014 864 365 929 422
pole 0.0013 964 282 1122 503
pole 0.0013 961 323 991 401
pole 0.0013 1229 290 1277 436
pole 0.0012 1112 305 1161 426
pole 0.0012 1408 350 1522 517
pole 0.0012 970 316 1031 413
pole 0.0012 1330 117 1360 463
pole 0.0012 1079 227 1096 378
pole 0.0012 732 353 866 449
pole 0.0012 284 274 359 428
pole 0.0012 1402 282 1942 657
pole 0.0012 549 298 588 399
pole 0.0011 234 228 283 444
pole 0.0011 1153 297 1242 455
pole 0.0011 596 276 619 383
pole 0.0011 1263 364 1361 500
pole 0.0010 319 289 383 417
pole 0.0010 301 187 490 456
pole 0.0010 433 338 497 415
pole 0.0010 453 40 523 417
pole 0.0010 931 289 957 407
pole 0.0010 1770 330 1901 552
rail-occluder 0.4281 1022 315 1087 422
rail-occluder 0.0384 1487 468 1509 488
rail-occluder 0.0329 487 406 509 428
rail-occluder 0.0299 1819 520 1845 546
rail-occluder 0.0248 392 403 408 433
rail-occluder 0.0238 484 413 508 435
rail-occluder 0.0204 489 397 517 422
rail-occluder 0.0192 1001 322 1066 415
rail-occluder 0.0186 434 423 456 440
rail-occluder 0.0172 1000 335 1093 455
rail-occluder 0.0134 389 407 412 440
rail-occluder 0.0124 1327 438 1347 523
rail-occluder 0.0112 1696 445 1714 469
rail-occluder 0.0109 1822 462 1852 497
rail-occluder 0.0100 1356 456 1409 480
rail-occluder 0.0095 434 422 476 442
rail-occluder 0.0093 482 419 523 444
rail-occluder 0.0089 1325 443 1363 518
rail-occluder 0.0084 587 344 634 413
rail-occluder 0.0082 1011 283 1109 441
rail-occluder 0.0074 1815 462 1909 503
rail-occluder 0.0057 573 347 615 410
rail-occluder 0.0054 391 413 454 448
rail-occluder 0.0051 478 403 518 429
rail-occluder 0.0050 1305 401 1362 535
rail-occluder 0.0046 1347 514 1420 547
rail-occluder 0.0045 1323 413 1377 537
rail-occluder 0.0044 1323 395 1351 535
rail-occluder 0.0044 538 350 588 400
rail-occluder 0.0041 1479 456 1508 495
rail-occluder 0.0039 1325 454 1518 552
rail-occluder 0.0039 1117 449 1154 476
rail-occluder 0.0037 456 390 549 425
rail-occluder 0.0036 1315 461 1354 531
rail-occluder 0.0033 1287 439 1388 523
rail-occluder 0.0032 1484 464 1527 491
rail-occluder 0.0030 1698 450 1728 478
rail-occluder 0.0030 1382 447 1602 505
rail-occluder 0.0029 476 411 515 439
rail-occluder 0.0028 1813 493 1854 545
rail-occluder 0.0028 1820 437 1854 496
rail-occluder 0.0027 374 398 439 432
rail-occluder 0.0025 253 233 357 440
rail-occluder 0.0025 1370 519 1427 556
rail-occluder 0.0025 1317 468 1388 530
rail-occluder 0.0024 1800 462 1847 498
rail-occluder 0.0023 148 272 516 474
rail-occluder 0.0022 1067 372 1111 435
rail-occluder 0.0021 1153 470 1683 588
rail-occluder 0.0021 1224 413 1424 530
rail-occluder 0.0020 900 377 940 415
rail-occluder 0.0019 1333 495 1488 565
rail-occluder 0.0018 1326 511 1395 542
rail-occluder 0.0018 1057 325 1117 427
rail-occluder 0.0016 1233 482 1510 589
rail-occluder 0.0016 1363 456 1427 490
rail-occluder 0.0016 225 292 322 492
rail-occluder 0.0016 399 411 487 442
rail-occluder 0.0016 1318 501 1428 573
rail-occluder 0.0016 1578 458 1662 493
rail-occluder 0.0015 1130 430 1404 563
rail-occluder 0.0015 978 321 1037 433
rail-occluder 0.0014 1452 424 1501 503
rail-occluder 0.0014 1332 483 1433 539
rail-occluder 0.0013 1076 430 1148 464
rail-occluder 0.0012 1626 485 1698 517
rail-occluder 0.0012 527 386 603 430
rail-occluder 0.0012 1347 481 1585 577
rail-occluder 0.0011 1114 444 1191 473
rail-occluder 0.0011 1826 427 1887 486
rail-occluder 0.0011 1103 431 1174 465
rail-occluder 0.0011 1662 450 1721 484
rail-occluder 0.0011 1411 438 1452 525
rail-occluder 0.0011 1126 384 1195 428
rail-occluder 0.0010 1181 462 1240 499
rail-occluder 0.0010 1016 377 1157 434
rail-occluder 0.0010 1278 481 1341 529
rail-occluder 0.0010 1474 472 1524 508
rail-occluder 0.0010 503 382 566 425
rail-occluder 0.0010 1158 362 1213 438
rail-occluder 0.0010 435 394 508 437
