guard-rail 0.8496 1612 858 1916 1070
guard-rail 0.4935 1270 557 1339 604
guard-rail 0.1463 1014 707 1027 880
guard-rail 0.0831 1768 835 1920 1071
guard-rail 0.0775 1024 599 1037 707
guard-rail 0.0593 1257 553 1311 589
guard-rail 0.0527 999 714 1017 874
guard-rail 0.0427 1686 810 1920 1017
guard-rail 0.0404 604 526 789 584
guard-rail 0.0328 874 545 921 590
guard-rail 0.0178 1020 723 1032 865
guard-rail 0.0165 1822 812 1919 1006
guard-rail 0.0165 1028 592 1041 670
guard-rail 0.0160 1767 789 1921 938
guard-rail 0.0147 1269 549 1324 577
guard-rail 0.0133 691 671 889 1031
guard-rail 0.0128 1230 549 1288 583
guard-rail 0.0080 1845 768 1919 918
guard-rail 0.0072 756 592 860 672
guard-rail 0.0072 1223 539 1266 574
guard-rail 0.0064 1223 545 1271 592
guard-rail 0.0059 937 542 998 594
guard-rail 0.0058 1305 575 1375 615
guard-rail 0.0053 931 542 972 586
guard-rail 0.0053 1030 589 1042 634
guard-rail 0.0053 1011 687 1033 973
guard-rail 0.0051 554 528 723 584
guard-rail 0.0049 1230 557 1287 613
guard-rail 0.0046 677 525 826 573
guard-rail 0.0046 864 539 943 593
guard-rail 0.0040 1624 768 1921 953
guard-rail 0.0038 721 602 853 697
guard-rail 0.0035 1820 743 1920 864
guard-rail 0.0034 1227 575 1264 624
guard-rail 0.0033 977 546 1009 593
guard-rail 0.0033 1282 562 1376 606
guard-rail 0.0032 986 702 1020 1021
guard-rail 0.0032 652 525 921 920
guard-rail 0.0032 685 613 830 725
guard-rail 0.0031 962 522 1037 582
guard-rail 0.0031 654 613 835 798
guard-rail 0.0031 1022 583 1040 635
guard-rail 0.0031 611 530 716 575
guard-rail 0.0030 634 535 734 590
guard-rail 0.0028 855 533 915 586
guard-rail 0.0028 546 545 688 594
guard-rail 0.0027 1113 503 1189 572
guard-rail 0.0027 1005 709 1031 893
guard-rail 0.0026 1224 625 1246 689
guard-rail 0.0026 1014 691 1025 823
guard-rail 0.0025 1018 579 1036 808
guard-rail 0.0025 635 504 846 580
guard-rail 0.0023 1016 596 1044 712
guard-rail 0.0022 1298 541 1341 562
guard-rail 0.0022 738 726 863 966
guard-rail 0.0022 881 597 970 689
guard-rail 0.0020 1811 815 1915 918
guard-rail 0.0019 1841 854 1920 1098
guard-rail 0.0018 725 528 826 563
guard-rail 0.0018 616 523 750 563
guard-rail 0.0017 1254 549 1382 641
guard-rail 0.0015 1227 594 1257 635
guard-rail 0.0013 714 516 844 556
guard-rail 0.0013 1604 836 1831 961
guard-rail 0.0013 1876 795 1919 983
guard-rail 0.0012 943 533 1016 579
guard-rail 0.0012 1213 511 1383 653
guard-rail 0.0012 1025 583 1041 804
guard-rail 0.0011 1016 614 1032 847
guard-rail 0.0011 985 712 1025 853
guard-rail 0.0011 676 538 781 590
guard-rail 0.0010 943 487 1015 543
guard-rail 0.0010 1573 806 1848 916
guard-rail 0.0010 648 534 822 619
guard-rail 0.0010 1756 762 1915 884
guard-rail 0.0010 1377 569 1443 611
train-car 0.0018 1712 330 1919 666
rail 0.9274 1093 444 1477 1080
rail 0.9138 185 452 1053 1076
rail 0.8933 1109 441 1923 1078
rail 0.8575 639 469 1069 1082
rail 0.8275 2 419 1045 810
rail 0.4494 12 426 973 622
rail 0.3694 1075 437 1146 475
rail 0.0685 1082 447 1160 483
rail 0.0378 0 494 755 632
rail 0.0311 1069 436 1124 467
rail 0.0195 1096 431 1167 468
rail 0.0142 1101 444 1183 501
rail 0.0113 577 511 814 587
rail 0.0106 688 637 982 1055
rail 0.0091 276 446 1055 683
rail 0.0073 1179 444 1214 488
rail 0.0067 522 456 892 609
rail 0.0062 1 526 750 774
rail 0.0052 792 457 995 527
rail 0.0049 624 467 965 582
rail 0.0048 824 443 1029 512
rail 0.0036 8 525 529 617
rail 0.0032 1814 733 1919 883
rail 0.0031 852 441 996 491
rail 0.0030 1196 451 1870 797
rail 0.0029 650 506 896 587
rail 0.0028 1094 473 1208 567
rail 0.0026 630 808 1044 1066
rail 0.0025 1358 530 1921 978
rail 0.0024 420 429 967 561
rail 0.0024 1663 702 1921 965
rail 0.0020 31 556 366 633
rail 0.0020 1460 494 1916 680
rail 0.0020 170 504 721 589
rail 0.0019 763 469 935 538
rail 0.0019 509 497 874 670
rail 0.0018 1042 399 1208 554
rail 0.0018 1113 429 1218 480
rail 0.0018 10 562 247 733
rail 0.0018 7 594 150 678
rail 0.0016 1644 543 1920 772
rail 0.0016 897 433 1042 480
rail 0.0015 1778 645 1918 839
rail 0.0014 622 507 898 1011
rail 0.0013 1013 430 1089 461
rail 0.0012 1586 610 1931 1017
rail 0.0011 657 450 935 544
rail 0.0011 1130 475 1609 746
rail 0.0011 506 501 734 624
rail 0.0011 28 136 176 621
rail 0.0011 172 377 1026 568
rail 0.0010 1699 751 1923 897
rail 0.0010 263 461 849 588
switch-indicator 0.0280 1183 446 1212 493
switch-indicator 0.0022 1151 419 1174 444
switch-left 0.1353 963 475 1063 524
switch-left 0.0874 1111 497 1192 545
switch-left 0.0059 1117 509 1204 559
switch-left 0.0049 953 466 1071 550
switch-left 0.0047 699 755 1043 1028
switch-left 0.0033 996 469 1091 515
switch-left 0.0030 1033 474 1138 516
switch-left 0.0029 1017 467 1163 555
switch-left 0.0017 1094 485 1206 569
switch-left 0.0015 841 469 1008 533
switch-left 0.0011 922 448 1102 578
switch-right 0.1945 974 473 1059 517
switch-right 0.1483 1115 497 1187 536
switch-right 0.1283 1107 484 1186 523
switch-right 0.0699 1108 465 1166 498
switch-right 0.0106 965 483 1054 534
switch-right 0.0061 1088 473 1169 514
switch-right 0.0044 1035 476 1138 513
switch-right 0.0029 1127 498 1211 556
switch-unknown 0.2171 982 473 1065 511
switch-unknown 0.2166 1071 439 1135 470
switch-unknown 0.0747 1088 449 1158 482
switch-unknown 0.0346 1051 435 1102 461
switch-unknown 0.0197 1106 431 1160 466
switch-unknown 0.0178 1061 446 1136 487
switch-unknown 0.0111 1117 466 1175 502
switch-unknown 0.0100 1018 441 1082 488
switch-unknown 0.0085 1021 468 1085 500
switch-unknown 0.0075 939 477 1017 517
switch-unknown 0.0035 786 480 915 534
switch-unknown 0.0035 1030 417 1077 463
switch-unknown 0.0034 888 461 1008 507
switch-unknown 0.0032 906 481 1001 521
switch-unknown 0.0031 856 449 993 501
switch-unknown 0.0024 964 416 1024 451
switch-unknown 0.0024 817 485 981 534
switch-unknown 0.0021 881 446 965 482
switch-unknown 0.0020 993 414 1040 459
switch-unknown 0.0017 793 468 908 511
switch-unknown 0.0017 984 436 1064 491
switch-unknown 0.0012 960 435 1034 477
switch-unknown 0.0012 931 433 1008 473
switch-unknown 0.0011 1191 438 1213 463
switch-static 0.0071 1842 745 1919 864
switch-static 0.0049 1883 770 1920 864
switch-static 0.0033 1878 736 1921 803
switch-static 0.0032 1841 735 1920 811
switch-static 0.0019 1835 782 1918 902
track-sign-front 0.0678 875 413 887 434
track-sign-front 0.0041 1158 418 1173 435
track-sign-front 0.0032 1275 424 1297 473
track-sign-front 0.0020 1251 430 1281 470
pole 0.0041 18 173 167 647
pole 0.0022 56 199 422 617
pole 0.0012 75 377 160 671
rail-occluder 0.6129 93 549 148 648
rail-occluder 0.0243 1190 446 1212 491
rail-occluder 0.0242 107 551 146 620
rail-occluder 0.0169 72 556 129 646
rail-occluder 0.0057 120 557 153 665
rail-occluder 0.0042 91 550 180 676
rail-occluder 0.0023 127 542 161 592
rail-occluder 0.0022 30 552 162 668
rail-occluder 0.0020 1274 425 1297 473
rail-occluder 0.0019 50 553 280 637
rail-occluder 0.0018 133 563 197 628
rail-occluder 0.0018 1156 420 1200 458
rail-occluder 0.0014 56 195 421 613
rail-occluder 0.0013 92 538 140 603
rail-occluder 0.0013 1254 433 1288 471
rail-occluder 0.0012 360 498 547 593
rail-occluder 0.0011 137 552 197 601
rail-occluder 0.0010 765 468 933 541
rail-occluder 0.0010 6 593 117 650
