rail 0.9521 61 562 737 1080
rail 0.9399 618 556 1157 1076
rail 0.8454 684 568 1878 1082
rail 0.0130 596 561 715 591
rail 0.0040 579 547 1675 890
rail 0.0038 1695 600 1917 734
rail 0.0037 583 552 653 582
rail 0.0028 718 585 1006 1054
rail 0.0020 1685 587 1915 673
rail 0.0019 1756 646 1922 843
rail 0.0018 599 551 765 602
rail 0.0016 1757 633 1915 756
rail 0.0015 588 543 635 572
rail 0.0014 611 569 707 605
rail 0.0014 596 542 716 584
rail 0.0013 1757 487 1919 745
rail 0.0012 653 561 754 587
rail 0.0012 1488 556 1906 683
rail 0.0012 1490 587 1916 755
rail 0.0012 594 535 660 584
rail 0.0011 923 613 1529 1072
rail 0.0010 571 562 1079 817
rail 0.0010 712 575 1357 948
switch-unknown 0.0186 604 562 672 585
switch-unknown 0.0061 594 555 639 579
switch-unknown 0.0041 634 561 719 589
switch-unknown 0.0028 598 529 655 586
switch-unknown 0.0027 622 573 694 603
switch-unknown 0.0012 644 576 711 606
switch-unknown 0.0011 619 526 690 590
switch-static 0.0075 780 655 811 678
switch-static 0.0026 813 695 835 729
switch-static 0.0014 765 640 803 674
switch-static 0.0010 803 690 845 733
track-sign-front 0.0040 560 520 606 576
track-sign-front 0.0035 688 538 712 570
track-sign-front 0.0027 688 523 704 560
track-sign-front 0.0025 1711 724 1739 762
track-sign-front 0.0024 581 499 626 572
track-sign-front 0.0022 680 511 702 565
track-sign-front 0.0015 1817 597 1876 637
track-sign-front 0.0015 631 508 657 558
track-sign-front 0.0014 1841 595 1870 634
track-sign-front 0.0010 1779 595 1908 641
track-signal-front 0.0021 629 512 651 555
pole 0.1051 562 280 596 612
pole 0.0094 -7 -36 79 1081
pole 0.0073 570 394 596 611
pole 0.0055 561 397 588 599
pole 0.0048 1771 43 1902 772
pole 0.0046 730 443 744 572
pole 0.0030 561 496 588 583
pole 0.0021 577 311 615 609
pole 0.0017 583 430 609 580
pole 0.0010 555 354 612 642
pole 0.0010 584 495 625 577
rail-occluder 0.0042 706 560 741 580
rail-occluder 0.0041 591 540 629 573
rail-occluder 0.0038 677 558 734 584
rail-occluder 0.0033 682 533 708 579
rail-occluder 0.0023 560 526 585 574
rail-occluder 0.0012 709 542 743 585
rail-occluder 0.0012 560 531 606 570
