guard-rail 0.3038 874 613 887 662
guard-rail 0.1382 977 631 986 667
guard-rail 0.0755 866 621 879 664
guard-rail 0.0389 980 638 989 670
guard-rail 0.0272 1016 575 1061 598
guard-rail 0.0259 976 616 990 654
guard-rail 0.0258 939 576 989 595
guard-rail 0.0236 1042 625 1137 657
guard-rail 0.0224 990 577 1044 597
guard-rail 0.0139 1030 618 1118 647
guard-rail 0.0113 871 632 885 670
guard-rail 0.0080 961 610 992 648
guard-rail 0.0078 1027 580 1097 608
guard-rail 0.0076 1024 611 1076 637
guard-rail 0.0056 910 570 943 599
guard-rail 0.0049 868 612 894 665
guard-rail 0.0037 858 606 879 656
guard-rail 0.0027 992 621 1011 658
guard-rail 0.0027 883 576 919 612
guard-rail 0.0026 865 583 900 621
guard-rail 0.0024 1100 657 1206 698
guard-rail 0.0023 1029 566 1076 596
guard-rail 0.0022 1664 901 1917 1068
guard-rail 0.0017 1046 588 1129 614
guard-rail 0.0015 1016 579 1166 620
guard-rail 0.0014 990 601 1048 639
guard-rail 0.0012 1028 619 1077 650
rail 0.8945 931 547 1906 1078
rail 0.8725 734 547 1100 1075
rail 0.4576 1196 624 1917 901
rail 0.0694 924 558 992 592
rail 0.0487 949 570 994 598
rail 0.0180 980 568 1058 595
rail 0.0158 907 549 988 581
rail 0.0141 943 551 992 584
rail 0.0081 895 541 921 570
rail 0.0062 999 552 1086 586
rail 0.0059 934 548 1884 763
rail 0.0059 1017 561 1090 598
rail 0.0054 1385 690 1919 1036
rail 0.0053 896 553 955 584
rail 0.0051 936 549 1040 581
rail 0.0043 897 541 947 578
rail 0.0030 892 545 924 584
rail 0.0025 960 540 1082 588
rail 0.0023 998 549 1200 610
rail 0.0021 952 533 1025 586
rail 0.0015 1186 664 1739 1049
rail 0.0015 892 597 1117 1075
rail 0.0014 939 553 1001 610
rail 0.0014 1443 835 1923 1072
rail 0.0013 1014 576 1222 634
rail 0.0013 1007 542 1120 583
rail 0.0012 962 558 1135 624
rail 0.0011 1532 698 1926 895
rail 0.0011 910 551 1442 1054
rail 0.0011 1639 806 1918 1022
rail 0.0011 973 561 1320 800
rail 0.0010 1048 497 1173 602
switch-indicator 0.0109 1017 568 1060 594
switch-indicator 0.0014 1269 588 1315 619
switch-left 0.0600 1062 647 1208 701
switch-left 0.0438 1048 631 1165 674
switch-left 0.0237 1082 660 1230 718
switch-left 0.0091 1065 624 1198 663
switch-left 0.0075 939 574 990 598
switch-left 0.0045 1112 665 1291 742
switch-left 0.0019 1053 636 1262 762
switch-left 0.0010 968 568 1278 780
switch-right 0.1647 951 575 994 595
switch-right 0.1086 1052 640 1155 673
switch-right 0.0736 1051 641 1190 689
switch-right 0.0720 1047 632 1143 663
switch-right 0.0317 1072 653 1217 704
switch-right 0.0165 1033 623 1129 654
switch-right 0.0034 1115 666 1289 744
switch-right 0.0031 1035 617 1150 673
switch-unknown 0.0345 955 573 998 594
switch-unknown 0.0188 899 539 940 569
switch-unknown 0.0142 912 535 979 580
switch-unknown 0.0102 899 549 947 585
switch-unknown 0.0062 893 548 923 580
switch-static 0.0130 991 571 1051 596
switch-static 0.0122 1122 620 1197 649
switch-static 0.0036 1155 569 1218 607
switch-static 0.0035 1080 620 1186 662
switch-static 0.0021 1142 609 1215 639
switch-static 0.0010 1266 585 1319 620
track-sign-front 0.0051 788 556 802 580
track-sign-front 0.0013 871 525 905 576
pole 0.7010 1091 488 1173 611
pole 0.0100 1083 545 1174 655
pole 0.0064 1065 465 1190 637
pole 0.0034 881 501 915 572
pole 0.0034 1007 478 1029 556
pole 0.0031 931 527 955 553
pole 0.0029 807 234 827 540
pole 0.0029 869 477 896 575
pole 0.0019 463 -13 632 942
pole 0.0019 964 479 984 557
pole 0.0015 872 484 888 551
pole 0.0015 938 491 956 552
pole 0.0015 1045 490 1083 563
pole 0.0014 1008 488 1074 560
pole 0.0014 980 475 1010 556
pole 0.0013 967 485 1018 563
pole 0.0012 1870 304 1919 824
pole 0.0012 1003 490 1043 558
pole 0.0011 940 500 986 562
pole 0.0011 1055 431 1076 541
pole 0.0010 1059 421 1249 799
rail-occluder 0.0153 1177 557 1218 590
rail-occluder 0.0126 1160 561 1216 599
rail-occluder 0.0114 1224 542 1291 598
rail-occluder 0.0059 1183 549 1225 583
rail-occluder 0.0059 1256 588 1313 625
rail-occluder 0.0046 1239 574 1292 623
rail-occluder 0.0042 1253 550 1303 610
rail-occluder 0.0040 1164 541 1216 590
rail-occluder 0.0037 1207 533 1284 584
rail-occluder 0.0025 1122 544 1250 590
rail-occluder 0.0023 1106 508 1191 627
rail-occluder 0.0020 1243 601 1289 626
rail-occluder 0.0019 1211 557 1334 616
rail-occluder 0.0016 1167 573 1232 612
rail-occluder 0.0015 1127 565 1298 618
rail-occluder 0.0015 1245 523 1298 594
rail-occluder 0.0012 1136 587 1194 624
rail-occluder 0.0010 1201 570 1275 617
