guard-rail 0.0112 1005 545 1072 613
guard-rail 0.0063 965 593 989 613
guard-rail 0.0054 971 584 998 616
guard-rail 0.0048 1852 930 1915 1074
guard-rail 0.0034 977 544 1031 579
guard-rail 0.0021 956 549 1004 586
guard-rail 0.0021 1794 928 1923 1077
guard-rail 0.0021 1885 910 1919 1074
guard-rail 0.0019 1729 942 1901 1067
guard-rail 0.0013 941 520 1008 563
guard-rail 0.0013 3 723 307 856
guard-rail 0.0010 1072 529 1129 629
train-car 0.5538 -9 495 885 636
train-car 0.2553 904 504 942 536
train-car 0.0750 915 500 974 538
train-car 0.0411 400 492 948 576
train-car 0.0221 184 482 1005 595
train-car 0.0158 877 507 961 546
train-car 0.0107 603 463 838 574
train-car 0.0105 814 507 946 549
train-car 0.0104 -2 549 335 661
train-car 0.0099 3 508 490 633
train-car 0.0097 908 493 956 547
train-car 0.0069 576 514 994 610
train-car 0.0069 16 522 262 637
train-car 0.0063 945 492 997 537
train-car 0.0063 585 499 908 565
train-car 0.0034 536 477 594 612
train-car 0.0029 -4 468 795 756
train-car 0.0025 514 501 715 577
train-car 0.0024 326 492 538 612
train-car 0.0021 386 508 625 592
train-car 0.0016 324 466 428 635
train-car 0.0016 338 506 1089 684
train-car 0.0015 835 466 888 552
train-car 0.0013 348 534 509 613
train-car 0.0012 864 468 1012 546
train-car 0.0012 781 483 920 566
train-car 0.0011 372 458 433 616
train-car 0.0011 399 431 1029 632
train-car 0.0010 657 512 782 585
rail 0.9619 76 528 1046 1075
rail 0.9585 1089 514 1915 1074
rail 0.9391 1044 520 1325 1074
rail 0.8106 2 532 999 827
rail 0.7940 1001 531 1134 675
rail 0.4233 22 527 949 693
rail 0.2913 1052 854 1318 1074
rail 0.2326 1027 531 1142 1070
rail 0.1782 3 573 756 743
rail 0.0569 2 558 703 654
rail 0.0473 1042 723 1261 1040
rail 0.0396 1002 537 1038 557
rail 0.0373 -4 602 534 717
rail 0.0314 1064 839 1275 981
rail 0.0300 -4 616 341 696
rail 0.0298 821 519 1024 562
rail 0.0274 795 531 1005 576
rail 0.0228 1 606 702 853
rail 0.0215 1205 533 1908 844
rail 0.0206 609 504 962 624
rail 0.0197 1197 859 1315 1072
rail 0.0184 1016 523 1109 591
rail 0.0165 734 523 1020 595
rail 0.0155 1024 582 1167 707
rail 0.0134 1 627 430 754
rail 0.0110 878 508 972 553
rail 0.0107 0 622 182 691
rail 0.0102 960 512 1029 543
rail 0.0091 -1 652 252 744
rail 0.0082 1010 525 1067 552
rail 0.0081 1052 519 1118 601
rail 0.0080 -3 589 269 666
rail 0.0080 1221 858 1361 916
rail 0.0062 1045 521 1151 652
rail 0.0058 303 559 830 635
rail 0.0057 -1 677 314 816
rail 0.0048 1035 524 1090 552
rail 0.0047 1154 827 1390 1000
rail 0.0044 293 582 698 696
rail 0.0044 0 602 173 652
rail 0.0043 1139 519 1670 686
rail 0.0033 639 544 872 587
rail 0.0032 1066 528 1106 579
rail 0.0030 1114 521 1526 637
rail 0.0029 1125 756 1405 1063
rail 0.0027 306 572 869 737
rail 0.0026 743 557 793 623
rail 0.0025 1075 835 1284 915
rail 0.0024 755 516 933 581
rail 0.0021 1125 522 1421 598
rail 0.0020 923 541 1149 648
rail 0.0018 -3 617 129 674
rail 0.0018 976 518 1119 618
rail 0.0017 0 617 80 697
rail 0.0017 1059 522 1109 552
rail 0.0017 -4 697 220 790
rail 0.0015 1880 909 1920 1076
rail 0.0015 -1 682 172 760
rail 0.0014 712 544 916 631
rail 0.0014 1 601 66 648
rail 0.0013 0 588 38 663
rail 0.0013 3 698 416 888
rail 0.0012 21 576 269 636
rail 0.0012 980 491 1054 541
rail 0.0012 924 511 1022 570
rail 0.0012 315 609 674 782
rail 0.0012 -1 724 247 854
rail 0.0012 1131 862 1264 945
rail 0.0012 4 715 268 954
rail 0.0011 914 455 1302 807
rail 0.0011 1856 867 1920 1068
rail 0.0011 983 537 1088 654
rail 0.0010 662 523 893 597
rail 0.0010 1101 531 1522 751
rail 0.0010 991 519 1077 573
rail 0.0010 0 638 64 758
rail 0.0010 -1 613 34 676
switch-indicator 0.5372 1336 759 1388 821
switch-indicator 0.0230 1239 760 1272 788
switch-indicator 0.0085 1321 744 1404 830
switch-indicator 0.0025 1212 714 1288 853
switch-indicator 0.0022 1179 680 1218 717
switch-indicator 0.0022 1230 760 1271 811
switch-indicator 0.0014 1189 690 1216 725
switch-left 0.2984 1054 641 1142 689
switch-left 0.0941 1067 852 1268 946
switch-left 0.0145 1034 624 1127 686
switch-left 0.0109 1049 817 1239 926
switch-left 0.0034 1096 873 1264 928
switch-left 0.0018 1017 598 1184 724
switch-left 0.0012 1078 662 1170 707
switch-left 0.0012 1059 697 1177 789
switch-right 0.3821 1054 641 1143 689
switch-right 0.0510 1071 846 1258 928
switch-right 0.0128 1031 626 1132 685
switch-right 0.0081 1082 653 1157 694
switch-right 0.0019 1082 665 1166 706
switch-right 0.0017 1055 701 1182 786
switch-right 0.0016 1070 804 1255 891
switch-right 0.0012 1090 851 1202 915
switch-right 0.0011 1130 862 1230 918
switch-right 0.0011 1033 610 1165 743
switch-right 0.0010 1057 677 1172 740
switch-unknown 0.1719 1004 544 1039 562
switch-unknown 0.0891 1005 538 1034 555
switch-unknown 0.0196 1000 545 1047 571
switch-unknown 0.0165 1034 521 1088 545
switch-unknown 0.0148 1008 522 1066 553
switch-unknown 0.0061 1064 516 1105 546
switch-unknown 0.0031 1027 505 1064 538
switch-unknown 0.0010 1077 512 1128 539
switch-static 0.6574 1313 857 1410 899
switch-static 0.0589 1248 855 1382 903
switch-static 0.0581 1162 663 1205 685
switch-static 0.0164 1167 668 1218 699
switch-static 0.0161 1235 759 1277 796
switch-static 0.0116 1315 838 1401 883
switch-static 0.0098 1339 756 1377 772
switch-static 0.0085 1338 756 1386 819
switch-static 0.0054 1297 865 1414 916
switch-static 0.0051 1159 653 1197 677
switch-static 0.0038 1210 833 1371 909
switch-static 0.0036 1181 682 1217 713
switch-static 0.0033 1255 835 1408 878
switch-static 0.0027 1296 810 1425 927
switch-static 0.0026 1184 691 1216 727
switch-static 0.0025 1152 640 1182 673
switch-static 0.0018 1132 664 1198 704
switch-static 0.0013 1239 769 1293 814
switch-static 0.0012 1253 810 1462 972
switch-static 0.0011 1233 748 1275 783
track-sign-front 0.1820 1314 335 1340 360
track-sign-front 0.0552 774 149 791 173
track-sign-front 0.0136 768 235 782 257
track-sign-front 0.0101 1896 272 1920 340
track-sign-front 0.0037 1898 235 1921 415
track-sign-front 0.0033 773 234 792 256
track-sign-front 0.0022 1317 326 1349 359
track-sign-front 0.0019 1310 320 1344 369
track-sign-front 0.0015 773 141 796 168
track-sign-front 0.0015 766 148 786 177
track-sign-front 0.0010 774 142 790 241
track-signal-front 0.7309 642 420 663 475
track-signal-front 0.4503 534 445 552 477
track-signal-front 0.0782 421 487 433 507
track-signal-front 0.0210 616 407 637 468
track-signal-front 0.0195 642 414 662 443
track-signal-front 0.0151 646 421 675 482
track-signal-front 0.0067 531 442 555 493
track-signal-front 0.0060 529 448 548 480
track-signal-front 0.0046 644 432 665 493
track-signal-front 0.0044 643 398 666 532
track-signal-front 0.0042 624 424 652 481
track-signal-front 0.0036 528 435 556 473
track-signal-front 0.0028 535 407 558 459
track-signal-front 0.0027 847 409 861 511
track-signal-front 0.0024 607 455 629 495
track-signal-front 0.0016 457 473 471 529
track-signal-front 0.0016 615 397 658 451
track-signal-front 0.0015 606 389 634 442
track-signal-front 0.0013 270 503 288 526
track-signal-front 0.0012 704 351 726 471
track-signal-back 0.0038 770 441 800 502
track-signal-back 0.0017 707 344 724 434
pole 0.5682 784 267 820 632
pole 0.4670 379 210 409 618
pole 0.2803 655 480 669 619
pole 0.2619 711 317 729 604
pole 0.2058 926 396 934 540
pole 0.1876 967 419 978 533
pole 0.1836 843 373 860 577
pole 0.1607 547 466 560 598
pole 0.1264 797 362 824 638
pole 0.1194 921 402 948 547
pole 0.0898 649 466 678 615
pole 0.0895 781 480 820 633
pole 0.0703 807 345 854 614
pole 0.0433 430 491 441 608
pole 0.0412 768 304 810 615
pole 0.0375 644 385 710 536
pole 0.0321 712 435 725 578
pole 0.0320 961 471 986 540
pole 0.0317 654 438 698 613
pole 0.0310 848 418 860 546
pole 0.0305 796 505 825 629
pole 0.0273 544 430 564 614
pole 0.0265 775 380 834 650
pole 0.0242 791 273 848 604
pole 0.0229 544 482 579 601
pole 0.0205 654 381 672 633
pole 0.0178 844 379 854 508
pole 0.0163 688 368 729 510
pole 0.0148 385 208 439 627
pole 0.0145 609 509 623 580
pole 0.0145 423 478 436 591
pole 0.0143 772 24 823 654
pole 0.0137 636 480 671 618
pole 0.0125 705 307 738 572
pole 0.0115 634 493 939 636
pole 0.0085 679 407 758 595
pole 0.0085 770 379 805 565
pole 0.0082 713 393 727 542
pole 0.0076 424 488 444 612
pole 0.0071 649 456 786 582
pole 0.0070 456 335 472 541
pole 0.0070 365 242 424 627
pole 0.0066 789 438 835 616
pole 0.0065 842 459 877 558
pole 0.0062 383 372 408 647
pole 0.0062 690 317 781 613
pole 0.0059 766 518 860 620
pole 0.0059 430 542 447 620
pole 0.0058 709 517 732 581
pole 0.0057 651 539 675 625
pole 0.0056 841 307 856 539
pole 0.0052 644 403 661 620
pole 0.0049 656 441 671 579
pole 0.0049 743 551 790 627
pole 0.0045 450 308 469 559
pole 0.0042 742 300 794 612
pole 0.0041 458 379 470 499
pole 0.0040 709 369 725 508
pole 0.0040 797 432 822 581
pole 0.0038 835 352 867 587
pole 0.0034 375 480 923 621
pole 0.0032 608 430 715 612
pole 0.0032 833 467 866 573
pole 0.0032 658 347 686 620
pole 0.0029 793 235 823 539
pole 0.0029 645 467 666 665
pole 0.0024 560 476 744 590
pole 0.0020 823 505 867 584
pole 0.0019 535 368 820 594
pole 0.0018 538 455 558 582
pole 0.0017 642 546 680 642
pole 0.0016 924 351 939 537
pole 0.0016 749 44 804 604
pole 0.0015 711 322 727 460
pole 0.0012 458 450 470 527
pole 0.0012 142 355 160 603
pole 0.0012 802 410 861 561
pole 0.0012 453 398 468 516
pole 0.0011 736 220 850 618
pole 0.0011 952 422 991 539
pole 0.0011 515 416 837 526
pole 0.0010 366 274 400 494
rail-occluder 0.7003 741 567 778 648
rail-occluder 0.2412 538 582 569 617
rail-occluder 0.0683 653 580 673 620
rail-occluder 0.0476 533 590 562 620
rail-occluder 0.0415 542 559 573 618
rail-occluder 0.0224 648 585 666 619
rail-occluder 0.0219 936 499 996 539
rail-occluder 0.0172 552 579 581 615
rail-occluder 0.0131 427 582 448 614
rail-occluder 0.0083 789 553 824 631
rail-occluder 0.0062 727 554 788 645
rail-occluder 0.0052 765 552 843 629
rail-occluder 0.0033 426 542 448 616
rail-occluder 0.0031 141 594 163 616
rail-occluder 0.0031 655 597 681 623
rail-occluder 0.0027 534 562 586 628
rail-occluder 0.0025 725 545 787 581
rail-occluder 0.0024 623 579 689 622
rail-occluder 0.0020 557 546 583 614
rail-occluder 0.0018 915 518 978 554
rail-occluder 0.0016 419 593 455 625
rail-occluder 0.0015 432 583 466 614
rail-occluder 0.0012 415 580 458 615
rail-occluder 0.0012 138 591 171 627
rail-occluder 0.0012 607 515 837 585
rail-occluder 0.0012 718 531 794 598
rail-occluder 0.0011 0 571 303 640
rail-occluder 0.0011 885 516 961 556
rail-occluder 0.0010 129 592 159 617
rail-occluder 0.0010 712 547 738 586
