guard-rail 0.0019 1840 932 1922 1024
guard-rail 0.0014 1878 942 1920 1072
guard-rail 0.0012 1822 924 1924 1076
train-car 0.2019 791 511 837 555
train-car 0.1202 -9 508 232 629
train-car 0.0102 784 480 839 565
train-car 0.0076 1 508 322 680
train-car 0.0030 782 499 882 554
train-car 0.0018 715 496 848 556
train-car 0.0017 21 483 399 610
train-car 0.0014 -24 381 311 699
train-car 0.0011 0 518 138 622
rail 0.9597 96 551 808 1075
rail 0.9358 781 558 1245 1077
rail 0.7101 893 566 1918 1001
rail 0.3997 1223 650 1903 969
rail 0.1721 853 572 1675 858
rail 0.0826 1136 631 1720 868
rail 0.0259 1054 637 1525 749
rail 0.0082 775 556 967 592
rail 0.0082 807 558 1255 632
rail 0.0076 773 551 1093 605
rail 0.0062 814 566 1446 720
rail 0.0052 1047 587 1569 797
rail 0.0045 11 515 412 676
rail 0.0043 1225 646 1585 832
rail 0.0038 740 550 818 582
rail 0.0030 1223 664 1496 754
rail 0.0022 758 544 928 585
rail 0.0021 807 564 953 604
rail 0.0021 943 575 1297 656
rail 0.0019 1030 596 1316 676
rail 0.0019 855 573 947 607
rail 0.0016 845 563 1039 611
rail 0.0016 1286 715 1625 853
rail 0.0015 1380 747 1921 1012
rail 0.0014 1625 837 1908 983
rail 0.0013 -7 560 228 685
rail 0.0013 870 564 1166 601
rail 0.0012 743 559 795 586
rail 0.0012 754 561 808 592
rail 0.0010 959 587 1220 639
rail 0.0010 777 558 876 583
switch-left 0.0089 1683 872 1920 997
switch-left 0.0082 1785 973 1920 1084
switch-left 0.0017 1800 917 1922 997
switch-left 0.0014 1751 893 1919 978
switch-right 0.0082 1155 648 1392 729
switch-right 0.0065 1284 679 1417 719
switch-right 0.0053 1218 665 1358 726
switch-right 0.0035 1635 853 1906 976
switch-right 0.0017 1829 919 1920 1002
switch-right 0.0017 1748 884 1918 972
switch-unknown 0.0260 1251 677 1364 717
switch-unknown 0.0254 1225 672 1337 711
switch-unknown 0.0172 1233 666 1318 695
switch-unknown 0.0148 765 567 815 587
switch-unknown 0.0086 1193 658 1281 689
switch-unknown 0.0068 1272 684 1391 725
switch-unknown 0.0064 766 572 810 602
switch-unknown 0.0058 1259 668 1353 701
switch-unknown 0.0055 750 552 808 580
switch-unknown 0.0045 1158 632 1257 673
switch-unknown 0.0033 810 563 893 582
switch-unknown 0.0030 834 565 910 586
switch-unknown 0.0027 1173 647 1253 682
switch-unknown 0.0023 869 579 935 605
switch-unknown 0.0019 855 569 929 596
switch-unknown 0.0018 786 559 866 582
switch-unknown 0.0014 1221 647 1290 677
switch-static 0.1236 1810 1020 1916 1081
switch-static 0.0027 1799 958 1921 1081
switch-static 0.0022 1288 744 1324 766
switch-static 0.0019 1780 1026 1871 1080
switch-static 0.0015 1787 1005 1934 1112
switch-static 0.0013 1277 738 1341 769
switch-static 0.0010 1129 594 1185 615
track-sign-front 0.0022 745 560 791 586
track-sign-front 0.0022 1629 621 1651 643
track-sign-front 0.0018 1654 424 1679 467
track-sign-front 0.0011 733 528 769 587
track-sign-front 0.0010 948 349 989 414
track-signal-front 0.0219 956 360 992 406
track-signal-front 0.0055 1603 500 1647 584
track-signal-front 0.0036 950 346 999 427
track-signal-front 0.0028 1611 488 1666 580
track-signal-front 0.0025 959 273 1017 419
track-signal-front 0.0018 1618 548 1673 592
track-signal-front 0.0014 948 322 1002 469
track-signal-front 0.0013 1594 290 1678 775
track-signal-front 0.0012 1596 413 1666 660
track-signal-front 0.0010 391 489 423 525
track-signal-back 0.0032 1227 327 1299 414
pole 0.1505 734 438 751 575
pole 0.0407 1083 480 1098 601
pole 0.0262 870 472 884 562
pole 0.0186 722 431 754 578
pole 0.0130 714 442 735 568
pole 0.0085 978 474 994 570
pole 0.0081 1598 24 1690 822
pole 0.0066 1087 488 1104 608
pole 0.0049 2 399 25 650
pole 0.0029 970 474 991 560
pole 0.0024 8 407 41 645
pole 0.0023 1079 492 1109 632
pole 0.0019 1061 485 1121 603
pole 0.0016 787 435 810 555
pole 0.0015 964 473 1000 587
pole 0.0013 711 439 775 578
pole 0.0011 779 453 823 558
