crossing 0.0031 1510 862 1681 930
crossing 0.0028 741 768 794 784
crossing 0.0020 669 728 767 758
crossing 0.0019 674 741 759 769
crossing 0.0011 707 758 819 795
guard-rail 0.0032 558 860 603 897
guard-rail 0.0018 536 858 596 905
platform 0.2293 645 728 819 763
platform 0.0351 658 740 885 774
platform 0.0098 735 745 850 775
platform 0.0074 705 741 803 769
platform 0.0066 709 731 916 767
platform 0.0065 684 730 784 757
platform 0.0052 726 734 824 763
platform 0.0050 577 740 630 764
platform 0.0044 756 736 842 769
platform 0.0036 626 734 860 796
platform 0.0021 691 723 865 756
platform 0.0019 609 721 807 753
platform 0.0015 593 711 828 779
platform 0.0014 777 751 843 772
platform 0.0010 588 703 869 831
rail 0.9577 147 740 687 1074
rail 0.9073 639 740 892 1077
rail 0.0028 1794 853 1924 1055
rail 0.0025 629 733 853 797
rail 0.0013 611 744 864 882
rail 0.0010 641 735 800 772
track-sign-front 0.1014 604 743 630 767
track-sign-front 0.0564 614 747 629 765
track-sign-front 0.0196 576 738 630 765
track-sign-front 0.0128 557 705 572 730
track-sign-front 0.0127 919 759 936 779
track-sign-front 0.0105 858 618 897 668
track-sign-front 0.0036 554 685 597 750
track-sign-front 0.0022 552 707 581 754
track-sign-front 0.0020 549 706 567 736
track-sign-front 0.0017 413 738 439 770
track-sign-front 0.0017 712 717 797 758
track-sign-front 0.0014 784 710 827 755
track-sign-front 0.0012 403 743 441 783
track-sign-front 0.0011 903 759 932 781
track-sign-front 0.0010 420 741 445 782
track-sign-front 0.0010 857 640 899 694
track-signal-front 0.0254 629 692 645 711
track-signal-front 0.0024 629 683 648 702
track-signal-front 0.0024 852 586 880 624
track-signal-front 0.0022 856 615 896 670
track-signal-front 0.0012 578 643 625 750
pole 0.0569 583 564 602 779
pole 0.0092 623 685 649 733
pole 0.0037 631 680 665 754
pole 0.0023 582 595 618 799
pole 0.0019 583 594 598 730
pole 0.0019 586 663 642 774
pole 0.0018 664 666 700 775
pole 0.0017 578 624 606 756
pole 0.0010 569 590 591 772
rail-occluder 0.0094 612 743 631 769
