guard-rail 0.2034 1145 624 1229 665
guard-rail 0.1147 1134 619 1201 653
guard-rail 0.0627 1261 638 1342 670
guard-rail 0.0430 1243 631 1324 662
guard-rail 0.0371 1166 634 1248 676
guard-rail 0.0292 1117 609 1180 635
guard-rail 0.0243 841 940 904 1079
guard-rail 0.0211 1164 618 1242 654
guard-rail 0.0180 1132 588 1182 621
guard-rail 0.0165 1221 620 1297 650
guard-rail 0.0160 1272 649 1370 679
guard-rail 0.0150 1016 566 1080 590
guard-rail 0.0108 1202 615 1270 646
guard-rail 0.0108 1185 649 1272 687
guard-rail 0.0102 1102 583 1182 629
guard-rail 0.0098 1020 577 1075 607
guard-rail 0.0097 838 989 892 1074
guard-rail 0.0092 1187 624 1271 668
guard-rail 0.0063 1150 592 1203 626
guard-rail 0.0058 1117 621 1183 644
guard-rail 0.0058 1183 623 1377 680
guard-rail 0.0052 1062 608 1099 637
guard-rail 0.0045 1053 526 1116 566
guard-rail 0.0044 1136 577 1176 608
guard-rail 0.0044 1265 621 1346 655
guard-rail 0.0042 1214 650 1293 691
guard-rail 0.0041 1092 604 1146 634
guard-rail 0.0039 1095 583 1149 617
guard-rail 0.0039 855 579 896 609
guard-rail 0.0037 1058 558 1113 595
guard-rail 0.0033 1045 564 1203 644
guard-rail 0.0031 1204 662 1275 697
guard-rail 0.0031 1113 567 1168 614
guard-rail 0.0029 1067 597 1174 640
guard-rail 0.0028 1222 664 1294 709
guard-rail 0.0026 1716 659 1910 727
guard-rail 0.0025 1254 585 1315 603
guard-rail 0.0025 1288 653 1404 685
guard-rail 0.0024 1752 947 1923 1075
guard-rail 0.0023 1270 586 1342 605
guard-rail 0.0020 1065 577 1111 610
guard-rail 0.0020 1564 673 1722 734
guard-rail 0.0019 1137 634 1209 671
guard-rail 0.0018 861 569 919 603
guard-rail 0.0018 1086 563 1147 605
guard-rail 0.0017 613 576 700 602
guard-rail 0.0016 1084 563 1189 620
guard-rail 0.0016 592 581 674 606
guard-rail 0.0016 702 573 764 600
guard-rail 0.0015 1069 615 1099 655
guard-rail 0.0014 1239 989 1279 1077
guard-rail 0.0014 639 574 724 600
guard-rail 0.0014 1221 662 1334 724
guard-rail 0.0014 1176 595 1232 626
guard-rail 0.0014 1528 653 1777 747
guard-rail 0.0013 1227 585 1294 614
guard-rail 0.0013 1678 688 1901 753
guard-rail 0.0013 1665 949 1870 1070
guard-rail 0.0011 1820 677 1910 713
guard-rail 0.0011 1560 617 1819 670
guard-rail 0.0011 1730 729 1903 803
guard-rail 0.0010 1290 607 1360 636
guard-rail 0.0010 1721 978 1854 1073
train-car 0.0514 555 503 807 536
train-car 0.0478 510 514 769 563
train-car 0.0243 625 502 740 537
train-car 0.0190 612 503 713 554
train-car 0.0154 595 514 686 562
train-car 0.0147 598 502 906 551
train-car 0.0128 657 497 717 534
train-car 0.0119 678 488 723 541
train-car 0.0071 671 498 785 549
train-car 0.0070 498 487 732 539
train-car 0.0059 602 453 724 545
train-car 0.0036 606 480 683 550
train-car 0.0029 659 477 844 553
train-car 0.0026 558 496 809 585
train-car 0.0016 680 486 922 534
train-car 0.0013 428 473 685 546
train-car 0.0011 585 381 914 551
rail 0.9555 1012 512 1912 1079
rail 0.9235 1005 528 1284 1079
rail 0.8868 836 540 1107 1088
rail 0.8637 2 526 1005 1075
rail 0.8154 1068 515 1922 802
rail 0.6766 401 527 987 732
rail 0.5994 404 527 962 622
rail 0.3584 979 525 1047 570
rail 0.3155 396 537 820 600
rail 0.1911 1008 530 1057 573
rail 0.1747 411 532 761 570
rail 0.1649 -3 614 224 674
rail 0.1548 398 511 903 569
rail 0.1458 1085 513 1902 649
rail 0.1334 1004 521 1066 559
rail 0.1132 246 541 903 680
rail 0.0842 353 554 784 624
rail 0.0807 -3 629 226 709
rail 0.0729 1260 535 1916 704
rail 0.0698 -1 601 240 652
rail 0.0686 1502 527 1921 610
rail 0.0529 917 526 1041 562
rail 0.0489 1 649 205 738
rail 0.0464 -5 593 675 756
rail 0.0443 0 555 33 594
rail 0.0345 887 531 1001 567
rail 0.0330 394 549 685 594
rail 0.0323 1010 525 1098 571
rail 0.0319 2 595 450 713
rail 0.0312 127 517 1016 790
rail 0.0311 -5 610 696 894
rail 0.0302 6 212 522 1025
rail 0.0250 0 564 39 616
rail 0.0223 396 536 592 575
rail 0.0187 409 528 673 559
rail 0.0175 885 540 960 572
rail 0.0172 907 520 993 556
rail 0.0172 1023 520 1090 552
rail 0.0160 5 709 519 894
rail 0.0152 553 508 1001 558
rail 0.0149 0 537 30 586
rail 0.0147 1649 546 1923 623
rail 0.0141 1608 583 1920 720
rail 0.0124 936 512 1013 556
rail 0.0120 -1 573 58 628
rail 0.0117 1000 579 1128 1081
rail 0.0108 6 510 453 747
rail 0.0108 361 562 627 635
rail 0.0107 3 666 214 793
rail 0.0107 1309 700 1916 1074
rail 0.0105 1652 482 1918 607
rail 0.0096 956 541 1049 578
rail 0.0090 595 529 911 582
rail 0.0085 487 566 776 617
rail 0.0075 1 583 126 628
rail 0.0072 -10 590 194 635
rail 0.0072 566 558 853 594
rail 0.0068 1 614 87 682
rail 0.0067 884 542 1004 588
rail 0.0067 891 521 955 556
rail 0.0064 1030 528 1139 574
rail 0.0062 671 518 935 552
rail 0.0062 1031 520 1134 556
rail 0.0060 0 593 71 648
rail 0.0060 1414 624 1911 881
rail 0.0057 1024 529 1220 641
rail 0.0056 380 539 480 706
rail 0.0053 1446 625 1839 768
rail 0.0053 1632 686 1912 829
rail 0.0052 835 520 970 551
rail 0.0049 289 573 717 691
rail 0.0049 1734 646 1921 769
rail 0.0047 758 513 986 546
rail 0.0047 870 515 1025 581
rail 0.0047 1136 526 1416 568
rail 0.0047 813 533 937 571
rail 0.0043 0 529 148 609
rail 0.0042 404 539 525 584
rail 0.0041 424 547 503 595
rail 0.0038 0 660 139 723
rail 0.0037 1749 702 1922 851
rail 0.0037 651 560 811 592
rail 0.0037 328 519 673 575
rail 0.0036 865 531 952 585
rail 0.0035 395 461 815 633
rail 0.0035 0 524 26 552
rail 0.0034 1748 629 1920 719
rail 0.0034 1010 509 1655 735
rail 0.0034 1550 522 1923 693
rail 0.0033 1209 525 1622 588
rail 0.0032 756 493 1016 558
rail 0.0031 651 548 893 592
rail 0.0031 958 484 1099 1075
rail 0.0030 1608 565 1868 609
rail 0.0030 0 599 41 692
rail 0.0030 1396 508 1813 593
rail 0.0030 375 586 609 654
rail 0.0029 281 561 550 872
rail 0.0029 2 541 217 635
rail 0.0028 843 899 917 1063
rail 0.0027 966 492 1023 538
rail 0.0027 467 524 1006 1022
rail 0.0027 952 494 1087 643
rail 0.0026 3 722 221 874
rail 0.0026 539 525 681 567
rail 0.0025 1115 545 1713 969
rail 0.0025 1768 739 1921 947
rail 0.0025 -12 631 90 705
rail 0.0025 1062 531 1276 613
rail 0.0025 0 646 75 744
rail 0.0024 697 524 966 589
rail 0.0024 1675 932 1919 1078
rail 0.0024 7 606 106 646
rail 0.0024 1065 518 1181 570
rail 0.0023 986 506 1049 536
rail 0.0023 450 582 715 651
rail 0.0022 1830 670 1920 755
rail 0.0022 793 518 895 557
rail 0.0022 1703 715 1911 792
rail 0.0021 1805 671 1914 721
rail 0.0021 1649 726 1919 1059
rail 0.0020 1646 636 1884 700
rail 0.0020 894 483 998 592
rail 0.0019 871 505 934 561
rail 0.0019 25 584 374 665
rail 0.0019 754 516 1023 607
rail 0.0018 1103 528 1147 561
rail 0.0018 1088 518 1291 567
rail 0.0017 1104 521 1347 590
rail 0.0017 1310 598 1612 914
rail 0.0016 1 712 249 984
rail 0.0016 1180 528 1313 566
rail 0.0016 257 15 731 1027
rail 0.0016 1143 510 1443 604
rail 0.0015 1142 568 1482 674
rail 0.0015 1660 695 1788 780
rail 0.0014 591 557 869 644
rail 0.0014 0 540 67 699
rail 0.0014 555 581 820 718
rail 0.0014 1772 554 1935 609
rail 0.0014 920 537 1025 597
rail 0.0014 1009 505 1070 538
rail 0.0013 1552 514 1786 590
rail 0.0013 415 534 489 618
rail 0.0013 1422 471 1927 651
rail 0.0013 1018 515 1329 698
rail 0.0013 438 568 486 622
rail 0.0013 1842 651 1921 720
rail 0.0013 479 530 648 568
rail 0.0013 1618 671 1830 800
rail 0.0013 1574 613 1852 681
rail 0.0012 1842 692 1919 808
rail 0.0012 562 577 703 608
rail 0.0012 1646 568 1927 663
rail 0.0012 992 550 1104 695
rail 0.0012 2 494 253 783
rail 0.0012 -1 631 35 709
rail 0.0012 425 564 562 632
rail 0.0012 398 507 588 567
rail 0.0011 678 536 979 651
rail 0.0011 613 560 747 594
rail 0.0011 834 891 982 1071
rail 0.0011 422 586 498 645
rail 0.0010 -15 600 334 907
rail 0.0010 0 687 66 809
rail 0.0010 466 583 760 743
rail 0.0010 -3 685 132 797
rail 0.0010 1081 520 1239 552
rail 0.0010 673 539 788 583
rail 0.0010 1077 608 1218 660
rail 0.0010 35 702 371 836
switch-indicator 0.1938 1364 572 1379 596
switch-indicator 0.0580 1125 530 1137 545
switch-indicator 0.0388 1664 578 1683 601
switch-indicator 0.0207 1118 525 1137 545
switch-indicator 0.0206 1398 532 1415 565
switch-indicator 0.0057 1651 576 1694 602
switch-left 0.1190 1006 553 1052 578
switch-left 0.0576 1011 559 1056 587
switch-left 0.0355 1013 600 1081 645
switch-left 0.0055 1223 623 1305 657
switch-left 0.0040 1016 563 1081 592
switch-left 0.0039 1018 614 1092 659
switch-left 0.0013 1689 939 1918 1077
switch-right 0.1723 1009 553 1052 577
switch-right 0.1674 1012 560 1055 584
switch-right 0.1351 1009 599 1078 634
switch-right 0.0935 1011 571 1066 606
switch-right 0.0280 1011 607 1086 659
switch-right 0.0080 1018 564 1080 590
switch-unknown 0.0255 890 542 951 567
switch-unknown 0.0225 904 535 980 562
switch-unknown 0.0220 888 552 944 574
switch-unknown 0.0211 873 558 930 578
switch-unknown 0.0177 1029 520 1084 548
switch-unknown 0.0105 877 535 935 576
switch-unknown 0.0083 854 562 910 583
switch-unknown 0.0027 904 546 983 585
switch-unknown 0.0022 1053 515 1113 551
switch-unknown 0.0021 839 529 915 573
switch-static 0.0111 963 594 1009 621
switch-static 0.0092 969 602 1021 632
switch-static 0.0057 865 623 892 642
switch-static 0.0054 967 544 1039 578
switch-static 0.0012 934 538 1009 597
switch-static 0.0011 868 626 902 647
track-sign-front 0.0144 318 790 331 838
track-sign-front 0.0013 317 792 338 855
track-sign-front 0.0011 450 501 478 572
track-signal-front 0.0022 1272 438 1290 483
pole 0.6254 207 -11 458 1086
pole 0.4979 467 42 518 678
pole 0.4871 932 198 960 611
pole 0.4707 1191 336 1216 564
pole 0.4577 635 306 658 566
pole 0.4106 1484 108 1526 617
pole 0.3683 745 298 761 556
pole 0.1826 1778 410 1798 617
pole 0.1762 885 404 897 545
pole 0.1557 367 -36 461 1053
pole 0.1307 1583 159 1623 587
pole 0.1216 952 237 973 583
pole 0.1080 881 383 899 559
pole 0.0893 1554 134 1621 605
pole 0.0890 844 408 859 547
pole 0.0758 1203 348 1224 563
pole 0.0578 1188 368 1204 565
pole 0.0530 960 334 978 579
pole 0.0474 848 384 866 550
pole 0.0438 405 -30 523 828
pole 0.0395 1667 438 1680 578
pole 0.0342 1312 347 1335 571
pole 0.0295 940 287 969 616
pole 0.0275 838 418 850 545
pole 0.0208 346 -36 587 1082
pole 0.0207 744 457 762 564
pole 0.0176 693 442 706 542
pole 0.0161 1781 451 1794 596
pole 0.0121 373 390 466 909
pole 0.0116 1763 413 1795 604
pole 0.0116 899 226 946 604
pole 0.0105 393 512 463 792
pole 0.0099 850 421 905 559
pole 0.0099 396 177 453 835
pole 0.0092 936 203 953 544
pole 0.0092 1488 311 1522 613
pole 0.0080 1505 199 1600 617
pole 0.0078 1750 440 1816 637
pole 0.0078 739 490 767 555
pole 0.0075 628 404 682 577
pole 0.0073 470 280 506 625
pole 0.0072 749 336 765 578
pole 0.0071 616 318 677 570
pole 0.0063 21 264 577 1040
pole 0.0061 1768 324 1805 623
pole 0.0061 538 443 550 542
pole 0.0060 747 365 758 513
pole 0.0060 1196 372 1211 522
pole 0.0060 681 430 709 551
pole 0.0057 164 -12 323 1044
pole 0.0057 278 427 552 1002
pole 0.0047 963 367 995 586
pole 0.0047 949 366 984 579
pole 0.0047 966 243 983 572
pole 0.0047 646 300 677 566
pole 0.0043 1629 502 1651 578
pole 0.0042 741 375 769 584
pole 0.0041 1180 342 1230 564
pole 0.0040 1027 310 1043 554
pole 0.0040 381 339 466 699
pole 0.0039 1665 387 1687 589
pole 0.0039 952 471 993 552
pole 0.0038 1088 429 1103 532
pole 0.0037 1493 313 1549 614
pole 0.0037 528 444 554 558
pole 0.0036 639 385 656 537
pole 0.0035 843 394 878 556
pole 0.0033 698 468 767 560
pole 0.0033 918 259 976 627
pole 0.0031 196 236 378 874
pole 0.0027 966 391 984 527
pole 0.0027 474 32 550 630
pole 0.0025 693 383 709 555
pole 0.0025 650 350 696 580
pole 0.0023 1697 472 1721 592
pole 0.0023 1204 416 1230 550
pole 0.0023 1639 438 1661 574
pole 0.0022 1206 435 1248 563
pole 0.0022 1239 440 1270 561
pole 0.0022 743 457 792 555
pole 0.0021 1004 422 1040 543
pole 0.0021 1589 468 1766 583
pole 0.0021 868 377 912 549
pole 0.0020 631 407 653 552
pole 0.0020 618 471 667 554
pole 0.0019 942 88 984 585
pole 0.0019 203 383 457 745
pole 0.0018 1271 408 1291 543
pole 0.0018 1640 343 1683 613
pole 0.0018 1188 478 1228 563
pole 0.0018 1690 449 1867 602
pole 0.0018 1026 402 1042 522
pole 0.0018 1576 305 1636 602
pole 0.0017 1183 483 1210 556
pole 0.0016 457 357 492 616
pole 0.0016 734 299 782 553
pole 0.0016 1653 427 1695 585
pole 0.0016 1174 450 1248 591
pole 0.0016 926 441 980 591
pole 0.0016 1018 405 1037 524
pole 0.0016 410 309 430 606
pole 0.0015 832 380 853 551
pole 0.0015 954 346 980 489
pole 0.0015 187 558 642 959
pole 0.0014 745 427 772 547
pole 0.0014 836 435 944 599
pole 0.0013 1091 416 1132 545
pole 0.0013 1019 426 1054 542
pole 0.0013 1116 441 1146 549
pole 0.0013 1634 472 1701 614
pole 0.0013 1296 356 1341 572
pole 0.0013 577 381 698 562
pole 0.0012 617 294 648 573
pole 0.0012 375 18 477 667
pole 0.0012 1744 495 1787 604
pole 0.0012 539 446 550 497
pole 0.0011 1456 109 1560 617
pole 0.0011 1006 243 1049 588
pole 0.0011 1461 447 1526 636
pole 0.0011 1192 351 1205 489
pole 0.0011 531 451 579 556
pole 0.0010 397 782 440 1036
pole 0.0010 658 407 699 528
pole 0.0010 998 43 1063 598
pole 0.0010 1730 477 1758 589
pole 0.0010 368 514 434 736
pole 0.0010 436 416 554 661
pole 0.0010 853 372 900 522
pole 0.0010 448 487 484 590
pole 0.0010 764 472 918 579
pole 0.0010 749 405 766 519
rail-occluder 0.7060 1688 710 1743 788
rail-occluder 0.3850 1364 573 1380 595
rail-occluder 0.1046 835 535 848 555
rail-occluder 0.0514 1662 577 1684 602
rail-occluder 0.0498 1398 536 1414 565
rail-occluder 0.0320 835 522 850 557
rail-occluder 0.0266 1245 538 1258 557
rail-occluder 0.0264 627 529 657 565
rail-occluder 0.0165 1661 576 1708 603
rail-occluder 0.0143 1438 558 1455 598
rail-occluder 0.0137 1707 568 1735 601
rail-occluder 0.0108 1628 527 1649 579
rail-occluder 0.0088 1356 570 1386 598
rail-occluder 0.0084 620 514 663 561
rail-occluder 0.0082 1356 544 1402 592
rail-occluder 0.0075 1491 575 1521 624
rail-occluder 0.0069 1641 574 1731 602
rail-occluder 0.0067 1621 559 1663 601
rail-occluder 0.0066 1599 558 1840 607
rail-occluder 0.0060 1438 583 1473 609
rail-occluder 0.0057 1710 557 1756 603
rail-occluder 0.0056 1547 610 1589 634
rail-occluder 0.0052 1439 552 1453 583
rail-occluder 0.0046 1437 584 1494 614
rail-occluder 0.0043 1418 552 1455 590
rail-occluder 0.0042 455 548 475 594
rail-occluder 0.0041 1654 502 1685 595
rail-occluder 0.0041 1234 534 1262 560
rail-occluder 0.0039 717 566 772 587
rail-occluder 0.0039 451 570 475 622
rail-occluder 0.0036 1615 525 1646 586
rail-occluder 0.0032 1123 526 1138 548
rail-occluder 0.0030 756 527 925 564
rail-occluder 0.0030 1593 556 1649 600
rail-occluder 0.0029 1666 501 1703 599
rail-occluder 0.0029 1702 520 1729 593
rail-occluder 0.0028 1579 554 1618 604
rail-occluder 0.0028 1320 531 1346 558
rail-occluder 0.0026 1703 570 1770 606
rail-occluder 0.0025 1390 535 1421 567
rail-occluder 0.0025 810 530 876 559
rail-occluder 0.0024 449 598 475 632
rail-occluder 0.0023 878 506 921 559
rail-occluder 0.0023 573 524 653 565
rail-occluder 0.0022 1106 522 1142 549
rail-occluder 0.0022 727 524 779 578
rail-occluder 0.0021 1581 526 1695 582
rail-occluder 0.0021 1569 538 1653 609
rail-occluder 0.0019 1431 560 1464 600
rail-occluder 0.0019 1490 553 1542 628
rail-occluder 0.0019 1775 572 1795 617
rail-occluder 0.0018 1482 593 1525 631
rail-occluder 0.0018 1498 597 1539 631
rail-occluder 0.0016 1628 571 1673 599
rail-occluder 0.0016 1320 527 1384 571
rail-occluder 0.0016 1331 550 1433 588
rail-occluder 0.0015 1499 549 1527 624
rail-occluder 0.0015 1190 522 1234 567
rail-occluder 0.0014 837 488 911 563
rail-occluder 0.0013 1566 566 1619 617
rail-occluder 0.0013 1715 515 1759 595
rail-occluder 0.0013 420 520 474 679
rail-occluder 0.0013 1674 702 1783 776
rail-occluder 0.0012 1720 545 1796 608
rail-occluder 0.0012 559 598 608 641
rail-occluder 0.0012 1520 606 1592 634
rail-occluder 0.0012 446 583 476 648
rail-occluder 0.0012 1586 522 1742 609
rail-occluder 0.0012 1214 501 1265 565
rail-occluder 0.0011 1516 530 1634 633
rail-occluder 0.0011 450 535 526 569
rail-occluder 0.0011 1542 597 1598 638
rail-occluder 0.0010 14 536 104 608
rail-occluder 0.0010 600 553 673 599
rail-occluder 0.0010 619 559 701 596
rail-occluder 0.0010 1684 698 1746 853
rail-occluder 0.0010 1407 543 1532 617
