crossing 0.7509 825 555 913 575
crossing 0.4801 1053 540 1142 559
crossing 0.4654 545 551 633 567
crossing 0.2712 1072 545 1194 584
crossing 0.2399 1104 566 1199 590
crossing 0.0859 1130 575 1216 593
crossing 0.0681 1045 539 1150 572
crossing 0.0371 1020 536 1228 596
crossing 0.0303 827 534 912 560
crossing 0.0254 815 551 926 591
crossing 0.0201 1032 536 1120 551
crossing 0.0101 579 553 662 569
crossing 0.0091 817 555 867 572
crossing 0.0088 1007 502 1198 575
crossing 0.0060 601 556 663 573
crossing 0.0036 1018 531 1073 550
crossing 0.0023 841 408 877 437
crossing 0.0022 505 550 576 566
crossing 0.0020 521 535 649 595
crossing 0.0017 787 552 834 572
crossing 0.0014 625 555 676 570
crossing 0.0011 982 452 1223 613
crossing 0.0010 1143 564 1260 602
crossing 0.0010 898 555 951 580
train-car 0.8868 1225 62 1923 1073
train-car 0.8263 99 304 311 559
train-car 0.5548 881 395 946 448
train-car 0.5018 283 363 635 483
train-car 0.2912 472 385 767 460
train-car 0.0311 223 337 695 525
train-car 0.0251 376 382 807 500
train-car 0.0126 99 307 535 546
train-car 0.0114 884 394 1007 449
train-car 0.0106 412 398 680 475
train-car 0.0094 101 131 271 641
train-car 0.0094 136 253 773 630
train-car 0.0087 259 415 597 487
train-car 0.0084 415 378 596 449
train-car 0.0074 849 394 876 419
train-car 0.0074 878 377 950 480
train-car 0.0070 484 380 524 445
train-car 0.0062 534 391 559 479
train-car 0.0054 319 371 491 484
train-car 0.0046 552 391 712 452
train-car 0.0040 102 281 169 563
train-car 0.0036 528 380 601 473
train-car 0.0035 516 374 574 456
train-car 0.0034 469 385 508 472
train-car 0.0030 530 341 572 475
train-car 0.0029 292 332 583 446
train-car 0.0027 483 367 804 436
train-car 0.0017 466 384 486 478
train-car 0.0016 574 388 648 455
train-car 0.0015 486 388 535 474
train-car 0.0014 548 384 625 460
train-car 0.0014 104 302 141 556
train-car 0.0012 1232 370 1911 747
train-car 0.0011 857 406 903 445
train-car 0.0011 376 373 463 478
platform 0.1400 249 424 815 567
platform 0.0605 67 437 845 1074
platform 0.0593 373 393 796 496
platform 0.0205 973 486 1282 583
platform 0.0172 128 412 831 671
platform 0.0068 1040 510 1229 569
platform 0.0049 421 431 786 520
platform 0.0042 930 416 1005 448
platform 0.0033 -4 507 625 767
platform 0.0025 545 404 799 455
platform 0.0023 464 511 685 599
platform 0.0012 353 445 722 549
platform 0.0012 271 455 839 860
rail 0.9645 712 419 1118 1079
rail 0.8919 6 427 837 978
rail 0.7012 9 430 792 667
rail 0.2670 261 419 738 504
rail 0.2215 224 428 768 560
rail 0.2168 926 453 1300 808
rail 0.1269 895 446 1919 1070
rail 0.0235 897 430 1338 1073
rail 0.0233 1602 822 1911 1076
rail 0.0174 57 385 687 536
rail 0.0161 1275 710 1920 1081
rail 0.0059 986 495 1303 699
rail 0.0044 -21 498 567 689
rail 0.0042 245 443 603 512
rail 0.0015 1660 855 1823 1060
rail 0.0014 306 459 600 535
switch-static 0.0032 1611 785 1800 927
switch-static 0.0014 1616 797 1743 898
switch-static 0.0012 1603 792 1834 1012
switch-static 0.0012 1401 745 1919 1051
track-sign-front 0.0034 844 392 872 415
track-sign-front 0.0029 936 416 1000 450
track-sign-front 0.0021 1247 556 1280 609
track-sign-front 0.0015 711 380 725 401
track-sign-front 0.0015 978 395 1007 441
track-signal-front 0.0154 846 394 865 410
track-signal-front 0.0130 188 317 204 340
track-signal-front 0.0102 391 349 403 369
track-signal-front 0.0073 512 351 521 372
track-signal-front 0.0067 438 342 449 365
track-signal-front 0.0057 389 342 421 371
track-signal-front 0.0026 184 312 209 344
track-signal-front 0.0023 816 390 840 408
track-signal-front 0.0018 442 343 457 373
track-signal-front 0.0010 500 351 517 375
person 0.2282 1143 440 1178 524
person 0.1880 1058 432 1081 492
person 0.1426 1092 454 1112 502
person 0.0144 1032 432 1079 491
person 0.0096 1015 436 1036 484
person 0.0050 1114 439 1197 521
person 0.0049 1127 449 1174 535
person 0.0040 1193 438 1230 539
person 0.0039 1016 439 1057 494
person 0.0034 1134 426 1168 516
person 0.0024 1094 454 1122 523
person 0.0024 1049 432 1100 492
person 0.0023 960 414 1012 449
person 0.0016 1141 446 1212 542
person 0.0015 948 428 991 449
person 0.0014 988 417 1039 472
person 0.0012 1183 454 1245 549
person 0.0010 1162 423 1195 515
pole 0.0789 544 230 560 479
pole 0.0355 538 417 552 479
pole 0.0249 127 34 168 607
pole 0.0239 542 418 557 474
pole 0.0111 143 63 161 374
pole 0.0098 654 319 667 452
pole 0.0058 467 383 484 479
pole 0.0045 545 270 555 417
pole 0.0041 107 111 157 638
pole 0.0034 547 288 560 439
pole 0.0029 538 380 579 474
pole 0.0021 509 346 523 433
pole 0.0019 463 365 490 462
pole 0.0017 533 227 566 460
pole 0.0017 530 328 562 461
pole 0.0016 136 41 172 351
pole 0.0015 631 367 679 458
pole 0.0010 140 175 158 459
rail-occluder 0.0128 466 422 481 482
rail-occluder 0.0112 537 418 553 478
rail-occluder 0.0081 465 418 499 485
rail-occluder 0.0068 467 446 482 491
rail-occluder 0.0059 539 436 551 492
rail-occluder 0.0043 487 417 535 481
rail-occluder 0.0041 468 446 499 493
rail-occluder 0.0029 399 412 705 484
rail-occluder 0.0014 542 438 565 498
rail-occluder 0.0010 481 446 539 491
