train-car 0.0210 1361 94 1922 1072
rail 0.9679 180 575 903 1079
rail 0.9613 883 574 1149 1075
rail 0.0795 1421 906 1711 1070
rail 0.0221 1390 902 1551 1022
rail 0.0070 1450 918 1879 1092
rail 0.0026 1445 909 1541 987
rail 0.0022 1383 827 1779 1056
rail 0.0020 1325 883 1545 1063
rail 0.0014 1238 803 1551 1054
rail 0.0013 1403 948 1619 1073
rail 0.0012 1414 876 1541 968
rail 0.0011 1415 674 1918 1074
rail 0.0011 1326 867 1480 987
switch-indicator 0.0041 226 847 278 924
switch-indicator 0.0018 130 840 178 945
switch-static 0.4813 10 983 177 1074
switch-static 0.0508 1380 947 1460 1006
switch-static 0.0441 1359 901 1518 1015
switch-static 0.0303 1335 896 1441 988
switch-static 0.0168 1368 919 1447 1009
switch-static 0.0101 -1 978 94 1077
switch-static 0.0095 1385 946 1513 1022
switch-static 0.0094 1321 887 1415 968
switch-static 0.0073 1417 911 1550 1006
switch-static 0.0067 1389 966 1456 1017
switch-static 0.0041 222 848 278 926
switch-static 0.0027 1345 937 1484 1046
switch-static 0.0020 14 941 196 1053
switch-static 0.0019 1323 940 1445 1017
switch-static 0.0019 0 984 51 1074
switch-static 0.0018 1397 939 1595 1064
switch-static 0.0017 1309 882 1394 946
switch-static 0.0014 1322 886 1371 938
switch-static 0.0013 4 957 121 1039
switch-static 0.0012 1436 906 1531 979
switch-static 0.0010 1311 912 1413 999
track-sign-front 0.0209 980 561 995 577
track-sign-front 0.0050 540 569 565 652
track-sign-front 0.0030 820 563 832 582
track-sign-front 0.0019 628 576 649 612
track-sign-front 0.0019 978 572 1000 607
track-sign-front 0.0017 978 557 997 587
track-sign-front 0.0014 523 572 580 648
track-sign-front 0.0011 813 563 828 586
track-sign-front 0.0010 949 541 994 580
track-signal-front 0.0130 945 523 957 544
track-signal-front 0.0011 944 519 959 556
track-signal-back 0.0062 945 519 960 543
