guard-rail 0.0386 1288 761 1334 789
guard-rail 0.0384 1270 730 1345 757
guard-rail 0.0325 1289 735 1358 762
guard-rail 0.0194 1293 743 1358 773
guard-rail 0.0186 1091 670 1139 701
guard-rail 0.0176 1178 726 1252 756
guard-rail 0.0167 1110 673 1158 701
guard-rail 0.0160 1247 726 1323 755
guard-rail 0.0133 1176 744 1246 778
guard-rail 0.0111 861 767 888 817
guard-rail 0.0101 1179 701 1250 735
guard-rail 0.0093 1239 714 1319 746
guard-rail 0.0088 1266 719 1343 749
guard-rail 0.0087 1249 740 1321 783
guard-rail 0.0084 1093 695 1133 734
guard-rail 0.0071 1274 768 1320 793
guard-rail 0.0069 1164 760 1212 817
guard-rail 0.0056 1160 699 1230 730
guard-rail 0.0051 1106 698 1162 728
guard-rail 0.0047 1180 756 1232 797
guard-rail 0.0041 1293 764 1349 797
guard-rail 0.0038 1104 714 1134 748
guard-rail 0.0036 1135 698 1192 724
guard-rail 0.0033 1219 742 1301 778
guard-rail 0.0033 1124 674 1189 710
guard-rail 0.0032 1221 721 1306 757
guard-rail 0.0032 1290 715 1365 750
guard-rail 0.0031 865 760 890 801
guard-rail 0.0028 1052 765 1071 825
guard-rail 0.0026 1041 719 1056 761
guard-rail 0.0021 856 777 885 836
guard-rail 0.0020 1750 922 1921 1054
guard-rail 0.0020 849 774 879 822
guard-rail 0.0019 1151 766 1193 820
guard-rail 0.0019 1162 783 1207 837
guard-rail 0.0018 1046 745 1066 799
guard-rail 0.0018 1225 767 1296 812
guard-rail 0.0017 1100 706 1142 758
guard-rail 0.0015 1038 698 1064 746
guard-rail 0.0013 1154 725 1303 789
guard-rail 0.0012 856 760 905 818
guard-rail 0.0011 1196 757 1271 806
guard-rail 0.0011 1161 696 1389 789
guard-rail 0.0011 845 788 876 848
guard-rail 0.0011 1227 792 1281 829
guard-rail 0.0010 1041 742 1059 785
guard-rail 0.0010 870 753 898 792
train-car 0.0018 910 607 981 644
rail 0.9594 730 639 1023 1075
rail 0.9565 1014 637 1403 1076
rail 0.9434 34 647 909 1076
rail 0.9288 1049 644 1918 1077
rail 0.7571 7 657 796 890
rail 0.3983 1244 675 1923 917
rail 0.0302 1273 667 1927 793
rail 0.0272 1023 650 1062 678
rail 0.0143 1065 655 1154 692
rail 0.0141 1042 659 1122 690
rail 0.0106 1012 644 1056 667
rail 0.0071 1193 669 1439 743
rail 0.0070 1034 644 1194 694
rail 0.0056 -1 686 561 840
rail 0.0047 1043 647 1134 682
rail 0.0043 1284 634 1911 731
rail 0.0036 1071 645 1752 789
rail 0.0030 1097 656 1212 698
rail 0.0025 1229 660 1490 718
rail 0.0024 1090 640 1135 684
rail 0.0024 1563 680 1924 840
rail 0.0024 1083 656 1276 736
rail 0.0022 1145 674 1313 742
rail 0.0021 1014 647 1081 689
rail 0.0019 1026 639 1113 700
rail 0.0019 1135 663 1231 697
rail 0.0019 1065 639 1254 707
rail 0.0019 1237 678 1370 718
rail 0.0018 1094 689 1455 928
rail 0.0018 1162 691 1472 797
rail 0.0017 898 645 1132 1072
rail 0.0016 362 651 648 791
rail 0.0016 1031 637 1366 752
rail 0.0015 1260 678 1561 752
rail 0.0015 1085 660 1549 842
rail 0.0014 7 737 529 926
rail 0.0014 1415 795 1918 1072
rail 0.0013 195 651 731 814
rail 0.0012 1762 686 1923 863
rail 0.0011 1146 646 1301 707
rail 0.0011 617 659 750 693
rail 0.0011 848 636 955 662
rail 0.0010 608 664 699 710
rail 0.0010 1317 678 1427 740
rail 0.0010 1601 740 1926 1017
switch-indicator 0.1656 1391 710 1417 731
switch-indicator 0.0779 624 710 654 736
switch-indicator 0.0052 1829 749 1841 767
switch-indicator 0.0048 1085 658 1139 692
switch-left 0.0106 1031 664 1081 690
switch-right 0.1169 1025 661 1078 685
switch-right 0.0326 1037 667 1089 692
switch-right 0.0073 1192 698 1270 734
switch-right 0.0059 1049 670 1111 699
switch-right 0.0055 1218 702 1298 738
switch-right 0.0051 1236 713 1323 749
switch-right 0.0035 1223 721 1301 756
switch-unknown 0.1592 1024 653 1060 673
switch-unknown 0.0463 1014 645 1053 665
switch-unknown 0.0195 1189 683 1247 709
switch-unknown 0.0176 1047 661 1117 691
switch-unknown 0.0112 1217 686 1293 711
switch-unknown 0.0060 1237 713 1321 748
switch-unknown 0.0060 1057 642 1120 683
switch-unknown 0.0057 1220 705 1297 738
switch-unknown 0.0054 1186 676 1240 700
switch-unknown 0.0042 1108 662 1159 693
switch-unknown 0.0038 1209 676 1253 701
switch-unknown 0.0034 1159 679 1230 715
switch-unknown 0.0029 1227 681 1325 715
switch-unknown 0.0027 1122 662 1189 695
switch-unknown 0.0023 1149 665 1223 696
switch-unknown 0.0021 909 645 947 666
switch-unknown 0.0015 903 635 955 664
switch-unknown 0.0014 1122 676 1192 708
switch-unknown 0.0011 851 648 889 670
switch-unknown 0.0010 1312 708 1392 743
switch-static 0.0100 1262 844 1373 879
switch-static 0.0032 629 714 660 738
switch-static 0.0018 1742 885 1831 919
switch-static 0.0017 1122 783 1519 947
switch-static 0.0012 975 691 1014 710
track-sign-front 0.0120 1526 631 1538 649
track-sign-front 0.0088 685 605 695 633
track-sign-front 0.0018 483 634 511 699
track-sign-front 0.0012 1527 622 1545 649
track-signal-front 0.0070 685 599 695 633
track-signal-front 0.0012 925 553 975 650
track-signal-back 0.2461 839 493 874 552
track-signal-back 0.0250 827 484 859 521
track-signal-back 0.0225 1077 479 1106 520
track-signal-back 0.0125 961 476 995 617
track-signal-back 0.0120 817 561 834 596
track-signal-back 0.0119 961 480 995 521
track-signal-back 0.0097 958 487 994 561
track-signal-back 0.0094 1078 492 1101 540
track-signal-back 0.0064 1081 497 1096 623
track-signal-back 0.0063 818 550 841 590
track-signal-back 0.0062 721 478 747 513
track-signal-back 0.0052 1123 548 1140 585
track-signal-back 0.0039 1121 540 1143 651
track-signal-back 0.0036 1103 517 1133 648
track-signal-back 0.0035 727 476 753 525
track-signal-back 0.0035 1123 547 1147 601
track-signal-back 0.0027 824 525 862 643
track-signal-back 0.0023 710 485 735 515
track-signal-back 0.0017 1109 524 1126 588
track-signal-back 0.0016 1085 473 1111 505
track-signal-back 0.0014 830 476 877 575
track-signal-back 0.0013 1138 545 1162 611
track-signal-back 0.0012 731 490 752 540
pole 0.6785 491 315 527 780
pole 0.1918 776 508 793 688
pole 0.1421 781 552 795 688
pole 0.1070 964 462 993 692
pole 0.1019 1553 292 1585 752
pole 0.0935 742 494 757 680
pole 0.0708 1081 522 1093 664
pole 0.0285 859 536 881 666
pole 0.0260 1069 522 1092 663
pole 0.0175 778 475 811 694
pole 0.0168 812 524 836 680
pole 0.0160 843 530 871 667
pole 0.0106 1079 473 1098 649
pole 0.0080 1097 526 1128 664
pole 0.0068 500 380 523 732
pole 0.0067 966 533 995 660
pole 0.0067 772 546 802 689
pole 0.0067 827 487 860 679
pole 0.0064 493 513 536 795
pole 0.0060 597 518 615 711
pole 0.0056 743 470 775 696
pole 0.0045 750 523 783 697
pole 0.0042 1561 419 1590 801
pole 0.0040 1073 547 1104 680
pole 0.0039 870 544 908 665
pole 0.0029 834 554 866 675
pole 0.0024 482 578 514 753
pole 0.0024 1568 476 1587 771
pole 0.0024 476 602 541 786
pole 0.0023 828 477 879 595
pole 0.0022 455 322 584 795
pole 0.0022 469 416 522 787
pole 0.0021 676 590 700 697
pole 0.0021 596 538 609 672
pole 0.0019 850 502 887 669
pole 0.0018 790 563 841 676
pole 0.0017 1523 321 1570 711
pole 0.0017 956 589 992 644
pole 0.0016 361 629 649 813
pole 0.0015 1114 561 1150 679
pole 0.0014 684 559 696 651
pole 0.0014 1041 523 1096 714
pole 0.0013 1220 582 1250 688
pole 0.0013 1121 543 1142 653
pole 0.0013 728 539 805 688
pole 0.0013 948 459 1005 678
pole 0.0012 763 529 818 685
pole 0.0012 583 552 613 688
rail-occluder 0.0663 1390 713 1417 734
rail-occluder 0.0378 1526 756 1540 775
rail-occluder 0.0111 618 712 648 737
rail-occluder 0.0106 1387 707 1419 729
rail-occluder 0.0086 624 703 653 732
rail-occluder 0.0032 1358 725 1413 764
rail-occluder 0.0030 521 752 540 788
rail-occluder 0.0029 507 743 541 790
rail-occluder 0.0020 778 628 792 686
rail-occluder 0.0019 1217 622 1256 677
rail-occluder 0.0018 1520 761 1543 793
rail-occluder 0.0017 625 670 678 709
rail-occluder 0.0017 1219 662 1301 706
rail-occluder 0.0016 1390 719 1433 753
rail-occluder 0.0015 1518 754 1547 781
rail-occluder 0.0014 1262 628 1299 674
rail-occluder 0.0014 1226 620 1300 682
rail-occluder 0.0013 1251 656 1310 704
rail-occluder 0.0012 1526 751 1549 774
rail-occluder 0.0010 520 723 543 784
rail-occluder 0.0010 1209 674 1255 704
