crossing 0.2695 894 329 928 343
crossing 0.1409 987 329 1047 352
crossing 0.1358 974 322 1031 341
crossing 0.0833 969 309 1022 333
crossing 0.0620 898 333 932 348
crossing 0.0499 937 295 1010 324
crossing 0.0438 897 303 941 335
crossing 0.0411 942 318 1012 337
crossing 0.0407 995 335 1072 365
crossing 0.0305 892 316 928 335
crossing 0.0282 890 325 932 350
crossing 0.0214 837 326 915 347
crossing 0.0209 896 317 984 343
crossing 0.0025 838 332 902 353
crossing 0.0024 833 293 914 343
crossing 0.0024 999 297 1080 346
crossing 0.0018 909 331 977 351
guard-rail 0.0891 1035 440 1048 491
guard-rail 0.0543 883 509 921 789
guard-rail 0.0170 971 574 1008 779
guard-rail 0.0103 1140 432 1232 483
guard-rail 0.0089 1035 432 1071 487
guard-rail 0.0076 926 510 953 786
guard-rail 0.0075 1029 433 1046 485
guard-rail 0.0062 1036 546 1052 761
guard-rail 0.0048 861 497 915 799
guard-rail 0.0043 1141 418 1240 458
guard-rail 0.0042 1014 364 1096 418
guard-rail 0.0040 1031 393 1055 483
guard-rail 0.0040 1051 541 1079 762
guard-rail 0.0038 1066 372 1137 414
guard-rail 0.0036 980 565 1031 778
guard-rail 0.0035 965 500 1013 906
guard-rail 0.0034 1109 429 1161 487
guard-rail 0.0034 1134 423 1192 460
guard-rail 0.0031 1160 444 1256 492
guard-rail 0.0028 1177 430 1281 490
guard-rail 0.0026 1141 411 1278 476
guard-rail 0.0023 1089 433 1143 491
guard-rail 0.0020 1116 409 1168 464
guard-rail 0.0019 1081 396 1264 479
guard-rail 0.0017 1045 427 1137 490
guard-rail 0.0015 1038 582 1048 725
guard-rail 0.0015 1062 563 1091 778
guard-rail 0.0015 1004 371 1039 428
guard-rail 0.0014 1071 392 1142 477
guard-rail 0.0013 1032 378 1121 456
guard-rail 0.0013 1016 397 1040 451
guard-rail 0.0013 1188 419 1266 454
guard-rail 0.0013 1138 444 1195 489
guard-rail 0.0011 1026 563 1063 779
guard-rail 0.0010 1173 437 1341 499
train-car 0.0553 900 261 929 292
train-car 0.0073 898 236 940 282
train-car 0.0050 909 240 968 283
train-car 0.0034 939 225 972 269
train-car 0.0023 890 227 960 289
train-car 0.0020 891 248 980 312
platform 0.0012 801 287 891 335
rail 0.9167 941 288 1916 1072
rail 0.9084 539 287 981 1078
rail 0.9013 892 298 1359 1091
rail 0.0528 817 431 973 1054
rail 0.0416 936 292 1011 322
rail 0.0404 916 295 984 322
rail 0.0246 967 305 1024 333
rail 0.0196 893 500 937 763
rail 0.0170 905 403 1026 1080
rail 0.0139 960 284 1021 322
rail 0.0123 878 508 923 758
rail 0.0088 936 315 1017 340
rail 0.0081 898 300 945 337
rail 0.0077 974 313 1042 342
rail 0.0064 934 289 1048 350
rail 0.0058 913 377 1134 1101
rail 0.0052 1002 336 1132 441
rail 0.0046 932 313 1884 504
rail 0.0044 985 327 1086 384
rail 0.0044 1098 451 1347 1057
rail 0.0042 550 613 860 1071
rail 0.0036 666 447 1082 1079
rail 0.0034 893 287 995 341
rail 0.0031 863 506 998 998
rail 0.0030 919 495 953 767
rail 0.0029 1027 354 1152 423
rail 0.0028 945 449 1106 879
rail 0.0027 935 320 1071 388
rail 0.0026 598 749 961 1061
rail 0.0023 1303 554 1829 863
rail 0.0023 927 280 1032 329
rail 0.0023 976 310 1110 409
rail 0.0021 963 303 1947 683
rail 0.0019 874 472 1316 866
rail 0.0019 993 339 1206 501
rail 0.0016 1805 914 1917 1055
rail 0.0015 1035 425 1147 493
rail 0.0015 105 813 516 1005
rail 0.0015 993 304 1086 343
rail 0.0014 1287 372 1896 542
rail 0.0014 971 423 1066 986
rail 0.0014 1008 392 1167 1019
rail 0.0012 194 775 531 958
rail 0.0012 1000 326 1328 463
rail 0.0012 1404 558 1927 1020
rail 0.0011 1102 428 1168 489
rail 0.0011 1055 383 1153 487
rail 0.0010 972 540 1074 778
rail 0.0010 1051 519 1079 745
rail 0.0010 142 881 579 1043
rail 0.0010 1760 877 1920 1078
rail 0.0010 1435 642 1891 891
rail 0.0010 1633 773 1919 1062
rail 0.0010 1007 484 1058 770
rail 0.0010 1043 281 1729 444
rail 0.0010 879 313 1009 382
switch-indicator 0.0024 829 332 854 364
switch-left 0.1245 1033 368 1111 406
switch-left 0.0081 992 354 1054 387
switch-left 0.0053 810 473 948 540
switch-left 0.0051 1014 355 1106 415
switch-left 0.0041 1033 380 1136 456
switch-left 0.0025 1059 421 1179 494
switch-left 0.0019 1054 369 1146 420
switch-left 0.0018 1008 333 1132 470
switch-left 0.0017 1397 665 1818 830
switch-left 0.0016 1034 411 1130 494
switch-left 0.0013 993 347 1200 536
switch-left 0.0011 802 429 958 590
switch-right 0.2949 1028 364 1101 398
switch-right 0.0941 1004 351 1089 389
switch-right 0.0525 991 335 1058 370
switch-right 0.0347 1034 370 1122 420
switch-right 0.0220 1016 355 1105 412
switch-right 0.0063 803 468 948 534
switch-right 0.0038 1031 380 1138 455
switch-right 0.0021 1058 418 1176 497
switch-right 0.0013 832 462 952 510
switch-right 0.0012 1373 644 1758 771
switch-static 0.4200 213 810 537 987
switch-static 0.0566 1083 359 1138 384
switch-static 0.0435 207 872 439 1000
switch-static 0.0199 985 363 1016 387
switch-static 0.0194 281 806 503 897
switch-static 0.0164 989 353 1053 387
switch-static 0.0163 1038 349 1123 392
switch-static 0.0160 975 328 1036 384
switch-static 0.0101 1096 369 1145 392
switch-static 0.0095 834 332 854 358
switch-static 0.0039 1098 343 1152 373
switch-static 0.0037 1076 324 1141 363
switch-static 0.0035 975 363 1002 388
switch-static 0.0029 301 822 475 955
switch-static 0.0022 1037 321 1094 352
switch-static 0.0021 823 334 857 362
switch-static 0.0015 141 883 582 1038
switch-static 0.0012 945 322 1011 373
switch-static 0.0011 338 849 578 968
switch-static 0.0010 171 834 453 964
track-sign-front 0.0086 899 266 930 297
track-sign-front 0.0073 803 214 834 247
track-sign-front 0.0042 798 265 823 294
track-sign-front 0.0037 834 330 855 355
track-sign-front 0.0030 807 188 831 219
track-sign-front 0.0028 826 259 868 333
track-sign-front 0.0024 795 255 850 308
track-sign-front 0.0020 803 197 832 231
track-sign-front 0.0015 844 198 870 253
track-sign-front 0.0010 1062 230 1110 310
track-sign-front 0.0010 761 291 796 333
track-signal-front 0.0109 807 223 836 252
track-signal-front 0.0103 899 259 933 286
track-signal-front 0.0043 802 258 825 289
track-signal-front 0.0041 801 225 839 286
track-signal-front 0.0022 828 213 870 262
track-signal-back 0.0070 944 221 974 257
track-signal-back 0.0032 944 221 965 244
track-signal-back 0.0024 1025 161 1053 287
track-signal-back 0.0016 1022 180 1044 261
person 0.0038 2 343 57 478
pole 0.0801 1029 153 1051 339
pole 0.0391 1214 9 1252 387
pole 0.0172 1037 148 1066 340
pole 0.0145 1020 169 1043 336
pole 0.0049 1061 216 1107 356
pole 0.0048 1041 162 1095 363
pole 0.0041 1017 167 1076 348
pole 0.0039 1049 235 1096 347
pole 0.0023 985 256 1042 330
pole 0.0019 1228 11 1259 345
pole 0.0017 849 140 877 337
pole 0.0015 824 277 870 339
pole 0.0011 935 217 988 309
rail-occluder 0.0127 1072 315 1101 353
rail-occluder 0.0063 1042 316 1096 353
rail-occluder 0.0062 1055 282 1094 350
rail-occluder 0.0038 1029 174 1098 362
rail-occluder 0.0027 1037 290 1110 343
rail-occluder 0.0025 1047 235 1120 343
rail-occluder 0.0018 1525 396 1548 443
rail-occluder 0.0015 1022 296 1110 393
rail-occluder 0.0015 1524 396 1557 459
