guard-rail 0.1029 811 744 876 863
guard-rail 0.0224 773 674 992 1011
guard-rail 0.0111 776 712 878 873
guard-rail 0.0049 752 692 901 918
guard-rail 0.0023 750 718 767 907
guard-rail 0.0018 807 752 912 897
guard-rail 0.0015 801 714 863 843
guard-rail 0.0013 757 732 783 895
guard-rail 0.0011 790 707 820 745
train-car 0.0054 472 614 660 667
train-car 0.0034 509 600 625 677
rail 0.9493 744 655 1022 1076
rail 0.9249 0 660 721 1078
rail 0.4245 3 655 666 874
rail 0.2886 3 662 554 780
rail 0.0867 78 649 634 722
rail 0.0270 10 909 146 1075
rail 0.0194 16 669 511 731
rail 0.0144 2 685 413 851
rail 0.0120 219 713 683 1000
rail 0.0104 0 920 89 1078
rail 0.0048 111 672 406 745
rail 0.0048 157 665 479 715
rail 0.0043 5 787 148 1006
rail 0.0033 45 583 623 752
rail 0.0032 35 755 176 891
rail 0.0027 225 653 538 701
rail 0.0026 749 675 914 933
rail 0.0021 269 599 664 917
rail 0.0020 73 936 147 1076
rail 0.0019 316 640 556 691
rail 0.0016 304 630 443 729
rail 0.0016 -18 707 458 961
rail 0.0015 -10 711 233 993
rail 0.0015 47 953 117 1080
rail 0.0015 0 803 62 996
rail 0.0014 115 690 405 796
rail 0.0011 309 656 572 717
rail 0.0011 55 874 164 1068
rail 0.0010 188 714 441 861
switch-indicator 0.2410 88 778 154 846
switch-unknown 0.0015 616 685 660 708
switch-unknown 0.0013 635 674 678 706
switch-static 0.0248 629 758 676 779
switch-static 0.0057 632 743 685 772
switch-static 0.0021 651 729 682 753
switch-static 0.0018 722 849 738 887
track-sign-front 0.0235 496 602 518 872
track-sign-front 0.0189 832 626 848 652
track-sign-front 0.0165 834 628 858 657
track-sign-front 0.0103 499 653 514 788
track-sign-front 0.0092 847 628 865 653
track-sign-front 0.0039 495 585 517 700
track-sign-front 0.0035 825 612 843 649
track-sign-front 0.0033 222 622 242 677
track-sign-front 0.0031 497 719 518 804
track-sign-front 0.0029 460 786 498 831
track-sign-front 0.0027 458 805 488 919
track-sign-front 0.0024 462 776 509 813
track-sign-front 0.0021 488 679 515 850
track-sign-front 0.0019 135 639 156 716
track-sign-front 0.0019 492 590 512 661
track-sign-front 0.0013 223 639 244 701
track-sign-front 0.0011 837 636 859 682
track-signal-front 0.4816 486 511 523 563
track-signal-front 0.2060 420 500 460 572
track-signal-front 0.0666 421 502 456 541
track-signal-front 0.0123 489 494 526 549
track-signal-front 0.0092 478 503 531 578
track-signal-front 0.0085 496 501 562 567
track-signal-front 0.0072 473 261 535 807
track-signal-front 0.0031 414 466 474 608
track-signal-front 0.0019 139 640 154 667
track-signal-front 0.0018 870 605 897 630
track-signal-front 0.0018 474 450 519 517
track-signal-front 0.0013 818 593 838 631
track-signal-front 0.0012 438 489 478 528
track-signal-front 0.0012 424 474 455 515
track-signal-back 0.8607 507 187 581 406
track-signal-back 0.3787 551 501 590 575
track-signal-back 0.2774 421 515 458 584
track-signal-back 0.2366 551 535 586 582
track-signal-back 0.1338 421 501 456 548
track-signal-back 0.0273 552 495 589 536
track-signal-back 0.0108 497 432 547 477
track-signal-back 0.0097 491 446 540 515
track-signal-back 0.0085 406 476 456 665
track-signal-back 0.0077 540 437 594 640
track-signal-back 0.0062 411 489 454 531
track-signal-back 0.0062 546 466 589 523
track-signal-back 0.0051 414 497 465 567
track-signal-back 0.0047 217 609 242 689
track-signal-back 0.0036 413 529 454 611
track-signal-back 0.0031 862 602 893 633
track-signal-back 0.0028 415 417 478 676
track-signal-back 0.0025 495 424 561 532
track-signal-back 0.0024 497 407 562 452
track-signal-back 0.0017 209 567 247 690
track-signal-back 0.0017 476 427 519 540
track-signal-back 0.0015 91 532 109 596
track-signal-back 0.0015 382 484 412 556
track-signal-back 0.0015 528 514 587 582
track-signal-back 0.0014 707 527 719 576
track-signal-back 0.0012 204 575 231 676
track-signal-back 0.0012 548 420 596 565
track-signal-back 0.0012 428 551 465 585
track-signal-back 0.0012 488 571 512 649
track-signal-back 0.0010 490 553 526 659
track-signal-back 0.0010 826 613 844 648
pole 0.6151 203 409 242 758
pole 0.6033 643 362 674 767
pole 0.4154 381 472 404 722
pole 0.3559 485 400 531 928
pole 0.1409 485 492 524 586
pole 0.1388 385 477 448 685
pole 0.1211 218 442 247 749
pole 0.1203 388 472 417 718
pole 0.1189 707 523 726 707
pole 0.0975 654 495 678 760
pole 0.0680 497 578 516 857
pole 0.0628 471 273 538 841
pole 0.0625 461 194 581 989
pole 0.0444 598 567 615 687
pole 0.0423 581 557 612 681
pole 0.0379 431 566 448 695
pole 0.0303 416 486 451 717
pole 0.0296 324 553 334 685
pole 0.0172 400 512 423 718
pole 0.0153 577 514 604 708
pole 0.0150 383 568 403 713
pole 0.0135 409 572 434 710
pole 0.0120 599 545 622 727
pole 0.0100 736 562 759 671
pole 0.0096 497 500 518 764
pole 0.0088 209 586 240 758
pole 0.0084 460 818 476 932
pole 0.0083 559 580 624 685
pole 0.0075 323 505 336 699
pole 0.0072 541 463 596 648
pole 0.0066 513 527 545 722
pole 0.0063 701 537 739 693
pole 0.0059 536 562 603 694
pole 0.0058 656 565 683 713
pole 0.0057 366 459 419 732
pole 0.0056 447 522 518 982
pole 0.0055 293 559 305 681
pole 0.0054 291 557 643 951
pole 0.0050 59 409 112 848
pole 0.0048 373 596 411 737
pole 0.0047 637 430 692 772
pole 0.0045 493 528 511 730
pole 0.0043 380 532 399 679
pole 0.0040 133 513 152 738
pole 0.0039 219 609 238 713
pole 0.0039 440 603 461 688
pole 0.0039 611 437 668 764
pole 0.0037 372 432 399 692
pole 0.0036 705 409 719 701
pole 0.0036 485 305 575 661
pole 0.0035 539 495 638 715
pole 0.0035 455 800 488 922
pole 0.0032 559 492 587 722
pole 0.0031 732 529 754 693
pole 0.0029 224 533 246 674
pole 0.0029 476 436 607 903
pole 0.0026 421 620 453 702
pole 0.0024 206 521 232 767
pole 0.0024 489 294 543 606
pole 0.0019 46 558 128 800
pole 0.0019 501 554 565 717
pole 0.0018 142 453 304 769
pole 0.0018 421 540 454 671
pole 0.0017 696 573 729 712
pole 0.0016 736 615 768 662
pole 0.0015 384 599 495 692
pole 0.0015 35 585 407 771
pole 0.0014 460 705 514 932
pole 0.0014 435 415 545 801
pole 0.0013 186 640 310 751
pole 0.0012 491 589 645 671
pole 0.0012 593 443 641 708
pole 0.0011 134 642 157 717
pole 0.0011 204 516 245 657
pole 0.0010 654 616 695 724
pole 0.0010 85 405 268 804
pole 0.0010 82 516 127 782
pole 0.0010 603 621 628 707
pole 0.0010 483 592 543 896
pole 0.0010 138 573 154 687
rail-occluder 0.1293 92 781 154 848
rail-occluder 0.0308 459 803 477 921
rail-occluder 0.0278 453 770 488 940
rail-occluder 0.0127 127 672 151 727
rail-occluder 0.0107 120 772 150 827
rail-occluder 0.0104 64 890 153 1081
rail-occluder 0.0084 710 650 726 687
rail-occluder 0.0054 47 632 131 783
rail-occluder 0.0054 47 791 159 863
rail-occluder 0.0051 84 737 155 855
rail-occluder 0.0045 75 663 138 734
rail-occluder 0.0038 112 677 159 734
rail-occluder 0.0038 28 647 136 855
rail-occluder 0.0035 65 788 126 853
rail-occluder 0.0027 114 671 189 747
rail-occluder 0.0026 455 792 488 863
rail-occluder 0.0018 267 675 323 708
rail-occluder 0.0017 91 925 146 1073
rail-occluder 0.0017 440 803 483 925
rail-occluder 0.0016 52 736 113 849
rail-occluder 0.0015 707 665 724 695
rail-occluder 0.0011 65 674 224 743
