guard-rail 0.0015 1134 995 1160 1074
platform 0.0013 947 718 1429 830
rail 0.9641 954 726 1872 1074
rail 0.9351 942 732 1174 1078
rail 0.9226 169 813 811 1076
rail 0.5983 1098 748 1907 949
rail 0.0810 1663 741 1926 807
rail 0.0424 1490 737 1917 817
rail 0.0185 1773 755 1929 819
rail 0.0129 1366 750 1923 886
rail 0.0099 1702 731 1925 782
rail 0.0067 -5 761 544 841
rail 0.0058 1741 769 1928 841
rail 0.0057 1849 757 1919 817
rail 0.0055 597 848 747 917
rail 0.0054 1821 749 1918 801
rail 0.0043 1467 743 1773 789
rail 0.0043 1485 727 1802 773
rail 0.0035 1313 742 1822 799
rail 0.0033 1591 763 1918 870
rail 0.0029 1110 747 1746 863
rail 0.0025 1873 752 1920 797
rail 0.0022 512 828 769 957
rail 0.0022 332 861 608 1044
rail 0.0022 -2 758 677 909
rail 0.0019 1694 679 1903 808
rail 0.0018 1595 712 1871 761
rail 0.0015 492 800 852 1063
rail 0.0013 1366 798 1927 969
rail 0.0013 -16 780 463 889
rail 0.0013 1484 753 1760 814
rail 0.0012 1796 615 1905 837
rail 0.0010 1696 699 1923 885
switch-static 0.0283 942 831 992 855
switch-static 0.0027 1091 819 1142 845
track-sign-front 0.4056 610 847 677 914
track-sign-front 0.1136 826 815 868 878
track-sign-front 0.0595 872 729 892 753
track-sign-front 0.0067 871 733 890 768
track-sign-front 0.0066 921 716 942 744
track-sign-front 0.0044 765 715 776 741
track-sign-front 0.0030 1689 93 1782 224
track-sign-front 0.0026 1425 677 1437 713
track-sign-front 0.0025 926 704 945 739
track-sign-front 0.0024 1581 680 1598 709
track-sign-front 0.0023 1725 721 1742 743
track-sign-front 0.0020 625 852 716 914
track-sign-front 0.0012 1421 611 1436 737
track-sign-front 0.0010 1580 661 1601 713
track-signal-front 0.0018 1686 76 1785 323
track-signal-back 0.4126 1115 663 1128 689
track-signal-back 0.0934 1113 666 1130 700
track-signal-back 0.0735 1112 656 1125 685
track-signal-back 0.0184 1021 665 1032 687
track-signal-back 0.0064 1119 658 1140 682
track-signal-back 0.0050 1690 87 1782 215
track-signal-back 0.0045 738 670 751 703
track-signal-back 0.0040 1109 661 1136 690
track-signal-back 0.0028 1017 654 1030 682
track-signal-back 0.0014 1016 661 1034 689
track-signal-back 0.0012 1687 86 1789 329
person 0.0036 1689 81 1786 308
pole 0.5164 1296 495 1318 814
pole 0.2095 660 74 726 1072
pole 0.1752 1300 498 1338 815
pole 0.1416 1174 589 1189 758
pole 0.0731 1225 631 1236 749
pole 0.0573 1419 542 1437 768
pole 0.0492 1819 435 1884 840
pole 0.0363 1328 540 1345 805
pole 0.0324 920 522 942 803
pole 0.0254 1734 438 1792 841
pole 0.0159 1577 476 1603 777
pole 0.0141 1113 668 1128 763
pole 0.0133 1282 488 1329 812
pole 0.0120 1203 608 1235 748
pole 0.0119 108 703 119 827
pole 0.0114 1739 438 1863 851
pole 0.0107 988 653 999 743
pole 0.0084 1055 637 1064 746
pole 0.0070 1224 686 1235 745
pole 0.0065 901 503 925 798
pole 0.0061 908 510 938 776
pole 0.0061 1302 612 1322 827
pole 0.0058 1783 454 1910 864
pole 0.0051 1330 610 1344 744
pole 0.0044 787 422 864 970
pole 0.0039 670 146 805 1046
pole 0.0037 928 602 943 743
pole 0.0035 1225 714 1234 750
pole 0.0034 1647 455 1723 833
pole 0.0033 668 452 729 1030
pole 0.0030 619 62 752 983
pole 0.0029 654 193 710 832
pole 0.0027 1310 605 1343 832
pole 0.0024 1334 631 1347 758
pole 0.0020 1700 563 1827 882
pole 0.0020 1173 662 1192 763
pole 0.0019 1425 607 1437 740
pole 0.0019 674 233 733 890
pole 0.0017 1567 478 1617 808
pole 0.0017 287 703 305 827
pole 0.0017 1167 584 1196 767
pole 0.0016 1299 600 1318 750
pole 0.0015 1411 533 1445 745
pole 0.0015 993 19 1066 714
pole 0.0015 1333 617 1350 825
pole 0.0015 302 533 349 866
pole 0.0014 631 481 699 1012
pole 0.0014 1698 628 1901 850
pole 0.0014 1213 713 1237 764
pole 0.0013 601 842 752 917
pole 0.0012 1173 603 1215 754
pole 0.0011 1325 583 1356 809
pole 0.0010 974 669 1010 751
pole 0.0010 1581 617 1601 774
pole 0.0010 630 549 759 1020
pole 0.0010 1500 663 1519 749
rail-occluder 0.3379 613 850 672 918
rail-occluder 0.0553 627 852 662 1013
rail-occluder 0.0078 1114 723 1125 753
rail-occluder 0.0057 636 900 656 1008
rail-occluder 0.0053 1565 748 1859 829
rail-occluder 0.0052 612 832 682 973
rail-occluder 0.0050 593 835 729 925
rail-occluder 0.0034 560 853 693 1034
rail-occluder 0.0032 801 811 818 888
rail-occluder 0.0028 460 835 761 1049
rail-occluder 0.0016 524 866 708 951
rail-occluder 0.0015 1590 771 1835 865
rail-occluder 0.0015 601 808 734 1056
rail-occluder 0.0014 1651 749 1773 834
rail-occluder 0.0013 557 881 676 938
rail-occluder 0.0012 764 802 869 889
