guard-rail 0.0097 1175 836 1359 1074
train-car 0.0290 838 433 871 461
train-car 0.0148 791 423 844 455
train-car 0.0143 789 430 830 451
train-car 0.0057 799 435 856 460
train-car 0.0032 784 437 829 457
train-car 0.0027 836 439 890 463
train-car 0.0015 774 424 813 459
train-car 0.0011 745 429 841 459
train-car 0.0011 806 421 879 464
rail 0.9753 593 448 957 1077
rail 0.8862 879 446 1894 1080
rail 0.8705 3 442 801 938
rail 0.0100 1104 496 1920 881
rail 0.0080 1048 376 1315 456
rail 0.0067 1179 808 1388 1077
rail 0.0052 710 449 813 478
rail 0.0038 672 452 790 495
rail 0.0036 1054 747 1369 1068
rail 0.0032 1144 361 1370 443
rail 0.0029 945 385 1308 504
rail 0.0027 1234 801 1501 1070
rail 0.0023 264 365 745 824
rail 0.0017 599 437 744 513
rail 0.0015 1008 358 1374 550
rail 0.0015 742 442 821 475
rail 0.0014 1075 627 1491 945
rail 0.0014 850 471 1419 1072
rail 0.0012 943 659 1694 1075
rail 0.0012 1151 388 1274 452
rail 0.0012 1135 770 1619 1084
switch-indicator 0.0139 331 543 351 577
switch-indicator 0.0043 644 622 675 665
switch-indicator 0.0024 321 540 351 589
switch-indicator 0.0011 634 619 685 674
switch-left 0.0011 1167 729 1397 851
switch-unknown 0.0200 786 437 828 455
switch-unknown 0.0093 755 444 809 469
switch-unknown 0.0049 728 447 794 474
switch-unknown 0.0039 724 453 785 483
switch-unknown 0.0030 757 451 797 480
switch-unknown 0.0021 698 454 768 491
switch-static 0.0133 646 627 690 673
switch-static 0.0075 647 643 710 678
switch-static 0.0023 630 622 672 670
switch-static 0.0016 78 883 231 967
switch-static 0.0010 662 649 728 685
track-sign-front 0.1511 632 477 666 537
track-sign-front 0.0539 633 431 670 558
track-sign-front 0.0367 1361 312 1393 341
track-sign-front 0.0212 490 400 518 462
track-sign-front 0.0138 495 413 514 451
track-sign-front 0.0098 546 375 567 397
track-sign-front 0.0093 533 375 567 404
track-sign-front 0.0083 512 376 562 451
track-sign-front 0.0077 535 372 576 444
track-sign-front 0.0064 501 388 536 448
track-sign-front 0.0057 494 363 517 528
track-sign-front 0.0043 549 330 588 529
track-sign-front 0.0043 577 369 604 415
track-sign-front 0.0042 622 357 660 393
track-sign-front 0.0036 534 362 565 419
track-sign-front 0.0033 543 381 592 472
track-sign-front 0.0031 577 361 607 451
track-sign-front 0.0028 495 417 524 489
track-sign-front 0.0021 486 327 513 364
track-sign-front 0.0021 1444 484 1468 518
track-sign-front 0.0020 550 443 586 577
track-sign-front 0.0018 1417 365 1460 396
track-sign-front 0.0018 557 488 587 606
track-sign-front 0.0016 556 394 604 466
track-sign-front 0.0016 1378 416 1417 460
track-sign-front 0.0016 625 359 653 478
track-sign-front 0.0015 1070 407 1091 432
track-sign-front 0.0015 1377 350 1414 529
track-sign-front 0.0015 1361 321 1396 386
track-sign-front 0.0013 1351 310 1406 356
track-sign-front 0.0012 582 356 626 457
track-sign-front 0.0011 1033 387 1061 483
track-sign-front 0.0011 590 328 653 382
track-sign-front 0.0010 583 350 636 412
track-signal-front 0.0047 929 403 943 427
track-signal-front 0.0028 927 392 951 440
track-signal-front 0.0020 839 424 886 464
track-signal-front 0.0019 794 408 822 448
track-signal-front 0.0014 1048 273 1070 298
track-signal-front 0.0013 948 409 987 461
track-signal-front 0.0012 875 433 915 463
track-signal-front 0.0011 834 385 866 465
track-signal-back 0.7454 594 203 657 271
track-signal-back 0.6922 446 206 501 279
track-signal-back 0.6830 601 154 655 205
track-signal-back 0.5898 597 287 656 357
track-signal-back 0.0697 449 248 530 305
track-signal-back 0.0234 449 245 497 296
track-signal-back 0.0084 599 136 658 255
track-signal-back 0.0078 607 351 657 389
track-signal-back 0.0066 606 145 651 189
track-signal-back 0.0039 606 286 700 362
track-signal-back 0.0024 623 345 661 411
track-signal-back 0.0023 568 199 670 434
track-signal-back 0.0022 607 152 702 205
track-signal-back 0.0020 463 191 531 288
pole 0.3427 482 170 554 691
pole 0.3319 626 348 658 572
pole 0.2758 543 352 594 652
pole 0.1889 521 227 593 659
pole 0.1687 496 327 529 661
pole 0.1249 546 293 627 629
pole 0.1123 481 170 619 661
pole 0.0455 553 432 581 652
pole 0.0388 618 319 672 587
pole 0.0329 555 161 660 614
pole 0.0325 1346 191 1410 609
pole 0.0278 503 534 522 663
pole 0.0270 510 336 575 678
pole 0.0258 501 465 524 684
pole 0.0172 482 355 537 719
pole 0.0123 595 220 663 456
pole 0.0100 610 314 649 608
pole 0.0072 497 524 540 681
pole 0.0045 469 224 526 694
pole 0.0039 559 461 586 591
pole 0.0039 554 505 575 637
pole 0.0033 1290 257 1400 574
pole 0.0032 628 371 652 518
pole 0.0028 1315 263 1447 661
pole 0.0027 326 163 366 583
pole 0.0023 636 371 696 549
pole 0.0023 707 347 725 469
pole 0.0020 571 385 641 623
pole 0.0020 507 547 538 649
pole 0.0018 486 444 525 656
pole 0.0018 509 432 696 623
pole 0.0017 506 468 559 670
pole 0.0013 1356 268 1400 551
pole 0.0012 817 281 831 494
pole 0.0012 583 298 627 516
pole 0.0012 1852 96 1920 842
pole 0.0010 1037 394 1062 505
rail-occluder 0.4023 634 472 668 569
rail-occluder 0.0056 492 547 519 655
rail-occluder 0.0038 636 472 686 534
rail-occluder 0.0027 476 570 517 659
rail-occluder 0.0020 463 591 490 653
rail-occluder 0.0014 497 530 528 668
rail-occluder 0.0012 628 467 680 601
