guard-rail 0.8904 1211 914 1316 1073
guard-rail 0.5240 770 732 811 778
guard-rail 0.4995 918 729 950 769
guard-rail 0.2925 928 807 943 860
guard-rail 0.2145 889 901 905 1078
guard-rail 0.1139 913 711 942 766
guard-rail 0.0842 783 713 822 769
guard-rail 0.0745 896 905 917 1075
guard-rail 0.0489 751 742 799 786
guard-rail 0.0371 880 859 898 1075
guard-rail 0.0347 886 933 897 1070
guard-rail 0.0334 886 899 901 1046
guard-rail 0.0249 917 805 952 863
guard-rail 0.0150 903 718 929 766
guard-rail 0.0144 846 708 866 782
guard-rail 0.0138 916 724 965 777
guard-rail 0.0127 838 666 886 760
guard-rail 0.0105 891 955 902 1077
guard-rail 0.0086 882 893 894 1038
guard-rail 0.0058 928 777 1009 864
guard-rail 0.0049 929 805 979 863
guard-rail 0.0046 931 740 969 785
guard-rail 0.0046 872 773 895 1064
guard-rail 0.0043 880 777 906 1064
guard-rail 0.0040 885 966 893 1077
guard-rail 0.0037 806 663 850 694
guard-rail 0.0033 883 692 933 757
guard-rail 0.0033 737 701 840 819
guard-rail 0.0027 888 654 937 689
guard-rail 0.0026 905 956 920 1079
guard-rail 0.0025 849 735 873 791
guard-rail 0.0022 839 759 861 801
guard-rail 0.0020 893 713 960 769
guard-rail 0.0020 833 644 1044 887
guard-rail 0.0017 787 667 838 697
guard-rail 0.0017 731 727 803 785
guard-rail 0.0015 779 729 842 783
guard-rail 0.0014 714 655 879 841
guard-rail 0.0013 914 930 944 1075
guard-rail 0.0012 735 751 787 797
guard-rail 0.0011 781 684 846 766
guard-rail 0.0011 901 671 937 714
guard-rail 0.0010 838 705 876 789
guard-rail 0.0010 845 664 915 708
guard-rail 0.0010 965 797 1442 1154
rail 0.9609 404 636 889 1080
rail 0.9404 806 619 1345 1076
rail 0.0177 751 619 1102 1072
rail 0.0053 1877 830 1919 1082
rail 0.0028 836 611 879 633
rail 0.0019 939 675 1225 1027
rail 0.0015 1862 725 1920 1079
rail 0.0015 796 649 859 677
rail 0.0015 787 609 893 638
rail 0.0011 1847 835 1911 1062
switch-indicator 0.0528 849 613 867 629
switch-indicator 0.0011 757 622 797 659
switch-indicator 0.0010 765 644 807 695
switch-left 0.0307 832 657 895 700
switch-left 0.0024 836 668 897 741
switch-right 0.2106 835 662 893 689
switch-right 0.0178 831 642 886 677
switch-right 0.0139 798 659 854 684
switch-right 0.0138 835 654 899 709
switch-right 0.0026 837 668 897 742
switch-right 0.0021 795 641 860 681
switch-right 0.0012 801 664 854 697
switch-unknown 0.0394 839 649 897 677
switch-unknown 0.0037 853 637 919 666
switch-unknown 0.0024 843 654 916 685
switch-static 0.0271 799 661 836 683
switch-static 0.0012 770 622 827 674
track-sign-front 0.0200 1243 607 1265 637
track-sign-front 0.0193 851 607 865 629
track-sign-front 0.0065 1242 578 1265 630
track-sign-front 0.0036 854 600 867 627
track-sign-front 0.0028 757 622 797 658
track-sign-front 0.0025 1006 626 1022 648
track-sign-front 0.0023 1244 613 1266 652
track-sign-front 0.0019 320 746 342 783
track-sign-front 0.0019 1250 608 1275 638
track-sign-front 0.0017 1686 707 1719 731
track-sign-front 0.0014 1246 565 1267 614
track-sign-front 0.0011 1888 709 1918 751
pole 0.5202 768 401 787 660
pole 0.1153 760 444 783 653
pole 0.0618 772 424 800 659
pole 0.0241 746 485 778 647
pole 0.0193 815 519 829 631
pole 0.0152 804 467 827 641
pole 0.0132 848 522 865 632
pole 0.0115 735 556 777 650
pole 0.0063 751 414 798 656
pole 0.0055 770 465 783 616
pole 0.0054 752 547 786 649
pole 0.0050 729 509 754 636
pole 0.0038 788 501 823 638
pole 0.0035 849 604 867 631
pole 0.0034 726 502 743 627
pole 0.0025 776 463 793 611
pole 0.0018 806 548 847 638
pole 0.0016 774 399 830 656
rail-occluder 0.0136 737 586 774 645
rail-occluder 0.0054 847 610 870 633
rail-occluder 0.0038 749 602 790 651
rail-occluder 0.0036 822 610 860 636
rail-occluder 0.0028 729 566 766 638
rail-occluder 0.0023 751 620 779 651
rail-occluder 0.0010 771 608 829 643
