crossing 0.7856 762 685 942 774
crossing 0.4400 0 693 339 844
crossing 0.2787 848 533 891 549
crossing 0.1605 -9 649 444 890
crossing 0.0796 845 527 891 544
crossing 0.0336 -4 684 344 1033
crossing 0.0138 -5 698 194 832
crossing 0.0080 102 703 388 814
crossing 0.0059 830 604 901 622
crossing 0.0051 0 707 221 974
crossing 0.0037 858 493 922 541
crossing 0.0031 708 714 956 793
crossing 0.0025 1386 661 1913 766
crossing 0.0022 847 498 904 534
crossing 0.0019 834 546 900 572
crossing 0.0018 1219 685 1420 754
crossing 0.0017 851 533 908 554
crossing 0.0016 813 599 906 630
crossing 0.0011 0 646 64 866
crossing 0.0011 675 531 1082 896
guard-rail 0.0072 769 687 800 771
rail 0.9572 624 503 1004 1074
rail 0.4297 2 559 654 994
rail 0.0080 1208 641 1931 845
rail 0.0070 -3 688 347 1080
rail 0.0066 1203 675 1921 1042
rail 0.0027 943 543 1911 850
rail 0.0013 13 533 652 784
rail 0.0010 49 480 956 920
track-sign-front 0.0182 906 499 919 518
track-sign-front 0.0010 582 469 597 499
track-signal-front 0.0208 885 463 899 480
track-signal-front 0.0193 880 464 896 482
track-signal-front 0.0181 760 402 778 424
track-signal-front 0.0152 877 461 904 483
track-signal-front 0.0092 581 463 599 494
track-signal-front 0.0046 575 448 601 497
track-signal-front 0.0026 905 484 918 508
track-signal-front 0.0014 568 421 607 451
track-signal-front 0.0011 766 453 794 482
track-signal-front 0.0010 752 400 784 427
track-signal-back 0.3708 259 287 289 342
track-signal-back 0.2162 220 315 248 369
track-signal-back 0.1628 735 380 752 402
track-signal-back 0.0456 218 313 263 382
track-signal-back 0.0100 226 376 279 454
track-signal-back 0.0100 224 337 278 419
track-signal-back 0.0094 252 318 288 417
track-signal-back 0.0084 614 265 644 338
track-signal-back 0.0080 727 378 755 409
track-signal-back 0.0040 220 352 248 426
track-signal-back 0.0040 686 357 716 429
track-signal-back 0.0038 244 356 286 441
track-signal-back 0.0031 233 284 292 356
track-signal-back 0.0030 674 243 733 340
track-signal-back 0.0027 611 301 643 358
track-signal-back 0.0027 265 356 297 409
track-signal-back 0.0026 609 331 642 399
track-signal-back 0.0026 217 293 281 407
track-signal-back 0.0024 240 402 278 458
track-signal-back 0.0014 672 350 708 429
track-signal-back 0.0013 687 340 718 403
track-signal-back 0.0012 225 397 257 459
track-signal-back 0.0012 574 411 624 452
pole 0.0011 583 303 628 611
