platform 0.0012 35 421 666 1061
rail 0.9716 675 377 1029 1075
rail 0.9293 789 379 1917 1071
rail 0.0030 758 392 792 426
rail 0.0011 755 380 798 407
rail 0.0010 20 375 680 1040
switch-unknown 0.0071 755 368 794 407
switch-unknown 0.0071 758 391 789 426
switch-unknown 0.0024 761 408 785 426
switch-unknown 0.0014 768 368 814 397
track-sign-front 0.5966 363 391 430 459
track-sign-front 0.0235 697 377 712 425
track-sign-front 0.0209 752 348 765 375
track-sign-front 0.0156 755 356 766 376
track-sign-front 0.0152 695 365 709 409
track-sign-front 0.0097 694 384 707 430
track-sign-front 0.0077 845 377 859 394
track-sign-front 0.0070 647 366 661 381
track-sign-front 0.0066 709 375 737 420
track-sign-front 0.0066 697 282 714 426
track-sign-front 0.0063 742 345 779 405
track-sign-front 0.0052 695 336 713 448
track-sign-front 0.0036 696 384 711 454
track-sign-front 0.0029 846 377 874 403
track-sign-front 0.0023 362 376 422 430
track-sign-front 0.0022 643 367 659 387
track-sign-front 0.0021 756 383 786 420
track-sign-front 0.0019 841 359 858 395
track-sign-front 0.0019 688 386 708 463
track-sign-front 0.0016 884 385 906 407
track-sign-front 0.0016 320 384 441 465
track-sign-front 0.0015 703 288 750 426
track-sign-front 0.0014 968 390 981 420
track-sign-front 0.0010 843 376 864 408
track-signal-back 0.0011 705 252 728 294
pole 0.2194 695 212 713 455
pole 0.0552 708 222 732 431
pole 0.0111 713 258 737 404
pole 0.0077 746 301 765 396
pole 0.0071 727 227 749 407
pole 0.0034 695 271 709 413
pole 0.0024 690 249 726 460
