rail 0.9625 836 571 1135 1077
rail 0.0010 970 587 1134 1045
switch-static 0.0018 1345 887 1408 994
track-sign-front 0.0092 1031 503 1045 600
track-sign-front 0.0082 1033 552 1048 604
track-sign-front 0.0076 1038 570 1051 606
track-sign-front 0.0074 1308 393 1359 438
track-sign-front 0.0023 1306 363 1362 410
track-sign-front 0.0017 1338 285 1383 317
track-sign-front 0.0016 1023 542 1047 594
track-sign-front 0.0016 1412 612 1435 672
track-sign-front 0.0016 1362 373 1390 433
track-sign-front 0.0015 1040 579 1057 612
track-sign-front 0.0010 1305 382 1332 435
track-sign-front 0.0010 1297 358 1318 400
track-signal-front 0.8360 1317 191 1386 279
track-signal-front 0.0096 1331 260 1386 307
track-signal-front 0.0074 1328 225 1391 290
track-signal-front 0.0010 1339 284 1382 319
track-signal-front 0.0010 1319 189 1377 239
track-signal-back 0.0010 1010 477 1036 513
pole 0.0062 1027 491 1045 603
