crossing 0.0016 934 559 976 586
train-car 0.0012 976 564 992 587
platform 0.9476 963 597 1923 1080
platform 0.9259 0 649 746 1075
rail 0.9617 276 580 936 1073
rail 0.9129 930 573 1186 1074
rail 0.0891 305 627 532 685
rail 0.0631 33 628 573 729
rail 0.0482 182 625 561 694
rail 0.0322 307 612 684 684
rail 0.0190 410 596 817 694
rail 0.0144 393 594 534 691
rail 0.0104 456 606 658 668
rail 0.0077 331 623 555 661
rail 0.0076 480 585 790 650
rail 0.0038 19 589 532 798
rail 0.0034 71 581 557 705
rail 0.0028 218 636 461 709
rail 0.0021 282 646 523 732
rail 0.0020 270 579 638 702
rail 0.0017 211 568 834 810
rail 0.0014 423 618 510 682
rail 0.0014 435 572 684 685
rail 0.0012 514 653 746 1016
rail 0.0012 280 534 758 738
track-sign-front 0.7205 1858 477 1920 552
track-sign-front 0.1311 691 594 705 615
track-sign-front 0.0465 603 552 620 588
track-sign-front 0.0371 1145 544 1164 567
track-sign-front 0.0357 864 566 874 580
track-sign-front 0.0163 814 549 833 579
track-sign-front 0.0107 1145 551 1161 574
track-sign-front 0.0089 1196 527 1228 567
track-sign-front 0.0084 813 558 831 590
track-sign-front 0.0057 595 526 620 633
track-sign-front 0.0056 1172 531 1226 569
track-sign-front 0.0056 704 586 760 611
track-sign-front 0.0047 811 548 856 572
track-sign-front 0.0046 739 586 763 606
track-sign-front 0.0043 1102 541 1116 566
track-sign-front 0.0040 1040 551 1060 580
track-sign-front 0.0034 814 574 829 599
track-sign-front 0.0031 1143 527 1188 562
track-sign-front 0.0029 1141 547 1170 574
track-sign-front 0.0028 605 516 622 599
track-sign-front 0.0020 1101 531 1117 557
track-sign-front 0.0017 687 578 707 617
track-sign-front 0.0017 1103 545 1118 577
track-sign-front 0.0014 861 563 876 588
track-sign-front 0.0014 595 467 626 666
track-sign-front 0.0013 337 545 364 653
track-sign-front 0.0011 682 593 716 620
track-sign-front 0.0011 1865 516 1924 571
track-sign-front 0.0011 861 562 903 590
track-sign-front 0.0010 572 495 643 666
track-sign-front 0.0010 1865 486 1924 610
track-signal-front 0.0426 980 566 991 579
track-signal-front 0.0388 980 561 996 577
track-signal-front 0.0386 1029 546 1055 568
track-signal-front 0.0374 1019 548 1032 566
track-signal-front 0.0174 1042 547 1055 568
track-signal-front 0.0163 1014 545 1032 570
track-signal-front 0.0082 967 563 989 578
track-signal-front 0.0051 1015 529 1028 566
track-signal-front 0.0047 1036 533 1053 564
track-signal-front 0.0014 977 562 993 586
track-signal-front 0.0012 182 145 225 213
pole 0.2437 489 370 505 693
pole 0.0999 484 537 505 690
pole 0.0478 600 476 621 655
pole 0.0182 465 543 525 687
pole 0.0105 603 544 619 644
pole 0.0085 488 457 517 696
pole 0.0073 320 355 364 749
pole 0.0070 520 544 548 673
pole 0.0053 596 405 616 667
pole 0.0050 600 580 618 654
pole 0.0040 475 402 498 705
pole 0.0040 490 358 529 698
pole 0.0037 465 569 503 683
pole 0.0035 475 542 496 671
pole 0.0023 346 550 363 651
pole 0.0023 471 395 515 713
pole 0.0018 296 548 421 725
pole 0.0018 530 549 576 665
pole 0.0017 1881 543 1918 1050
pole 0.0016 572 544 626 664
pole 0.0014 588 440 626 673
pole 0.0014 490 441 501 586
pole 0.0010 507 412 541 695
pole 0.0010 393 498 406 615
pole 0.0010 486 434 561 707
rail-occluder 0.0222 504 611 592 664
rail-occluder 0.0118 486 618 505 705
rail-occluder 0.0105 483 599 520 692
rail-occluder 0.0090 370 603 619 690
rail-occluder 0.0085 512 575 565 665
rail-occluder 0.0059 494 585 616 675
rail-occluder 0.0056 31 463 409 790
rail-occluder 0.0018 360 643 437 680
rail-occluder 0.0016 424 634 508 689
rail-occluder 0.0014 528 583 651 663
rail-occluder 0.0014 185 573 334 767
rail-occluder 0.0013 494 629 631 686
rail-occluder 0.0013 335 639 402 689
rail-occluder 0.0012 430 628 577 701
rail-occluder 0.0010 740 583 785 606
