crossing 0.0090 1114 538 1166 560
crossing 0.0062 1089 536 1151 566
crossing 0.0019 1096 552 1131 564
crossing 0.0013 1073 546 1121 570
crossing 0.0011 1074 553 1108 567
train-car 0.0288 0 566 64 687
train-car 0.0021 0 554 126 693
rail 0.9636 372 541 1124 1079
rail 0.9544 1065 538 1334 1077
rail 0.0070 1279 558 1909 1061
rail 0.0035 1368 583 1917 731
rail 0.0027 1242 565 1917 822
rail 0.0013 1620 616 1921 774
rail 0.0012 1110 524 1166 555
rail 0.0011 1751 625 1922 761
rail 0.0011 1156 542 1852 717
switch-static 0.0181 1047 648 1087 670
switch-static 0.0021 1033 636 1083 661
track-sign-front 0.0050 1138 536 1173 557
track-sign-front 0.0038 1219 527 1242 556
track-sign-front 0.0024 964 514 983 582
track-sign-front 0.0017 1144 508 1178 567
track-sign-front 0.0016 1162 501 1210 592
track-sign-front 0.0013 969 530 986 564
track-sign-front 0.0012 963 540 980 599
track-sign-front 0.0010 1087 502 1106 531
track-signal-back 0.0010 1182 422 1204 498
pole 0.0249 1185 401 1205 601
pole 0.0116 1188 415 1213 633
pole 0.0026 1193 428 1227 661
pole 0.0012 1173 404 1222 628
pole 0.0012 1155 445 1181 565
pole 0.0012 1216 490 1241 591
pole 0.0012 1189 486 1230 604
