train-car 0.0035 622 485 738 547
train-car 0.0013 661 492 764 554
rail 0.9486 339 557 715 1072
rail 0.8442 617 555 1812 1081
rail 0.0510 -56 540 576 1096
rail 0.0139 1043 808 1925 1077
rail 0.0083 323 807 697 1079
rail 0.0072 140 494 666 956
rail 0.0038 -1 631 311 1087
rail 0.0029 67 729 636 1079
rail 0.0025 1139 920 1373 1073
rail 0.0023 16 819 470 1083
rail 0.0017 1076 904 1547 1081
rail 0.0012 1293 910 1883 1080
rail 0.0012 610 575 1292 1040
track-sign-front 0.2923 669 147 700 174
track-sign-front 0.0116 937 441 964 474
track-sign-front 0.0047 669 540 685 559
track-sign-front 0.0042 688 289 705 316
track-sign-front 0.0014 939 456 966 490
track-sign-front 0.0010 661 134 711 181
track-signal-front 0.0021 665 141 701 190
track-signal-front 0.0020 663 519 690 559
car 0.9071 131 550 572 848
car 0.8395 467 506 584 631
car 0.0119 333 511 431 553
car 0.0032 274 513 458 562
car 0.0030 481 577 586 644
car 0.0022 0 527 130 719
car 0.0014 256 467 785 757
car 0.0012 345 548 570 799
car 0.0011 423 547 580 639
person 0.0029 170 501 210 568
person 0.0029 1106 468 1134 573
person 0.0014 172 503 209 649
person 0.0013 1155 470 1184 577
rail-occluder 0.0028 665 538 686 558
