crossing 0.1795 241 646 332 685
crossing 0.1234 295 644 434 684
crossing 0.0443 186 603 317 649
crossing 0.0160 268 612 434 682
crossing 0.0149 213 607 374 671
crossing 0.0047 300 594 504 663
crossing 0.0043 349 589 492 644
crossing 0.0028 482 599 599 650
crossing 0.0024 263 609 559 751
crossing 0.0023 500 620 616 655
crossing 0.0018 349 630 485 672
crossing 0.0018 181 580 347 688
crossing 0.0014 519 591 624 644
crossing 0.0013 222 605 347 718
crossing 0.0013 202 589 345 639
crossing 0.0012 359 652 467 684
crossing 0.0010 260 657 331 692
crossing 0.0010 259 587 378 630
crossing 0.0010 -1 601 77 662
guard-rail 0.0149 367 685 399 733
guard-rail 0.0073 342 671 414 710
guard-rail 0.0071 375 720 395 758
guard-rail 0.0023 366 708 397 766
guard-rail 0.0015 411 652 488 686
guard-rail 0.0015 426 665 479 706
guard-rail 0.0012 420 652 503 704
guard-rail 0.0012 366 674 438 716
rail 0.8697 164 593 646 1075
rail 0.0090 317 819 658 1073
rail 0.0079 378 618 694 1075
rail 0.0067 32 584 430 1083
rail 0.0049 -1 585 110 753
rail 0.0025 0 590 127 872
rail 0.0022 281 651 550 1071
rail 0.0017 129 582 320 1052
rail 0.0015 0 594 82 696
switch-left 0.2795 321 873 656 1073
switch-left 0.0023 312 967 635 1079
switch-left 0.0020 385 810 649 1008
switch-right 0.1790 333 863 655 1075
switch-right 0.0013 340 799 655 991
switch-static 0.0022 134 905 302 995
switch-static 0.0011 74 904 362 1030
track-sign-front 0.0026 660 479 703 502
track-signal-front 0.0783 544 386 570 431
track-signal-front 0.0091 548 382 585 433
track-signal-front 0.0061 538 390 573 449
track-signal-front 0.0035 521 468 547 560
track-signal-front 0.0027 529 378 582 560
track-signal-front 0.0025 588 371 612 413
track-signal-front 0.0011 552 391 591 454
track-signal-back 0.0012 1567 18 1818 464
rail-occluder 0.0603 155 565 184 605
rail-occluder 0.0051 143 563 193 613
rail-occluder 0.0021 102 565 195 629
rail-occluder 0.0016 165 590 312 650
rail-occluder 0.0011 147 571 221 620
