rail 0.9646 6 474 618 1076
rail 0.9054 477 475 911 1077
rail 0.0037 118 446 940 1032
rail 0.0011 180 547 433 1023
track-sign-front 0.7268 1033 434 1068 568
track-sign-front 0.0630 683 408 707 444
track-sign-front 0.0461 681 432 704 472
track-sign-front 0.0288 232 456 305 564
track-sign-front 0.0182 537 462 547 489
track-sign-front 0.0124 686 447 703 486
track-sign-front 0.0074 1030 423 1071 651
track-sign-front 0.0072 680 441 701 500
track-sign-front 0.0062 1055 427 1087 582
track-sign-front 0.0051 1897 674 1918 795
track-sign-front 0.0051 294 437 357 527
track-sign-front 0.0044 677 409 708 471
track-sign-front 0.0044 254 442 322 559
track-sign-front 0.0024 681 476 697 507
track-sign-front 0.0023 271 378 302 446
track-sign-front 0.0020 718 575 735 603
track-sign-front 0.0011 702 445 746 480
track-sign-front 0.0010 698 329 724 375
track-sign-front 0.0010 200 460 328 590
track-signal-back 0.0010 822 343 843 410
pole 0.1221 534 363 545 495
pole 0.0487 263 0 322 681
pole 0.0424 428 83 465 568
pole 0.0356 535 425 545 487
pole 0.0333 437 178 476 559
pole 0.0304 448 283 477 535
pole 0.0100 526 362 542 499
pole 0.0069 263 7 304 472
pole 0.0041 536 353 550 472
pole 0.0034 401 94 479 647
pole 0.0032 460 283 488 533
pole 0.0024 269 94 415 721
pole 0.0021 521 308 543 520
pole 0.0018 269 272 302 535
pole 0.0017 244 13 366 648
pole 0.0016 444 346 489 575
pole 0.0012 529 344 552 495
pole 0.0012 434 60 498 594
pole 0.0011 823 292 846 513
pole 0.0010 301 182 502 655
pole 0.0010 820 110 855 558
rail-occluder 0.0099 538 465 547 491
rail-occluder 0.0074 289 425 421 551
rail-occluder 0.0066 299 381 476 573
rail-occluder 0.0055 538 468 549 504
rail-occluder 0.0050 441 321 484 587
rail-occluder 0.0028 341 210 485 648
rail-occluder 0.0027 292 435 379 526
rail-occluder 0.0018 277 281 438 595
rail-occluder 0.0018 449 474 481 536
rail-occluder 0.0017 423 364 479 547
rail-occluder 0.0017 416 271 493 637
rail-occluder 0.0013 464 481 490 526
rail-occluder 0.0011 407 447 499 571
rail-occluder 0.0010 423 467 477 542
