guard-rail 0.1267 1055 587 1069 621
guard-rail 0.1091 950 582 960 621
guard-rail 0.0930 1048 589 1064 621
guard-rail 0.0786 946 579 957 616
guard-rail 0.0208 1064 584 1076 620
guard-rail 0.0158 951 571 964 599
guard-rail 0.0139 1042 532 1082 594
guard-rail 0.0109 922 565 954 592
guard-rail 0.0041 1032 543 1074 582
guard-rail 0.0040 931 602 947 639
guard-rail 0.0039 989 576 999 620
guard-rail 0.0034 928 573 951 610
guard-rail 0.0033 992 565 1004 604
guard-rail 0.0025 1041 585 1071 623
guard-rail 0.0015 927 623 944 671
guard-rail 0.0011 1078 529 1129 573
guard-rail 0.0010 1010 528 1056 569
rail 0.9703 1022 517 1915 1074
rail 0.9480 -7 504 947 1078
rail 0.9251 829 512 1166 1080
rail 0.6803 -3 680 579 1080
rail 0.6021 2 514 816 644
rail 0.0175 4 545 515 660
rail 0.0122 233 514 847 588
rail 0.0054 3 565 344 640
rail 0.0031 0 487 928 744
rail 0.0028 623 509 811 552
rail 0.0025 -3 556 267 610
rail 0.0022 885 510 959 542
rail 0.0019 804 505 982 1074
rail 0.0019 420 512 866 569
rail 0.0019 428 656 750 815
rail 0.0016 497 503 937 635
rail 0.0015 211 501 997 867
rail 0.0015 4 584 257 659
rail 0.0014 364 695 633 880
rail 0.0014 138 656 675 957
rail 0.0014 486 588 839 775
rail 0.0013 2 572 220 629
rail 0.0013 693 515 738 545
rail 0.0012 5 503 534 605
rail 0.0012 575 518 809 579
rail 0.0011 643 513 758 544
rail 0.0011 3 573 417 698
rail 0.0010 557 499 889 587
switch-indicator 0.0555 670 525 685 541
switch-indicator 0.0117 597 567 628 632
switch-indicator 0.0026 583 577 620 636
switch-indicator 0.0023 577 601 611 635
switch-indicator 0.0010 565 566 646 634
switch-left 0.0185 491 661 686 737
switch-left 0.0113 419 694 669 774
switch-left 0.0104 383 711 618 792
switch-left 0.0084 823 946 1159 1073
switch-left 0.0053 434 719 596 774
switch-left 0.0020 549 649 728 716
switch-left 0.0020 329 717 583 857
switch-left 0.0014 459 689 624 751
switch-left 0.0012 462 619 704 751
switch-right 0.0982 1035 535 1075 556
switch-right 0.0158 491 662 685 738
switch-right 0.0111 395 721 597 778
switch-right 0.0093 426 694 657 776
switch-right 0.0045 548 651 725 714
switch-right 0.0029 378 721 614 833
switch-right 0.0022 601 649 718 687
switch-unknown 0.0918 1039 535 1080 555
switch-unknown 0.0061 1047 535 1100 561
switch-unknown 0.0045 903 507 941 540
switch-unknown 0.0019 880 513 933 541
switch-unknown 0.0013 991 486 1038 528
switch-unknown 0.0010 1016 495 1065 537
switch-static 0.4033 494 648 578 681
switch-static 0.0589 433 670 479 702
switch-static 0.0540 907 559 938 576
switch-static 0.0374 486 641 590 697
switch-static 0.0162 479 648 651 708
switch-static 0.0152 442 656 553 693
switch-static 0.0142 423 654 595 716
switch-static 0.0120 419 665 491 708
switch-static 0.0037 433 664 534 708
switch-static 0.0031 496 624 599 683
switch-static 0.0022 1045 523 1105 556
switch-static 0.0021 473 655 569 705
switch-static 0.0016 883 537 934 574
switch-static 0.0015 437 598 646 744
switch-static 0.0014 913 526 960 577
switch-static 0.0013 400 682 529 748
switch-static 0.0013 916 567 957 596
switch-static 0.0012 756 535 795 554
switch-static 0.0010 369 664 494 733
switch-static 0.0010 613 651 711 684
track-sign-front 0.0981 1595 544 1614 595
track-sign-front 0.0571 672 528 685 544
track-sign-front 0.0468 1149 643 1167 685
track-sign-front 0.0105 1118 506 1129 526
track-sign-front 0.0075 1586 538 1617 605
track-sign-front 0.0035 1595 539 1629 600
track-sign-front 0.0031 1116 503 1132 542
track-sign-front 0.0015 1149 643 1183 686
track-sign-front 0.0010 935 480 1000 529
track-signal-back 0.2925 925 424 939 458
track-signal-back 0.0321 925 414 938 443
track-signal-back 0.0127 917 454 941 515
track-signal-back 0.0075 1004 452 1018 470
track-signal-back 0.0057 1002 448 1025 471
track-signal-back 0.0032 920 422 945 457
track-signal-back 0.0014 1008 439 1027 463
track-signal-back 0.0014 937 425 971 453
pole 0.0153 823 316 838 547
pole 0.0073 924 469 963 544
pole 0.0048 911 469 944 545
pole 0.0025 921 443 947 529
pole 0.0017 696 426 716 544
pole 0.0012 824 366 836 505
rail-occluder 0.0729 670 526 683 543
rail-occluder 0.0198 695 519 712 534
rail-occluder 0.0102 700 516 714 530
rail-occluder 0.0045 599 565 629 624
rail-occluder 0.0045 927 503 957 537
rail-occluder 0.0040 699 517 729 537
rail-occluder 0.0015 673 521 725 551
rail-occluder 0.0013 582 540 637 608
rail-occluder 0.0012 673 502 707 544
rail-occluder 0.0012 640 520 714 550
