crossing 0.0011 908 463 949 483
rail 0.9643 1 466 914 1079
rail 0.9597 1028 450 1919 1065
rail 0.9503 858 456 1215 1079
rail 0.0014 1056 444 1125 521
rail 0.0013 1068 464 1198 604
rail 0.0011 875 462 1013 494
rail 0.0011 874 451 1133 580
rail 0.0010 1073 409 1152 560
switch-indicator 0.0018 794 500 806 521
track-sign-front 0.6252 487 593 522 631
track-sign-front 0.1676 1121 513 1163 572
track-sign-front 0.1334 1086 523 1110 548
track-sign-front 0.0701 1085 517 1121 543
track-sign-front 0.0447 1125 518 1166 547
track-sign-front 0.0304 1213 430 1225 451
track-sign-front 0.0200 1029 404 1050 482
track-sign-front 0.0189 1005 439 1037 465
track-sign-front 0.0175 1129 484 1163 561
track-sign-front 0.0160 1004 443 1019 467
track-sign-front 0.0062 842 485 854 501
track-sign-front 0.0060 1212 435 1225 466
track-sign-front 0.0055 839 460 856 509
track-sign-front 0.0046 1213 465 1224 485
track-sign-front 0.0044 1726 507 1759 530
track-sign-front 0.0030 1212 471 1227 489
track-sign-front 0.0025 789 493 804 519
track-sign-front 0.0022 1344 501 1364 534
track-sign-front 0.0020 1002 449 1037 482
track-sign-front 0.0019 788 409 819 502
track-sign-front 0.0016 1156 416 1175 552
track-sign-front 0.0015 780 435 807 465
track-sign-front 0.0011 920 408 963 496
track-sign-front 0.0011 789 445 811 519
track-sign-front 0.0010 920 463 963 482
track-sign-front 0.0010 1008 423 1039 492
track-signal-back 0.8247 1138 278 1173 344
track-signal-back 0.1028 931 398 941 413
track-signal-back 0.0516 1151 351 1174 378
track-signal-back 0.0173 932 395 944 411
track-signal-back 0.0116 928 394 940 410
track-signal-back 0.0073 929 395 943 418
track-signal-back 0.0031 1131 254 1180 374
track-signal-back 0.0016 850 381 863 415
track-signal-back 0.0014 1148 371 1174 447
pole 0.4987 1152 346 1173 614
pole 0.1900 1032 357 1047 495
pole 0.0795 1142 267 1174 609
pole 0.0426 1129 428 1164 613
pole 0.0337 1129 311 1187 623
pole 0.0277 1006 354 1053 489
pole 0.0252 845 373 864 494
pole 0.0193 1001 363 1015 482
pole 0.0127 1026 340 1055 503
pole 0.0125 799 285 819 537
pole 0.0082 1035 365 1059 498
pole 0.0074 846 403 884 497
pole 0.0073 994 358 1010 482
pole 0.0060 1153 424 1170 572
pole 0.0048 886 385 906 486
pole 0.0045 1086 385 1108 488
pole 0.0036 920 384 944 486
pole 0.0034 1715 -3 1780 748
pole 0.0026 1156 441 1180 614
pole 0.0026 1065 404 1114 503
pole 0.0024 1031 419 1081 493
pole 0.0023 868 411 918 486
pole 0.0022 1091 363 1114 512
pole 0.0021 802 330 851 530
pole 0.0019 1088 373 1132 547
pole 0.0019 1073 393 1152 573
pole 0.0019 1148 392 1169 529
pole 0.0016 1143 308 1221 623
pole 0.0016 800 323 812 460
pole 0.0014 1089 409 1128 502
pole 0.0013 1153 290 1186 572
pole 0.0013 839 454 857 505
pole 0.0012 1089 375 1105 457
pole 0.0012 843 447 887 494
pole 0.0012 1044 405 1120 556
pole 0.0010 793 363 816 548
pole 0.0010 1157 489 1180 570
pole 0.0010 1210 265 1223 507
pole 0.0010 797 342 818 483
rail-occluder 0.2182 1117 517 1165 604
rail-occluder 0.1038 1088 523 1107 546
rail-occluder 0.0736 1091 513 1153 591
rail-occluder 0.0404 1084 516 1122 546
rail-occluder 0.0091 1082 489 1110 553
rail-occluder 0.0044 488 606 518 678
rail-occluder 0.0042 1033 448 1054 485
rail-occluder 0.0039 1081 422 1159 574
rail-occluder 0.0031 1072 466 1122 577
rail-occluder 0.0014 1081 491 1132 598
rail-occluder 0.0014 1059 443 1120 515
rail-occluder 0.0013 1067 518 1102 546
