guard-rail 0.2395 1031 716 1042 774
guard-rail 0.0857 1237 721 1247 772
guard-rail 0.0366 1038 716 1053 775
guard-rail 0.0182 1678 633 1895 690
guard-rail 0.0156 1753 650 1820 677
guard-rail 0.0135 1416 579 1471 607
guard-rail 0.0107 1026 696 1039 776
guard-rail 0.0096 1726 644 1850 681
guard-rail 0.0081 1427 585 1506 618
guard-rail 0.0071 1423 600 1486 624
guard-rail 0.0063 1432 605 1513 628
guard-rail 0.0051 1024 712 1050 777
guard-rail 0.0047 1619 648 1710 679
guard-rail 0.0046 1394 591 1553 637
guard-rail 0.0045 1726 634 1809 666
guard-rail 0.0043 1455 578 1540 616
guard-rail 0.0040 1563 629 1774 678
guard-rail 0.0040 1590 642 1744 683
guard-rail 0.0034 1767 633 1839 671
guard-rail 0.0034 1246 720 1256 781
guard-rail 0.0032 1482 605 1566 630
guard-rail 0.0029 1219 720 1237 773
guard-rail 0.0028 1484 581 1561 616
guard-rail 0.0027 1249 698 1259 772
guard-rail 0.0026 1522 620 1661 658
guard-rail 0.0025 1523 608 1617 642
guard-rail 0.0024 1746 671 1827 703
guard-rail 0.0023 1645 634 1730 669
guard-rail 0.0023 1689 628 1841 668
guard-rail 0.0022 1546 625 1685 669
guard-rail 0.0022 1713 665 1862 715
guard-rail 0.0020 1595 635 1690 674
guard-rail 0.0019 1231 714 1257 779
guard-rail 0.0018 1430 562 1514 596
guard-rail 0.0018 1234 701 1249 771
guard-rail 0.0017 1020 667 1054 828
guard-rail 0.0016 1392 594 1463 622
guard-rail 0.0016 1768 673 1843 712
guard-rail 0.0014 1667 649 1759 680
guard-rail 0.0014 1505 621 1595 652
guard-rail 0.0013 1694 647 1789 683
guard-rail 0.0012 1671 630 1760 663
guard-rail 0.0012 1271 584 1290 645
guard-rail 0.0012 1578 643 1667 677
guard-rail 0.0010 1261 568 1295 632
guard-rail 0.0010 1771 695 1848 738
guard-rail 0.0010 1696 625 1788 662
rail 0.9446 248 509 1217 1077
rail 0.8561 995 509 1362 1078
rail 0.8229 1268 525 1922 768
rail 0.7113 1364 540 1921 680
rail 0.1798 1537 604 1920 722
rail 0.0731 1243 509 1364 543
rail 0.0688 1559 586 1924 664
rail 0.0588 1644 620 1916 698
rail 0.0465 1237 511 1404 585
rail 0.0382 1236 516 1349 565
rail 0.0339 1660 645 1919 755
rail 0.0327 1247 513 1317 547
rail 0.0311 1249 523 1454 611
rail 0.0288 1531 552 1919 807
rail 0.0270 1331 522 1702 617
rail 0.0262 1306 507 1398 548
rail 0.0251 1246 542 1602 639
rail 0.0242 1694 610 1919 663
rail 0.0196 1228 535 1282 567
rail 0.0196 1296 516 1418 569
rail 0.0185 1254 551 1356 585
rail 0.0183 1706 638 1902 691
rail 0.0163 1124 504 1339 554
rail 0.0126 1355 549 1639 608
rail 0.0117 1653 404 1920 862
rail 0.0104 1263 562 1504 623
rail 0.0101 1197 526 1301 575
rail 0.0100 1338 500 1908 605
rail 0.0084 1344 463 1435 580
rail 0.0082 1253 554 1402 627
rail 0.0081 1707 660 1910 729
rail 0.0077 1744 674 1919 763
rail 0.0072 1337 495 1559 597
rail 0.0071 1263 502 1399 536
rail 0.0070 1351 539 1415 574
rail 0.0070 1334 513 1416 555
rail 0.0066 1845 713 1919 774
rail 0.0065 1726 287 1925 1082
rail 0.0062 1259 525 1341 581
rail 0.0062 1748 626 1921 803
rail 0.0059 1526 619 1848 682
rail 0.0058 1743 504 1921 921
rail 0.0056 1795 706 1922 784
rail 0.0056 1589 559 1921 635
rail 0.0055 1383 558 1503 602
rail 0.0053 1889 638 1921 697
rail 0.0048 1198 501 1328 536
rail 0.0046 1327 477 1501 656
rail 0.0044 1402 570 1592 622
rail 0.0044 1010 508 1370 564
rail 0.0044 1837 668 1917 751
rail 0.0041 1608 -58 1927 1187
rail 0.0041 1198 497 1373 625
rail 0.0039 1862 640 1921 701
rail 0.0037 1705 575 1915 641
rail 0.0036 1724 628 1884 674
rail 0.0036 1870 626 1921 674
rail 0.0035 1358 539 1481 585
rail 0.0033 1461 578 1631 618
rail 0.0032 1837 722 1921 811
rail 0.0032 1630 582 1776 618
rail 0.0031 1198 504 1263 551
rail 0.0030 1189 505 1608 691
rail 0.0030 1854 696 1921 749
rail 0.0029 1240 547 1305 599
rail 0.0026 1414 488 1519 519
rail 0.0025 1834 623 1916 708
rail 0.0025 1310 443 1685 685
rail 0.0025 951 508 1265 603
rail 0.0024 1452 562 1698 654
rail 0.0023 1321 495 1388 538
rail 0.0022 1837 593 1919 822
rail 0.0022 1735 533 1942 618
rail 0.0022 1412 482 1474 525
rail 0.0021 1831 321 1919 999
rail 0.0021 1884 698 1920 747
rail 0.0021 1463 574 1774 629
rail 0.0021 1382 497 1671 546
rail 0.0021 1440 562 1695 609
rail 0.0020 1887 663 1920 728
rail 0.0019 1774 511 1920 722
rail 0.0019 1729 454 1911 684
rail 0.0019 1885 715 1919 764
rail 0.0018 1160 475 1304 583
rail 0.0017 1700 520 1917 592
rail 0.0017 1470 591 1682 707
rail 0.0017 1567 687 1805 776
rail 0.0016 1797 615 1912 685
rail 0.0016 1387 516 1451 604
rail 0.0015 1861 600 1921 656
rail 0.0015 1410 563 1476 598
rail 0.0015 1100 666 1336 1075
rail 0.0015 1886 615 1920 654
rail 0.0014 1262 554 1890 1031
rail 0.0014 1848 531 1923 625
rail 0.0014 1231 550 1277 578
rail 0.0013 1001 666 1251 1076
rail 0.0013 997 499 1384 624
rail 0.0013 1888 727 1919 814
rail 0.0013 1676 610 1839 653
rail 0.0012 1883 540 1921 625
rail 0.0012 1557 641 1878 783
rail 0.0012 1742 716 1938 811
rail 0.0012 1104 519 1232 552
rail 0.0012 1099 500 1504 1045
rail 0.0012 1375 495 1459 561
rail 0.0012 1238 406 1526 702
rail 0.0012 1543 593 1774 674
rail 0.0012 1384 497 1499 543
rail 0.0011 1371 587 1485 627
rail 0.0011 1812 724 1916 858
rail 0.0010 965 525 1164 595
rail 0.0010 1370 438 1467 570
rail 0.0010 1421 487 1668 605
switch-indicator 0.3816 1014 561 1035 598
switch-indicator 0.0625 1326 587 1341 611
switch-indicator 0.0412 1667 581 1703 603
switch-indicator 0.0250 1318 577 1341 608
switch-indicator 0.0230 1154 594 1181 615
switch-indicator 0.0132 1641 555 1692 603
switch-indicator 0.0088 1645 555 1667 599
switch-indicator 0.0074 1292 569 1365 613
switch-indicator 0.0054 988 535 1005 558
switch-indicator 0.0033 1646 531 1678 595
switch-indicator 0.0028 1682 581 1723 606
switch-indicator 0.0027 1155 574 1176 616
switch-indicator 0.0021 1004 561 1029 598
switch-indicator 0.0018 1311 583 1353 613
switch-indicator 0.0016 286 905 344 954
switch-indicator 0.0010 829 588 848 629
switch-right 0.1404 1242 545 1288 572
switch-unknown 0.1251 1245 530 1286 556
switch-unknown 0.0899 1244 549 1290 576
switch-unknown 0.0774 1247 518 1304 545
switch-unknown 0.0338 1256 511 1344 538
switch-unknown 0.0314 1261 511 1303 532
switch-unknown 0.0238 1294 511 1362 541
switch-unknown 0.0233 1326 512 1377 542
switch-unknown 0.0192 1375 555 1423 586
switch-unknown 0.0075 1339 506 1408 550
switch-unknown 0.0072 1330 496 1379 530
switch-unknown 0.0063 1322 522 1391 559
switch-unknown 0.0062 1389 578 1469 611
switch-unknown 0.0060 1346 570 1468 615
switch-unknown 0.0060 1350 535 1414 575
switch-unknown 0.0055 1241 496 1289 534
switch-unknown 0.0048 1300 492 1362 533
switch-unknown 0.0047 1372 576 1436 612
switch-unknown 0.0030 1382 560 1465 600
switch-unknown 0.0022 1508 605 1631 647
switch-unknown 0.0021 1502 583 1590 616
switch-unknown 0.0017 1141 519 1193 545
switch-unknown 0.0015 1161 510 1211 541
switch-unknown 0.0014 1361 476 1411 541
switch-unknown 0.0010 1547 585 1636 616
switch-static 0.0617 1157 595 1179 615
switch-static 0.0510 1668 582 1708 601
switch-static 0.0193 1231 538 1280 566
switch-static 0.0155 1390 562 1461 596
switch-static 0.0105 1628 714 1704 749
switch-static 0.0102 1399 582 1462 608
switch-static 0.0091 1149 593 1185 617
switch-static 0.0063 1676 586 1727 608
switch-static 0.0059 1889 628 1920 673
switch-static 0.0058 1419 568 1468 597
switch-static 0.0058 1890 639 1921 696
switch-static 0.0048 1263 553 1333 582
switch-static 0.0046 1886 701 1920 745
switch-static 0.0038 1647 577 1713 605
switch-static 0.0035 1152 597 1200 623
switch-static 0.0032 1232 551 1278 578
switch-static 0.0029 1889 663 1921 728
switch-static 0.0028 1482 670 1834 788
switch-static 0.0022 325 865 413 942
switch-static 0.0021 1890 618 1918 651
switch-static 0.0021 1888 717 1920 761
switch-static 0.0015 516 764 601 808
switch-static 0.0015 355 859 409 921
switch-static 0.0015 279 859 423 992
switch-static 0.0014 1353 575 1413 615
switch-static 0.0014 287 905 345 955
switch-static 0.0011 1587 684 1767 765
switch-static 0.0011 1651 577 1756 610
track-sign-front 0.1155 829 521 844 549
track-sign-front 0.0190 0 576 21 633
track-sign-front 0.0087 0 534 26 647
track-sign-front 0.0069 828 503 846 535
track-sign-front 0.0067 1411 291 1436 315
track-sign-front 0.0036 991 536 1007 557
track-sign-front 0.0033 824 515 851 551
track-sign-front 0.0033 1823 495 1854 540
track-sign-front 0.0031 0 771 26 968
track-sign-front 0.0030 0 -4 31 38
track-sign-front 0.0028 1039 451 1051 557
track-sign-front 0.0024 1404 287 1444 317
track-sign-front 0.0019 -2 464 20 634
track-sign-front 0.0016 1528 506 1543 535
track-sign-front 0.0015 1035 504 1051 556
track-sign-front 0.0015 832 525 847 614
track-sign-front 0.0013 1795 26 1871 660
track-sign-front 0.0012 1649 517 1676 563
track-sign-front 0.0011 1788 499 1893 545
track-sign-front 0.0010 1820 489 1877 557
track-sign-front 0.0010 1526 486 1549 533
track-signal-front 0.1021 1389 410 1402 443
track-signal-front 0.0107 0 -6 32 51
track-signal-front 0.0105 1172 432 1188 472
track-signal-front 0.0059 1522 375 1541 429
track-signal-front 0.0038 -1 8 31 160
track-signal-front 0.0013 0 2 38 82
track-signal-front 0.0013 1167 386 1187 489
track-signal-front 0.0013 2 -2 71 68
track-signal-front 0.0012 1384 402 1410 458
track-signal-front 0.0012 1381 371 1401 461
track-signal-back 0.0546 1528 381 1549 418
track-signal-back 0.0176 1176 431 1204 469
track-signal-back 0.0083 1521 373 1545 442
track-signal-back 0.0078 1388 404 1406 491
track-signal-back 0.0023 1171 410 1189 499
track-signal-back 0.0021 1113 387 1131 420
track-signal-back 0.0018 1061 406 1083 514
track-signal-back 0.0016 1063 416 1081 471
track-signal-back 0.0014 1113 383 1127 409
track-signal-back 0.0011 761 130 796 257
pole 0.4025 1778 -30 1914 1056
pole 0.3949 1364 42 1400 684
pole 0.1801 1637 263 1688 591
pole 0.1237 1515 339 1535 534
pole 0.1074 1631 253 1667 577
pole 0.1064 1209 414 1222 550
pole 0.0997 1460 337 1483 531
pole 0.0768 1659 250 1700 573
pole 0.0726 1200 352 1219 571
pole 0.0543 1687 379 1917 814
pole 0.0464 1374 72 1419 741
pole 0.0439 1382 337 1425 678
pole 0.0397 1451 340 1476 529
pole 0.0357 1206 409 1232 544
pole 0.0344 1388 329 1414 626
pole 0.0328 1506 337 1549 545
pole 0.0273 1479 325 1521 537
pole 0.0223 1435 364 1469 528
pole 0.0202 1211 498 1222 538
pole 0.0186 1161 273 1178 544
pole 0.0142 1520 340 1546 486
pole 0.0122 1803 218 1901 874
pole 0.0121 1410 321 1448 583
pole 0.0103 1427 415 1461 527
pole 0.0102 1063 411 1080 548
pole 0.0102 1395 372 1445 627
pole 0.0094 1175 399 1200 496
pole 0.0090 1168 307 1188 560
pole 0.0088 1195 385 1228 534
pole 0.0083 1200 391 1219 502
pole 0.0079 1374 217 1394 558
pole 0.0077 1772 -73 1862 764
pole 0.0073 1385 411 1415 546
pole 0.0070 1400 405 1450 540
pole 0.0068 1376 519 1419 608
pole 0.0060 1684 -9 1861 938
pole 0.0058 1639 357 1663 599
pole 0.0056 1430 340 1487 551
pole 0.0053 1712 25 1819 719
pole 0.0052 1231 410 1253 512
pole 0.0049 1644 152 1714 632
pole 0.0046 1621 298 1648 571
pole 0.0045 1343 25 1450 727
pole 0.0044 1381 274 1401 550
pole 0.0041 1519 376 1541 560
pole 0.0037 1173 444 1219 545
pole 0.0037 1039 413 1053 546
pole 0.0037 1211 341 1240 548
pole 0.0036 1351 312 1430 742
pole 0.0033 1530 -4 1586 577
pole 0.0033 1788 379 1916 731
pole 0.0030 1614 180 1665 597
pole 0.0029 1407 308 1436 520
pole 0.0027 1401 454 1434 596
pole 0.0027 1412 150 1468 630
pole 0.0024 1367 405 1408 614
pole 0.0024 1416 279 1496 589
pole 0.0023 1660 35 1744 624
pole 0.0022 1316 36 1392 706
pole 0.0021 1227 419 1267 530
pole 0.0021 1108 410 1124 537
pole 0.0020 1038 368 1062 567
pole 0.0020 1613 158 1762 643
pole 0.0019 1839 351 1917 860
pole 0.0018 1128 410 1155 538
pole 0.0017 1538 363 1566 549
pole 0.0017 1568 176 1706 633
pole 0.0014 1063 376 1091 541
pole 0.0014 1440 424 1501 524
pole 0.0013 1677 250 1716 566
pole 0.0012 1162 324 1172 459
pole 0.0012 1042 369 1077 565
pole 0.0012 1159 452 1188 542
pole 0.0011 1188 381 1250 545
pole 0.0011 1630 460 1679 633
pole 0.0010 1638 439 1661 568
rail-occluder 0.3777 1014 561 1034 599
rail-occluder 0.0169 1659 579 1701 601
rail-occluder 0.0080 1207 501 1254 556
rail-occluder 0.0029 1395 531 1443 580
rail-occluder 0.0021 1401 495 1437 554
rail-occluder 0.0019 1423 475 1465 526
rail-occluder 0.0014 1674 585 1731 614
rail-occluder 0.0010 1419 493 1469 539
rail-occluder 0.0010 1623 574 1675 609
