guard-rail 0.0016 692 927 766 1078
platform 0.0163 678 558 840 593
platform 0.0036 691 555 891 609
platform 0.0025 687 544 829 582
rail 0.9211 -2 555 974 1076
rail 0.8800 678 570 1063 1074
rail 0.0018 701 552 957 612
rail 0.0014 1538 40 1856 1077
track-sign-front 0.3406 1043 529 1066 570
track-sign-front 0.0810 1033 516 1066 561
track-sign-front 0.0804 1041 533 1063 597
track-sign-front 0.0743 1501 431 1548 462
track-sign-front 0.0287 1034 566 1060 599
track-sign-front 0.0176 1487 394 1547 426
track-sign-front 0.0086 1108 525 1132 597
track-sign-front 0.0080 1091 511 1109 553
track-sign-front 0.0077 1494 301 1559 410
track-sign-front 0.0076 555 438 580 471
track-sign-front 0.0074 1112 548 1130 587
track-sign-front 0.0064 1509 475 1550 535
track-sign-front 0.0061 1111 495 1131 543
track-sign-front 0.0048 1502 425 1554 488
track-sign-front 0.0042 1062 518 1108 594
track-sign-front 0.0042 1431 496 1462 526
track-sign-front 0.0041 1491 401 1556 453
track-sign-front 0.0039 1406 478 1452 529
track-sign-front 0.0037 1111 458 1132 488
track-sign-front 0.0032 842 518 857 562
track-sign-front 0.0027 1759 12 1912 243
track-sign-front 0.0025 1017 494 1058 541
track-sign-front 0.0022 802 458 820 486
track-sign-front 0.0018 1019 576 1044 604
track-sign-front 0.0017 1024 508 1072 582
track-sign-front 0.0016 1032 546 1062 609
track-sign-front 0.0016 1399 468 1433 523
track-sign-front 0.0013 1779 90 1890 247
track-sign-front 0.0011 980 547 1006 571
track-sign-front 0.0011 1365 495 1393 559
track-signal-front 0.0410 1373 467 1399 517
track-signal-front 0.0328 1897 714 1921 933
track-signal-front 0.0114 900 471 916 513
track-signal-front 0.0096 1386 342 1422 429
track-signal-front 0.0060 1892 593 1922 959
track-signal-front 0.0053 1899 720 1920 841
track-signal-front 0.0027 900 515 920 548
track-signal-front 0.0024 1375 454 1400 492
track-signal-front 0.0023 898 503 914 554
track-signal-front 0.0020 1113 457 1132 491
track-signal-front 0.0016 976 547 1001 567
track-signal-front 0.0011 1881 708 1927 990
track-signal-front 0.0011 1378 430 1416 482
track-signal-front 0.0010 1398 468 1432 524
track-signal-front 0.0010 1367 466 1427 522
track-signal-front 0.0010 1383 420 1420 463
track-signal-back 0.0057 901 473 918 503
track-signal-back 0.0040 1385 338 1422 425
car 0.0052 1 552 216 850
person 0.0020 1408 525 1441 602
person 0.0014 1438 525 1468 604
person 0.0013 524 499 554 560
person 0.0013 841 518 858 563
pole 0.0039 1866 151 1922 1083
pole 0.0033 1890 289 1920 946
pole 0.0014 1898 752 1921 1066
