platform 0.0028 1 617 243 723
rail 0.9520 411 568 842 1076
rail 0.9508 865 571 1139 1077
rail 0.8246 -2 576 788 975
rail 0.7447 -2 584 729 792
rail 0.0244 109 568 619 723
rail 0.0142 3 627 442 775
rail 0.0051 -1 674 297 835
rail 0.0027 147 587 751 675
rail 0.0022 -1 642 248 767
rail 0.0022 689 569 873 1068
rail 0.0019 465 581 739 649
rail 0.0019 489 599 633 636
rail 0.0017 1 623 327 721
rail 0.0016 4 662 422 926
rail 0.0013 -1 702 265 984
rail 0.0013 30 675 321 756
rail 0.0012 0 704 163 801
rail 0.0011 216 611 414 734
rail 0.0010 -8 585 453 700
switch-indicator 0.0044 211 655 234 686
switch-indicator 0.0014 186 654 256 689
switch-unknown 0.0019 722 575 779 603
switch-unknown 0.0017 703 579 763 606
switch-unknown 0.0012 724 552 785 600
switch-unknown 0.0011 520 604 599 629
track-sign-front 0.8668 1334 558 1390 642
track-sign-front 0.0633 904 537 915 554
track-sign-front 0.0218 907 535 920 552
track-sign-front 0.0038 370 552 414 584
track-sign-front 0.0021 889 536 912 589
track-sign-front 0.0020 393 554 423 580
track-sign-front 0.0018 1337 624 1379 697
track-sign-front 0.0015 1301 560 1401 657
track-sign-front 0.0013 1351 555 1415 648
track-sign-front 0.0013 1319 554 1371 626
track-sign-front 0.0010 368 532 411 598
track-sign-front 0.0010 1338 552 1383 595
track-signal-front 0.1376 125 386 145 427
track-signal-front 0.0300 901 537 913 554
track-signal-front 0.0078 838 526 854 548
track-signal-front 0.0036 838 523 856 568
track-signal-front 0.0028 899 532 914 559
track-signal-front 0.0014 813 514 852 549
track-signal-front 0.0010 125 388 149 456
track-signal-back 0.0020 756 523 771 558
track-signal-back 0.0017 794 515 813 556
pole 0.6956 351 114 445 805
pole 0.0140 336 242 418 861
pole 0.0125 348 469 404 798
pole 0.0046 1309 -1 1438 945
pole 0.0041 163 518 600 755
pole 0.0031 369 152 515 800
pole 0.0028 793 509 812 597
pole 0.0025 273 113 413 830
pole 0.0016 747 517 775 597
pole 0.0015 626 427 649 632
pole 0.0015 902 535 916 563
rail-occluder 0.0160 213 657 236 684
rail-occluder 0.0050 212 654 269 685
rail-occluder 0.0025 207 662 249 698
rail-occluder 0.0016 248 656 285 680
