guard-rail 0.2616 799 662 908 1074
guard-rail 0.1644 821 744 876 1064
guard-rail 0.0139 718 618 976 1075
guard-rail 0.0089 875 682 909 700
guard-rail 0.0070 831 762 871 946
guard-rail 0.0064 900 693 949 1077
guard-rail 0.0059 871 740 899 1072
guard-rail 0.0041 803 752 861 944
guard-rail 0.0039 850 769 890 1083
guard-rail 0.0039 870 655 937 1080
guard-rail 0.0029 749 714 878 1029
guard-rail 0.0020 824 715 957 1077
guard-rail 0.0016 841 797 887 935
guard-rail 0.0012 828 832 872 979
guard-rail 0.0012 856 719 890 946
guard-rail 0.0011 872 682 914 725
guard-rail 0.0011 822 709 872 888
rail 0.9622 104 658 868 1076
rail 0.9254 705 651 978 1078
rail 0.0017 699 694 856 1079
rail 0.0010 842 668 1001 1076
switch-right 0.0031 872 681 911 703
switch-unknown 0.0057 876 681 909 700
track-sign-front 0.0137 937 642 955 671
track-sign-front 0.0075 941 651 953 679
track-sign-front 0.0068 809 633 829 653
track-sign-front 0.0057 813 622 842 654
track-sign-front 0.0043 945 639 958 660
track-sign-front 0.0037 939 631 957 654
track-sign-front 0.0030 944 657 958 682
track-sign-front 0.0028 463 668 503 719
track-sign-front 0.0020 810 617 830 645
track-sign-front 0.0017 913 627 950 664
track-sign-front 0.0012 564 669 582 689
track-sign-front 0.0011 921 646 952 692
track-signal-front 0.1450 836 613 849 631
track-signal-front 0.0406 831 608 841 624
track-signal-front 0.0066 839 611 873 634
track-signal-front 0.0034 826 614 854 648
track-signal-front 0.0032 831 607 850 637
track-signal-back 0.0012 899 568 916 598
