platform 0.9391 -6 420 1134 1079
platform 0.9298 1204 424 1922 787
platform 0.0012 1276 431 1917 619
platform 0.0012 1460 493 1657 695
rail 0.9662 1150 421 1917 1078
rail 0.9586 710 427 1202 1077
track-sign-front 0.0066 955 351 975 380
track-sign-front 0.0018 1271 366 1294 407
track-sign-front 0.0015 36 434 93 558
track-sign-front 0.0013 1273 363 1296 387
track-sign-front 0.0010 397 368 441 442
track-signal-front 0.0779 1075 377 1100 399
track-signal-front 0.0022 956 350 976 384
track-signal-front 0.0019 1073 377 1098 421
track-signal-front 0.0015 1158 343 1181 369
track-signal-front 0.0013 1154 338 1176 363
person 0.4931 1317 386 1352 479
person 0.4477 1333 386 1370 478
person 0.2067 594 412 633 525
person 0.0113 1432 400 1473 487
person 0.0098 1300 376 1335 468
person 0.0053 1280 401 1309 451
person 0.0041 1384 388 1456 484
person 0.0037 1273 381 1303 451
person 0.0032 1346 368 1374 467
person 0.0022 1283 382 1320 468
person 0.0014 1311 364 1342 442
