crossing 0.8553 708 935 1045 1079
crossing 0.0811 944 533 1029 555
crossing 0.0152 942 548 1019 575
crossing 0.0142 880 520 1027 551
crossing 0.0128 956 518 1066 553
crossing 0.0121 904 539 1047 602
crossing 0.0065 917 519 1054 566
crossing 0.0058 915 523 991 543
crossing 0.0036 670 842 1067 1125
crossing 0.0016 919 532 989 554
crossing 0.0011 816 526 892 562
guard-rail 0.0044 915 621 994 675
guard-rail 0.0041 850 573 952 673
guard-rail 0.0040 823 552 895 581
guard-rail 0.0032 929 597 992 660
guard-rail 0.0020 942 570 998 612
guard-rail 0.0017 884 585 1030 668
guard-rail 0.0014 909 639 999 688
guard-rail 0.0013 847 532 928 557
guard-rail 0.0011 964 612 999 673
guard-rail 0.0010 923 551 993 596
platform 0.0018 1846 511 1920 799
rail 0.8783 713 516 1087 1076
rail 0.5442 827 527 1047 676
rail 0.1097 632 522 944 575
rail 0.0820 853 582 1007 699
rail 0.0264 701 517 1024 643
rail 0.0133 851 521 1060 575
rail 0.0112 881 616 1024 677
rail 0.0083 590 532 875 593
rail 0.0053 817 500 1152 642
rail 0.0050 720 530 887 571
rail 0.0047 701 509 1066 568
rail 0.0039 881 507 1159 1075
rail 0.0039 583 504 994 611
rail 0.0031 1574 28 1814 522
rail 0.0030 585 513 887 563
rail 0.0025 833 516 1015 552
rail 0.0024 774 470 1161 738
rail 0.0023 776 529 932 561
rail 0.0023 813 505 1108 876
rail 0.0020 804 563 976 676
rail 0.0014 993 473 1187 580
rail 0.0014 1853 500 1920 917
rail 0.0013 885 553 1124 665
rail 0.0010 648 548 839 604
switch-indicator 0.0151 873 500 897 522
switch-indicator 0.0054 1070 489 1107 577
switch-indicator 0.0028 1039 581 1085 607
switch-indicator 0.0028 674 559 754 594
switch-indicator 0.0012 648 526 710 575
switch-left 0.2417 861 615 998 686
switch-left 0.0026 838 605 1032 736
switch-right 0.1837 875 622 998 681
switch-right 0.0255 871 657 1000 706
switch-right 0.0017 823 551 903 585
switch-right 0.0013 853 635 972 688
switch-right 0.0011 792 588 1026 796
switch-unknown 0.0353 817 543 897 570
switch-unknown 0.0131 804 541 871 567
switch-unknown 0.0129 736 529 932 573
switch-unknown 0.0036 817 550 872 574
switch-static 0.0052 1017 702 1087 728
switch-static 0.0045 676 561 753 594
switch-static 0.0042 666 570 743 607
switch-static 0.0025 1034 583 1064 606
switch-static 0.0022 697 568 750 601
switch-static 0.0022 714 559 775 588
switch-static 0.0022 649 585 722 619
switch-static 0.0017 1038 580 1089 609
switch-static 0.0015 656 598 709 623
switch-static 0.0014 1065 629 1112 651
switch-static 0.0011 615 524 793 580
track-sign-front 0.0584 633 461 659 486
track-sign-front 0.0139 1818 415 1905 479
track-sign-front 0.0121 876 500 899 523
track-sign-front 0.0064 1896 433 1919 467
track-sign-front 0.0061 1822 412 1869 466
track-sign-front 0.0061 1178 430 1211 451
track-sign-front 0.0059 1171 426 1216 460
track-sign-front 0.0039 622 519 675 562
track-sign-front 0.0028 1833 437 1921 529
track-sign-front 0.0026 737 380 756 421
track-sign-front 0.0020 1887 432 1921 526
track-sign-front 0.0020 901 463 917 484
track-sign-front 0.0017 1898 70 1919 133
track-sign-front 0.0015 1814 400 1914 517
track-sign-front 0.0015 1161 461 1208 492
track-sign-front 0.0013 1854 467 1917 531
track-sign-front 0.0012 1846 463 1921 694
track-sign-front 0.0011 644 462 682 489
track-sign-front 0.0011 932 333 950 361
track-sign-front 0.0011 887 446 919 484
track-sign-front 0.0011 1821 408 1861 441
track-signal-front 0.1824 1290 358 1320 438
track-signal-front 0.1160 1281 442 1332 504
track-signal-front 0.0496 1294 351 1318 406
track-signal-front 0.0294 1286 360 1344 447
track-signal-front 0.0122 1281 404 1327 458
track-signal-front 0.0052 1293 319 1322 388
track-signal-front 0.0051 1303 466 1333 509
track-signal-front 0.0032 1297 323 1334 402
track-signal-front 0.0028 1274 432 1337 534
track-signal-front 0.0026 1284 333 1316 394
track-signal-front 0.0021 1290 400 1360 451
track-signal-front 0.0019 739 364 758 419
track-signal-front 0.0018 789 411 810 434
track-signal-front 0.0017 1313 408 1367 455
track-signal-front 0.0016 1300 341 1360 430
track-signal-front 0.0012 776 410 807 437
track-signal-front 0.0011 1307 373 1375 446
track-signal-front 0.0011 1323 327 1383 394
pole 0.0051 1222 252 1237 487
rail-occluder 0.3805 1072 473 1111 546
rail-occluder 0.0169 1107 495 1159 531
rail-occluder 0.0140 1073 472 1147 541
rail-occluder 0.0053 857 493 904 542
rail-occluder 0.0030 1064 485 1137 563
rail-occluder 0.0026 1095 468 1185 544
rail-occluder 0.0013 1082 465 1175 516
