crossing 0.7664 87 675 350 808
crossing 0.4992 601 710 946 796
crossing 0.0703 10 590 477 998
crossing 0.0644 498 692 834 787
crossing 0.0420 4 557 61 582
crossing 0.0399 26 559 74 579
crossing 0.0307 99 556 1422 1013
crossing 0.0210 203 634 1126 875
crossing 0.0177 411 601 880 778
crossing 0.0140 86 663 374 921
crossing 0.0126 464 671 757 753
crossing 0.0120 46 562 98 580
crossing 0.0057 72 667 294 753
crossing 0.0053 1 555 37 587
crossing 0.0047 120 564 194 581
crossing 0.0045 142 567 216 584
crossing 0.0039 456 670 636 711
crossing 0.0034 95 561 163 579
crossing 0.0031 64 561 143 579
crossing 0.0029 90 650 209 682
crossing 0.0024 705 719 892 793
crossing 0.0023 602 679 1213 833
crossing 0.0023 441 675 662 732
crossing 0.0022 682 700 1066 787
crossing 0.0019 676 740 930 808
crossing 0.0017 644 693 825 780
crossing 0.0014 404 675 580 718
crossing 0.0013 70 690 275 785
crossing 0.0010 147 565 240 592
guard-rail 0.1248 104 770 160 1075
guard-rail 0.0151 351 828 455 1070
guard-rail 0.0051 123 760 156 1023
guard-rail 0.0022 214 683 352 800
guard-rail 0.0016 56 724 179 1063
guard-rail 0.0012 125 843 157 976
guard-rail 0.0011 353 836 445 960
platform 0.0374 154 579 1943 1068
platform 0.0307 0 551 37 737
platform 0.0116 -2 563 73 740
platform 0.0057 1 549 54 668
platform 0.0036 -1 618 98 770
platform 0.0030 834 648 1924 951
platform 0.0028 276 566 960 714
platform 0.0022 -1 522 37 1016
platform 0.0021 1 592 29 791
platform 0.0016 328 603 802 748
platform 0.0013 1324 765 1902 1013
platform 0.0013 458 664 627 699
platform 0.0010 515 638 1492 874
platform 0.0010 4 667 61 760
rail 0.9552 41 558 490 1079
rail 0.8398 -34 527 1854 1080
rail 0.0075 357 637 1434 954
rail 0.0071 86 780 155 1083
rail 0.0046 -1 552 35 1077
rail 0.0033 196 324 1826 881
rail 0.0016 130 667 427 842
rail 0.0012 80 550 1053 1029
track-sign-front 0.0011 30 493 55 568
track-signal-front 0.0021 34 463 48 548
track-signal-front 0.0010 35 455 47 513
track-signal-back 0.0121 1290 359 1330 462
track-signal-back 0.0062 1246 347 1330 422
track-signal-back 0.0040 1301 344 1335 510
track-signal-back 0.0039 1302 275 1336 634
track-signal-back 0.0034 1251 364 1325 454
track-signal-back 0.0026 1234 336 1322 396
track-signal-back 0.0025 1274 344 1338 478
track-signal-back 0.0015 1259 372 1363 527
track-signal-back 0.0013 1309 354 1357 485
track-signal-back 0.0012 1298 332 1346 440
person 0.0265 396 529 422 594
person 0.0251 368 525 389 589
person 0.0248 369 524 407 593
person 0.0214 805 524 835 622
person 0.0188 446 546 473 596
person 0.0089 405 541 450 598
person 0.0044 431 546 480 612
person 0.0040 434 538 467 593
person 0.0038 460 550 485 601
person 0.0017 384 543 436 605
person 0.0015 799 521 849 649
person 0.0013 453 560 478 606
pole 0.0017 1304 240 1339 782
