crossing 0.0024 1146 613 1223 639
crossing 0.0018 1110 600 1293 646
crossing 0.0016 1131 604 1240 643
guard-rail 0.0541 928 633 941 674
guard-rail 0.0254 923 643 936 675
guard-rail 0.0199 928 622 942 657
guard-rail 0.0172 931 607 958 643
guard-rail 0.0165 930 614 945 640
guard-rail 0.0073 1033 609 1053 650
guard-rail 0.0049 1017 564 1060 604
guard-rail 0.0032 998 579 1034 610
guard-rail 0.0024 923 635 942 696
guard-rail 0.0021 870 633 921 661
guard-rail 0.0017 935 583 969 626
guard-rail 0.0013 1005 600 1044 637
guard-rail 0.0012 974 569 1029 619
guard-rail 0.0011 893 643 925 671
guard-rail 0.0010 1017 621 1043 652
guard-rail 0.0010 940 600 986 640
platform 0.0010 971 541 1023 575
rail 0.9459 815 546 1111 1076
rail 0.9294 1014 556 1923 1000
rail 0.0083 10 549 911 904
rail 0.0019 992 546 1048 572
rail 0.0017 1032 561 1250 643
switch-left 0.0056 816 830 1124 1074
switch-left 0.0011 838 950 1142 1080
switch-unknown 0.1489 1029 562 1058 576
switch-unknown 0.0125 1027 563 1067 583
switch-unknown 0.0082 990 535 1052 577
switch-unknown 0.0068 1017 558 1055 582
switch-static 0.0036 1149 631 1179 659
switch-static 0.0030 854 635 905 660
switch-static 0.0022 1147 619 1214 657
switch-static 0.0014 856 626 903 648
switch-static 0.0013 1136 624 1197 662
switch-static 0.0012 1150 639 1174 673
track-sign-front 0.0068 904 556 917 572
track-sign-front 0.0042 903 525 920 580
track-sign-front 0.0033 1125 539 1147 563
track-sign-front 0.0024 974 526 1019 577
track-sign-front 0.0023 899 523 933 579
track-sign-front 0.0022 900 550 929 577
track-sign-front 0.0019 1128 531 1151 557
track-sign-front 0.0016 1203 462 1232 532
track-sign-front 0.0015 839 563 854 593
track-sign-front 0.0011 1210 428 1241 574
track-sign-front 0.0010 1037 441 1048 460
track-signal-back 0.1087 903 497 916 518
track-signal-back 0.0155 900 488 924 541
track-signal-back 0.0107 901 493 913 509
track-signal-back 0.0063 1246 350 1274 493
track-signal-back 0.0057 901 496 915 533
track-signal-back 0.0047 908 492 921 508
track-signal-back 0.0013 1038 444 1047 464
track-signal-back 0.0012 899 489 915 514
track-signal-back 0.0011 1038 441 1049 520
pole 0.5661 1173 89 1208 732
pole 0.5143 1232 92 1276 745
pole 0.4445 1179 86 1283 753
pole 0.0476 995 448 1009 581
pole 0.0313 986 464 1013 586
pole 0.0251 1000 446 1012 575
pole 0.0133 1220 316 1265 778
pole 0.0036 1171 329 1204 687
pole 0.0029 1145 101 1191 729
pole 0.0027 1250 124 1302 715
pole 0.0024 1237 259 1259 550
pole 0.0020 1248 251 1277 520
pole 0.0016 1156 -61 1213 775
pole 0.0014 1178 309 1197 642
pole 0.0012 936 0 1033 730
pole 0.0011 1216 38 1266 647
pole 0.0010 961 10 1003 641
pole 0.0010 964 457 997 573
