rail 0.5851 5 755 1075 1079
rail 0.0077 363 835 1047 1081
rail 0.0018 -10 316 362 1041
switch-static 0.0050 869 953 911 973
track-sign-front 0.0028 846 705 872 744
track-sign-front 0.0018 845 662 869 735
track-sign-front 0.0014 848 635 870 708
track-sign-front 0.0011 848 610 871 681
track-signal-front 0.3134 840 373 877 437
track-signal-front 0.0067 840 389 876 468
track-signal-front 0.0011 843 415 872 487
pole 0.0046 188 269 350 1054
pole 0.0038 4 331 384 1071
pole 0.0016 215 314 318 932
pole 0.0012 103 284 478 954
rail-occluder 0.0051 1 477 360 1047
