rail 0.9643 2 541 836 1069
rail 0.9641 715 541 1013 1075
rail 0.0103 820 533 869 571
rail 0.0091 809 526 857 566
rail 0.0043 831 549 865 569
rail 0.0039 815 545 852 573
rail 0.0027 801 545 866 578
rail 0.0021 808 -53 1912 1084
rail 0.0019 778 499 838 579
switch-static 0.0043 540 625 582 653
switch-static 0.0041 924 641 972 670
switch-static 0.0020 810 607 832 625
switch-static 0.0015 551 630 594 657
switch-static 0.0014 939 646 1002 683
switch-static 0.0012 931 626 968 651
switch-static 0.0010 934 633 993 670
track-sign-front 0.0217 970 547 986 577
track-sign-front 0.0081 969 516 987 608
track-sign-front 0.0019 907 512 920 574
track-sign-front 0.0019 900 476 921 572
track-sign-front 0.0014 666 524 689 564
track-sign-front 0.0013 765 493 801 586
track-sign-front 0.0013 884 506 922 587
track-sign-front 0.0010 970 482 988 578
pole 0.0794 775 454 792 567
pole 0.0712 782 455 800 570
pole 0.0109 778 473 810 562
pole 0.0066 968 420 988 645
pole 0.0056 758 450 783 566
pole 0.0044 803 494 847 565
pole 0.0027 909 488 919 572
pole 0.0023 822 510 859 562
pole 0.0015 765 447 800 556
