train-car 0.0644 1197 432 1289 565
train-car 0.0053 437 469 558 551
train-car 0.0048 1225 487 1271 550
train-car 0.0041 372 469 596 541
train-car 0.0034 434 238 563 772
train-car 0.0030 452 409 548 602
train-car 0.0024 1188 364 1312 556
train-car 0.0022 1194 447 1253 552
train-car 0.0011 447 486 512 560
rail 0.9473 921 559 1457 1077
rail 0.9195 5 563 1261 1076
rail 0.5216 -1 581 504 996
rail 0.2898 -3 567 508 756
rail 0.0561 -3 604 384 811
rail 0.0191 167 586 521 687
rail 0.0160 17 535 756 820
rail 0.0122 241 592 454 658
rail 0.0095 -1 538 524 666
rail 0.0087 -5 583 374 693
rail 0.0051 0 635 269 783
rail 0.0050 195 534 577 1078
rail 0.0045 120 508 685 658
rail 0.0029 81 636 402 759
rail 0.0027 0 660 211 844
rail 0.0026 1474 553 1918 1062
rail 0.0026 301 597 492 679
rail 0.0022 0 641 271 948
rail 0.0022 192 604 425 713
rail 0.0019 1074 591 1368 1049
rail 0.0013 256 579 548 847
rail 0.0013 145 599 415 652
rail 0.0011 240 479 755 626
rail 0.0011 -1 674 351 1083
rail 0.0010 142 649 366 723
switch-indicator 0.0153 1318 520 1338 543
switch-indicator 0.0068 0 552 11 608
switch-indicator 0.0017 1307 519 1340 547
switch-indicator 0.0012 238 682 262 707
switch-indicator 0.0010 310 515 329 555
switch-unknown 0.0155 284 604 415 638
switch-unknown 0.0033 327 601 453 637
switch-unknown 0.0019 204 607 396 681
switch-unknown 0.0013 229 606 377 646
switch-unknown 0.0011 271 616 367 657
switch-unknown 0.0010 256 609 350 639
track-sign-front 0.0863 1789 255 1810 319
track-sign-front 0.0132 1222 426 1238 448
track-sign-front 0.0029 1778 242 1808 327
track-sign-front 0.0012 1796 256 1836 321
track-signal-front 0.0119 406 509 425 545
track-signal-front 0.0105 1221 426 1235 453
track-signal-front 0.0092 1194 425 1295 557
track-signal-front 0.0085 1318 521 1336 546
track-signal-front 0.0069 1239 514 1268 542
track-signal-front 0.0064 1199 441 1262 532
track-signal-front 0.0051 1223 484 1275 557
track-signal-front 0.0043 366 467 540 561
track-signal-front 0.0038 1202 459 1230 502
track-signal-front 0.0035 1214 436 1233 492
track-signal-front 0.0031 387 501 428 559
track-signal-front 0.0025 1220 420 1239 468
track-signal-front 0.0018 307 513 326 546
track-signal-front 0.0018 453 488 486 564
track-signal-front 0.0018 399 489 437 548
track-signal-front 0.0012 1238 508 1291 549
track-signal-front 0.0011 416 304 531 681
track-signal-front 0.0010 826 471 847 493
track-signal-front 0.0010 444 473 490 546
track-signal-back 0.0017 1259 311 1333 422
pole 0.2550 484 -21 547 792
pole 0.0073 446 -17 537 844
pole 0.0051 946 81 985 603
pole 0.0036 938 34 1005 783
pole 0.0027 0 206 30 646
pole 0.0026 518 201 564 527
pole 0.0024 596 213 624 521
pole 0.0022 480 175 557 594
pole 0.0018 575 179 618 653
pole 0.0015 458 34 515 703
pole 0.0014 495 -147 579 647
pole 0.0012 464 -16 616 804
pole 0.0012 0 338 21 623
pole 0.0012 598 199 635 632
pole 0.0010 545 108 621 726
pole 0.0010 567 208 606 524
rail-occluder 0.0069 1189 426 1315 556
rail-occluder 0.0010 236 672 271 703
