platform 0.8776 7 626 938 927
platform 0.1769 776 612 945 659
platform 0.0058 752 619 895 747
platform 0.0039 737 606 884 660
platform 0.0032 823 610 927 650
platform 0.0024 767 581 951 681
platform 0.0020 754 629 943 678
platform 0.0013 535 608 927 784
platform 0.0011 738 624 908 836
rail 0.9634 988 619 1242 1075
rail 0.9381 111 633 951 1079
track-sign-front 0.3025 1079 607 1091 626
track-sign-front 0.0679 796 600 826 655
track-sign-front 0.0167 755 601 861 662
track-sign-front 0.0118 1079 612 1091 646
track-sign-front 0.0113 1028 610 1038 625
track-sign-front 0.0088 1765 824 1788 858
track-sign-front 0.0040 1079 604 1108 634
track-sign-front 0.0032 1024 604 1036 625
track-sign-front 0.0025 968 610 991 628
track-sign-front 0.0020 795 662 828 784
track-sign-front 0.0016 790 650 822 684
track-sign-front 0.0011 797 673 822 722
track-signal-front 0.0038 966 602 987 629
track-signal-front 0.0011 971 593 992 628
person 0.0031 571 656 592 703
pole 0.0128 264 326 299 769
pole 0.0083 805 617 829 844
pole 0.0059 269 480 286 769
pole 0.0034 245 313 312 753
pole 0.0031 790 632 842 838
pole 0.0013 809 660 828 791
pole 0.0010 271 585 283 724
rail-occluder 0.0323 774 647 840 847
rail-occluder 0.0111 738 676 859 856
rail-occluder 0.0059 794 630 829 827
rail-occluder 0.0022 803 677 835 814
rail-occluder 0.0019 698 643 880 1018
rail-occluder 0.0014 592 648 922 958
rail-occluder 0.0013 800 630 867 857
rail-occluder 0.0012 778 723 862 846
