guard-rail 0.0200 875 637 933 677
guard-rail 0.0195 719 644 785 670
guard-rail 0.0071 912 657 957 690
guard-rail 0.0065 901 732 1004 796
guard-rail 0.0013 919 667 968 704
guard-rail 0.0013 958 735 1021 795
rail 0.9689 0 611 858 1077
rail 0.9402 859 598 1217 1077
rail 0.7328 660 726 1002 1080
rail 0.2271 1289 651 1911 769
rail 0.1514 888 745 1002 1077
rail 0.1207 791 629 902 676
rail 0.1204 829 637 930 684
rail 0.0349 812 631 1073 1069
rail 0.0300 796 632 839 673
rail 0.0263 874 634 936 681
rail 0.0207 1089 613 1918 811
rail 0.0193 832 695 1048 855
rail 0.0141 690 565 1142 1064
rail 0.0108 894 737 1128 1077
rail 0.0108 797 610 891 651
rail 0.0099 756 627 838 674
rail 0.0083 812 642 889 677
rail 0.0082 1254 618 1912 730
rail 0.0064 847 611 903 647
rail 0.0051 788 641 918 696
rail 0.0038 870 626 917 658
rail 0.0031 791 602 970 726
rail 0.0025 819 614 950 693
rail 0.0024 759 605 919 689
rail 0.0021 1457 688 1930 790
rail 0.0015 806 657 900 703
rail 0.0015 818 577 984 794
rail 0.0015 882 616 951 685
rail 0.0012 877 746 935 1077
rail 0.0012 1085 396 1882 849
switch-indicator 0.0166 795 632 832 673
switch-indicator 0.0013 676 775 705 836
switch-left 0.2070 870 733 1009 794
switch-left 0.0672 872 663 941 692
switch-left 0.0331 873 645 934 687
switch-right 0.3573 874 734 999 796
switch-right 0.1884 871 653 934 682
switch-right 0.0732 873 663 941 691
switch-right 0.0033 867 715 985 756
switch-unknown 0.0897 758 632 816 659
switch-unknown 0.0607 779 629 831 651
switch-unknown 0.0303 735 637 799 662
switch-unknown 0.0241 791 616 847 646
switch-unknown 0.0218 845 636 921 670
switch-unknown 0.0187 848 605 900 646
switch-unknown 0.0182 856 602 883 616
switch-unknown 0.0181 807 604 885 647
switch-unknown 0.0121 842 599 882 621
switch-unknown 0.0116 872 627 913 655
switch-unknown 0.0078 811 601 848 634
switch-unknown 0.0076 751 636 816 675
switch-unknown 0.0014 861 594 905 617
switch-static 0.0125 969 692 1014 716
switch-static 0.0085 957 684 998 711
switch-static 0.0055 1039 746 1103 783
switch-static 0.0044 1014 732 1068 761
switch-static 0.0040 1031 740 1098 766
switch-static 0.0038 995 724 1053 757
switch-static 0.0032 1014 743 1065 784
switch-static 0.0031 978 706 1044 739
switch-static 0.0025 831 735 871 771
switch-static 0.0022 957 696 1003 725
switch-static 0.0019 1000 743 1051 791
switch-static 0.0017 939 668 984 696
switch-static 0.0013 701 648 738 665
switch-static 0.0012 739 624 795 659
switch-static 0.0012 828 663 875 696
switch-static 0.0011 813 745 859 782
switch-static 0.0011 809 728 856 763
switch-static 0.0010 1014 714 1060 748
track-sign-front 0.0131 742 584 755 602
track-sign-front 0.0058 1053 586 1075 633
track-sign-front 0.0044 983 583 1002 616
track-sign-front 0.0027 986 580 1000 606
track-sign-front 0.0026 943 587 963 613
track-sign-front 0.0023 677 778 704 828
track-sign-front 0.0022 1043 589 1071 623
track-sign-front 0.0020 738 572 753 592
track-sign-front 0.0015 947 576 997 622
track-sign-front 0.0013 1061 589 1083 619
track-sign-front 0.0012 982 589 1005 633
track-sign-front 0.0011 991 589 1023 617
track-signal-back 0.0011 830 540 845 591
pole 0.1619 1700 17 1775 818
pole 0.0374 1411 48 1520 817
pole 0.0161 1721 274 1771 817
pole 0.0157 1336 25 1508 889
pole 0.0049 1715 204 1815 836
pole 0.0025 1441 604 1469 801
pole 0.0023 1266 4 1354 851
pole 0.0021 1375 -27 1586 736
pole 0.0017 1676 -44 1828 751
pole 0.0015 1235 39 1450 898
pole 0.0014 1453 -6 1656 843
pole 0.0013 1420 290 1497 821
rail-occluder 0.0770 796 638 820 675
rail-occluder 0.0419 772 633 824 671
rail-occluder 0.0041 1263 597 1481 758
rail-occluder 0.0013 1311 615 1452 725
rail-occluder 0.0011 1820 658 1841 744
rail-occluder 0.0011 1229 514 1564 789
rail-occluder 0.0010 1424 634 1492 766
rail-occluder 0.0010 1116 587 1551 756
