rail 0.7505 318 681 1398 1078
rail 0.5019 937 660 1664 1077
rail 0.0065 1084 631 1807 838
rail 0.0061 900 593 1982 989
rail 0.0045 941 705 1268 1078
rail 0.0026 1264 645 1611 749
rail 0.0014 1073 720 1363 1051
rail 0.0010 1455 621 1928 692
switch-indicator 0.0051 860 762 880 783
switch-static 0.0035 552 838 605 887
switch-static 0.0011 865 760 899 781
track-sign-front 0.8628 1638 747 1734 1055
track-sign-front 0.5811 1390 636 1412 695
track-sign-front 0.0427 1604 620 1629 661
track-sign-front 0.0197 1390 626 1429 687
track-sign-front 0.0170 1490 634 1507 658
track-sign-front 0.0087 1387 625 1415 664
track-sign-front 0.0038 1388 599 1415 692
track-sign-front 0.0029 1652 839 1726 986
track-sign-front 0.0011 1237 647 1250 692
pole 0.2144 1391 640 1418 704
pole 0.0787 1296 589 1309 700
pole 0.0641 1324 561 1339 696
pole 0.0264 1317 584 1336 699
pole 0.0103 1390 629 1427 688
pole 0.0090 1310 544 1342 708
pole 0.0055 1322 618 1341 700
pole 0.0043 1294 615 1306 711
pole 0.0043 1302 571 1332 702
pole 0.0038 1291 562 1319 702
pole 0.0036 1322 453 1341 720
pole 0.0030 1413 566 1435 711
pole 0.0025 1327 603 1347 696
pole 0.0025 1388 470 1418 746
pole 0.0021 1409 480 1436 737
pole 0.0020 1326 502 1348 711
pole 0.0020 1283 592 1313 705
pole 0.0018 1772 217 1919 771
pole 0.0016 1482 601 1512 696
pole 0.0014 1381 625 1427 723
pole 0.0013 1379 502 1400 716
pole 0.0012 1284 499 1306 713
pole 0.0012 1401 647 1443 810
pole 0.0010 1424 546 1474 720
rail-occluder 0.3319 1393 640 1424 714
rail-occluder 0.2038 1390 636 1411 720
rail-occluder 0.1515 1397 633 1443 731
rail-occluder 0.1262 1490 641 1507 683
rail-occluder 0.1083 1438 684 1500 727
rail-occluder 0.0868 1398 662 1494 734
rail-occluder 0.0529 1444 661 1514 732
rail-occluder 0.0348 1390 636 1426 771
rail-occluder 0.0325 1493 637 1509 662
rail-occluder 0.0303 1605 622 1627 661
rail-occluder 0.0220 1488 638 1504 667
rail-occluder 0.0170 1474 645 1524 722
rail-occluder 0.0158 1416 683 1500 746
rail-occluder 0.0115 1399 667 1440 767
rail-occluder 0.0113 1483 639 1514 689
rail-occluder 0.0105 1363 653 1571 740
rail-occluder 0.0082 1604 626 1625 708
rail-occluder 0.0068 1397 641 1474 714
rail-occluder 0.0059 1466 647 1621 738
rail-occluder 0.0053 1385 649 1410 765
rail-occluder 0.0050 1475 648 1555 741
rail-occluder 0.0027 1415 612 1453 685
rail-occluder 0.0026 1584 642 1629 737
rail-occluder 0.0016 1433 673 1570 777
rail-occluder 0.0016 1438 653 1699 780
rail-occluder 0.0014 1146 602 1783 831
rail-occluder 0.0014 1372 643 1434 739
rail-occluder 0.0014 1495 640 1600 711
