guard-rail 0.0051 826 596 909 646
train-car 0.0058 1163 548 1264 595
train-car 0.0023 1213 553 1296 597
train-car 0.0019 1240 556 1271 593
train-car 0.0016 1098 544 1452 620
train-car 0.0015 1211 538 1264 605
train-car 0.0013 1250 556 1289 594
platform 0.7830 961 562 1915 894
platform 0.0575 1262 577 1914 701
platform 0.0355 1469 594 1928 680
platform 0.0025 1373 589 1932 783
platform 0.0018 1607 579 1980 661
platform 0.0015 953 548 1062 605
platform 0.0013 1467 540 1938 651
platform 0.0010 944 564 1082 619
rail 0.9628 858 562 1111 1076
rail 0.9375 101 561 920 1076
rail 0.9156 943 573 1910 1077
rail 0.6698 741 582 940 686
rail 0.0523 1027 569 1918 690
rail 0.0358 1414 593 1925 692
rail 0.0149 783 563 920 651
rail 0.0092 750 587 868 670
rail 0.0082 705 632 862 725
rail 0.0079 799 569 902 605
rail 0.0072 871 577 938 627
rail 0.0058 1198 576 1724 666
rail 0.0052 800 662 850 711
rail 0.0045 1870 624 1921 766
rail 0.0044 870 562 929 599
rail 0.0041 835 577 950 656
rail 0.0038 1884 682 1920 761
rail 0.0036 918 562 954 608
rail 0.0032 795 566 1013 661
rail 0.0031 1885 666 1920 726
rail 0.0031 1627 610 1942 685
rail 0.0030 116 758 708 1081
rail 0.0028 908 569 944 606
rail 0.0025 1064 556 1588 641
rail 0.0024 757 602 825 665
rail 0.0024 803 591 896 681
rail 0.0020 905 572 1019 613
rail 0.0016 1751 936 1928 1075
rail 0.0016 1231 565 1514 637
rail 0.0016 931 548 1015 609
rail 0.0016 1874 697 1917 776
rail 0.0015 328 654 475 744
rail 0.0015 1842 544 1912 746
rail 0.0012 503 630 837 884
rail 0.0012 928 562 999 625
rail 0.0010 317 610 890 935
rail 0.0010 621 571 934 802
switch-indicator 0.7216 803 685 850 753
switch-indicator 0.1110 813 682 850 723
switch-indicator 0.0368 785 691 842 762
switch-indicator 0.0228 1042 662 1059 699
switch-indicator 0.0100 764 651 883 777
switch-indicator 0.0078 784 589 816 620
switch-indicator 0.0056 819 699 886 754
switch-indicator 0.0051 610 652 641 696
switch-indicator 0.0043 362 684 450 750
switch-indicator 0.0042 775 593 834 656
switch-indicator 0.0036 761 588 818 668
switch-indicator 0.0033 408 725 450 763
switch-indicator 0.0031 797 581 856 616
switch-indicator 0.0030 775 586 804 622
switch-indicator 0.0013 601 670 639 699
switch-indicator 0.0010 582 637 606 695
switch-left 0.0971 695 666 797 721
switch-left 0.0722 757 645 837 683
switch-left 0.0417 673 681 786 734
switch-left 0.0306 732 663 814 707
switch-left 0.0115 630 703 756 757
switch-left 0.0030 652 656 809 770
switch-left 0.0023 659 617 845 746
switch-left 0.0013 593 730 728 788
switch-left 0.0012 680 701 774 764
switch-right 0.1148 699 662 804 715
switch-right 0.0947 742 650 828 691
switch-right 0.0346 745 616 863 693
switch-right 0.0242 755 635 840 683
switch-right 0.0109 679 681 762 724
switch-right 0.0076 632 708 745 748
switch-right 0.0070 599 719 731 772
switch-unknown 0.1181 916 595 950 613
switch-unknown 0.0268 908 571 946 603
switch-unknown 0.0193 916 560 955 608
switch-unknown 0.0079 873 559 931 593
switch-unknown 0.0060 879 586 938 617
switch-unknown 0.0051 866 600 934 623
switch-unknown 0.0040 899 547 944 583
switch-unknown 0.0039 830 581 909 623
switch-unknown 0.0030 837 560 913 598
switch-unknown 0.0015 873 542 924 585
switch-static 0.1035 839 713 884 746
switch-static 0.0826 790 676 856 755
switch-static 0.0349 774 674 844 725
switch-static 0.0112 807 669 851 708
switch-static 0.0097 764 682 815 748
switch-static 0.0064 606 674 648 698
switch-static 0.0032 415 735 451 764
switch-static 0.0030 753 743 807 767
switch-static 0.0024 783 737 830 765
switch-static 0.0023 757 700 821 772
switch-static 0.0023 804 689 882 746
switch-static 0.0022 622 710 699 740
switch-static 0.0021 739 742 775 770
switch-static 0.0020 728 718 782 770
switch-static 0.0017 620 685 691 708
switch-static 0.0016 684 669 748 698
switch-static 0.0015 410 738 463 773
switch-static 0.0012 607 706 671 733
switch-static 0.0011 861 717 909 753
switch-static 0.0010 813 623 872 694
track-sign-front 0.0187 1040 661 1059 696
track-sign-front 0.0026 800 571 860 600
track-sign-front 0.0010 792 579 823 604
track-signal-front 0.1108 615 405 645 472
track-signal-front 0.0079 1245 556 1270 590
track-signal-front 0.0029 994 482 1009 544
track-signal-front 0.0028 997 494 1013 577
track-signal-front 0.0028 1251 557 1287 590
track-signal-front 0.0012 1357 537 1381 579
track-signal-back 0.1091 616 406 646 467
person 0.0386 1831 561 1859 625
person 0.0162 1857 538 1900 680
person 0.0023 1839 506 1901 719
person 0.0013 354 663 395 734
person 0.0011 1804 569 1883 648
pole 0.1716 1606 507 1626 700
pole 0.1684 1876 507 1899 755
pole 0.1612 979 384 1000 620
pole 0.0581 1596 336 1631 687
pole 0.0556 1608 447 1631 670
pole 0.0393 982 477 1005 616
pole 0.0341 1414 459 1434 623
pole 0.0287 1518 583 1551 676
pole 0.0222 771 331 783 622
pole 0.0212 1873 526 1912 794
pole 0.0203 1595 538 1622 693
pole 0.0190 1326 531 1346 630
pole 0.0182 1613 516 1630 686
pole 0.0141 996 494 1016 603
pole 0.0099 1334 544 1354 643
pole 0.0080 1315 548 1904 702
pole 0.0078 1563 339 1615 683
pole 0.0076 1582 461 1640 705
pole 0.0074 1048 549 1062 596
pole 0.0073 1493 498 1514 661
pole 0.0070 969 452 1002 598
pole 0.0068 1053 556 1064 635
pole 0.0067 1685 270 1724 650
pole 0.0063 1564 435 1587 672
pole 0.0063 1856 509 1899 777
pole 0.0054 946 520 1004 627
pole 0.0049 1421 491 1441 616
pole 0.0048 1533 573 1586 681
pole 0.0047 983 417 995 566
pole 0.0047 1879 559 1896 706
pole 0.0045 1611 492 1628 636
pole 0.0045 947 419 971 601
pole 0.0036 945 471 966 590
pole 0.0034 979 524 1035 616
pole 0.0033 1406 486 1469 668
pole 0.0032 1050 542 1066 587
pole 0.0031 1545 515 1599 695
pole 0.0031 1328 476 1360 641
pole 0.0030 1589 573 1611 690
pole 0.0030 1554 522 1690 687
pole 0.0028 1486 537 1543 660
pole 0.0027 967 389 1015 622
pole 0.0027 1100 541 1142 611
pole 0.0026 991 427 1009 598
pole 0.0024 1625 251 1707 687
pole 0.0024 1054 570 1068 671
pole 0.0023 1036 527 1065 589
pole 0.0023 935 520 965 596
pole 0.0022 968 491 1010 635
pole 0.0021 1410 471 1429 603
pole 0.0020 1438 503 1569 662
pole 0.0018 1044 553 1064 633
pole 0.0017 1422 526 1457 630
pole 0.0017 951 406 989 610
pole 0.0017 978 553 1000 624
pole 0.0017 761 336 781 586
pole 0.0017 1879 548 1895 638
pole 0.0016 1213 533 1265 610
pole 0.0015 1565 492 1583 617
pole 0.0015 1613 437 1652 618
pole 0.0014 1077 533 1117 603
pole 0.0014 1485 454 1505 619
pole 0.0013 774 334 791 625
pole 0.0013 1362 500 1488 637
pole 0.0013 1613 485 1639 619
pole 0.0012 773 412 782 551
pole 0.0012 1522 503 1566 672
pole 0.0012 1395 503 1435 638
pole 0.0012 1091 527 1129 603
pole 0.0011 1441 467 1692 685
pole 0.0011 1774 499 1795 619
pole 0.0011 1042 576 1065 667
pole 0.0011 1314 534 1399 643
pole 0.0011 1453 531 1492 635
pole 0.0010 1584 338 1619 641
pole 0.0010 1046 600 1073 698
pole 0.0010 1474 471 1525 649
rail-occluder 0.0419 1496 583 1553 678
rail-occluder 0.0164 356 675 448 736
rail-occluder 0.0121 1040 659 1059 697
rail-occluder 0.0092 1457 582 1572 668
rail-occluder 0.0090 1382 581 1693 675
rail-occluder 0.0075 1494 561 1526 655
rail-occluder 0.0069 352 676 404 739
rail-occluder 0.0068 1126 566 1151 610
rail-occluder 0.0059 1506 586 1588 672
rail-occluder 0.0035 1122 569 1141 606
rail-occluder 0.0028 1135 569 1158 611
rail-occluder 0.0021 1042 629 1061 699
rail-occluder 0.0016 1135 545 1177 612
rail-occluder 0.0015 1102 549 1142 606
rail-occluder 0.0015 1239 558 1270 621
rail-occluder 0.0015 1223 553 1254 628
rail-occluder 0.0014 364 651 474 757
rail-occluder 0.0013 358 656 431 719
rail-occluder 0.0010 1162 545 1219 599
rail-occluder 0.0010 1255 549 1421 633
rail-occluder 0.0010 345 695 378 739
rail-occluder 0.0010 1302 564 1534 652
