crossing 0.0148 924 619 990 641
crossing 0.0048 903 585 950 601
crossing 0.0037 766 566 838 645
crossing 0.0033 909 590 967 616
crossing 0.0028 873 580 927 598
train-car 0.1537 766 536 868 632
train-car 0.0128 810 535 864 624
train-car 0.0021 754 543 828 634
train-car 0.0011 831 530 862 612
platform 0.0022 947 589 1097 629
rail 0.9495 873 578 1177 1075
rail 0.0052 0 685 142 1005
rail 0.0045 0 698 118 837
rail 0.0037 -1 671 232 1064
rail 0.0021 1383 589 1911 728
rail 0.0013 0 625 214 886
track-sign-front 0.0017 937 127 981 174
track-sign-front 0.0016 965 154 991 188
track-sign-front 0.0012 1199 544 1219 577
track-sign-front 0.0010 952 141 992 193
track-signal-front 0.0169 1039 515 1063 540
track-signal-front 0.0012 1141 526 1167 564
track-signal-front 0.0010 1184 539 1215 570
track-signal-back 0.0092 1040 516 1061 538
track-signal-back 0.0028 1200 544 1217 573
track-signal-back 0.0017 1288 540 1323 581
track-signal-back 0.0014 1058 504 1096 546
track-signal-back 0.0014 1143 520 1169 556
car 0.1160 762 551 851 641
car 0.0059 803 550 871 627
rail-occluder 0.0831 765 543 862 634
rail-occluder 0.0010 747 507 881 664
