rail 0.9696 724 429 1854 1079
rail 0.9646 608 448 997 1077
rail 0.0049 379 360 493 607
rail 0.0015 738 430 967 466
track-sign-front 0.8184 173 536 224 598
track-sign-front 0.8015 385 452 482 604
track-sign-front 0.3151 181 658 223 722
track-sign-front 0.0601 130 196 224 285
track-sign-front 0.0285 1695 661 1757 696
track-sign-front 0.0247 708 443 730 500
track-sign-front 0.0107 181 597 223 663
track-sign-front 0.0054 1076 426 1094 448
track-sign-front 0.0050 175 529 262 600
track-sign-front 0.0046 693 385 726 461
track-sign-front 0.0043 385 523 478 608
track-sign-front 0.0012 853 420 893 457
track-signal-front 0.8281 130 -3 277 174
track-signal-front 0.7683 125 277 219 400
track-signal-front 0.2389 130 191 224 286
track-signal-front 0.0084 147 1 253 121
track-signal-front 0.0054 125 120 249 319
track-signal-front 0.0025 170 144 282 188
track-signal-front 0.0017 135 -3 232 82
track-signal-front 0.0016 133 339 220 407
track-signal-front 0.0015 129 8 209 125
pole 0.0341 693 333 714 470
pole 0.0110 740 348 754 458
pole 0.0106 689 310 706 471
pole 0.0069 696 332 727 503
pole 0.0062 698 335 749 468
pole 0.0013 699 386 733 478
rail-occluder 0.0700 709 444 731 499
rail-occluder 0.0049 711 443 734 535
