guard-rail 0.0723 950 723 964 765
guard-rail 0.0386 953 730 968 783
guard-rail 0.0289 792 723 860 760
guard-rail 0.0223 892 684 960 728
guard-rail 0.0208 813 721 884 758
guard-rail 0.0132 947 714 971 751
guard-rail 0.0124 815 744 880 774
guard-rail 0.0124 788 737 866 773
guard-rail 0.0121 840 705 892 736
guard-rail 0.0117 885 699 933 738
guard-rail 0.0081 765 789 855 1050
guard-rail 0.0077 767 737 844 781
guard-rail 0.0074 849 745 886 782
guard-rail 0.0051 875 666 951 716
guard-rail 0.0047 753 758 815 794
guard-rail 0.0047 874 719 915 753
guard-rail 0.0045 885 710 952 751
guard-rail 0.0039 855 757 883 815
guard-rail 0.0037 852 679 900 711
guard-rail 0.0036 772 713 839 750
guard-rail 0.0031 829 764 877 810
guard-rail 0.0031 870 743 905 780
guard-rail 0.0029 856 659 903 685
guard-rail 0.0026 956 746 974 808
guard-rail 0.0025 906 697 960 738
guard-rail 0.0025 806 801 848 835
guard-rail 0.0023 838 690 884 720
guard-rail 0.0021 820 786 864 838
guard-rail 0.0021 961 719 1007 748
guard-rail 0.0018 727 767 796 808
guard-rail 0.0018 795 838 852 954
guard-rail 0.0017 948 753 967 805
guard-rail 0.0016 782 805 830 841
guard-rail 0.0016 789 815 822 850
guard-rail 0.0016 942 722 969 762
guard-rail 0.0015 794 762 863 801
guard-rail 0.0015 779 873 841 959
guard-rail 0.0015 802 857 843 935
guard-rail 0.0013 941 731 973 781
guard-rail 0.0013 728 859 769 910
guard-rail 0.0013 754 722 819 762
guard-rail 0.0011 742 704 815 739
guard-rail 0.0011 862 712 925 766
guard-rail 0.0010 854 736 919 793
guard-rail 0.0010 675 844 780 935
guard-rail 0.0010 719 707 791 734
rail 0.9517 729 626 1027 1074
rail 0.8834 82 633 914 1077
rail 0.5687 1542 637 1920 746
rail 0.1145 1632 642 1920 709
rail 0.0794 465 739 934 1072
rail 0.0701 1584 619 1908 685
rail 0.0565 1696 665 1917 732
rail 0.0410 1595 650 1925 823
rail 0.0114 1749 669 1922 805
rail 0.0104 1512 633 1837 705
rail 0.0095 1785 644 1926 712
rail 0.0095 125 807 681 1074
rail 0.0091 739 790 864 1080
rail 0.0068 1812 682 1922 728
rail 0.0058 1691 633 1933 690
rail 0.0058 306 647 886 919
rail 0.0048 1824 663 1921 758
rail 0.0038 1683 675 1919 886
rail 0.0035 1852 671 1919 816
rail 0.0027 1507 600 1927 879
rail 0.0021 1865 684 1919 900
rail 0.0018 1888 719 1920 1076
rail 0.0016 1744 625 1923 738
rail 0.0015 1543 641 1688 682
rail 0.0015 1523 625 1759 671
rail 0.0015 1773 693 1918 980
rail 0.0013 541 705 937 938
rail 0.0013 209 889 601 1073
rail 0.0012 889 651 953 707
rail 0.0012 425 761 686 1014
rail 0.0011 1870 673 1918 760
rail 0.0010 1359 625 1882 764
rail 0.0010 1884 662 1920 812
rail 0.0010 1842 626 1919 680
rail 0.0010 1663 660 1823 710
rail 0.0010 1788 630 1928 682
switch-indicator 0.0121 1573 649 1586 662
switch-indicator 0.0012 1570 645 1588 670
switch-indicator 0.0010 1819 721 1853 762
switch-left 0.0258 895 662 957 708
switch-left 0.0158 894 688 958 726
switch-left 0.0027 414 826 615 904
switch-left 0.0012 460 807 623 884
switch-right 0.2771 903 661 953 685
switch-right 0.0767 908 654 951 677
switch-right 0.0329 900 665 957 706
switch-right 0.0143 895 686 959 727
switch-right 0.0022 431 804 650 887
switch-right 0.0021 876 675 951 711
switch-right 0.0021 837 725 896 755
switch-right 0.0019 903 700 962 736
switch-right 0.0019 880 701 938 736
switch-right 0.0017 802 722 880 765
switch-right 0.0013 773 733 848 777
switch-right 0.0011 432 844 593 920
switch-right 0.0011 843 746 892 785
switch-unknown 0.0020 867 638 946 672
switch-unknown 0.0011 851 639 899 673
switch-static 0.0074 992 675 1023 695
switch-static 0.0041 699 692 726 712
switch-static 0.0032 1026 835 1122 873
switch-static 0.0032 694 690 734 718
switch-static 0.0019 981 717 1057 742
switch-static 0.0015 691 707 762 734
switch-static 0.0010 956 715 1025 743
track-sign-front 0.0137 683 608 699 634
track-sign-front 0.0048 678 619 694 645
track-sign-front 0.0042 998 675 1025 693
track-sign-front 0.0013 1626 611 1655 650
track-sign-front 0.0013 1832 592 1858 669
track-sign-front 0.0010 699 669 719 709
track-sign-front 0.0010 1111 672 1125 692
track-signal-back 0.0162 942 592 955 611
track-signal-back 0.0037 875 574 891 616
track-signal-back 0.0028 920 588 955 617
track-signal-back 0.0016 872 571 886 604
pole 0.3356 1820 390 1846 703
pole 0.0464 1541 519 1553 650
pole 0.0295 1559 513 1584 650
pole 0.0257 1580 528 1591 656
pole 0.0233 1544 520 1581 663
pole 0.0229 1659 495 1676 658
pole 0.0217 701 428 716 717
pole 0.0135 1809 383 1859 714
pole 0.0073 1535 519 1548 643
pole 0.0063 1831 506 1847 740
pole 0.0052 1824 380 1901 746
pole 0.0049 1898 454 1919 696
pole 0.0042 1773 452 1788 693
pole 0.0042 1664 510 1682 649
pole 0.0041 1745 563 1877 721
pole 0.0030 1811 448 1842 745
pole 0.0029 1828 598 1851 693
pole 0.0023 1537 555 1556 666
pole 0.0021 1646 542 1686 714
pole 0.0021 1529 527 1551 660
pole 0.0020 1800 489 1889 718
pole 0.0019 1774 511 1785 646
pole 0.0018 1868 507 1917 730
pole 0.0014 1649 514 1669 641
pole 0.0014 1830 565 1861 698
pole 0.0012 1772 504 1782 616
pole 0.0011 1891 578 1918 692
pole 0.0011 1821 445 1839 587
pole 0.0011 1773 474 1800 723
pole 0.0010 693 448 721 738
pole 0.0010 1524 528 1598 664
rail-occluder 0.0715 1865 697 1883 720
rail-occluder 0.0316 1735 636 1747 655
rail-occluder 0.0190 1695 665 1715 686
rail-occluder 0.0156 1851 692 1888 721
rail-occluder 0.0151 1790 688 1820 713
rail-occluder 0.0097 1734 636 1754 658
rail-occluder 0.0094 1780 681 1814 713
rail-occluder 0.0084 1571 647 1605 665
rail-occluder 0.0051 1754 671 1909 726
rail-occluder 0.0049 1699 668 1721 689
rail-occluder 0.0046 1752 683 1861 718
rail-occluder 0.0041 1596 650 1629 670
rail-occluder 0.0036 1799 676 1873 741
rail-occluder 0.0023 1716 645 1765 691
rail-occluder 0.0022 1614 623 1662 664
rail-occluder 0.0019 1814 632 1910 718
rail-occluder 0.0018 1684 663 1726 689
rail-occluder 0.0018 1710 631 1750 668
rail-occluder 0.0017 1873 675 1922 755
rail-occluder 0.0014 1798 634 1868 717
rail-occluder 0.0014 1774 652 1842 710
rail-occluder 0.0012 1728 653 1887 713
rail-occluder 0.0011 1583 641 1644 670
rail-occluder 0.0011 1887 617 1920 678
rail-occluder 0.0010 1823 609 1895 686
rail-occluder 0.0010 1719 636 1770 667
rail-occluder 0.0010 1739 685 1841 735
rail-occluder 0.0010 1883 628 1922 710
rail-occluder 0.0010 1562 645 1621 668
