crossing 0.0240 967 491 1002 511
guard-rail 0.0137 1026 521 1070 553
guard-rail 0.0110 1039 524 1077 561
guard-rail 0.0048 955 512 1008 553
guard-rail 0.0021 1056 544 1094 572
guard-rail 0.0014 987 520 1041 559
rail 0.9603 830 448 1138 1079
rail 0.9405 968 492 1911 1077
switch-indicator 0.0491 1038 511 1066 533
switch-indicator 0.0014 1281 569 1302 601
switch-left 0.0150 960 514 1015 548
switch-right 0.2724 961 502 1010 529
switch-right 0.2401 963 498 1006 518
switch-right 0.0200 954 507 1012 544
switch-static 0.1074 1038 512 1069 533
switch-static 0.0680 1028 508 1065 529
switch-static 0.0054 934 489 983 511
switch-static 0.0050 958 487 1043 523
switch-static 0.0037 956 499 1048 549
switch-static 0.0016 960 516 1046 542
track-sign-front 0.0120 835 460 860 491
track-sign-front 0.0099 909 434 933 464
track-sign-front 0.0081 912 435 933 450
track-sign-front 0.0074 1282 571 1301 592
track-sign-front 0.0043 1006 436 1046 459
track-sign-front 0.0041 1021 435 1054 462
track-sign-front 0.0039 840 465 877 498
track-sign-front 0.0037 907 454 933 485
track-sign-front 0.0037 1025 437 1046 455
track-sign-front 0.0026 835 468 865 504
track-sign-front 0.0020 1057 461 1093 488
track-sign-front 0.0017 895 463 925 489
track-sign-front 0.0015 928 476 970 513
track-sign-front 0.0012 1111 464 1134 490
track-signal-front 0.0015 973 432 1007 448
track-signal-front 0.0013 1004 433 1044 451
