crossing 0.0025 769 670 891 717
crossing 0.0019 292 677 824 875
crossing 0.0018 446 818 642 869
crossing 0.0011 708 688 887 752
train-car 0.9179 916 484 1155 789
platform 0.3258 23 646 907 857
platform 0.0409 1156 658 1641 743
platform 0.0101 1167 644 1493 726
platform 0.0026 262 684 772 868
platform 0.0014 353 687 678 806
platform 0.0013 779 617 916 670
platform 0.0013 1118 591 1587 768
platform 0.0011 1133 645 1867 869
platform 0.0010 1189 618 1425 707
rail 0.8754 391 649 927 879
rail 0.8519 792 740 1159 1081
rail 0.0408 915 748 1083 1078
rail 0.0075 -1 724 127 1081
rail 0.0067 0 741 61 1079
rail 0.0044 1886 796 1919 1073
rail 0.0042 1847 799 1919 1077
rail 0.0039 0 796 218 1076
rail 0.0031 0 742 65 862
rail 0.0030 2 751 122 846
rail 0.0029 3 699 141 895
rail 0.0025 0 792 29 1075
rail 0.0022 810 623 924 671
rail 0.0019 53 650 955 976
rail 0.0017 4 672 219 858
rail 0.0013 1773 825 1919 1075
rail 0.0012 837 756 1116 973
rail 0.0011 -3 871 437 1073
rail 0.0011 612 708 1077 1083
rail 0.0011 813 491 1162 1045
rail 0.0010 575 655 933 799
track-sign-front 0.2731 79 663 133 757
track-sign-front 0.0064 753 530 776 563
track-sign-front 0.0051 659 524 675 551
track-sign-front 0.0042 891 548 909 584
track-sign-front 0.0035 93 750 117 802
track-sign-front 0.0020 896 557 912 589
track-sign-front 0.0019 1287 488 1335 545
track-sign-front 0.0015 789 575 811 604
track-sign-front 0.0015 34 695 136 814
track-sign-front 0.0012 790 572 815 629
track-sign-front 0.0011 325 817 361 842
track-sign-front 0.0011 719 539 745 588
track-signal-front 0.0175 925 481 940 507
track-signal-front 0.0037 894 555 908 587
track-signal-front 0.0018 660 516 685 564
track-signal-back 0.0108 74 331 108 370
track-signal-back 0.0046 77 305 114 368
track-signal-back 0.0024 82 288 115 351
track-signal-back 0.0021 79 325 118 395
track-signal-back 0.0011 106 330 144 414
track-signal-back 0.0010 85 334 126 418
person 0.6846 626 587 675 719
person 0.6638 534 588 582 729
person 0.6404 40 574 69 655
person 0.3227 1492 627 1537 734
person 0.2616 553 583 603 725
person 0.2046 344 568 368 639
person 0.1693 309 567 335 639
person 0.1384 0 579 24 665
person 0.1268 317 566 353 638
person 0.0879 573 583 611 718
person 0.0735 143 575 178 652
person 0.0502 354 564 388 643
person 0.0354 10 576 48 667
person 0.0340 581 596 716 781
person 0.0289 377 565 406 641
person 0.0271 157 570 198 636
person 0.0230 800 605 823 670
person 0.0198 190 572 221 627
person 0.0160 292 567 327 647
person 0.0148 275 568 302 632
person 0.0118 347 549 377 643
person 0.0118 28 571 80 664
person 0.0106 133 566 158 652
person 0.0095 287 566 309 628
person 0.0094 665 580 689 675
person 0.0077 531 609 653 763
person 0.0074 1504 641 1551 739
person 0.0062 822 610 1148 1059
person 0.0060 390 565 420 649
person 0.0045 132 566 199 652
person 0.0042 772 602 798 678
person 0.0041 335 580 373 658
person 0.0039 787 609 833 680
person 0.0036 235 570 264 632
person 0.0035 307 578 340 665
person 0.0034 1440 627 1562 753
person 0.0030 511 577 559 719
person 0.0030 1169 627 1437 711
person 0.0028 300 563 365 643
person 0.0027 406 571 434 656
person 0.0027 542 574 580 650
person 0.0026 327 563 385 644
person 0.0022 263 570 296 647
person 0.0022 1508 619 1550 693
person 0.0021 205 563 241 623
person 0.0021 242 562 294 625
person 0.0020 789 639 829 697
person 0.0020 80 639 139 762
person 0.0020 638 578 671 661
person 0.0019 146 566 172 629
person 0.0019 162 570 187 624
person 0.0018 420 575 449 665
person 0.0017 796 612 900 672
person 0.0016 1255 632 1352 705
person 0.0016 756 608 816 674
person 0.0015 1 563 17 628
person 0.0014 671 565 694 654
person 0.0013 78 563 107 652
person 0.0013 796 648 844 690
person 0.0011 720 595 754 660
person 0.0011 738 595 775 663
person 0.0010 1241 605 1275 683
person 0.0010 133 588 180 676
pole 0.0178 1433 46 1487 865
pole 0.0019 416 49 457 688
pole 0.0011 719 692 741 920
pole 0.0011 391 29 463 792
pole 0.0010 587 686 866 884
pole 0.0010 1409 75 1526 850
