buffer-stop 0.3504 1652 595 1758 659
crossing 0.0584 320 642 409 662
crossing 0.0202 313 646 387 665
crossing 0.0161 341 637 433 661
crossing 0.0047 374 632 456 661
crossing 0.0027 348 647 433 665
guard-rail 0.1029 1000 703 1012 735
guard-rail 0.0756 1168 706 1186 741
guard-rail 0.0754 834 663 906 704
guard-rail 0.0360 844 678 867 742
guard-rail 0.0179 841 675 921 731
guard-rail 0.0143 1333 615 1384 648
guard-rail 0.0124 1337 693 1407 725
guard-rail 0.0112 1004 699 1018 757
guard-rail 0.0089 773 596 848 673
guard-rail 0.0082 1152 653 1241 687
guard-rail 0.0080 837 679 854 741
guard-rail 0.0078 822 661 856 717
guard-rail 0.0075 1004 689 1016 735
guard-rail 0.0056 767 667 825 707
guard-rail 0.0049 1163 702 1195 743
guard-rail 0.0044 1303 620 1373 644
guard-rail 0.0040 1301 700 1372 732
guard-rail 0.0038 1618 751 1721 799
guard-rail 0.0034 1355 682 1437 704
guard-rail 0.0031 997 691 1013 737
guard-rail 0.0030 1341 648 1422 685
guard-rail 0.0029 1246 677 1490 758
guard-rail 0.0029 1337 714 1415 748
guard-rail 0.0025 1200 658 1246 683
guard-rail 0.0023 1309 693 1374 715
guard-rail 0.0022 1532 723 1612 756
guard-rail 0.0020 791 638 873 710
guard-rail 0.0020 757 604 806 663
guard-rail 0.0020 1837 829 1921 895
guard-rail 0.0017 1329 660 1394 699
guard-rail 0.0017 1336 696 1447 742
guard-rail 0.0017 2 738 99 784
guard-rail 0.0017 1168 643 1236 679
guard-rail 0.0016 1312 688 1422 753
guard-rail 0.0016 1386 671 1467 703
guard-rail 0.0016 1506 718 1642 761
guard-rail 0.0015 1256 629 1309 648
guard-rail 0.0015 1158 694 1241 740
guard-rail 0.0014 1411 664 1492 704
guard-rail 0.0014 1305 713 1372 749
guard-rail 0.0014 1342 657 1518 716
guard-rail 0.0013 1460 666 1534 697
guard-rail 0.0012 0 720 155 776
guard-rail 0.0012 1145 654 1190 707
guard-rail 0.0012 0 741 39 793
guard-rail 0.0011 0 743 32 838
guard-rail 0.0011 991 701 1019 739
guard-rail 0.0011 847 699 864 749
guard-rail 0.0011 0 741 73 834
guard-rail 0.0011 1874 848 1921 922
guard-rail 0.0010 1235 631 1294 654
guard-rail 0.0010 1158 665 1252 711
guard-rail 0.0010 1110 700 1155 743
train-car 0.5676 1184 532 1222 583
train-car 0.3424 854 539 933 575
train-car 0.1181 1226 530 1298 588
train-car 0.1065 1389 543 1431 574
train-car 0.0783 860 542 970 586
train-car 0.0464 872 504 915 539
train-car 0.0417 892 541 939 581
train-car 0.0385 1238 546 1376 617
train-car 0.0300 914 517 943 552
train-car 0.0271 1342 538 1433 575
train-car 0.0242 1376 551 1430 614
train-car 0.0224 896 539 963 571
train-car 0.0219 931 511 948 535
train-car 0.0155 1238 535 1362 586
train-car 0.0132 1346 564 1419 625
train-car 0.0127 822 540 909 567
train-car 0.0127 1293 567 1360 610
train-car 0.0125 934 554 1007 579
train-car 0.0124 1288 534 1427 579
train-car 0.0115 1393 552 1441 596
train-car 0.0094 1183 533 1273 585
train-car 0.0093 1368 527 1459 572
train-car 0.0090 1222 519 1427 578
train-car 0.0084 1406 541 1489 575
train-car 0.0063 1286 569 1329 605
train-car 0.0062 1118 548 1147 575
train-car 0.0052 1410 555 1479 592
train-car 0.0046 951 535 1029 588
train-car 0.0042 1285 543 1367 579
train-car 0.0037 1182 533 1236 613
train-car 0.0037 1215 525 1402 646
train-car 0.0033 913 507 967 541
train-car 0.0032 1181 526 1218 564
train-car 0.0030 1097 546 1142 575
train-car 0.0027 1399 512 1449 573
train-car 0.0025 1214 505 1319 603
train-car 0.0025 1394 519 1498 581
train-car 0.0023 1433 535 1506 575
train-car 0.0023 1498 553 1565 601
train-car 0.0022 1161 494 1259 613
train-car 0.0021 1130 546 1195 579
train-car 0.0019 1342 503 1575 577
train-car 0.0018 1209 499 1250 590
train-car 0.0017 1018 548 1074 584
train-car 0.0016 1421 548 1508 594
train-car 0.0016 1064 544 1115 578
train-car 0.0015 1245 472 1482 597
train-car 0.0013 1293 505 1417 572
train-car 0.0012 806 463 975 641
train-car 0.0011 1042 543 1085 579
train-car 0.0010 1464 552 1547 589
train-car 0.0010 1467 542 1573 610
train-car 0.0010 503 553 582 587
rail 0.8381 832 565 1144 1070
rail 0.8238 988 568 1577 1077
rail 0.7765 -2 572 589 794
rail 0.7667 -1 574 640 998
rail 0.7606 1123 561 1924 1072
rail 0.6656 853 569 1008 641
rail 0.6123 1362 582 1427 642
rail 0.4441 1162 574 1877 839
rail 0.4272 768 569 901 693
rail 0.4066 1102 576 1164 630
rail 0.3867 1691 641 1920 758
rail 0.3161 980 571 1150 628
rail 0.2924 948 572 1085 624
rail 0.2861 388 568 707 651
rail 0.2269 732 569 923 1074
rail 0.2182 912 574 1005 633
rail 0.2163 346 569 568 651
rail 0.2139 434 571 583 634
rail 0.1974 1294 584 1395 640
rail 0.1663 471 562 716 628
rail 0.1607 722 558 796 600
rail 0.1383 742 580 806 619
rail 0.1345 1325 593 1420 646
rail 0.1271 835 646 916 704
rail 0.1099 1049 577 1138 626
rail 0.1074 835 540 950 595
rail 0.0987 543 565 802 642
rail 0.0959 931 568 1007 613
rail 0.0812 467 568 555 605
rail 0.0799 957 567 1078 602
rail 0.0749 1386 577 1437 639
rail 0.0716 0 608 420 759
rail 0.0707 1094 601 1150 635
rail 0.0703 953 577 1010 632
rail 0.0654 820 602 907 696
rail 0.0646 759 586 819 625
rail 0.0568 384 517 513 656
rail 0.0531 486 559 634 602
rail 0.0491 1275 562 1534 714
rail 0.0488 1034 578 1108 619
rail 0.0475 1379 583 1465 652
rail 0.0473 1391 610 1913 957
rail 0.0466 1778 653 1914 742
rail 0.0460 531 579 721 670
rail 0.0452 500 551 733 601
rail 0.0440 1014 565 1118 614
rail 0.0439 236 577 581 677
rail 0.0437 757 590 845 637
rail 0.0433 466 574 517 608
rail 0.0401 1255 592 1412 653
rail 0.0399 1603 599 1916 745
rail 0.0379 1088 554 1153 625
rail 0.0363 432 551 499 647
rail 0.0351 917 565 1131 644
rail 0.0342 460 578 532 619
rail 0.0304 838 558 903 639
rail 0.0262 427 492 469 657
rail 0.0241 1342 567 1449 670
rail 0.0237 0 654 365 806
rail 0.0237 1746 663 1922 802
rail 0.0232 602 565 807 611
rail 0.0221 1278 571 1346 613
rail 0.0218 302 599 481 652
rail 0.0209 970 557 1693 794
rail 0.0207 1749 801 1919 888
rail 0.0203 1042 596 1119 634
rail 0.0195 564 550 672 601
rail 0.0191 779 534 826 608
rail 0.0183 1252 568 1478 667
rail 0.0181 1312 571 1401 617
rail 0.0171 1347 564 1419 625
rail 0.0166 942 596 1012 641
rail 0.0162 500 564 578 598
rail 0.0158 949 588 1067 640
rail 0.0150 1046 571 1206 657
rail 0.0150 1838 657 1917 738
rail 0.0146 857 565 951 623
rail 0.0137 1001 573 1087 608
rail 0.0136 1514 707 1868 876
rail 0.0122 932 556 1310 1072
rail 0.0114 815 525 970 654
rail 0.0113 562 565 669 648
rail 0.0113 781 560 860 641
rail 0.0113 1825 671 1919 793
rail 0.0108 766 628 899 708
rail 0.0107 1244 552 1339 607
rail 0.0104 736 595 800 622
rail 0.0099 492 574 576 615
rail 0.0098 310 622 432 654
rail 0.0094 1753 599 1921 724
rail 0.0081 599 586 656 663
rail 0.0080 1408 606 1588 777
rail 0.0078 869 589 978 672
rail 0.0074 1815 814 1921 895
rail 0.0073 834 550 893 600
rail 0.0071 1551 595 1818 668
rail 0.0069 867 516 1169 867
rail 0.0068 815 574 949 713
rail 0.0067 -2 625 327 720
rail 0.0066 1697 759 1911 878
rail 0.0066 1457 555 1912 765
rail 0.0065 1678 730 1934 957
rail 0.0064 666 562 745 611
rail 0.0064 511 546 673 586
rail 0.0060 1069 586 1281 702
rail 0.0058 518 574 601 611
rail 0.0056 786 535 1052 745
rail 0.0056 185 551 733 746
rail 0.0054 1650 576 1896 677
rail 0.0054 1319 613 1400 649
rail 0.0053 1875 659 1920 734
rail 0.0053 1396 610 1739 794
rail 0.0052 1853 642 1922 708
rail 0.0051 347 621 484 662
rail 0.0050 0 695 249 795
rail 0.0047 1354 621 1642 741
rail 0.0046 699 552 824 655
rail 0.0045 1120 553 1183 597
rail 0.0042 1136 636 1220 705
rail 0.0042 1156 604 1404 1040
rail 0.0041 602 546 660 594
rail 0.0041 1581 569 1924 875
rail 0.0040 1830 763 1919 873
rail 0.0037 820 793 1178 1103
rail 0.0037 1067 577 1499 733
rail 0.0037 1783 626 1921 698
rail 0.0034 732 545 813 587
rail 0.0033 1843 837 1920 922
rail 0.0032 437 581 745 693
rail 0.0032 1193 594 1427 676
rail 0.0031 1165 596 1197 633
rail 0.0031 1 716 160 825
rail 0.0029 1788 802 1917 856
rail 0.0029 380 591 461 653
rail 0.0028 1396 571 1482 625
rail 0.0028 1572 654 1943 1058
rail 0.0027 1117 643 1542 785
rail 0.0027 800 536 835 607
rail 0.0026 661 545 801 589
rail 0.0026 1138 624 1578 877
rail 0.0026 1449 691 1744 772
rail 0.0026 542 571 626 623
rail 0.0026 1772 831 1920 977
rail 0.0025 1071 548 1305 793
rail 0.0024 1809 643 1909 717
rail 0.0024 558 520 816 670
rail 0.0024 986 589 1173 672
rail 0.0024 833 965 1294 1088
rail 0.0024 495 585 637 638
rail 0.0023 699 567 776 616
rail 0.0022 726 477 1109 919
rail 0.0022 520 552 601 586
rail 0.0021 0 729 83 801
rail 0.0021 526 562 831 710
rail 0.0020 1874 628 1921 690
rail 0.0018 973 551 1059 584
rail 0.0017 1748 496 1922 790
rail 0.0017 1462 603 1566 672
rail 0.0017 51 466 803 844
rail 0.0016 1321 645 1446 689
rail 0.0016 700 594 839 701
rail 0.0015 766 663 834 707
rail 0.0014 908 614 998 647
rail 0.0014 1 701 149 779
rail 0.0014 620 539 760 589
rail 0.0014 1193 531 1392 659
rail 0.0014 1875 831 1920 897
rail 0.0014 1426 615 1527 664
rail 0.0014 1789 736 1919 857
rail 0.0014 1110 644 1305 739
rail 0.0014 1881 689 1921 788
rail 0.0013 1504 678 1718 845
rail 0.0013 605 567 698 636
rail 0.0013 1702 644 1876 715
rail 0.0013 584 557 970 1068
rail 0.0012 906 539 1219 715
rail 0.0012 546 540 629 587
rail 0.0012 1219 685 1594 1076
rail 0.0012 1360 471 1996 814
rail 0.0012 1883 800 1922 879
rail 0.0011 222 603 307 707
rail 0.0011 271 612 322 717
rail 0.0011 1840 791 1921 852
rail 0.0011 1214 612 1455 719
rail 0.0011 1710 823 1915 1028
rail 0.0011 368 612 547 665
rail 0.0011 66 657 387 735
rail 0.0011 0 736 128 896
rail 0.0011 314 432 541 680
rail 0.0010 430 507 785 718
rail 0.0010 1001 525 1170 623
rail 0.0010 902 519 1111 621
rail 0.0010 271 563 466 640
rail 0.0010 693 605 847 1068
rail 0.0010 1890 783 1920 848
switch-indicator 0.1813 282 593 302 662
switch-indicator 0.0617 1481 638 1524 663
switch-indicator 0.0464 1288 574 1326 607
switch-indicator 0.0243 1286 577 1311 600
switch-indicator 0.0241 764 677 809 709
switch-indicator 0.0162 1163 604 1190 625
switch-indicator 0.0067 1167 599 1197 631
switch-indicator 0.0045 1281 593 1349 636
switch-indicator 0.0039 286 611 336 664
switch-indicator 0.0032 1491 604 1548 643
switch-indicator 0.0011 1500 562 1563 634
switch-left 0.2999 849 945 1145 1075
switch-left 0.2603 835 656 915 705
switch-left 0.0661 852 1007 1139 1077
switch-left 0.0566 955 621 1010 645
switch-left 0.0421 1591 748 1803 815
switch-left 0.0392 1597 741 1746 797
switch-left 0.0274 1702 785 1909 859
switch-left 0.0247 1642 766 1873 845
switch-left 0.0222 1354 617 1419 648
switch-left 0.0178 1746 803 1919 888
switch-left 0.0175 1112 607 1191 655
switch-left 0.0113 840 676 924 730
switch-left 0.0097 1595 718 1900 823
switch-left 0.0084 1528 723 1753 786
switch-left 0.0071 1137 641 1220 701
switch-left 0.0036 1510 717 1693 767
switch-left 0.0034 1694 784 1838 840
switch-left 0.0032 1643 762 1790 809
switch-left 0.0029 830 982 1297 1082
switch-left 0.0024 1 729 114 777
switch-left 0.0024 1726 825 1855 883
switch-left 0.0018 1343 636 1567 733
switch-left 0.0018 813 624 940 751
switch-left 0.0014 827 875 1108 1056
switch-left 0.0011 901 975 1088 1071
switch-left 0.0010 1806 812 1912 871
switch-right 0.4451 829 659 912 704
switch-right 0.2194 960 611 1009 643
switch-right 0.1573 1101 603 1163 633
switch-right 0.1478 1131 644 1207 674
switch-right 0.0938 1586 742 1777 805
switch-right 0.0873 828 631 903 696
switch-right 0.0620 1109 626 1186 655
switch-right 0.0608 1481 712 1818 818
switch-right 0.0584 1362 623 1442 654
switch-right 0.0497 842 904 1138 1067
switch-right 0.0472 1376 638 1460 664
switch-right 0.0332 1400 647 1477 668
switch-right 0.0226 1409 650 1491 675
switch-right 0.0223 1701 782 1912 861
switch-right 0.0216 1646 769 1879 846
switch-right 0.0208 1056 595 1138 632
switch-right 0.0183 1352 616 1423 648
switch-right 0.0141 1125 639 1216 692
switch-right 0.0114 841 676 923 730
switch-right 0.0085 1082 618 1152 648
switch-right 0.0078 1108 606 1189 639
switch-right 0.0064 1616 744 1726 795
switch-right 0.0057 1612 724 1905 819
switch-right 0.0041 1111 635 1189 677
switch-right 0.0030 1540 730 1708 791
switch-right 0.0027 1144 654 1248 688
switch-right 0.0020 1625 751 1845 811
switch-right 0.0018 1710 779 1866 832
switch-right 0.0012 810 623 945 765
switch-unknown 0.0737 756 596 810 620
switch-unknown 0.0185 465 589 554 632
switch-unknown 0.0072 312 644 386 670
switch-unknown 0.0035 321 626 418 652
switch-unknown 0.0026 340 610 439 649
switch-unknown 0.0010 525 589 600 635
switch-static 0.2671 761 682 809 710
switch-static 0.2353 1475 642 1524 667
switch-static 0.0664 1067 707 1124 732
switch-static 0.0618 1446 651 1521 671
switch-static 0.0375 1337 691 1395 710
switch-static 0.0333 1060 628 1105 646
switch-static 0.0283 1479 630 1524 659
switch-static 0.0221 302 636 354 663
switch-static 0.0214 311 641 388 664
switch-static 0.0171 1480 653 1526 670
switch-static 0.0148 1054 601 1110 637
switch-static 0.0124 1111 607 1188 639
switch-static 0.0080 897 616 949 643
switch-static 0.0077 1026 624 1063 642
switch-static 0.0076 1741 836 1846 881
switch-static 0.0063 1059 691 1137 738
switch-static 0.0060 1475 647 1533 679
switch-static 0.0048 1064 642 1124 688
switch-static 0.0044 1730 832 1898 896
switch-static 0.0039 1686 795 1861 871
switch-static 0.0037 650 801 692 825
switch-static 0.0027 959 596 1054 645
switch-static 0.0026 288 641 369 671
switch-static 0.0025 1894 781 1919 821
switch-static 0.0025 1005 603 1076 642
switch-static 0.0024 915 616 995 645
switch-static 0.0021 1492 607 1551 640
switch-static 0.0018 1892 789 1920 841
switch-static 0.0016 1392 597 1482 657
switch-static 0.0015 3 958 65 1019
switch-static 0.0013 1267 609 1317 641
switch-static 0.0012 1018 621 1072 646
switch-static 0.0012 978 622 1040 643
switch-static 0.0010 1857 773 1922 824
switch-static 0.0010 1438 613 1518 663
track-sign-front 0.0482 607 595 657 665
track-sign-front 0.0104 551 600 706 674
track-sign-front 0.0030 3 452 24 491
track-sign-front 0.0029 1046 542 1076 573
track-sign-front 0.0028 1098 545 1142 574
track-sign-front 0.0027 1552 489 1573 523
track-sign-front 0.0025 284 517 300 645
track-sign-front 0.0024 1549 503 1575 549
track-sign-front 0.0024 618 672 643 712
track-sign-front 0.0023 1504 550 1542 578
track-sign-front 0.0023 616 652 651 698
track-sign-front 0.0019 1501 551 1555 596
track-sign-front 0.0016 1542 557 1585 613
track-sign-front 0.0014 1029 536 1070 584
track-sign-front 0.0012 1516 539 1576 586
track-sign-front 0.0012 311 548 337 629
track-sign-front 0.0012 524 372 536 399
track-sign-front 0.0011 1539 493 1575 562
track-sign-front 0.0011 623 568 677 631
track-signal-front 0.1061 285 484 304 506
track-signal-front 0.0110 282 477 305 519
track-signal-front 0.0082 288 481 313 516
track-signal-back 0.6629 437 463 467 522
track-signal-back 0.4004 810 505 823 533
track-signal-back 0.2391 881 508 891 528
track-signal-back 0.2388 757 517 767 539
track-signal-back 0.2002 877 507 894 533
track-signal-back 0.1968 935 514 947 533
track-signal-back 0.1164 874 501 908 537
track-signal-back 0.0706 920 516 944 548
track-signal-back 0.0386 434 456 465 498
track-signal-back 0.0182 1284 495 1292 530
track-signal-back 0.0181 755 503 768 546
track-signal-back 0.0087 1220 479 1243 532
track-signal-back 0.0077 1223 481 1239 513
track-signal-back 0.0066 436 436 465 599
track-signal-back 0.0048 281 483 309 508
track-signal-back 0.0046 1282 479 1294 508
track-signal-back 0.0045 436 491 466 541
track-signal-back 0.0033 288 445 314 558
track-signal-back 0.0032 1208 465 1237 556
track-signal-back 0.0029 1267 503 1294 581
track-signal-back 0.0029 1227 484 1252 529
track-signal-back 0.0021 993 460 1011 572
track-signal-back 0.0021 1222 508 1293 583
track-signal-back 0.0021 804 505 831 536
track-signal-back 0.0020 1049 525 1071 564
track-signal-back 0.0019 930 482 981 572
track-signal-back 0.0018 395 455 434 539
track-signal-back 0.0018 460 451 497 560
track-signal-back 0.0017 805 508 875 560
track-signal-back 0.0017 1416 496 1433 532
track-signal-back 0.0015 410 461 490 535
track-signal-back 0.0014 950 454 970 573
track-signal-back 0.0013 1051 480 1070 531
track-signal-back 0.0013 1100 447 1123 513
track-signal-back 0.0010 1029 501 1064 576
track-signal-back 0.0010 1195 408 1223 570
pole 0.7752 566 -13 694 815
pole 0.4774 1513 100 1572 652
pole 0.3298 1795 -16 1881 740
pole 0.3246 439 492 456 658
pole 0.3015 708 314 732 637
pole 0.1892 1455 289 1479 619
pole 0.0635 806 518 825 602
pole 0.0600 437 522 468 660
pole 0.0397 685 211 729 673
pole 0.0343 715 413 733 623
pole 0.0335 441 562 458 660
pole 0.0160 695 309 744 632
pole 0.0145 638 170 735 709
pole 0.0140 746 518 772 579
pole 0.0126 672 327 706 630
pole 0.0125 284 517 300 655
pole 0.0089 440 577 479 655
pole 0.0078 282 389 309 640
pole 0.0077 285 439 303 673
pole 0.0074 545 -9 634 768
pole 0.0070 51 112 82 669
pole 0.0070 1445 284 1496 611
pole 0.0068 718 301 755 615
pole 0.0064 736 523 807 596
pole 0.0053 393 421 409 636
pole 0.0049 691 527 770 602
pole 0.0042 982 475 1014 588
pole 0.0041 1535 135 1595 683
pole 0.0041 709 432 728 576
pole 0.0035 1510 272 1547 598
pole 0.0031 440 429 469 614
pole 0.0030 1810 77 1908 852
pole 0.0027 585 315 711 709
pole 0.0027 272 374 300 682
pole 0.0026 400 499 486 671
pole 0.0025 993 471 1027 587
pole 0.0024 772 372 791 604
pole 0.0024 699 456 732 595
pole 0.0024 392 448 406 575
pole 0.0023 41 21 93 878
pole 0.0023 1503 382 1534 631
pole 0.0022 1174 310 1204 633
pole 0.0022 1470 292 1523 621
pole 0.0021 482 479 507 582
pole 0.0020 687 519 729 604
pole 0.0020 1206 485 1254 597
pole 0.0019 1434 270 1475 593
pole 0.0019 700 261 723 577
pole 0.0019 800 535 836 593
pole 0.0018 1480 108 1606 645
pole 0.0018 291 400 323 659
pole 0.0017 1522 286 1568 625
pole 0.0017 663 517 721 607
pole 0.0015 421 503 455 650
pole 0.0014 1474 400 1549 631
pole 0.0013 1493 341 1523 622
pole 0.0013 993 429 1010 602
pole 0.0013 256 368 274 638
pole 0.0012 460 434 493 573
pole 0.0011 1437 461 1486 608
pole 0.0011 706 309 806 637
pole 0.0011 679 -5 745 764
pole 0.0010 951 417 968 607
pole 0.0010 276 499 305 687
pole 0.0010 577 467 679 596
pole 0.0010 933 476 978 582
pole 0.0010 461 506 510 609
rail-occluder 0.2628 1655 596 1754 660
rail-occluder 0.2044 281 592 301 662
rail-occluder 0.0859 1711 609 1756 659
rail-occluder 0.0185 1719 613 1779 662
rail-occluder 0.0156 611 553 654 597
rail-occluder 0.0154 1653 602 1859 709
rail-occluder 0.0111 1652 608 1706 651
rail-occluder 0.0108 1625 576 1784 672
rail-occluder 0.0092 1582 580 1599 605
rail-occluder 0.0087 690 576 720 616
rail-occluder 0.0081 432 624 455 659
rail-occluder 0.0078 270 598 305 692
rail-occluder 0.0073 1332 572 1383 615
rail-occluder 0.0052 668 574 723 619
rail-occluder 0.0046 1560 562 1849 720
rail-occluder 0.0037 1522 571 1573 631
rail-occluder 0.0029 1544 589 1573 630
rail-occluder 0.0028 1576 576 1663 621
rail-occluder 0.0027 655 553 721 609
rail-occluder 0.0025 311 575 337 628
rail-occluder 0.0024 441 623 471 659
rail-occluder 0.0023 283 612 335 662
rail-occluder 0.0022 1627 590 1689 647
rail-occluder 0.0022 1513 554 1572 614
rail-occluder 0.0020 1683 578 1772 661
rail-occluder 0.0019 1609 562 1731 629
rail-occluder 0.0017 1673 553 1786 629
rail-occluder 0.0017 1542 571 1591 629
rail-occluder 0.0016 1598 571 1691 645
rail-occluder 0.0013 270 649 321 684
rail-occluder 0.0012 1565 578 1617 615
rail-occluder 0.0010 1644 547 1705 639
