crossing 0.0155 1219 692 1408 764
crossing 0.0040 1248 710 1450 772
crossing 0.0031 1193 676 1378 728
crossing 0.0027 1630 624 1852 686
crossing 0.0025 1743 659 1879 699
crossing 0.0010 1695 645 1839 690
guard-rail 0.0143 1020 475 1119 536
guard-rail 0.0111 1762 665 1912 767
guard-rail 0.0073 1043 492 1133 540
guard-rail 0.0058 827 785 947 1072
guard-rail 0.0050 642 778 824 1079
guard-rail 0.0045 1252 620 1367 703
guard-rail 0.0037 923 486 984 516
guard-rail 0.0035 1734 662 1900 721
guard-rail 0.0022 1071 510 1139 543
guard-rail 0.0018 988 761 1023 1073
guard-rail 0.0018 857 820 913 1077
guard-rail 0.0016 1780 672 1886 737
guard-rail 0.0015 1209 681 1241 712
guard-rail 0.0013 740 819 1017 1074
guard-rail 0.0011 1186 674 1228 726
guard-rail 0.0010 1244 575 1376 687
rail 0.9384 616 424 1023 1076
rail 0.9134 902 446 1858 1073
rail 0.8476 647 767 1022 1075
rail 0.8199 1088 452 1914 767
rail 0.1385 823 436 958 497
rail 0.0978 1437 491 1921 627
rail 0.0375 650 753 825 1083
rail 0.0347 1597 520 1923 616
rail 0.0259 1717 535 1916 612
rail 0.0216 793 430 926 486
rail 0.0130 1213 472 1916 657
rail 0.0115 1747 619 1920 773
rail 0.0103 835 434 926 475
rail 0.0094 1684 564 1922 750
rail 0.0062 791 416 918 464
rail 0.0059 1148 459 1608 646
rail 0.0055 804 420 976 517
rail 0.0050 1496 527 1918 679
rail 0.0046 1787 552 1915 609
rail 0.0042 833 460 905 505
rail 0.0038 883 453 971 508
rail 0.0038 1715 565 1915 666
rail 0.0037 1131 460 1409 544
rail 0.0036 1823 572 1918 649
rail 0.0035 779 447 879 499
rail 0.0035 735 761 1041 974
rail 0.0030 1206 475 1497 622
rail 0.0026 1768 669 1919 806
rail 0.0025 850 442 1088 527
rail 0.0023 1701 630 1904 711
rail 0.0023 853 422 936 469
rail 0.0022 1162 458 1402 507
rail 0.0022 806 449 852 497
rail 0.0021 903 423 1048 1078
rail 0.0020 992 748 1027 1070
rail 0.0020 1215 472 1414 567
rail 0.0020 1405 498 1937 811
rail 0.0019 827 419 1004 469
rail 0.0019 1696 503 1918 579
rail 0.0018 1857 585 1919 716
rail 0.0018 1726 642 1926 850
rail 0.0018 978 746 1017 1071
rail 0.0018 1764 656 1904 708
rail 0.0016 882 454 1055 509
rail 0.0015 807 774 970 1063
rail 0.0014 803 524 1032 1010
rail 0.0014 1231 466 1396 529
rail 0.0014 1791 661 1917 744
rail 0.0013 784 411 880 448
rail 0.0012 924 749 1024 1068
rail 0.0012 1107 439 1333 508
rail 0.0012 1062 464 1395 673
rail 0.0011 1758 608 1911 699
rail 0.0011 1620 571 1900 689
rail 0.0010 14 828 188 1060
rail 0.0010 1833 674 1915 763
switch-indicator 0.2154 779 528 813 592
switch-indicator 0.0909 471 686 552 778
switch-indicator 0.0133 710 553 744 638
switch-indicator 0.0114 83 833 154 1009
switch-indicator 0.0110 645 605 692 697
switch-indicator 0.0100 54 824 184 1043
switch-indicator 0.0096 724 542 780 624
switch-indicator 0.0062 685 561 748 674
switch-indicator 0.0040 813 456 852 506
switch-indicator 0.0039 767 531 820 612
switch-indicator 0.0031 814 451 887 511
switch-indicator 0.0030 485 705 543 799
switch-indicator 0.0029 782 540 809 625
switch-indicator 0.0020 785 531 825 575
switch-indicator 0.0017 34 888 297 1056
switch-left 0.1692 657 758 1038 1066
switch-left 0.1650 739 761 1026 908
switch-left 0.0076 883 457 971 505
switch-left 0.0019 859 775 1022 854
switch-left 0.0015 791 753 1041 846
switch-left 0.0011 799 755 1047 1008
switch-right 0.1221 747 764 1028 882
switch-right 0.0570 695 712 1004 919
switch-right 0.0197 907 481 968 512
switch-unknown 0.0345 891 464 961 503
switch-unknown 0.0203 907 478 962 510
switch-unknown 0.0192 872 451 959 491
switch-unknown 0.0027 924 483 985 516
switch-unknown 0.0024 1003 454 1050 494
switch-unknown 0.0021 817 411 887 457
switch-unknown 0.0018 916 459 1019 500
switch-unknown 0.0010 1008 445 1075 495
switch-static 0.0574 474 689 547 758
switch-static 0.0317 844 483 877 509
switch-static 0.0177 461 682 560 797
switch-static 0.0153 820 468 878 511
switch-static 0.0136 1117 675 1219 730
switch-static 0.0087 28 832 230 1062
switch-static 0.0070 1876 734 1922 819
switch-static 0.0051 1146 688 1214 728
switch-static 0.0045 841 467 893 509
switch-static 0.0042 60 955 364 1039
switch-static 0.0031 1890 709 1921 779
switch-static 0.0027 868 471 943 514
switch-static 0.0023 1051 678 1180 728
switch-static 0.0014 96 978 278 1038
switch-static 0.0014 1857 707 1920 828
switch-static 0.0014 1189 999 1294 1041
switch-static 0.0012 1880 772 1919 837
track-sign-front 0.0207 1301 -2 1342 29
track-sign-front 0.0070 220 778 248 802
track-sign-front 0.0052 1263 118 1285 144
track-sign-front 0.0051 1390 326 1425 373
track-sign-front 0.0037 1183 436 1208 466
track-sign-front 0.0036 746 461 783 487
track-sign-front 0.0032 1190 434 1226 466
track-sign-front 0.0025 1189 116 1218 145
track-sign-front 0.0024 820 394 865 428
track-sign-front 0.0023 212 622 272 710
track-sign-front 0.0022 803 456 835 502
track-sign-front 0.0012 850 350 890 395
track-sign-front 0.0010 1180 101 1217 145
track-sign-front 0.0010 1116 413 1156 474
track-sign-front 0.0010 219 783 246 815
track-signal-front 0.7508 1237 -1 1299 103
track-signal-front 0.7218 826 0 879 96
track-signal-front 0.6475 753 -2 821 99
track-signal-front 0.3055 1161 30 1227 106
track-signal-front 0.2083 825 36 930 139
track-signal-front 0.0443 1161 6 1222 59
track-signal-front 0.0404 1294 22 1343 112
track-signal-front 0.0388 1259 1 1319 127
track-signal-front 0.0319 1250 27 1298 135
track-signal-front 0.0214 1271 5 1339 101
track-signal-front 0.0190 1338 227 1393 349
track-signal-front 0.0166 761 5 884 117
track-signal-front 0.0160 1899 114 1920 179
track-signal-front 0.0136 837 81 929 142
track-signal-front 0.0116 1160 9 1261 110
track-signal-front 0.0092 874 50 949 138
track-signal-front 0.0082 1154 18 1211 93
track-signal-front 0.0065 840 6 924 104
track-signal-front 0.0058 1157 -1 1219 34
track-signal-front 0.0049 749 -3 818 37
track-signal-front 0.0044 744 26 806 105
track-signal-front 0.0044 1292 0 1342 41
track-signal-front 0.0042 855 -1 923 50
track-signal-front 0.0038 758 32 845 127
track-signal-front 0.0038 1193 2 1283 128
track-signal-front 0.0030 824 -11 877 54
track-signal-front 0.0029 806 -14 946 158
track-signal-front 0.0026 792 31 877 138
track-signal-front 0.0023 937 346 959 385
track-signal-front 0.0023 916 53 961 116
track-signal-front 0.0022 1313 219 1396 393
track-signal-front 0.0021 1131 39 1166 105
track-signal-front 0.0019 1166 42 1250 144
track-signal-front 0.0019 863 -2 924 24
track-signal-front 0.0019 897 340 938 385
track-signal-front 0.0017 1157 -27 1222 84
track-signal-front 0.0017 1260 115 1287 146
track-signal-front 0.0016 1322 35 1372 113
track-signal-front 0.0015 897 356 938 403
track-signal-front 0.0015 877 333 931 386
track-signal-front 0.0015 1218 -6 1272 69
track-signal-front 0.0014 814 88 889 144
track-signal-front 0.0014 726 -41 921 152
track-signal-front 0.0013 825 35 1048 146
track-signal-front 0.0013 927 349 961 396
track-signal-front 0.0011 853 345 886 385
track-signal-front 0.0011 1181 -5 1233 33
track-signal-front 0.0011 819 366 849 415
track-signal-front 0.0011 942 345 965 378
track-signal-front 0.0010 1371 295 1416 384
track-signal-front 0.0010 1233 -8 1292 47
track-signal-front 0.0010 1178 -12 1246 59
track-signal-front 0.0010 1149 46 1206 119
pole 0.0020 1005 299 1046 526
rail-occluder 0.1586 1017 475 1040 527
rail-occluder 0.1013 1335 513 1387 581
rail-occluder 0.0285 1304 506 1381 580
rail-occluder 0.0243 1186 440 1212 470
rail-occluder 0.0233 1306 498 1357 564
rail-occluder 0.0103 1023 480 1046 539
rail-occluder 0.0088 1301 501 1340 545
rail-occluder 0.0084 1095 437 1133 474
rail-occluder 0.0068 1336 514 1423 599
rail-occluder 0.0066 1010 470 1063 530
rail-occluder 0.0063 1090 442 1117 476
rail-occluder 0.0056 1105 433 1163 475
rail-occluder 0.0046 1018 471 1123 537
rail-occluder 0.0038 1123 436 1203 475
rail-occluder 0.0027 1155 445 1218 489
rail-occluder 0.0027 1091 449 1135 485
rail-occluder 0.0025 1352 548 1451 621
rail-occluder 0.0024 1352 490 1391 535
rail-occluder 0.0023 1201 436 1234 471
rail-occluder 0.0022 1097 431 1237 488
rail-occluder 0.0021 1186 445 1228 489
rail-occluder 0.0020 1282 481 1346 534
rail-occluder 0.0019 1327 484 1385 541
rail-occluder 0.0019 1306 493 1474 637
rail-occluder 0.0017 1377 570 1456 628
rail-occluder 0.0016 1363 512 1418 552
rail-occluder 0.0014 1106 449 1173 495
rail-occluder 0.0013 1123 440 1315 507
rail-occluder 0.0013 1123 454 1205 496
rail-occluder 0.0013 1845 566 1921 632
rail-occluder 0.0010 1892 578 1920 660
rail-occluder 0.0010 1148 448 1265 491
