crossing 0.0654 726 810 804 843
crossing 0.0604 722 779 795 826
crossing 0.0394 857 755 958 835
crossing 0.0108 890 775 986 840
crossing 0.0096 896 772 1043 823
crossing 0.0067 910 759 965 835
crossing 0.0058 841 744 917 829
crossing 0.0055 763 782 825 832
crossing 0.0034 777 753 854 818
crossing 0.0028 776 788 847 835
crossing 0.0023 926 785 1014 829
crossing 0.0019 620 821 697 847
crossing 0.0019 737 885 962 1074
crossing 0.0018 749 808 831 848
crossing 0.0017 831 775 934 836
crossing 0.0016 582 817 691 855
crossing 0.0015 654 777 768 837
crossing 0.0011 944 779 1031 812
guard-rail 0.0026 644 812 724 847
guard-rail 0.0016 693 801 763 847
train-car 0.0577 737 696 815 755
train-car 0.0291 708 722 800 820
train-car 0.0255 747 716 811 762
train-car 0.0251 675 717 736 762
train-car 0.0220 713 655 787 779
train-car 0.0198 703 701 762 758
train-car 0.0190 720 706 747 752
train-car 0.0171 728 696 831 795
train-car 0.0166 653 716 712 762
train-car 0.0109 622 649 760 774
train-car 0.0108 636 675 834 780
train-car 0.0105 654 699 760 770
train-car 0.0103 715 710 798 769
train-car 0.0085 764 718 946 816
train-car 0.0082 765 687 830 764
train-car 0.0075 679 642 865 768
train-car 0.0046 683 601 735 790
train-car 0.0039 750 682 889 765
train-car 0.0037 660 584 709 802
train-car 0.0033 675 745 738 790
train-car 0.0031 792 704 853 757
train-car 0.0024 772 644 881 795
train-car 0.0019 847 713 962 824
train-car 0.0018 620 613 843 810
train-car 0.0016 754 621 851 769
train-car 0.0014 828 692 876 770
train-car 0.0011 842 680 903 781
train-car 0.0010 744 693 955 897
platform 0.5224 870 764 1903 1074
platform 0.0023 855 710 943 797
platform 0.0016 953 685 1545 1066
rail 0.9159 734 762 958 1073
rail 0.8785 63 744 833 1073
rail 0.1163 12 755 704 946
rail 0.0370 834 839 1150 1075
rail 0.0251 836 748 1458 1075
rail 0.0137 767 746 829 798
rail 0.0134 745 760 809 803
rail 0.0128 844 732 958 825
rail 0.0106 182 732 806 908
rail 0.0098 764 724 833 763
rail 0.0078 785 736 859 797
rail 0.0075 708 775 779 820
rail 0.0065 520 761 654 809
rail 0.0065 390 705 808 1057
rail 0.0065 791 722 852 770
rail 0.0053 690 740 771 797
rail 0.0047 0 792 479 1001
rail 0.0047 277 756 731 849
rail 0.0039 775 754 859 818
rail 0.0036 766 716 897 806
rail 0.0034 819 736 886 806
rail 0.0030 481 753 642 827
rail 0.0028 566 749 658 799
rail 0.0028 -30 723 484 917
rail 0.0027 841 718 902 791
rail 0.0026 671 774 749 815
rail 0.0025 536 731 638 816
rail 0.0025 785 749 920 822
rail 0.0022 809 728 1147 983
rail 0.0020 652 772 717 809
rail 0.0020 657 744 715 788
rail 0.0020 502 690 702 865
rail 0.0019 872 742 999 818
rail 0.0019 -1 781 346 937
rail 0.0016 509 728 615 850
rail 0.0015 551 768 629 803
rail 0.0015 514 770 776 1075
rail 0.0013 618 738 663 796
rail 0.0013 528 774 646 842
rail 0.0013 643 793 759 853
rail 0.0013 3 835 340 1043
rail 0.0012 847 765 1105 921
rail 0.0012 634 735 679 795
rail 0.0012 578 760 718 841
rail 0.0011 558 827 890 1076
rail 0.0010 0 640 299 977
rail 0.0010 0 738 151 1048
switch-unknown 0.1146 725 781 794 816
switch-unknown 0.0258 747 760 808 799
switch-unknown 0.0191 763 770 819 812
switch-unknown 0.0148 768 747 827 794
switch-unknown 0.0110 699 787 782 831
switch-unknown 0.0096 766 721 832 765
switch-unknown 0.0074 669 793 745 835
switch-unknown 0.0067 651 796 721 832
switch-unknown 0.0035 672 765 744 814
switch-unknown 0.0024 652 767 714 809
switch-unknown 0.0019 639 812 731 848
track-sign-front 0.1624 1206 548 1242 890
track-sign-front 0.0457 1213 697 1239 872
track-sign-front 0.0380 521 713 538 747
track-sign-front 0.0127 440 691 464 749
track-sign-front 0.0053 1209 681 1238 1049
track-sign-front 0.0037 920 715 951 759
track-sign-front 0.0036 1199 552 1235 792
track-sign-front 0.0026 1212 802 1236 978
track-sign-front 0.0022 915 734 959 818
track-sign-front 0.0021 1208 494 1249 535
track-sign-front 0.0016 1213 525 1240 749
track-sign-front 0.0015 434 669 467 757
track-sign-front 0.0010 1215 549 1237 644
track-signal-front 0.6169 1199 380 1260 500
track-signal-front 0.1145 522 713 536 742
track-signal-front 0.0308 723 709 746 752
track-signal-front 0.0148 521 705 539 756
track-signal-front 0.0132 697 636 723 752
track-signal-front 0.0132 715 631 751 762
track-signal-front 0.0105 1186 383 1224 485
track-signal-front 0.0070 912 703 942 745
track-signal-front 0.0044 907 709 946 762
track-signal-front 0.0044 691 609 714 742
track-signal-front 0.0041 522 682 545 742
track-signal-front 0.0040 919 699 949 753
track-signal-front 0.0035 1245 379 1284 522
track-signal-front 0.0033 908 677 943 741
track-signal-front 0.0027 889 698 932 746
track-signal-front 0.0025 1213 376 1273 472
track-signal-front 0.0020 1220 384 1270 545
track-signal-front 0.0016 1186 376 1282 536
track-signal-front 0.0015 908 618 943 799
track-signal-front 0.0013 924 652 959 747
track-signal-front 0.0012 1133 296 1172 422
track-signal-front 0.0012 527 678 578 768
track-signal-front 0.0010 1191 401 1245 533
track-signal-front 0.0010 539 669 577 736
track-signal-back 0.4619 512 425 584 550
track-signal-back 0.0440 551 427 593 567
track-signal-back 0.0086 512 461 564 556
track-signal-back 0.0041 531 452 588 574
track-signal-back 0.0039 1130 290 1156 412
track-signal-back 0.0022 172 540 216 603
track-signal-back 0.0010 175 533 215 654
person 0.2085 1619 772 1707 1048
person 0.0029 1201 655 1234 944
person 0.0014 1666 769 1737 1050
person 0.0014 1644 923 1718 1039
pole 0.3194 226 16 422 1085
pole 0.1717 633 542 663 803
pole 0.0853 739 585 759 774
pole 0.0731 521 411 578 978
pole 0.0594 686 558 710 789
pole 0.0576 321 23 474 1100
pole 0.0375 557 438 650 880
pole 0.0308 641 551 681 803
pole 0.0295 537 410 587 826
pole 0.0276 666 553 706 827
pole 0.0264 695 589 724 798
pole 0.0207 618 552 673 815
pole 0.0194 386 236 472 1011
pole 0.0190 303 446 404 1069
pole 0.0184 717 605 753 786
pole 0.0141 630 671 662 803
pole 0.0128 146 325 218 998
pole 0.0121 393 564 430 951
pole 0.0116 325 88 655 1065
pole 0.0114 633 687 681 795
pole 0.0114 797 597 814 769
pole 0.0111 400 610 424 836
pole 0.0110 488 422 609 885
pole 0.0104 639 607 733 805
pole 0.0097 600 518 645 822
pole 0.0089 419 524 474 807
pole 0.0076 694 597 710 723
pole 0.0076 494 478 559 942
pole 0.0062 854 558 890 838
pole 0.0062 401 437 457 818
pole 0.0061 847 544 869 801
pole 0.0056 505 633 607 884
pole 0.0056 730 625 818 779
pole 0.0053 476 358 571 1066
pole 0.0051 522 526 649 987
pole 0.0047 247 243 388 951
pole 0.0044 869 552 926 843
pole 0.0044 520 667 562 854
pole 0.0043 364 311 441 903
pole 0.0039 443 691 469 776
pole 0.0037 870 729 964 832
pole 0.0037 843 711 898 790
pole 0.0037 594 641 648 802
pole 0.0036 797 688 850 766
pole 0.0036 1204 515 1253 985
pole 0.0035 424 660 466 829
pole 0.0034 343 525 458 1003
pole 0.0034 394 682 416 845
pole 0.0031 522 468 567 788
pole 0.0030 828 717 873 785
pole 0.0030 412 469 488 932
pole 0.0029 531 786 550 1075
pole 0.0029 421 655 692 948
pole 0.0028 622 732 660 799
pole 0.0028 401 666 422 788
pole 0.0025 609 659 684 830
pole 0.0025 799 605 838 780
pole 0.0025 514 680 658 847
pole 0.0025 493 690 614 1059
pole 0.0024 523 647 546 775
pole 0.0024 846 646 898 810
pole 0.0021 171 510 226 996
pole 0.0020 889 584 956 838
pole 0.0019 100 367 236 1020
pole 0.0018 861 706 937 789
pole 0.0018 724 545 760 772
pole 0.0018 529 623 574 822
pole 0.0017 553 493 603 808
pole 0.0017 441 256 678 952
pole 0.0017 886 665 933 784
pole 0.0017 366 -9 459 767
pole 0.0017 639 604 662 752
pole 0.0016 710 597 784 779
pole 0.0016 556 665 615 818
pole 0.0015 411 720 621 876
pole 0.0015 839 634 873 764
pole 0.0013 339 424 451 799
pole 0.0013 495 700 588 828
pole 0.0012 265 572 407 956
pole 0.0012 140 522 273 991
pole 0.0012 77 71 253 1122
pole 0.0012 339 645 464 893
pole 0.0011 473 584 572 850
pole 0.0011 153 89 509 1148
pole 0.0010 625 627 656 772
pole 0.0010 664 625 710 767
rail-occluder 0.0422 246 849 271 942
rail-occluder 0.0137 847 746 958 835
rail-occluder 0.0102 441 690 465 772
rail-occluder 0.0059 619 772 655 814
rail-occluder 0.0056 831 729 874 808
rail-occluder 0.0055 225 840 270 955
rail-occluder 0.0054 840 725 906 816
rail-occluder 0.0035 676 747 733 787
rail-occluder 0.0034 232 808 287 949
rail-occluder 0.0030 631 768 681 816
rail-occluder 0.0028 660 740 716 791
rail-occluder 0.0024 821 741 890 823
rail-occluder 0.0022 855 692 944 811
rail-occluder 0.0019 576 767 645 809
rail-occluder 0.0018 615 782 654 831
rail-occluder 0.0012 834 771 931 840
rail-occluder 0.0011 252 827 275 927
rail-occluder 0.0010 247 799 319 973
