guard-rail 0.0929 0 925 53 1004
guard-rail 0.0144 -2 926 69 1042
guard-rail 0.0125 0 923 39 1079
guard-rail 0.0055 800 560 854 578
guard-rail 0.0046 769 564 838 588
guard-rail 0.0045 7 927 159 1041
guard-rail 0.0043 816 549 894 572
guard-rail 0.0028 0 895 120 999
guard-rail 0.0026 746 568 814 602
guard-rail 0.0025 812 559 896 584
guard-rail 0.0025 13 948 243 1073
guard-rail 0.0020 673 611 764 657
guard-rail 0.0020 0 885 65 994
guard-rail 0.0014 776 544 831 576
guard-rail 0.0013 604 621 680 660
guard-rail 0.0012 1 913 91 974
rail 0.9598 956 495 1346 1076
rail 0.9591 8 503 924 1077
rail 0.7699 600 518 992 655
rail 0.3202 703 527 1017 611
rail 0.1236 854 528 1023 566
rail 0.0782 793 527 1036 582
rail 0.0117 894 521 1013 557
rail 0.0060 762 557 1018 619
rail 0.0058 957 525 1005 556
rail 0.0056 778 508 1022 567
rail 0.0049 780 541 953 600
rail 0.0043 551 520 891 714
rail 0.0032 632 554 941 685
rail 0.0024 541 454 1002 745
rail 0.0023 872 513 979 565
rail 0.0021 902 516 1011 586
rail 0.0016 934 496 981 523
rail 0.0011 810 511 1066 613
rail 0.0011 814 509 946 577
switch-indicator 0.2122 1154 561 1181 640
switch-indicator 0.0040 884 577 901 599
switch-indicator 0.0024 873 570 903 598
switch-indicator 0.0024 422 634 455 674
switch-indicator 0.0011 1142 558 1194 647
switch-indicator 0.0011 864 558 921 599
switch-left 0.2537 595 614 751 671
switch-left 0.1395 580 631 710 675
switch-left 0.0402 649 595 801 645
switch-left 0.0353 591 573 839 664
switch-left 0.0208 566 644 686 680
switch-left 0.0050 592 592 758 701
switch-left 0.0019 -9 931 225 1036
switch-left 0.0016 677 567 834 631
switch-left 0.0012 571 655 699 695
switch-right 0.2126 599 611 762 665
switch-right 0.1039 578 639 707 682
switch-right 0.0608 958 534 1002 557
switch-right 0.0346 656 598 792 644
switch-right 0.0310 603 623 716 672
switch-right 0.0060 567 572 799 683
switch-right 0.0032 691 589 801 633
switch-right 0.0020 730 579 814 616
switch-unknown 0.1220 956 533 1003 554
switch-unknown 0.0313 954 498 991 522
switch-unknown 0.0117 956 547 1009 569
switch-unknown 0.0067 959 490 1009 516
switch-unknown 0.0056 915 511 998 559
switch-unknown 0.0037 932 490 984 523
switch-unknown 0.0024 882 499 922 526
switch-unknown 0.0017 795 553 856 578
switch-unknown 0.0016 874 505 932 545
switch-unknown 0.0014 844 507 915 564
switch-unknown 0.0013 905 495 946 532
switch-unknown 0.0010 757 550 890 602
switch-static 0.3345 459 638 530 670
switch-static 0.0164 467 639 581 674
switch-static 0.0125 446 627 542 678
switch-static 0.0025 527 652 582 677
switch-static 0.0013 982 503 1040 544
switch-static 0.0010 1027 526 1058 554
switch-static 0.0010 969 528 1035 568
track-sign-front 0.0422 1155 558 1182 632
track-sign-front 0.0391 694 502 706 519
track-sign-front 0.0186 1063 461 1083 493
track-sign-front 0.0106 1158 565 1182 600
track-sign-front 0.0081 1063 475 1090 523
track-sign-front 0.0067 1034 471 1055 535
track-sign-front 0.0063 1039 442 1056 497
track-sign-front 0.0063 1059 456 1085 533
track-sign-front 0.0055 1107 459 1123 485
track-sign-front 0.0045 1107 439 1125 482
track-sign-front 0.0045 576 508 590 550
track-sign-front 0.0044 579 480 599 527
track-sign-front 0.0040 781 513 794 544
track-sign-front 0.0032 1104 480 1125 532
track-sign-front 0.0032 230 995 379 1073
track-sign-front 0.0032 596 385 612 421
track-sign-front 0.0029 1160 561 1178 584
track-sign-front 0.0027 590 425 615 492
track-sign-front 0.0026 593 400 614 449
track-sign-front 0.0023 1062 436 1095 482
track-sign-front 0.0022 587 451 615 507
track-sign-front 0.0021 1106 503 1124 537
track-sign-front 0.0021 779 478 795 542
track-sign-front 0.0020 584 478 611 516
track-sign-front 0.0020 1064 498 1101 551
track-sign-front 0.0017 1241 514 1260 542
track-sign-front 0.0016 980 482 1033 533
track-sign-front 0.0015 1049 491 1083 557
track-sign-front 0.0013 812 496 831 531
track-sign-front 0.0012 1020 492 1062 561
track-sign-front 0.0011 1111 463 1129 492
track-sign-front 0.0010 643 431 660 463
track-signal-front 0.0086 598 386 613 415
track-signal-front 0.0078 980 447 993 468
track-signal-front 0.0057 856 462 867 482
track-signal-front 0.0046 973 438 1012 473
track-signal-back 0.0417 781 410 796 439
track-signal-back 0.0307 1041 433 1054 459
track-signal-back 0.0119 772 397 811 433
track-signal-back 0.0113 1039 435 1069 478
track-signal-back 0.0089 1043 417 1064 453
track-signal-back 0.0073 1012 426 1023 469
track-signal-back 0.0070 811 401 829 427
track-signal-back 0.0057 854 457 866 478
track-signal-back 0.0040 776 355 794 404
track-signal-back 0.0033 1003 424 1030 481
track-signal-back 0.0019 778 353 793 384
track-signal-back 0.0019 776 409 798 476
track-signal-back 0.0019 1064 411 1096 454
track-signal-back 0.0018 980 430 1014 465
track-signal-back 0.0012 775 412 806 444
track-signal-back 0.0010 1108 415 1125 459
track-signal-back 0.0010 813 383 834 415
person 0.1046 1154 562 1182 643
person 0.0010 1139 554 1192 648
pole 0.0022 618 251 651 566
pole 0.0019 635 254 659 566
rail-occluder 0.0018 906 510 945 550
