rail 0.9253 951 630 1413 1078
rail 0.8000 322 623 1337 1076
track-sign-front 0.0908 1173 519 1189 542
track-sign-front 0.0103 1197 582 1211 601
track-sign-front 0.0035 1171 522 1187 554
track-sign-front 0.0030 1176 518 1204 542
track-sign-front 0.0014 1195 579 1213 610
track-sign-front 0.0012 1190 555 1212 606
pole 0.0031 1406 444 1438 623
pole 0.0018 1390 440 1444 657
pole 0.0011 1357 379 1428 666
pole 0.0011 1369 267 1458 708
rail-occluder 0.0103 1283 635 1321 702
rail-occluder 0.0036 1280 631 1344 715
rail-occluder 0.0025 1294 627 1358 673
rail-occluder 0.0022 1276 631 1311 682
