crossing 0.7722 868 697 1101 862
crossing 0.5245 285 699 768 858
crossing 0.2610 556 702 777 793
crossing 0.0899 313 747 645 853
crossing 0.0460 886 694 1111 788
crossing 0.0416 769 664 1128 1018
crossing 0.0223 431 688 761 800
crossing 0.0168 495 746 788 851
crossing 0.0100 625 708 815 772
crossing 0.0062 1007 623 1084 650
crossing 0.0059 845 778 1099 885
crossing 0.0042 114 524 941 1002
crossing 0.0032 30 718 693 881
crossing 0.0026 692 706 797 762
crossing 0.0021 222 725 879 902
crossing 0.0019 969 659 1107 720
crossing 0.0015 988 651 1098 692
crossing 0.0015 959 640 1030 666
crossing 0.0014 602 707 716 787
crossing 0.0013 881 680 992 816
crossing 0.0013 829 722 1033 883
crossing 0.0012 358 662 667 819
crossing 0.0012 980 625 1071 658
crossing 0.0010 830 643 1218 913
guard-rail 0.0023 772 686 1059 902
guard-rail 0.0010 824 700 1003 871
train-car 0.8364 662 450 941 715
train-car 0.0081 628 354 855 783
train-car 0.0042 1024 577 1121 640
train-car 0.0015 577 226 838 911
platform 0.0147 1113 634 1308 702
platform 0.0120 1235 599 1298 665
platform 0.0020 1237 617 1287 733
platform 0.0019 1218 584 1314 706
platform 0.0018 1186 634 1337 720
rail 0.9582 737 633 1119 1077
rail 0.7564 2 602 953 1069
rail 0.1897 826 684 1098 891
rail 0.0612 -14 732 645 1069
rail 0.0021 28 678 693 920
track-sign-front 0.2827 1307 620 1339 660
track-sign-front 0.1737 1249 610 1285 643
track-sign-front 0.1003 1241 598 1287 654
track-sign-front 0.0813 1261 369 1295 416
track-sign-front 0.0661 577 522 616 561
track-sign-front 0.0121 1268 398 1303 424
track-sign-front 0.0066 943 569 963 593
track-sign-front 0.0041 572 498 623 562
track-sign-front 0.0034 601 390 617 419
track-sign-front 0.0026 1252 620 1283 711
track-sign-front 0.0020 579 466 616 522
track-sign-front 0.0019 1248 602 1293 634
track-sign-front 0.0018 940 566 965 631
track-sign-front 0.0016 1307 618 1362 666
track-sign-front 0.0011 1309 627 1335 682
track-sign-front 0.0010 563 524 621 573
track-sign-front 0.0010 992 358 1022 417
track-sign-front 0.0010 604 393 627 424
track-signal-front 0.8104 1234 419 1286 534
track-signal-front 0.5615 1275 422 1326 536
track-signal-front 0.5247 1226 418 1325 539
track-signal-front 0.4340 1258 354 1296 403
track-signal-front 0.2093 1248 347 1299 428
track-signal-front 0.1958 32 313 88 391
track-signal-front 0.1268 1686 52 1731 175
track-signal-front 0.0253 1258 373 1297 423
track-signal-front 0.0201 1244 345 1306 485
track-signal-front 0.0164 584 455 618 509
track-signal-front 0.0048 1284 410 1323 497
track-signal-front 0.0041 1192 423 1239 486
track-signal-front 0.0038 1208 415 1271 511
track-signal-front 0.0032 643 427 667 510
track-signal-front 0.0019 1201 417 1242 450
track-signal-front 0.0018 1237 412 1283 483
track-signal-front 0.0015 629 425 663 489
track-signal-front 0.0015 613 374 684 572
track-signal-front 0.0014 603 439 657 515
track-signal-front 0.0012 571 433 612 509
track-signal-front 0.0012 598 396 622 457
track-signal-front 0.0011 1177 426 1220 490
track-signal-front 0.0011 1295 421 1350 526
track-signal-front 0.0010 654 420 700 502
person 0.5361 1172 580 1214 661
person 0.2296 1214 585 1248 666
person 0.0959 1234 596 1270 661
person 0.0921 1186 582 1253 682
person 0.0406 1249 598 1286 663
person 0.0157 1155 584 1285 687
person 0.0062 1164 570 1198 641
person 0.0055 1114 633 1263 702
person 0.0015 1184 562 1234 648
person 0.0015 1225 582 1283 679
person 0.0014 282 558 323 652
person 0.0013 1136 599 1220 681
person 0.0010 935 569 968 671
pole 0.2326 956 18 990 691
pole 0.1755 667 -3 727 784
pole 0.0150 978 66 1016 688
pole 0.0059 1006 273 1022 599
pole 0.0051 993 181 1024 654
pole 0.0017 1010 337 1026 627
pole 0.0016 654 35 705 613
pole 0.0014 620 79 743 890
pole 0.0012 996 261 1016 542
pole 0.0012 981 289 1016 621
pole 0.0011 941 128 1006 774
