train-car 0.8802 2 340 921 1072
rail 0.9613 893 572 1159 1074
rail 0.1737 909 574 945 599
rail 0.1189 908 558 948 593
rail 0.0183 920 552 952 582
rail 0.0124 891 573 937 610
rail 0.0080 896 566 936 598
rail 0.0021 859 578 909 626
rail 0.0014 905 564 942 616
track-sign-front 0.4590 1042 569 1058 591
track-sign-front 0.0048 1037 570 1066 601
track-sign-front 0.0046 1109 637 1130 669
track-sign-front 0.0033 1103 582 1124 626
track-sign-front 0.0023 1109 629 1141 666
track-sign-front 0.0021 1106 597 1129 642
track-sign-front 0.0018 1060 568 1102 595
track-sign-front 0.0017 983 572 1006 599
track-sign-front 0.0016 1103 563 1122 602
track-sign-front 0.0016 1113 606 1144 642
track-sign-front 0.0015 995 524 1008 574
track-sign-front 0.0012 999 567 1041 594
track-sign-front 0.0011 978 550 1009 596
track-sign-front 0.0011 1036 562 1063 587
track-sign-front 0.0010 1180 613 1202 653
track-signal-front 0.2066 929 548 944 560
track-signal-front 0.0620 935 542 945 556
track-signal-front 0.0284 925 541 937 557
track-signal-front 0.0151 939 543 967 564
track-signal-front 0.0135 928 545 946 568
track-signal-front 0.0027 909 545 927 563
track-signal-front 0.0019 993 512 1008 557
track-signal-front 0.0017 979 515 1011 588
track-signal-front 0.0012 938 551 978 585
