guard-rail 0.0017 624 647 700 688
guard-rail 0.0015 625 653 668 695
rail 0.9489 -2 615 744 1077
rail 0.9414 716 596 1088 1075
rail 0.9386 773 598 1750 1076
rail 0.8063 906 597 1929 712
rail 0.5300 -4 594 674 687
rail 0.1737 4 610 484 675
rail 0.0470 1199 619 1910 691
rail 0.0361 682 604 730 647
rail 0.0127 660 614 726 676
rail 0.0127 1068 608 1785 668
rail 0.0070 20 571 686 637
rail 0.0069 1284 637 1918 718
rail 0.0067 666 594 718 636
rail 0.0064 712 577 1744 667
rail 0.0055 945 595 1612 649
rail 0.0054 1346 612 1933 660
rail 0.0052 -3 622 325 669
rail 0.0052 0 609 361 652
rail 0.0052 1460 634 1922 688
rail 0.0037 621 619 713 702
rail 0.0033 734 594 864 622
rail 0.0027 773 559 1905 822
rail 0.0025 1048 624 1907 774
rail 0.0023 0 635 314 691
rail 0.0023 0 531 719 719
rail 0.0021 4 595 580 762
rail 0.0019 691 623 733 656
rail 0.0017 1500 657 1901 717
rail 0.0016 660 586 734 697
rail 0.0016 1594 654 1921 696
rail 0.0016 9 633 435 720
rail 0.0015 795 584 1358 641
rail 0.0014 680 593 760 625
rail 0.0014 621 501 715 705
rail 0.0013 -5 626 172 669
rail 0.0013 23 365 651 748
rail 0.0012 -5 644 172 694
rail 0.0012 710 596 844 643
rail 0.0012 177 615 441 667
rail 0.0011 632 598 711 651
rail 0.0011 0 612 218 647
rail 0.0011 207 593 685 658
rail 0.0011 1546 640 1944 741
rail 0.0010 21 592 386 636
switch-right 0.0016 641 642 721 678
switch-right 0.0012 679 641 725 670
switch-unknown 0.0212 683 622 729 655
switch-unknown 0.0190 693 608 733 641
switch-unknown 0.0014 685 579 758 623
switch-static 0.0021 0 923 61 995
switch-static 0.0014 0 946 35 1018
switch-static 0.0011 0 915 40 975
track-sign-front 0.0025 1252 670 1267 745
track-sign-front 0.0020 1293 563 1309 615
track-sign-front 0.0011 1176 582 1190 600
track-sign-front 0.0010 609 604 622 636
track-signal-front 0.8233 1259 30 1379 198
track-signal-front 0.3520 1354 444 1375 511
track-signal-front 0.2005 1356 510 1377 536
track-signal-front 0.1071 1355 476 1377 523
track-signal-front 0.0450 1216 29 1273 248
track-signal-front 0.0445 1355 436 1374 464
track-signal-front 0.0237 1875 485 1889 515
track-signal-front 0.0226 1351 433 1379 490
track-signal-front 0.0095 1237 29 1288 222
track-signal-front 0.0076 1250 51 1332 206
track-signal-front 0.0050 1221 51 1314 257
track-signal-front 0.0047 1360 145 1450 239
track-signal-front 0.0029 1281 61 1430 245
track-signal-front 0.0015 1243 238 1406 328
track-signal-front 0.0012 900 538 919 574
track-signal-front 0.0010 1358 463 1386 555
track-signal-back 0.0056 1353 492 1376 597
pole 0.5816 495 -3 653 976
pole 0.4004 987 254 1021 635
pole 0.3606 837 438 854 616
pole 0.2483 1287 314 1315 641
pole 0.1690 762 466 773 604
pole 0.1354 625 362 679 714
pole 0.0906 1350 458 1373 642
pole 0.0846 580 18 681 908
pole 0.0838 699 473 711 611
pole 0.0657 887 470 899 599
pole 0.0575 799 468 806 599
pole 0.0431 711 489 731 612
pole 0.0303 1351 425 1379 569
pole 0.0266 654 410 697 647
pole 0.0207 871 461 901 605
pole 0.0170 792 478 806 606
pole 0.0160 522 158 632 839
pole 0.0159 995 418 1024 622
pole 0.0144 708 473 724 606
pole 0.0140 606 155 677 778
pole 0.0119 650 362 682 663
pole 0.0105 1274 334 1327 633
pole 0.0090 1350 544 1368 642
pole 0.0085 711 507 750 617
pole 0.0065 755 513 779 613
pole 0.0057 733 507 780 615
pole 0.0056 1862 539 1874 651
pole 0.0054 697 405 713 633
pole 0.0044 688 491 725 637
pole 0.0042 422 35 578 937
pole 0.0040 1298 322 1338 636
pole 0.0039 970 281 1011 628
pole 0.0038 988 478 1015 620
pole 0.0037 1254 667 1268 746
pole 0.0033 603 368 648 688
pole 0.0032 1081 501 1093 596
pole 0.0032 1009 286 1041 624
pole 0.0030 835 451 878 643
pole 0.0028 997 522 1023 622
pole 0.0026 797 448 810 595
pole 0.0026 658 470 712 619
pole 0.0025 622 257 710 933
pole 0.0025 996 212 1033 595
pole 0.0024 641 460 677 608
pole 0.0024 980 328 1039 665
pole 0.0023 1014 410 1039 605
pole 0.0023 630 418 707 777
pole 0.0022 1860 504 1878 657
pole 0.0020 831 508 862 616
pole 0.0018 760 448 808 619
pole 0.0015 1352 472 1394 671
pole 0.0015 1013 272 1069 652
pole 0.0014 953 483 993 617
pole 0.0014 1344 567 1383 666
pole 0.0013 857 512 900 623
pole 0.0013 727 447 767 624
pole 0.0012 1304 478 1404 649
pole 0.0012 1339 357 1386 673
pole 0.0012 748 481 790 612
pole 0.0011 893 469 917 590
pole 0.0011 611 -22 714 777
pole 0.0011 1255 652 1268 719
pole 0.0011 811 519 856 616
pole 0.0011 514 392 697 919
pole 0.0011 1210 10 1271 229
pole 0.0010 878 513 916 617
pole 0.0010 493 369 618 920
pole 0.0010 1857 570 1878 663
pole 0.0010 846 423 885 612
rail-occluder 0.0047 1177 583 1189 599
rail-occluder 0.0040 1351 604 1367 638
rail-occluder 0.0026 1294 582 1306 618
rail-occluder 0.0022 1168 585 1187 600
rail-occluder 0.0015 862 609 895 628
rail-occluder 0.0013 999 558 1025 634
rail-occluder 0.0012 1292 596 1309 630
rail-occluder 0.0010 870 607 914 629
