crossing 0.8088 848 550 1020 671
crossing 0.4837 609 898 1146 1078
crossing 0.3390 264 888 870 1077
crossing 0.1971 468 545 821 637
crossing 0.1372 914 508 987 531
crossing 0.1133 0 886 398 1076
crossing 0.0776 584 893 867 1088
crossing 0.0455 707 516 850 548
crossing 0.0334 -1 553 158 615
crossing 0.0258 8 566 324 629
crossing 0.0131 682 523 822 553
crossing 0.0127 769 513 883 546
crossing 0.0119 0 543 89 605
crossing 0.0117 0 897 60 1066
crossing 0.0114 682 500 882 543
crossing 0.0100 902 517 993 563
crossing 0.0092 -1 884 195 1077
crossing 0.0090 13 539 240 618
crossing 0.0089 933 500 997 527
crossing 0.0070 326 499 923 753
crossing 0.0070 827 926 1150 1076
crossing 0.0059 754 523 845 551
crossing 0.0056 -1 567 93 618
crossing 0.0054 762 489 889 526
crossing 0.0051 0 875 31 1059
crossing 0.0049 580 506 881 585
crossing 0.0048 788 525 874 550
crossing 0.0046 1 526 210 593
crossing 0.0045 0 872 107 1056
crossing 0.0040 330 899 674 1065
crossing 0.0038 447 567 710 629
crossing 0.0038 806 510 931 543
crossing 0.0037 604 546 793 606
crossing 0.0034 728 920 1056 1063
crossing 0.0027 244 828 1180 1084
crossing 0.0027 822 488 913 521
crossing 0.0024 889 460 920 503
crossing 0.0022 976 498 1030 532
crossing 0.0022 874 518 997 597
crossing 0.0022 847 635 1004 681
crossing 0.0021 2 488 141 617
crossing 0.0021 13 540 385 664
crossing 0.0021 602 538 812 581
crossing 0.0020 876 545 1015 623
crossing 0.0019 756 501 855 533
crossing 0.0019 809 476 895 509
crossing 0.0018 0 586 160 640
crossing 0.0016 451 483 822 657
crossing 0.0014 0 531 52 609
crossing 0.0014 801 534 975 661
crossing 0.0014 1 591 85 638
crossing 0.0014 743 489 912 549
crossing 0.0013 546 549 726 640
crossing 0.0012 -20 840 720 1081
crossing 0.0012 891 488 964 527
crossing 0.0012 753 425 1180 788
crossing 0.0012 866 476 932 517
crossing 0.0011 500 523 954 666
crossing 0.0010 686 532 790 557
guard-rail 0.0016 286 687 335 733
guard-rail 0.0013 226 670 413 736
guard-rail 0.0010 254 678 351 730
platform 0.1769 986 491 1084 532
platform 0.0107 998 478 1050 512
platform 0.0023 1011 476 1101 537
platform 0.0011 958 437 1113 569
platform 0.0010 762 481 897 514
rail 0.9454 601 480 1125 1080
rail 0.9136 1 524 906 1076
rail 0.1006 3 499 919 789
rail 0.0321 1845 630 1920 865
rail 0.0164 1818 614 1917 970
rail 0.0160 220 706 971 1070
rail 0.0137 1795 587 1920 840
rail 0.0110 6 605 407 1077
rail 0.0052 3 559 475 810
rail 0.0043 1849 600 1920 768
rail 0.0039 30 500 844 639
rail 0.0038 1707 551 1905 940
rail 0.0034 0 557 322 739
rail 0.0030 -5 536 694 705
rail 0.0024 64 604 632 739
rail 0.0018 0 609 339 896
rail 0.0016 735 529 1034 1051
rail 0.0014 276 542 920 724
rail 0.0014 1880 639 1919 892
rail 0.0012 341 654 687 1052
rail 0.0012 257 546 842 950
rail 0.0012 1872 676 1921 1008
rail 0.0012 499 513 955 679
rail 0.0011 1679 635 1932 1084
rail 0.0010 1881 606 1919 749
rail 0.0010 788 521 952 554
rail 0.0010 2 662 316 786
track-sign-front 0.0160 1006 476 1039 509
track-sign-front 0.0096 1000 469 1063 517
track-sign-front 0.0052 1203 275 1306 388
track-sign-front 0.0048 568 247 593 273
track-sign-front 0.0042 738 410 762 460
track-sign-front 0.0035 733 419 767 487
track-sign-front 0.0031 716 445 747 503
track-sign-front 0.0022 1006 434 1038 495
track-sign-front 0.0019 1039 467 1074 523
track-sign-front 0.0019 892 413 916 490
track-sign-front 0.0019 714 420 759 498
track-sign-front 0.0018 714 441 779 512
track-sign-front 0.0016 736 394 762 443
track-sign-front 0.0016 731 392 753 438
track-sign-front 0.0014 906 321 928 459
track-signal-front 0.0207 579 266 602 313
track-signal-front 0.0083 572 250 599 307
track-signal-front 0.0015 532 307 547 332
track-signal-front 0.0012 1429 41 1547 337
track-signal-front 0.0010 1003 424 1031 458
track-signal-front 0.0010 1030 411 1069 449
track-signal-back 0.0069 579 270 602 319
track-signal-back 0.0023 1050 415 1065 437
person-group 0.0012 2 366 127 502
person 0.0456 356 436 386 507
person 0.0279 340 439 373 506
person 0.0109 35 372 95 494
person 0.0036 324 439 352 503
person 0.0029 3 369 65 496
person 0.0023 336 426 390 501
person 0.0021 48 370 129 498
person 0.0017 307 426 351 499
person 0.0016 85 377 128 492
person 0.0013 313 434 379 505
person 0.0011 0 375 35 494
person 0.0010 98 377 149 491
pole 0.2841 905 20 937 530
pole 0.0208 961 268 975 503
pole 0.0188 905 245 927 530
pole 0.0166 957 341 972 482
pole 0.0088 917 29 968 528
pole 0.0085 901 338 936 511
pole 0.0074 889 302 912 526
pole 0.0072 941 328 969 502
pole 0.0058 978 276 998 497
pole 0.0056 891 -32 952 519
pole 0.0030 911 122 931 468
pole 0.0027 875 311 901 515
pole 0.0024 881 368 901 487
pole 0.0024 965 303 975 441
pole 0.0018 934 211 968 524
pole 0.0014 959 264 988 504
pole 0.0012 952 325 979 497
pole 0.0011 895 407 934 498
pole 0.0011 884 349 927 515
