guard-rail 0.0554 863 573 923 597
guard-rail 0.0238 872 554 946 600
guard-rail 0.0153 874 578 937 602
guard-rail 0.0146 895 507 955 601
guard-rail 0.0096 926 504 956 601
guard-rail 0.0078 858 568 929 617
guard-rail 0.0059 851 587 922 637
rail 0.9704 4 505 951 1074
rail 0.9500 933 504 1320 1077
rail 0.0195 894 505 955 602
rail 0.0061 861 556 939 617
rail 0.0035 875 535 941 601
rail 0.0024 844 511 960 616
rail 0.0015 951 519 1030 1061
rail 0.0013 955 504 1096 1068
rail 0.0012 807 527 946 636
rail 0.0010 921 497 962 579
switch-left 0.0818 865 572 925 597
switch-left 0.0019 826 585 919 635
switch-right 0.0890 866 574 925 596
switch-static 0.0300 750 591 780 610
switch-static 0.0043 742 592 783 620
switch-static 0.0014 766 589 826 620
switch-static 0.0012 921 575 953 601
switch-static 0.0012 752 582 774 608
track-sign-front 0.7255 1336 549 1367 602
track-sign-front 0.6184 530 469 558 521
track-sign-front 0.3209 1173 500 1194 524
track-sign-front 0.2136 760 473 780 496
track-sign-front 0.0485 540 452 560 474
track-sign-front 0.0118 1177 497 1201 521
track-sign-front 0.0112 1339 479 1363 589
track-sign-front 0.0081 519 467 568 527
track-sign-front 0.0053 1057 492 1077 517
track-sign-front 0.0049 763 470 800 496
track-sign-front 0.0045 536 442 564 475
track-sign-front 0.0037 880 474 898 495
track-sign-front 0.0035 539 420 560 471
track-sign-front 0.0029 833 529 844 563
track-sign-front 0.0025 887 473 918 517
track-sign-front 0.0021 887 436 925 516
track-sign-front 0.0020 1062 487 1084 526
track-sign-front 0.0020 1335 575 1362 704
track-sign-front 0.0020 832 516 846 546
track-sign-front 0.0019 535 462 576 536
track-sign-front 0.0017 879 479 898 507
track-sign-front 0.0014 1033 491 1070 526
track-sign-front 0.0012 1165 528 1183 619
track-sign-front 0.0011 1167 523 1190 576
track-sign-front 0.0011 973 496 1010 533
track-sign-front 0.0011 533 481 557 559
track-sign-front 0.0010 537 403 567 499
track-signal-front 0.1043 1164 439 1192 481
track-signal-front 0.0013 1171 434 1210 480
track-signal-back 0.6177 776 338 802 430
track-signal-back 0.3706 1168 361 1196 445
track-signal-back 0.2302 775 414 797 448
track-signal-back 0.0241 1164 399 1193 480
track-signal-back 0.0141 763 430 795 476
track-signal-back 0.0081 764 335 811 442
track-signal-back 0.0062 1176 362 1202 410
track-signal-back 0.0056 1173 363 1194 398
track-signal-back 0.0054 1160 362 1204 470
track-signal-back 0.0041 1157 370 1185 466
track-signal-back 0.0026 777 339 800 371
track-signal-back 0.0017 1153 429 1184 487
track-signal-back 0.0013 1132 410 1165 464
track-signal-back 0.0011 760 413 788 451
pole 0.0282 907 396 926 530
pole 0.0024 902 366 919 523
pole 0.0020 904 451 939 546
pole 0.0018 913 400 945 523
pole 0.0017 904 476 950 592
pole 0.0010 904 377 935 516
