guard-rail 0.0217 1264 636 1465 766
guard-rail 0.0132 1318 684 1482 767
guard-rail 0.0129 1081 565 1160 608
guard-rail 0.0088 1160 580 1219 611
guard-rail 0.0081 1285 675 1436 756
guard-rail 0.0081 1183 584 1226 605
guard-rail 0.0077 1563 664 1863 743
guard-rail 0.0068 1329 701 1438 757
guard-rail 0.0064 1179 608 1239 643
guard-rail 0.0058 1201 610 1262 656
guard-rail 0.0033 1188 599 1278 677
guard-rail 0.0029 1534 660 1754 714
guard-rail 0.0029 1620 674 1718 708
guard-rail 0.0029 1201 582 1257 607
guard-rail 0.0028 1568 656 1666 688
guard-rail 0.0027 1644 678 1740 714
guard-rail 0.0027 1196 626 1243 655
guard-rail 0.0025 1226 608 1282 653
guard-rail 0.0023 1218 627 1287 669
guard-rail 0.0023 1638 680 1790 727
guard-rail 0.0022 1596 670 1693 702
guard-rail 0.0020 1816 697 1910 737
guard-rail 0.0019 1542 651 1644 683
guard-rail 0.0018 1620 664 1712 693
guard-rail 0.0017 1221 638 1304 691
guard-rail 0.0015 1099 592 1146 638
guard-rail 0.0015 1668 690 1765 726
guard-rail 0.0014 1239 634 1323 706
guard-rail 0.0013 1690 683 1785 718
guard-rail 0.0012 1175 579 1233 620
guard-rail 0.0011 1260 654 1355 736
guard-rail 0.0011 1205 638 1274 678
guard-rail 0.0010 1817 714 1909 769
guard-rail 0.0010 1223 577 1287 612
guard-rail 0.0010 1224 624 1354 747
guard-rail 0.0010 1482 644 1571 674
rail 0.9638 1032 536 1299 1076
rail 0.9427 1075 537 1913 1074
rail 0.8234 1127 538 1915 778
rail 0.7041 1075 543 1490 774
rail 0.4170 1206 551 1915 682
rail 0.3423 1422 619 1920 764
rail 0.1052 1052 538 1083 569
rail 0.0994 1066 553 1197 608
rail 0.0616 1570 660 1917 773
rail 0.0515 1057 544 1099 572
rail 0.0481 1059 554 1115 580
rail 0.0428 1450 598 1929 688
rail 0.0417 1195 596 1531 788
rail 0.0379 1070 546 1153 580
rail 0.0324 1134 545 1487 623
rail 0.0307 1054 552 1083 578
rail 0.0284 1066 552 1274 633
rail 0.0224 1108 545 1402 598
rail 0.0206 1152 545 1683 647
rail 0.0188 1058 540 1171 592
rail 0.0175 1585 638 1918 726
rail 0.0134 1088 571 1382 705
rail 0.0120 1103 541 1163 577
rail 0.0100 1200 618 1631 865
rail 0.0086 1268 678 1496 763
rail 0.0086 1120 541 1296 582
rail 0.0084 1109 587 1317 672
rail 0.0072 1105 591 1211 647
rail 0.0071 1837 374 1921 1121
rail 0.0065 1053 524 1120 561
rail 0.0065 1796 692 1922 741
rail 0.0063 1332 669 1768 940
rail 0.0060 1339 338 1623 699
rail 0.0060 1109 545 1205 583
rail 0.0058 1068 534 1392 638
rail 0.0050 1162 536 1446 581
rail 0.0049 1137 573 1237 624
rail 0.0048 1749 675 1918 731
rail 0.0045 1641 549 1930 826
rail 0.0043 1798 709 1921 776
rail 0.0041 1207 599 1356 745
rail 0.0039 1790 823 1919 998
rail 0.0039 1213 648 1454 771
rail 0.0039 1703 645 1918 699
rail 0.0037 1511 620 1821 697
rail 0.0037 1144 556 1269 602
rail 0.0037 1510 659 1832 737
rail 0.0033 1325 651 1556 807
rail 0.0031 1708 686 1917 751
rail 0.0031 1241 510 1566 635
rail 0.0031 1321 608 1631 675
rail 0.0031 1136 596 1403 772
rail 0.0030 1840 901 1915 1065
rail 0.0030 1045 536 1114 578
rail 0.0029 1831 681 1921 762
rail 0.0029 1084 505 1142 563
rail 0.0029 1074 551 1137 627
rail 0.0028 1136 536 1235 587
rail 0.0028 1195 560 1509 607
rail 0.0028 1098 520 1167 553
rail 0.0027 1504 610 1703 680
rail 0.0027 1195 575 1512 639
rail 0.0027 1202 593 1743 994
rail 0.0026 1687 194 1927 1048
rail 0.0026 1312 611 1902 852
rail 0.0026 1796 513 1919 969
rail 0.0025 1103 499 1162 560
rail 0.0024 1050 538 1233 713
rail 0.0023 1082 527 1144 555
rail 0.0021 1222 443 1895 704
rail 0.0020 1189 556 1323 588
rail 0.0019 1185 612 1290 690
rail 0.0019 1796 652 1920 706
rail 0.0018 1806 731 1920 795
rail 0.0017 1606 618 1915 676
rail 0.0016 1129 489 1190 606
rail 0.0016 1333 568 1577 661
rail 0.0015 1761 877 1916 1038
rail 0.0015 1062 513 1231 590
rail 0.0015 1252 594 1461 640
rail 0.0014 1252 613 1406 755
rail 0.0014 1784 641 1925 854
rail 0.0014 1396 744 1769 895
rail 0.0014 1218 540 1341 582
rail 0.0014 1789 724 1916 922
rail 0.0013 1313 566 1486 606
rail 0.0012 1325 582 1479 629
rail 0.0012 1118 495 1263 580
rail 0.0011 1771 859 1902 951
rail 0.0011 1677 730 1980 1031
rail 0.0011 1181 593 1428 657
rail 0.0010 1029 546 1119 1058
rail 0.0010 1801 915 1924 1092
rail 0.0010 1031 528 1078 561
rail 0.0010 1044 528 1177 669
rail 0.0010 1733 706 1896 768
rail 0.0010 1742 626 1921 680
rail 0.0010 1203 579 1453 713
switch-indicator 0.3618 1145 613 1162 636
switch-indicator 0.0180 1147 610 1186 639
switch-indicator 0.0148 1142 603 1171 636
switch-indicator 0.0078 1112 570 1166 634
switch-indicator 0.0064 1142 611 1160 647
switch-left 0.0151 1452 765 1675 881
switch-left 0.0138 1349 713 1579 807
switch-left 0.0105 1487 795 1710 897
switch-left 0.0075 1437 758 1610 836
switch-left 0.0054 1534 820 1743 910
switch-left 0.0053 1481 636 1607 674
switch-left 0.0048 1490 780 1643 850
switch-left 0.0042 1372 719 1525 776
switch-left 0.0038 1389 728 1738 926
switch-left 0.0037 1396 735 1549 794
switch-left 0.0026 1525 648 1661 688
switch-left 0.0023 1305 691 1640 873
switch-left 0.0020 1599 849 1811 935
switch-left 0.0012 1530 658 1717 708
switch-right 0.0192 1439 769 1659 853
switch-right 0.0139 1305 695 1524 771
switch-right 0.0115 1359 719 1570 804
switch-right 0.0081 1410 741 1600 827
switch-right 0.0075 1481 636 1607 674
switch-right 0.0055 1047 554 1078 580
switch-right 0.0039 1521 648 1666 688
switch-unknown 0.1124 1053 541 1081 569
switch-unknown 0.0779 1055 555 1082 574
switch-unknown 0.0616 1050 538 1079 557
switch-unknown 0.0343 1058 557 1105 581
switch-unknown 0.0144 1072 555 1157 589
switch-unknown 0.0075 1131 560 1189 595
switch-unknown 0.0068 1156 561 1215 597
switch-unknown 0.0059 1500 644 1637 682
switch-unknown 0.0035 1177 565 1237 597
switch-unknown 0.0034 1130 538 1187 582
switch-unknown 0.0031 1198 559 1274 588
switch-unknown 0.0030 1153 534 1213 581
switch-unknown 0.0017 1191 543 1279 578
switch-unknown 0.0016 1475 632 1568 664
switch-unknown 0.0016 1170 541 1247 577
switch-unknown 0.0016 1290 596 1473 640
switch-unknown 0.0014 1337 607 1426 633
switch-unknown 0.0014 1244 559 1314 587
switch-unknown 0.0013 1407 622 1596 667
switch-unknown 0.0011 1463 638 1594 679
switch-static 0.4618 1786 833 1876 881
switch-static 0.0343 1805 838 1908 886
switch-static 0.0339 1741 834 1846 884
switch-static 0.0088 1769 829 1904 920
switch-static 0.0067 1483 786 1680 867
switch-static 0.0060 1540 891 1622 931
switch-static 0.0045 1769 842 1863 900
switch-static 0.0040 1744 816 1877 877
switch-static 0.0038 1762 784 1917 970
switch-static 0.0036 1596 771 1666 804
switch-static 0.0036 1519 863 1677 938
switch-static 0.0029 1795 803 1902 890
switch-static 0.0027 1519 635 1612 671
switch-static 0.0027 1715 828 1816 877
switch-static 0.0022 1827 823 1916 975
switch-static 0.0016 1278 616 1336 635
switch-static 0.0015 1652 838 1868 924
switch-static 0.0014 1293 615 1364 635
switch-static 0.0013 1546 631 1635 666
switch-static 0.0013 1784 662 1931 1072
switch-static 0.0011 1352 586 1417 625
switch-static 0.0010 1888 860 1919 918
track-sign-front 0.7127 1462 503 1489 549
track-sign-front 0.0114 1449 512 1498 564
track-sign-front 0.0096 319 305 384 543
track-sign-front 0.0067 1465 523 1490 565
track-sign-front 0.0063 1408 502 1538 563
track-sign-front 0.0053 314 460 380 687
track-sign-front 0.0051 1403 457 1428 583
track-sign-front 0.0038 1404 521 1425 579
track-sign-front 0.0031 1448 118 1495 145
track-sign-front 0.0031 316 468 381 563
track-sign-front 0.0025 1463 481 1493 537
track-sign-front 0.0024 1461 501 1488 651
track-sign-front 0.0022 1432 437 1480 582
track-sign-front 0.0013 949 533 968 570
track-sign-front 0.0012 1015 494 1037 552
track-sign-front 0.0012 307 228 381 811
track-sign-front 0.0012 1452 538 1481 617
track-sign-front 0.0011 1857 549 1915 620
track-sign-front 0.0010 325 411 383 596
track-sign-front 0.0010 1026 510 1080 569
track-sign-front 0.0010 1523 471 1540 499
track-sign-front 0.0010 1452 443 1493 545
track-signal-front 0.4762 392 128 537 274
track-signal-front 0.0171 1658 50 1859 228
track-signal-front 0.0164 332 59 464 276
track-signal-front 0.0062 1018 465 1031 519
track-signal-front 0.0033 338 63 441 193
track-signal-front 0.0022 1017 478 1039 525
track-signal-front 0.0010 343 110 419 318
track-signal-back 0.6284 390 120 541 280
track-signal-back 0.5271 1661 62 1858 243
track-signal-back 0.0117 326 69 520 287
track-signal-back 0.0050 1018 468 1029 505
track-signal-back 0.0019 1707 73 1818 211
track-signal-back 0.0016 341 111 415 308
track-signal-back 0.0011 1018 461 1031 487
track-signal-back 0.0010 1655 91 1917 299
track-signal-back 0.0010 347 176 403 299
pole 0.7453 1441 132 1493 701
pole 0.3198 1393 361 1413 607
pole 0.2786 1168 430 1181 567
pole 0.2066 1845 59 1924 1053
pole 0.1923 1776 -62 1919 1142
pole 0.0726 1400 342 1426 627
pole 0.0664 1384 371 1408 596
pole 0.0216 1186 431 1210 566
pole 0.0119 1397 450 1417 596
pole 0.0108 1158 462 1187 568
pole 0.0106 1409 141 1514 665
pole 0.0088 1198 432 1210 555
pole 0.0071 1385 321 1446 629
pole 0.0066 1395 416 1410 567
pole 0.0050 1103 465 1130 557
pole 0.0043 1402 437 1429 569
pole 0.0038 1165 470 1205 589
pole 0.0035 1824 325 1915 978
pole 0.0029 1456 355 1488 635
pole 0.0025 1370 360 1427 604
pole 0.0020 1429 366 1470 623
pole 0.0019 1112 440 1168 560
pole 0.0016 1677 -39 1989 1076
pole 0.0013 1463 487 1503 655
pole 0.0013 1800 101 1915 723
pole 0.0011 1843 345 1928 780
pole 0.0010 1404 511 1425 594
rail-occluder 0.0021 1376 585 1425 619
rail-occluder 0.0016 1382 558 1418 609
