crossing 0.0118 938 639 1008 662
crossing 0.0102 966 632 1027 668
crossing 0.0072 937 646 1004 669
crossing 0.0046 1006 628 1063 662
crossing 0.0042 1037 633 1075 650
crossing 0.0013 1010 642 1053 673
crossing 0.0011 924 650 982 678
crossing 0.0010 1206 704 1256 720
train-car 0.6920 1211 527 1918 742
train-car 0.0753 1440 468 1804 767
train-car 0.0265 1574 502 1684 811
train-car 0.0065 1547 495 1917 755
train-car 0.0032 1524 359 1714 655
train-car 0.0020 1251 226 1915 866
train-car 0.0013 1443 531 1616 714
train-car 0.0010 1356 273 1612 776
platform 0.1880 0 666 840 865
platform 0.0113 991 638 1051 672
platform 0.0067 953 638 1040 666
platform 0.0063 1000 638 1031 676
platform 0.0031 1002 635 1062 664
platform 0.0011 134 670 773 798
rail 0.9641 983 634 1260 1076
rail 0.9537 1080 640 1916 1076
rail 0.9448 188 648 1004 1076
rail 0.6708 1168 649 1917 865
rail 0.3769 1210 646 1926 762
rail 0.3510 -3 666 883 948
rail 0.0306 1467 680 1922 823
rail 0.0070 1557 705 1922 886
rail 0.0055 1562 685 1921 775
rail 0.0027 1387 697 1916 954
rail 0.0026 1642 702 1918 804
rail 0.0021 1114 617 1400 668
track-sign-front 0.2803 240 568 299 624
track-sign-front 0.0184 206 250 313 919
track-sign-front 0.0058 217 798 252 929
track-sign-front 0.0047 233 531 305 626
track-sign-front 0.0032 1126 601 1150 639
track-sign-front 0.0025 748 581 763 604
track-sign-front 0.0024 980 619 1025 659
track-sign-front 0.0018 216 741 264 795
track-sign-front 0.0017 223 475 299 542
track-sign-front 0.0017 207 728 251 804
track-sign-front 0.0015 990 593 1047 670
track-sign-front 0.0011 1621 422 1654 676
track-signal-front 0.8017 195 193 261 387
track-signal-front 0.7083 188 381 270 481
track-signal-front 0.1534 177 359 279 527
track-signal-front 0.0286 151 455 188 513
track-signal-front 0.0238 1035 593 1048 624
track-signal-front 0.0204 184 238 270 500
track-signal-front 0.0133 163 268 278 714
track-signal-front 0.0113 193 297 258 396
track-signal-front 0.0110 149 415 205 511
track-signal-front 0.0108 1127 609 1140 631
track-signal-front 0.0095 1153 572 1167 614
track-signal-front 0.0090 149 384 250 488
track-signal-front 0.0059 1029 596 1058 649
track-signal-front 0.0046 1035 578 1051 605
track-signal-front 0.0040 222 475 303 533
track-signal-front 0.0040 144 144 291 899
track-signal-front 0.0037 1121 573 1162 649
track-signal-front 0.0032 104 395 191 509
track-signal-front 0.0022 153 181 283 427
track-signal-front 0.0020 1017 573 1047 647
track-signal-front 0.0020 1035 565 1074 636
track-signal-front 0.0018 203 198 261 300
track-signal-front 0.0016 189 348 264 441
track-signal-front 0.0016 153 443 230 511
track-signal-front 0.0016 102 388 167 470
track-signal-front 0.0015 118 387 159 433
track-signal-front 0.0014 1144 534 1167 633
track-signal-front 0.0013 0 372 135 484
track-signal-front 0.0012 1035 612 1079 654
track-signal-front 0.0011 1112 580 1141 637
track-signal-front 0.0010 167 202 241 378
track-signal-front 0.0010 191 342 320 497
track-signal-front 0.0010 183 316 251 471
track-signal-back 0.7895 1599 341 1658 505
track-signal-back 0.0267 1600 454 1669 502
track-signal-back 0.0156 1601 346 1650 403
track-signal-back 0.0051 1599 343 1722 507
track-signal-back 0.0029 1605 438 1651 533
pole 0.5183 1426 249 1456 758
pole 0.3902 1609 329 1661 864
pole 0.3096 174 205 289 954
pole 0.2936 198 455 257 949
pole 0.2252 1624 503 1649 828
pole 0.1541 1208 478 1226 677
pole 0.1256 1477 401 1768 825
pole 0.0839 1431 511 1447 739
pole 0.0693 1212 562 1225 669
pole 0.0412 1585 468 1672 837
pole 0.0305 1428 568 1444 764
pole 0.0267 210 772 251 954
pole 0.0264 1317 567 1332 674
pole 0.0248 1154 567 1170 657
pole 0.0227 185 529 296 949
pole 0.0196 1433 559 1445 701
pole 0.0178 1299 560 1326 679
pole 0.0175 1433 398 1450 709
pole 0.0139 1217 592 1236 674
pole 0.0133 1210 525 1224 646
pole 0.0112 1425 514 1455 774
pole 0.0088 1428 635 1441 752
pole 0.0081 1156 561 1195 672
pole 0.0080 1373 582 1897 804
pole 0.0074 207 664 266 941
pole 0.0064 1307 599 1327 675
pole 0.0062 3 452 39 884
pole 0.0057 1265 558 1307 677
pole 0.0056 1629 505 1668 828
pole 0.0047 1151 561 1168 625
pole 0.0046 1605 414 1675 563
pole 0.0040 149 346 257 966
pole 0.0038 860 573 872 687
pole 0.0034 1594 246 1687 775
pole 0.0026 1410 310 1469 781
pole 0.0024 209 556 249 896
pole 0.0024 9 491 56 914
pole 0.0022 1233 568 1282 673
pole 0.0020 2 486 24 758
pole 0.0019 1428 268 1449 603
pole 0.0019 1434 244 1510 781
pole 0.0018 230 529 332 923
pole 0.0018 1628 602 1646 743
pole 0.0017 148 528 423 929
pole 0.0017 1252 547 1279 668
pole 0.0014 1399 441 1500 776
pole 0.0014 1601 308 1742 825
pole 0.0013 1611 566 1663 802
pole 0.0013 76 771 494 964
pole 0.0012 1435 491 1449 621
pole 0.0012 222 463 301 556
pole 0.0012 201 639 237 889
pole 0.0011 1174 556 1227 677
pole 0.0011 1213 425 1230 658
pole 0.0011 1245 569 1380 678
pole 0.0010 1328 586 1349 660
pole 0.0010 1162 578 1285 674
rail-occluder 0.6616 288 805 332 900
rail-occluder 0.4678 1574 713 1622 808
rail-occluder 0.2392 1575 717 1593 804
rail-occluder 0.1429 1358 683 1837 835
rail-occluder 0.1267 279 799 338 945
rail-occluder 0.0700 1538 703 1664 832
rail-occluder 0.0444 1590 716 1639 815
rail-occluder 0.0274 1296 643 1310 668
rail-occluder 0.0264 218 790 259 930
rail-occluder 0.0247 1297 628 1312 670
rail-occluder 0.0244 233 802 335 962
rail-occluder 0.0121 1588 634 1647 805
rail-occluder 0.0115 1001 640 1030 674
rail-occluder 0.0103 1284 627 1310 672
rail-occluder 0.0062 191 792 294 973
rail-occluder 0.0044 249 797 330 896
rail-occluder 0.0042 220 830 272 969
rail-occluder 0.0035 1574 715 1585 746
rail-occluder 0.0031 210 784 424 973
rail-occluder 0.0023 1535 710 1768 858
rail-occluder 0.0013 193 848 260 992
rail-occluder 0.0013 221 749 264 816
rail-occluder 0.0011 247 841 362 987
rail-occluder 0.0011 1167 626 1423 675
rail-occluder 0.0011 287 798 366 881
rail-occluder 0.0010 1263 640 1344 673
