crossing 0.0059 1167 848 1316 959
crossing 0.0018 1194 861 1286 945
crossing 0.0011 1346 743 1392 785
guard-rail 0.0077 1255 806 1348 962
guard-rail 0.0046 1287 841 1321 924
guard-rail 0.0046 1201 865 1289 953
guard-rail 0.0044 1255 846 1314 928
guard-rail 0.0043 1178 835 1307 986
guard-rail 0.0027 1218 773 1336 1043
guard-rail 0.0019 1294 816 1338 867
guard-rail 0.0017 1310 802 1341 862
guard-rail 0.0012 1281 806 1347 885
train-car 0.0012 1456 685 1518 749
rail 0.9336 1108 741 1398 1073
rail 0.0066 1152 818 1333 1005
rail 0.0065 1241 756 1360 1059
rail 0.0014 1315 763 1379 812
rail 0.0011 1327 749 1388 794
rail 0.0011 1303 768 1368 828
rail 0.0010 1307 784 1354 837
rail 0.0010 1343 741 1395 786
track-sign-front 0.0319 779 866 811 894
track-sign-front 0.0051 1108 716 1125 747
track-sign-front 0.0046 1690 701 1741 756
track-sign-front 0.0018 778 850 817 909
track-sign-front 0.0016 1678 672 1762 759
track-sign-front 0.0014 680 746 736 834
track-sign-front 0.0010 1488 703 1519 751
track-signal-front 0.1093 1163 710 1182 739
track-signal-front 0.0507 1209 876 1266 976
track-signal-front 0.0131 1212 916 1261 972
track-signal-front 0.0032 1049 719 1071 752
track-signal-front 0.0030 1198 856 1282 1001
track-signal-front 0.0028 1488 700 1519 738
track-signal-front 0.0017 1195 912 1260 996
track-signal-front 0.0015 1170 834 1311 1025
track-signal-front 0.0013 1165 699 1186 731
