crossing 0.5688 852 505 915 542
crossing 0.0876 876 549 952 581
crossing 0.0670 877 520 932 545
crossing 0.0572 870 517 940 560
crossing 0.0326 818 504 903 538
crossing 0.0103 799 509 875 532
crossing 0.0102 841 489 917 534
crossing 0.0048 771 487 891 535
crossing 0.0014 801 461 972 600
crossing 0.0010 809 471 939 526
crossing 0.0010 898 559 972 586
train-car 0.0024 1729 177 1919 571
rail 0.9429 745 467 1150 1075
rail 0.0042 760 458 892 520
rail 0.0010 767 468 916 1066
switch-static 0.0097 809 553 844 580
switch-static 0.0031 806 560 836 582
track-sign-front 0.1852 729 435 759 477
track-sign-front 0.1550 768 362 787 383
track-sign-front 0.0483 994 437 1010 455
track-sign-front 0.0064 742 404 775 427
track-sign-front 0.0044 723 432 774 483
track-sign-front 0.0034 754 392 785 428
track-sign-front 0.0030 722 291 743 317
track-sign-front 0.0025 772 357 793 378
track-sign-front 0.0018 873 389 893 412
track-sign-front 0.0017 609 342 640 376
track-sign-front 0.0014 988 434 1015 457
track-sign-front 0.0011 748 404 795 475
track-sign-front 0.0010 730 403 756 430
track-signal-front 0.0033 0 -6 81 118
track-signal-back 0.0018 0 -2 92 114
pole 0.0034 776 440 798 490
pole 0.0012 725 442 765 556
rail-occluder 0.0163 731 434 766 487
rail-occluder 0.0094 725 435 796 486
rail-occluder 0.0062 752 436 800 500
rail-occluder 0.0018 768 448 825 513
