platform 0.0013 787 715 1715 1065
rail 0.9166 6 842 972 1079
rail 0.7417 557 877 945 1078
rail 0.2568 550 794 1236 1079
rail 0.1134 488 726 1580 1073
rail 0.0119 25 813 986 916
rail 0.0027 386 874 1425 1105
rail 0.0013 103 609 1531 1010
track-sign-front 0.3625 0 466 84 688
track-sign-front 0.1540 480 284 545 352
track-sign-front 0.0513 923 472 1057 697
track-sign-front 0.0133 581 551 614 584
track-sign-front 0.0095 1778 -1 1857 99
track-sign-front 0.0052 1453 341 1526 433
track-sign-front 0.0027 1272 835 1437 961
track-sign-front 0.0015 1777 -8 1897 148
track-sign-front 0.0011 910 726 938 820
track-sign-front 0.0010 1 407 63 468
track-sign-front 0.0010 0 431 70 485
track-sign-front 0.0010 474 282 551 428
track-signal-front 0.1881 609 701 628 737
track-signal-front 0.1641 1073 522 1112 574
track-signal-front 0.0281 1425 84 1556 328
track-signal-front 0.0068 604 698 630 750
track-signal-front 0.0066 1419 179 1545 364
track-signal-front 0.0064 613 709 630 746
track-signal-front 0.0062 1428 130 1554 478
track-signal-front 0.0038 1432 96 1535 227
track-signal-front 0.0019 1411 251 1506 317
track-signal-front 0.0011 1070 508 1121 600
track-signal-back 0.0222 1432 87 1552 215
track-signal-back 0.0150 315 640 343 694
track-signal-back 0.0019 575 473 599 516
pole 0.0019 609 739 626 846
