guard-rail 0.0170 1066 585 1159 672
guard-rail 0.0074 1098 596 1162 645
guard-rail 0.0051 1078 644 1158 694
guard-rail 0.0021 854 629 943 655
guard-rail 0.0017 1095 601 1170 680
guard-rail 0.0013 817 624 937 660
rail 0.8706 10 564 1155 946
rail 0.8428 1152 575 1917 805
rail 0.8411 960 784 1187 1077
rail 0.7896 941 578 1244 1074
rail 0.7642 3 564 1082 703
rail 0.3520 1031 583 1173 680
rail 0.2000 -5 584 1000 797
rail 0.1719 1025 618 1127 688
rail 0.0420 1048 580 1136 612
rail 0.0382 1083 528 1304 1074
rail 0.0272 1051 567 1168 623
rail 0.0246 4 612 746 723
rail 0.0202 1058 618 1170 714
rail 0.0190 0 665 720 827
rail 0.0187 5 639 336 698
rail 0.0144 1098 569 1176 611
rail 0.0103 1088 570 1149 597
rail 0.0103 1046 605 1195 753
rail 0.0086 1024 605 1097 670
rail 0.0084 2 651 249 718
rail 0.0082 1036 564 1213 997
rail 0.0075 12 608 685 675
rail 0.0060 4 649 114 688
rail 0.0059 215 587 875 643
rail 0.0055 1027 561 1155 647
rail 0.0051 893 591 1092 1085
rail 0.0050 972 578 1160 787
rail 0.0042 1 695 701 949
rail 0.0038 24 647 677 751
rail 0.0038 0 650 67 679
rail 0.0038 1058 451 1201 689
rail 0.0037 1074 569 1220 640
rail 0.0033 8 693 513 798
rail 0.0030 135 508 1066 645
rail 0.0030 0 646 156 705
rail 0.0029 1089 632 1197 708
rail 0.0029 993 603 1126 727
rail 0.0028 1 639 334 757
rail 0.0028 936 591 1050 620
rail 0.0024 11 646 100 674
rail 0.0024 709 576 1058 645
rail 0.0022 3 660 118 724
rail 0.0021 860 533 1259 870
rail 0.0020 1 647 45 694
rail 0.0019 335 608 568 678
rail 0.0018 40 616 436 717
rail 0.0018 15 634 254 682
rail 0.0018 3 723 242 802
rail 0.0018 938 621 1149 944
rail 0.0018 365 549 1188 660
rail 0.0018 0 648 73 739
rail 0.0017 1294 533 1356 714
rail 0.0016 1372 646 1915 776
rail 0.0016 1077 758 1234 1074
rail 0.0016 1116 553 1162 588
rail 0.0015 360 606 738 679
rail 0.0015 234 546 1325 794
rail 0.0015 296 670 604 762
rail 0.0014 1089 608 1912 1067
rail 0.0013 905 582 1074 634
rail 0.0013 427 574 1133 729
rail 0.0013 1026 542 1212 663
rail 0.0013 1107 593 1208 643
rail 0.0013 392 659 707 752
rail 0.0013 712 579 951 619
rail 0.0012 0 649 33 731
rail 0.0012 292 692 612 807
rail 0.0012 4 640 157 677
rail 0.0011 1090 557 1153 584
rail 0.0010 744 564 1126 622
rail 0.0010 1188 600 1385 776
rail 0.0010 1023 611 1137 829
switch-indicator 0.2920 252 638 282 685
switch-indicator 0.2228 757 610 779 629
switch-indicator 0.0551 944 601 970 619
switch-indicator 0.0470 1208 737 1260 781
switch-indicator 0.0322 1186 741 1276 800
switch-indicator 0.0144 234 678 285 737
switch-indicator 0.0102 236 638 294 689
switch-indicator 0.0074 194 633 353 692
switch-indicator 0.0054 751 615 777 642
switch-indicator 0.0042 1265 622 1315 752
switch-indicator 0.0037 249 647 289 724
switch-indicator 0.0016 1169 712 1273 784
switch-indicator 0.0015 634 632 662 659
switch-left 0.2539 970 781 1157 887
switch-left 0.2184 1018 647 1102 689
switch-left 0.0135 1006 688 1110 723
switch-left 0.0018 944 696 1142 872
switch-left 0.0012 988 620 1126 759
switch-right 0.3393 1016 646 1099 689
switch-right 0.2615 976 782 1157 886
switch-right 0.1080 988 776 1141 842
switch-right 0.0406 1031 600 1094 651
switch-right 0.0218 1011 662 1103 706
switch-right 0.0108 1005 688 1110 723
switch-right 0.0011 1048 781 1215 901
switch-unknown 0.0946 1036 597 1091 621
switch-unknown 0.0825 1133 569 1181 590
switch-unknown 0.0595 1110 566 1173 591
switch-unknown 0.0512 1031 598 1092 647
switch-unknown 0.0492 1081 577 1122 598
switch-unknown 0.0477 1097 571 1138 594
switch-unknown 0.0422 1057 582 1126 604
switch-unknown 0.0273 1157 557 1212 592
switch-unknown 0.0264 1130 572 1194 601
switch-unknown 0.0177 1116 554 1160 584
switch-unknown 0.0157 1155 570 1215 615
switch-unknown 0.0135 1110 573 1171 601
switch-unknown 0.0124 1041 579 1101 603
switch-unknown 0.0084 1098 545 1138 589
switch-unknown 0.0062 985 592 1063 621
switch-unknown 0.0062 1140 549 1194 582
switch-unknown 0.0044 1175 551 1224 596
switch-unknown 0.0040 949 600 1037 624
switch-unknown 0.0021 1011 578 1081 603
switch-unknown 0.0018 1175 576 1228 620
switch-unknown 0.0011 1178 533 1209 578
switch-static 0.4848 1161 766 1271 807
switch-static 0.1536 1178 743 1270 801
switch-static 0.1328 1120 670 1170 696
switch-static 0.0181 1116 769 1229 811
switch-static 0.0138 935 603 975 624
switch-static 0.0132 1178 735 1264 777
switch-static 0.0091 3 979 49 1031
switch-static 0.0082 1206 736 1292 778
switch-static 0.0070 1164 625 1209 643
switch-static 0.0067 635 635 661 654
switch-static 0.0062 1222 752 1321 787
switch-static 0.0044 1139 719 1289 847
switch-static 0.0041 1096 668 1154 696
switch-static 0.0041 1113 695 1219 734
switch-static 0.0041 1103 665 1200 722
switch-static 0.0029 1084 638 1159 731
switch-static 0.0024 1128 678 1221 724
switch-static 0.0024 1129 625 1199 655
switch-static 0.0022 1117 752 1154 788
switch-static 0.0019 1077 568 1328 966
switch-static 0.0018 1164 612 1214 647
switch-static 0.0016 909 610 963 636
switch-static 0.0015 628 634 670 658
switch-static 0.0014 1108 710 1219 759
switch-static 0.0013 1150 703 1266 758
switch-static 0.0012 743 614 784 645
switch-static 0.0012 0 981 34 1060
switch-static 0.0011 1112 726 1164 776
switch-static 0.0010 751 612 823 633
track-sign-front 0.6349 1240 251 1298 308
track-sign-front 0.4584 1272 417 1303 462
track-sign-front 0.3234 1300 553 1320 597
track-sign-front 0.0978 1269 464 1300 511
track-sign-front 0.0681 1278 437 1309 704
track-sign-front 0.0474 1295 555 1324 615
track-sign-front 0.0175 1302 445 1335 671
track-sign-front 0.0148 1303 546 1333 661
track-sign-front 0.0141 1292 540 1322 703
track-sign-front 0.0137 1324 424 1349 489
track-sign-front 0.0104 1276 513 1309 637
track-sign-front 0.0095 1241 275 1297 318
track-sign-front 0.0091 1301 506 1336 611
track-sign-front 0.0078 1604 780 1630 838
track-sign-front 0.0077 1179 531 1207 572
track-sign-front 0.0076 1254 256 1319 310
track-sign-front 0.0075 1238 183 1302 383
track-sign-front 0.0071 1268 534 1304 664
track-sign-front 0.0068 1315 416 1348 645
track-sign-front 0.0064 1303 403 1341 475
track-sign-front 0.0056 1178 524 1222 577
track-sign-front 0.0054 1259 244 1323 662
track-sign-front 0.0052 549 530 564 554
track-sign-front 0.0052 1250 464 1289 525
track-sign-front 0.0051 1315 458 1345 551
track-sign-front 0.0047 1268 491 1294 626
track-sign-front 0.0045 1288 466 1329 609
track-sign-front 0.0042 1327 446 1350 500
track-sign-front 0.0038 1251 394 1305 444
track-sign-front 0.0034 1312 555 1344 686
track-sign-front 0.0032 545 532 564 567
track-sign-front 0.0029 1292 381 1331 449
track-sign-front 0.0023 1327 526 1354 625
track-sign-front 0.0016 1241 219 1286 303
track-sign-front 0.0015 1233 -9 1315 592
track-sign-front 0.0015 252 626 284 664
track-sign-front 0.0014 1181 475 1206 587
track-sign-front 0.0012 1203 514 1243 590
track-sign-front 0.0011 1252 412 1288 476
track-sign-front 0.0011 1302 359 1337 458
track-sign-front 0.0010 1231 218 1323 322
track-sign-front 0.0010 538 509 563 548
track-sign-front 0.0010 1281 303 1324 378
track-sign-front 0.0010 1325 498 1362 610
track-signal-front 0.7900 1244 305 1302 414
track-signal-front 0.0033 1052 504 1064 533
track-signal-front 0.0019 1227 248 1296 428
pole 0.5268 1183 360 1209 629
pole 0.4133 1247 44 1353 787
pole 0.0905 1282 398 1350 742
pole 0.0566 1268 409 1309 728
pole 0.0547 1263 198 1317 694
pole 0.0469 1815 13 1917 717
pole 0.0436 1202 371 1235 630
pole 0.0358 1173 348 1221 651
pole 0.0334 1184 144 1223 691
pole 0.0166 1266 450 1288 702
pole 0.0147 1295 80 1353 746
pole 0.0085 1593 760 1633 1077
pole 0.0081 1310 468 1348 743
pole 0.0071 1321 411 1360 694
pole 0.0052 1162 352 1199 644
pole 0.0050 1855 -16 1919 616
pole 0.0046 1097 462 1121 585
pole 0.0039 1243 389 1290 671
pole 0.0037 1092 467 1111 585
pole 0.0035 1180 389 1240 685
pole 0.0034 867 443 879 574
pole 0.0028 1174 205 1256 641
pole 0.0028 1740 -19 1928 673
pole 0.0028 1181 518 1206 590
pole 0.0027 1248 396 1377 769
pole 0.0026 1181 479 1219 625
pole 0.0022 1190 431 1211 582
pole 0.0021 1185 418 1205 568
pole 0.0020 1095 462 1107 564
pole 0.0019 1168 275 1331 692
pole 0.0018 1209 435 1235 574
pole 0.0016 1151 383 1227 721
pole 0.0016 1147 472 1230 637
pole 0.0013 517 298 563 638
pole 0.0010 1214 330 1244 598
pole 0.0010 1127 369 1192 648
rail-occluder 0.2935 1594 761 1640 1060
rail-occluder 0.2642 252 638 282 683
rail-occluder 0.0154 1280 615 1334 727
rail-occluder 0.0106 1270 584 1301 714
rail-occluder 0.0092 1563 758 1682 1060
rail-occluder 0.0083 949 597 976 621
rail-occluder 0.0062 1307 586 1345 723
rail-occluder 0.0051 200 639 295 693
rail-occluder 0.0047 1325 499 1350 696
rail-occluder 0.0047 1265 579 1328 742
rail-occluder 0.0042 1269 501 1308 701
rail-occluder 0.0040 251 639 305 686
rail-occluder 0.0032 1257 619 1284 716
rail-occluder 0.0026 1328 542 1349 655
rail-occluder 0.0024 228 697 275 734
rail-occluder 0.0021 3 646 64 674
rail-occluder 0.0016 636 628 665 652
rail-occluder 0.0010 1549 753 1785 1084
rail-occluder 0.0010 1603 736 1905 1066
