crossing 0.0016 1056 531 1110 554
guard-rail 0.0022 1082 481 1114 503
guard-rail 0.0012 1089 478 1127 503
guard-rail 0.0011 1092 473 1134 495
guard-rail 0.0010 1058 526 1113 557
platform 0.9467 -3 539 992 1078
rail 0.9589 759 465 1144 1079
track-sign-front 0.2134 1741 541 1829 635
track-sign-front 0.1334 1017 477 1038 498
track-sign-front 0.0455 913 446 943 470
track-sign-front 0.0298 868 453 892 494
track-sign-front 0.0245 911 445 945 515
track-sign-front 0.0161 873 447 904 469
track-sign-front 0.0071 835 391 858 453
track-sign-front 0.0058 1015 467 1036 487
track-sign-front 0.0051 834 427 857 485
track-sign-front 0.0042 868 466 895 506
track-sign-front 0.0031 831 458 867 499
track-sign-front 0.0030 922 486 947 551
track-sign-front 0.0029 930 514 950 545
track-sign-front 0.0027 837 400 870 471
track-sign-front 0.0024 837 384 862 417
track-sign-front 0.0024 885 444 933 509
track-sign-front 0.0023 830 465 854 496
track-sign-front 0.0022 852 431 888 492
track-sign-front 0.0018 833 474 856 511
track-sign-front 0.0014 1774 550 1837 642
track-sign-front 0.0014 846 421 884 464
track-sign-front 0.0014 851 341 879 374
person 0.0268 913 446 945 549
person 0.0047 532 499 580 674
person 0.0013 539 503 578 603
person 0.0010 883 452 932 540
