guard-rail 0.4886 956 547 975 589
guard-rail 0.4593 670 528 708 559
guard-rail 0.2587 810 537 863 576
guard-rail 0.1277 1130 560 1153 600
guard-rail 0.1203 656 530 700 566
guard-rail 0.0591 962 547 983 590
guard-rail 0.0525 821 527 879 559
guard-rail 0.0410 965 523 990 572
guard-rail 0.0400 395 907 572 1066
guard-rail 0.0202 793 537 846 574
guard-rail 0.0153 1118 559 1149 596
guard-rail 0.0126 694 528 727 561
guard-rail 0.0122 806 521 865 556
guard-rail 0.0115 1117 522 1170 567
guard-rail 0.0099 1137 574 1160 608
guard-rail 0.0083 1120 573 1144 604
guard-rail 0.0069 691 514 737 554
guard-rail 0.0068 625 539 698 590
guard-rail 0.0066 836 518 891 553
guard-rail 0.0064 953 541 984 607
guard-rail 0.0063 651 520 716 570
guard-rail 0.0050 1127 496 1174 613
guard-rail 0.0044 617 554 676 604
guard-rail 0.0034 950 556 979 598
guard-rail 0.0034 2 885 173 1037
guard-rail 0.0029 449 890 572 983
guard-rail 0.0027 785 511 828 549
guard-rail 0.0026 938 545 991 591
guard-rail 0.0025 822 478 872 515
guard-rail 0.0025 797 464 854 527
guard-rail 0.0022 434 917 537 1044
guard-rail 0.0022 756 451 940 547
guard-rail 0.0019 232 908 582 1079
guard-rail 0.0018 803 544 866 596
guard-rail 0.0017 614 460 765 608
guard-rail 0.0016 569 460 812 663
guard-rail 0.0016 1009 567 1042 601
guard-rail 0.0015 -5 839 222 999
guard-rail 0.0013 1 926 93 1068
guard-rail 0.0012 759 525 796 565
guard-rail 0.0012 794 429 993 585
guard-rail 0.0011 189 774 447 887
guard-rail 0.0011 1000 574 1035 610
guard-rail 0.0011 723 470 958 654
guard-rail 0.0010 1029 557 1051 602
guard-rail 0.0010 778 489 913 625
guard-rail 0.0010 918 531 1037 619
guard-rail 0.0010 811 470 885 530
train-car 0.0151 1124 392 1317 433
train-car 0.0148 1107 376 1260 409
train-car 0.0085 1170 378 1201 401
train-car 0.0084 1154 378 1215 405
train-car 0.0084 761 375 791 400
train-car 0.0082 1003 376 1033 414
train-car 0.0053 764 408 841 437
train-car 0.0052 1081 384 1319 419
train-car 0.0044 727 369 803 403
train-car 0.0040 1057 380 1119 421
train-car 0.0038 1008 391 1088 419
train-car 0.0036 982 384 1054 413
train-car 0.0030 754 388 813 423
train-car 0.0029 779 403 870 437
train-car 0.0028 983 377 1090 409
train-car 0.0026 1014 376 1083 428
train-car 0.0024 1077 384 1142 419
train-car 0.0024 1197 382 1338 430
train-car 0.0017 737 373 842 408
train-car 0.0015 854 379 1029 420
train-car 0.0015 1096 379 1270 446
train-car 0.0015 1188 381 1279 425
train-car 0.0014 1068 383 1191 433
train-car 0.0012 693 360 809 407
train-car 0.0011 1236 384 1287 422
train-car 0.0010 1146 383 1253 418
platform 0.2561 795 409 1013 444
platform 0.2499 1094 413 1230 450
platform 0.1910 1109 399 1312 433
platform 0.0909 1088 415 1161 452
platform 0.0887 857 404 1017 432
platform 0.0667 1100 406 1318 456
platform 0.0650 1179 413 1328 438
platform 0.0419 1079 408 1153 440
platform 0.0416 1252 416 1353 445
platform 0.0406 1093 407 1187 443
platform 0.0399 1056 412 1133 443
platform 0.0381 1124 407 1282 441
platform 0.0232 1139 419 1334 495
platform 0.0166 1191 409 1286 434
platform 0.0155 1050 384 1103 431
platform 0.0131 1162 410 1250 439
platform 0.0128 1207 394 1303 433
platform 0.0114 886 410 991 435
platform 0.0092 1298 409 1343 444
platform 0.0091 1259 420 1349 465
platform 0.0089 1211 427 1306 481
platform 0.0085 1136 393 1232 433
platform 0.0083 1236 398 1322 439
platform 0.0082 814 412 1021 468
platform 0.0059 812 390 949 441
platform 0.0059 1150 388 1345 471
platform 0.0056 1253 404 1364 437
platform 0.0056 918 399 1015 429
platform 0.0054 1248 421 1313 470
platform 0.0054 779 405 873 435
platform 0.0053 1163 397 1259 430
platform 0.0042 828 413 920 452
platform 0.0034 769 390 1015 501
platform 0.0033 937 409 1036 439
platform 0.0032 1277 390 1342 445
platform 0.0027 1096 386 1325 516
platform 0.0024 1236 439 1277 492
platform 0.0021 854 412 953 440
platform 0.0020 955 380 1029 434
platform 0.0017 1060 400 1145 464
platform 0.0016 1243 437 1318 496
platform 0.0013 1277 411 1393 456
platform 0.0011 1044 404 1105 486
platform 0.0011 819 413 1020 537
rail 0.9530 5 414 1022 1085
rail 0.9341 688 425 1066 1080
rail 0.4454 1107 423 1185 513
rail 0.4306 1097 426 1285 523
rail 0.3613 755 427 834 487
rail 0.1921 1095 417 1161 486
rail 0.1652 790 425 913 483
rail 0.1480 781 430 850 481
rail 0.1225 1109 430 1246 483
rail 0.1197 771 436 1290 1080
rail 0.1143 760 453 831 490
rail 0.0906 759 416 963 477
rail 0.0798 1010 427 1262 1078
rail 0.0752 1095 413 1183 455
rail 0.0427 1174 487 1240 534
rail 0.0423 1127 436 1224 524
rail 0.0397 790 421 850 464
rail 0.0215 739 415 894 494
rail 0.0138 725 468 804 495
rail 0.0131 1146 429 1320 485
rail 0.0126 1167 438 1249 524
rail 0.0121 726 432 810 492
rail 0.0108 809 420 892 462
rail 0.0090 1060 413 1144 481
rail 0.0071 750 400 1032 511
rail 0.0068 821 430 910 468
rail 0.0067 28 726 583 1046
rail 0.0062 811 438 873 490
rail 0.0053 1074 427 1137 519
rail 0.0047 728 420 839 520
rail 0.0042 1179 507 1229 536
rail 0.0042 1090 488 1167 530
rail 0.0032 25 883 589 1080
rail 0.0028 1193 477 1258 534
rail 0.0025 722 421 808 468
rail 0.0023 676 393 913 580
rail 0.0021 831 494 1119 1053
rail 0.0019 261 432 858 893
rail 0.0017 1072 486 1136 522
rail 0.0016 673 833 1107 1089
rail 0.0015 1054 439 1223 622
rail 0.0014 13 937 402 1087
rail 0.0013 674 463 818 547
rail 0.0012 -11 782 379 1077
rail 0.0012 1095 458 1353 1072
rail 0.0011 1154 436 1333 545
rail 0.0010 1193 439 1272 512
rail 0.0010 564 411 903 743
switch-indicator 0.0100 1201 509 1234 536
switch-left 0.1314 1109 497 1179 531
switch-left 0.1286 -3 863 445 1059
switch-left 0.0668 74 800 533 954
switch-left 0.0622 672 937 1098 1078
switch-left 0.0329 746 472 816 500
switch-left 0.0244 147 832 461 940
switch-left 0.0240 225 789 540 909
switch-left 0.0162 756 454 829 498
switch-left 0.0138 77 712 758 977
switch-left 0.0114 -7 905 283 1069
switch-left 0.0045 1090 488 1166 530
switch-left 0.0030 82 878 411 990
switch-left 0.0026 0 860 215 1016
switch-left 0.0016 237 913 578 1075
switch-left 0.0015 1114 508 1173 559
switch-left 0.0013 10 947 404 1080
switch-left 0.0013 618 986 1027 1082
switch-left 0.0011 1 930 156 1073
switch-right 0.2328 1113 496 1182 530
switch-right 0.1607 760 456 830 489
switch-right 0.0373 745 472 817 500
switch-right 0.0257 1100 505 1168 533
switch-right 0.0212 165 810 479 929
switch-right 0.0042 257 774 540 879
switch-right 0.0012 754 497 811 541
switch-unknown 0.0302 784 449 838 488
switch-static 0.0746 1193 509 1229 534
switch-static 0.0521 718 475 753 495
switch-static 0.0488 727 470 801 495
switch-static 0.0059 728 437 803 490
switch-static 0.0037 436 881 548 941
switch-static 0.0036 1192 516 1230 547
switch-static 0.0032 1207 485 1249 535
switch-static 0.0026 1074 489 1135 522
switch-static 0.0021 714 448 759 492
switch-static 0.0021 701 490 742 520
switch-static 0.0012 396 859 552 948
switch-static 0.0011 703 472 747 498
track-sign-front 0.0056 1312 392 1337 442
track-sign-front 0.0015 655 416 677 443
track-signal-front 0.0207 1006 380 1024 401
track-signal-front 0.0023 1004 375 1064 409
track-signal-back 0.3455 1064 288 1085 318
track-signal-back 0.0583 896 356 921 391
track-signal-back 0.0255 871 309 892 343
track-signal-back 0.0145 1065 322 1091 348
track-signal-back 0.0125 873 307 908 354
track-signal-back 0.0094 1283 307 1302 329
track-signal-back 0.0080 982 331 1004 360
track-signal-back 0.0073 1163 228 1198 273
track-signal-back 0.0069 985 346 1010 388
track-signal-back 0.0067 996 371 1022 404
track-signal-back 0.0065 1094 295 1140 328
track-signal-back 0.0052 1220 348 1238 377
track-signal-back 0.0048 1278 305 1298 337
track-signal-back 0.0045 1166 360 1199 402
track-signal-back 0.0040 1098 316 1142 354
track-signal-back 0.0035 880 358 936 401
track-signal-back 0.0034 1315 338 1342 407
track-signal-back 0.0034 1061 325 1105 352
track-signal-back 0.0033 895 316 933 366
track-signal-back 0.0033 1120 305 1142 331
track-signal-back 0.0031 1222 328 1247 369
track-signal-back 0.0028 1054 379 1093 418
track-signal-back 0.0028 993 345 1029 405
track-signal-back 0.0025 1036 291 1079 325
track-signal-back 0.0025 1247 382 1279 421
track-signal-back 0.0023 1066 328 1103 392
track-signal-back 0.0022 1148 375 1202 406
track-signal-back 0.0021 1058 282 1098 332
track-signal-back 0.0020 1205 377 1261 422
track-signal-back 0.0020 763 364 787 396
track-signal-back 0.0019 932 316 966 355
track-signal-back 0.0019 858 328 888 407
track-signal-back 0.0018 1146 328 1179 422
track-signal-back 0.0015 944 318 991 354
track-signal-back 0.0014 1159 264 1202 301
track-signal-back 0.0014 828 362 957 463
track-signal-back 0.0013 1154 299 1173 394
track-signal-back 0.0013 1286 306 1319 343
track-signal-back 0.0012 976 312 1006 335
track-signal-back 0.0012 1301 334 1333 404
track-signal-back 0.0012 1044 286 1092 344
track-signal-back 0.0011 867 305 904 336
track-signal-back 0.0011 1163 376 1233 417
track-signal-back 0.0010 1312 321 1340 363
track-signal-back 0.0010 995 319 1031 356
track-signal-back 0.0010 1240 304 1277 328
track-signal-back 0.0010 853 323 878 357
pole 0.0066 1316 325 1341 427
pole 0.0066 862 346 885 436
pole 0.0033 1297 329 1335 439
pole 0.0033 1061 368 1114 430
pole 0.0020 1310 390 1336 447
pole 0.0011 840 338 882 435
pole 0.0010 1155 263 1173 428
