crossing 0.8548 869 702 971 823
crossing 0.7146 669 718 844 800
crossing 0.0738 861 708 923 823
crossing 0.0069 917 684 975 721
crossing 0.0063 690 710 870 774
crossing 0.0054 642 749 791 819
crossing 0.0029 899 699 978 762
crossing 0.0021 857 762 978 832
crossing 0.0020 668 731 774 803
crossing 0.0018 608 671 933 914
crossing 0.0016 650 793 767 848
crossing 0.0010 633 511 1189 970
guard-rail 0.0636 862 706 921 824
guard-rail 0.0250 950 707 965 820
guard-rail 0.0045 958 703 972 806
guard-rail 0.0028 965 714 988 814
guard-rail 0.0016 941 708 972 822
guard-rail 0.0010 836 711 906 822
train-car 0.0024 926 612 954 644
platform 0.0083 927 624 966 663
platform 0.0055 920 651 976 689
platform 0.0022 902 629 959 673
rail 0.9680 743 643 1014 1074
rail 0.9424 228 657 930 1079
rail 0.1391 806 695 981 887
rail 0.0024 941 643 988 677
rail 0.0014 240 798 707 1075
switch-indicator 0.0011 1006 685 1029 707
switch-unknown 0.0054 942 650 980 682
switch-unknown 0.0035 943 637 988 675
track-sign-front 0.0157 1511 748 1590 948
track-sign-front 0.0121 380 854 400 886
track-sign-front 0.0113 1066 496 1107 528
track-sign-front 0.0076 765 642 791 659
track-sign-front 0.0071 385 850 412 879
track-sign-front 0.0047 779 635 818 666
track-sign-front 0.0042 807 641 829 667
track-sign-front 0.0032 757 641 778 658
track-sign-front 0.0031 1205 675 1242 712
track-sign-front 0.0026 7 663 52 765
track-sign-front 0.0018 1155 662 1172 705
track-sign-front 0.0016 1049 685 1080 707
track-sign-front 0.0013 1123 440 1146 458
track-sign-front 0.0011 1060 684 1094 704
track-signal-front 0.0795 1144 565 1187 610
track-signal-front 0.0238 1139 586 1184 658
track-signal-front 0.0063 1238 570 1259 630
track-signal-front 0.0040 1155 659 1173 692
track-signal-front 0.0039 1240 581 1262 655
track-signal-front 0.0033 1180 564 1256 650
track-signal-front 0.0029 1234 570 1257 603
track-signal-front 0.0022 1091 604 1135 641
track-signal-front 0.0020 1138 544 1192 645
track-signal-front 0.0017 1234 621 1263 672
track-signal-front 0.0016 1136 606 1171 668
track-signal-front 0.0015 1208 643 1254 700
track-signal-front 0.0015 1185 571 1222 628
track-signal-front 0.0014 1183 586 1218 655
track-signal-front 0.0013 1156 608 1203 671
track-signal-front 0.0012 1224 610 1261 684
track-signal-front 0.0011 1160 652 1189 690
track-signal-front 0.0010 547 663 578 706
track-signal-front 0.0010 1190 626 1231 676
track-signal-front 0.0010 1060 494 1119 534
track-signal-back 0.0362 931 611 946 639
track-signal-back 0.0098 1065 496 1107 527
track-signal-back 0.0049 925 608 942 631
track-signal-back 0.0017 637 575 681 599
person 0.0906 1343 750 1387 892
person 0.0081 1181 696 1235 811
pole 0.0226 987 524 1010 681
pole 0.0061 928 610 948 644
pole 0.0054 803 513 822 722
pole 0.0054 973 542 1001 667
pole 0.0037 893 602 911 675
pole 0.0034 995 539 1013 667
pole 0.0033 976 538 1018 692
pole 0.0027 936 552 998 697
pole 0.0026 807 564 823 678
pole 0.0016 907 604 957 680
pole 0.0013 883 609 926 680
pole 0.0010 962 616 1015 680
pole 0.0010 938 612 985 705
