crossing 0.8486 867 549 945 603
crossing 0.7646 1038 558 1187 614
crossing 0.6498 1238 571 1408 616
crossing 0.0740 953 484 990 497
crossing 0.0456 985 486 1049 502
crossing 0.0434 1038 555 1129 604
crossing 0.0415 1292 576 1436 620
crossing 0.0406 884 469 916 493
crossing 0.0352 947 475 991 499
crossing 0.0321 966 486 1021 500
crossing 0.0311 884 482 911 497
crossing 0.0215 1008 488 1063 503
crossing 0.0177 923 467 976 494
crossing 0.0130 966 473 1012 505
crossing 0.0128 930 481 977 496
crossing 0.0101 882 459 948 492
crossing 0.0084 863 526 951 620
crossing 0.0083 1239 563 1346 606
crossing 0.0059 885 479 943 507
crossing 0.0050 1033 490 1094 510
crossing 0.0049 872 502 937 576
crossing 0.0048 1131 539 1534 730
crossing 0.0046 1008 532 1219 632
crossing 0.0040 878 454 924 486
crossing 0.0036 874 485 909 502
crossing 0.0034 907 551 945 606
crossing 0.0032 1206 534 1456 695
crossing 0.0028 1200 559 1329 595
crossing 0.0024 1060 497 1108 517
crossing 0.0022 883 477 914 505
crossing 0.0022 1312 591 1418 624
crossing 0.0018 991 544 1138 603
crossing 0.0016 1001 484 1069 508
crossing 0.0014 1104 515 1490 647
crossing 0.0011 1095 566 1199 618
crossing 0.0011 1047 575 1200 651
train-car 0.0139 941 442 1000 476
train-car 0.0138 894 443 949 480
train-car 0.0129 920 436 970 480
train-car 0.0109 934 424 968 461
train-car 0.0082 900 427 936 461
train-car 0.0056 977 453 999 480
train-car 0.0048 941 425 985 465
train-car 0.0024 880 461 925 483
train-car 0.0019 902 424 982 470
train-car 0.0019 968 452 1007 483
train-car 0.0012 934 425 1007 473
rail 0.9667 724 464 1055 1076
rail 0.9529 930 464 1919 1079
rail 0.0076 886 461 948 491
rail 0.0072 921 466 974 493
rail 0.0050 884 467 921 496
rail 0.0044 946 471 991 502
rail 0.0031 981 481 1047 508
rail 0.0029 881 478 949 513
rail 0.0024 923 479 979 502
rail 0.0019 1232 586 1900 891
rail 0.0013 909 471 1040 1067
rail 0.0012 875 467 909 492
rail 0.0012 967 472 1015 507
rail 0.0012 966 493 1673 842
track-sign-front 0.2293 1405 508 1434 532
track-sign-front 0.0354 720 496 749 525
track-sign-front 0.0135 1573 516 1612 557
track-sign-front 0.0067 1413 508 1446 534
track-sign-front 0.0066 802 445 816 464
track-sign-front 0.0021 1578 509 1609 542
track-sign-front 0.0014 623 521 650 569
track-sign-front 0.0013 1406 517 1432 573
track-sign-front 0.0012 624 552 648 600
track-sign-front 0.0010 1406 496 1444 550
track-sign-front 0.0010 1569 511 1614 594
track-signal-front 0.0119 745 438 766 461
track-signal-front 0.0032 697 430 722 456
track-signal-front 0.0028 715 431 761 467
track-signal-front 0.0018 801 438 816 462
track-signal-front 0.0013 886 419 923 457
track-signal-front 0.0012 698 430 743 457
