guard-rail 0.0017 1601 664 1675 721
guard-rail 0.0016 1574 651 1660 725
guard-rail 0.0014 1532 654 1632 727
rail 0.8941 1067 608 1677 1077
rail 0.8259 117 614 1427 1082
rail 0.3140 1495 612 1742 723
rail 0.2814 1485 656 1607 721
rail 0.1426 1798 632 1923 1055
rail 0.0706 1181 629 1605 721
rail 0.0483 1398 634 1610 717
rail 0.0273 1479 646 1677 728
rail 0.0163 1011 637 1529 747
rail 0.0127 1024 617 1620 815
rail 0.0116 166 757 1122 1077
rail 0.0108 1328 591 1765 1083
rail 0.0091 1506 577 1770 970
rail 0.0068 1079 647 1373 754
rail 0.0059 1571 613 1799 684
rail 0.0054 1877 633 1921 1111
rail 0.0053 925 625 1570 940
rail 0.0052 1535 643 1777 743
rail 0.0043 1291 650 1555 722
rail 0.0039 1015 670 1439 792
rail 0.0038 564 602 1672 985
rail 0.0038 1539 627 1642 718
rail 0.0036 913 619 1360 734
rail 0.0030 0 804 107 1076
rail 0.0030 1561 683 1719 733
rail 0.0027 1583 622 1735 708
rail 0.0026 1159 657 1370 730
rail 0.0025 1572 660 1701 722
rail 0.0023 1456 640 1550 713
rail 0.0018 1161 567 1622 744
rail 0.0018 1618 622 1754 677
rail 0.0017 3 721 187 1073
rail 0.0017 1295 601 1632 703
rail 0.0016 1051 653 1430 1048
rail 0.0015 3 551 1241 892
rail 0.0015 1685 817 1925 1079
rail 0.0014 1010 638 1265 760
rail 0.0014 1416 622 1685 816
rail 0.0013 1 838 32 1081
rail 0.0013 1108 642 1314 716
rail 0.0013 953 631 1317 857
rail 0.0013 1740 631 1923 829
rail 0.0012 1080 694 1268 770
rail 0.0012 1254 653 1551 1044
rail 0.0011 1143 804 1801 1073
rail 0.0011 1619 620 1752 1075
rail 0.0011 1441 585 1703 688
rail 0.0011 1373 695 1638 1059
switch-left 0.1518 1488 678 1608 729
switch-left 0.0080 1488 702 1599 745
switch-left 0.0030 703 816 952 892
switch-left 0.0020 657 820 919 939
switch-right 0.2771 1497 685 1603 729
switch-right 0.0069 1488 702 1600 745
switch-right 0.0021 715 817 936 894
switch-right 0.0015 1552 687 1681 726
switch-right 0.0014 670 830 900 933
switch-right 0.0011 1135 690 1284 744
switch-unknown 0.0022 1122 714 1249 757
track-sign-front 0.2989 1358 444 1389 478
track-sign-front 0.1750 1362 449 1390 496
track-sign-front 0.1429 1830 518 1847 542
track-sign-front 0.0646 1367 484 1390 520
track-sign-front 0.0393 1791 511 1815 536
track-sign-front 0.0215 1407 505 1425 537
track-sign-front 0.0183 1844 559 1868 591
track-sign-front 0.0149 1789 507 1804 530
track-sign-front 0.0141 1841 540 1875 596
track-sign-front 0.0072 1575 476 1594 497
track-sign-front 0.0055 1826 517 1856 549
track-sign-front 0.0037 1525 491 1550 517
track-sign-front 0.0036 1608 506 1632 533
track-sign-front 0.0031 1413 508 1430 572
track-sign-front 0.0025 1558 481 1593 506
track-sign-front 0.0018 1366 469 1399 535
track-sign-front 0.0016 1363 447 1403 515
track-sign-front 0.0015 1615 505 1660 543
track-sign-front 0.0015 1266 468 1288 494
track-sign-front 0.0014 1134 535 1159 570
track-sign-front 0.0013 1784 510 1823 540
track-sign-front 0.0013 1854 521 1885 580
track-sign-front 0.0013 1655 514 1680 551
track-sign-front 0.0012 588 422 618 455
track-sign-front 0.0012 1601 504 1621 558
track-sign-front 0.0010 1900 519 1918 558
track-signal-front 0.3555 1749 190 1772 270
track-signal-front 0.0764 1365 483 1387 520
track-signal-front 0.0384 1827 190 1855 271
track-signal-front 0.0129 1789 507 1804 531
track-signal-front 0.0050 1583 330 1602 368
track-signal-front 0.0044 586 452 612 498
track-signal-front 0.0041 1831 401 1851 448
track-signal-front 0.0031 1833 186 1870 269
track-signal-front 0.0029 1052 465 1070 493
track-signal-front 0.0026 584 418 616 488
track-signal-front 0.0021 1833 397 1852 428
track-signal-front 0.0016 1832 416 1851 477
track-signal-front 0.0013 1593 345 1619 386
track-signal-front 0.0010 588 420 618 457
track-signal-front 0.0010 1601 359 1626 395
track-signal-back 0.1583 1826 191 1854 272
track-signal-back 0.0616 1790 187 1815 281
track-signal-back 0.0615 1747 190 1773 266
track-signal-back 0.0411 1743 190 1799 271
track-signal-back 0.0218 1773 188 1810 270
track-signal-back 0.0021 1794 186 1815 240
car 0.5457 1802 657 1923 858
car 0.0011 1644 574 2095 895
person 0.0018 1412 510 1430 571
person 0.0017 1900 517 1919 575
person 0.0015 1499 519 1519 585
person 0.0013 1889 567 1921 647
person 0.0011 1497 520 1514 565
person 0.0011 1893 759 1920 1066
pole 0.0014 1894 787 1921 1085
pole 0.0010 1239 144 1286 615
