crossing 0.0079 1211 624 1272 646
guard-rail 0.5769 1193 871 1240 952
guard-rail 0.5221 702 851 814 939
guard-rail 0.4427 1550 864 1680 959
guard-rail 0.2786 1105 882 1154 956
guard-rail 0.0972 1183 844 1251 970
guard-rail 0.0932 927 711 1025 843
guard-rail 0.0745 1253 781 1291 856
guard-rail 0.0516 1113 871 1145 940
guard-rail 0.0460 1175 880 1235 972
guard-rail 0.0427 1138 866 1249 981
guard-rail 0.0410 722 844 816 905
guard-rail 0.0314 946 693 1044 802
guard-rail 0.0303 1250 797 1326 863
guard-rail 0.0268 1092 839 1168 979
guard-rail 0.0250 1116 864 1172 966
guard-rail 0.0178 742 852 826 924
guard-rail 0.0157 962 717 1064 848
guard-rail 0.0148 1248 760 1312 846
guard-rail 0.0132 1007 797 1101 865
guard-rail 0.0119 1222 872 1253 947
guard-rail 0.0116 1148 734 1345 1021
guard-rail 0.0107 1614 899 1681 953
guard-rail 0.0103 738 701 820 730
guard-rail 0.0082 749 694 812 722
guard-rail 0.0082 1047 768 1105 862
guard-rail 0.0081 928 678 993 718
guard-rail 0.0073 1236 742 1294 853
guard-rail 0.0070 900 709 963 789
guard-rail 0.0068 1286 721 1390 849
guard-rail 0.0064 694 877 787 964
guard-rail 0.0063 417 800 553 851
guard-rail 0.0059 1247 683 1296 720
guard-rail 0.0056 1444 791 1533 865
guard-rail 0.0055 1485 836 1676 946
guard-rail 0.0050 1248 708 1325 825
guard-rail 0.0047 918 684 996 761
guard-rail 0.0046 1024 727 1103 857
guard-rail 0.0044 499 745 1019 1087
guard-rail 0.0043 455 778 601 840
guard-rail 0.0043 1216 854 1264 930
guard-rail 0.0042 1096 876 1120 946
guard-rail 0.0041 1168 863 1236 932
guard-rail 0.0037 1390 668 1448 728
guard-rail 0.0035 642 799 899 1019
guard-rail 0.0035 1225 690 1297 743
guard-rail 0.0035 819 806 905 863
guard-rail 0.0033 1231 698 1296 780
guard-rail 0.0032 1096 839 1224 1044
guard-rail 0.0029 757 691 848 726
guard-rail 0.0026 1293 639 1368 688
guard-rail 0.0025 1445 974 1498 1064
guard-rail 0.0024 1443 739 1529 852
guard-rail 0.0020 445 766 633 876
guard-rail 0.0018 826 627 862 665
guard-rail 0.0018 1230 642 1285 688
guard-rail 0.0017 1053 780 1342 1078
guard-rail 0.0017 712 688 790 716
guard-rail 0.0017 1192 853 1290 933
guard-rail 0.0017 737 710 808 746
guard-rail 0.0016 706 698 814 740
guard-rail 0.0016 570 720 703 775
guard-rail 0.0016 1088 860 1120 923
guard-rail 0.0015 1465 807 1551 870
guard-rail 0.0013 1029 863 1182 996
guard-rail 0.0013 597 735 683 788
guard-rail 0.0012 1437 820 1822 1064
guard-rail 0.0011 1140 865 1351 991
guard-rail 0.0011 1464 851 1622 931
guard-rail 0.0010 614 704 712 742
train-car 0.0772 1245 547 1277 604
train-car 0.0636 1244 545 1308 599
train-car 0.0488 1265 550 1343 594
train-car 0.0210 1281 558 1366 603
train-car 0.0087 1320 488 1344 604
train-car 0.0066 1284 552 1410 621
train-car 0.0065 1235 552 1341 621
train-car 0.0057 1245 521 1285 597
train-car 0.0040 1315 543 1387 609
train-car 0.0035 1286 497 1375 602
train-car 0.0032 1228 526 1266 598
train-car 0.0019 1350 504 1383 603
train-car 0.0018 1233 524 1376 636
train-car 0.0011 1746 506 1912 700
rail 0.8744 1266 615 1828 1082
rail 0.8699 522 629 1088 1080
rail 0.8015 -5 572 1056 1072
rail 0.7861 837 583 1240 1076
rail 0.7832 1327 593 1921 744
rail 0.7809 1101 591 1460 1073
rail 0.6135 917 579 1144 847
rail 0.4778 1239 600 1522 856
rail 0.4009 1294 598 1420 669
rail 0.3790 871 664 1098 920
rail 0.3511 1285 683 1432 845
rail 0.3413 939 581 1122 658
rail 0.2527 1323 708 1532 869
rail 0.2360 919 687 1053 850
rail 0.2180 341 590 1038 891
rail 0.2005 856 724 1035 861
rail 0.1681 1352 628 1421 673
rail 0.1362 -4 630 294 696
rail 0.1359 1368 607 1438 659
rail 0.1321 940 613 1022 664
rail 0.0998 1227 656 1491 1037
rail 0.0897 933 623 1003 674
rail 0.0846 1262 590 1793 680
rail 0.0807 905 692 1005 803
rail 0.0728 1357 759 1553 921
rail 0.0708 1315 699 1429 784
rail 0.0634 1355 706 1500 824
rail 0.0601 1385 610 1445 645
rail 0.0549 1270 605 1395 655
rail 0.0545 547 588 1129 800
rail 0.0508 954 671 1069 807
rail 0.0468 933 588 989 624
rail 0.0460 1186 606 1425 906
rail 0.0420 1348 606 1573 665
rail 0.0386 1341 712 1443 855
rail 0.0385 1380 607 1498 646
rail 0.0361 1317 698 1657 955
rail 0.0338 915 580 1067 634
rail 0.0299 972 733 1100 856
rail 0.0288 969 572 1155 634
rail 0.0249 834 761 968 843
rail 0.0249 1345 776 1518 867
rail 0.0246 1379 604 1435 631
rail 0.0242 831 705 978 835
rail 0.0237 940 603 1079 668
rail 0.0230 1567 857 1814 1073
rail 0.0225 1241 694 1368 807
rail 0.0182 907 581 1060 738
rail 0.0178 -10 641 220 731
rail 0.0175 1280 579 1418 632
rail 0.0164 1322 638 1400 678
rail 0.0141 1413 683 1540 856
rail 0.0141 1331 593 1424 635
rail 0.0140 1010 702 1111 833
rail 0.0136 1246 760 1319 848
rail 0.0136 580 786 916 956
rail 0.0134 1223 688 1299 851
rail 0.0126 1327 661 1803 756
rail 0.0124 958 586 1140 740
rail 0.0121 824 582 1089 686
rail 0.0116 1371 662 1583 877
rail 0.0114 1290 615 1334 649
rail 0.0113 959 549 989 621
rail 0.0113 1248 573 1368 625
rail 0.0098 1328 596 1465 713
rail 0.0085 967 588 1060 656
rail 0.0085 985 562 1279 967
rail 0.0085 1029 699 1132 773
rail 0.0084 1406 584 1607 665
rail 0.0081 1220 574 1721 865
rail 0.0072 1398 714 1482 783
rail 0.0072 923 583 975 608
rail 0.0067 1239 548 1319 622
rail 0.0066 901 585 960 611
rail 0.0063 825 710 1078 1047
rail 0.0061 1574 639 1918 745
rail 0.0056 771 600 1012 677
rail 0.0054 15 713 736 1050
rail 0.0053 1119 867 1262 1054
rail 0.0053 368 677 747 876
rail 0.0052 1276 631 1387 700
rail 0.0052 984 717 1202 1046
rail 0.0051 948 571 1031 626
rail 0.0051 0 637 172 701
rail 0.0051 1133 858 1503 1012
rail 0.0049 876 630 980 668
rail 0.0048 873 601 982 652
rail 0.0048 120 792 629 989
rail 0.0044 1003 652 1123 732
rail 0.0044 1062 691 1203 785
rail 0.0043 1328 594 1555 639
rail 0.0043 1255 608 1336 650
rail 0.0043 1472 584 1652 678
rail 0.0041 1225 551 1455 748
rail 0.0040 610 609 877 775
rail 0.0040 838 596 933 798
rail 0.0040 861 719 939 826
rail 0.0039 37 613 291 774
rail 0.0038 986 570 1045 609
rail 0.0038 1298 773 1455 944
rail 0.0036 686 742 964 1029
rail 0.0034 1151 564 1326 977
rail 0.0033 958 570 1076 610
rail 0.0033 847 641 944 689
rail 0.0031 191 783 518 941
rail 0.0031 14 832 517 1037
rail 0.0031 1215 623 1283 660
rail 0.0031 690 555 1205 757
rail 0.0030 501 628 809 832
rail 0.0030 1765 524 1917 689
rail 0.0030 1246 571 1306 608
rail 0.0029 778 704 940 970
rail 0.0029 1043 714 1169 870
rail 0.0028 819 612 953 730
rail 0.0027 5 578 320 711
rail 0.0027 1426 623 1695 1052
rail 0.0026 848 662 914 717
rail 0.0025 839 598 938 677
rail 0.0025 1572 577 1624 713
rail 0.0025 970 536 1016 614
rail 0.0023 1367 899 1750 1048
rail 0.0023 1206 685 1285 779
rail 0.0022 1688 615 1920 729
rail 0.0021 1629 661 1918 842
rail 0.0020 791 629 927 761
rail 0.0020 1419 605 1716 698
rail 0.0019 884 556 1105 606
rail 0.0019 1438 976 1502 1074
rail 0.0018 1796 588 1932 712
rail 0.0018 1786 648 1919 753
rail 0.0018 407 727 622 856
rail 0.0017 1264 628 1322 653
rail 0.0016 1041 789 1264 1076
rail 0.0016 822 603 896 673
rail 0.0016 562 682 767 766
rail 0.0015 834 620 874 663
rail 0.0015 1456 615 1864 923
rail 0.0015 675 662 880 812
rail 0.0015 1237 627 1357 713
rail 0.0015 62 608 330 675
rail 0.0014 413 558 849 765
rail 0.0014 926 511 1119 640
rail 0.0014 1342 511 1936 803
rail 0.0013 -2 639 164 796
rail 0.0013 966 757 1449 1098
rail 0.0013 101 618 516 760
rail 0.0013 714 568 1069 710
rail 0.0013 904 579 940 608
rail 0.0013 1858 607 1913 699
rail 0.0013 316 693 864 969
rail 0.0012 1170 760 1559 1089
rail 0.0012 1403 591 1479 639
rail 0.0012 759 642 954 868
rail 0.0012 1194 750 1297 890
rail 0.0011 652 659 803 716
rail 0.0011 1023 585 1103 642
rail 0.0011 1195 537 1384 658
rail 0.0011 1856 648 1919 742
rail 0.0011 1505 687 1590 738
rail 0.0010 1699 662 1917 772
rail 0.0010 47 635 212 687
rail 0.0010 1598 610 1779 666
rail 0.0010 1145 834 1426 942
rail 0.0010 889 630 976 822
rail 0.0010 716 666 936 733
switch-indicator 0.1862 852 638 881 661
switch-indicator 0.1766 1302 620 1321 644
switch-indicator 0.1017 1676 617 1695 659
switch-indicator 0.0853 856 637 885 677
switch-indicator 0.0330 1154 703 1204 742
switch-indicator 0.0251 864 674 884 712
switch-indicator 0.0242 1177 623 1200 645
switch-indicator 0.0225 1445 631 1502 669
switch-indicator 0.0214 855 629 889 658
switch-indicator 0.0211 1306 616 1353 665
switch-indicator 0.0126 1422 616 1479 677
switch-indicator 0.0082 857 634 910 665
switch-indicator 0.0081 1293 621 1329 652
switch-indicator 0.0046 1167 751 1185 787
switch-indicator 0.0037 1273 614 1321 647
switch-indicator 0.0033 837 619 873 662
switch-indicator 0.0033 723 620 735 643
switch-indicator 0.0029 1470 625 1510 665
switch-indicator 0.0025 987 578 1044 618
switch-indicator 0.0022 1164 615 1199 647
switch-indicator 0.0021 1163 736 1187 797
switch-indicator 0.0016 1801 650 1825 677
switch-indicator 0.0010 863 603 935 662
switch-left 0.2224 1232 785 1395 878
switch-left 0.1992 967 790 1111 873
switch-left 0.1898 1395 797 1544 878
switch-left 0.1598 852 794 1018 857
switch-left 0.1483 1262 691 1411 801
switch-left 0.1372 1273 710 1431 866
switch-left 0.1219 951 662 1104 839
switch-left 0.1157 911 759 1035 861
switch-left 0.1121 1324 713 1533 872
switch-left 0.0817 890 607 1235 1073
switch-left 0.0797 1216 640 1492 1059
switch-left 0.0711 995 689 1092 777
switch-left 0.0706 933 635 999 669
switch-left 0.0640 1375 818 1571 916
switch-left 0.0633 1264 693 1356 771
switch-left 0.0589 923 795 1070 862
switch-left 0.0536 814 795 955 875
switch-left 0.0522 1345 701 1452 780
switch-left 0.0447 1304 787 1448 872
switch-left 0.0430 1415 881 1636 976
switch-left 0.0402 1213 804 1425 910
switch-left 0.0372 1247 793 1336 867
switch-left 0.0331 1524 877 1696 974
switch-left 0.0259 418 781 599 845
switch-left 0.0215 938 815 1119 893
switch-left 0.0182 844 787 949 852
switch-left 0.0127 988 735 1091 855
switch-left 0.0120 282 809 527 890
switch-left 0.0113 1331 639 1391 677
switch-left 0.0108 1124 850 1497 1016
switch-left 0.0105 237 826 470 912
switch-left 0.0095 1256 753 1360 847
switch-left 0.0093 221 857 385 919
switch-left 0.0093 1302 762 1408 859
switch-left 0.0087 1391 862 1717 1008
switch-left 0.0081 348 800 556 871
switch-left 0.0081 1430 866 1585 945
switch-left 0.0076 1197 872 1444 944
switch-left 0.0071 1041 764 1111 864
switch-left 0.0068 1356 774 1427 855
switch-left 0.0060 1024 712 1099 820
switch-left 0.0059 400 804 535 857
switch-left 0.0057 1026 792 1137 870
switch-left 0.0051 127 846 420 937
switch-left 0.0050 1392 649 1453 681
switch-left 0.0049 1419 916 1678 995
switch-left 0.0047 1448 777 1673 972
switch-left 0.0046 460 765 614 831
switch-left 0.0043 1291 790 1510 930
switch-left 0.0041 1222 626 1276 653
switch-left 0.0037 843 792 1008 909
switch-left 0.0032 1451 805 1563 871
switch-left 0.0027 1378 783 1479 860
switch-left 0.0024 1407 938 1721 1030
switch-left 0.0023 277 854 406 906
switch-left 0.0023 1107 919 1524 1044
switch-left 0.0022 187 877 353 933
switch-left 0.0021 275 837 424 893
switch-left 0.0020 403 773 605 890
switch-left 0.0017 319 812 476 870
switch-left 0.0015 191 868 320 917
switch-left 0.0014 1400 867 1537 1017
switch-left 0.0014 823 824 929 876
switch-left 0.0014 1265 759 1436 960
switch-left 0.0012 871 797 1122 930
switch-left 0.0010 1222 846 1402 918
switch-right 0.2423 1252 760 1416 870
switch-right 0.2201 1367 797 1540 884
switch-right 0.1930 931 627 998 665
switch-right 0.1815 1359 646 1431 678
switch-right 0.1624 1283 676 1428 789
switch-right 0.1617 1287 696 1417 758
switch-right 0.1579 941 745 1107 878
switch-right 0.1531 858 740 1030 865
switch-right 0.1398 1259 691 1357 750
switch-right 0.1270 1009 690 1100 743
switch-right 0.1044 925 764 1058 860
switch-right 0.1002 956 661 1102 842
switch-right 0.0981 815 796 969 865
switch-right 0.0886 922 696 1050 849
switch-right 0.0802 1338 677 1427 723
switch-right 0.0785 985 676 1110 771
switch-right 0.0650 1334 688 1452 758
switch-right 0.0626 1276 706 1753 997
switch-right 0.0519 924 628 1063 792
switch-right 0.0515 984 793 1121 870
switch-right 0.0379 1255 670 1397 745
switch-right 0.0338 929 672 1021 725
switch-right 0.0328 1353 803 1698 993
switch-right 0.0313 1373 708 1465 781
switch-right 0.0311 1311 762 1472 867
switch-right 0.0273 1248 780 1323 861
switch-right 0.0271 1251 682 1342 720
switch-right 0.0255 1395 840 1629 961
switch-right 0.0237 1410 792 1571 912
switch-right 0.0206 419 781 599 848
switch-right 0.0195 943 695 1044 753
switch-right 0.0133 1258 692 1369 830
switch-right 0.0132 1384 701 1450 754
switch-right 0.0098 289 813 521 888
switch-right 0.0085 1030 699 1131 773
switch-right 0.0083 1273 680 1372 729
switch-right 0.0082 186 842 440 927
switch-right 0.0078 1390 650 1451 679
switch-right 0.0078 351 801 555 871
switch-right 0.0077 249 828 465 908
switch-right 0.0070 1041 763 1112 868
switch-right 0.0066 1220 628 1277 651
switch-right 0.0062 829 760 936 844
switch-right 0.0062 444 763 631 834
switch-right 0.0060 974 679 1060 732
switch-right 0.0053 1430 788 1540 868
switch-right 0.0053 934 633 1026 714
switch-right 0.0051 631 674 786 719
switch-right 0.0044 1029 675 1116 730
switch-right 0.0038 1244 683 1301 723
switch-right 0.0031 1226 693 1304 745
switch-right 0.0025 682 682 770 710
switch-right 0.0024 568 677 796 745
switch-right 0.0020 1384 668 1451 736
switch-right 0.0019 186 866 323 918
switch-right 0.0018 1265 796 1377 872
switch-right 0.0016 235 844 369 901
switch-right 0.0013 1238 667 1339 712
switch-right 0.0011 260 818 437 878
switch-right 0.0011 691 682 808 722
switch-right 0.0011 1227 642 1290 693
switch-right 0.0011 626 686 751 729
switch-right 0.0010 1436 823 1543 880
switch-unknown 0.1669 1373 610 1435 656
switch-unknown 0.1275 935 621 996 662
switch-unknown 0.1261 1386 610 1440 637
switch-unknown 0.0994 931 590 978 613
switch-unknown 0.0631 1397 608 1446 628
switch-unknown 0.0205 924 584 972 606
switch-unknown 0.0139 911 586 952 606
switch-unknown 0.0130 1380 720 1469 809
switch-unknown 0.0108 1220 630 1279 652
switch-unknown 0.0087 1343 595 1418 628
switch-unknown 0.0055 883 631 967 666
switch-unknown 0.0041 1314 579 1389 619
switch-unknown 0.0041 1252 572 1294 606
switch-unknown 0.0039 1279 574 1340 616
switch-unknown 0.0038 868 641 971 685
switch-unknown 0.0036 1307 571 1355 616
switch-unknown 0.0032 890 595 968 649
switch-unknown 0.0014 1417 589 1467 636
switch-unknown 0.0013 835 598 875 623
switch-static 0.6486 1614 840 1703 887
switch-static 0.3932 667 835 787 872
switch-static 0.3697 1144 701 1218 737
switch-static 0.3379 1578 840 1686 908
switch-static 0.3067 678 837 812 900
switch-static 0.1658 1109 702 1173 734
switch-static 0.1195 678 778 772 837
switch-static 0.0942 1187 701 1251 729
switch-static 0.0758 1430 653 1477 677
switch-static 0.0727 1446 649 1500 674
switch-static 0.0605 1517 702 1578 731
switch-static 0.0544 1542 838 1651 886
switch-static 0.0439 1175 626 1201 649
switch-static 0.0431 1446 633 1502 670
switch-static 0.0404 1472 647 1506 670
switch-static 0.0333 858 637 909 661
switch-static 0.0323 1128 692 1227 747
switch-static 0.0218 621 751 844 831
switch-static 0.0217 1611 796 1721 886
switch-static 0.0216 1543 843 1696 958
switch-static 0.0202 1631 767 1724 813
switch-static 0.0186 721 839 815 873
switch-static 0.0163 655 840 740 871
switch-static 0.0136 1223 630 1274 649
switch-static 0.0127 699 766 777 822
switch-static 0.0111 1068 708 1148 747
switch-static 0.0109 1471 628 1512 669
switch-static 0.0093 1603 869 1696 954
switch-static 0.0077 1595 769 1742 854
switch-static 0.0071 1173 619 1218 641
switch-static 0.0066 1650 851 1747 890
switch-static 0.0063 1417 616 1479 670
switch-static 0.0061 1422 665 1467 698
switch-static 0.0059 673 792 729 834
switch-static 0.0050 1156 628 1204 652
switch-static 0.0050 599 729 857 881
switch-static 0.0050 1268 629 1318 652
switch-static 0.0050 1124 677 1217 730
switch-static 0.0048 1207 697 1269 731
switch-static 0.0047 1138 672 1188 708
switch-static 0.0045 1492 693 1585 749
switch-static 0.0040 1581 749 1741 818
switch-static 0.0040 1529 780 1786 953
switch-static 0.0040 850 627 893 661
switch-static 0.0038 1169 626 1228 650
switch-static 0.0035 1077 692 1155 734
switch-static 0.0030 1404 703 1472 752
switch-static 0.0029 1267 654 1347 709
switch-static 0.0027 668 670 747 695
switch-static 0.0026 859 641 935 685
switch-static 0.0024 1209 702 1281 758
switch-static 0.0022 1165 706 1249 741
switch-static 0.0016 617 759 835 950
switch-static 0.0015 661 665 715 689
switch-static 0.0011 653 666 765 703
switch-static 0.0010 1161 615 1200 646
track-sign-front 0.1608 981 520 992 542
track-sign-front 0.0290 1899 563 1920 652
track-sign-front 0.0139 979 523 990 566
track-sign-front 0.0136 1902 547 1919 617
track-sign-front 0.0125 721 615 735 635
track-sign-front 0.0059 277 390 316 463
track-sign-front 0.0049 1173 565 1190 634
track-sign-front 0.0046 1872 591 1917 663
track-sign-front 0.0042 285 658 309 709
track-sign-front 0.0035 275 429 314 474
track-sign-front 0.0028 723 610 750 636
track-sign-front 0.0026 1734 567 1753 615
track-sign-front 0.0025 791 357 808 420
track-sign-front 0.0024 1893 614 1922 680
track-sign-front 0.0024 303 502 344 605
track-sign-front 0.0023 281 396 312 432
track-sign-front 0.0023 719 597 740 641
track-sign-front 0.0020 1594 572 1615 639
track-sign-front 0.0020 1733 508 1755 672
track-sign-front 0.0018 764 460 788 488
track-sign-front 0.0018 1854 532 1907 664
track-sign-front 0.0015 307 478 348 662
track-sign-front 0.0014 630 437 657 473
track-sign-front 0.0013 286 379 336 441
track-sign-front 0.0012 1865 287 1900 518
track-sign-front 0.0012 298 507 318 565
track-sign-front 0.0010 280 418 336 485
track-signal-front 0.0316 1496 452 1512 487
track-signal-front 0.0175 1496 378 1514 567
track-signal-front 0.0077 309 301 349 421
track-signal-front 0.0045 1496 430 1515 483
track-signal-front 0.0038 1621 396 1641 424
track-signal-front 0.0034 1622 395 1644 451
track-signal-front 0.0026 763 460 788 496
track-signal-front 0.0025 1581 426 1596 484
track-signal-front 0.0020 1608 386 1642 481
track-signal-front 0.0018 1576 416 1601 490
track-signal-front 0.0018 763 477 796 520
track-signal-front 0.0018 1572 348 1596 419
track-signal-front 0.0016 778 497 809 520
track-signal-front 0.0014 118 511 136 612
track-signal-front 0.0014 1574 295 1594 519
track-signal-front 0.0012 1606 412 1629 507
track-signal-front 0.0011 1417 496 1443 613
track-signal-back 0.0601 1118 514 1127 532
track-signal-back 0.0284 980 507 995 542
track-signal-back 0.0260 884 504 897 549
track-signal-back 0.0122 1049 488 1063 532
track-signal-back 0.0106 882 477 902 552
track-signal-back 0.0099 1048 494 1062 557
track-signal-back 0.0090 1009 462 1024 537
track-signal-back 0.0069 1004 471 1022 506
track-signal-back 0.0065 1044 470 1065 533
track-signal-back 0.0039 879 448 895 497
track-signal-back 0.0039 1117 510 1130 541
track-signal-back 0.0038 791 362 807 421
track-signal-back 0.0037 1033 479 1059 508
track-signal-back 0.0034 881 435 898 588
track-signal-back 0.0031 1051 483 1064 507
track-signal-back 0.0031 791 324 807 447
track-signal-back 0.0028 875 432 892 486
track-signal-back 0.0027 878 450 902 514
track-signal-back 0.0020 627 425 650 465
track-signal-back 0.0020 313 494 354 609
track-signal-back 0.0017 996 463 1019 506
track-signal-back 0.0015 874 407 888 480
track-signal-back 0.0013 1078 495 1097 536
track-signal-back 0.0012 1170 430 1187 484
pole 0.3833 1848 54 1902 771
pole 0.3052 1500 432 1516 657
pole 0.2807 1731 195 1759 701
pole 0.2553 1504 72 1532 697
pole 0.2228 1567 132 1597 686
pole 0.2070 1579 392 1604 668
pole 0.1467 1524 80 1574 711
pole 0.1092 1600 356 1625 663
pole 0.1021 1575 274 1609 684
pole 0.0742 1330 469 1337 607
pole 0.0732 887 492 899 625
pole 0.0721 1506 465 1523 669
pole 0.0592 1174 394 1187 628
pole 0.0529 120 560 130 669
pole 0.0326 1736 357 1756 693
pole 0.0324 1044 490 1057 606
pole 0.0314 118 486 135 682
pole 0.0303 883 416 902 653
pole 0.0302 1592 413 1618 668
pole 0.0295 1505 538 1516 661
pole 0.0232 1508 558 1521 655
pole 0.0223 1536 398 1561 669
pole 0.0209 298 126 375 798
pole 0.0207 1321 486 1342 607
pole 0.0181 1119 506 1128 582
pole 0.0180 1457 429 1496 673
pole 0.0178 1175 444 1185 586
pole 0.0140 1428 392 1460 677
pole 0.0137 1476 426 1519 680
pole 0.0136 1183 101 1211 660
pole 0.0130 1007 491 1028 606
pole 0.0125 1174 498 1193 605
pole 0.0100 1422 401 1443 669
pole 0.0096 1484 62 1523 683
pole 0.0092 1328 419 1340 620
pole 0.0090 1245 392 1265 624
pole 0.0086 1040 536 1056 608
pole 0.0083 882 469 899 586
pole 0.0079 1579 310 1597 602
pole 0.0078 1607 317 1626 605
pole 0.0077 1118 492 1135 600
pole 0.0069 1564 409 1626 680
pole 0.0068 1737 160 1776 751
pole 0.0067 1170 529 1188 623
pole 0.0067 1046 481 1063 583
pole 0.0057 163 598 186 701
pole 0.0057 1322 467 1360 608
pole 0.0056 1612 361 1635 653
pole 0.0056 1714 224 1772 701
pole 0.0055 970 523 1008 618
pole 0.0051 1236 469 1274 602
pole 0.0047 1009 431 1026 572
pole 0.0045 1860 374 1897 686
pole 0.0040 1571 251 1592 563
pole 0.0039 1559 474 1595 694
pole 0.0038 1739 265 1755 603
pole 0.0038 1436 519 1460 628
pole 0.0036 1162 488 1190 614
pole 0.0035 1224 514 1268 605
pole 0.0035 1549 217 1611 670
pole 0.0035 1865 361 1914 761
pole 0.0034 1807 126 1916 795
pole 0.0034 1230 385 1257 638
pole 0.0033 790 257 806 479
pole 0.0032 1222 468 1256 600
pole 0.0031 1588 370 1642 661
pole 0.0030 1518 422 1647 686
pole 0.0029 1171 283 1197 654
pole 0.0027 288 241 346 604
pole 0.0026 1506 466 1517 617
pole 0.0026 1498 444 1515 581
pole 0.0025 1901 484 1919 648
pole 0.0025 1497 295 1514 596
pole 0.0025 1037 532 1069 613
pole 0.0024 1257 479 1293 596
pole 0.0023 1256 387 1282 631
pole 0.0023 342 172 407 757
pole 0.0022 305 491 347 693
pole 0.0020 783 179 810 522
pole 0.0020 969 338 987 632
pole 0.0020 1720 403 1758 711
pole 0.0019 1163 89 1218 673
pole 0.0019 1491 203 1545 696
pole 0.0019 1170 353 1188 564
pole 0.0018 1808 449 1827 671
pole 0.0017 114 455 150 697
pole 0.0017 158 591 183 668
pole 0.0017 1799 482 1841 678
pole 0.0017 1808 450 1916 713
pole 0.0017 1485 408 1542 666
pole 0.0016 977 520 991 574
pole 0.0015 1412 526 1445 628
pole 0.0015 877 499 912 631
pole 0.0015 1609 423 1623 555
pole 0.0015 1179 507 1227 599
pole 0.0014 1508 238 1525 578
pole 0.0014 1580 440 1600 589
pole 0.0013 1421 475 1440 600
pole 0.0013 1441 447 1583 671
pole 0.0013 1734 534 1755 672
pole 0.0013 1498 458 1531 680
pole 0.0012 1764 511 1913 683
pole 0.0012 984 447 1035 611
pole 0.0012 1445 382 1524 668
pole 0.0012 1373 359 1391 617
pole 0.0012 1809 499 1822 618
pole 0.0012 1357 453 1381 627
pole 0.0011 951 195 984 642
pole 0.0011 1899 371 1920 631
pole 0.0010 1511 223 1526 463
pole 0.0010 1604 284 1643 573
pole 0.0010 1170 427 1185 546
pole 0.0010 26 565 224 672
pole 0.0010 959 307 978 611
pole 0.0010 1539 479 1561 626
rail-occluder 0.0707 1677 617 1695 657
rail-occluder 0.0455 1502 585 1514 657
rail-occluder 0.0363 1506 581 1517 654
rail-occluder 0.0151 1251 565 1270 605
rail-occluder 0.0140 1444 618 1488 646
rail-occluder 0.0134 1410 612 1469 641
rail-occluder 0.0059 1577 555 1613 674
rail-occluder 0.0054 1428 615 1504 648
rail-occluder 0.0053 998 569 1029 606
rail-occluder 0.0051 1892 652 1919 735
rail-occluder 0.0034 865 678 885 724
rail-occluder 0.0034 1667 611 1705 663
rail-occluder 0.0031 1559 560 1591 669
rail-occluder 0.0024 1593 592 1617 647
rail-occluder 0.0021 158 597 196 663
rail-occluder 0.0021 1240 565 1279 606
rail-occluder 0.0020 1497 616 1523 663
rail-occluder 0.0020 1869 649 1917 749
rail-occluder 0.0020 1572 610 1612 665
rail-occluder 0.0019 1680 621 1709 660
rail-occluder 0.0018 141 631 186 692
rail-occluder 0.0018 170 609 210 673
rail-occluder 0.0017 1878 620 1920 725
rail-occluder 0.0014 1643 608 1706 680
rail-occluder 0.0013 1545 566 1572 636
rail-occluder 0.0013 130 608 231 660
rail-occluder 0.0010 1651 618 1743 701
