guard-rail 0.6839 1048 648 1066 700
guard-rail 0.2295 937 646 951 702
guard-rail 0.2024 1060 649 1077 699
guard-rail 0.0608 941 650 957 702
guard-rail 0.0103 1040 652 1071 711
guard-rail 0.0050 1022 650 1046 702
guard-rail 0.0032 932 646 956 710
guard-rail 0.0023 1020 652 1075 701
guard-rail 0.0015 1006 653 1043 710
guard-rail 0.0013 1005 647 1091 714
train-car 0.0029 883 521 927 571
platform 0.1146 895 533 928 566
platform 0.0159 881 535 924 580
platform 0.0094 852 526 910 575
platform 0.0040 849 544 908 586
platform 0.0033 2 561 874 1081
platform 0.0031 902 530 962 568
platform 0.0011 881 570 918 596
rail 0.8859 918 539 1205 1075
rail 0.0015 895 535 1061 1066
rail 0.0010 917 550 986 1064
track-sign-front 0.0962 896 534 925 566
track-sign-front 0.0396 242 450 325 507
track-sign-front 0.0216 1009 544 1018 561
track-sign-front 0.0166 1051 558 1063 575
track-sign-front 0.0157 1002 542 1020 566
track-sign-front 0.0157 1106 530 1121 546
track-sign-front 0.0123 881 502 930 578
track-sign-front 0.0092 1105 520 1132 546
track-sign-front 0.0063 1008 533 1023 558
track-sign-front 0.0056 955 526 981 571
track-sign-front 0.0049 1101 524 1118 542
track-sign-front 0.0047 961 501 980 565
track-sign-front 0.0039 1113 515 1131 538
track-sign-front 0.0036 1023 543 1066 578
track-sign-front 0.0033 790 517 807 540
track-sign-front 0.0031 854 512 892 555
track-sign-front 0.0020 971 489 984 517
track-sign-front 0.0016 841 525 887 568
track-sign-front 0.0014 1049 555 1065 582
track-sign-front 0.0013 849 515 878 546
track-sign-front 0.0011 234 413 318 504
track-sign-front 0.0010 225 433 339 545
track-signal-front 0.0067 892 498 910 529
track-signal-front 0.0015 862 502 896 534
track-signal-back 0.0022 893 486 906 508
track-signal-back 0.0019 969 480 982 513
track-signal-back 0.0015 963 482 986 526
