guard-rail 0.0084 690 628 762 648
guard-rail 0.0046 719 621 781 643
guard-rail 0.0019 0 968 65 1076
guard-rail 0.0017 -2 960 128 1074
guard-rail 0.0010 1 966 29 1064
train-car 0.0279 965 563 1010 591
train-car 0.0184 951 569 1005 599
train-car 0.0121 975 559 1010 583
train-car 0.0038 950 551 1005 590
rail 0.9635 730 589 1037 1075
rail 0.9237 949 593 1905 1077
rail 0.9217 6 590 919 1077
rail 0.7632 -5 602 850 836
rail 0.6235 1025 589 1918 793
rail 0.0533 959 590 1025 630
rail 0.0438 937 585 1008 616
rail 0.0271 805 593 912 629
rail 0.0241 1368 641 1935 771
rail 0.0229 923 587 979 613
rail 0.0226 984 581 1053 649
rail 0.0210 827 588 925 619
rail 0.0120 885 589 952 618
rail 0.0116 1265 584 1690 744
rail 0.0111 883 590 913 623
rail 0.0110 764 599 920 637
rail 0.0073 892 583 1003 624
rail 0.0052 925 576 983 602
rail 0.0052 876 572 919 606
rail 0.0048 1211 629 1898 865
rail 0.0042 923 594 968 622
rail 0.0041 993 511 1129 699
rail 0.0039 890 599 932 627
rail 0.0039 842 581 919 609
rail 0.0036 854 599 936 636
rail 0.0034 1009 576 1125 684
rail 0.0033 970 545 1059 641
rail 0.0032 958 609 1042 651
rail 0.0031 -1 660 570 835
rail 0.0031 802 578 940 641
rail 0.0030 94 636 602 758
rail 0.0028 1549 654 1866 766
rail 0.0025 781 593 885 696
rail 0.0021 683 618 782 647
rail 0.0018 888 576 955 603
rail 0.0015 1369 577 1524 734
rail 0.0015 120 634 679 961
rail 0.0013 1594 670 1916 809
switch-indicator 0.1859 888 609 902 626
switch-indicator 0.0753 888 596 906 624
switch-indicator 0.0105 885 604 904 630
switch-unknown 0.0775 940 583 1001 616
switch-unknown 0.0702 964 589 1018 625
switch-unknown 0.0630 966 600 1027 632
switch-unknown 0.0624 926 587 974 613
switch-unknown 0.0466 990 601 1048 641
switch-unknown 0.0332 926 598 962 617
switch-unknown 0.0291 808 599 830 638
switch-unknown 0.0281 1017 611 1049 647
switch-unknown 0.0225 894 584 950 621
switch-unknown 0.0142 1014 593 1051 663
switch-unknown 0.0131 895 604 928 623
switch-unknown 0.0129 819 588 898 625
switch-unknown 0.0127 851 579 911 626
switch-unknown 0.0101 745 616 798 637
switch-unknown 0.0082 810 599 876 638
switch-unknown 0.0077 923 565 980 605
switch-unknown 0.0045 694 614 772 648
switch-unknown 0.0038 676 634 733 654
switch-unknown 0.0032 712 614 804 641
switch-unknown 0.0027 1030 621 1108 676
switch-unknown 0.0025 664 638 711 657
switch-unknown 0.0018 892 558 954 610
switch-unknown 0.0014 756 601 802 634
switch-unknown 0.0010 629 637 699 661
switch-unknown 0.0010 659 645 707 665
switch-static 0.0148 1012 794 1062 822
switch-static 0.0076 1071 840 1104 864
switch-static 0.0031 973 615 1020 644
switch-static 0.0027 1052 835 1109 863
switch-static 0.0022 1029 793 1077 824
switch-static 0.0011 999 792 1070 839
track-sign-front 0.3308 1452 553 1473 592
track-sign-front 0.1768 333 677 356 705
track-sign-front 0.0556 1700 630 1716 695
track-sign-front 0.0328 1458 652 1477 693
track-sign-front 0.0319 604 611 622 629
track-sign-front 0.0234 1198 582 1219 646
track-sign-front 0.0226 1696 810 1727 835
track-sign-front 0.0119 606 614 626 636
track-sign-front 0.0092 1356 575 1368 622
track-sign-front 0.0060 1467 458 1495 505
track-sign-front 0.0058 1355 592 1370 645
track-sign-front 0.0058 105 524 124 562
track-sign-front 0.0056 1203 583 1226 618
track-sign-front 0.0054 1168 569 1227 638
track-sign-front 0.0048 1452 554 1478 644
track-sign-front 0.0046 1354 550 1368 604
track-sign-front 0.0040 557 632 570 651
track-sign-front 0.0037 1198 543 1223 641
track-sign-front 0.0030 1697 552 1719 693
track-sign-front 0.0019 147 585 173 634
track-sign-front 0.0019 590 606 620 637
track-sign-front 0.0018 1454 431 1490 504
track-sign-front 0.0014 1353 562 1371 635
track-sign-front 0.0013 1686 421 1709 467
track-sign-front 0.0012 1452 454 1479 509
track-sign-front 0.0010 160 655 190 697
track-sign-front 0.0010 1159 511 1208 639
track-signal-front 0.8607 1671 324 1714 416
track-signal-front 0.8250 1025 338 1111 431
track-signal-front 0.6641 1409 244 1468 377
track-signal-front 0.5895 1412 290 1475 430
track-signal-front 0.2781 1101 538 1116 562
track-signal-front 0.1299 1096 566 1153 651
track-signal-front 0.0695 1094 530 1134 616
track-signal-front 0.0266 1100 533 1137 570
track-signal-front 0.0263 1097 528 1118 580
track-signal-front 0.0197 1695 522 1713 571
track-signal-front 0.0091 1691 506 1712 586
track-signal-front 0.0053 1097 534 1125 562
track-signal-front 0.0042 1088 524 1114 629
track-signal-front 0.0040 1439 425 1465 467
track-signal-front 0.0028 1425 420 1468 458
track-signal-front 0.0027 1696 516 1719 624
track-signal-front 0.0026 1718 532 1749 579
track-signal-front 0.0024 1123 178 1277 360
track-signal-front 0.0023 1092 518 1123 593
track-signal-front 0.0023 1747 545 1764 582
track-signal-front 0.0018 1682 416 1708 451
track-signal-front 0.0018 1063 335 1125 430
track-signal-front 0.0017 904 545 944 593
track-signal-front 0.0016 1420 308 1519 443
track-signal-front 0.0016 924 547 969 592
track-signal-front 0.0016 1633 324 1656 405
track-signal-front 0.0015 1401 247 1504 483
track-signal-front 0.0014 880 552 917 589
track-signal-front 0.0014 1029 366 1105 465
track-signal-front 0.0012 1678 314 1706 352
track-signal-front 0.0011 1737 541 1761 591
track-signal-front 0.0011 1353 511 1369 616
track-signal-front 0.0010 1007 323 1132 486
track-signal-front 0.0010 1086 494 1115 585
track-signal-back 0.1317 1696 525 1713 571
track-signal-back 0.0205 1660 551 1678 584
track-signal-back 0.0096 1658 540 1680 596
track-signal-back 0.0064 1124 184 1264 352
track-signal-back 0.0048 1655 519 1679 615
track-signal-back 0.0028 1615 549 1637 584
track-signal-back 0.0014 1684 518 1715 608
track-signal-back 0.0014 1627 538 1660 602
pole 0.7224 296 276 335 759
pole 0.5024 1445 438 1482 773
pole 0.2762 814 609 832 708
pole 0.2156 1018 408 1062 699
pole 0.1189 1088 536 1154 678
pole 0.1057 1196 592 1213 679
pole 0.0869 1185 358 1241 679
pole 0.0720 1086 502 1154 783
pole 0.0589 1026 621 1042 702
pole 0.0570 1691 438 1721 708
pole 0.0475 1109 315 1166 726
pole 0.0306 1149 332 1236 692
pole 0.0280 808 592 831 646
pole 0.0268 1019 609 1044 669
pole 0.0252 1457 649 1477 695
pole 0.0250 1435 265 1492 797
pole 0.0238 1105 547 1181 736
pole 0.0231 1141 217 1205 724
pole 0.0198 1349 396 1371 660
pole 0.0193 1087 461 1117 699
pole 0.0192 991 515 1072 670
pole 0.0180 1029 452 1081 705
pole 0.0164 1174 398 1209 652
pole 0.0162 1210 382 1246 671
pole 0.0156 807 593 835 695
pole 0.0144 1196 558 1221 672
pole 0.0130 1149 441 1174 661
pole 0.0121 141 320 175 749
pole 0.0120 1056 523 1129 770
pole 0.0110 1115 401 1208 696
pole 0.0103 1020 269 1128 697
pole 0.0098 1016 588 1052 688
pole 0.0092 1671 403 1714 708
pole 0.0087 1437 520 1474 777
pole 0.0085 302 490 330 754
pole 0.0084 1694 582 1722 759
pole 0.0083 693 512 706 636
pole 0.0077 1032 421 1158 734
pole 0.0077 814 604 848 689
pole 0.0072 1636 288 1671 713
pole 0.0063 811 484 841 684
pole 0.0057 1698 619 1717 694
pole 0.0057 304 338 327 691
pole 0.0051 1192 494 1228 684
pole 0.0049 1278 565 1677 767
pole 0.0049 1158 475 1208 672
pole 0.0048 1018 539 1055 663
pole 0.0040 1347 369 1388 647
pole 0.0040 1648 503 1674 695
pole 0.0038 265 290 384 760
pole 0.0038 1021 523 1115 734
pole 0.0038 1092 587 1139 762
pole 0.0036 1070 603 1124 736
pole 0.0033 1454 590 1481 710
pole 0.0033 997 448 1115 692
pole 0.0033 994 356 1050 692
pole 0.0032 1151 527 1176 633
pole 0.0030 146 405 171 701
pole 0.0027 820 461 845 638
pole 0.0027 1145 327 1178 637
pole 0.0027 1161 332 1204 640
pole 0.0024 1413 238 1480 690
pole 0.0024 1625 301 1659 644
pole 0.0024 1077 540 1128 665
pole 0.0023 1173 542 1221 671
pole 0.0022 1353 519 1370 647
pole 0.0021 1454 410 1479 667
pole 0.0021 689 561 709 641
pole 0.0019 1202 272 1268 676
pole 0.0019 1448 593 1491 802
pole 0.0018 984 582 1084 704
pole 0.0018 1695 536 1722 676
pole 0.0017 1640 508 1661 690
pole 0.0017 1022 619 1042 759
pole 0.0016 303 356 356 703
pole 0.0016 1639 332 1658 640
pole 0.0015 1025 485 1057 630
pole 0.0015 1354 592 1372 648
pole 0.0015 1373 537 1520 783
pole 0.0014 831 495 858 617
pole 0.0014 691 575 705 631
pole 0.0014 1203 572 1226 632
pole 0.0014 685 455 707 645
pole 0.0013 1198 582 1234 672
pole 0.0013 1020 612 1059 735
pole 0.0012 1461 507 1495 746
pole 0.0012 293 221 321 673
pole 0.0012 1072 572 1232 735
pole 0.0011 1455 440 1490 514
pole 0.0011 1640 392 1679 666
pole 0.0011 1081 423 1108 605
pole 0.0010 140 324 226 784
pole 0.0010 1122 373 1167 642
rail-occluder 0.1776 334 675 355 703
rail-occluder 0.1288 1094 575 1154 649
rail-occluder 0.0939 810 609 832 647
rail-occluder 0.0876 813 609 833 679
rail-occluder 0.0537 425 675 443 695
rail-occluder 0.0400 1194 586 1216 679
rail-occluder 0.0368 1020 619 1043 663
rail-occluder 0.0246 807 607 839 701
rail-occluder 0.0201 1700 632 1718 698
rail-occluder 0.0120 1702 645 1717 731
rail-occluder 0.0086 329 678 358 722
rail-occluder 0.0063 1014 606 1048 673
rail-occluder 0.0042 420 673 451 699
rail-occluder 0.0036 476 688 499 710
rail-occluder 0.0035 1131 571 1172 638
rail-occluder 0.0030 555 632 569 653
rail-occluder 0.0029 1699 677 1719 739
rail-occluder 0.0024 528 667 555 687
rail-occluder 0.0024 1354 622 1372 654
rail-occluder 0.0024 1089 654 1119 727
rail-occluder 0.0018 557 640 585 661
rail-occluder 0.0017 306 668 358 760
rail-occluder 0.0017 1624 650 1791 743
rail-occluder 0.0017 1455 655 1477 716
rail-occluder 0.0015 686 610 725 654
rail-occluder 0.0015 1695 811 1727 849
rail-occluder 0.0014 443 681 500 708
rail-occluder 0.0013 1095 649 1137 732
rail-occluder 0.0011 500 639 515 668
rail-occluder 0.0011 1163 567 1226 651
rail-occluder 0.0011 603 617 636 656
rail-occluder 0.0010 1108 577 1187 646
rail-occluder 0.0010 1081 640 1126 740
