crossing 0.0016 1153 729 1265 760
rail 0.9696 1125 608 1836 1078
rail 0.8992 712 610 1180 1077
switch-static 0.0042 986 735 1054 760
switch-static 0.0010 995 722 1068 758
track-sign-front 0.0810 1051 610 1062 625
track-sign-front 0.0411 674 732 721 800
track-sign-front 0.0198 1047 567 1070 638
track-sign-front 0.0162 815 610 830 634
track-sign-front 0.0139 1571 747 1594 789
track-sign-front 0.0079 1573 745 1594 825
track-sign-front 0.0062 1049 607 1063 631
track-sign-front 0.0060 1233 520 1251 634
track-sign-front 0.0059 699 726 735 795
track-sign-front 0.0041 819 609 844 631
track-sign-front 0.0038 815 616 831 647
track-sign-front 0.0037 1232 570 1253 670
track-sign-front 0.0025 1071 565 1092 626
track-sign-front 0.0025 1473 723 1492 783
track-sign-front 0.0022 1119 611 1133 639
track-sign-front 0.0013 1117 612 1148 639
track-sign-front 0.0012 622 623 654 727
track-sign-front 0.0011 665 714 737 789
track-sign-front 0.0010 1577 776 1596 830
track-signal-front 0.0524 1054 562 1074 582
track-signal-front 0.0219 1062 562 1082 582
track-signal-front 0.0092 814 582 833 631
track-signal-front 0.0025 1064 555 1089 572
track-signal-front 0.0018 816 604 833 633
track-signal-back 0.0743 1054 559 1071 581
track-signal-back 0.0108 1049 544 1063 573
track-signal-back 0.0066 811 555 833 600
track-signal-back 0.0017 1040 533 1056 558
track-signal-back 0.0014 812 569 832 626
track-signal-back 0.0011 1048 557 1079 583
pole 0.1659 1223 449 1247 677
pole 0.1385 1209 463 1227 669
pole 0.0280 1231 470 1251 719
pole 0.0159 1215 517 1253 664
pole 0.0129 1232 537 1252 659
pole 0.0052 1208 448 1258 692
pole 0.0032 1202 498 1235 674
pole 0.0031 1200 570 1229 657
pole 0.0025 1231 498 1250 615
pole 0.0023 1114 556 1132 643
pole 0.0020 1193 508 1218 644
rail-occluder 0.0011 1115 623 1132 646
