crossing 0.8454 933 740 1031 804
crossing 0.5854 634 735 827 815
crossing 0.3860 737 738 843 803
crossing 0.1073 499 670 969 913
crossing 0.0700 924 726 1057 836
crossing 0.0333 650 742 764 809
crossing 0.0291 693 690 871 788
crossing 0.0251 718 644 943 703
crossing 0.0226 937 713 1041 788
crossing 0.0190 663 659 929 754
crossing 0.0071 606 674 837 844
crossing 0.0060 886 653 944 683
crossing 0.0046 747 688 901 749
crossing 0.0044 771 622 1041 710
crossing 0.0036 770 663 925 704
crossing 0.0024 966 707 1049 760
crossing 0.0023 893 643 987 679
crossing 0.0023 712 744 807 812
crossing 0.0020 754 725 871 785
crossing 0.0019 858 667 932 692
crossing 0.0018 813 660 973 700
crossing 0.0016 748 674 917 725
crossing 0.0015 630 695 897 756
crossing 0.0014 604 750 804 852
crossing 0.0013 820 646 921 690
crossing 0.0010 1009 742 1061 795
guard-rail 0.0150 750 738 834 808
guard-rail 0.0011 789 741 832 813
guard-rail 0.0010 491 804 642 1075
train-car 0.1674 1047 600 1077 631
train-car 0.0262 1049 604 1102 636
train-car 0.0037 1052 580 1111 639
platform 0.4529 1062 643 1210 696
platform 0.1616 753 633 1025 685
platform 0.0676 1060 652 1244 725
platform 0.0417 1069 633 1165 685
platform 0.0377 1114 635 1198 683
platform 0.0251 665 640 968 712
platform 0.0238 770 642 929 688
platform 0.0233 1144 641 1206 677
platform 0.0182 865 630 1039 680
platform 0.0166 1073 610 1189 703
platform 0.0110 1060 619 1181 667
platform 0.0070 1098 644 1291 690
platform 0.0050 822 641 978 682
platform 0.0044 857 617 1032 663
platform 0.0041 1076 599 1155 679
platform 0.0033 715 612 1063 723
platform 0.0026 1087 676 1232 733
platform 0.0023 1070 649 1476 753
platform 0.0023 870 653 935 687
platform 0.0017 1303 665 1900 761
platform 0.0016 858 642 941 678
platform 0.0015 681 613 936 690
platform 0.0010 916 626 1065 669
rail 0.9404 482 615 1066 1081
rail 0.9339 775 632 1112 1077
rail 0.2230 1060 637 1204 700
rail 0.1234 1034 650 1168 690
rail 0.0843 1035 658 1116 689
rail 0.0636 1045 636 1159 679
rail 0.0418 1040 663 1147 696
rail 0.0229 1040 638 1108 683
rail 0.0115 1051 624 1211 738
rail 0.0102 1009 645 1106 699
rail 0.0093 669 686 836 1026
rail 0.0066 1042 612 1110 659
rail 0.0041 994 660 1096 722
rail 0.0034 824 636 1036 702
rail 0.0033 1054 675 1223 733
rail 0.0014 692 661 953 1041
rail 0.0013 985 623 1128 733
rail 0.0011 1027 680 1153 733
rail 0.0011 937 628 1157 1076
rail 0.0011 1008 633 1094 681
switch-right 0.0304 1009 673 1077 703
switch-right 0.0265 1030 669 1109 694
switch-right 0.0110 992 686 1066 728
switch-right 0.0050 979 696 1055 737
switch-unknown 0.0957 1038 662 1110 690
switch-unknown 0.0625 1026 670 1083 693
switch-unknown 0.0477 1011 675 1076 700
switch-unknown 0.0010 997 656 1064 706
track-sign-front 0.5197 396 572 442 657
track-sign-front 0.1683 463 554 516 613
track-sign-front 0.1012 404 456 439 522
track-sign-front 0.0992 399 563 439 741
track-sign-front 0.0452 406 528 436 559
track-sign-front 0.0383 577 629 609 658
track-sign-front 0.0367 401 627 434 759
track-sign-front 0.0111 609 541 646 571
track-sign-front 0.0078 580 589 609 624
track-sign-front 0.0026 577 601 617 656
track-sign-front 0.0026 409 511 440 554
track-sign-front 0.0025 584 543 629 580
track-sign-front 0.0023 617 536 645 562
track-sign-front 0.0021 458 526 515 648
track-sign-front 0.0018 559 626 603 657
track-sign-front 0.0015 577 558 612 609
track-sign-front 0.0014 405 667 441 770
track-sign-front 0.0010 623 540 653 570
track-sign-front 0.0010 731 614 769 639
track-signal-front 0.1326 1151 548 1174 581
track-signal-front 0.0645 759 551 775 571
track-signal-front 0.0572 1130 517 1150 578
track-signal-front 0.0489 1145 549 1164 586
track-signal-front 0.0315 1127 528 1143 567
track-signal-front 0.0059 1132 501 1153 540
track-signal-front 0.0052 1144 550 1171 633
track-signal-front 0.0033 1125 512 1144 557
track-signal-front 0.0020 754 548 782 574
track-signal-front 0.0018 1114 522 1146 628
track-signal-front 0.0011 1004 571 1035 608
track-signal-back 0.1995 1194 478 1222 548
track-signal-back 0.0251 1176 481 1219 553
track-signal-back 0.0177 1133 502 1165 556
track-signal-back 0.0063 1158 547 1202 580
track-signal-back 0.0025 1186 511 1226 582
track-signal-back 0.0022 1200 481 1231 570
track-signal-back 0.0020 1134 518 1184 588
person 0.0843 1429 618 1468 709
person 0.0448 1408 704 1444 785
person 0.0011 1044 595 1082 644
person 0.0011 1674 650 1728 744
person 0.0010 1416 638 1459 748
pole 0.0363 1129 473 1151 737
pole 0.0181 1118 534 1160 746
pole 0.0067 1126 539 1154 671
pole 0.0036 1103 505 1145 702
pole 0.0028 1130 505 1162 594
pole 0.0019 1117 507 1144 646
pole 0.0012 1116 562 1195 729
pole 0.0010 1075 533 1105 636
