guard-rail 0.0093 741 666 763 740
guard-rail 0.0020 731 661 773 747
rail 0.9647 652 349 1923 1075
rail 0.9161 1 364 623 1066
rail 0.8477 524 370 935 1069
rail 0.6409 565 381 681 482
rail 0.1951 517 374 691 1071
rail 0.1337 561 643 819 816
rail 0.1081 594 648 917 1070
rail 0.0178 559 309 689 469
rail 0.0177 755 643 917 1084
rail 0.0169 560 381 614 412
rail 0.0111 567 374 650 409
rail 0.0081 648 367 679 389
rail 0.0078 576 370 685 416
rail 0.0077 535 432 672 873
rail 0.0073 539 541 833 863
rail 0.0071 541 658 635 1076
rail 0.0055 579 417 690 501
rail 0.0024 733 427 999 1077
rail 0.0015 -6 355 609 705
rail 0.0013 534 671 806 911
rail 0.0010 561 366 660 391
switch-indicator 0.0096 563 458 592 488
switch-indicator 0.0019 150 530 181 586
switch-left 0.2940 606 451 689 490
switch-left 0.1780 553 656 813 799
switch-left 0.0960 533 623 740 857
switch-left 0.0054 595 658 774 762
switch-left 0.0028 568 456 661 493
switch-right 0.3176 602 451 683 489
switch-right 0.1834 555 653 801 778
switch-right 0.0054 614 440 748 498
switch-unknown 0.1860 560 377 599 395
switch-unknown 0.0482 566 375 642 399
switch-unknown 0.0474 655 365 681 384
switch-unknown 0.0391 549 382 587 399
switch-unknown 0.0314 564 370 599 389
switch-unknown 0.0256 657 359 694 378
switch-unknown 0.0235 561 382 603 405
switch-unknown 0.0061 524 380 576 399
switch-unknown 0.0054 674 356 713 381
switch-unknown 0.0050 584 368 674 403
switch-unknown 0.0027 542 341 593 401
switch-unknown 0.0021 565 363 651 391
switch-unknown 0.0014 520 386 575 407
switch-unknown 0.0012 610 348 673 392
switch-static 0.5279 705 457 765 491
switch-static 0.4825 794 637 924 695
switch-static 0.2454 779 516 837 548
switch-static 0.2171 728 516 843 550
switch-static 0.2168 561 462 593 490
switch-static 0.0834 927 868 1064 961
switch-static 0.0671 844 713 928 768
switch-static 0.0524 619 448 739 493
switch-static 0.0333 722 522 796 550
switch-static 0.0317 692 449 775 506
switch-static 0.0313 493 665 571 696
switch-static 0.0233 774 639 873 691
switch-static 0.0227 755 651 831 692
switch-static 0.0152 969 869 1060 937
switch-static 0.0137 657 420 1047 959
switch-static 0.0096 744 562 999 804
switch-static 0.0075 791 616 938 722
switch-static 0.0072 764 767 958 1019
switch-static 0.0063 829 708 929 803
switch-static 0.0062 811 651 907 712
switch-static 0.0057 971 704 1031 752
switch-static 0.0051 880 876 1047 985
switch-static 0.0047 836 683 967 752
switch-static 0.0047 825 641 961 704
switch-static 0.0044 571 458 655 493
switch-static 0.0042 503 650 605 708
switch-static 0.0030 707 467 790 517
switch-static 0.0029 702 488 794 530
switch-static 0.0025 746 644 909 723
switch-static 0.0025 738 660 806 724
switch-static 0.0023 869 720 937 761
switch-static 0.0022 842 651 927 723
switch-static 0.0020 777 639 986 856
switch-static 0.0017 698 438 767 487
switch-static 0.0015 567 470 605 496
switch-static 0.0015 907 916 1031 988
switch-static 0.0013 803 612 942 676
switch-static 0.0010 970 869 1199 1003
track-sign-front 0.1039 397 1003 504 1062
track-sign-front 0.0335 902 341 920 369
track-sign-front 0.0156 901 333 920 359
track-sign-front 0.0094 748 343 758 366
track-sign-front 0.0073 797 337 809 361
track-sign-front 0.0058 901 355 920 390
track-sign-front 0.0030 901 300 921 332
track-sign-front 0.0028 793 378 808 409
track-sign-front 0.0014 512 343 530 371
track-sign-front 0.0014 794 311 809 339
track-sign-front 0.0013 791 389 809 413
track-sign-front 0.0012 743 350 761 399
track-sign-front 0.0012 719 339 757 382
track-sign-front 0.0011 751 335 785 379
track-signal-back 0.0023 546 288 568 396
track-signal-back 0.0012 730 246 751 274
pole 0.0042 643 299 667 390
pole 0.0017 645 275 660 380
pole 0.0015 549 280 567 408
