guard-rail 0.0013 -1 587 38 653
train-car 0.0016 805 444 849 465
train-car 0.0010 556 416 706 467
rail 0.9722 591 448 949 1074
rail 0.9552 846 455 1882 1076
rail 0.8002 2 460 752 940
rail 0.7184 -3 484 456 685
rail 0.6490 964 467 1910 699
rail 0.3276 -2 486 361 599
rail 0.1125 3 494 269 570
rail 0.0864 -1 513 246 638
rail 0.0502 -3 420 689 706
rail 0.0492 1238 519 1907 674
rail 0.0491 13 181 594 880
rail 0.0302 -1 551 162 654
rail 0.0289 -2 464 607 597
rail 0.0252 8 464 420 557
rail 0.0217 963 474 1600 611
rail 0.0202 17 551 329 653
rail 0.0111 1164 515 1767 627
rail 0.0095 -2 547 252 710
rail 0.0067 -8 513 182 587
rail 0.0057 0 551 126 616
rail 0.0035 -1 570 90 635
rail 0.0027 0 586 91 691
rail 0.0025 678 452 778 497
rail 0.0019 0 508 128 566
rail 0.0018 643 463 762 516
rail 0.0017 1329 542 1672 608
rail 0.0016 2 575 153 705
rail 0.0016 22 570 191 633
rail 0.0015 46 536 217 619
rail 0.0015 445 444 503 662
rail 0.0014 0 571 35 627
rail 0.0014 456 459 681 643
rail 0.0014 155 506 383 772
rail 0.0014 68 510 237 584
rail 0.0013 92 501 251 561
rail 0.0012 0 524 84 582
rail 0.0012 181 369 411 592
rail 0.0012 0 587 40 653
rail 0.0011 0 554 31 611
rail 0.0010 24 512 440 870
rail 0.0010 113 501 438 610
switch-left 0.0011 45 571 214 628
switch-unknown 0.0037 820 443 859 466
switch-unknown 0.0022 805 440 850 466
switch-static 0.1355 908 645 1022 683
switch-static 0.1002 669 639 737 684
switch-static 0.0375 1233 632 1297 667
switch-static 0.0180 164 598 247 621
switch-static 0.0164 94 582 313 631
switch-static 0.0143 904 655 972 686
switch-static 0.0108 215 676 272 706
switch-static 0.0101 147 593 261 628
switch-static 0.0074 633 638 707 678
switch-static 0.0072 57 572 297 653
switch-static 0.0055 131 591 218 621
switch-static 0.0050 566 633 614 665
switch-static 0.0049 1251 633 1361 667
switch-static 0.0021 1207 644 1276 673
switch-static 0.0021 -1 571 33 627
switch-static 0.0019 1215 627 1292 678
switch-static 0.0018 1301 640 1366 670
switch-static 0.0014 191 666 274 703
switch-static 0.0014 767 658 878 696
switch-static 0.0013 222 672 299 713
switch-static 0.0013 114 596 198 626
switch-static 0.0013 917 656 1013 698
switch-static 0.0013 676 663 733 700
switch-static 0.0012 1235 622 1316 659
switch-static 0.0012 898 662 958 696
switch-static 0.0011 1802 754 1910 797
switch-static 0.0011 685 553 722 576
switch-static 0.0011 106 581 198 618
track-sign-front 0.0787 659 478 691 522
track-sign-front 0.0168 469 467 494 511
track-sign-front 0.0034 558 447 577 507
track-sign-front 0.0034 522 459 557 524
track-sign-front 0.0027 516 364 578 416
track-sign-front 0.0026 521 413 558 488
track-sign-front 0.0023 544 437 579 531
track-sign-front 0.0021 1793 463 1829 492
track-sign-front 0.0019 464 409 503 507
track-sign-front 0.0018 517 375 560 429
track-sign-front 0.0014 510 294 588 362
track-sign-front 0.0013 454 549 483 629
track-sign-front 0.0012 536 365 585 439
track-sign-front 0.0010 657 445 707 485
track-signal-back 0.7307 552 200 633 279
track-signal-back 0.6345 548 288 633 359
track-signal-back 0.4378 431 202 483 272
track-signal-back 0.3900 428 288 493 346
track-signal-back 0.3076 570 156 632 214
track-signal-back 0.0908 513 280 625 420
track-signal-back 0.0370 425 202 490 315
track-signal-back 0.0116 483 108 639 651
track-signal-back 0.0106 587 207 638 273
track-signal-back 0.0043 422 256 495 390
track-signal-back 0.0043 536 226 631 314
track-signal-back 0.0041 531 343 603 391
track-signal-back 0.0040 428 240 512 322
track-signal-back 0.0039 541 322 621 371
track-signal-back 0.0032 399 196 508 275
track-signal-back 0.0032 516 153 648 500
track-signal-back 0.0030 575 284 650 352
track-signal-back 0.0028 552 148 631 246
track-signal-back 0.0027 434 340 495 384
track-signal-back 0.0026 583 158 642 278
track-signal-back 0.0024 438 236 519 285
track-signal-back 0.0021 537 357 586 402
track-signal-back 0.0019 418 235 539 361
track-signal-back 0.0016 411 284 466 338
track-signal-back 0.0013 428 259 476 450
track-signal-back 0.0013 540 270 614 313
track-signal-back 0.0011 579 148 630 184
pole 0.7186 271 -11 364 850
pole 0.5689 451 206 621 682
pole 0.4264 1121 199 1139 536
pole 0.3487 1067 396 1078 520
pole 0.3269 702 190 719 540
pole 0.2983 985 319 999 502
pole 0.2357 423 289 441 533
pole 0.2193 770 332 781 477
pole 0.1353 248 257 399 758
pole 0.1264 510 365 573 674
pole 0.0813 175 234 473 791
pole 0.0734 420 256 456 580
pole 0.0727 766 277 780 498
pole 0.0719 526 413 558 678
pole 0.0525 985 384 996 493
pole 0.0428 775 336 791 478
pole 0.0406 925 348 937 477
pole 0.0341 1119 388 1135 528
pole 0.0232 535 503 556 687
pole 0.0220 1062 383 1090 523
pole 0.0211 471 412 507 682
pole 0.0188 417 220 485 567
pole 0.0182 979 329 1008 500
pole 0.0142 426 356 437 506
pole 0.0121 1104 195 1137 536
pole 0.0117 459 416 599 651
pole 0.0106 545 351 574 620
pole 0.0102 768 307 777 449
pole 0.0098 691 204 716 556
pole 0.0091 989 367 1006 501
pole 0.0089 678 174 730 570
pole 0.0089 762 206 775 532
pole 0.0087 425 373 445 523
pole 0.0080 259 142 334 778
pole 0.0079 242 487 378 835
pole 0.0076 439 451 499 661
pole 0.0073 542 533 556 661
pole 0.0068 467 341 501 574
pole 0.0063 1110 185 1158 547
pole 0.0057 479 340 562 629
pole 0.0056 1065 310 1083 539
pole 0.0055 533 423 579 686
pole 0.0052 824 277 840 504
pole 0.0049 601 391 613 482
pole 0.0048 761 329 787 477
pole 0.0045 644 183 699 569
pole 0.0045 537 560 552 670
pole 0.0043 1053 394 1075 513
pole 0.0043 1116 328 1142 540
pole 0.0041 712 253 778 547
pole 0.0040 821 343 842 470
pole 0.0040 524 462 558 592
pole 0.0039 371 187 690 697
pole 0.0038 461 518 499 683
pole 0.0037 1066 370 1080 479
pole 0.0037 774 381 821 477
pole 0.0035 454 586 474 689
pole 0.0034 976 388 998 492
pole 0.0033 448 524 488 680
pole 0.0033 0 -29 26 581
pole 0.0030 539 482 561 617
pole 0.0030 1065 461 1077 513
pole 0.0030 465 493 538 695
pole 0.0029 500 452 553 692
pole 0.0026 593 300 616 522
pole 0.0025 655 222 678 536
pole 0.0024 450 560 467 652
pole 0.0024 419 432 445 534
pole 0.0024 928 420 947 468
pole 0.0023 919 408 944 479
pole 0.0023 549 406 580 506
pole 0.0023 533 453 569 559
pole 0.0022 422 324 436 472
pole 0.0021 1121 318 1133 463
pole 0.0020 523 387 558 521
pole 0.0020 764 407 803 477
pole 0.0019 1771 -15 1847 759
pole 0.0019 640 205 765 561
pole 0.0019 -1 0 50 727
pole 0.0017 539 285 579 522
pole 0.0017 551 274 608 545
pole 0.0016 1123 297 1137 445
pole 0.0015 439 363 495 554
pole 0.0015 554 392 597 508
pole 0.0014 561 329 598 536
pole 0.0014 1075 222 1108 546
pole 0.0014 558 437 578 515
pole 0.0013 704 316 719 464
pole 0.0013 0 875 17 1092
pole 0.0013 291 -2 352 599
pole 0.0012 446 597 463 692
pole 0.0012 1048 372 1104 528
pole 0.0012 435 250 501 496
pole 0.0011 378 247 478 651
pole 0.0011 595 404 622 492
pole 0.0011 391 449 499 576
pole 0.0011 927 319 944 479
pole 0.0011 425 323 446 467
pole 0.0010 987 318 996 438
pole 0.0010 914 347 950 477
rail-occluder 0.4327 655 477 690 567
rail-occluder 0.2986 659 478 688 528
rail-occluder 0.1867 436 469 489 542
rail-occluder 0.0631 448 386 573 641
rail-occluder 0.0415 457 451 492 556
rail-occluder 0.0270 430 427 499 558
rail-occluder 0.0189 661 476 712 524
rail-occluder 0.0120 441 448 494 651
rail-occluder 0.0120 427 470 468 535
rail-occluder 0.0099 668 479 711 564
rail-occluder 0.0095 454 562 476 660
rail-occluder 0.0044 497 410 559 644
rail-occluder 0.0037 329 536 347 599
rail-occluder 0.0033 451 571 466 668
rail-occluder 0.0025 506 458 553 552
rail-occluder 0.0022 628 485 666 565
rail-occluder 0.0021 650 470 709 546
rail-occluder 0.0019 557 467 577 533
rail-occluder 0.0019 318 530 345 615
rail-occluder 0.0018 685 451 725 522
rail-occluder 0.0015 416 470 450 536
rail-occluder 0.0015 456 398 513 521
rail-occluder 0.0014 784 432 836 465
rail-occluder 0.0012 478 374 559 544
rail-occluder 0.0012 555 443 578 563
rail-occluder 0.0011 466 479 585 670
rail-occluder 0.0011 411 234 720 706
rail-occluder 0.0010 622 469 693 542
rail-occluder 0.0010 457 532 504 671
