crossing 0.7842 1040 632 1154 700
crossing 0.7365 625 637 815 702
crossing 0.0436 690 631 841 678
crossing 0.0227 1037 621 1148 671
crossing 0.0171 564 663 777 737
crossing 0.0022 538 538 907 778
crossing 0.0021 985 525 1214 764
crossing 0.0015 728 631 829 659
crossing 0.0014 461 435 995 848
crossing 0.0012 1064 654 1186 712
crossing 0.0012 858 402 1363 848
crossing 0.0010 632 652 749 709
guard-rail 0.0016 157 946 392 1064
rail 0.9718 8 503 1023 1076
rail 0.9640 1016 492 1361 1074
rail 0.0018 1334 649 1898 1054
rail 0.0010 613 525 1014 732
track-sign-front 0.3779 1 450 28 663
track-sign-front 0.0113 182 692 232 763
track-sign-front 0.0053 1487 506 1501 601
track-sign-front 0.0036 -4 442 42 681
track-sign-front 0.0017 1487 471 1503 533
track-sign-front 0.0014 1 548 25 674
track-sign-front 0.0013 1484 494 1500 566
track-sign-front 0.0012 936 485 953 512
track-sign-front 0.0010 1529 547 1544 575
track-signal-front 0.0197 1 420 30 478
track-signal-front 0.0083 5 420 29 453
track-signal-front 0.0029 1486 450 1504 495
track-signal-front 0.0028 0 434 30 508
track-signal-front 0.0015 2 407 25 448
rail-occluder 0.0025 416 595 429 640
rail-occluder 0.0015 182 693 234 774
