crossing 0.0130 795 430 855 444
crossing 0.0128 772 431 825 447
crossing 0.0116 821 430 871 444
crossing 0.0016 733 412 804 436
crossing 0.0012 848 436 895 447
rail 0.9609 701 409 1103 1073
rail 0.9572 716 411 1931 1083
rail 0.0546 711 411 793 441
rail 0.0134 706 408 765 434
rail 0.0040 718 423 788 454
rail 0.0031 751 429 813 451
switch-unknown 0.0110 730 420 804 443
switch-unknown 0.0060 757 431 811 450
switch-static 0.0162 595 724 664 762
switch-static 0.0025 1589 771 1693 821
switch-static 0.0019 561 715 669 755
switch-static 0.0016 582 734 658 775
switch-static 0.0012 723 427 761 457
track-sign-front 0.2984 1334 832 1434 960
track-sign-front 0.1238 935 400 945 417
track-sign-front 0.0320 894 417 909 436
track-sign-front 0.0214 934 401 947 431
track-sign-front 0.0170 1022 442 1046 457
track-sign-front 0.0123 663 392 691 425
track-sign-front 0.0116 58 35 107 109
track-sign-front 0.0060 677 405 689 431
track-sign-front 0.0045 900 399 949 451
track-sign-front 0.0025 644 383 676 413
track-sign-front 0.0023 678 398 711 426
track-sign-front 0.0023 683 410 718 441
track-sign-front 0.0022 64 53 125 112
track-sign-front 0.0016 1018 441 1054 463
track-sign-front 0.0016 856 420 910 449
track-sign-front 0.0013 43 0 104 95
track-sign-front 0.0012 1034 442 1062 464
track-signal-back 0.0251 108 66 153 128
track-signal-back 0.0031 110 118 172 216
track-signal-back 0.0027 60 54 127 111
track-signal-back 0.0025 106 62 160 189
track-signal-back 0.0010 90 44 152 145
rail-occluder 0.3817 1332 828 1431 953
rail-occluder 0.0195 1329 827 1443 1055
rail-occluder 0.0073 1289 796 1477 991
rail-occluder 0.0015 890 636 1874 1103
