crossing 0.0396 1321 540 1382 558
crossing 0.0168 1319 533 1377 553
crossing 0.0043 1303 531 1374 561
crossing 0.0012 1327 549 1383 568
guard-rail 0.0241 1433 601 1919 840
guard-rail 0.0206 1575 648 1902 821
guard-rail 0.0030 1142 477 1184 514
guard-rail 0.0021 1157 481 1223 521
guard-rail 0.0020 1701 698 1915 864
guard-rail 0.0019 1485 591 1705 742
guard-rail 0.0014 1123 479 1164 514
guard-rail 0.0012 1164 496 1210 533
guard-rail 0.0012 1632 688 1920 993
guard-rail 0.0011 1524 627 1792 782
platform 0.0073 -3 527 956 1077
rail 0.9715 771 470 1120 1078
rail 0.9428 1119 479 1884 1079
rail 0.8228 1214 490 1917 832
rail 0.4672 573 479 894 549
rail 0.2518 1110 458 1200 1088
rail 0.1180 1113 478 1487 1079
rail 0.0823 1235 489 1303 533
rail 0.0731 1278 511 1303 564
rail 0.0605 1262 511 1316 563
rail 0.0482 1199 490 1315 544
rail 0.0284 1452 599 1915 826
rail 0.0243 622 445 887 571
rail 0.0108 1249 489 1339 540
rail 0.0097 1214 497 1369 556
rail 0.0084 1146 487 1276 530
rail 0.0070 545 498 879 612
rail 0.0066 1285 521 1373 554
rail 0.0043 1239 476 1295 520
rail 0.0038 1150 478 1328 561
rail 0.0037 1314 530 1379 557
rail 0.0033 635 485 949 640
rail 0.0025 1157 486 1418 584
rail 0.0024 10 462 992 744
rail 0.0024 1112 487 1303 1078
rail 0.0021 516 488 826 533
rail 0.0020 1278 482 1883 672
rail 0.0018 548 499 790 550
rail 0.0016 722 442 884 618
rail 0.0016 1061 480 1155 1059
rail 0.0015 1323 533 1594 1035
rail 0.0013 1269 504 1425 556
rail 0.0010 1181 472 1289 517
rail 0.0010 1148 485 1647 699
switch-unknown 0.0038 1296 523 1369 554
switch-static 0.0021 1009 504 1032 521
switch-static 0.0015 999 495 1031 525
track-sign-front 0.7375 1407 500 1435 528
track-sign-front 0.0635 1409 463 1434 486
track-sign-front 0.0102 1475 444 1500 466
track-sign-front 0.0068 1267 462 1281 478
track-sign-front 0.0056 1161 464 1177 482
track-sign-front 0.0048 1056 446 1071 466
track-sign-front 0.0043 1160 465 1183 500
track-sign-front 0.0042 1260 474 1288 511
track-sign-front 0.0041 1545 483 1563 517
track-sign-front 0.0039 1405 459 1430 480
track-sign-front 0.0026 1546 493 1559 573
track-sign-front 0.0026 1472 445 1494 490
track-sign-front 0.0024 1407 477 1436 535
track-sign-front 0.0022 1475 452 1493 550
track-sign-front 0.0019 1407 498 1451 533
track-sign-front 0.0018 1608 474 1623 524
track-sign-front 0.0017 1057 442 1072 459
track-sign-front 0.0014 1606 467 1626 499
track-sign-front 0.0014 1408 454 1458 496
track-sign-front 0.0014 956 468 986 508
track-sign-front 0.0012 973 472 1004 511
track-sign-front 0.0011 781 634 797 655
track-sign-front 0.0011 1558 436 1578 464
track-sign-front 0.0011 1259 450 1282 485
track-sign-front 0.0010 983 474 1015 522
track-sign-front 0.0010 1164 456 1189 480
track-signal-front 0.8006 1225 328 1252 378
track-signal-front 0.7564 1393 327 1417 379
track-signal-front 0.6289 973 396 996 443
track-signal-front 0.0898 946 367 982 446
track-signal-front 0.0265 928 368 977 395
track-signal-front 0.0064 1405 358 1429 380
track-signal-front 0.0058 928 337 972 391
track-signal-front 0.0051 1396 321 1416 348
track-signal-front 0.0051 1210 324 1272 384
track-signal-front 0.0049 1379 325 1427 383
track-signal-front 0.0045 975 382 997 419
track-signal-front 0.0037 1228 322 1250 347
track-signal-front 0.0018 952 393 1004 447
track-signal-front 0.0017 1229 354 1252 388
track-signal-back 0.1814 1463 365 1494 392
track-signal-back 0.0787 928 369 964 393
track-signal-back 0.0759 928 342 967 397
track-signal-back 0.0341 927 320 964 374
track-signal-back 0.0214 1449 367 1487 388
track-signal-back 0.0194 953 386 991 438
track-signal-back 0.0160 932 371 972 449
track-signal-back 0.0062 1462 369 1495 422
track-signal-back 0.0056 1467 344 1498 394
track-signal-back 0.0053 1416 332 1456 392
track-signal-back 0.0045 1443 335 1494 390
track-signal-back 0.0026 1478 406 1512 455
track-signal-back 0.0026 1479 393 1505 439
track-signal-back 0.0020 1458 326 1494 378
track-signal-back 0.0017 1463 411 1499 462
track-signal-back 0.0016 927 407 951 455
track-signal-back 0.0012 1420 323 1464 375
track-signal-back 0.0011 922 309 970 431
track-signal-back 0.0011 1473 327 1502 372
pole 0.0842 809 355 827 560
pole 0.0486 812 418 823 540
pole 0.0246 777 521 817 632
pole 0.0191 727 513 739 604
pole 0.0154 794 376 830 580
pole 0.0124 812 371 825 510
pole 0.0110 634 386 648 523
pole 0.0095 933 388 967 455
pole 0.0077 805 380 824 617
pole 0.0067 550 232 587 612
pole 0.0050 765 491 806 643
pole 0.0049 929 327 957 568
pole 0.0048 1221 458 1246 520
pole 0.0031 684 535 695 628
pole 0.0029 1224 429 1238 509
pole 0.0029 820 440 852 612
pole 0.0026 805 439 824 557
pole 0.0024 629 396 960 566
pole 0.0023 738 490 832 645
pole 0.0022 808 378 869 588
pole 0.0021 927 374 952 489
pole 0.0020 731 518 776 630
pole 0.0019 783 418 826 636
pole 0.0016 683 519 709 632
pole 0.0014 1546 505 1558 593
pole 0.0013 617 379 660 567
pole 0.0012 1473 403 1494 532
pole 0.0011 561 210 600 571
pole 0.0010 774 276 837 608
rail-occluder 0.3774 1286 528 1302 565
rail-occluder 0.0587 859 496 915 580
rail-occluder 0.0368 1279 514 1302 564
rail-occluder 0.0209 840 476 903 580
rail-occluder 0.0120 1290 532 1305 580
rail-occluder 0.0062 783 489 852 624
rail-occluder 0.0046 1276 524 1311 571
rail-occluder 0.0039 862 446 916 566
rail-occluder 0.0035 830 467 870 568
rail-occluder 0.0022 1285 525 1302 593
rail-occluder 0.0019 877 449 920 532
rail-occluder 0.0018 850 461 908 528
rail-occluder 0.0013 753 491 801 548
rail-occluder 0.0012 707 494 757 545
rail-occluder 0.0010 720 487 787 548
