crossing 0.2546 833 531 876 546
crossing 0.2151 933 534 972 550
crossing 0.1218 936 524 991 547
crossing 0.0924 838 527 895 544
crossing 0.0495 912 533 965 550
crossing 0.0487 850 521 932 543
crossing 0.0294 885 526 966 546
crossing 0.0064 959 525 1000 549
crossing 0.0044 823 529 870 552
platform 0.0701 935 522 993 547
platform 0.0185 956 516 1000 544
platform 0.0115 943 489 997 527
platform 0.0049 917 497 992 525
platform 0.0048 931 507 1004 546
platform 0.0015 838 505 913 535
platform 0.0012 870 501 979 531
platform 0.0010 823 507 968 558
platform 0.0010 895 484 954 535
rail 0.9595 3 513 947 1078
rail 0.9560 714 513 1032 1078
rail 0.0030 6 728 534 1076
rail 0.0017 16 584 662 771
rail 0.0012 0 639 504 922
track-sign-front 0.0725 1772 7 1918 162
track-sign-front 0.0148 1860 66 1915 478
track-sign-front 0.0112 1842 19 1915 138
track-sign-front 0.0065 1871 35 1920 152
track-sign-front 0.0053 1796 -2 1915 43
track-sign-front 0.0041 1803 36 1919 503
track-sign-front 0.0025 1827 129 1907 453
track-sign-front 0.0024 1880 129 1916 450
track-sign-front 0.0014 1684 6 1717 31
track-sign-front 0.0014 868 496 922 533
track-sign-front 0.0014 844 494 906 539
track-sign-front 0.0013 1807 6 1912 103
track-sign-front 0.0011 300 467 328 495
track-signal-front 0.0018 1594 127 1613 166
