crossing 0.0875 1111 654 1252 691
crossing 0.0531 980 667 1085 691
crossing 0.0410 957 586 997 599
crossing 0.0159 974 584 1014 600
crossing 0.0151 1142 669 1243 693
crossing 0.0081 985 584 1035 601
crossing 0.0061 1125 640 1232 681
crossing 0.0053 947 584 980 599
crossing 0.0027 952 582 993 604
crossing 0.0020 1071 664 1151 686
crossing 0.0017 1081 628 1240 687
crossing 0.0013 1091 655 1201 687
crossing 0.0012 1019 597 1080 644
crossing 0.0010 1008 583 1064 612
platform 0.0806 -7 599 936 1073
rail 0.9676 847 594 1296 1075
rail 0.9379 989 583 1916 1076
track-sign-front 0.0122 924 412 939 434
track-sign-front 0.0022 1228 499 1254 531
track-sign-front 0.0018 1393 533 1410 558
track-signal-front 0.0011 1222 438 1246 482
track-signal-back 0.0037 1256 396 1277 450
