guard-rail 0.8060 358 775 520 897
guard-rail 0.2723 252 697 652 938
guard-rail 0.0997 1032 584 1049 611
guard-rail 0.0602 0 767 296 974
guard-rail 0.0537 280 748 533 957
guard-rail 0.0425 1023 547 1066 579
guard-rail 0.0400 400 776 532 847
guard-rail 0.0256 745 599 802 632
guard-rail 0.0255 968 546 1042 574
guard-rail 0.0184 336 751 556 865
guard-rail 0.0180 1033 592 1052 620
guard-rail 0.0123 363 664 513 743
guard-rail 0.0123 730 589 795 617
guard-rail 0.0121 379 651 651 775
guard-rail 0.0114 31 747 302 842
guard-rail 0.0111 353 706 561 830
guard-rail 0.0104 -2 814 233 1059
guard-rail 0.0094 562 642 750 707
guard-rail 0.0094 337 789 446 900
guard-rail 0.0092 312 711 472 771
guard-rail 0.0090 -8 809 226 937
guard-rail 0.0089 898 588 926 613
guard-rail 0.0085 1035 580 1058 611
guard-rail 0.0084 646 664 708 704
guard-rail 0.0083 1022 570 1070 652
guard-rail 0.0083 1092 686 1126 761
guard-rail 0.0075 881 583 924 609
guard-rail 0.0073 545 607 813 684
guard-rail 0.0072 0 698 74 777
guard-rail 0.0068 636 653 717 695
guard-rail 0.0068 591 663 712 709
guard-rail 0.0065 0 697 34 781
guard-rail 0.0058 442 764 560 826
guard-rail 0.0056 845 568 903 606
guard-rail 0.0056 710 589 766 616
guard-rail 0.0051 300 691 517 794
guard-rail 0.0050 787 541 1081 702
guard-rail 0.0050 726 602 793 639
guard-rail 0.0047 302 732 436 791
guard-rail 0.0046 691 605 776 638
guard-rail 0.0045 885 557 935 591
guard-rail 0.0043 659 646 736 685
guard-rail 0.0043 1008 678 1141 773
guard-rail 0.0041 723 616 790 650
guard-rail 0.0040 313 753 486 842
guard-rail 0.0040 846 548 927 588
guard-rail 0.0039 610 631 781 698
guard-rail 0.0036 637 629 724 666
guard-rail 0.0036 405 734 579 819
guard-rail 0.0036 466 565 555 606
guard-rail 0.0035 344 645 539 783
guard-rail 0.0034 843 573 991 628
guard-rail 0.0032 686 621 771 657
guard-rail 0.0031 461 779 533 837
guard-rail 0.0031 44 741 390 932
guard-rail 0.0027 652 586 808 659
guard-rail 0.0026 880 553 1025 739
guard-rail 0.0025 753 590 837 622
guard-rail 0.0025 647 620 765 672
guard-rail 0.0024 591 629 676 667
guard-rail 0.0024 910 603 936 627
guard-rail 0.0024 1 785 171 902
guard-rail 0.0023 1009 548 1086 675
guard-rail 0.0023 878 540 943 568
guard-rail 0.0022 1005 597 1046 625
guard-rail 0.0022 921 627 966 700
guard-rail 0.0021 1006 526 1102 732
guard-rail 0.0021 51 815 357 952
guard-rail 0.0021 129 753 389 874
guard-rail 0.0020 667 611 750 642
guard-rail 0.0020 702 586 773 629
guard-rail 0.0019 262 725 471 872
guard-rail 0.0017 648 619 720 647
guard-rail 0.0016 276 751 416 811
guard-rail 0.0016 784 528 847 567
guard-rail 0.0016 888 596 923 623
guard-rail 0.0016 167 740 314 789
guard-rail 0.0016 -2 820 137 959
guard-rail 0.0016 301 720 406 773
guard-rail 0.0016 1098 693 1142 753
guard-rail 0.0016 744 570 814 606
guard-rail 0.0016 347 732 501 812
guard-rail 0.0015 386 676 544 763
guard-rail 0.0015 485 571 578 611
guard-rail 0.0015 448 680 595 759
guard-rail 0.0014 764 546 849 592
guard-rail 0.0014 0 861 75 1040
guard-rail 0.0014 266 645 451 761
guard-rail 0.0014 267 629 370 663
guard-rail 0.0014 344 695 448 760
guard-rail 0.0014 394 698 596 789
guard-rail 0.0012 0 786 76 914
guard-rail 0.0012 914 530 1000 566
guard-rail 0.0011 853 550 1036 602
guard-rail 0.0011 924 536 1122 699
guard-rail 0.0011 861 592 899 634
guard-rail 0.0010 1021 582 1052 621
guard-rail 0.0010 118 749 276 814
guard-rail 0.0010 296 628 394 655
guard-rail 0.0010 406 636 634 724
guard-rail 0.0010 -5 842 132 1069
guard-rail 0.0010 625 695 686 741
guard-rail 0.0010 988 569 1061 667
guard-rail 0.0010 471 673 565 721
guard-rail 0.0010 555 682 662 734
train-car 0.0289 785 483 818 516
train-car 0.0012 754 447 802 526
rail 0.9427 964 511 1365 1077
rail 0.8487 -8 506 982 1078
rail 0.7170 819 534 1126 757
rail 0.7115 6 532 690 761
rail 0.3985 306 529 985 791
rail 0.2218 331 529 705 651
rail 0.1307 810 529 1108 1073
rail 0.0973 961 532 1047 566
rail 0.0726 0 709 528 1043
rail 0.0602 387 539 632 630
rail 0.0575 110 618 690 1077
rail 0.0513 350 618 768 791
rail 0.0472 0 638 263 770
rail 0.0414 0 672 164 769
rail 0.0393 999 538 1070 567
rail 0.0298 439 529 724 616
rail 0.0292 -2 688 287 903
rail 0.0277 1046 625 1343 921
rail 0.0222 471 541 660 603
rail 0.0213 541 551 643 589
rail 0.0193 52 616 461 784
rail 0.0190 529 527 1150 754
rail 0.0166 921 614 1136 761
rail 0.0159 989 521 1083 568
rail 0.0154 5 518 670 647
rail 0.0132 93 656 609 825
rail 0.0130 0 678 94 759
rail 0.0118 372 659 653 826
rail 0.0105 434 555 587 616
rail 0.0102 969 506 1123 791
rail 0.0101 -3 662 174 857
rail 0.0093 531 608 765 721
rail 0.0091 544 529 706 577
rail 0.0091 0 684 99 819
rail 0.0083 387 511 873 635
rail 0.0074 2 627 149 744
rail 0.0070 929 574 1137 1066
rail 0.0068 -49 565 481 692
rail 0.0067 290 553 560 633
rail 0.0065 572 596 838 695
rail 0.0065 -5 825 218 1048
rail 0.0063 527 543 718 594
rail 0.0053 489 494 1181 1080
rail 0.0046 483 517 806 587
rail 0.0046 547 548 847 731
rail 0.0044 0 690 40 752
rail 0.0044 28 571 235 740
rail 0.0042 98 691 338 818
rail 0.0037 838 479 1337 891
rail 0.0036 3 676 80 724
rail 0.0029 306 635 528 782
rail 0.0029 204 598 424 694
rail 0.0026 511 546 621 583
rail 0.0025 0 702 69 864
rail 0.0025 664 594 878 677
rail 0.0025 22 668 180 728
rail 0.0024 972 510 1148 566
rail 0.0023 894 535 1038 757
rail 0.0022 907 537 1005 567
rail 0.0021 284 517 641 601
rail 0.0021 2 659 78 708
rail 0.0021 4 634 85 728
rail 0.0020 469 449 940 691
rail 0.0019 547 561 626 605
rail 0.0019 256 622 815 945
rail 0.0018 934 509 977 535
rail 0.0018 1 565 150 690
rail 0.0018 579 529 648 561
rail 0.0017 28 563 93 649
rail 0.0017 339 575 458 606
rail 0.0016 -13 570 351 834
rail 0.0016 160 636 340 714
rail 0.0016 635 538 964 641
rail 0.0016 703 588 893 645
rail 0.0016 0 696 39 834
rail 0.0015 891 488 1111 665
rail 0.0015 87 572 180 661
rail 0.0014 0 678 35 725
rail 0.0013 374 560 518 605
rail 0.0013 24 576 73 669
rail 0.0013 429 607 696 735
rail 0.0012 803 523 1092 626
rail 0.0012 533 486 857 562
rail 0.0011 1023 494 1100 575
rail 0.0010 555 519 818 640
rail 0.0010 214 619 383 663
rail 0.0010 696 552 1101 817
rail 0.0010 56 579 145 665
switch-indicator 0.5049 160 623 213 748
switch-indicator 0.1039 746 533 762 562
switch-indicator 0.0522 382 672 455 708
switch-indicator 0.0158 201 658 301 750
switch-indicator 0.0134 369 664 464 722
switch-indicator 0.0097 935 503 967 531
switch-indicator 0.0086 129 606 153 660
switch-indicator 0.0074 129 615 165 674
switch-indicator 0.0059 928 504 948 533
switch-indicator 0.0058 78 721 286 803
switch-indicator 0.0045 80 576 186 705
switch-indicator 0.0043 738 543 765 587
switch-indicator 0.0039 1465 650 1503 741
switch-indicator 0.0037 227 687 297 747
switch-indicator 0.0035 152 601 206 660
switch-indicator 0.0034 739 532 770 565
switch-indicator 0.0020 353 673 484 744
switch-indicator 0.0015 1468 647 1516 779
switch-left 0.2959 955 676 1145 779
switch-left 0.0383 434 638 744 778
switch-left 0.0212 373 577 565 634
switch-left 0.0143 408 597 518 631
switch-left 0.0119 386 674 638 807
switch-left 0.0102 444 581 540 622
switch-left 0.0091 534 668 693 734
switch-left 0.0057 218 626 375 673
switch-left 0.0041 459 696 623 790
switch-left 0.0029 810 534 888 580
switch-left 0.0021 514 683 667 748
switch-left 0.0020 269 624 420 659
switch-left 0.0014 240 742 409 802
switch-left 0.0012 975 704 1178 799
switch-right 0.2934 943 674 1145 775
switch-right 0.0304 464 656 719 762
switch-right 0.0288 965 543 1021 570
switch-right 0.0286 818 543 894 581
switch-right 0.0137 410 587 530 626
switch-right 0.0123 435 684 655 786
switch-right 0.0096 433 575 555 620
switch-right 0.0082 533 660 721 724
switch-right 0.0064 743 594 805 623
switch-right 0.0049 341 582 504 630
switch-right 0.0048 198 630 360 676
switch-right 0.0027 370 587 470 623
switch-right 0.0017 344 579 449 615
switch-right 0.0013 209 705 426 808
switch-right 0.0010 303 611 438 650
switch-unknown 0.2544 963 532 1013 560
switch-unknown 0.2504 823 544 890 571
switch-unknown 0.1339 961 530 1003 550
switch-unknown 0.0806 966 545 1020 569
switch-unknown 0.0598 820 540 870 565
switch-unknown 0.0314 559 557 628 584
switch-unknown 0.0269 841 534 895 559
switch-unknown 0.0167 572 546 642 575
switch-unknown 0.0167 948 510 988 528
switch-unknown 0.0113 379 600 508 636
switch-unknown 0.0073 808 545 871 577
switch-unknown 0.0070 799 526 857 560
switch-unknown 0.0069 743 598 804 635
switch-unknown 0.0058 460 577 551 614
switch-unknown 0.0058 530 557 608 587
switch-unknown 0.0048 591 531 636 556
switch-unknown 0.0048 847 538 916 570
switch-unknown 0.0042 977 494 1017 532
switch-unknown 0.0036 863 507 919 554
switch-unknown 0.0035 584 537 665 568
switch-unknown 0.0035 530 549 604 576
switch-unknown 0.0031 877 495 910 517
switch-unknown 0.0025 860 495 907 526
switch-unknown 0.0024 748 591 846 626
switch-unknown 0.0022 583 555 664 585
switch-unknown 0.0021 487 556 583 599
switch-unknown 0.0021 601 526 658 553
switch-unknown 0.0018 353 582 438 610
switch-unknown 0.0018 193 636 350 692
switch-unknown 0.0015 326 598 468 641
switch-unknown 0.0012 422 565 516 604
switch-unknown 0.0012 515 539 569 570
switch-static 0.0716 386 675 451 708
switch-static 0.0449 1158 740 1287 801
switch-static 0.0234 148 735 297 786
switch-static 0.0232 1005 541 1067 570
switch-static 0.0214 366 665 465 719
switch-static 0.0213 286 637 536 724
switch-static 0.0207 1039 551 1078 573
switch-static 0.0154 1033 571 1339 976
switch-static 0.0141 586 616 640 640
switch-static 0.0126 1180 748 1242 801
switch-static 0.0111 79 740 344 826
switch-static 0.0104 115 744 253 798
switch-static 0.0089 69 693 437 797
switch-static 0.0063 333 590 557 717
switch-static 0.0047 558 615 637 649
switch-static 0.0041 62 755 260 814
switch-static 0.0039 155 731 256 774
switch-static 0.0037 576 575 644 623
switch-static 0.0037 555 563 621 603
switch-static 0.0037 221 685 302 747
switch-static 0.0037 144 709 349 784
switch-static 0.0033 1192 732 1274 790
switch-static 0.0032 303 705 451 760
switch-static 0.0028 365 610 522 698
switch-static 0.0023 1208 751 1308 811
switch-static 0.0022 383 610 504 652
switch-static 0.0021 224 692 366 750
switch-static 0.0021 351 671 485 747
switch-static 0.0016 196 709 291 770
switch-static 0.0015 7 679 102 720
switch-static 0.0015 134 712 240 786
switch-static 0.0015 0 661 76 706
switch-static 0.0013 541 622 643 666
switch-static 0.0012 1216 735 1290 779
switch-static 0.0011 1056 554 1099 582
switch-static 0.0010 1055 533 1095 574
track-sign-front 0.3834 1069 478 1082 498
track-sign-front 0.0318 790 486 816 508
track-sign-front 0.0315 933 504 949 522
track-sign-front 0.0282 132 575 154 649
track-sign-front 0.0149 929 498 944 521
track-sign-front 0.0140 34 563 74 618
track-sign-front 0.0138 1066 423 1083 508
track-sign-front 0.0075 787 478 828 525
track-sign-front 0.0057 1069 402 1089 502
track-sign-front 0.0050 1063 475 1089 501
track-sign-front 0.0031 209 513 224 530
track-sign-front 0.0027 992 492 1028 521
track-sign-front 0.0019 1200 530 1218 572
track-sign-front 0.0019 1007 487 1060 525
track-sign-front 0.0017 213 511 230 528
track-sign-front 0.0016 755 444 800 518
track-sign-front 0.0016 828 430 848 527
track-sign-front 0.0015 41 556 95 654
track-sign-front 0.0013 195 512 220 529
track-sign-front 0.0013 1171 511 1205 538
track-sign-front 0.0013 1041 485 1088 576
track-sign-front 0.0013 1194 511 1219 551
track-sign-front 0.0011 830 485 863 531
track-sign-front 0.0010 1901 219 1918 250
track-sign-front 0.0010 130 559 148 627
track-sign-front 0.0010 1900 222 1919 284
track-signal-front 0.0828 1017 440 1029 460
track-signal-front 0.0030 1008 438 1030 494
track-signal-back 0.2996 697 413 711 443
track-signal-back 0.1125 1018 439 1029 461
track-signal-back 0.0046 1021 436 1033 454
track-signal-back 0.0038 692 411 717 446
track-signal-back 0.0028 999 428 1028 479
track-signal-back 0.0013 924 377 938 454
track-signal-back 0.0013 684 393 714 441
pole 0.5329 746 312 764 559
pole 0.1333 696 415 707 547
pole 0.0766 924 368 939 538
pole 0.0681 695 379 712 530
pole 0.0664 52 27 87 696
pole 0.0660 717 300 747 568
pole 0.0583 803 359 817 538
pole 0.0562 1064 282 1091 581
pole 0.0271 753 336 770 567
pole 0.0183 813 354 841 540
pole 0.0115 748 369 762 519
pole 0.0103 832 388 844 523
pole 0.0071 796 345 833 545
pole 0.0070 735 281 759 553
pole 0.0058 742 338 798 563
pole 0.0031 755 393 770 525
pole 0.0029 1193 39 1228 679
pole 0.0028 711 378 749 496
pole 0.0021 1064 383 1086 490
pole 0.0021 803 367 814 477
pole 0.0021 738 381 760 531
pole 0.0018 917 354 944 558
pole 0.0018 1084 302 1107 565
pole 0.0017 741 437 772 556
pole 0.0015 757 415 798 551
pole 0.0014 688 413 716 551
pole 0.0014 747 386 779 563
pole 0.0012 804 416 851 533
pole 0.0012 1171 -8 1234 739
pole 0.0011 663 453 733 578
pole 0.0010 708 403 762 550
pole 0.0010 43 63 100 833
pole 0.0010 1076 251 1102 545
pole 0.0010 785 371 866 533
rail-occluder 0.4632 164 621 212 732
rail-occluder 0.1530 130 578 155 654
rail-occluder 0.0580 746 531 761 562
rail-occluder 0.0213 154 634 220 767
rail-occluder 0.0114 174 625 237 722
rail-occluder 0.0075 789 491 819 545
rail-occluder 0.0057 159 629 269 739
rail-occluder 0.0049 160 610 368 707
rail-occluder 0.0046 150 606 205 664
rail-occluder 0.0045 162 675 277 758
rail-occluder 0.0028 31 563 80 648
rail-occluder 0.0023 739 530 769 563
rail-occluder 0.0021 790 482 824 525
rail-occluder 0.0019 49 565 261 676
rail-occluder 0.0014 84 567 103 643
rail-occluder 0.0012 82 578 112 665
rail-occluder 0.0012 186 639 316 710
rail-occluder 0.0012 728 504 765 562
rail-occluder 0.0011 95 638 235 773
