platform 0.9571 1287 631 1920 1078
platform 0.7999 24 627 1330 1077
platform 0.0078 782 617 1279 728
platform 0.0025 543 617 1305 770
platform 0.0012 426 597 1424 839
platform 0.0012 455 720 934 1060
platform 0.0011 1494 707 1709 1017
platform 0.0010 801 652 1100 733
rail 0.9207 1067 633 1352 1078
rail 0.8988 486 626 1334 1076
track-sign-front 0.0186 1374 562 1403 636
track-sign-front 0.0164 1079 587 1104 609
track-sign-front 0.0123 1066 598 1086 623
track-sign-front 0.0111 1371 496 1405 681
track-sign-front 0.0098 1061 607 1075 627
track-sign-front 0.0081 1378 567 1407 611
track-sign-front 0.0068 962 607 978 629
track-sign-front 0.0053 1222 568 1240 609
track-sign-front 0.0035 1063 588 1096 625
track-sign-front 0.0034 570 643 592 674
track-sign-front 0.0032 70 234 122 534
track-sign-front 0.0031 1220 567 1237 595
track-sign-front 0.0012 966 601 986 632
track-sign-front 0.0012 1225 582 1244 676
track-sign-front 0.0011 955 603 975 638
track-signal-front 0.0090 72 226 148 300
person 0.0296 1372 545 1406 710
person 0.0162 1377 568 1406 619
person 0.0099 1457 541 1486 714
person 0.0024 1462 551 1484 657
person 0.0019 1448 542 1481 665
person 0.0016 1438 593 1482 735
person 0.0014 1408 543 1450 717
person 0.0014 1367 552 1433 735
person 0.0014 1432 559 1502 733
pole 0.0386 1375 373 1391 690
pole 0.0237 1370 402 1401 703
pole 0.0103 1371 560 1403 683
pole 0.0080 1362 415 1384 696
pole 0.0032 1378 356 1414 669
pole 0.0024 1407 377 1434 681
pole 0.0013 1373 463 1390 606
pole 0.0012 77 239 121 688
pole 0.0011 1363 334 1394 648
rail-occluder 0.0410 1229 651 1244 670
rail-occluder 0.0158 1373 547 1403 693
rail-occluder 0.0073 1222 650 1241 671
rail-occluder 0.0045 1232 639 1248 666
rail-occluder 0.0024 1229 649 1249 677
rail-occluder 0.0021 1218 644 1240 665
