train-car 0.0172 60 491 574 648
platform 0.9483 3 549 924 1071
platform 0.1975 1029 541 1919 812
platform 0.0831 1256 553 1920 709
platform 0.0047 981 532 1305 806
platform 0.0030 1245 495 1846 640
platform 0.0028 1117 493 1694 609
rail 0.9656 805 541 1110 1074
rail 0.5642 1035 562 1922 986
rail 0.0041 1340 653 1920 1028
switch-unknown 0.0014 944 540 978 563
track-sign-front 0.0048 1857 283 1897 341
track-sign-front 0.0025 1199 595 1301 806
track-sign-front 0.0013 1680 351 1716 378
track-sign-front 0.0012 1847 278 1908 361
track-signal-front 0.0234 884 511 899 549
track-signal-front 0.0081 919 502 934 526
track-signal-front 0.0039 918 499 943 525
track-signal-front 0.0027 906 491 944 554
track-signal-front 0.0014 915 499 961 561
track-signal-front 0.0011 1303 476 1326 525
person-group 0.0514 124 499 467 653
person-group 0.0127 1458 488 1518 595
person-group 0.0041 1309 490 1670 604
person 0.7454 427 461 492 641
person 0.6375 538 481 576 596
person 0.5760 1831 466 1890 629
person 0.4568 612 477 648 588
person 0.3836 586 489 616 585
person 0.3673 676 499 708 583
person 0.2054 1477 497 1520 591
person 0.1882 578 481 640 591
person 0.1408 203 514 300 656
person 0.0474 240 521 324 660
person 0.0469 127 509 473 654
person 0.0251 98 526 158 644
person 0.0188 489 453 541 599
person 0.0163 1494 495 1527 585
person 0.0146 59 531 118 652
person 0.0135 883 511 900 550
person 0.0128 165 525 344 668
person 0.0124 188 514 251 643
person 0.0106 279 482 571 639
person 0.0106 1879 470 1916 629
person 0.0084 85 527 138 631
person 0.0083 115 533 165 622
person 0.0083 694 506 735 586
person 0.0082 632 493 678 588
person 0.0077 65 479 632 661
person 0.0076 302 513 418 633
person 0.0067 684 498 711 550
person 0.0058 393 456 466 633
person 0.0053 1808 456 1871 639
person 0.0053 212 510 270 628
person 0.0051 96 521 210 663
person 0.0043 1498 497 1568 624
person 0.0043 1581 495 1612 600
person 0.0035 366 521 416 630
person 0.0033 1465 498 1503 617
person 0.0022 835 501 866 561
person 0.0020 16 523 154 660
person 0.0020 471 457 512 585
person 0.0019 1574 501 1628 623
person 0.0018 579 498 606 619
person 0.0017 684 512 718 603
person 0.0016 268 533 362 655
person 0.0015 172 480 285 630
person 0.0015 525 445 577 577
person 0.0014 364 511 448 654
person 0.0014 1590 486 1629 589
person 0.0014 530 494 571 633
person 0.0013 830 503 852 560
person 0.0012 250 558 304 661
person 0.0012 1862 491 1917 664
person 0.0012 1848 441 1897 599
person 0.0012 15 535 267 677
person 0.0011 436 442 487 576
person 0.0011 1541 479 1669 608
person 0.0010 564 499 619 620
person 0.0010 225 547 283 673
person 0.0010 505 489 711 602
pole 0.0700 1141 347 1297 822
pole 0.0050 1054 526 1311 805
pole 0.0037 1174 542 1299 799
pole 0.0030 1157 265 1274 630
pole 0.0011 1209 412 1308 841
rail-occluder 0.0067 996 529 1325 791
rail-occluder 0.0064 864 572 890 657
rail-occluder 0.0023 868 556 906 650
