guard-rail 0.1232 1152 669 1227 709
guard-rail 0.0742 1139 662 1208 698
guard-rail 0.0739 1239 660 1322 694
guard-rail 0.0538 1227 656 1306 683
guard-rail 0.0535 1263 676 1340 709
guard-rail 0.0329 1224 635 1303 662
guard-rail 0.0312 1289 687 1352 717
guard-rail 0.0235 1178 683 1269 724
guard-rail 0.0139 1255 636 1344 661
guard-rail 0.0136 1628 861 1884 955
guard-rail 0.0133 1188 650 1273 685
guard-rail 0.0131 1194 662 1339 707
guard-rail 0.0129 1200 632 1271 661
guard-rail 0.0112 1611 856 1786 936
guard-rail 0.0111 1451 847 1582 932
guard-rail 0.0106 1219 664 1303 702
guard-rail 0.0088 1238 666 1372 714
guard-rail 0.0085 1288 657 1360 689
guard-rail 0.0073 1320 699 1388 725
guard-rail 0.0066 1396 797 1559 886
guard-rail 0.0062 1754 748 1919 823
guard-rail 0.0060 1290 636 1363 659
guard-rail 0.0057 906 668 960 713
guard-rail 0.0054 1428 790 1878 1003
guard-rail 0.0052 1305 688 1393 722
guard-rail 0.0050 1449 819 1588 904
guard-rail 0.0042 1243 650 1350 704
guard-rail 0.0037 942 661 1006 694
guard-rail 0.0034 1831 758 1922 824
guard-rail 0.0032 1646 860 1917 1028
guard-rail 0.0031 1254 689 1328 718
guard-rail 0.0030 1072 615 1126 656
guard-rail 0.0029 1313 655 1393 682
guard-rail 0.0029 930 666 1018 722
guard-rail 0.0027 1789 759 1922 860
guard-rail 0.0026 1234 644 1487 766
guard-rail 0.0025 1233 681 1346 729
guard-rail 0.0023 1430 749 1601 990
guard-rail 0.0022 1340 701 1407 731
guard-rail 0.0022 1842 739 1922 800
guard-rail 0.0021 1711 725 1916 808
guard-rail 0.0021 1647 874 1749 935
guard-rail 0.0020 1462 871 1548 929
guard-rail 0.0019 1205 691 1288 729
guard-rail 0.0019 1884 757 1920 820
guard-rail 0.0018 1309 639 1384 665
guard-rail 0.0018 1427 805 1525 876
guard-rail 0.0018 1339 688 1410 719
guard-rail 0.0017 61 927 352 1078
guard-rail 0.0015 1412 789 1534 853
guard-rail 0.0015 1182 684 1317 741
guard-rail 0.0013 1369 754 1535 834
guard-rail 0.0013 1667 886 1819 974
guard-rail 0.0013 1604 840 1774 901
guard-rail 0.0011 921 638 990 688
guard-rail 0.0010 1782 717 1878 760
guard-rail 0.0010 1147 680 1203 726
guard-rail 0.0010 1118 660 1182 694
platform 0.0016 876 562 938 596
rail 0.9338 1021 572 1911 1079
rail 0.9032 3 580 900 949
rail 0.8342 650 575 1052 1072
rail 0.7976 1044 572 1918 827
rail 0.5788 803 621 1008 1072
rail 0.5046 1218 584 1918 698
rail 0.1837 1367 633 1924 744
rail 0.1714 1446 612 1919 709
rail 0.1713 1373 657 1918 811
rail 0.1515 1460 592 1920 663
rail 0.0957 1564 651 1924 727
rail 0.0716 1301 571 1924 643
rail 0.0714 1657 613 1917 684
rail 0.0542 1607 605 1917 652
rail 0.0394 1801 618 1914 672
rail 0.0378 1118 586 1172 616
rail 0.0310 1077 581 1175 618
rail 0.0281 1755 606 1926 663
rail 0.0274 1321 693 1916 1052
rail 0.0244 1706 636 1924 693
rail 0.0243 902 673 1030 1077
rail 0.0217 1094 580 1751 645
rail 0.0191 32 568 930 734
rail 0.0134 1738 650 1917 732
rail 0.0126 1564 615 1783 649
rail 0.0080 1124 581 1159 611
rail 0.0080 1602 676 1921 746
rail 0.0070 1669 704 1918 803
rail 0.0070 1072 574 1195 643
rail 0.0064 1024 578 1161 641
rail 0.0062 1116 588 1216 649
rail 0.0059 1879 626 1919 682
rail 0.0056 1476 693 1922 867
rail 0.0056 1861 642 1917 686
rail 0.0052 12 604 712 787
rail 0.0051 1142 594 1209 628
rail 0.0051 1339 615 1928 920
rail 0.0043 1694 702 1901 746
rail 0.0043 1229 625 1695 773
rail 0.0042 907 570 1113 1070
rail 0.0040 1493 610 1674 641
rail 0.0039 1454 820 1913 1069
rail 0.0039 1337 591 1516 624
rail 0.0039 1837 651 1920 727
rail 0.0033 1005 582 1114 625
rail 0.0033 1115 578 1728 736
rail 0.0030 1383 589 1710 628
rail 0.0029 1689 737 1918 840
rail 0.0029 1811 600 1920 707
rail 0.0028 1384 603 1711 647
rail 0.0027 1114 493 1854 657
rail 0.0026 1727 597 1912 639
rail 0.0026 1058 610 1255 729
rail 0.0026 1020 591 1061 629
rail 0.0025 821 702 944 1037
rail 0.0024 1357 599 1494 637
rail 0.0022 1502 638 1836 696
rail 0.0022 1241 626 1580 915
rail 0.0021 1014 579 1216 683
rail 0.0021 1793 684 1919 742
rail 0.0020 545 583 849 645
rail 0.0019 1788 666 1924 719
rail 0.0018 827 629 1068 913
rail 0.0018 338 574 889 793
rail 0.0018 433 565 849 692
rail 0.0017 1249 580 1451 628
rail 0.0017 1106 523 1516 790
rail 0.0016 1068 612 1130 656
rail 0.0016 1765 713 1895 766
rail 0.0016 957 711 999 1056
rail 0.0016 1882 656 1921 719
rail 0.0016 1829 725 1921 801
rail 0.0015 1555 594 1793 632
rail 0.0015 1726 681 1925 887
rail 0.0015 1024 574 1157 607
rail 0.0015 1713 588 1919 775
rail 0.0014 1702 612 1869 653
rail 0.0013 3 661 510 811
rail 0.0013 1318 602 1441 633
rail 0.0012 1532 692 1895 796
rail 0.0012 1645 886 1924 1072
rail 0.0012 994 579 1065 620
rail 0.0012 1391 575 1643 614
rail 0.0011 1161 659 1406 829
rail 0.0011 1394 593 1593 619
rail 0.0011 1128 591 1281 652
rail 0.0011 1508 662 1820 715
rail 0.0011 1447 611 1619 675
rail 0.0010 1563 530 1917 747
rail 0.0010 1049 576 1323 782
switch-indicator 0.0219 894 619 909 639
switch-indicator 0.0143 1028 598 1051 632
switch-indicator 0.0138 1511 583 1523 597
switch-indicator 0.0037 1502 582 1522 599
switch-indicator 0.0025 893 616 915 647
switch-indicator 0.0016 871 608 911 637
switch-left 0.2721 911 667 1010 717
switch-left 0.0767 1133 661 1247 708
switch-left 0.0227 1167 682 1261 723
switch-left 0.0128 1114 649 1210 694
switch-left 0.0034 906 642 1015 753
switch-left 0.0016 1083 643 1153 669
switch-right 0.2973 910 668 1008 719
switch-right 0.1310 1122 654 1204 687
switch-right 0.1160 1136 663 1223 703
switch-right 0.1001 1156 676 1246 716
switch-right 0.0626 1114 649 1191 676
switch-right 0.0336 1174 684 1274 725
switch-right 0.0270 1157 657 1242 697
switch-right 0.0211 1147 645 1227 675
switch-right 0.0143 1081 638 1148 663
switch-right 0.0128 1172 640 1233 665
switch-right 0.0020 941 661 1008 696
switch-right 0.0013 900 668 966 713
switch-right 0.0012 932 644 999 686
switch-right 0.0011 895 654 1042 818
switch-unknown 0.0755 1123 588 1167 615
switch-unknown 0.0590 1131 598 1194 625
switch-unknown 0.0256 801 597 864 616
switch-unknown 0.0246 1126 583 1157 608
switch-unknown 0.0216 1095 584 1160 615
switch-unknown 0.0211 1140 603 1219 638
switch-unknown 0.0208 1118 594 1175 635
switch-unknown 0.0071 1081 613 1150 657
switch-unknown 0.0067 1176 612 1238 644
switch-unknown 0.0063 1025 596 1054 626
switch-unknown 0.0041 770 603 846 624
switch-unknown 0.0027 1015 584 1047 615
switch-unknown 0.0026 1027 586 1090 619
switch-unknown 0.0016 997 565 1044 600
switch-unknown 0.0016 1053 581 1136 619
switch-unknown 0.0014 1014 565 1064 606
switch-unknown 0.0012 949 580 980 600
switch-unknown 0.0010 1199 613 1265 644
switch-unknown 0.0010 941 566 988 599
switch-static 0.5422 861 658 919 684
switch-static 0.2702 1043 644 1093 671
switch-static 0.1123 1052 641 1115 665
switch-static 0.0906 1039 651 1085 677
switch-static 0.0161 1080 638 1149 662
switch-static 0.0095 1782 718 1834 739
switch-static 0.0080 1033 641 1104 685
switch-static 0.0041 1772 716 1849 746
switch-static 0.0039 862 651 931 698
switch-static 0.0034 876 629 934 676
switch-static 0.0028 998 656 1046 685
switch-static 0.0025 1709 708 1884 759
switch-static 0.0016 1884 658 1922 717
switch-static 0.0015 1029 600 1091 662
switch-static 0.0015 1846 663 1922 715
switch-static 0.0014 1782 704 1875 737
switch-static 0.0013 842 662 901 684
switch-static 0.0011 1007 629 1048 668
switch-static 0.0010 1036 657 1089 696
track-sign-front 0.0103 883 534 918 563
track-sign-front 0.0079 1156 549 1191 583
track-sign-front 0.0077 880 561 919 600
track-sign-front 0.0057 892 535 935 560
track-sign-front 0.0031 886 485 916 580
track-sign-front 0.0013 925 533 954 568
track-sign-front 0.0010 933 418 948 438
track-signal-front 0.0041 979 536 992 551
track-signal-front 0.0034 977 534 997 555
track-signal-front 0.0016 970 532 991 553
track-signal-back 0.0040 809 481 821 517
track-signal-back 0.0035 1058 519 1071 540
track-signal-back 0.0021 1047 514 1071 543
pole 0.8279 515 35 579 782
pole 0.4620 882 335 914 616
pole 0.0183 208 -26 314 804
pole 0.0182 874 356 904 633
pole 0.0150 897 370 917 624
pole 0.0035 1778 357 1801 650
pole 0.0032 932 88 961 643
pole 0.0029 487 28 618 793
pole 0.0025 1148 437 1172 615
pole 0.0021 898 432 920 578
pole 0.0019 900 190 934 671
pole 0.0018 1783 356 1817 655
pole 0.0016 925 330 949 592
pole 0.0016 1140 502 1165 607
pole 0.0015 881 415 906 557
pole 0.0014 884 453 920 610
pole 0.0014 1137 459 1159 597
pole 0.0013 885 394 916 541
pole 0.0011 1800 359 1915 682
pole 0.0011 1860 355 1919 692
pole 0.0010 1151 454 1192 627
pole 0.0010 441 32 557 767
pole 0.0010 907 46 968 686
pole 0.0010 931 444 950 572
rail-occluder 0.5544 1244 510 1348 629
rail-occluder 0.2178 1463 602 1484 627
rail-occluder 0.0804 1679 607 1719 646
rail-occluder 0.0552 1804 596 1913 658
rail-occluder 0.0498 1532 650 1570 677
rail-occluder 0.0470 1802 619 1915 672
rail-occluder 0.0400 1251 550 1327 625
rail-occluder 0.0393 1670 620 1715 649
rail-occluder 0.0358 1453 597 1480 623
rail-occluder 0.0319 1690 619 1720 648
rail-occluder 0.0318 1620 604 1786 647
rail-occluder 0.0303 1160 553 1195 585
rail-occluder 0.0299 1511 583 1523 598
rail-occluder 0.0281 1696 605 1719 632
rail-occluder 0.0251 1813 625 1864 675
rail-occluder 0.0229 1676 601 1716 631
rail-occluder 0.0206 1568 612 1614 638
rail-occluder 0.0196 1449 602 1486 630
rail-occluder 0.0190 1149 550 1199 600
rail-occluder 0.0164 1628 619 1752 650
rail-occluder 0.0144 1642 621 1707 651
rail-occluder 0.0138 1467 601 1491 634
rail-occluder 0.0138 1532 647 1602 678
rail-occluder 0.0132 417 735 625 903
rail-occluder 0.0128 1849 620 1922 681
rail-occluder 0.0126 1551 652 1617 684
rail-occluder 0.0119 1560 618 1621 676
rail-occluder 0.0113 1817 585 1904 638
rail-occluder 0.0105 1792 640 1884 677
rail-occluder 0.0101 1142 591 1208 628
rail-occluder 0.0099 1816 637 1910 685
rail-occluder 0.0093 1861 644 1922 688
rail-occluder 0.0092 1885 626 1921 684
rail-occluder 0.0084 1253 571 1296 625
rail-occluder 0.0083 1437 597 1492 624
rail-occluder 0.0077 1468 581 1523 620
rail-occluder 0.0076 1881 588 1921 674
rail-occluder 0.0072 1238 528 1423 640
rail-occluder 0.0061 1573 612 1643 640
rail-occluder 0.0060 1045 523 1609 723
rail-occluder 0.0060 1789 624 1852 671
rail-occluder 0.0051 1435 602 1525 634
rail-occluder 0.0050 1693 609 1769 644
rail-occluder 0.0049 881 564 916 610
rail-occluder 0.0043 1574 599 1857 657
rail-occluder 0.0043 1246 595 1319 655
rail-occluder 0.0039 1226 617 1293 653
rail-occluder 0.0036 1507 581 1526 606
rail-occluder 0.0034 1280 553 1359 626
rail-occluder 0.0034 1206 615 1261 643
rail-occluder 0.0034 1184 594 1236 631
rail-occluder 0.0032 316 672 717 947
rail-occluder 0.0031 1781 582 1917 688
rail-occluder 0.0031 1152 502 1269 646
rail-occluder 0.0029 1576 616 1656 665
rail-occluder 0.0029 1604 615 1684 645
rail-occluder 0.0026 1573 650 1650 692
rail-occluder 0.0025 1789 649 1850 680
rail-occluder 0.0024 1250 505 1304 617
rail-occluder 0.0024 1204 577 1256 627
rail-occluder 0.0022 1771 606 1855 654
rail-occluder 0.0022 455 674 644 869
rail-occluder 0.0022 1396 587 1540 644
rail-occluder 0.0021 1516 648 1560 674
rail-occluder 0.0021 843 577 912 610
rail-occluder 0.0020 1141 565 1202 621
rail-occluder 0.0018 1452 613 1495 651
rail-occluder 0.0018 1802 529 1919 663
rail-occluder 0.0018 1381 604 1470 636
rail-occluder 0.0017 1323 606 1390 637
rail-occluder 0.0017 1340 606 1416 631
rail-occluder 0.0017 1632 584 1713 634
rail-occluder 0.0017 1741 644 1895 686
rail-occluder 0.0017 1343 590 1415 625
rail-occluder 0.0016 1695 621 1777 652
rail-occluder 0.0015 1355 589 1498 624
rail-occluder 0.0015 1458 558 1492 627
rail-occluder 0.0015 1168 549 1234 600
rail-occluder 0.0014 1594 618 1699 659
rail-occluder 0.0014 1295 599 1361 649
rail-occluder 0.0013 1852 473 1921 681
rail-occluder 0.0013 1366 600 1573 674
rail-occluder 0.0013 1537 605 1651 633
rail-occluder 0.0012 1553 595 1602 633
rail-occluder 0.0012 1319 573 1385 633
rail-occluder 0.0012 1488 615 1665 683
rail-occluder 0.0012 1872 577 1920 645
rail-occluder 0.0011 1499 640 1561 668
rail-occluder 0.0011 1742 622 1833 661
rail-occluder 0.0011 1318 514 1367 631
rail-occluder 0.0011 1006 327 1597 765
rail-occluder 0.0011 1280 560 1454 647
rail-occluder 0.0011 1581 584 1649 636
rail-occluder 0.0010 1191 492 1497 646
rail-occluder 0.0010 1208 553 1255 609
rail-occluder 0.0010 436 751 559 887
rail-occluder 0.0010 1429 620 1482 651
rail-occluder 0.0010 758 607 807 630
