crossing 0.0015 1007 599 1037 615
crossing 0.0015 984 583 1028 613
train-car 0.0039 1016 573 1064 614
train-car 0.0027 1005 580 1046 611
train-car 0.0015 997 551 1045 608
platform 0.9603 1041 614 1903 1078
platform 0.6885 3 604 988 1012
platform 0.0284 13 755 641 860
platform 0.0133 277 612 957 905
platform 0.0035 33 746 654 949
platform 0.0010 228 784 548 915
rail 0.9670 997 591 1243 1074
rail 0.9545 342 595 1006 1079
rail 0.0315 1294 629 1907 772
rail 0.0055 1476 662 1933 826
rail 0.0018 11 751 548 853
rail 0.0015 1464 638 1926 731
rail 0.0014 1111 586 1875 714
track-sign-front 0.2437 545 572 563 599
track-sign-front 0.0994 796 581 811 601
track-sign-front 0.0374 1312 576 1331 606
track-sign-front 0.0177 1103 572 1126 601
track-sign-front 0.0116 846 569 860 596
track-sign-front 0.0111 1101 569 1121 588
track-sign-front 0.0095 849 568 867 590
track-sign-front 0.0081 0 566 32 615
track-sign-front 0.0078 539 574 566 604
track-sign-front 0.0061 792 574 807 595
track-sign-front 0.0051 796 566 831 600
track-sign-front 0.0039 800 587 812 627
track-sign-front 0.0038 1103 566 1138 595
track-sign-front 0.0035 1098 554 1126 588
track-sign-front 0.0031 846 556 861 586
track-sign-front 0.0031 736 539 760 562
track-sign-front 0.0028 723 535 753 565
track-sign-front 0.0021 1867 1014 1919 1083
track-sign-front 0.0020 548 540 563 598
track-sign-front 0.0017 1035 580 1068 612
track-sign-front 0.0017 1313 576 1332 657
track-sign-front 0.0014 1309 572 1339 601
track-sign-front 0.0012 719 531 734 609
track-sign-front 0.0012 547 492 564 644
track-sign-front 0.0012 1173 533 1196 557
track-sign-front 0.0011 845 563 878 617
track-sign-front 0.0010 720 549 731 663
track-signal-front 0.0073 981 557 998 576
track-signal-front 0.0032 978 554 1011 584
track-signal-front 0.0012 948 525 990 588
track-signal-front 0.0011 1006 525 1039 603
person 0.0128 1104 569 1126 620
person 0.0037 1106 565 1146 642
person 0.0024 1095 565 1125 633
person 0.0017 1865 957 1919 1083
person 0.0016 1119 570 1155 658
pole 0.0563 1791 649 1827 902
pole 0.0213 1765 79 1825 1017
pole 0.0069 1780 204 1820 892
pole 0.0043 1787 663 1834 1036
pole 0.0039 659 370 677 686
pole 0.0034 1794 703 1821 848
pole 0.0033 1719 44 1836 926
pole 0.0031 1781 582 1836 881
pole 0.0016 1757 138 1807 805
pole 0.0014 1054 374 1070 638
pole 0.0010 1241 360 1259 657
rail-occluder 0.0039 1861 1018 1918 1087
