crossing 0.0288 837 583 868 598
crossing 0.0086 840 580 887 600
guard-rail 0.8376 613 762 717 859
guard-rail 0.1419 293 765 540 863
guard-rail 0.0955 368 750 726 881
guard-rail 0.0859 214 695 766 928
guard-rail 0.0732 492 763 639 861
guard-rail 0.0650 6 594 828 1053
guard-rail 0.0265 406 916 592 1070
guard-rail 0.0255 650 755 728 845
guard-rail 0.0254 235 737 589 913
guard-rail 0.0249 364 575 932 1032
guard-rail 0.0239 546 757 696 865
guard-rail 0.0232 439 754 595 866
guard-rail 0.0178 290 786 458 870
guard-rail 0.0123 735 643 791 668
guard-rail 0.0087 498 788 588 859
guard-rail 0.0087 54 708 598 989
guard-rail 0.0074 480 701 708 933
guard-rail 0.0064 778 641 840 672
guard-rail 0.0053 546 670 790 933
guard-rail 0.0051 493 731 711 849
guard-rail 0.0043 339 719 582 869
guard-rail 0.0037 820 632 849 655
guard-rail 0.0027 17 786 638 1077
guard-rail 0.0027 190 774 459 927
guard-rail 0.0024 407 743 572 829
guard-rail 0.0023 325 795 425 861
guard-rail 0.0017 230 801 420 884
guard-rail 0.0012 441 938 549 1069
guard-rail 0.0011 369 774 477 856
rail 0.9552 867 568 1169 1076
rail 0.9002 113 589 879 1076
rail 0.0475 258 674 834 951
rail 0.0130 410 886 611 1069
rail 0.0083 836 576 873 600
rail 0.0043 816 573 863 601
rail 0.0034 132 770 752 1087
rail 0.0031 785 615 850 655
rail 0.0031 865 549 887 591
rail 0.0015 846 556 902 591
rail 0.0010 2 801 534 1074
switch-indicator 0.0586 741 599 759 647
switch-indicator 0.0176 734 628 758 657
switch-left 0.0990 764 639 835 671
switch-left 0.0284 777 631 832 656
switch-left 0.0032 785 615 850 653
switch-left 0.0020 736 632 821 673
switch-left 0.0019 757 637 837 694
switch-right 0.1866 766 637 837 670
switch-right 0.0368 778 632 830 655
switch-right 0.0043 785 618 850 655
switch-static 0.0351 734 621 779 664
switch-static 0.0137 752 624 811 656
switch-static 0.0014 722 645 762 674
track-sign-front 0.1103 974 572 988 588
track-sign-front 0.1024 742 599 753 620
track-sign-front 0.0402 872 553 882 568
track-sign-front 0.0397 739 605 755 649
track-sign-front 0.0349 917 558 932 574
track-sign-front 0.0251 976 572 990 599
track-sign-front 0.0148 872 551 891 569
track-sign-front 0.0138 867 550 888 580
track-sign-front 0.0089 741 594 755 628
track-sign-front 0.0058 864 553 908 581
track-sign-front 0.0034 918 555 965 585
track-sign-front 0.0028 961 554 984 586
track-sign-front 0.0016 772 562 793 615
track-sign-front 0.0014 741 578 760 614
track-sign-front 0.0014 967 570 996 594
track-sign-front 0.0014 855 545 879 576
track-sign-front 0.0012 744 578 800 626
track-sign-front 0.0010 977 551 1000 585
track-signal-front 0.0034 870 535 881 560
track-signal-front 0.0012 870 548 884 576
