crossing 0.2331 902 611 943 628
crossing 0.0054 909 574 958 623
crossing 0.0044 850 596 892 621
crossing 0.0033 878 589 938 627
guard-rail 0.0023 1004 702 1026 746
guard-rail 0.0022 934 649 1000 691
guard-rail 0.0021 859 667 930 721
guard-rail 0.0014 1011 712 1033 756
guard-rail 0.0012 963 659 1001 692
guard-rail 0.0011 969 672 1012 713
train-car 0.0162 912 562 946 604
train-car 0.0100 911 547 977 599
train-car 0.0029 898 537 957 596
train-car 0.0023 1 548 28 620
train-car 0.0021 922 533 992 587
train-car 0.0012 1 534 43 628
platform 0.0013 1005 705 1624 1070
rail 0.8458 552 657 941 1078
rail 0.8178 740 558 1020 1076
rail 0.2770 849 578 1214 1079
rail 0.0469 0 597 607 777
rail 0.0358 -6 614 247 684
rail 0.0253 2 605 251 651
rail 0.0228 -8 628 371 784
rail 0.0138 -4 622 126 665
rail 0.0130 -1 621 199 740
rail 0.0124 -1 594 598 985
rail 0.0102 -3 601 431 676
rail 0.0089 0 621 94 692
rail 0.0076 -3 606 121 651
rail 0.0073 2 616 81 656
rail 0.0073 0 598 158 639
rail 0.0053 -7 638 173 700
rail 0.0044 -3 632 266 873
rail 0.0043 848 652 954 735
rail 0.0037 0 610 44 690
rail 0.0032 0 628 71 758
rail 0.0030 35 583 664 700
rail 0.0023 1 592 35 669
rail 0.0023 15 589 293 634
rail 0.0023 0 650 125 752
rail 0.0022 0 653 151 848
rail 0.0021 1 624 32 714
rail 0.0019 25 614 186 666
rail 0.0014 109 615 441 746
rail 0.0013 68 592 888 895
rail 0.0013 0 656 62 856
rail 0.0012 1000 664 1627 1070
rail 0.0011 787 588 1023 870
rail 0.0010 202 565 800 737
rail 0.0010 99 633 445 840
switch-indicator 0.0179 848 621 868 661
switch-indicator 0.0052 999 620 1024 644
switch-indicator 0.0010 832 630 858 662
switch-left 0.2771 864 662 956 719
switch-left 0.0011 892 672 999 728
switch-right 0.2925 873 661 953 702
switch-right 0.0540 860 672 954 731
switch-right 0.0250 889 632 952 669
switch-right 0.0166 880 645 950 676
switch-right 0.0058 888 654 966 691
switch-right 0.0010 860 654 921 687
switch-static 0.0034 980 619 1027 651
switch-static 0.0029 837 639 875 672
switch-static 0.0027 863 653 918 686
switch-static 0.0013 995 617 1029 644
switch-static 0.0013 936 638 992 673
switch-static 0.0011 843 628 876 664
track-sign-front 0.2761 921 202 966 257
track-sign-front 0.0081 694 618 720 652
track-sign-front 0.0051 70 585 93 624
track-sign-front 0.0050 1071 595 1085 620
track-sign-front 0.0047 850 614 868 659
track-sign-front 0.0036 702 621 725 664
track-sign-front 0.0033 67 568 95 610
track-sign-front 0.0030 901 196 954 258
track-sign-front 0.0027 717 552 750 597
track-sign-front 0.0023 851 607 878 637
track-sign-front 0.0022 691 621 711 666
track-sign-front 0.0020 847 562 862 589
track-sign-front 0.0019 848 592 871 622
track-sign-front 0.0018 897 152 986 285
track-sign-front 0.0017 0 548 27 620
track-sign-front 0.0016 692 560 727 597
track-sign-front 0.0015 33 582 101 629
track-sign-front 0.0013 686 566 723 615
track-sign-front 0.0012 710 562 749 611
track-sign-front 0.0012 684 597 712 635
track-sign-front 0.0011 846 544 888 605
track-sign-front 0.0011 926 191 967 232
track-sign-front 0.0011 701 600 732 650
track-sign-front 0.0010 61 585 121 627
track-signal-front 0.0023 724 542 742 577
track-signal-front 0.0015 727 557 763 597
track-signal-front 0.0012 726 541 754 574
fence 0.5663 -5 604 499 948
fence 0.1021 -3 620 402 822
fence 0.0868 7 590 743 820
fence 0.0081 0 640 194 880
pole 0.0188 692 216 733 724
pole 0.0152 874 476 890 611
pole 0.0098 67 422 85 621
pole 0.0051 872 489 903 608
pole 0.0027 110 426 134 620
pole 0.0024 1149 144 1181 759
pole 0.0023 96 421 125 625
pole 0.0018 228 330 273 633
pole 0.0017 18 450 43 617
pole 0.0015 58 424 95 624
pole 0.0014 1133 181 1175 732
pole 0.0012 882 544 938 606
pole 0.0011 1 638 22 744
pole 0.0010 57 459 84 599
rail-occluder 0.0075 102 637 413 796
rail-occluder 0.0061 3 625 343 898
rail-occluder 0.0059 121 588 673 774
rail-occluder 0.0046 61 598 98 629
rail-occluder 0.0033 223 620 499 747
rail-occluder 0.0028 29 597 129 638
rail-occluder 0.0016 -2 652 150 926
rail-occluder 0.0014 329 604 572 752
rail-occluder 0.0012 0 669 57 909
rail-occluder 0.0011 163 648 202 746
