guard-rail 0.2409 881 569 911 599
guard-rail 0.2285 902 568 971 601
guard-rail 0.2159 698 711 793 796
guard-rail 0.0275 935 565 966 597
guard-rail 0.0111 666 707 803 825
guard-rail 0.0096 714 686 810 783
guard-rail 0.0070 677 726 768 808
guard-rail 0.0064 886 548 907 594
guard-rail 0.0049 928 551 965 589
guard-rail 0.0028 892 551 958 590
guard-rail 0.0025 642 621 834 860
guard-rail 0.0013 741 697 838 793
rail 0.9495 349 553 935 1080
rail 0.9421 872 521 1211 1080
rail 0.0028 635 608 1183 1080
rail 0.0016 526 629 775 1024
switch-indicator 0.0046 830 529 842 549
switch-indicator 0.0034 796 591 823 617
switch-left 0.0781 883 567 970 610
switch-left 0.0593 878 568 920 605
switch-right 0.2160 883 567 970 605
switch-right 0.0722 877 568 922 604
switch-static 0.0526 1042 616 1095 653
switch-static 0.0214 797 593 824 614
switch-static 0.0032 1142 722 1207 749
switch-static 0.0014 794 582 820 610
switch-static 0.0011 801 592 841 620
track-sign-front 0.5100 1003 430 1027 459
track-sign-front 0.1645 1240 274 1292 333
track-sign-front 0.0396 718 541 737 566
track-sign-front 0.0071 1008 425 1034 455
track-sign-front 0.0071 719 532 751 568
track-sign-front 0.0059 831 527 844 548
track-sign-front 0.0047 781 488 795 511
track-sign-front 0.0044 1250 452 1276 483
track-sign-front 0.0025 780 466 796 506
track-sign-front 0.0020 999 417 1029 468
track-sign-front 0.0019 712 541 744 572
track-sign-front 0.0017 1691 57 1816 108
track-sign-front 0.0014 747 508 763 553
track-sign-front 0.0013 774 429 794 476
track-sign-front 0.0012 1258 435 1290 478
track-sign-front 0.0010 773 423 791 451
track-signal-front 0.1932 1240 274 1295 332
track-signal-front 0.1433 1275 358 1312 398
track-signal-front 0.0023 1269 360 1311 426
track-signal-back 0.0015 1217 366 1244 394
