crossing 0.0030 927 736 1011 752
crossing 0.0029 881 734 953 753
crossing 0.0016 914 734 977 752
crossing 0.0014 870 801 1076 873
platform 0.7345 1257 732 1920 916
platform 0.5955 333 731 873 921
platform 0.0153 5 697 872 957
platform 0.0033 596 740 889 935
platform 0.0018 1189 724 1876 838
platform 0.0010 1419 766 1720 855
rail 0.9541 819 743 1147 1077
rail 0.9070 1089 731 1917 1073
rail 0.0045 908 736 1033 758
rail 0.0028 874 732 963 756
rail 0.0013 909 738 1069 772
rail 0.0012 865 736 970 767
track-sign-front 0.0231 997 555 1027 581
track-sign-front 0.0162 1077 605 1098 632
track-sign-front 0.0073 960 660 982 692
track-sign-front 0.0070 502 171 534 201
track-sign-front 0.0025 1154 128 1191 168
track-sign-front 0.0020 957 649 996 706
track-sign-front 0.0015 1000 597 1029 623
track-sign-front 0.0013 1006 555 1037 584
track-sign-front 0.0012 1082 605 1105 636
track-sign-front 0.0012 1083 527 1101 550
track-signal-front 0.5174 455 207 546 359
track-signal-front 0.4448 1435 603 1454 653
track-signal-front 0.3404 1270 450 1293 499
track-signal-front 0.1785 462 254 540 408
track-signal-front 0.0346 460 198 553 291
track-signal-front 0.0287 679 423 729 512
track-signal-front 0.0254 -1 890 31 1018
track-signal-front 0.0149 1434 599 1474 652
track-signal-front 0.0138 674 428 706 506
track-signal-front 0.0063 1151 117 1190 164
track-signal-front 0.0052 1435 629 1455 682
track-signal-front 0.0040 479 206 562 413
track-signal-front 0.0038 496 393 664 502
track-signal-front 0.0037 1248 448 1295 496
track-signal-front 0.0033 492 274 548 396
track-signal-front 0.0032 1430 569 1455 638
track-signal-front 0.0029 1421 542 1460 622
track-signal-front 0.0024 1468 595 1493 654
track-signal-front 0.0024 1232 454 1269 498
track-signal-front 0.0022 1442 591 1488 679
track-signal-front 0.0022 652 438 682 497
track-signal-front 0.0021 1430 567 1456 602
track-signal-front 0.0019 452 275 514 429
track-signal-front 0.0016 678 406 702 492
track-signal-front 0.0015 1455 580 1485 652
track-signal-front 0.0014 1 885 28 971
track-signal-front 0.0013 999 595 1032 628
track-signal-front 0.0012 1396 521 1459 567
track-signal-front 0.0011 430 149 563 346
track-signal-back 0.1032 1156 122 1193 161
track-signal-back 0.0010 1149 75 1203 167
person 0.6560 223 594 307 786
person 0.0182 999 654 1025 736
person 0.0039 213 624 278 767
person 0.0030 240 595 299 713
person 0.0029 250 635 321 788
person 0.0023 960 661 983 711
person 0.0014 966 650 1018 733
