platform 0.9371 999 210 1916 721
platform 0.0106 1040 225 1918 488
rail 0.9583 709 219 1232 1079
rail 0.0039 0 517 144 849
rail 0.0031 1048 153 1216 242
rail 0.0020 1 511 199 1046
rail 0.0015 2 489 240 719
rail 0.0014 723 438 1217 846
track-sign-front 0.0063 1135 325 1150 344
track-sign-front 0.0056 874 194 889 214
track-sign-front 0.0026 1027 251 1043 270
track-sign-front 0.0019 872 191 908 221
track-sign-front 0.0015 777 250 796 276
track-signal-front 0.2891 937 200 949 218
track-signal-front 0.0430 933 198 969 218
track-signal-front 0.0391 935 196 952 223
track-signal-front 0.0225 1037 183 1053 217
track-signal-front 0.0101 909 166 925 190
track-signal-front 0.0078 909 170 954 217
track-signal-front 0.0047 1037 174 1051 202
track-signal-front 0.0041 1013 174 1054 216
track-signal-front 0.0032 972 192 1001 222
track-signal-front 0.0026 931 189 991 219
track-signal-front 0.0023 977 178 1014 220
track-signal-front 0.0022 900 156 923 190
track-signal-front 0.0016 877 168 928 214
person-group 0.0880 1094 159 1174 248
person-group 0.0335 1066 159 1226 250
person 0.6547 1268 115 1327 284
person 0.3060 1204 134 1251 261
person 0.1467 1130 158 1163 250
person 0.0802 1104 162 1149 247
person 0.0765 1095 155 1179 251
person 0.0573 1115 141 1237 254
person 0.0222 1159 146 1221 246
person 0.0171 1222 121 1282 275
person 0.0112 1063 176 1133 238
person 0.0110 1037 176 1067 224
person 0.0104 1125 185 1152 255
person 0.0095 1037 184 1056 217
person 0.0055 1106 197 1134 247
person 0.0047 1372 113 1443 270
person 0.0039 1115 143 1162 233
person 0.0036 1060 185 1214 255
person 0.0031 1099 149 1135 226
person 0.0030 1134 147 1182 229
person 0.0028 1317 105 1420 277
person 0.0022 1242 146 1350 312
person 0.0016 1077 150 1159 226
person 0.0013 1026 175 1082 226
