rail 0.9640 711 650 986 1077
rail 0.9520 137 655 888 1076
rail 0.9119 987 638 1920 1052
rail 0.7963 3 668 787 903
switch-unknown 0.0010 829 655 868 681
track-sign-front 0.0330 1645 722 1671 764
track-sign-front 0.0180 1244 707 1264 733
track-sign-front 0.0083 718 658 742 680
track-sign-front 0.0060 1372 796 1391 824
track-sign-front 0.0033 740 645 773 688
track-sign-front 0.0032 716 627 749 689
track-sign-front 0.0029 986 602 1014 728
track-sign-front 0.0029 756 648 771 685
track-sign-front 0.0028 956 524 973 552
track-sign-front 0.0025 713 656 734 681
track-sign-front 0.0023 993 661 1010 738
track-sign-front 0.0022 1238 652 1256 710
track-sign-front 0.0016 995 704 1008 730
track-sign-front 0.0014 1113 664 1125 682
track-sign-front 0.0011 1230 580 1253 710
track-sign-front 0.0011 1650 725 1691 766
track-sign-front 0.0010 521 675 541 718
track-sign-front 0.0010 1640 726 1671 787
track-sign-front 0.0010 353 713 381 762
track-signal-front 0.8379 1187 447 1246 505
track-signal-front 0.7168 639 468 700 520
track-signal-front 0.7097 935 455 997 520
track-signal-front 0.5603 377 475 424 534
track-signal-front 0.1096 668 474 702 531
track-signal-front 0.0683 639 469 672 518
track-signal-front 0.0375 1174 483 1194 515
track-signal-front 0.0150 1185 402 1248 574
track-signal-front 0.0134 1173 478 1210 518
track-signal-front 0.0100 939 485 968 536
track-signal-front 0.0071 680 504 701 539
track-signal-front 0.0071 949 519 974 544
track-signal-front 0.0059 639 436 703 578
track-signal-front 0.0048 933 455 978 500
track-signal-front 0.0046 1178 495 1205 525
track-signal-front 0.0046 960 458 1011 513
track-signal-front 0.0041 642 464 687 493
track-signal-front 0.0041 375 443 426 553
track-signal-front 0.0031 915 598 946 655
track-signal-front 0.0031 1176 138 1279 832
track-signal-front 0.0031 640 499 683 547
track-signal-front 0.0030 1217 451 1256 502
track-signal-front 0.0027 1195 501 1229 534
track-signal-front 0.0023 659 487 703 545
track-signal-front 0.0021 649 523 678 554
track-signal-front 0.0016 931 468 959 532
track-signal-front 0.0014 635 505 660 547
track-signal-front 0.0011 1169 456 1195 515
track-signal-front 0.0010 971 454 997 497
track-signal-front 0.0010 1204 501 1240 542
track-signal-back 0.5629 377 475 422 536
track-signal-back 0.0098 422 507 442 548
track-signal-back 0.0042 672 524 694 552
track-signal-back 0.0018 410 486 441 548
pole 0.6604 1264 36 1405 1041
pole 0.4515 638 500 661 756
pole 0.4178 987 492 1019 737
pole 0.2357 751 522 767 697
pole 0.1701 606 513 632 747
pole 0.0778 619 509 654 749
pole 0.0657 961 511 996 718
pole 0.0377 1223 489 1253 723
pole 0.0240 647 501 689 742
pole 0.0239 1600 1 1734 953
pole 0.0231 942 516 973 706
pole 0.0194 683 516 710 721
pole 0.0165 754 578 770 693
pole 0.0160 933 558 968 683
pole 0.0159 628 498 677 748
pole 0.0154 609 576 627 715
pole 0.0133 641 588 659 733
pole 0.0126 664 485 699 734
pole 0.0114 988 561 1013 712
pole 0.0109 954 471 978 709
pole 0.0084 732 515 764 716
pole 0.0079 980 444 1033 745
pole 0.0060 958 539 977 681
pole 0.0049 1211 398 1268 809
pole 0.0042 820 578 842 682
pole 0.0041 1000 477 1048 728
pole 0.0040 743 512 774 700
pole 0.0039 693 551 724 732
pole 0.0036 1221 109 1322 1017
pole 0.0034 831 571 869 683
pole 0.0024 989 586 1025 780
pole 0.0023 1295 257 1374 930
pole 0.0023 642 541 658 687
pole 0.0023 633 559 655 711
pole 0.0021 919 578 945 677
pole 0.0021 377 491 402 759
pole 0.0021 992 611 1011 778
pole 0.0020 595 611 640 765
pole 0.0018 610 612 656 777
pole 0.0017 988 522 1009 663
pole 0.0016 603 640 631 747
pole 0.0016 717 598 750 711
pole 0.0015 1635 128 1725 826
pole 0.0015 954 519 975 557
pole 0.0014 937 477 996 706
pole 0.0014 1325 84 1438 1096
pole 0.0013 856 582 872 658
pole 0.0013 807 583 851 690
pole 0.0013 902 604 921 654
pole 0.0012 976 439 1006 663
pole 0.0012 1231 302 1289 822
pole 0.0012 965 591 1005 740
pole 0.0012 719 543 786 713
pole 0.0011 902 602 948 675
pole 0.0011 925 566 948 659
pole 0.0011 1653 -23 1799 967
pole 0.0011 605 444 646 731
pole 0.0010 1302 393 1406 1005
pole 0.0010 1295 511 1359 1025
pole 0.0010 782 587 822 684
pole 0.0010 1153 15 1471 1046
rail-occluder 0.0163 1244 707 1264 733
rail-occluder 0.0023 606 662 630 721
rail-occluder 0.0021 1247 707 1276 734
rail-occluder 0.0015 523 677 548 721
rail-occluder 0.0014 1239 710 1273 741
rail-occluder 0.0012 718 655 744 684
rail-occluder 0.0010 1240 693 1265 738
