crossing 0.8339 667 747 1073 1076
crossing 0.0017 826 464 875 486
guard-rail 0.0024 693 761 755 1066
guard-rail 0.0017 903 649 936 747
rail 0.9509 669 426 1062 1076
rail 0.0014 1116 556 1875 692
switch-static 0.0022 915 473 943 495
switch-static 0.0010 872 470 937 496
track-sign-front 0.1264 923 474 939 489
track-sign-front 0.0076 917 472 944 494
track-sign-front 0.0062 776 416 787 438
track-sign-front 0.0025 776 414 793 443
track-sign-front 0.0014 772 424 794 481
track-sign-front 0.0010 773 460 796 491
track-signal-back 0.0238 1573 243 1675 400
track-signal-back 0.0151 1581 249 1669 325
track-signal-back 0.0076 766 346 787 374
track-signal-back 0.0071 1595 252 1672 295
track-signal-back 0.0046 765 356 795 394
track-signal-back 0.0045 1587 361 1666 407
track-signal-back 0.0036 1571 305 1661 409
track-signal-back 0.0029 772 390 791 444
track-signal-back 0.0028 1598 254 1691 444
track-signal-back 0.0023 1612 371 1667 411
track-signal-back 0.0018 775 371 806 398
track-signal-back 0.0017 769 352 799 381
track-signal-back 0.0016 1599 321 1674 413
pole 0.0511 1578 397 1610 609
pole 0.0079 1563 369 1620 611
pole 0.0021 1563 252 1645 607
pole 0.0012 1666 159 1704 578
pole 0.0011 1588 439 1611 573
pole 0.0011 1567 432 1604 579
