guard-rail 0.5636 621 684 729 750
guard-rail 0.1924 608 706 686 756
guard-rail 0.0884 807 694 833 735
guard-rail 0.0858 795 699 814 767
guard-rail 0.0729 828 685 849 722
guard-rail 0.0563 802 705 821 765
guard-rail 0.0419 808 622 858 650
guard-rail 0.0371 835 651 860 710
guard-rail 0.0361 567 715 673 764
guard-rail 0.0330 761 676 791 730
guard-rail 0.0278 589 669 763 775
guard-rail 0.0235 770 694 804 737
guard-rail 0.0185 795 730 812 773
guard-rail 0.0183 822 646 854 697
guard-rail 0.0160 783 702 809 759
guard-rail 0.0157 779 680 812 732
guard-rail 0.0152 787 697 822 747
guard-rail 0.0151 804 629 838 653
guard-rail 0.0134 845 627 897 669
guard-rail 0.0119 817 608 875 660
guard-rail 0.0111 872 641 899 670
guard-rail 0.0103 543 734 643 788
guard-rail 0.0097 759 662 795 715
guard-rail 0.0091 800 700 835 758
guard-rail 0.0084 859 597 903 623
guard-rail 0.0072 852 640 888 683
guard-rail 0.0062 794 611 840 647
guard-rail 0.0058 920 606 1002 742
guard-rail 0.0056 927 602 967 630
guard-rail 0.0052 667 669 761 721
guard-rail 0.0047 648 707 750 771
guard-rail 0.0046 506 732 634 808
guard-rail 0.0044 828 669 856 719
guard-rail 0.0042 765 616 789 654
guard-rail 0.0038 539 615 799 840
guard-rail 0.0036 927 608 977 674
guard-rail 0.0034 956 597 1025 709
guard-rail 0.0034 693 724 748 772
guard-rail 0.0025 909 766 1006 867
guard-rail 0.0024 804 731 827 780
guard-rail 0.0023 958 593 1018 646
guard-rail 0.0023 843 674 868 715
guard-rail 0.0021 748 690 791 742
guard-rail 0.0019 927 595 998 640
guard-rail 0.0018 714 721 773 762
guard-rail 0.0018 818 632 863 707
guard-rail 0.0017 668 679 766 751
guard-rail 0.0016 732 658 788 696
guard-rail 0.0015 789 728 822 776
guard-rail 0.0014 782 648 829 702
guard-rail 0.0013 778 737 810 777
guard-rail 0.0012 761 653 810 726
guard-rail 0.0010 738 636 779 667
guard-rail 0.0010 879 642 902 683
rail 0.9217 483 589 901 1075
rail 0.9009 877 586 1128 1075
rail 0.8346 34 574 910 1077
rail 0.4024 919 584 1026 797
rail 0.0768 905 616 1041 881
rail 0.0367 730 582 935 1081
rail 0.0119 919 627 1003 762
rail 0.0075 989 636 1131 1036
rail 0.0056 932 587 1015 630
rail 0.0053 974 596 1232 1107
rail 0.0045 924 590 1006 659
rail 0.0034 930 574 1104 822
rail 0.0030 921 581 968 631
rail 0.0029 955 589 1049 750
rail 0.0025 924 595 989 704
rail 0.0024 889 584 946 609
rail 0.0023 880 582 920 603
rail 0.0019 926 598 974 640
rail 0.0017 898 571 950 597
rail 0.0013 917 572 965 594
rail 0.0012 684 604 894 776
switch-indicator 0.0037 768 608 781 641
switch-left 0.1422 876 622 1126 1051
switch-left 0.1283 907 760 1051 870
switch-left 0.0239 902 615 1031 873
switch-left 0.0233 907 820 1077 894
switch-left 0.0036 918 670 1011 771
switch-left 0.0024 888 749 1104 972
switch-right 0.1593 905 761 1052 871
switch-right 0.1316 898 679 1086 964
switch-right 0.0800 904 631 1039 867
switch-right 0.0347 829 608 880 632
switch-right 0.0205 809 616 865 646
switch-right 0.0040 936 790 1043 883
switch-right 0.0019 912 703 1003 784
switch-right 0.0014 899 710 1020 844
switch-right 0.0010 822 602 887 649
switch-unknown 0.0572 851 597 900 621
switch-unknown 0.0411 844 604 890 626
switch-unknown 0.0347 866 587 912 609
switch-unknown 0.0129 881 578 915 604
switch-unknown 0.0088 921 567 960 593
switch-unknown 0.0080 900 567 950 599
switch-unknown 0.0050 922 582 964 622
switch-unknown 0.0037 889 578 944 609
switch-unknown 0.0014 848 559 904 614
switch-unknown 0.0014 964 587 1015 613
switch-unknown 0.0012 808 600 861 630
switch-static 0.4866 1068 826 1211 888
switch-static 0.2002 1104 839 1224 911
switch-static 0.1233 1067 825 1146 868
switch-static 0.0745 1101 836 1197 881
switch-static 0.0240 1112 866 1227 932
switch-static 0.0112 1019 790 1257 920
switch-static 0.0076 1048 823 1109 887
switch-static 0.0054 981 627 1138 1045
switch-static 0.0048 1055 811 1131 862
switch-static 0.0047 1080 811 1182 862
switch-static 0.0015 1062 835 1181 917
track-sign-front 0.0875 769 554 780 573
track-sign-front 0.0397 768 545 780 565
track-sign-front 0.0203 377 580 403 603
track-sign-front 0.0200 1026 491 1037 599
track-sign-front 0.0167 1025 557 1042 592
track-sign-front 0.0150 1624 443 1725 597
track-sign-front 0.0111 767 546 782 579
track-sign-front 0.0104 1023 501 1044 589
track-sign-front 0.0090 848 519 861 586
track-sign-front 0.0088 767 525 784 561
track-sign-front 0.0071 1021 570 1037 607
track-sign-front 0.0054 773 538 793 561
track-sign-front 0.0053 843 559 864 593
track-sign-front 0.0050 766 571 781 646
track-sign-front 0.0048 364 565 401 602
track-sign-front 0.0043 1009 576 1034 614
track-sign-front 0.0041 404 689 425 731
track-sign-front 0.0030 1628 451 1722 526
track-sign-front 0.0022 386 571 421 622
track-sign-front 0.0020 1024 546 1039 616
track-sign-front 0.0020 762 515 780 557
track-sign-front 0.0019 387 539 420 652
track-sign-front 0.0016 771 553 794 590
track-sign-front 0.0015 1047 549 1080 594
track-sign-front 0.0010 406 707 426 759
track-signal-back 0.0037 879 501 894 576
track-signal-back 0.0025 1891 341 1920 445
pole 0.0586 1026 429 1039 628
pole 0.0283 1027 465 1037 599
pole 0.0124 967 485 980 598
pole 0.0099 867 484 895 599
pole 0.0069 877 495 900 594
pole 0.0065 851 478 861 594
pole 0.0050 1025 361 1058 671
pole 0.0041 768 389 788 635
pole 0.0031 382 74 503 865
pole 0.0027 1033 310 1069 696
pole 0.0023 1018 418 1047 669
pole 0.0021 930 496 968 596
pole 0.0021 959 490 977 596
pole 0.0018 1056 292 1087 672
pole 0.0013 847 505 863 600
