rail 0.9705 365 634 918 1078
rail 0.9461 890 636 1237 1078
switch-indicator 0.0047 490 816 524 876
track-sign-front 0.0467 1012 625 1023 647
track-sign-front 0.0319 842 612 853 627
track-sign-front 0.0173 1011 622 1020 637
track-sign-front 0.0154 487 814 525 867
track-sign-front 0.0128 1010 627 1021 658
track-sign-front 0.0103 648 630 728 709
track-sign-front 0.0064 1014 631 1030 656
track-sign-front 0.0053 843 614 855 653
track-sign-front 0.0012 1014 620 1032 642
track-sign-front 0.0011 456 806 526 879
track-signal-front 0.0403 842 612 854 627
pole 0.0026 841 599 871 641
pole 0.0025 841 606 856 633
pole 0.0016 882 545 911 658
pole 0.0010 848 548 885 660
