crossing 0.1076 930 476 960 486
crossing 0.0433 928 475 982 485
crossing 0.0201 907 519 951 533
crossing 0.0126 922 476 963 495
crossing 0.0067 965 467 1024 486
crossing 0.0063 915 484 955 510
crossing 0.0062 924 451 972 490
crossing 0.0041 1007 449 1033 481
crossing 0.0029 816 683 932 714
crossing 0.0022 925 471 986 493
crossing 0.0018 989 443 1031 480
crossing 0.0010 930 446 1007 489
crossing 0.0010 890 516 937 534
train-car 0.0010 1011 446 1033 477
rail 0.9680 547 455 959 1075
rail 0.9668 979 460 1556 1065
rail 0.0019 897 476 971 1043
rail 0.0013 1138 498 1399 1037
rail 0.0013 3 877 218 1075
switch-indicator 0.0116 1157 509 1176 553
switch-indicator 0.0014 1159 521 1179 563
switch-indicator 0.0011 1208 525 1228 580
switch-static 0.0561 657 676 729 709
switch-static 0.0060 777 604 825 626
switch-static 0.0030 755 609 808 633
switch-static 0.0023 799 598 831 619
switch-static 0.0017 683 670 748 713
switch-static 0.0012 987 590 1060 612
switch-static 0.0010 791 598 844 629
track-sign-front 0.0685 1367 361 1395 392
track-sign-front 0.0179 608 454 630 489
track-sign-front 0.0178 576 357 623 399
track-sign-front 0.0110 1064 472 1084 493
track-sign-front 0.0088 1011 444 1038 475
track-sign-front 0.0065 611 451 642 486
track-sign-front 0.0063 1058 458 1080 490
track-sign-front 0.0049 1156 505 1177 541
track-sign-front 0.0034 860 438 881 470
track-sign-front 0.0027 1402 492 1421 523
track-sign-front 0.0025 1005 429 1035 473
track-sign-front 0.0013 589 91 610 120
track-sign-front 0.0011 564 346 618 412
track-sign-front 0.0011 857 445 883 493
track-signal-front 0.8978 605 166 672 279
track-signal-front 0.2950 898 410 915 429
track-signal-front 0.0287 827 389 862 417
track-signal-front 0.0163 574 357 627 401
track-signal-front 0.0094 758 358 784 413
track-signal-front 0.0093 887 389 907 417
track-signal-front 0.0088 892 404 920 431
track-signal-front 0.0055 925 410 945 430
track-signal-front 0.0046 919 410 949 439
track-signal-front 0.0039 851 383 904 430
track-signal-front 0.0034 857 407 893 466
track-signal-front 0.0029 599 356 645 410
track-signal-front 0.0027 755 371 783 434
track-signal-front 0.0023 894 411 927 437
track-signal-front 0.0022 846 359 894 414
track-signal-front 0.0022 613 389 647 431
track-signal-front 0.0020 755 347 789 398
track-signal-front 0.0015 822 393 876 453
track-signal-front 0.0014 583 373 637 427
track-signal-front 0.0012 987 388 1010 448
track-signal-front 0.0011 589 94 610 127
track-signal-front 0.0011 808 399 852 453
track-signal-back 0.0772 1163 300 1187 364
track-signal-back 0.0494 1166 302 1181 348
track-signal-back 0.0334 1161 324 1182 381
track-signal-back 0.0162 1168 299 1192 346
track-signal-back 0.0129 1168 301 1208 381
track-signal-back 0.0087 1154 355 1179 399
track-signal-back 0.0082 1177 319 1220 391
track-signal-back 0.0038 1087 365 1106 406
track-signal-back 0.0035 1158 340 1197 405
track-signal-back 0.0033 1076 383 1106 433
track-signal-back 0.0031 1089 390 1107 426
track-signal-back 0.0030 1145 386 1172 426
track-signal-back 0.0021 1087 350 1104 376
track-signal-back 0.0018 1166 386 1205 423
track-signal-back 0.0016 1184 293 1228 340
track-signal-back 0.0011 1160 279 1201 354
track-signal-back 0.0011 1049 389 1090 432
