guard-rail 0.0029 1048 626 1084 705
guard-rail 0.0022 1025 622 1079 707
guard-rail 0.0010 1071 653 1104 747
guard-rail 0.0010 1052 644 1089 732
rail 0.9604 252 579 999 1076
rail 0.9391 1008 593 1306 1076
switch-static 0.0020 175 905 277 959
switch-static 0.0010 491 792 594 843
track-sign-front 0.1516 1131 316 1179 362
track-sign-front 0.0054 413 774 469 834
track-sign-front 0.0040 423 778 472 813
track-sign-front 0.0026 877 554 890 590
track-sign-front 0.0016 1118 446 1157 509
track-sign-front 0.0016 1128 443 1157 478
track-sign-front 0.0013 1120 473 1155 529
track-sign-front 0.0011 876 571 890 622
track-sign-front 0.0011 1114 446 1136 501
track-sign-front 0.0010 1130 479 1164 527
track-sign-front 0.0010 1072 522 1116 558
track-signal-front 0.7693 1138 362 1169 443
track-signal-front 0.1238 1133 319 1175 363
track-signal-front 0.0011 1142 442 1164 475
track-signal-back 0.0770 1132 316 1177 362
