rail 0.9566 148 558 845 1075
rail 0.9358 823 564 1118 1078
rail 0.8525 876 555 1895 1069
rail 0.1484 510 555 651 677
rail 0.0537 551 561 656 644
rail 0.0276 6 563 700 800
rail 0.0124 217 557 678 726
rail 0.0071 508 549 598 643
rail 0.0060 470 556 589 705
rail 0.0051 1041 587 1458 1038
rail 0.0050 571 556 771 660
rail 0.0046 588 548 674 632
rail 0.0029 624 545 680 648
rail 0.0028 620 563 820 688
rail 0.0024 534 530 671 627
rail 0.0021 545 596 619 684
rail 0.0019 672 563 796 660
rail 0.0015 636 544 719 654
rail 0.0014 597 572 661 656
rail 0.0014 555 577 651 698
rail 0.0013 376 644 584 987
rail 0.0013 1027 510 1259 819
rail 0.0013 1119 602 1372 904
rail 0.0012 853 574 1021 632
rail 0.0012 748 542 810 607
rail 0.0011 826 559 1196 679
rail 0.0011 859 574 951 605
rail 0.0011 667 598 746 676
rail 0.0011 820 574 1199 804
rail 0.0010 607 565 700 671
rail 0.0010 745 563 812 629
rail 0.0010 700 551 853 664
rail 0.0010 -30 557 568 999
rail 0.0010 771 555 826 602
switch-indicator 0.0020 699 649 717 678
switch-indicator 0.0020 695 623 720 680
switch-static 0.0030 560 593 616 653
track-sign-front 0.1411 908 589 921 604
track-sign-front 0.1166 1150 420 1200 463
track-sign-front 0.1000 1104 604 1118 630
track-sign-front 0.0310 1162 464 1236 516
track-sign-front 0.0274 524 546 544 639
track-sign-front 0.0248 1174 548 1226 570
track-sign-front 0.0165 1102 594 1118 621
track-sign-front 0.0149 1159 427 1234 462
track-sign-front 0.0101 566 625 595 650
track-sign-front 0.0097 1021 531 1035 554
track-sign-front 0.0068 252 657 266 675
track-sign-front 0.0048 1178 536 1210 585
track-sign-front 0.0046 887 558 926 612
track-sign-front 0.0042 1187 573 1220 655
track-sign-front 0.0036 1104 586 1138 653
track-sign-front 0.0031 400 455 420 483
track-sign-front 0.0031 1151 411 1187 442
track-sign-front 0.0028 1196 437 1236 466
track-sign-front 0.0028 1206 556 1257 582
track-sign-front 0.0027 519 506 554 594
track-sign-front 0.0025 556 607 606 673
track-sign-front 0.0025 405 620 419 639
track-sign-front 0.0024 742 527 777 621
track-sign-front 0.0024 1098 566 1123 606
track-sign-front 0.0022 716 521 756 561
track-sign-front 0.0020 1187 524 1220 718
track-sign-front 0.0020 1828 663 1852 756
track-sign-front 0.0018 1188 455 1248 520
track-sign-front 0.0016 247 682 261 710
track-sign-front 0.0015 1099 603 1126 632
track-sign-front 0.0015 1106 563 1154 640
track-sign-front 0.0013 242 693 259 716
track-sign-front 0.0012 981 545 1009 623
track-sign-front 0.0012 1787 618 1817 667
track-sign-front 0.0011 1168 561 1210 658
track-sign-front 0.0010 1220 878 1273 971
track-sign-front 0.0010 1090 553 1123 596
track-signal-front 0.1666 1145 419 1203 469
track-signal-front 0.1648 953 500 969 536
track-signal-front 0.1031 509 466 546 507
track-signal-front 0.1029 1143 437 1225 499
track-signal-front 0.1001 1155 462 1222 510
track-signal-front 0.0408 1022 516 1036 548
track-signal-front 0.0212 1155 430 1234 472
track-signal-front 0.0205 702 497 717 518
track-signal-front 0.0202 1022 528 1034 553
track-signal-front 0.0181 945 489 962 509
track-signal-front 0.0158 1022 507 1036 536
track-signal-front 0.0115 705 490 731 521
track-signal-front 0.0113 540 512 566 540
track-signal-front 0.0098 394 489 421 527
track-signal-front 0.0071 543 483 567 537
track-signal-front 0.0054 707 489 720 513
track-signal-front 0.0046 532 464 561 513
track-signal-front 0.0043 946 493 975 536
track-signal-front 0.0039 694 490 725 545
track-signal-front 0.0036 950 486 976 509
track-signal-front 0.0033 653 516 672 548
track-signal-front 0.0023 654 512 671 534
track-signal-front 0.0021 530 485 568 568
track-signal-front 0.0017 506 459 559 520
track-signal-front 0.0017 675 501 700 527
track-signal-front 0.0016 506 463 541 492
track-signal-front 0.0014 1137 413 1203 509
track-signal-front 0.0014 654 501 696 553
track-signal-front 0.0013 1196 435 1236 470
track-signal-front 0.0012 894 473 917 589
track-signal-back 0.0914 1146 416 1210 471
track-signal-back 0.0331 1161 460 1228 512
track-signal-back 0.0055 1026 505 1040 535
track-signal-back 0.0038 393 454 420 508
track-signal-back 0.0019 1144 392 1211 507
pole 0.3944 1161 517 1233 996
pole 0.3938 1127 426 1250 1007
pole 0.2739 747 379 772 615
pole 0.0837 785 428 808 601
pole 0.0478 763 426 803 610
pole 0.0424 525 550 543 647
pole 0.0274 893 475 905 595
pole 0.0258 813 463 836 593
pole 0.0126 780 473 816 607
pole 0.0123 519 542 564 645
pole 0.0091 827 477 841 589
pole 0.0077 735 381 790 631
pole 0.0058 519 465 554 686
pole 0.0056 1170 419 1240 834
pole 0.0055 748 435 789 583
pole 0.0049 1172 553 1219 889
pole 0.0048 751 418 771 565
pole 0.0045 1033 422 1256 907
pole 0.0037 706 451 734 564
pole 0.0037 802 439 829 590
pole 0.0032 742 487 775 608
pole 0.0031 755 356 775 581
pole 0.0028 753 529 806 612
pole 0.0027 871 490 903 600
pole 0.0024 897 498 935 610
pole 0.0020 1142 521 1178 686
pole 0.0020 1167 513 1211 708
pole 0.0020 745 444 810 640
pole 0.0019 1179 549 1302 878
pole 0.0019 796 537 846 600
pole 0.0019 775 539 822 610
pole 0.0018 1138 555 1204 835
pole 0.0016 637 531 677 634
pole 0.0016 720 464 758 598
pole 0.0015 935 427 1455 1007
pole 0.0013 771 387 818 605
pole 0.0013 648 513 676 580
pole 0.0012 1113 565 1379 943
pole 0.0012 894 463 917 596
pole 0.0010 1129 356 1232 777
pole 0.0010 927 493 971 601
pole 0.0010 1074 533 1225 990
pole 0.0010 696 496 724 544
pole 0.0010 729 354 769 610
rail-occluder 0.1727 908 588 922 605
rail-occluder 0.0574 509 584 566 705
rail-occluder 0.0454 493 567 591 715
rail-occluder 0.0255 519 551 548 694
rail-occluder 0.0212 908 594 923 616
rail-occluder 0.0127 519 591 600 695
rail-occluder 0.0105 912 585 942 611
rail-occluder 0.0030 1228 875 1274 961
rail-occluder 0.0027 438 618 590 729
rail-occluder 0.0022 988 583 1007 616
rail-occluder 0.0020 1105 616 1119 648
rail-occluder 0.0013 691 612 720 663
rail-occluder 0.0012 351 594 603 721
rail-occluder 0.0010 916 595 967 633
rail-occluder 0.0010 898 591 938 624
rail-occluder 0.0010 452 607 537 681
