guard-rail 0.0124 987 726 1011 872
guard-rail 0.0108 1401 683 1712 787
guard-rail 0.0048 994 738 1022 883
guard-rail 0.0043 1517 700 1762 789
guard-rail 0.0037 998 712 1028 844
guard-rail 0.0036 980 570 1011 691
guard-rail 0.0035 979 568 1016 603
guard-rail 0.0025 986 597 1033 1009
guard-rail 0.0024 1000 703 1025 787
guard-rail 0.0022 1545 726 1786 810
guard-rail 0.0021 976 736 999 855
guard-rail 0.0021 990 706 1012 785
guard-rail 0.0021 990 579 1036 731
guard-rail 0.0015 999 644 1035 802
guard-rail 0.0014 980 586 1020 751
guard-rail 0.0013 957 569 987 599
guard-rail 0.0011 996 573 1041 599
rail 0.9466 984 565 1381 1072
rail 0.9367 696 565 1035 1072
rail 0.9141 1006 564 1699 803
rail 0.5250 0 565 911 807
rail 0.0340 0 624 516 817
rail 0.0203 1478 698 1880 806
rail 0.0197 -5 592 737 727
rail 0.0164 2 669 352 842
rail 0.0144 1171 621 1898 799
rail 0.0139 965 564 1012 585
rail 0.0094 19 642 679 905
rail 0.0079 11 612 231 797
rail 0.0074 1327 669 1680 791
rail 0.0061 956 559 999 589
rail 0.0055 38 565 368 750
rail 0.0054 1578 730 1833 827
rail 0.0038 1133 558 1948 706
rail 0.0033 1569 665 1907 789
rail 0.0029 1264 606 1594 755
rail 0.0029 2 545 117 794
rail 0.0023 971 549 1016 585
rail 0.0021 1505 685 1780 779
rail 0.0020 2 641 168 841
rail 0.0019 8 703 439 905
rail 0.0018 1460 606 1941 737
rail 0.0018 11 722 257 864
rail 0.0017 445 588 931 886
rail 0.0015 940 554 982 588
rail 0.0015 1029 615 1512 927
rail 0.0013 769 788 1022 888
rail 0.0012 827 568 1153 1043
rail 0.0010 1277 630 1460 760
rail 0.0010 1077 553 1656 635
switch-indicator 0.0012 1532 562 1549 584
switch-unknown 0.0146 958 563 997 584
switch-unknown 0.0094 989 563 1032 588
switch-static 0.0681 1227 791 1307 824
switch-static 0.0061 1096 654 1381 967
switch-static 0.0057 1207 789 1280 822
switch-static 0.0016 761 735 796 758
track-sign-front 0.0283 1416 632 1438 658
track-sign-front 0.0031 1219 573 1255 590
track-sign-front 0.0020 217 640 259 665
track-sign-front 0.0016 1341 569 1353 600
track-sign-front 0.0012 1198 533 1220 562
track-sign-front 0.0010 1202 566 1247 590
track-signal-back 0.1471 1056 518 1070 550
track-signal-back 0.0188 1061 517 1077 545
track-signal-back 0.0049 744 545 762 576
track-signal-back 0.0014 745 534 762 560
fence 0.1527 0 573 930 893
pole 0.4009 183 542 202 747
pole 0.3657 123 536 142 723
pole 0.1598 410 10 531 950
pole 0.0928 599 523 619 699
pole 0.0898 187 599 199 739
pole 0.0492 912 485 922 592
pole 0.0430 175 543 210 762
pole 0.0354 127 579 140 718
pole 0.0306 117 517 169 735
pole 0.0260 113 519 146 771
pole 0.0234 1134 464 1147 597
pole 0.0194 1055 517 1070 565
pole 0.0131 122 580 136 713
pole 0.0119 116 514 136 702
pole 0.0101 1034 512 1075 581
pole 0.0095 906 492 925 599
pole 0.0076 188 660 200 758
pole 0.0070 124 586 147 746
pole 0.0064 13 466 96 786
pole 0.0062 186 632 202 787
pole 0.0056 57 559 349 758
pole 0.0050 1192 435 1222 581
pole 0.0047 588 521 628 702
pole 0.0042 182 538 196 684
pole 0.0042 86 537 169 774
pole 0.0034 929 485 955 591
pole 0.0032 159 527 235 746
pole 0.0032 603 570 616 699
pole 0.0031 87 505 903 803
pole 0.0030 133 605 257 761
pole 0.0029 213 617 258 689
pole 0.0028 19 493 60 758
pole 0.0027 60 589 214 749
pole 0.0026 1164 430 1222 594
pole 0.0026 1013 485 1038 584
pole 0.0024 38 493 80 719
pole 0.0024 190 509 244 754
pole 0.0024 425 11 633 1008
pole 0.0023 1 594 132 808
pole 0.0020 408 122 485 813
pole 0.0019 605 524 625 680
pole 0.0016 187 612 244 723
pole 0.0015 421 333 475 903
pole 0.0015 156 480 201 706
pole 0.0015 994 515 1040 586
pole 0.0015 180 454 210 719
pole 0.0014 1132 446 1159 597
pole 0.0013 1057 517 1087 576
pole 0.0013 1 566 67 784
pole 0.0011 -1 532 30 770
pole 0.0011 747 546 762 656
pole 0.0010 6 350 65 786
pole 0.0010 1137 504 1154 591
rail-occluder 0.0534 1412 631 1434 703
rail-occluder 0.0240 1407 626 1432 754
rail-occluder 0.0107 1415 632 1435 670
rail-occluder 0.0058 229 642 261 670
rail-occluder 0.0034 1050 548 1067 586
rail-occluder 0.0025 1412 628 1450 717
rail-occluder 0.0018 1014 551 1069 596
rail-occluder 0.0010 2 601 80 792
rail-occluder 0.0010 1414 612 1442 688
