guard-rail 0.6111 592 572 776 1073
guard-rail 0.5812 474 561 901 1077
guard-rail 0.0022 460 567 781 893
guard-rail 0.0017 646 630 888 1067
guard-rail 0.0012 599 600 767 806
rail 0.9403 433 534 928 1079
rail 0.0021 1477 615 1913 1070
rail 0.0019 1623 316 1920 1064
rail 0.0017 1778 243 1919 1074
rail 0.0016 451 559 694 1052
rail 0.0012 1760 649 1918 1070
track-sign-front 0.0439 506 454 518 472
track-sign-front 0.0366 767 319 787 339
track-sign-front 0.0075 635 544 646 566
track-sign-front 0.0049 756 462 783 484
track-sign-front 0.0034 510 452 527 472
track-sign-front 0.0026 770 317 795 344
track-sign-front 0.0022 497 455 520 482
track-sign-front 0.0015 633 524 648 566
track-sign-front 0.0012 507 439 521 466
pole 0.0013 419 461 464 555
rail-occluder 0.0510 466 556 490 583
rail-occluder 0.0259 445 553 493 582
rail-occluder 0.0050 431 549 480 589
rail-occluder 0.0020 449 561 492 612
rail-occluder 0.0019 469 565 495 603
rail-occluder 0.0016 416 535 504 588
rail-occluder 0.0010 467 558 531 590
rail-occluder 0.0010 414 475 472 570
