crossing 0.0497 1110 414 1159 428
crossing 0.0449 1136 412 1187 428
crossing 0.0198 1154 415 1214 430
crossing 0.0149 1197 414 1231 432
crossing 0.0120 1143 391 1219 429
crossing 0.0073 1200 415 1248 437
crossing 0.0067 1135 404 1196 426
crossing 0.0044 1103 413 1150 436
crossing 0.0038 1189 395 1236 432
crossing 0.0016 1111 408 1176 433
guard-rail 0.0021 1192 417 1236 488
guard-rail 0.0013 1220 423 1293 480
platform 0.0068 1140 385 1234 412
platform 0.0017 1172 372 1240 413
rail 0.9588 1204 401 1903 1078
rail 0.9426 692 403 1197 1077
rail 0.7730 1205 420 1457 1070
rail 0.3833 1109 413 1196 1079
rail 0.0943 -7 703 813 1072
rail 0.0110 882 400 1182 731
rail 0.0070 1119 391 1189 659
rail 0.0055 1014 390 1201 661
rail 0.0049 1133 402 1198 429
rail 0.0045 -7 526 1190 1071
rail 0.0040 1118 390 1264 617
rail 0.0040 1189 396 1272 482
rail 0.0038 1142 391 1221 423
rail 0.0038 1137 439 1245 1070
rail 0.0035 1007 421 1415 1080
rail 0.0035 1149 408 1222 437
rail 0.0034 1200 408 1253 447
rail 0.0034 1194 407 1235 440
rail 0.0027 1190 397 1321 553
rail 0.0020 1192 412 1239 501
rail 0.0020 1188 392 1235 429
rail 0.0017 1067 436 1150 1074
rail 0.0017 1112 390 1240 456
rail 0.0016 1186 391 1254 606
rail 0.0015 1130 397 1231 528
rail 0.0015 1147 390 1287 498
rail 0.0014 1153 546 1610 1082
rail 0.0013 1088 416 1161 682
rail 0.0013 1026 387 1209 500
rail 0.0012 1214 411 1285 457
rail 0.0011 1179 385 1419 828
rail 0.0011 1085 396 1195 463
rail 0.0010 1216 417 1291 492
rail 0.0010 1039 418 1123 490
rail 0.0010 1127 380 1241 424
switch-indicator 0.0047 734 583 759 674
switch-indicator 0.0032 1679 624 1717 732
switch-indicator 0.0017 1738 652 1775 736
switch-indicator 0.0010 722 586 766 697
track-sign-front 0.0133 1133 371 1145 385
track-sign-front 0.0045 1132 368 1151 388
track-sign-front 0.0019 1201 395 1245 429
track-sign-front 0.0018 1127 373 1200 413
track-sign-front 0.0016 1072 368 1091 398
