guard-rail 0.0038 14 687 333 895
platform 0.8584 4 581 869 858
platform 0.4367 986 593 1709 887
platform 0.0099 427 590 884 666
platform 0.0086 342 613 831 725
platform 0.0052 0 607 526 812
platform 0.0033 553 594 864 648
platform 0.0025 453 643 708 732
platform 0.0020 562 639 627 701
platform 0.0020 237 585 876 758
platform 0.0011 610 583 889 628
platform 0.0011 503 611 814 676
rail 0.9356 690 574 1052 1072
rail 0.0326 941 578 977 593
rail 0.0319 927 570 979 591
rail 0.0274 951 572 984 593
rail 0.0112 4 617 357 773
rail 0.0099 6 585 655 745
rail 0.0080 -2 649 341 877
rail 0.0036 1250 585 1887 739
rail 0.0035 1589 639 1895 719
rail 0.0034 953 577 1017 599
rail 0.0032 954 566 1012 593
rail 0.0028 894 567 970 591
rail 0.0026 848 572 947 601
rail 0.0020 -12 594 336 711
rail 0.0018 825 575 920 608
rail 0.0014 1606 669 1864 755
rail 0.0012 917 560 992 605
rail 0.0011 1522 635 1913 761
rail 0.0011 839 565 916 599
rail 0.0011 1374 579 1927 684
rail 0.0011 1585 610 1901 695
switch-right 0.0464 952 578 980 593
track-sign-front 0.2616 578 672 613 697
track-sign-front 0.0058 1094 558 1107 575
track-sign-front 0.0056 266 609 283 626
track-sign-front 0.0035 1098 556 1110 573
track-sign-front 0.0029 987 548 1043 595
track-sign-front 0.0017 646 556 662 592
track-sign-front 0.0017 259 610 281 630
track-sign-front 0.0015 1036 584 1068 617
track-sign-front 0.0012 1017 548 1060 607
track-sign-front 0.0011 1577 637 1599 723
track-sign-front 0.0011 568 657 617 719
track-signal-front 0.3002 999 503 1016 544
track-signal-front 0.0770 646 512 664 549
track-signal-front 0.0216 993 513 1016 566
track-signal-front 0.0102 955 543 985 581
track-signal-front 0.0097 871 520 889 553
track-signal-front 0.0036 955 528 974 557
track-signal-front 0.0017 1006 495 1048 563
track-signal-front 0.0015 923 530 980 590
track-signal-front 0.0013 944 519 969 560
track-signal-front 0.0012 1019 533 1055 578
track-signal-back 0.1900 999 499 1017 544
track-signal-back 0.0371 874 518 888 540
track-signal-back 0.0061 999 515 1018 561
track-signal-back 0.0015 649 515 674 548
fence 0.0140 0 598 466 803
pole 0.0065 115 454 135 701
pole 0.0040 120 547 133 672
pole 0.0032 1021 401 1043 616
pole 0.0027 -2 -3 57 761
pole 0.0026 905 519 931 595
pole 0.0022 -2 89 119 849
pole 0.0010 108 541 139 702
pole 0.0010 44 506 198 731
rail-occluder 0.0016 849 577 894 603
rail-occluder 0.0016 33 628 349 776
rail-occluder 0.0011 1576 633 1600 727
