rail 0.9559 1004 554 1305 1075
rail 0.9425 310 560 1050 1076
rail 0.0307 1277 506 1923 551
rail 0.0064 1229 496 1919 590
rail 0.0057 1479 639 1918 879
rail 0.0040 1699 706 1919 921
rail 0.0026 1198 513 1742 572
rail 0.0014 1230 586 1927 845
rail 0.0012 1401 512 1738 541
rail 0.0012 1473 509 1945 577
rail 0.0011 1600 681 1915 1011
track-sign-front 0.0123 704 592 730 618
track-sign-front 0.0050 1089 324 1117 357
track-sign-front 0.0012 701 571 722 615
track-sign-front 0.0011 709 593 740 633
track-sign-front 0.0011 1096 480 1132 595
track-signal-back 0.1370 1006 438 1028 474
track-signal-back 0.1111 1011 462 1031 506
track-signal-back 0.0754 1079 462 1095 495
track-signal-back 0.0392 1015 482 1031 511
track-signal-back 0.0104 1007 454 1027 500
track-signal-back 0.0036 1086 448 1111 538
track-signal-back 0.0015 999 435 1024 460
pole 0.1180 1101 434 1127 596
pole 0.0983 1584 340 1606 544
pole 0.0184 1344 407 1360 541
pole 0.0108 1084 442 1116 565
pole 0.0105 1017 464 1034 583
pole 0.0058 1107 440 1138 581
pole 0.0057 1244 383 1284 576
pole 0.0052 1590 395 1609 553
pole 0.0046 1022 463 1049 586
pole 0.0042 1008 449 1034 520
pole 0.0033 1088 430 1143 600
pole 0.0031 1594 492 1607 537
pole 0.0029 1026 505 1054 586
pole 0.0026 1561 348 1628 549
pole 0.0024 1336 396 1368 542
pole 0.0022 1316 388 1364 560
pole 0.0020 1236 131 1288 622
pole 0.0017 1108 416 1167 616
pole 0.0014 1086 496 1113 588
pole 0.0014 1586 359 1602 487
pole 0.0013 1506 366 1668 554
pole 0.0011 956 524 972 585
pole 0.0011 1045 466 1086 581
rail-occluder 0.0081 1725 512 1804 566
rail-occluder 0.0045 1595 502 1606 539
rail-occluder 0.0014 1595 501 1617 540
rail-occluder 0.0010 1705 454 1866 579
