crossing 0.0017 906 600 939 624
guard-rail 0.0070 905 653 970 705
guard-rail 0.0055 915 665 996 719
guard-rail 0.0025 848 593 891 625
guard-rail 0.0024 829 598 875 638
guard-rail 0.0024 910 603 943 628
guard-rail 0.0018 954 704 1011 774
guard-rail 0.0016 927 633 972 674
guard-rail 0.0015 879 592 922 621
guard-rail 0.0010 917 601 955 646
guard-rail 0.0010 882 597 923 637
rail 0.9679 168 582 899 1078
rail 0.8533 818 571 1151 1078
rail 0.1809 894 693 1107 1078
rail 0.0221 885 696 1015 830
rail 0.0043 834 604 1001 1077
rail 0.0035 873 702 935 1076
rail 0.0025 888 603 1177 886
rail 0.0018 967 734 1073 1073
rail 0.0014 861 583 1045 902
rail 0.0011 713 529 1130 911
rail 0.0010 796 668 945 1071
switch-left 0.3059 895 704 1002 771
switch-left 0.0729 896 680 996 749
switch-left 0.0376 899 663 982 721
switch-left 0.0019 859 628 1027 839
switch-right 0.2897 893 709 1003 774
switch-right 0.1157 898 666 989 727
switch-right 0.0197 893 697 989 751
switch-right 0.0090 905 655 970 705
switch-static 0.3237 978 658 1029 686
switch-static 0.2444 992 697 1057 736
switch-static 0.1674 983 681 1046 729
switch-static 0.0247 958 658 1035 705
switch-static 0.0240 1006 706 1073 743
switch-static 0.0196 855 670 901 696
switch-static 0.0161 162 892 255 949
switch-static 0.0147 992 693 1086 747
switch-static 0.0114 953 648 1011 696
switch-static 0.0087 996 656 1051 684
switch-static 0.0075 118 901 254 976
switch-static 0.0061 856 693 901 724
switch-static 0.0045 946 644 990 671
switch-static 0.0041 1008 710 1109 749
switch-static 0.0031 865 655 914 696
switch-static 0.0028 85 928 182 995
switch-static 0.0026 846 673 890 707
switch-static 0.0020 877 674 966 727
switch-static 0.0017 859 661 914 721
switch-static 0.0014 967 667 1102 762
switch-static 0.0011 610 692 649 714
switch-static 0.0010 1019 628 1052 689
track-sign-front 0.9113 1558 624 1631 750
track-sign-front 0.4523 1028 580 1045 600
track-sign-front 0.0691 698 590 715 609
track-sign-front 0.0351 702 585 728 605
track-sign-front 0.0203 1023 579 1050 604
track-sign-front 0.0114 694 592 712 629
track-sign-front 0.0112 1077 626 1096 660
track-sign-front 0.0094 1029 581 1062 606
track-sign-front 0.0090 733 569 745 599
track-sign-front 0.0084 1028 585 1043 631
track-sign-front 0.0034 692 589 721 613
track-sign-front 0.0020 818 537 834 566
track-sign-front 0.0019 988 558 1010 592
track-sign-front 0.0015 691 600 710 646
track-sign-front 0.0010 986 559 1014 619
track-signal-front 0.6102 1023 485 1053 517
track-signal-front 0.3124 993 498 1007 538
track-signal-front 0.0248 986 497 1015 538
track-signal-front 0.0105 1012 451 1031 491
track-signal-front 0.0080 1012 460 1053 528
track-signal-front 0.0012 1013 432 1031 461
track-signal-back 0.6259 725 489 744 533
track-signal-back 0.2789 993 503 1008 538
track-signal-back 0.0099 979 496 1001 540
track-signal-back 0.0043 860 508 870 537
track-signal-back 0.0040 987 496 1015 541
track-signal-back 0.0029 861 504 873 525
track-signal-back 0.0028 731 528 745 582
track-signal-back 0.0024 989 502 1013 571
track-signal-back 0.0023 819 494 829 520
track-signal-back 0.0022 1020 531 1044 577
track-signal-back 0.0019 841 496 867 523
track-signal-back 0.0019 722 495 751 556
track-signal-back 0.0014 817 494 832 551
track-signal-back 0.0011 726 491 771 544
