rail 0.9089 480 706 876 1075
rail 0.0015 656 749 884 1065
track-sign-front 0.0447 966 520 989 546
track-sign-front 0.0128 822 707 842 731
track-sign-front 0.0081 823 702 853 733
track-sign-front 0.0060 825 715 844 758
track-sign-front 0.0056 828 668 859 712
track-sign-front 0.0048 868 699 889 742
track-sign-front 0.0046 860 721 888 765
track-sign-front 0.0044 961 776 977 825
track-sign-front 0.0044 858 679 885 714
track-sign-front 0.0041 855 745 883 786
track-sign-front 0.0040 831 739 870 782
track-sign-front 0.0035 822 720 866 770
track-sign-front 0.0034 960 791 975 835
track-sign-front 0.0034 874 729 905 761
track-sign-front 0.0033 976 688 998 711
track-sign-front 0.0022 821 737 844 783
track-sign-front 0.0021 699 659 723 714
track-sign-front 0.0020 861 760 882 806
track-sign-front 0.0019 1859 791 1921 983
track-sign-front 0.0019 873 741 907 777
track-sign-front 0.0016 872 710 899 753
track-sign-front 0.0015 961 743 983 802
track-sign-front 0.0014 855 658 886 705
track-sign-front 0.0013 896 731 938 761
track-sign-front 0.0013 744 700 768 734
track-sign-front 0.0012 707 658 740 711
track-sign-front 0.0012 790 705 834 733
track-sign-front 0.0012 872 672 892 715
track-sign-front 0.0010 548 839 571 862
track-sign-front 0.0010 508 638 548 715
track-signal-front 0.0047 711 657 735 689
track-signal-front 0.0029 701 653 729 697
track-signal-front 0.0011 690 613 723 684
track-signal-back 0.0078 818 666 847 717
track-signal-back 0.0067 828 657 864 695
track-signal-back 0.0056 817 660 848 695
track-signal-back 0.0022 830 670 858 710
track-signal-back 0.0013 840 645 862 671
person 0.0020 1235 763 1350 1022
pole 0.0512 474 578 498 768
pole 0.0403 480 529 515 835
pole 0.0250 497 649 529 827
pole 0.0249 503 398 585 922
pole 0.0209 452 605 493 742
pole 0.0188 506 656 536 777
pole 0.0161 337 395 370 846
pole 0.0141 474 338 550 915
pole 0.0134 437 617 459 739
pole 0.0124 478 487 504 776
pole 0.0090 498 611 547 874
pole 0.0059 464 414 512 838
pole 0.0053 491 666 519 860
pole 0.0053 497 617 537 757
pole 0.0039 524 309 608 1019
pole 0.0035 866 395 903 900
pole 0.0034 486 475 525 777
pole 0.0028 537 397 594 844
pole 0.0023 336 386 418 855
pole 0.0023 498 636 600 964
pole 0.0022 412 401 611 1003
pole 0.0022 443 365 529 889
pole 0.0021 483 352 663 1034
pole 0.0020 699 409 739 819
pole 0.0020 523 482 557 768
pole 0.0019 537 591 602 930
pole 0.0019 682 456 729 858
pole 0.0018 305 401 376 897
pole 0.0017 692 184 763 953
pole 0.0015 511 606 547 753
pole 0.0015 400 613 449 734
pole 0.0014 1792 263 1909 1042
pole 0.0014 876 386 919 834
pole 0.0014 498 677 549 801
pole 0.0013 543 549 591 802
pole 0.0013 463 191 599 867
pole 0.0013 426 617 474 743
pole 0.0011 440 531 464 735
pole 0.0011 513 248 576 805
pole 0.0010 626 429 674 901
pole 0.0010 475 574 504 693
pole 0.0010 663 272 744 966
rail-occluder 0.1215 502 659 532 776
rail-occluder 0.1050 496 643 535 825
rail-occluder 0.0253 469 652 518 777
rail-occluder 0.0235 467 629 497 767
rail-occluder 0.0224 438 668 493 778
rail-occluder 0.0209 446 625 489 757
rail-occluder 0.0179 426 609 503 816
rail-occluder 0.0105 430 636 466 753
rail-occluder 0.0090 494 587 551 847
rail-occluder 0.0083 457 563 501 790
rail-occluder 0.0060 423 673 476 762
rail-occluder 0.0043 390 652 479 775
rail-occluder 0.0034 360 518 534 922
rail-occluder 0.0031 376 656 519 834
rail-occluder 0.0022 397 644 452 750
rail-occluder 0.0022 486 669 522 860
rail-occluder 0.0021 427 491 516 861
rail-occluder 0.0014 403 592 606 938
rail-occluder 0.0012 428 686 513 882
rail-occluder 0.0011 371 662 433 742
