crossing 0.8152 868 715 1090 818
crossing 0.7608 1639 687 1912 817
crossing 0.0455 792 508 1156 1004
crossing 0.0395 1572 552 1925 962
crossing 0.0143 867 613 1106 870
crossing 0.0116 1778 695 1919 798
crossing 0.0035 1621 692 1787 812
crossing 0.0025 894 717 1010 810
crossing 0.0023 1740 711 1920 837
crossing 0.0021 874 783 1063 833
crossing 0.0017 1552 676 1857 795
crossing 0.0015 1222 352 1277 395
crossing 0.0014 1422 641 1857 860
crossing 0.0014 1839 699 1922 791
crossing 0.0013 1699 617 1929 848
crossing 0.0012 1662 688 1829 789
guard-rail 0.0122 851 346 910 372
guard-rail 0.0118 852 361 892 381
guard-rail 0.0078 391 537 599 621
guard-rail 0.0067 820 346 895 376
guard-rail 0.0035 399 543 551 597
guard-rail 0.0033 265 542 551 674
guard-rail 0.0030 333 562 552 629
guard-rail 0.0025 865 354 911 384
guard-rail 0.0019 801 360 849 381
guard-rail 0.0017 773 361 831 383
guard-rail 0.0013 5 633 333 874
guard-rail 0.0013 140 517 635 798
guard-rail 0.0013 761 360 801 381
guard-rail 0.0011 1772 386 1854 467
guard-rail 0.0010 116 596 423 826
guard-rail 0.0010 1 679 235 927
train-car 0.8727 1250 226 1382 389
train-car 0.7767 1372 235 1519 327
train-car 0.4702 39 291 609 401
train-car 0.4503 1089 250 1191 288
train-car 0.2516 9 306 697 458
train-car 0.2120 1417 255 1773 357
train-car 0.2045 1137 249 1217 283
train-car 0.0589 1165 251 1251 281
train-car 0.0363 1219 230 1299 373
train-car 0.0325 1001 248 1200 295
train-car 0.0297 1443 286 1557 361
train-car 0.0290 1211 239 1250 295
train-car 0.0268 1216 232 1262 330
train-car 0.0254 1382 270 1589 360
train-car 0.0221 1040 254 1169 290
train-car 0.0205 1173 243 1274 304
train-car 0.0185 1463 299 1524 359
train-car 0.0165 1195 253 1243 295
train-car 0.0165 968 261 1166 303
train-car 0.0164 1340 221 1566 375
train-car 0.0147 1159 240 1209 278
train-car 0.0145 1486 278 1539 354
train-car 0.0140 1353 260 1499 344
train-car 0.0131 1410 239 1567 338
train-car 0.0125 203 301 501 398
train-car 0.0104 1479 303 1508 359
train-car 0.0071 1055 258 1199 311
train-car 0.0070 1011 256 1114 290
train-car 0.0068 1164 191 1580 434
train-car 0.0066 1381 280 1467 326
train-car 0.0045 1221 275 1279 382
train-car 0.0041 1261 219 1484 391
train-car 0.0039 1475 250 1556 328
train-car 0.0035 1080 232 1164 289
train-car 0.0033 1397 264 1434 327
train-car 0.0030 1097 252 1233 319
train-car 0.0029 1156 217 1295 360
train-car 0.0028 716 272 800 311
train-car 0.0028 957 273 1194 332
train-car 0.0028 247 281 305 406
train-car 0.0026 733 265 829 326
train-car 0.0020 688 279 822 321
train-car 0.0020 764 237 800 348
train-car 0.0019 1249 65 1717 467
train-car 0.0019 9 182 631 530
train-car 0.0018 68 174 506 426
train-car 0.0018 892 218 1152 330
train-car 0.0018 937 199 982 375
train-car 0.0017 1319 267 1431 398
train-car 0.0017 1503 288 1580 332
train-car 0.0017 1144 232 1283 287
train-car 0.0017 1393 151 1776 411
train-car 0.0016 0 316 455 432
train-car 0.0016 1555 250 1680 353
train-car 0.0015 770 267 814 354
train-car 0.0015 1257 215 1377 318
train-car 0.0015 990 224 1194 276
train-car 0.0014 1549 266 1645 334
train-car 0.0012 178 300 367 430
train-car 0.0011 974 213 1186 310
train-car 0.0011 756 268 1014 327
train-car 0.0011 943 200 1253 376
train-car 0.0010 1506 251 1581 324
train-car 0.0010 1477 241 1713 319
train-car 0.0010 1252 218 1331 346
platform 0.2340 1372 311 1904 465
platform 0.1053 1399 254 1774 367
platform 0.0399 1357 284 1735 420
platform 0.0173 1350 257 1929 592
platform 0.0158 1458 297 1547 363
platform 0.0142 1218 263 1265 353
platform 0.0124 1481 302 1527 358
platform 0.0124 1371 294 1579 418
platform 0.0110 1372 324 1669 478
platform 0.0093 1219 344 1264 385
platform 0.0078 1216 318 1283 389
platform 0.0070 1421 302 1580 381
platform 0.0045 1214 278 1242 336
platform 0.0040 1218 251 1282 385
platform 0.0032 1358 280 1503 361
platform 0.0014 1384 293 1436 357
platform 0.0012 1388 295 1471 346
rail 0.9289 749 285 1217 1085
rail 0.8968 1300 379 1919 1032
rail 0.7820 -5 306 1063 869
rail 0.7291 0 313 995 577
rail 0.4745 1454 308 1927 429
rail 0.3460 0 543 565 863
rail 0.2751 1398 330 1841 475
rail 0.2256 2 361 725 533
rail 0.1622 1417 317 1902 590
rail 0.1571 1411 263 1797 372
rail 0.1507 1669 330 1919 429
rail 0.1492 1421 385 1897 511
rail 0.1302 1716 357 1921 464
rail 0.0816 1754 351 1918 422
rail 0.0764 1754 334 1918 390
rail 0.0722 4 408 536 518
rail 0.0614 1796 385 1920 460
rail 0.0584 0 451 689 768
rail 0.0488 4 436 383 541
rail 0.0399 1789 317 1917 362
rail 0.0351 1556 322 1934 389
rail 0.0340 1468 315 1773 403
rail 0.0242 2 424 262 498
rail 0.0230 1647 342 1919 537
rail 0.0209 1456 358 1780 456
rail 0.0193 1521 349 1811 427
rail 0.0186 1767 391 1916 502
rail 0.0168 857 317 987 356
rail 0.0152 5 411 303 469
rail 0.0151 6 339 158 512
rail 0.0147 961 280 1172 330
rail 0.0142 13 402 690 627
rail 0.0136 1696 319 1937 375
rail 0.0119 854 329 947 360
rail 0.0118 841 689 1134 802
rail 0.0100 1449 235 1941 383
rail 0.0097 1485 308 1836 367
rail 0.0095 769 297 1106 364
rail 0.0091 0 464 344 583
rail 0.0082 1825 331 1919 384
rail 0.0078 1617 285 1912 399
rail 0.0068 1825 355 1918 407
rail 0.0060 762 322 945 360
rail 0.0059 1811 379 1914 433
rail 0.0058 1818 407 1921 490
rail 0.0057 12 475 74 567
rail 0.0052 19 343 111 580
rail 0.0052 1806 310 1916 342
rail 0.0049 732 287 1137 399
rail 0.0046 1 586 494 1063
rail 0.0045 1618 351 1858 461
rail 0.0045 1772 416 1921 559
rail 0.0044 886 277 1186 350
rail 0.0039 837 307 1020 348
rail 0.0038 219 302 1125 475
rail 0.0038 0 598 355 925
rail 0.0037 434 321 952 416
rail 0.0036 0 455 438 650
rail 0.0034 1421 291 1657 359
rail 0.0032 788 313 997 385
rail 0.0031 1872 306 1920 361
rail 0.0030 1596 405 1911 581
rail 0.0028 1836 297 1921 337
rail 0.0028 -4 445 214 516
rail 0.0027 989 287 1238 1091
rail 0.0025 923 311 976 352
rail 0.0023 1498 290 1822 348
rail 0.0023 2 671 263 1066
rail 0.0023 1429 407 1929 700
rail 0.0023 1875 328 1920 383
rail 0.0022 62 397 395 461
rail 0.0021 22 445 132 535
rail 0.0021 1746 985 1928 1074
rail 0.0020 894 284 1008 364
rail 0.0019 1371 319 1589 492
rail 0.0018 14 423 71 547
rail 0.0018 1686 352 1842 418
rail 0.0018 4 393 253 451
rail 0.0017 557 298 1069 435
rail 0.0017 24 409 129 492
rail 0.0017 205 436 294 472
rail 0.0017 18 481 179 558
rail 0.0016 6 482 128 589
rail 0.0015 773 492 1224 900
rail 0.0015 562 288 936 362
rail 0.0014 1582 352 1709 419
rail 0.0014 1871 401 1918 457
rail 0.0014 233 403 476 498
rail 0.0014 1564 326 1721 394
rail 0.0013 1878 356 1919 408
rail 0.0013 1752 259 1926 478
rail 0.0013 1658 358 1777 418
rail 0.0012 1704 913 1918 1072
rail 0.0012 733 296 943 361
rail 0.0012 0 471 25 534
rail 0.0012 889 307 968 347
rail 0.0012 766 337 887 371
rail 0.0012 1876 383 1919 439
rail 0.0012 728 345 887 379
rail 0.0012 983 290 1206 360
rail 0.0012 48 414 206 463
rail 0.0011 0 748 151 1054
rail 0.0011 149 424 366 506
rail 0.0011 683 272 1179 467
rail 0.0011 1723 327 1850 396
rail 0.0011 36 425 173 479
rail 0.0011 554 313 835 378
rail 0.0011 1767 395 1930 676
rail 0.0011 316 349 783 457
rail 0.0011 414 483 659 635
rail 0.0010 598 318 712 354
rail 0.0010 -1 432 35 534
rail 0.0010 3 518 71 569
rail 0.0010 402 438 765 671
switch-indicator 0.0488 884 431 911 453
switch-indicator 0.0069 469 432 497 459
switch-left 0.0135 400 529 595 599
switch-left 0.0046 457 525 609 576
switch-left 0.0019 457 495 650 584
switch-left 0.0014 359 511 577 629
switch-right 0.0112 403 530 592 603
switch-right 0.0013 458 504 643 578
switch-unknown 0.0211 883 323 957 352
switch-unknown 0.0161 867 331 934 358
switch-unknown 0.0154 861 341 923 363
switch-unknown 0.0151 930 318 972 349
switch-unknown 0.0047 849 344 913 373
switch-unknown 0.0031 897 305 955 342
switch-unknown 0.0027 815 346 898 375
switch-unknown 0.0015 807 328 896 356
switch-static 0.4591 651 515 720 546
switch-static 0.2724 694 509 771 539
switch-static 0.0370 728 509 798 538
switch-static 0.0144 648 506 735 558
switch-static 0.0054 676 503 786 548
switch-static 0.0051 466 433 499 459
switch-static 0.0027 879 429 911 453
switch-static 0.0014 717 514 787 548
track-sign-front 0.3692 0 96 34 146
track-sign-front 0.1147 20 390 40 433
track-sign-front 0.0162 649 322 663 347
track-sign-front 0.0125 16 377 48 444
track-sign-front 0.0084 1214 279 1240 336
track-sign-front 0.0063 59 414 84 446
track-sign-front 0.0058 475 341 491 370
track-sign-front 0.0057 8 347 58 445
track-sign-front 0.0052 42 394 86 453
track-sign-front 0.0040 -1 358 33 414
track-sign-front 0.0033 29 262 55 361
track-sign-front 0.0030 30 284 61 401
track-sign-front 0.0027 648 318 680 350
track-sign-front 0.0025 26 314 83 407
track-sign-front 0.0021 891 428 914 448
track-sign-front 0.0019 37 322 106 390
track-sign-front 0.0019 27 418 56 503
track-sign-front 0.0015 -1 326 20 406
track-sign-front 0.0014 1209 299 1242 352
track-sign-front 0.0013 -1 256 25 309
track-sign-front 0.0012 26 402 77 506
track-sign-front 0.0012 -4 239 31 296
track-sign-front 0.0011 47 413 104 478
track-sign-front 0.0011 62 290 97 337
track-sign-front 0.0011 18 239 52 306
track-sign-front 0.0011 -1 186 30 350
track-signal-front 0.6671 0 146 37 255
track-signal-front 0.1643 -2 147 34 193
track-signal-front 0.0020 143 198 180 244
track-signal-front 0.0015 304 244 321 290
track-signal-back 0.4430 1214 197 1229 233
track-signal-back 0.2029 0 93 36 148
track-signal-back 0.1699 1213 212 1229 240
track-signal-back 0.0047 1208 196 1235 237
track-signal-back 0.0022 1227 221 1281 267
track-signal-back 0.0019 1156 218 1180 242
track-signal-back 0.0019 1210 212 1239 247
track-signal-back 0.0018 1082 204 1097 255
track-signal-back 0.0018 1170 215 1191 239
track-signal-back 0.0012 -4 71 44 189
track-signal-back 0.0011 1276 201 1301 240
track-signal-back 0.0011 1224 201 1276 242
track-signal-back 0.0010 1406 206 1429 243
person 0.0364 1492 300 1511 359
person 0.0129 1404 297 1428 327
person 0.0068 1396 283 1440 325
person 0.0014 1402 297 1443 340
person 0.0011 1389 292 1429 353
pole 0.5044 20 187 87 572
pole 0.3013 951 44 965 389
pole 0.1825 1006 126 1033 339
pole 0.1815 946 14 971 412
pole 0.1566 1002 113 1021 337
pole 0.1361 1762 71 1783 403
pole 0.0974 11 230 62 562
pole 0.0515 1023 158 1041 323
pole 0.0466 952 165 973 397
pole 0.0435 257 90 280 401
pole 0.0395 786 256 801 355
pole 0.0274 1457 257 1754 371
pole 0.0251 7 255 119 601
pole 0.0232 30 188 55 497
pole 0.0214 1753 183 1781 426
pole 0.0196 1696 252 1837 445
pole 0.0192 960 313 973 396
pole 0.0174 1739 64 1792 448
pole 0.0134 272 291 281 406
pole 0.0125 2 252 35 521
pole 0.0117 1619 -4 1685 453
pole 0.0110 1017 220 1051 337
pole 0.0102 1005 137 1016 279
pole 0.0097 42 282 93 552
pole 0.0084 953 192 967 336
pole 0.0075 1556 227 1723 383
pole 0.0068 949 258 976 369
pole 0.0067 7 60 73 546
pole 0.0063 992 209 1026 358
pole 0.0055 1727 74 1773 405
pole 0.0054 942 314 975 382
pole 0.0046 998 221 1041 339
pole 0.0046 694 154 709 325
pole 0.0043 1707 133 1739 396
pole 0.0042 935 17 990 417
pole 0.0042 17 348 81 590
pole 0.0035 915 249 1035 388
pole 0.0035 1630 -1 1732 461
pole 0.0035 266 134 292 441
pole 0.0035 935 248 970 394
pole 0.0034 782 289 808 365
pole 0.0034 1 207 22 467
pole 0.0033 29 273 53 406
pole 0.0031 1716 194 1777 426
pole 0.0030 37 302 103 416
pole 0.0030 1739 242 1793 433
pole 0.0029 1465 218 1922 398
pole 0.0026 890 275 1004 379
pole 0.0026 49 372 91 491
pole 0.0025 953 153 963 299
pole 0.0022 1634 185 1775 420
pole 0.0022 27 380 58 542
pole 0.0022 271 347 284 423
pole 0.0019 975 99 1056 372
pole 0.0019 271 304 296 401
pole 0.0015 22 298 58 428
pole 0.0015 950 -1 980 313
pole 0.0015 243 114 292 422
pole 0.0014 1569 266 1618 328
pole 0.0014 261 300 313 403
pole 0.0013 1758 244 1788 386
pole 0.0013 758 247 804 335
pole 0.0012 19 164 49 383
pole 0.0011 30 217 168 459
pole 0.0011 1483 299 1743 589
pole 0.0011 1824 128 1848 362
pole 0.0011 0 278 19 392
pole 0.0011 155 290 399 407
pole 0.0010 925 177 1019 370
pole 0.0010 1681 187 1811 396
pole 0.0010 964 245 1107 324
rail-occluder 0.1244 53 498 101 567
rail-occluder 0.0858 239 446 258 475
rail-occluder 0.0404 472 431 497 456
rail-occluder 0.0185 648 322 664 347
rail-occluder 0.0129 32 465 89 576
rail-occluder 0.0096 1664 363 1695 415
rail-occluder 0.0090 1003 255 1031 345
rail-occluder 0.0070 951 316 974 357
rail-occluder 0.0065 1091 286 1141 322
rail-occluder 0.0060 1790 359 1880 415
rail-occluder 0.0055 476 351 494 385
rail-occluder 0.0049 1001 294 1029 348
rail-occluder 0.0047 1021 275 1215 334
rail-occluder 0.0044 1102 280 1165 316
rail-occluder 0.0041 1655 369 1687 422
rail-occluder 0.0039 1071 284 1165 325
rail-occluder 0.0038 225 445 270 478
rail-occluder 0.0036 1572 355 1791 446
rail-occluder 0.0036 806 328 841 355
rail-occluder 0.0035 782 301 799 363
rail-occluder 0.0034 197 444 295 478
rail-occluder 0.0034 27 472 136 569
rail-occluder 0.0034 236 438 263 470
rail-occluder 0.0032 10 470 73 573
rail-occluder 0.0031 1637 360 1700 416
rail-occluder 0.0022 1007 268 1066 337
rail-occluder 0.0022 804 341 845 365
rail-occluder 0.0019 1668 365 1807 449
rail-occluder 0.0019 1762 381 1807 441
rail-occluder 0.0018 912 290 1120 355
rail-occluder 0.0018 83 482 119 552
rail-occluder 0.0017 1488 312 1513 368
rail-occluder 0.0017 218 394 235 425
rail-occluder 0.0015 975 276 1029 347
rail-occluder 0.0014 1778 378 1856 424
rail-occluder 0.0014 939 263 1095 342
rail-occluder 0.0013 1775 337 1854 386
rail-occluder 0.0013 78 505 106 566
rail-occluder 0.0013 1101 309 1135 344
rail-occluder 0.0013 216 445 260 493
rail-occluder 0.0013 955 303 1021 352
rail-occluder 0.0013 784 294 810 356
rail-occluder 0.0013 0 514 69 576
rail-occluder 0.0013 644 324 669 362
rail-occluder 0.0012 752 342 804 379
rail-occluder 0.0012 446 366 545 465
rail-occluder 0.0012 776 337 834 376
rail-occluder 0.0011 1727 356 1800 412
rail-occluder 0.0011 1668 357 1762 417
rail-occluder 0.0011 648 317 680 351
rail-occluder 0.0011 1009 300 1066 346
rail-occluder 0.0010 1042 285 1133 323
rail-occluder 0.0010 269 377 286 425
rail-occluder 0.0010 1736 390 1798 453
rail-occluder 0.0010 25 426 82 553
