train-car 0.8978 8 47 858 1092
rail 0.9634 877 568 1133 1076
rail 0.9095 964 561 1921 1066
rail 0.0027 875 580 905 614
rail 0.0023 1033 562 1908 775
switch-indicator 0.0076 1438 991 1486 1071
track-sign-front 0.2319 1091 564 1101 582
track-sign-front 0.2245 805 570 827 592
track-sign-front 0.0655 1092 569 1102 590
track-sign-front 0.0208 875 585 904 609
track-sign-front 0.0171 816 565 855 596
track-sign-front 0.0143 1090 560 1104 586
track-sign-front 0.0083 1876 821 1918 890
track-sign-front 0.0075 971 559 984 588
track-sign-front 0.0062 1092 536 1103 584
track-sign-front 0.0060 967 543 986 592
track-sign-front 0.0047 1865 596 1921 1048
track-sign-front 0.0043 858 563 898 607
track-sign-front 0.0042 807 547 848 595
track-sign-front 0.0039 1848 631 1918 701
track-sign-front 0.0039 1803 522 1911 792
track-sign-front 0.0038 1804 416 1914 1000
track-sign-front 0.0037 831 575 859 601
track-sign-front 0.0037 837 519 854 576
track-sign-front 0.0033 1801 605 1913 714
track-sign-front 0.0032 869 593 893 619
track-sign-front 0.0025 1887 746 1918 797
track-sign-front 0.0022 876 555 918 603
track-sign-front 0.0021 867 577 901 621
track-sign-front 0.0020 1869 733 1919 808
track-sign-front 0.0017 1816 630 1896 698
track-sign-front 0.0016 881 596 907 616
track-sign-front 0.0015 960 565 983 602
track-sign-front 0.0015 1885 662 1920 736
track-sign-front 0.0014 1091 561 1106 621
track-sign-front 0.0014 1886 708 1920 804
track-sign-front 0.0013 1842 856 1919 971
track-sign-front 0.0012 1849 679 1916 758
track-sign-front 0.0012 1884 634 1918 707
track-sign-front 0.0010 1857 725 1917 920
track-signal-front 0.0045 839 517 852 549
track-signal-front 0.0033 931 511 967 589
track-signal-front 0.0017 969 504 981 536
track-signal-front 0.0014 966 483 1000 592
track-signal-front 0.0011 905 518 955 587
track-signal-front 0.0010 892 537 918 588
track-signal-back 0.0012 838 514 853 550
pole 0.2293 1772 15 1920 1117
pole 0.0392 966 504 983 597
pole 0.0156 1820 367 1923 1143
pole 0.0030 1795 233 1915 897
pole 0.0029 1090 455 1106 618
pole 0.0024 1647 -60 1939 1076
pole 0.0013 1807 537 1918 973
pole 0.0012 967 478 995 598
pole 0.0012 967 544 985 596
rail-occluder 0.0290 1818 833 1918 1048
rail-occluder 0.0091 1811 848 1884 970
rail-occluder 0.0085 1882 821 1919 886
rail-occluder 0.0051 1872 802 1917 903
rail-occluder 0.0026 1849 726 1919 984
rail-occluder 0.0023 1804 663 1918 1065
rail-occluder 0.0018 1828 868 1902 988
rail-occluder 0.0014 1875 806 1921 1063
rail-occluder 0.0013 1837 896 1914 1072
