guard-rail 0.0340 1416 748 1479 773
guard-rail 0.0154 1380 747 1474 778
guard-rail 0.0076 1440 744 1491 767
guard-rail 0.0062 1294 723 1357 752
guard-rail 0.0022 1366 739 1445 774
guard-rail 0.0017 1310 727 1384 757
guard-rail 0.0016 1289 739 1371 776
guard-rail 0.0015 785 590 832 640
guard-rail 0.0014 1349 745 1424 778
train-car 0.8582 529 479 740 712
train-car 0.0178 967 522 1071 624
train-car 0.0065 962 498 1031 646
train-car 0.0049 1013 502 1070 623
train-car 0.0024 408 457 779 723
train-car 0.0016 942 502 1005 647
train-car 0.0013 1031 550 1085 618
rail 0.9496 775 573 1053 1075
rail 0.9423 75 717 684 1076
rail 0.8507 877 581 1912 1073
rail 0.0462 1277 711 1924 1058
rail 0.0149 1148 639 1792 990
rail 0.0051 943 616 1389 703
rail 0.0039 907 594 1477 761
rail 0.0022 1020 620 1603 875
rail 0.0022 1118 627 1294 696
rail 0.0020 254 771 534 1029
rail 0.0019 1159 585 1420 845
rail 0.0015 1229 631 1893 846
rail 0.0015 1604 837 1925 1042
rail 0.0014 1691 952 1922 1070
rail 0.0014 1209 679 1700 884
rail 0.0012 930 546 1215 682
rail 0.0011 1826 946 1921 1001
rail 0.0010 1778 875 1922 999
rail 0.0010 1550 739 1951 1098
rail 0.0010 1408 741 1737 944
switch-left 0.0618 1700 938 1912 1011
switch-left 0.0303 1536 881 1888 988
switch-left 0.0250 1613 908 1902 1008
switch-left 0.0073 1763 955 1919 1045
switch-left 0.0069 1580 881 1804 954
switch-left 0.0035 1482 819 1922 1059
switch-left 0.0027 1806 989 1922 1050
switch-left 0.0026 1632 883 1924 1066
switch-left 0.0024 1519 854 1761 940
switch-left 0.0013 1634 900 1797 965
switch-left 0.0012 1568 922 1829 1053
switch-right 0.0206 1426 840 1851 976
switch-right 0.0173 1553 879 1832 968
switch-right 0.0033 1297 714 1354 750
switch-right 0.0019 1365 747 1453 781
switch-right 0.0011 1307 725 1392 761
switch-unknown 0.0062 766 575 802 597
switch-unknown 0.0054 1196 652 1275 679
switch-unknown 0.0040 760 570 797 592
switch-unknown 0.0033 1300 715 1351 748
switch-unknown 0.0025 778 581 822 617
switch-unknown 0.0022 1163 645 1255 681
switch-unknown 0.0017 1214 655 1294 686
switch-unknown 0.0015 1296 674 1362 712
switch-unknown 0.0014 1285 709 1340 752
switch-unknown 0.0014 1278 669 1333 715
switch-unknown 0.0010 1256 656 1308 698
switch-unknown 0.0010 1281 628 1331 757
switch-static 0.0214 1815 968 1918 1024
switch-static 0.0090 1546 959 1771 1037
switch-static 0.0089 1438 892 1763 1013
switch-static 0.0089 1483 915 1666 1000
switch-static 0.0080 1500 930 1553 961
switch-static 0.0077 1837 992 1919 1052
switch-static 0.0053 1514 943 1699 1020
switch-static 0.0051 1812 864 1898 904
switch-static 0.0043 1876 996 1920 1063
switch-static 0.0042 1498 921 1582 964
switch-static 0.0034 1669 1036 1750 1077
switch-static 0.0031 1398 709 1453 735
switch-static 0.0029 1613 970 1774 1026
switch-static 0.0027 1374 678 1436 706
switch-static 0.0020 1633 993 1780 1069
switch-static 0.0020 1506 919 1812 1057
switch-static 0.0018 1524 960 1666 1043
switch-static 0.0018 1587 982 1655 1053
switch-static 0.0017 1388 683 1447 711
switch-static 0.0016 1833 949 1918 998
switch-static 0.0015 1879 963 1920 1018
switch-static 0.0015 1881 1020 1919 1081
switch-static 0.0013 1415 714 1474 745
switch-static 0.0013 1588 982 1728 1066
switch-static 0.0013 1376 706 1440 735
switch-static 0.0012 1804 860 1912 933
switch-static 0.0010 1813 941 1923 1059
track-sign-front 0.5474 282 417 316 605
track-sign-front 0.3512 1130 499 1155 662
track-sign-front 0.0604 1133 561 1153 669
track-sign-front 0.0455 289 415 316 498
track-sign-front 0.0320 279 574 308 643
track-sign-front 0.0146 278 501 312 646
track-sign-front 0.0105 1128 641 1154 704
track-sign-front 0.0094 1128 589 1154 716
track-sign-front 0.0089 1132 502 1155 564
track-sign-front 0.0082 1125 507 1146 645
track-sign-front 0.0070 1120 560 1166 676
track-sign-front 0.0056 286 407 343 613
track-sign-front 0.0050 1123 568 1146 657
track-sign-front 0.0038 1187 469 1200 517
track-sign-front 0.0037 265 438 320 653
track-sign-front 0.0023 1187 496 1201 556
track-sign-front 0.0023 269 413 311 496
track-sign-front 0.0020 290 417 321 551
track-sign-front 0.0019 650 326 669 350
track-sign-front 0.0016 873 273 891 329
track-sign-front 0.0014 1185 502 1202 589
track-sign-front 0.0014 286 569 320 640
track-sign-front 0.0014 266 404 323 564
track-sign-front 0.0010 743 572 774 602
track-sign-front 0.0010 1106 502 1177 668
track-signal-front 0.6582 803 254 846 320
track-signal-front 0.6565 653 228 693 316
track-signal-front 0.6251 863 234 893 315
track-signal-front 0.3449 604 243 650 308
track-signal-front 0.0727 833 233 881 316
track-signal-front 0.0480 800 241 879 324
track-signal-front 0.0457 795 243 819 311
track-signal-front 0.0323 671 226 698 310
track-signal-front 0.0288 789 239 811 269
track-signal-front 0.0197 868 233 891 263
track-signal-front 0.0160 801 258 825 325
track-signal-front 0.0159 869 257 891 326
track-signal-front 0.0118 786 238 808 294
track-signal-front 0.0117 786 248 812 319
track-signal-front 0.0100 845 232 902 320
track-signal-front 0.0097 786 236 807 261
track-signal-front 0.0071 655 226 676 249
track-signal-front 0.0054 487 432 522 467
track-signal-front 0.0051 668 227 691 249
track-signal-front 0.0044 853 234 876 270
track-signal-front 0.0040 802 235 838 285
track-signal-front 0.0034 604 234 669 329
track-signal-front 0.0032 865 226 889 250
track-signal-front 0.0029 594 230 629 275
track-signal-front 0.0026 785 249 834 322
track-signal-front 0.0021 635 230 782 320
track-signal-front 0.0017 987 448 1034 531
track-signal-front 0.0013 675 227 695 261
track-signal-front 0.0013 608 228 659 293
track-signal-back 0.0968 1028 487 1040 517
track-signal-back 0.0221 1026 486 1046 539
track-signal-back 0.0186 1021 475 1042 529
track-signal-back 0.0018 678 493 708 529
track-signal-back 0.0013 963 455 1017 559
pole 0.6379 1123 132 1160 789
pole 0.5207 976 229 1020 698
pole 0.2272 885 387 902 628
pole 0.1934 926 420 944 633
pole 0.1898 1268 22 1320 901
pole 0.1160 968 362 1009 691
pole 0.0940 1283 70 1311 784
pole 0.0503 845 460 863 598
pole 0.0498 998 287 1018 627
pole 0.0462 929 363 974 668
pole 0.0294 988 370 1041 680
pole 0.0284 935 269 989 685
pole 0.0268 860 428 901 619
pole 0.0214 888 454 899 602
pole 0.0173 912 422 953 658
pole 0.0167 967 474 1025 647
pole 0.0145 950 404 1000 682
pole 0.0143 1871 -15 1922 940
pole 0.0137 836 467 855 593
pole 0.0134 910 554 937 630
pole 0.0102 1891 84 1919 769
pole 0.0088 1025 466 1049 566
pole 0.0083 930 337 948 644
pole 0.0078 1239 26 1341 930
pole 0.0073 894 437 935 645
pole 0.0067 1266 423 1313 890
pole 0.0064 1075 145 1154 784
pole 0.0057 1042 490 1070 618
pole 0.0048 1015 497 1072 628
pole 0.0044 967 299 998 624
pole 0.0043 876 396 909 628
pole 0.0043 1102 669 1125 803
pole 0.0043 1244 387 1329 937
pole 0.0043 1117 477 1164 684
pole 0.0039 992 183 1024 612
pole 0.0032 1124 78 1267 892
pole 0.0030 936 192 1048 698
pole 0.0029 992 467 1046 582
pole 0.0027 887 397 899 538
pole 0.0027 917 515 962 634
pole 0.0025 1185 416 1201 562
pole 0.0024 480 260 524 750
pole 0.0023 821 477 852 602
pole 0.0021 887 524 932 634
pole 0.0020 1158 570 1419 862
pole 0.0018 1829 69 1920 1055
pole 0.0018 1033 207 1127 809
pole 0.0018 654 326 672 586
pole 0.0017 1135 261 1153 607
pole 0.0017 1264 559 1338 870
pole 0.0016 1039 535 1084 628
pole 0.0016 976 495 1050 630
pole 0.0015 1103 618 1142 765
pole 0.0015 1288 40 1387 896
pole 0.0015 1097 683 1116 802
pole 0.0014 1292 245 1308 577
pole 0.0013 1183 430 1202 665
pole 0.0013 999 391 1020 530
pole 0.0012 1181 111 1290 923
pole 0.0012 954 461 1004 594
pole 0.0012 1047 148 1213 798
pole 0.0012 869 383 941 640
pole 0.0011 845 365 870 619
pole 0.0011 671 349 696 623
pole 0.0010 946 515 1002 632
pole 0.0010 1111 676 1143 793
rail-occluder 0.3788 1046 599 1067 633
rail-occluder 0.0603 1169 637 1190 677
rail-occluder 0.0283 910 574 938 628
rail-occluder 0.0202 1159 639 1190 687
rail-occluder 0.0101 1036 589 1072 640
rail-occluder 0.0092 1007 567 1079 636
rail-occluder 0.0082 902 568 943 643
rail-occluder 0.0075 968 598 997 682
rail-occluder 0.0071 910 588 957 653
rail-occluder 0.0057 1128 630 1223 684
rail-occluder 0.0046 964 479 1013 692
rail-occluder 0.0044 1045 597 1103 639
rail-occluder 0.0032 1172 647 1246 681
rail-occluder 0.0026 1045 598 1081 654
rail-occluder 0.0022 1120 608 1197 704
rail-occluder 0.0020 950 594 1003 663
rail-occluder 0.0019 909 582 975 677
rail-occluder 0.0016 1132 670 1159 706
rail-occluder 0.0015 1118 661 1150 781
rail-occluder 0.0015 1170 585 1190 687
rail-occluder 0.0013 1047 604 1068 658
rail-occluder 0.0013 891 556 962 670
rail-occluder 0.0013 987 592 1073 666
rail-occluder 0.0011 886 575 939 660
rail-occluder 0.0010 982 533 1083 670
rail-occluder 0.0010 1098 669 1130 806
rail-occluder 0.0010 960 545 1029 638
rail-occluder 0.0010 996 593 1059 637
