crossing 0.5821 963 493 1004 522
crossing 0.0564 967 464 1001 504
crossing 0.0060 947 488 1005 530
crossing 0.0043 978 488 1016 523
crossing 0.0029 949 488 982 524
rail 0.9596 831 455 1138 1077
rail 0.0473 956 458 993 484
rail 0.0337 968 456 1002 481
rail 0.0283 963 460 999 507
rail 0.0117 1298 476 1912 559
rail 0.0046 1100 462 1900 601
rail 0.0032 1420 493 1918 602
rail 0.0025 1239 441 1916 540
rail 0.0017 931 442 981 481
rail 0.0016 934 458 987 494
track-sign-front 0.7873 1222 501 1275 557
track-sign-front 0.5675 1144 494 1160 528
track-sign-front 0.1657 874 438 895 466
track-sign-front 0.0315 801 476 822 504
track-sign-front 0.0285 1145 450 1160 545
track-sign-front 0.0204 845 471 861 494
track-sign-front 0.0184 1177 717 1202 745
track-sign-front 0.0183 1079 481 1096 523
track-sign-front 0.0177 739 391 766 414
track-sign-front 0.0116 863 437 899 498
track-sign-front 0.0094 1143 499 1158 593
track-sign-front 0.0081 1216 479 1263 504
track-sign-front 0.0060 1081 491 1099 533
track-sign-front 0.0051 1198 477 1294 589
track-sign-front 0.0040 702 503 726 534
track-sign-front 0.0038 1145 526 1158 617
track-sign-front 0.0033 1072 449 1091 511
track-sign-front 0.0032 1137 446 1161 587
track-sign-front 0.0030 1145 492 1190 528
track-sign-front 0.0027 953 409 972 470
track-sign-front 0.0026 1084 485 1109 532
track-sign-front 0.0023 1081 575 1098 597
track-sign-front 0.0022 894 433 946 485
track-sign-front 0.0021 747 475 766 500
track-sign-front 0.0020 794 473 835 505
track-sign-front 0.0019 1073 437 1089 484
track-sign-front 0.0016 840 468 861 506
track-sign-front 0.0016 931 426 981 487
track-sign-front 0.0011 1169 719 1198 751
track-sign-front 0.0011 1419 412 1441 438
track-sign-front 0.0011 1032 431 1058 478
track-sign-front 0.0011 1416 414 1440 455
track-sign-front 0.0010 1055 429 1089 480
track-signal-front 0.6261 1110 294 1163 374
track-signal-front 0.1034 875 437 897 468
track-signal-front 0.0039 861 361 876 385
track-signal-front 0.0032 955 404 969 442
track-signal-front 0.0012 871 429 900 486
track-signal-front 0.0011 950 385 968 448
track-signal-front 0.0010 856 346 876 379
track-signal-back 0.2850 1111 293 1163 373
pole 0.0045 1413 420 1432 510
pole 0.0034 1604 427 1625 536
pole 0.0026 1135 418 1160 569
pole 0.0026 1332 431 1347 522
pole 0.0021 1409 444 1425 512
pole 0.0017 948 399 970 471
pole 0.0013 915 415 937 474
pole 0.0012 1602 423 1618 495
pole 0.0011 1601 441 1618 520
rail-occluder 0.0095 1772 519 1918 668
rail-occluder 0.0021 1608 462 1629 550
rail-occluder 0.0015 1823 522 1922 635
rail-occluder 0.0014 1688 526 1917 705
rail-occluder 0.0013 1609 493 1636 550
rail-occluder 0.0011 1616 504 1652 545
rail-occluder 0.0011 1590 509 1924 625
