crossing 0.0045 988 571 1045 593
crossing 0.0010 1018 570 1057 594
guard-rail 0.0020 1054 747 1114 790
guard-rail 0.0012 1088 745 1135 790
train-car 0.9144 1 22 751 1096
train-car 0.8126 880 537 962 629
train-car 0.0189 994 572 1047 593
train-car 0.0107 1014 571 1053 591
train-car 0.0061 965 564 1040 599
train-car 0.0017 919 550 999 611
train-car 0.0015 812 507 1047 683
train-car 0.0014 17 340 719 712
train-car 0.0011 991 536 1047 599
train-car 0.0011 1028 567 1074 595
train-car 0.0010 248 191 777 1010
train-car 0.0010 79 384 594 633
rail 0.9663 825 592 1258 1081
rail 0.8125 317 735 1137 1076
rail 0.7867 710 600 993 821
rail 0.2047 729 610 902 694
rail 0.0360 595 589 1048 882
rail 0.0263 738 610 917 779
rail 0.0259 730 602 1012 713
rail 0.0209 497 653 1071 999
rail 0.0118 385 580 929 1069
rail 0.0046 832 691 1120 1056
rail 0.0042 855 627 1182 899
rail 0.0017 754 615 860 681
rail 0.0016 532 587 760 1062
rail 0.0015 -151 585 1040 1151
rail 0.0014 451 422 788 1001
rail 0.0012 682 699 920 943
rail 0.0011 821 804 1122 925
rail 0.0011 678 644 861 779
rail 0.0010 -6 13 450 1109
rail 0.0010 771 602 909 669
switch-left 0.0235 942 747 1106 826
switch-left 0.0030 926 711 1109 784
switch-right 0.2630 923 739 1112 826
switch-right 0.0468 929 716 1115 770
switch-right 0.0033 982 741 1122 806
switch-right 0.0025 1045 747 1119 794
switch-right 0.0014 924 675 1164 896
track-sign-front 0.0666 1615 435 1690 502
track-sign-front 0.0541 1198 527 1219 557
track-sign-front 0.0141 739 228 757 247
track-sign-front 0.0039 1135 619 1154 718
track-sign-front 0.0037 1200 527 1229 561
track-sign-front 0.0036 739 234 759 258
track-sign-front 0.0031 1134 602 1152 650
track-sign-front 0.0029 1615 477 1688 508
track-sign-front 0.0029 1185 480 1208 519
track-sign-front 0.0028 1186 484 1200 513
track-sign-front 0.0013 824 154 849 184
track-sign-front 0.0013 734 227 764 252
track-signal-front 0.0858 808 227 832 277
track-signal-front 0.0142 1613 297 1682 427
track-signal-front 0.0109 1617 430 1686 496
track-signal-front 0.0044 1650 295 1697 426
track-signal-front 0.0016 1610 323 1656 427
track-signal-front 0.0010 1602 314 1701 486
track-signal-back 0.0749 808 228 833 279
track-signal-back 0.0174 269 53 364 202
person 0.7307 1522 575 1589 760
person 0.0125 1244 577 1277 657
person 0.0062 1381 552 1437 668
person 0.0060 1365 556 1416 681
person 0.0046 1234 587 1268 654
person 0.0025 1508 560 1576 714
person 0.0019 1254 568 1286 649
person 0.0019 1402 544 1442 624
person 0.0014 1398 546 1456 678
person 0.0014 1472 579 1620 772
person 0.0011 1388 548 1430 620
person 0.0011 1353 570 1389 669
person 0.0011 1352 546 1406 644
person 0.0010 1472 570 1527 735
rail-occluder 0.0010 515 610 749 837
