crossing 0.0012 1130 568 1189 592
crossing 0.0012 809 544 890 572
guard-rail 0.0093 972 570 1031 591
guard-rail 0.0067 930 605 971 644
guard-rail 0.0059 923 597 1026 673
guard-rail 0.0059 937 600 968 632
guard-rail 0.0053 1093 582 1137 622
guard-rail 0.0050 962 574 1035 615
guard-rail 0.0046 1102 601 1150 628
guard-rail 0.0039 921 599 986 657
guard-rail 0.0038 1095 602 1132 635
guard-rail 0.0035 1109 575 1165 616
guard-rail 0.0029 1057 567 1163 648
guard-rail 0.0028 999 568 1212 672
guard-rail 0.0026 1049 574 1124 635
guard-rail 0.0025 963 567 1005 601
guard-rail 0.0025 981 931 1000 1084
guard-rail 0.0020 1085 589 1166 643
guard-rail 0.0017 1101 570 1138 603
guard-rail 0.0017 905 651 1018 701
guard-rail 0.0016 938 572 1012 641
guard-rail 0.0014 1040 598 1091 672
guard-rail 0.0011 918 606 957 641
guard-rail 0.0011 1113 566 1170 594
rail 0.9103 0 525 976 998
rail 0.8818 609 517 1042 1075
rail 0.8268 905 562 1183 699
rail 0.1149 618 910 1050 1076
rail 0.0416 856 615 1168 714
rail 0.0150 710 559 1246 1089
rail 0.0149 909 546 1089 654
rail 0.0108 908 591 1049 681
rail 0.0054 890 610 1046 725
rail 0.0038 944 562 1055 638
rail 0.0033 987 552 1156 672
rail 0.0030 5 523 727 633
rail 0.0027 846 512 1216 789
rail 0.0023 913 568 1157 1084
rail 0.0020 858 538 1067 696
rail 0.0017 946 525 1197 655
rail 0.0013 805 560 1039 1043
rail 0.0010 586 846 1080 1166
rail 0.0010 38 526 944 708
switch-indicator 0.0016 1175 616 1208 691
switch-indicator 0.0011 1227 651 1280 688
switch-indicator 0.0010 1171 621 1231 696
switch-left 0.2284 614 913 1051 1072
switch-left 0.1798 896 656 1047 714
switch-left 0.0046 692 895 1051 992
switch-left 0.0034 889 635 1057 740
switch-left 0.0013 913 680 1027 722
switch-right 0.1926 896 654 1050 705
switch-right 0.0804 618 905 1053 1068
switch-right 0.0539 880 670 1048 719
switch-right 0.0437 909 629 1050 688
switch-right 0.0075 974 565 1035 588
switch-right 0.0043 969 570 1031 604
switch-right 0.0031 858 640 1079 761
switch-right 0.0026 988 537 1031 568
switch-unknown 0.0065 993 526 1034 552
switch-static 0.0013 1228 653 1279 687
track-sign-front 0.0991 1076 514 1085 536
track-sign-front 0.0461 1076 449 1086 549
track-sign-front 0.0133 1076 522 1087 549
track-sign-front 0.0074 1309 335 1357 388
track-sign-front 0.0024 1069 521 1089 559
track-sign-front 0.0024 800 495 830 524
track-sign-front 0.0019 824 415 860 500
track-signal-front 0.4929 1310 328 1356 377
track-signal-front 0.0022 1302 277 1363 418
track-signal-back 0.0022 877 423 895 492
person 0.0074 792 496 810 537
person 0.0023 778 499 806 536
person 0.0018 751 502 807 549
pole 0.6285 815 26 858 694
pole 0.4536 948 347 963 557
pole 0.0816 989 411 1002 541
pole 0.0508 1075 422 1085 544
pole 0.0397 980 376 999 548
pole 0.0109 940 352 970 555
pole 0.0083 1070 382 1085 553
pole 0.0041 1269 273 1290 587
pole 0.0033 878 428 890 512
pole 0.0030 987 376 1016 546
pole 0.0026 952 428 986 552
pole 0.0024 922 342 962 567
pole 0.0023 875 416 901 523
pole 0.0017 987 441 1026 548
pole 0.0016 962 379 1013 548
pole 0.0014 1270 244 1310 584
pole 0.0011 945 439 964 550
pole 0.0010 807 86 903 662
