guard-rail 0.1360 1000 681 1061 718
guard-rail 0.0465 992 672 1044 710
guard-rail 0.0271 858 676 875 714
guard-rail 0.0220 1190 688 1270 728
guard-rail 0.0174 0 762 82 832
guard-rail 0.0118 771 626 813 701
guard-rail 0.0096 447 645 586 695
guard-rail 0.0086 781 598 854 636
guard-rail 0.0085 -1 766 44 857
guard-rail 0.0073 891 605 960 640
guard-rail 0.0073 993 673 1084 727
guard-rail 0.0069 862 684 878 728
guard-rail 0.0068 1019 688 1081 725
guard-rail 0.0067 865 654 886 706
guard-rail 0.0064 644 657 726 701
guard-rail 0.0063 679 624 755 676
guard-rail 0.0061 944 634 991 671
guard-rail 0.0057 966 664 1033 698
guard-rail 0.0050 493 628 589 670
guard-rail 0.0042 426 674 559 710
guard-rail 0.0042 953 647 991 677
guard-rail 0.0038 0 747 127 806
guard-rail 0.0038 551 703 618 750
guard-rail 0.0036 -1 754 77 797
guard-rail 0.0028 1282 735 1432 796
guard-rail 0.0027 -1 752 41 794
guard-rail 0.0026 337 663 546 721
guard-rail 0.0026 916 613 974 665
guard-rail 0.0025 315 669 473 716
guard-rail 0.0024 391 655 547 700
guard-rail 0.0019 867 666 897 711
guard-rail 0.0016 862 609 903 655
guard-rail 0.0015 961 633 1004 666
guard-rail 0.0015 428 630 561 672
guard-rail 0.0012 831 674 876 710
guard-rail 0.0012 752 690 788 790
guard-rail 0.0012 327 669 419 708
guard-rail 0.0012 742 659 795 822
guard-rail 0.0011 297 699 389 736
guard-rail 0.0011 393 674 491 711
guard-rail 0.0010 845 681 875 735
guard-rail 0.0010 936 664 963 729
guard-rail 0.0010 1180 688 1280 754
train-car 0.0053 857 522 900 559
train-car 0.0045 865 540 923 573
train-car 0.0032 868 522 925 554
train-car 0.0019 926 525 984 587
train-car 0.0017 775 530 879 562
train-car 0.0011 772 524 834 564
train-car 0.0010 815 520 889 565
platform 0.0826 942 527 980 593
platform 0.0050 897 539 956 576
rail 0.9450 768 554 1063 1074
rail 0.9104 969 563 1921 1072
rail 0.8565 5 547 885 1075
rail 0.8322 428 569 814 1074
rail 0.7123 5 552 845 789
rail 0.3874 698 604 794 712
rail 0.3414 688 566 834 713
rail 0.2358 785 557 876 601
rail 0.1841 0 610 546 769
rail 0.1832 3 564 699 688
rail 0.1584 -1 664 490 840
rail 0.1362 747 555 883 641
rail 0.1097 724 612 806 685
rail 0.0925 750 562 800 598
rail 0.0812 2 621 345 692
rail 0.0804 699 655 786 714
rail 0.0779 763 558 839 596
rail 0.0768 -2 642 341 788
rail 0.0731 824 552 878 590
rail 0.0683 751 554 799 584
rail 0.0563 756 569 851 619
rail 0.0517 791 549 867 587
rail 0.0508 812 567 882 607
rail 0.0500 673 661 782 739
rail 0.0490 612 553 861 1093
rail 0.0439 753 592 840 656
rail 0.0427 0 632 178 696
rail 0.0424 314 539 933 877
rail 0.0417 0 731 197 848
rail 0.0378 759 606 827 681
rail 0.0355 677 633 766 717
rail 0.0323 751 573 800 611
rail 0.0287 -1 641 245 729
rail 0.0277 738 566 880 705
rail 0.0267 678 581 811 1079
rail 0.0224 39 720 354 882
rail 0.0214 673 690 778 773
rail 0.0203 619 648 810 851
rail 0.0189 7 521 849 644
rail 0.0181 862 600 1535 1075
rail 0.0177 1 760 134 891
rail 0.0174 273 567 816 668
rail 0.0170 637 555 798 694
rail 0.0166 734 550 931 1078
rail 0.0165 0 628 127 676
rail 0.0156 772 575 1021 826
rail 0.0153 407 532 857 719
rail 0.0149 770 625 813 700
rail 0.0131 668 578 801 640
rail 0.0129 -12 700 316 833
rail 0.0123 689 606 816 764
rail 0.0105 847 574 882 608
rail 0.0105 863 558 925 600
rail 0.0104 842 540 902 587
rail 0.0103 57 601 712 864
rail 0.0095 549 572 761 668
rail 0.0094 875 597 947 658
rail 0.0092 646 598 764 646
rail 0.0082 -2 655 125 720
rail 0.0080 271 616 719 747
rail 0.0078 -6 794 111 925
rail 0.0078 541 615 749 703
rail 0.0064 1 629 91 701
rail 0.0061 981 569 1026 593
rail 0.0055 380 612 632 714
rail 0.0054 1076 670 1387 770
rail 0.0052 640 654 736 704
rail 0.0050 985 595 1580 905
rail 0.0044 4 613 162 661
rail 0.0042 799 590 887 642
rail 0.0041 8 771 265 907
rail 0.0041 894 553 936 596
rail 0.0035 -1 571 342 714
rail 0.0035 107 644 270 688
rail 0.0034 0 574 148 707
rail 0.0034 0 648 42 699
rail 0.0034 0 735 78 823
rail 0.0033 865 534 922 576
rail 0.0031 0 835 103 958
rail 0.0031 459 583 640 653
rail 0.0031 767 624 873 719
rail 0.0028 476 576 831 835
rail 0.0028 0 658 31 727
rail 0.0026 -5 671 222 769
rail 0.0025 -4 612 203 811
rail 0.0025 0 677 120 756
rail 0.0024 -2 650 470 1004
rail 0.0024 0 766 42 900
rail 0.0024 88 625 355 671
rail 0.0024 36 605 348 658
rail 0.0022 395 545 804 622
rail 0.0021 126 700 390 807
rail 0.0021 1238 717 1903 1066
rail 0.0021 559 587 667 620
rail 0.0021 -3 662 65 714
rail 0.0021 423 600 734 796
rail 0.0020 752 596 894 781
rail 0.0020 1 622 38 678
rail 0.0019 43 699 318 762
rail 0.0019 786 528 886 591
rail 0.0019 838 540 981 711
rail 0.0018 1141 639 1548 1041
rail 0.0018 2 716 164 793
rail 0.0017 1000 563 1068 593
rail 0.0017 4 610 70 661
rail 0.0017 772 654 825 710
rail 0.0016 1113 668 1347 1014
rail 0.0016 0 596 79 682
rail 0.0016 597 515 1002 832
rail 0.0016 308 482 737 651
rail 0.0014 793 587 896 690
rail 0.0014 203 654 429 755
rail 0.0014 -1 676 27 754
rail 0.0014 0 721 75 782
rail 0.0013 531 560 704 610
rail 0.0013 221 605 408 679
rail 0.0013 702 669 785 856
rail 0.0012 398 585 633 621
rail 0.0012 -1 504 293 770
rail 0.0012 176 689 363 743
rail 0.0012 144 669 379 770
rail 0.0012 177 683 321 726
rail 0.0011 333 645 571 755
rail 0.0011 598 652 728 842
rail 0.0011 0 711 34 783
rail 0.0010 11 819 203 926
rail 0.0010 -6 590 364 884
rail 0.0010 660 721 791 849
rail 0.0010 103 690 692 1072
rail 0.0010 734 531 859 582
switch-indicator 0.0178 655 593 693 625
switch-indicator 0.0048 608 583 664 624
switch-left 0.0973 687 663 781 720
switch-left 0.0749 884 609 944 644
switch-left 0.0543 679 680 780 745
switch-left 0.0510 727 615 803 683
switch-left 0.0387 669 699 783 769
switch-left 0.0109 633 663 741 714
switch-left 0.0082 475 628 602 675
switch-left 0.0066 503 620 620 663
switch-left 0.0027 677 717 774 799
switch-left 0.0020 639 738 770 832
switch-left 0.0017 159 689 337 741
switch-right 0.3599 882 605 942 638
switch-right 0.0840 687 662 780 720
switch-right 0.0586 737 609 807 649
switch-right 0.0284 653 696 778 783
switch-right 0.0281 762 605 830 645
switch-right 0.0242 745 581 794 615
switch-right 0.0025 629 736 778 834
switch-unknown 0.1365 753 564 797 596
switch-unknown 0.1003 753 575 799 607
switch-unknown 0.0362 841 561 880 599
switch-unknown 0.0335 765 574 838 617
switch-unknown 0.0230 827 571 875 607
switch-unknown 0.0112 697 603 778 661
switch-unknown 0.0096 866 552 928 604
switch-unknown 0.0047 699 593 769 624
switch-unknown 0.0046 984 575 1037 602
switch-unknown 0.0039 864 530 923 573
switch-unknown 0.0019 1003 578 1062 606
switch-static 0.2298 547 676 618 709
switch-static 0.1120 119 823 216 874
switch-static 0.0656 848 578 882 607
switch-static 0.0535 7 840 94 902
switch-static 0.0385 518 643 652 713
switch-static 0.0329 978 573 1014 596
switch-static 0.0300 67 810 210 875
switch-static 0.0291 504 661 616 706
switch-static 0.0287 495 677 590 707
switch-static 0.0213 529 614 592 639
switch-static 0.0210 56 768 282 881
switch-static 0.0202 546 617 611 643
switch-static 0.0187 646 607 714 634
switch-static 0.0172 532 682 610 725
switch-static 0.0150 116 813 192 860
switch-static 0.0138 543 632 628 664
switch-static 0.0137 176 669 231 695
switch-static 0.0136 475 648 596 697
switch-static 0.0130 861 603 915 638
switch-static 0.0117 941 572 999 604
switch-static 0.0116 446 619 652 710
switch-static 0.0107 599 607 674 637
switch-static 0.0106 574 612 652 642
switch-static 0.0101 662 610 743 639
switch-static 0.0096 617 655 703 696
switch-static 0.0087 592 646 668 691
switch-static 0.0087 517 620 608 659
switch-static 0.0081 593 626 674 663
switch-static 0.0074 588 669 680 714
switch-static 0.0072 616 622 694 657
switch-static 0.0070 648 619 725 653
switch-static 0.0061 917 582 979 623
switch-static 0.0058 812 593 879 639
switch-static 0.0058 652 592 701 627
switch-static 0.0051 354 628 411 674
switch-static 0.0048 556 685 644 740
switch-static 0.0048 789 675 870 708
switch-static 0.0047 187 656 233 689
switch-static 0.0046 664 599 745 629
switch-static 0.0045 177 674 262 712
switch-static 0.0045 619 673 704 711
switch-static 0.0041 833 675 876 710
switch-static 0.0039 778 604 859 670
switch-static 0.0037 551 657 753 743
switch-static 0.0034 774 654 819 710
switch-static 0.0032 339 639 413 690
switch-static 0.0032 538 605 592 630
switch-static 0.0031 503 687 586 718
switch-static 0.0031 156 676 230 702
switch-static 0.0026 777 664 883 717
switch-static 0.0026 1 798 105 901
switch-static 0.0026 10 846 92 966
switch-static 0.0024 115 790 235 867
switch-static 0.0021 824 664 877 702
switch-static 0.0020 472 690 553 717
switch-static 0.0020 776 640 863 704
switch-static 0.0019 578 592 648 621
switch-static 0.0017 621 689 698 728
switch-static 0.0017 312 651 385 692
switch-static 0.0016 -1 721 72 781
switch-static 0.0016 -1 711 33 783
switch-static 0.0016 603 585 668 621
switch-static 0.0015 14 822 200 923
switch-static 0.0015 2 849 41 922
switch-static 0.0014 929 596 997 648
switch-static 0.0014 468 611 563 646
switch-static 0.0013 138 832 236 885
switch-static 0.0013 57 784 201 859
switch-static 0.0012 815 613 881 660
switch-static 0.0012 315 622 380 669
switch-static 0.0011 583 685 687 738
switch-static 0.0010 513 600 570 630
track-sign-front 0.0121 943 531 978 598
track-sign-front 0.0027 925 501 975 581
track-sign-front 0.0016 1457 561 1498 586
track-signal-front 0.0011 904 516 950 551
pole 0.1712 948 523 981 593
pole 0.1065 122 159 211 673
pole 0.0485 700 503 754 593
pole 0.0465 656 496 715 598
pole 0.0396 107 258 176 681
pole 0.0357 683 497 737 598
pole 0.0217 233 200 294 654
pole 0.0175 135 323 190 645
pole 0.0150 956 513 1012 598
pole 0.0116 151 380 202 666
pole 0.0095 252 209 341 646
pole 0.0085 499 163 560 593
pole 0.0076 271 520 287 637
pole 0.0075 80 63 232 672
pole 0.0047 109 487 135 663
pole 0.0042 204 152 357 667
pole 0.0034 7 245 167 706
pole 0.0031 298 227 364 624
pole 0.0025 87 353 137 663
pole 0.0024 325 251 369 566
pole 0.0023 109 516 127 644
pole 0.0022 502 243 538 570
pole 0.0022 595 474 625 594
pole 0.0021 76 423 166 686
pole 0.0018 247 544 268 648
pole 0.0018 720 492 771 587
pole 0.0018 617 480 655 592
pole 0.0018 165 477 198 656
pole 0.0018 145 384 523 676
pole 0.0017 508 449 568 596
pole 0.0017 253 523 294 656
pole 0.0016 246 510 277 640
pole 0.0016 166 334 215 626
pole 0.0015 463 141 593 628
pole 0.0015 3 220 53 723
pole 0.0013 573 469 609 593
pole 0.0012 273 254 332 566
pole 0.0012 488 441 537 598
pole 0.0011 154 71 242 616
pole 0.0011 176 490 201 619
pole 0.0011 928 500 976 590
rail-occluder 0.3525 688 505 752 591
rail-occluder 0.2599 658 503 728 599
rail-occluder 0.0799 946 524 986 593
rail-occluder 0.0712 751 561 793 590
rail-occluder 0.0504 637 496 706 599
rail-occluder 0.0404 138 630 153 668
rail-occluder 0.0392 711 522 780 586
rail-occluder 0.0385 633 561 651 586
rail-occluder 0.0352 965 564 1014 598
rail-occluder 0.0223 634 530 653 587
rail-occluder 0.0195 629 533 693 607
rail-occluder 0.0102 953 520 1012 594
rail-occluder 0.0101 359 628 410 671
rail-occluder 0.0094 116 591 141 644
rail-occluder 0.0094 136 607 156 668
rail-occluder 0.0082 117 598 133 623
rail-occluder 0.0062 616 558 668 594
rail-occluder 0.0057 115 582 130 628
rail-occluder 0.0041 4 848 78 963
rail-occluder 0.0041 134 636 161 675
rail-occluder 0.0040 108 590 133 647
rail-occluder 0.0037 116 634 157 680
rail-occluder 0.0034 352 634 422 683
rail-occluder 0.0029 180 643 228 676
rail-occluder 0.0029 241 608 271 651
rail-occluder 0.0028 155 650 225 688
rail-occluder 0.0026 168 597 196 649
rail-occluder 0.0024 341 615 409 650
rail-occluder 0.0022 137 622 209 674
rail-occluder 0.0019 38 627 120 665
rail-occluder 0.0019 250 604 293 653
rail-occluder 0.0018 408 612 473 650
rail-occluder 0.0017 589 488 727 619
rail-occluder 0.0017 36 605 256 672
rail-occluder 0.0016 229 625 276 657
rail-occluder 0.0016 67 623 142 671
rail-occluder 0.0015 470 552 504 605
rail-occluder 0.0014 366 624 457 670
rail-occluder 0.0014 307 606 497 685
rail-occluder 0.0014 170 606 211 645
rail-occluder 0.0013 88 634 183 684
rail-occluder 0.0012 5 452 136 678
rail-occluder 0.0012 190 631 252 667
rail-occluder 0.0012 321 614 379 645
rail-occluder 0.0012 437 572 497 617
rail-occluder 0.0011 6 611 100 659
rail-occluder 0.0011 384 610 454 650
rail-occluder 0.0011 460 575 515 614
rail-occluder 0.0010 426 610 509 649
rail-occluder 0.0010 271 550 294 640
rail-occluder 0.0010 984 573 1038 603
rail-occluder 0.0010 247 545 272 648
