crossing 0.5515 945 646 1134 726
crossing 0.5228 505 647 678 706
crossing 0.2201 945 648 1036 705
crossing 0.0887 940 532 1191 1000
crossing 0.0200 497 618 687 727
crossing 0.0108 626 655 705 701
crossing 0.0064 1036 613 1158 650
crossing 0.0062 705 707 820 805
crossing 0.0059 928 594 1154 789
crossing 0.0043 1014 638 1147 699
crossing 0.0042 440 627 713 762
crossing 0.0033 519 653 628 698
crossing 0.0025 944 650 1021 678
crossing 0.0024 941 619 1055 662
crossing 0.0022 481 657 601 695
crossing 0.0019 1025 525 1106 552
crossing 0.0016 1304 509 1394 568
crossing 0.0015 571 654 675 701
crossing 0.0012 946 619 1073 698
crossing 0.0011 1329 512 1426 566
crossing 0.0011 1047 520 1129 549
crossing 0.0010 990 666 1100 733
guard-rail 0.0449 1060 584 1159 631
guard-rail 0.0212 660 586 687 617
guard-rail 0.0150 643 652 712 701
guard-rail 0.0115 666 592 689 625
guard-rail 0.0061 1102 540 1197 634
guard-rail 0.0060 1053 604 1152 650
guard-rail 0.0054 1153 549 1221 626
guard-rail 0.0045 644 581 697 619
guard-rail 0.0039 1195 557 1222 631
guard-rail 0.0030 713 608 760 639
guard-rail 0.0026 652 558 713 598
guard-rail 0.0026 1056 537 1147 633
guard-rail 0.0023 667 581 728 623
guard-rail 0.0023 557 758 611 848
guard-rail 0.0022 573 583 671 621
guard-rail 0.0020 668 648 723 699
guard-rail 0.0019 1202 578 1220 649
guard-rail 0.0018 699 586 747 621
guard-rail 0.0018 728 616 765 640
guard-rail 0.0017 1122 609 1149 658
guard-rail 0.0017 669 548 739 583
guard-rail 0.0016 1023 531 1107 554
guard-rail 0.0016 673 597 740 630
guard-rail 0.0015 200 890 368 974
guard-rail 0.0015 710 626 754 659
guard-rail 0.0012 207 898 304 969
guard-rail 0.0012 1007 535 1073 558
guard-rail 0.0011 693 649 748 694
train-car 0.7915 1133 457 1325 526
train-car 0.0244 1119 494 1349 559
train-car 0.0118 1174 469 1419 526
train-car 0.0115 1168 508 1398 573
train-car 0.0056 1184 460 1288 521
train-car 0.0043 1156 428 1347 517
train-car 0.0039 1075 418 1398 632
train-car 0.0024 1159 360 1304 559
train-car 0.0023 1243 432 1416 539
train-car 0.0014 1245 465 1316 530
platform 0.0072 1314 543 1405 701
platform 0.0067 1259 528 1707 720
platform 0.0054 1244 500 1434 692
platform 0.0018 1600 674 1921 820
rail 0.8967 955 516 1357 1083
rail 0.8818 64 516 1032 1073
rail 0.5574 1068 530 1279 625
rail 0.2608 946 729 1280 1057
rail 0.1609 1062 571 1169 634
rail 0.1200 1073 544 1198 637
rail 0.0366 1199 489 1421 592
rail 0.0302 1112 515 1357 585
rail 0.0292 1080 530 1208 602
rail 0.0235 1271 500 1426 565
rail 0.0218 631 536 822 574
rail 0.0195 919 520 1177 1078
rail 0.0181 1121 536 1260 591
rail 0.0168 1266 507 1410 640
rail 0.0074 1066 458 1355 568
rail 0.0074 603 535 845 595
rail 0.0070 109 671 629 1089
rail 0.0066 1102 540 1183 583
rail 0.0065 1170 527 1303 575
rail 0.0062 1079 515 1457 669
rail 0.0061 928 527 1056 1071
rail 0.0057 181 766 581 983
rail 0.0054 991 525 1140 563
rail 0.0043 1151 544 1226 605
rail 0.0043 1112 505 1318 554
rail 0.0037 630 556 728 602
rail 0.0033 1009 507 1311 673
rail 0.0030 1188 553 1225 634
rail 0.0029 1258 478 1453 550
rail 0.0028 974 528 1168 627
rail 0.0027 130 533 772 948
rail 0.0026 583 552 785 625
rail 0.0023 1076 518 1252 568
rail 0.0022 428 647 1100 1069
rail 0.0022 513 527 922 647
rail 0.0021 1135 522 1250 560
rail 0.0020 644 542 761 591
rail 0.0019 1037 530 1627 1072
rail 0.0019 1339 503 1446 546
rail 0.0019 985 433 1435 781
rail 0.0016 1327 512 1451 592
rail 0.0016 961 528 1091 572
rail 0.0015 1172 543 1270 585
rail 0.0015 681 541 772 563
rail 0.0014 639 573 1012 1054
rail 0.0014 270 630 576 972
rail 0.0014 358 569 649 982
rail 0.0013 582 565 706 621
rail 0.0012 1126 573 1257 648
rail 0.0012 1089 524 1190 559
switch-indicator 0.2328 741 867 909 971
switch-indicator 0.1046 852 566 894 627
switch-indicator 0.0291 727 731 822 951
switch-indicator 0.0092 734 821 835 981
switch-indicator 0.0046 842 588 882 643
switch-indicator 0.0037 761 840 859 960
switch-indicator 0.0029 727 773 797 905
switch-indicator 0.0017 846 555 902 651
switch-indicator 0.0010 857 587 909 646
switch-left 0.4304 944 836 1276 1039
switch-left 0.3244 197 823 578 987
switch-left 0.1811 1061 582 1170 635
switch-left 0.0317 156 886 535 994
switch-left 0.0266 958 641 1273 1064
switch-left 0.0075 951 949 1292 1042
switch-left 0.0059 532 593 708 662
switch-left 0.0025 274 754 611 944
switch-left 0.0018 273 670 693 1025
switch-left 0.0017 578 568 702 623
switch-left 0.0013 936 745 1227 994
switch-left 0.0012 177 900 397 983
switch-left 0.0011 133 946 541 1049
switch-right 0.3466 1064 586 1169 634
switch-right 0.2709 951 842 1273 1048
switch-right 0.1019 219 785 607 984
switch-right 0.0058 582 572 699 617
switch-right 0.0034 188 868 486 982
switch-right 0.0019 543 594 689 636
switch-unknown 0.0331 577 579 697 613
switch-unknown 0.0085 1169 545 1241 576
switch-unknown 0.0049 670 545 746 565
switch-unknown 0.0040 565 590 692 627
switch-unknown 0.0022 654 548 725 571
switch-unknown 0.0019 1157 523 1221 553
switch-unknown 0.0011 997 536 1053 561
switch-static 0.2949 742 862 900 974
switch-static 0.1699 713 723 814 800
switch-static 0.1201 538 909 822 978
switch-static 0.1021 801 878 938 957
switch-static 0.0586 675 843 876 964
switch-static 0.0402 378 581 963 1016
switch-static 0.0207 773 881 878 957
switch-static 0.0157 606 916 764 971
switch-static 0.0149 714 733 812 914
switch-static 0.0096 565 871 890 983
switch-static 0.0080 734 699 816 757
switch-static 0.0076 1284 953 1535 1042
switch-static 0.0049 728 875 972 1019
switch-static 0.0038 713 906 896 983
switch-static 0.0029 796 898 953 1006
switch-static 0.0025 517 916 715 986
switch-static 0.0018 811 956 965 1012
switch-static 0.0015 627 892 784 963
switch-static 0.0013 724 793 811 995
switch-static 0.0013 759 695 800 721
switch-static 0.0011 817 594 860 650
switch-static 0.0011 792 806 948 956
switch-static 0.0011 695 630 925 887
switch-static 0.0011 816 853 956 936
track-sign-front 0.0150 836 81 866 122
track-sign-front 0.0012 630 450 648 478
track-sign-front 0.0011 846 471 867 595
track-signal-front 0.0064 1075 383 1096 501
track-signal-front 0.0013 838 74 864 114
track-signal-back 0.0075 1178 393 1196 429
track-signal-back 0.0047 1260 390 1274 477
track-signal-back 0.0034 1167 397 1188 432
track-signal-back 0.0028 1265 388 1287 482
person-group 0.0192 1294 505 1408 577
fence 0.0870 1246 515 1374 577
fence 0.0078 1199 492 1424 609
fence 0.0044 1169 471 1435 672
person 0.6132 1346 551 1400 704
person 0.0077 1297 534 1439 700
pole 0.3289 840 42 868 628
pole 0.2399 854 136 894 630
pole 0.0939 844 257 860 604
pole 0.0923 878 178 907 589
pole 0.0691 975 333 989 539
pole 0.0681 1256 218 1267 556
pole 0.0528 1366 418 1375 541
pole 0.0287 1358 413 1379 548
pole 0.0171 1354 450 1389 557
pole 0.0169 830 94 882 638
pole 0.0152 976 367 986 514
pole 0.0146 1262 253 1285 579
pole 0.0143 1076 380 1097 535
pole 0.0135 850 189 883 539
pole 0.0125 846 404 868 656
pole 0.0117 979 405 999 542
pole 0.0112 895 467 907 589
pole 0.0089 845 168 862 515
pole 0.0085 1325 393 1341 530
pole 0.0085 1326 452 1391 565
pole 0.0081 943 336 957 534
pole 0.0080 1250 202 1264 535
pole 0.0074 847 491 866 617
pole 0.0071 888 351 910 613
pole 0.0068 846 328 889 625
pole 0.0061 1317 417 1346 547
pole 0.0059 1243 193 1269 559
pole 0.0053 1366 351 1380 534
pole 0.0046 945 373 953 504
pole 0.0045 1261 306 1276 571
pole 0.0032 882 173 900 509
pole 0.0027 1009 335 1027 543
pole 0.0027 1062 417 1096 536
pole 0.0026 1089 422 1126 534
pole 0.0025 1413 398 1434 526
pole 0.0025 968 331 997 545
pole 0.0024 1318 342 1338 545
pole 0.0019 1352 324 1377 552
pole 0.0019 844 465 880 596
pole 0.0018 889 420 910 550
pole 0.0017 844 253 917 635
pole 0.0017 839 198 856 526
pole 0.0015 844 391 859 530
pole 0.0015 941 356 967 552
pole 0.0015 961 406 1018 543
pole 0.0015 938 394 963 518
pole 0.0012 892 488 919 573
pole 0.0012 1255 345 1270 489
pole 0.0012 1011 376 1029 504
pole 0.0010 1239 221 1287 614
pole 0.0010 989 412 1041 537
pole 0.0010 883 391 907 528
pole 0.0010 1299 399 1331 521
rail-occluder 0.1030 1243 514 1375 578
rail-occluder 0.0584 855 564 897 613
rail-occluder 0.0396 1294 511 1351 569
rail-occluder 0.0355 1287 500 1420 556
rail-occluder 0.0265 867 561 899 597
rail-occluder 0.0134 1237 527 1304 579
rail-occluder 0.0063 1308 474 1354 559
rail-occluder 0.0053 891 524 908 590
rail-occluder 0.0050 1215 488 1448 551
rail-occluder 0.0046 848 533 879 625
rail-occluder 0.0039 1285 477 1329 529
rail-occluder 0.0035 1194 519 1431 599
rail-occluder 0.0033 1195 496 1324 574
rail-occluder 0.0025 1179 532 1351 584
rail-occluder 0.0024 843 509 895 619
rail-occluder 0.0021 981 517 1006 548
rail-occluder 0.0018 1207 530 1269 576
rail-occluder 0.0018 840 542 907 643
rail-occluder 0.0018 1261 538 1354 582
rail-occluder 0.0014 1195 544 1252 583
rail-occluder 0.0010 891 529 921 574
rail-occluder 0.0010 1363 479 1430 539
