rail 0.9677 996 502 1332 1077
rail 0.9459 266 493 1107 1077
track-sign-front 0.5754 1104 473 1124 498
track-sign-front 0.0454 1109 478 1127 512
track-sign-front 0.0253 1099 418 1124 524
track-sign-front 0.0229 935 490 958 514
track-sign-front 0.0198 1100 470 1128 504
track-sign-front 0.0179 1108 480 1131 575
track-sign-front 0.0179 1113 498 1128 558
track-sign-front 0.0026 1892 575 1918 614
track-sign-front 0.0020 1095 488 1112 558
pole 0.2547 1093 316 1123 566
pole 0.0181 1081 319 1137 596
pole 0.0045 1100 422 1128 557
pole 0.0036 1097 385 1122 527
