crossing 0.0016 31 872 407 1073
crossing 0.0013 235 860 399 1015
guard-rail 0.0026 652 883 726 1072
guard-rail 0.0020 281 834 401 1056
guard-rail 0.0015 577 836 731 1068
train-car 0.0380 1710 659 1914 761
train-car 0.0016 1555 664 1896 773
platform 0.0024 254 793 537 833
rail 0.9488 5 819 406 1078
rail 0.9393 279 806 736 1078
rail 0.0168 662 761 1979 1068
rail 0.0052 1245 793 1886 878
rail 0.0030 1184 770 1941 949
rail 0.0020 1487 723 1887 864
rail 0.0019 250 793 682 887
rail 0.0016 1337 768 1879 850
rail 0.0015 277 802 723 948
rail 0.0012 1187 803 1905 1079
rail 0.0011 258 812 1371 1087
track-sign-front 0.5738 650 749 674 779
track-sign-front 0.5416 647 747 676 854
track-sign-front 0.0874 548 744 591 786
track-sign-front 0.0836 905 816 954 907
track-sign-front 0.0778 1459 638 1495 671
track-sign-front 0.0527 1444 688 1465 714
track-sign-front 0.0256 508 748 542 779
track-sign-front 0.0183 503 707 530 765
track-sign-front 0.0137 511 745 558 784
track-sign-front 0.0112 464 750 500 777
track-sign-front 0.0085 651 747 678 803
track-sign-front 0.0080 24 641 49 665
track-sign-front 0.0059 1348 727 1379 752
track-sign-front 0.0055 1446 673 1467 712
track-sign-front 0.0049 478 739 512 777
track-sign-front 0.0044 632 742 670 847
track-sign-front 0.0039 595 746 630 792
track-sign-front 0.0037 637 775 687 845
track-sign-front 0.0031 1319 750 1378 819
track-sign-front 0.0031 429 744 453 786
track-sign-front 0.0030 634 746 668 780
track-sign-front 0.0030 1745 58 1917 245
track-sign-front 0.0027 438 743 486 799
track-sign-front 0.0021 1732 17 1900 120
track-sign-front 0.0020 749 649 772 702
track-sign-front 0.0020 1445 689 1470 737
track-sign-front 0.0019 653 743 675 768
track-sign-front 0.0018 549 739 607 806
track-sign-front 0.0018 497 753 535 810
track-sign-front 0.0016 1455 623 1498 665
track-sign-front 0.0015 21 626 52 663
track-sign-front 0.0014 15 636 45 668
track-sign-front 0.0014 1688 -50 1904 123
track-sign-front 0.0013 601 734 634 777
track-sign-front 0.0013 749 635 775 669
track-sign-front 0.0012 646 697 664 721
track-signal-front 0.0475 751 675 769 706
track-signal-front 0.0389 506 703 522 737
track-signal-front 0.0144 28 711 51 742
track-signal-front 0.0037 743 679 768 728
track-signal-front 0.0023 748 637 769 672
track-signal-front 0.0022 27 704 49 728
track-signal-front 0.0018 31 709 55 758
track-signal-front 0.0014 498 701 529 740
track-signal-front 0.0012 642 698 665 732
track-signal-front 0.0011 745 648 773 719
track-signal-back 0.3494 1758 128 1922 531
track-signal-back 0.0193 1754 140 1868 238
track-signal-back 0.0108 1753 127 1917 337
track-signal-back 0.0019 1296 515 1367 642
track-signal-back 0.0010 188 661 220 706
track-signal-back 0.0010 1760 174 1883 395
track-signal-back 0.0010 1826 179 1921 452
person 0.7615 1734 745 1807 948
person 0.7517 1146 746 1206 898
person 0.6866 1867 745 1922 1055
person 0.1836 1103 723 1138 787
person 0.0618 1739 738 1774 792
person 0.0381 1739 736 1783 843
person 0.0329 1888 753 1920 912
person 0.0236 426 749 454 810
person 0.0173 1606 690 1642 753
person 0.0166 1759 765 1824 942
person 0.0126 1737 741 1847 1009
person 0.0081 1618 684 1652 750
person 0.0060 411 740 444 815
person 0.0059 1779 746 1894 979
person 0.0056 1705 743 1777 940
person 0.0055 1871 880 1917 1031
person 0.0053 1732 724 1804 792
person 0.0053 1878 905 1921 1086
person 0.0052 1312 751 1368 818
person 0.0047 1890 723 1920 832
person 0.0043 350 752 381 810
person 0.0035 381 750 420 810
person 0.0034 1555 717 1571 746
person 0.0028 441 746 473 819
person 0.0027 1096 711 1144 806
person 0.0025 1633 684 1657 726
person 0.0024 418 755 463 825
person 0.0022 1892 711 1919 780
person 0.0022 1712 731 1771 796
person 0.0022 1724 691 1814 806
person 0.0021 1103 713 1134 765
person 0.0018 1093 758 1282 915
person 0.0016 1635 693 1663 747
person 0.0016 1593 697 1629 748
person 0.0015 1309 732 1386 855
person 0.0015 1674 735 1786 873
person 0.0013 1880 817 1921 966
person 0.0013 1548 712 1569 746
person 0.0011 329 746 371 813
person 0.0011 304 750 339 811
person 0.0011 1100 726 1194 864
person 0.0010 360 756 494 806
pole 0.0122 1312 370 1405 1069
pole 0.0090 180 198 211 848
pole 0.0065 1450 813 1530 1067
pole 0.0035 157 121 221 914
pole 0.0018 1294 68 1386 980
pole 0.0017 1323 573 1394 958
pole 0.0016 1328 720 1389 867
pole 0.0011 897 552 939 950
pole 0.0011 1329 723 1396 997
pole 0.0010 1296 625 1445 981
rail-occluder 0.0078 1449 820 1533 1067
rail-occluder 0.0031 1346 807 1462 1037
rail-occluder 0.0018 1441 832 1519 945
rail-occluder 0.0014 1292 821 1538 1055
