platform 0.4628 1040 785 1920 1014
platform 0.0162 1322 807 1918 973
platform 0.0018 1129 792 1803 932
platform 0.0011 1490 858 1906 1007
platform 0.0010 1083 778 1667 878
rail 0.9378 732 788 1077 1077
rail 0.8791 978 791 1924 1078
rail 0.0752 721 783 883 1086
rail 0.0038 1182 787 1926 926
rail 0.0014 832 803 1002 1067
rail 0.0010 1302 765 1902 857
switch-indicator 0.0061 625 865 659 890
switch-static 0.0026 623 863 661 891
track-sign-front 0.0029 625 865 658 891
track-sign-front 0.0023 1269 682 1289 739
track-sign-front 0.0022 1071 716 1102 775
track-sign-front 0.0012 1269 686 1287 795
track-sign-front 0.0012 1098 703 1124 739
track-sign-front 0.0010 1088 713 1122 763
pole 0.0286 1069 526 1094 819
pole 0.0252 1418 381 1453 860
pole 0.0070 1365 698 1383 815
pole 0.0061 1159 615 1177 806
pole 0.0043 1060 541 1110 833
pole 0.0034 1069 581 1102 893
pole 0.0031 1005 658 1019 781
pole 0.0023 1051 530 1090 808
pole 0.0021 1268 642 1289 792
pole 0.0017 1073 675 1099 818
pole 0.0016 1416 647 1453 848
pole 0.0016 1386 658 1432 838
pole 0.0015 1360 689 1395 825
pole 0.0012 1094 613 1123 807
pole 0.0010 1261 673 1294 815
pole 0.0010 1382 696 1416 824
pole 0.0010 1151 654 1184 816
