guard-rail 0.0538 661 524 813 563
guard-rail 0.0060 663 539 852 587
guard-rail 0.0041 728 522 824 558
guard-rail 0.0029 370 581 396 624
guard-rail 0.0026 672 564 868 628
guard-rail 0.0015 717 571 799 615
guard-rail 0.0015 1799 810 1922 865
guard-rail 0.0011 1039 607 1093 656
guard-rail 0.0010 649 523 734 555
train-car 0.9031 275 237 772 528
train-car 0.8159 714 249 1133 505
train-car 0.0072 800 242 902 491
train-car 0.0054 831 164 1052 567
train-car 0.0048 689 181 949 508
train-car 0.0044 826 244 1305 521
train-car 0.0030 881 245 961 510
train-car 0.0030 432 270 669 503
train-car 0.0029 525 243 648 528
train-car 0.0028 782 211 829 515
train-car 0.0020 1027 227 1145 532
train-car 0.0014 510 482 576 531
train-car 0.0014 803 200 851 521
train-car 0.0010 1040 114 1196 536
train-car 0.0010 416 244 963 510
platform 0.4715 894 510 1915 744
platform 0.0072 1266 609 1923 723
platform 0.0065 988 616 1937 851
platform 0.0044 1753 799 1920 858
platform 0.0027 1024 553 1716 689
platform 0.0020 1077 455 1851 669
platform 0.0014 1823 808 1922 862
platform 0.0012 964 472 1593 641
rail 0.8006 296 485 1474 1082
rail 0.5585 643 514 1929 850
rail 0.0495 646 519 833 569
rail 0.0387 636 512 1176 641
rail 0.0361 628 506 1064 590
rail 0.0353 984 493 1260 552
rail 0.0180 492 499 1531 735
rail 0.0140 862 493 1297 591
rail 0.0115 755 506 893 554
rail 0.0088 663 511 932 562
rail 0.0067 730 530 1016 581
rail 0.0064 0 751 678 1076
rail 0.0057 114 413 334 462
rail 0.0052 825 553 1149 633
rail 0.0049 1 859 504 1077
rail 0.0049 608 390 1214 599
rail 0.0049 654 540 887 593
rail 0.0046 615 526 1153 739
rail 0.0044 175 428 330 467
rail 0.0044 -1 688 283 1071
rail 0.0040 979 504 1173 581
rail 0.0039 818 434 1339 568
rail 0.0039 896 578 1234 651
rail 0.0032 16 954 458 1077
rail 0.0031 1033 463 1415 570
rail 0.0031 775 523 1295 697
rail 0.0029 767 540 1068 598
rail 0.0027 2 704 141 1073
rail 0.0025 1040 494 1194 538
rail 0.0025 21 301 250 569
rail 0.0023 902 460 1682 628
rail 0.0023 674 620 1896 1006
rail 0.0023 737 500 995 562
rail 0.0021 163 971 248 1031
rail 0.0019 21 665 142 934
rail 0.0019 583 497 898 612
rail 0.0018 100 422 302 481
rail 0.0018 1072 469 1196 551
rail 0.0017 -4 521 450 1085
rail 0.0017 0 724 70 1075
rail 0.0016 625 535 969 664
rail 0.0015 595 497 756 550
rail 0.0015 195 416 302 459
rail 0.0015 740 518 856 555
rail 0.0014 140 441 978 1081
rail 0.0013 -1 413 276 726
rail 0.0013 450 428 1260 823
rail 0.0013 994 501 1136 555
rail 0.0013 567 330 1423 689
rail 0.0011 194 422 258 471
rail 0.0011 948 594 1196 667
rail 0.0011 1006 417 1297 545
rail 0.0010 962 505 1061 547
switch-indicator 0.4198 39 708 86 854
switch-indicator 0.0424 960 580 987 608
switch-indicator 0.0330 797 509 854 536
switch-indicator 0.0263 452 927 486 1000
switch-indicator 0.0203 957 578 997 619
switch-indicator 0.0131 805 533 1155 617
switch-indicator 0.0095 1055 600 1089 647
switch-indicator 0.0078 897 569 1170 641
switch-indicator 0.0071 905 545 1062 609
switch-indicator 0.0056 978 578 1093 637
switch-indicator 0.0048 5 753 79 862
switch-indicator 0.0046 757 508 803 536
switch-indicator 0.0044 675 503 890 565
switch-indicator 0.0042 762 504 878 557
switch-indicator 0.0038 942 566 1029 623
switch-indicator 0.0037 16 707 97 965
switch-indicator 0.0034 32 710 80 789
switch-indicator 0.0032 1033 591 1095 641
switch-indicator 0.0027 32 675 124 921
switch-indicator 0.0027 938 515 1116 596
switch-indicator 0.0025 993 530 1041 578
switch-indicator 0.0023 935 575 990 617
switch-indicator 0.0022 448 932 507 1016
switch-indicator 0.0022 976 546 1061 593
switch-indicator 0.0020 0 763 30 859
switch-indicator 0.0015 963 528 1065 579
switch-indicator 0.0012 979 506 1044 542
switch-indicator 0.0011 0 714 23 837
switch-indicator 0.0010 948 592 1037 634
switch-left 0.0262 646 517 833 567
switch-unknown 0.0155 656 520 811 562
switch-unknown 0.0049 302 441 340 475
switch-unknown 0.0043 265 438 337 473
switch-unknown 0.0022 630 502 753 548
switch-unknown 0.0016 240 433 314 465
switch-unknown 0.0014 711 516 803 553
switch-unknown 0.0010 607 506 718 542
switch-static 0.0850 790 509 857 536
switch-static 0.0144 750 514 815 543
switch-static 0.0070 1807 1007 1917 1070
switch-static 0.0054 1354 860 1585 922
switch-static 0.0041 489 555 522 576
switch-static 0.0029 1464 833 1562 884
switch-static 0.0028 450 922 582 1002
switch-static 0.0024 1476 831 1533 878
switch-static 0.0023 784 518 869 554
switch-static 0.0022 1745 1010 1942 1080
switch-static 0.0019 1394 835 1562 894
switch-static 0.0015 943 573 1083 627
switch-static 0.0014 950 592 1083 640
switch-static 0.0011 1785 966 1921 1080
switch-static 0.0011 953 594 1031 634
switch-static 0.0010 644 477 741 538
switch-static 0.0010 7 680 131 905
track-sign-front 0.8425 69 376 129 472
track-sign-front 0.7584 564 11 632 69
track-sign-front 0.5773 1123 262 1147 297
track-sign-front 0.5475 522 500 556 528
track-sign-front 0.5146 1695 235 1761 300
track-sign-front 0.2549 1356 476 1405 531
track-sign-front 0.1550 1470 425 1521 477
track-sign-front 0.0507 563 0 634 130
track-sign-front 0.0270 1117 238 1152 326
track-sign-front 0.0237 587 274 613 431
track-sign-front 0.0200 1127 391 1144 439
track-sign-front 0.0188 1132 408 1142 532
track-sign-front 0.0172 565 48 627 83
track-sign-front 0.0161 586 306 609 387
track-sign-front 0.0160 1128 380 1144 486
track-sign-front 0.0118 1125 314 1143 507
track-sign-front 0.0100 1191 469 1215 506
track-sign-front 0.0095 55 384 244 485
track-sign-front 0.0087 43 711 84 790
track-sign-front 0.0083 1189 460 1206 513
track-sign-front 0.0064 593 445 607 508
track-sign-front 0.0053 1683 216 1769 324
track-sign-front 0.0041 1217 475 1242 510
track-sign-front 0.0040 1192 464 1225 534
track-sign-front 0.0035 590 408 605 502
track-sign-front 0.0033 1125 347 1145 447
track-sign-front 0.0033 511 494 564 532
track-sign-front 0.0031 1212 469 1252 532
track-sign-front 0.0026 1119 207 1151 409
track-sign-front 0.0025 592 472 606 553
track-sign-front 0.0024 1130 389 1159 434
track-sign-front 0.0023 1193 403 1212 502
track-sign-front 0.0023 1351 458 1411 565
track-sign-front 0.0021 1321 452 1439 576
track-sign-front 0.0021 1238 495 1263 539
track-sign-front 0.0020 520 501 560 549
track-sign-front 0.0020 1120 415 1144 541
track-sign-front 0.0020 521 478 555 526
track-sign-front 0.0020 1113 269 1136 407
track-sign-front 0.0017 133 342 160 385
track-sign-front 0.0015 137 349 165 398
track-sign-front 0.0015 1102 209 1133 428
track-sign-front 0.0013 1181 409 1210 507
track-sign-front 0.0013 1127 351 1161 472
track-sign-front 0.0013 586 251 610 311
track-sign-front 0.0011 1132 404 1161 512
track-sign-front 0.0011 1460 408 1528 519
track-sign-front 0.0011 1091 348 1181 524
track-sign-front 0.0011 38 683 91 812
track-sign-front 0.0010 437 -40 640 107
track-sign-front 0.0010 1209 481 1257 562
track-sign-front 0.0010 1122 288 1148 425
track-sign-front 0.0010 26 338 46 386
track-signal-front 0.7943 570 71 627 220
track-signal-front 0.7838 1102 26 1166 193
track-signal-front 0.1692 1108 24 1166 111
track-signal-front 0.0151 576 133 626 230
track-signal-front 0.0125 569 71 624 125
track-signal-front 0.0115 575 197 618 228
track-signal-front 0.0113 1117 169 1159 203
track-signal-front 0.0068 1112 15 1166 70
track-signal-front 0.0041 141 262 159 318
track-signal-front 0.0027 1051 241 1072 265
track-signal-front 0.0027 137 338 168 389
track-signal-front 0.0022 581 213 609 263
track-signal-front 0.0020 144 338 168 369
track-signal-front 0.0017 1107 123 1165 214
track-signal-front 0.0016 513 47 645 230
track-signal-back 0.0232 587 302 613 379
track-signal-back 0.0133 888 280 911 325
track-signal-back 0.0051 586 283 610 356
track-signal-back 0.0033 588 239 610 280
track-signal-back 0.0026 892 269 931 320
track-signal-back 0.0024 1123 168 1164 203
track-signal-back 0.0013 583 199 611 287
track-signal-back 0.0012 585 261 608 317
pole 0.1967 921 -20 960 538
pole 0.0794 223 -22 264 608
pole 0.0535 1114 94 1157 547
pole 0.0501 569 35 617 545
pole 0.0316 584 235 612 540
pole 0.0300 178 -94 261 818
pole 0.0287 55 135 244 726
pole 0.0243 214 -95 274 808
pole 0.0228 1104 -40 1169 609
pole 0.0171 1128 369 1145 557
pole 0.0164 50 341 245 519
pole 0.0147 119 -68 242 811
pole 0.0135 169 -2 232 649
pole 0.0129 1123 250 1145 537
pole 0.0125 795 165 832 517
pole 0.0112 195 12 249 692
pole 0.0107 899 -7 952 577
pole 0.0083 1120 205 1170 621
pole 0.0070 534 40 649 648
pole 0.0061 931 6 954 341
pole 0.0038 1112 249 1138 427
pole 0.0034 147 321 290 535
pole 0.0034 789 3 854 568
pole 0.0030 584 195 631 483
pole 0.0030 1081 13 1151 539
pole 0.0029 1116 389 1155 596
pole 0.0027 583 1 641 458
pole 0.0020 48 35 335 902
pole 0.0020 786 -23 826 501
pole 0.0020 1115 248 1151 469
pole 0.0018 235 12 264 398
pole 0.0015 1131 386 1161 531
pole 0.0015 1127 212 1161 507
pole 0.0015 193 357 311 506
pole 0.0014 775 184 848 506
pole 0.0014 1079 14 1206 593
pole 0.0013 1116 377 1199 596
pole 0.0013 520 182 666 504
pole 0.0013 144 -5 304 679
pole 0.0013 232 426 278 892
pole 0.0010 1068 165 1136 516
rail-occluder 0.0568 1750 810 1778 851
rail-occluder 0.0510 1746 810 1812 857
rail-occluder 0.0119 164 977 234 1030
rail-occluder 0.0117 592 491 610 572
rail-occluder 0.0068 1755 813 1845 866
rail-occluder 0.0064 1190 462 1207 529
rail-occluder 0.0050 1741 813 1830 895
rail-occluder 0.0039 1749 808 1781 895
rail-occluder 0.0029 1740 808 1874 852
rail-occluder 0.0027 131 970 249 1035
rail-occluder 0.0027 1734 798 1911 909
rail-occluder 0.0023 1193 467 1246 564
rail-occluder 0.0022 1738 805 1776 843
rail-occluder 0.0022 314 438 347 477
rail-occluder 0.0021 213 418 284 454
rail-occluder 0.0020 216 430 290 467
rail-occluder 0.0014 1705 804 1807 843
rail-occluder 0.0013 1157 467 1269 587
rail-occluder 0.0012 1754 811 1914 873
rail-occluder 0.0012 1167 466 1212 578
rail-occluder 0.0012 214 415 243 456
rail-occluder 0.0010 586 500 620 569
rail-occluder 0.0010 1210 495 1247 599
