guard-rail 0.5545 976 632 995 692
guard-rail 0.5376 837 642 885 695
guard-rail 0.1112 821 644 869 703
guard-rail 0.0905 946 606 972 694
guard-rail 0.0719 987 643 1006 695
guard-rail 0.0526 957 610 986 691
guard-rail 0.0411 979 648 999 700
guard-rail 0.0401 728 726 805 784
guard-rail 0.0336 863 634 891 695
guard-rail 0.0331 841 612 879 636
guard-rail 0.0240 941 583 983 693
guard-rail 0.0196 929 568 972 665
guard-rail 0.0174 827 630 885 718
guard-rail 0.0160 812 612 858 650
guard-rail 0.0143 934 577 971 610
guard-rail 0.0119 980 602 1002 684
guard-rail 0.0086 756 712 817 770
guard-rail 0.0083 920 569 959 627
guard-rail 0.0082 849 605 888 630
guard-rail 0.0076 737 687 830 772
guard-rail 0.0047 868 625 900 679
guard-rail 0.0036 961 636 1009 697
guard-rail 0.0028 709 730 886 1079
guard-rail 0.0028 828 594 878 635
guard-rail 0.0027 794 610 911 711
guard-rail 0.0027 658 661 867 860
guard-rail 0.0025 904 613 944 690
guard-rail 0.0023 795 617 840 667
guard-rail 0.0023 771 665 891 744
guard-rail 0.0022 848 609 909 690
guard-rail 0.0021 786 631 863 719
guard-rail 0.0020 991 658 1020 733
guard-rail 0.0017 726 676 794 767
guard-rail 0.0014 785 692 869 741
guard-rail 0.0014 842 701 911 731
guard-rail 0.0014 992 685 1017 756
guard-rail 0.0013 999 668 1026 756
guard-rail 0.0013 780 598 846 648
guard-rail 0.0012 779 655 844 737
guard-rail 0.0012 870 599 915 646
train-car 0.0013 907 518 949 543
rail 0.9512 19 543 898 1076
rail 0.9410 895 549 1165 1077
rail 0.8892 417 573 944 1077
rail 0.0060 685 596 1148 1081
rail 0.0030 711 622 947 1077
rail 0.0018 718 751 874 1073
rail 0.0015 578 583 903 940
rail 0.0012 865 590 1011 1069
switch-right 0.0226 930 573 970 629
switch-unknown 0.0277 930 569 964 597
switch-unknown 0.0086 918 564 957 595
switch-unknown 0.0036 940 570 973 593
switch-unknown 0.0015 922 532 962 576
switch-unknown 0.0014 901 524 956 565
track-sign-front 0.3952 1007 525 1021 542
track-sign-front 0.0536 1011 523 1030 543
track-sign-front 0.0321 1006 511 1021 539
track-sign-front 0.0037 1001 523 1026 546
track-sign-front 0.0024 954 510 976 545
track-sign-front 0.0013 987 472 1026 532
track-sign-front 0.0013 1005 540 1019 610
track-sign-front 0.0012 476 549 504 588
track-sign-front 0.0011 980 559 1016 608
track-sign-front 0.0010 913 512 969 547
pole 0.0106 827 444 838 578
pole 0.0026 834 464 866 578
pole 0.0020 859 494 871 557
pole 0.0016 822 442 860 573
