crossing 0.7691 831 674 940 722
crossing 0.5633 1135 658 1278 695
crossing 0.4406 346 701 566 760
crossing 0.3881 1362 636 1534 674
crossing 0.3074 18 735 308 788
crossing 0.2933 1132 658 1225 686
crossing 0.1393 1148 668 1299 707
crossing 0.0818 1 734 167 798
crossing 0.0677 1416 640 1521 669
crossing 0.0658 1291 639 1484 679
crossing 0.0483 305 716 515 765
crossing 0.0440 429 702 579 750
crossing 0.0262 0 716 346 807
crossing 0.0144 821 672 975 789
crossing 0.0130 1281 634 1437 668
crossing 0.0117 1351 640 1463 674
crossing 0.0100 333 663 579 779
crossing 0.0073 -4 744 127 820
crossing 0.0069 1151 685 1306 725
crossing 0.0068 44 708 388 775
crossing 0.0063 12 711 128 781
crossing 0.0063 1118 657 1176 690
crossing 0.0060 1216 618 1518 678
crossing 0.0054 1313 628 1498 664
crossing 0.0053 797 616 986 757
crossing 0.0049 88 741 261 779
crossing 0.0049 388 714 503 760
crossing 0.0049 831 647 949 756
crossing 0.0042 1256 649 1412 684
crossing 0.0034 1121 633 1293 696
crossing 0.0033 776 601 1030 911
crossing 0.0030 -1 714 77 786
crossing 0.0029 1121 657 1149 717
crossing 0.0029 1221 662 1344 690
crossing 0.0024 31 740 134 791
crossing 0.0019 1166 611 1342 666
crossing 0.0019 1314 622 1389 642
crossing 0.0017 1400 635 1587 689
crossing 0.0015 -10 655 196 919
crossing 0.0015 1265 616 1438 648
crossing 0.0015 1064 576 1348 774
crossing 0.0013 1135 597 1428 704
crossing 0.0012 1221 553 1659 788
crossing 0.0011 1255 607 1574 743
crossing 0.0011 1291 626 1381 658
crossing 0.0010 350 721 465 760
guard-rail 0.0051 -5 743 127 820
guard-rail 0.0034 1 804 141 901
guard-rail 0.0026 0 750 72 824
guard-rail 0.0024 0 765 126 863
guard-rail 0.0021 0 839 73 910
guard-rail 0.0020 0 855 123 928
guard-rail 0.0020 475 706 578 753
guard-rail 0.0016 963 819 985 877
guard-rail 0.0016 0 837 228 963
guard-rail 0.0016 0 771 233 930
guard-rail 0.0011 6 788 312 1010
train-car 0.6541 1155 508 1206 579
platform 0.0131 5 738 306 814
platform 0.0016 17 723 372 847
platform 0.0015 -12 695 278 765
platform 0.0011 1375 610 1922 735
rail 0.9542 762 565 1074 1073
rail 0.9384 1046 563 1917 1041
rail 0.9008 -1 559 994 1048
rail 0.7617 1151 578 1916 798
rail 0.4637 8 576 914 822
rail 0.0902 0 630 642 797
rail 0.0305 1188 616 1840 708
rail 0.0221 -10 686 431 817
rail 0.0081 1 704 480 976
rail 0.0066 26 689 375 771
rail 0.0057 1174 591 1387 661
rail 0.0028 139 691 401 736
rail 0.0022 0 743 295 939
rail 0.0022 1353 634 1927 776
rail 0.0016 451 570 992 756
rail 0.0014 1234 607 1431 651
rail 0.0013 1071 585 1239 718
rail 0.0011 1128 565 1253 635
rail 0.0011 1158 573 1468 680
rail 0.0011 625 568 967 655
rail 0.0011 1137 574 1318 682
switch-indicator 0.0014 188 643 212 670
switch-static 0.0018 0 860 60 909
switch-static 0.0017 566 651 598 672
switch-static 0.0011 568 647 595 664
track-sign-front 0.0107 1007 482 1027 560
track-sign-front 0.0077 1029 556 1071 598
track-sign-front 0.0058 500 567 522 594
track-sign-front 0.0055 1542 436 1568 464
track-sign-front 0.0053 47 617 107 698
track-sign-front 0.0048 495 563 518 610
track-sign-front 0.0041 999 511 1031 638
track-sign-front 0.0035 1006 539 1035 656
track-sign-front 0.0027 1025 555 1068 631
track-sign-front 0.0024 1080 345 1112 383
track-sign-front 0.0022 984 603 1003 638
track-sign-front 0.0017 984 558 1014 633
track-sign-front 0.0015 1064 343 1098 377
track-sign-front 0.0013 8 709 72 756
track-sign-front 0.0013 1018 509 1067 615
track-sign-front 0.0012 491 533 515 636
track-sign-front 0.0011 508 563 536 594
track-sign-front 0.0011 1840 506 1867 528
track-sign-front 0.0010 476 557 513 649
track-signal-front 0.8550 1040 203 1101 350
track-signal-front 0.7897 1533 212 1592 348
track-signal-front 0.0468 1106 397 1128 430
track-signal-front 0.0318 1549 355 1591 433
track-signal-front 0.0082 1537 353 1574 436
track-signal-front 0.0049 1511 210 1575 358
track-signal-front 0.0047 1891 419 1920 510
track-signal-front 0.0030 1537 174 1595 629
track-signal-front 0.0030 1539 427 1566 461
track-signal-front 0.0019 1506 184 1617 342
track-signal-front 0.0015 1549 417 1579 461
track-signal-front 0.0011 1617 475 1652 530
track-signal-front 0.0010 1518 329 1564 436
track-signal-back 0.4167 0 245 30 409
track-signal-back 0.1560 756 492 775 531
track-signal-back 0.0716 755 478 775 555
track-signal-back 0.0169 48 609 105 701
track-signal-back 0.0130 980 474 996 531
track-signal-back 0.0038 799 479 814 551
track-signal-back 0.0037 979 455 1024 548
track-signal-back 0.0027 1609 473 1632 514
track-signal-back 0.0014 9 262 51 447
person 0.0017 1484 588 1507 638
pole 0.4490 1005 309 1030 642
pole 0.4469 1556 415 1601 745
pole 0.3179 1102 434 1138 760
pole 0.2835 9 182 78 955
pole 0.2517 1096 193 1134 773
pole 0.1917 480 336 503 684
pole 0.1626 752 438 776 616
pole 0.1192 991 319 1022 646
pole 0.0531 1545 212 1594 758
pole 0.0360 754 478 768 618
pole 0.0324 901 470 912 586
pole 0.0305 1002 438 1028 667
pole 0.0269 1067 358 1084 621
pole 0.0261 1068 469 1083 577
pole 0.0260 988 305 1045 668
pole 0.0247 1560 543 1598 792
pole 0.0194 938 472 948 578
pole 0.0175 1109 407 1129 702
pole 0.0168 893 458 924 588
pole 0.0165 1574 423 1627 734
pole 0.0151 29 368 108 951
pole 0.0150 992 478 1012 610
pole 0.0142 1264 559 1901 773
pole 0.0140 1101 461 1171 774
pole 0.0124 978 390 998 589
pole 0.0100 -6 206 122 994
pole 0.0097 970 459 1001 591
pole 0.0095 1071 424 1090 622
pole 0.0092 44 611 98 701
pole 0.0091 471 320 520 701
pole 0.0079 1517 288 1622 744
pole 0.0071 980 449 997 558
pole 0.0064 981 463 1023 595
pole 0.0058 1055 456 1084 641
pole 0.0048 801 470 813 586
pole 0.0048 1076 411 1125 679
pole 0.0047 1108 501 1129 600
pole 0.0045 993 494 1036 660
pole 0.0041 1010 401 1043 648
pole 0.0039 1041 549 1073 609
pole 0.0035 1018 454 1061 671
pole 0.0035 940 494 957 584
pole 0.0033 1547 497 1585 748
pole 0.0031 1027 536 1068 622
pole 0.0030 13 434 98 805
pole 0.0027 1523 421 1674 767
pole 0.0026 1108 222 1171 751
pole 0.0026 1561 372 1586 705
pole 0.0023 1005 418 1031 554
pole 0.0023 1069 442 1086 539
pole 0.0022 1003 276 1022 563
pole 0.0020 1063 151 1136 720
pole 0.0017 901 488 919 595
pole 0.0016 -1 424 12 732
pole 0.0015 1103 346 1125 629
pole 0.0015 978 411 1036 701
pole 0.0013 1075 480 1150 805
pole 0.0013 1006 467 1048 587
pole 0.0013 1071 474 1122 610
pole 0.0012 11 620 130 846
pole 0.0012 3 211 48 618
pole 0.0012 1049 491 1181 743
pole 0.0011 1844 511 1864 701
pole 0.0011 1099 292 1125 498
pole 0.0011 1565 554 1597 692
pole 0.0010 37 243 147 798
pole 0.0010 1109 533 1137 674
pole 0.0010 1561 512 1590 659
pole 0.0010 480 525 511 704
pole 0.0010 756 565 771 625
rail-occluder 0.0010 40 764 147 818
