rail 0.9676 0 483 830 1076
rail 0.9583 800 492 1344 1076
rail 0.0026 913 529 1188 1053
track-sign-front 0.7794 594 446 623 474
track-sign-front 0.7513 1113 475 1139 501
track-sign-front 0.1827 898 474 907 490
track-sign-front 0.1104 898 470 909 484
track-sign-front 0.1094 669 441 680 462
track-sign-front 0.0965 899 476 910 494
track-sign-front 0.0217 668 443 682 502
track-sign-front 0.0168 897 471 908 496
track-sign-front 0.0138 668 469 683 508
track-sign-front 0.0117 770 448 786 507
track-sign-front 0.0074 730 458 744 496
track-sign-front 0.0061 667 421 682 478
track-sign-front 0.0044 1007 474 1022 534
track-sign-front 0.0043 942 494 954 535
track-sign-front 0.0042 897 477 912 513
track-sign-front 0.0037 1008 419 1031 462
track-sign-front 0.0032 728 463 744 516
track-sign-front 0.0031 942 512 953 532
track-sign-front 0.0026 735 444 786 515
track-sign-front 0.0024 898 443 910 482
track-sign-front 0.0018 1006 498 1021 543
track-sign-front 0.0017 1113 457 1136 498
track-sign-front 0.0016 619 336 649 362
track-sign-front 0.0015 1116 473 1169 502
track-sign-front 0.0015 1018 473 1049 536
track-sign-front 0.0014 1010 441 1028 535
track-sign-front 0.0013 1114 508 1131 563
track-sign-front 0.0010 595 434 626 500
track-sign-front 0.0010 936 458 954 511
track-signal-front 0.8425 630 253 671 330
track-signal-front 0.7820 1102 291 1134 363
track-signal-front 0.0073 1105 343 1132 376
track-signal-front 0.0067 1104 357 1133 383
track-signal-front 0.0016 621 206 671 336
track-signal-front 0.0015 617 264 664 341
track-signal-front 0.0014 1108 361 1141 390
track-signal-front 0.0011 624 329 657 354
track-signal-back 0.8171 1005 375 1027 425
track-signal-back 0.6010 746 366 768 402
track-signal-back 0.0178 771 390 785 495
track-signal-back 0.0069 1003 373 1043 422
track-signal-back 0.0053 773 400 803 425
track-signal-back 0.0037 1010 402 1040 443
track-signal-back 0.0031 744 381 790 428
track-signal-back 0.0028 1004 409 1026 447
track-signal-back 0.0028 1036 385 1063 425
track-signal-back 0.0025 1001 356 1033 403
track-signal-back 0.0016 1007 416 1032 464
track-signal-back 0.0013 733 381 763 417
track-signal-back 0.0013 899 410 912 460
track-signal-back 0.0013 804 404 824 427
track-signal-back 0.0010 733 364 777 408
pole 0.0680 772 395 784 520
pole 0.0070 756 387 784 521
pole 0.0064 773 394 795 511
pole 0.0037 769 448 787 511
pole 0.0020 773 455 799 499
pole 0.0016 730 436 746 521
pole 0.0014 738 428 786 536
rail-occluder 0.0010 767 469 786 511
