crossing 0.0040 732 575 820 604
crossing 0.0027 871 512 935 536
crossing 0.0023 758 568 834 591
crossing 0.0016 709 587 812 624
crossing 0.0010 857 513 911 541
guard-rail 0.0338 1505 877 1913 1076
guard-rail 0.0108 1501 866 1740 1051
guard-rail 0.0081 1634 853 1917 1028
guard-rail 0.0054 1423 841 1684 968
guard-rail 0.0041 1730 842 1916 970
guard-rail 0.0035 1752 880 1921 1016
guard-rail 0.0024 1407 871 1632 1017
guard-rail 0.0019 1793 867 1919 963
guard-rail 0.0019 1528 879 1700 1002
guard-rail 0.0017 1646 841 1889 925
guard-rail 0.0015 1540 932 1794 1070
guard-rail 0.0015 1766 834 1903 909
guard-rail 0.0014 1375 772 1823 1040
guard-rail 0.0013 1493 861 1656 953
guard-rail 0.0013 1641 812 1883 896
guard-rail 0.0013 1390 839 1577 963
guard-rail 0.0013 1589 770 1803 862
guard-rail 0.0013 1433 726 1574 810
guard-rail 0.0012 1845 886 1919 1006
guard-rail 0.0011 1624 799 1811 882
guard-rail 0.0010 1357 760 1584 927
guard-rail 0.0010 1649 781 1774 848
guard-rail 0.0010 1769 989 1919 1071
guard-rail 0.0010 1841 927 1920 1065
platform 0.0020 862 511 949 539
rail 0.9663 785 513 1101 1081
rail 0.9534 0 519 919 1075
rail 0.9433 990 519 1919 1079
rail 0.0190 1392 680 1920 1064
rail 0.0176 1273 591 1902 954
rail 0.0151 1595 868 1918 1074
rail 0.0119 887 512 968 535
rail 0.0075 926 513 964 533
rail 0.0058 1619 844 1916 990
rail 0.0017 1420 665 1851 886
rail 0.0017 1238 534 1894 809
rail 0.0017 1616 761 1913 914
rail 0.0017 1754 909 1920 1068
rail 0.0016 1351 660 1580 857
rail 0.0015 1723 802 1921 1015
rail 0.0015 947 539 1092 1060
rail 0.0012 931 521 966 545
rail 0.0011 791 976 1089 1079
rail 0.0010 863 508 948 540
rail 0.0010 1292 601 1637 917
switch-indicator 0.2078 1243 547 1266 572
switch-indicator 0.0042 1241 548 1283 594
switch-indicator 0.0031 1245 559 1269 608
switch-indicator 0.0011 1183 542 1214 567
switch-unknown 0.0240 932 515 962 530
track-sign-front 0.2815 1242 547 1265 573
track-sign-front 0.0068 1091 474 1105 494
track-sign-front 0.0046 744 1020 777 1069
track-sign-front 0.0041 783 450 798 502
track-sign-front 0.0040 787 482 799 514
track-sign-front 0.0023 1242 533 1266 566
track-sign-front 0.0016 879 499 921 539
track-signal-front 0.0285 780 442 794 472
track-signal-front 0.0209 1330 350 1353 370
track-signal-front 0.0125 890 465 904 481
track-signal-front 0.0040 1092 474 1106 494
track-signal-front 0.0024 745 401 762 432
track-signal-front 0.0016 873 461 905 490
track-signal-back 0.6257 1014 431 1032 479
track-signal-back 0.0044 780 431 795 466
track-signal-back 0.0043 1140 418 1157 451
track-signal-back 0.0016 1143 426 1158 466
track-signal-back 0.0014 1136 413 1153 438
pole 0.2900 1020 461 1031 596
pole 0.0149 1015 451 1040 599
pole 0.0079 990 467 1029 580
pole 0.0017 934 511 963 536
pole 0.0015 1021 452 1053 595
pole 0.0013 1020 487 1044 637
rail-occluder 0.0026 1237 542 1266 599
rail-occluder 0.0017 1258 563 1392 625
