rail 0.9644 1155 419 1916 1079
rail 0.9222 744 419 1183 1078
rail 0.0182 -1 654 47 791
rail 0.0105 0 683 74 819
rail 0.0096 -1 597 55 755
rail 0.0070 0 681 50 902
rail 0.0069 0 551 48 696
rail 0.0059 0 699 38 837
rail 0.0038 0 654 134 892
rail 0.0038 1049 433 1162 1075
rail 0.0025 829 423 1193 829
rail 0.0024 -1 675 61 1042
rail 0.0021 -1 681 147 1059
rail 0.0017 0 631 36 725
rail 0.0017 0 522 42 643
rail 0.0017 0 658 102 784
rail 0.0016 1 606 208 800
rail 0.0014 -210 143 1285 1239
rail 0.0013 975 411 1193 1063
rail 0.0013 113 305 957 1074
rail 0.0013 -1 521 136 726
