platform 0.9530 1014 571 1914 1076
platform 0.0509 1129 565 1916 758
platform 0.0062 1170 573 1670 652
platform 0.0057 1757 646 1919 709
platform 0.0023 1842 645 1919 707
platform 0.0023 1236 531 1514 696
platform 0.0020 1633 619 1911 721
platform 0.0018 1792 637 1924 684
platform 0.0016 1856 632 1917 687
platform 0.0012 1183 497 1580 662
rail 0.9619 41 563 975 1075
rail 0.9441 996 559 1325 1077
rail 0.7900 -2 568 946 791
rail 0.6376 1198 588 1921 788
rail 0.2088 -1 585 805 715
rail 0.0534 1477 644 1918 754
rail 0.0334 0 631 418 694
rail 0.0154 1 647 267 698
rail 0.0133 1555 664 1918 803
rail 0.0085 1660 653 1919 731
rail 0.0069 2 652 309 728
rail 0.0067 307 568 897 663
rail 0.0059 49 629 640 793
rail 0.0052 0 634 417 753
rail 0.0039 1787 658 1923 717
rail 0.0024 1857 649 1919 728
rail 0.0024 7 609 542 683
rail 0.0023 215 588 777 648
rail 0.0022 1062 550 1810 722
rail 0.0017 1746 674 1919 804
rail 0.0013 -4 660 179 715
rail 0.0013 665 579 845 620
rail 0.0012 257 455 437 739
rail 0.0012 1160 532 1481 651
rail 0.0011 1872 633 1919 706
switch-unknown 0.0011 954 551 993 585
track-sign-front 0.0042 1127 447 1155 482
track-sign-front 0.0033 1124 449 1146 472
track-sign-front 0.0030 1139 565 1154 614
track-sign-front 0.0016 795 385 823 411
track-sign-front 0.0016 1759 569 1771 656
track-sign-front 0.0015 1127 428 1157 505
track-sign-front 0.0014 786 530 818 622
track-sign-front 0.0011 291 572 315 606
track-signal-front 0.0028 798 386 823 414
track-signal-front 0.0019 751 460 784 545
track-signal-front 0.0018 849 447 898 470
track-signal-front 0.0015 871 447 903 475
track-signal-front 0.0013 849 446 869 471
track-signal-front 0.0011 1007 509 1034 568
track-signal-front 0.0010 601 478 630 598
track-signal-back 0.0058 652 386 665 487
track-signal-back 0.0025 651 390 664 432
track-signal-back 0.0014 616 285 643 538
track-signal-back 0.0013 615 372 648 446
track-signal-back 0.0010 795 383 823 413
pole 0.6200 308 -10 381 795
pole 0.5834 797 392 816 615
pole 0.5381 1489 55 1534 745
pole 0.4040 599 244 626 673
pole 0.3663 873 487 888 594
pole 0.3515 1712 58 1749 751
pole 0.3017 914 478 925 591
pole 0.1799 872 463 900 603
pole 0.1179 1367 465 1383 687
pole 0.1104 1708 185 1737 839
pole 0.0906 780 397 807 618
pole 0.0842 1254 414 1267 645
pole 0.0650 1361 313 1390 691
pole 0.0635 921 470 935 593
pole 0.0541 1323 528 1335 667
pole 0.0510 912 438 929 600
pole 0.0419 1248 -18 1304 748
pole 0.0396 604 343 637 667
pole 0.0266 1186 541 1197 627
pole 0.0264 604 487 630 660
pole 0.0241 1137 434 1154 622
pole 0.0213 640 351 664 662
pole 0.0210 1368 524 1379 673
pole 0.0183 651 328 669 641
pole 0.0180 801 456 814 604
pole 0.0167 883 434 909 606
pole 0.0124 1253 479 1263 625
pole 0.0120 1320 449 1338 685
pole 0.0113 1470 15 1560 764
pole 0.0087 1356 521 1383 673
pole 0.0085 1676 -1 1777 806
pole 0.0085 910 525 926 595
pole 0.0082 1141 535 1160 623
pole 0.0077 867 508 912 608
pole 0.0072 594 312 616 645
pole 0.0069 1347 55 1489 760
pole 0.0066 1716 332 1731 678
pole 0.0063 1248 536 1263 652
pole 0.0062 1232 496 1426 676
pole 0.0059 329 59 405 753
pole 0.0059 849 486 895 617
pole 0.0057 1354 270 1405 703
pole 0.0056 1181 488 1200 627
pole 0.0053 1303 525 1339 670
pole 0.0051 1128 408 1157 627
pole 0.0050 1731 87 1787 740
pole 0.0049 1179 512 1212 638
pole 0.0046 1239 425 1261 664
pole 0.0045 783 402 834 611
pole 0.0039 1318 470 1422 685
pole 0.0037 891 458 927 591
pole 0.0035 383 -4 480 759
pole 0.0034 918 449 943 577
pole 0.0033 860 488 880 602
pole 0.0032 1356 466 1394 689
pole 0.0032 1255 444 1264 583
pole 0.0030 1191 427 1211 626
pole 0.0029 1306 301 1378 732
pole 0.0028 867 442 925 600
pole 0.0027 1258 485 1273 627
pole 0.0026 1247 356 1275 685
pole 0.0025 314 400 383 780
pole 0.0025 958 503 993 596
pole 0.0025 789 447 821 624
pole 0.0024 1075 467 1098 599
pole 0.0023 1340 39 1421 791
pole 0.0022 1211 48 1317 710
pole 0.0022 1694 297 1751 790
pole 0.0020 858 394 902 578
pole 0.0019 1221 501 1261 641
pole 0.0019 884 486 952 594
pole 0.0018 899 437 942 603
pole 0.0018 1614 615 1892 747
pole 0.0018 1203 461 1557 690
pole 0.0018 1715 459 1732 784
pole 0.0017 752 431 787 581
pole 0.0017 262 402 431 776
pole 0.0017 592 459 640 683
pole 0.0017 606 257 622 541
pole 0.0016 1185 392 1206 630
pole 0.0016 1124 483 1165 615
pole 0.0016 1256 505 1287 647
pole 0.0015 234 230 566 807
pole 0.0015 846 459 879 601
pole 0.0015 1231 116 1290 701
pole 0.0015 1751 319 1767 656
pole 0.0014 790 520 814 630
pole 0.0014 1368 416 1404 695
pole 0.0013 1657 587 1780 771
pole 0.0013 763 399 797 592
pole 0.0012 827 453 946 606
pole 0.0012 1744 265 1779 770
pole 0.0012 1368 305 1385 620
pole 0.0012 1481 4 1627 696
pole 0.0012 1363 489 1380 640
pole 0.0011 1301 243 1506 693
pole 0.0010 655 386 676 628
pole 0.0010 226 37 352 799
pole 0.0010 1142 444 1160 580
rail-occluder 0.0337 326 685 361 774
rail-occluder 0.0258 606 575 627 676
rail-occluder 0.0082 432 635 455 704
rail-occluder 0.0068 299 601 339 649
rail-occluder 0.0040 432 626 461 681
rail-occluder 0.0038 609 638 625 673
rail-occluder 0.0037 287 538 357 723
rail-occluder 0.0037 792 579 812 611
rail-occluder 0.0031 292 569 319 625
rail-occluder 0.0025 425 650 458 725
rail-occluder 0.0025 662 549 698 585
rail-occluder 0.0024 302 608 349 667
rail-occluder 0.0024 306 518 387 748
rail-occluder 0.0023 296 660 391 789
rail-occluder 0.0020 1139 564 1155 614
rail-occluder 0.0019 592 581 645 668
rail-occluder 0.0017 796 580 827 612
rail-occluder 0.0017 423 615 464 654
rail-occluder 0.0017 311 589 358 658
rail-occluder 0.0017 599 600 635 676
rail-occluder 0.0016 771 576 811 614
rail-occluder 0.0011 318 623 368 725
rail-occluder 0.0010 225 670 443 786
rail-occluder 0.0010 313 657 355 753
