crossing 0.0060 799 582 854 596
crossing 0.0018 815 579 863 594
crossing 0.0013 786 576 864 601
guard-rail 0.0016 1412 654 1543 699
guard-rail 0.0011 1509 611 1547 655
guard-rail 0.0011 1454 676 1539 706
guard-rail 0.0010 1431 669 1525 703
train-car 0.7275 1015 521 1110 566
train-car 0.0742 1261 533 1356 571
train-car 0.0402 1158 533 1390 574
train-car 0.0398 972 536 1092 575
train-car 0.0257 1103 540 1356 566
train-car 0.0152 1216 534 1441 592
train-car 0.0145 1117 534 1266 562
train-car 0.0113 927 489 1123 569
train-car 0.0066 1286 520 1370 577
train-car 0.0058 1308 482 1383 632
train-car 0.0056 978 468 1070 581
train-car 0.0038 967 447 1125 632
train-car 0.0028 1028 528 1164 570
train-car 0.0021 1258 509 1312 569
train-car 0.0018 984 509 1117 587
train-car 0.0018 1111 512 1402 568
train-car 0.0016 1188 440 1470 718
train-car 0.0015 979 541 1054 582
train-car 0.0015 1518 522 1722 591
train-car 0.0011 1214 533 1305 571
train-car 0.0011 1013 483 1113 569
train-car 0.0010 954 491 1047 565
platform 0.0054 678 567 924 599
platform 0.0036 956 541 1047 576
platform 0.0036 697 537 823 674
platform 0.0034 703 596 837 721
platform 0.0028 710 545 968 680
platform 0.0027 711 545 957 599
platform 0.0015 675 550 901 737
platform 0.0013 741 657 810 716
platform 0.0012 754 570 855 603
rail 0.9602 762 549 1063 1074
rail 0.9410 2 556 933 1073
rail 0.9340 1033 564 1917 1068
rail 0.8018 1091 558 1917 799
rail 0.2837 1478 579 1920 650
rail 0.2092 1406 586 1918 702
rail 0.0997 1278 322 1889 970
rail 0.0914 1416 507 1885 756
rail 0.0842 1584 642 1820 725
rail 0.0828 1622 592 1919 645
rail 0.0494 1549 582 1899 627
rail 0.0370 1384 552 1915 635
rail 0.0264 1056 550 1874 674
rail 0.0252 1495 613 1905 736
rail 0.0207 1108 549 1410 586
rail 0.0197 1647 605 1919 688
rail 0.0136 1198 542 1414 578
rail 0.0132 1375 558 1567 594
rail 0.0124 1675 652 1920 727
rail 0.0116 1189 557 1740 625
rail 0.0092 1287 519 1462 670
rail 0.0089 1741 631 1921 698
rail 0.0089 1097 535 1374 575
rail 0.0088 1076 562 1570 661
rail 0.0066 1101 554 1280 582
rail 0.0063 1733 603 1929 650
rail 0.0054 1481 551 1668 699
rail 0.0042 1628 637 1898 697
rail 0.0040 1760 663 1912 706
rail 0.0037 1443 578 1639 632
rail 0.0035 1635 565 1936 619
rail 0.0034 1419 615 1919 819
rail 0.0034 1063 539 1214 566
rail 0.0033 1494 598 1570 641
rail 0.0030 1150 562 1416 615
rail 0.0029 1059 553 1215 584
rail 0.0028 1519 559 1861 620
rail 0.0026 1395 570 1558 611
rail 0.0024 1285 544 1500 619
rail 0.0024 1218 551 1459 646
rail 0.0023 1557 528 1931 674
rail 0.0021 1736 587 1926 632
rail 0.0020 1151 561 1601 729
rail 0.0020 1823 642 1915 697
rail 0.0018 1716 631 1956 774
rail 0.0017 1383 553 1529 582
rail 0.0016 1319 564 1472 630
rail 0.0015 1426 561 1516 590
rail 0.0014 1714 672 1912 748
rail 0.0014 1311 608 1621 759
rail 0.0014 1238 555 1326 586
rail 0.0013 1364 578 1479 618
rail 0.0013 1212 594 1459 659
rail 0.0013 1438 565 1604 608
rail 0.0011 1449 581 1557 619
rail 0.0011 1514 567 1565 641
rail 0.0011 1643 663 1920 785
rail 0.0011 1379 550 1478 601
rail 0.0010 1837 623 1921 685
rail 0.0010 936 542 1008 569
rail 0.0010 1359 552 1570 623
rail 0.0010 1273 628 1335 658
rail 0.0010 820 551 969 586
rail 0.0010 1675 596 1842 635
rail 0.0010 1753 672 1923 808
switch-unknown 0.0015 938 547 991 582
switch-unknown 0.0013 926 555 974 592
switch-unknown 0.0010 1373 625 1449 660
switch-static 0.2739 1872 729 1921 762
switch-static 0.0483 1038 693 1092 719
switch-static 0.0414 1091 667 1137 692
switch-static 0.0349 354 722 419 773
switch-static 0.0146 1814 661 1908 694
switch-static 0.0136 1280 640 1314 657
switch-static 0.0116 1848 721 1921 766
switch-static 0.0089 1049 671 1138 713
switch-static 0.0074 1634 664 1707 703
switch-static 0.0065 1843 668 1913 707
switch-static 0.0052 1750 658 1920 726
switch-static 0.0052 470 757 568 793
switch-static 0.0033 742 668 802 722
switch-static 0.0033 1389 623 1454 654
switch-static 0.0027 1038 694 1123 726
switch-static 0.0026 1510 602 1546 637
switch-static 0.0025 1275 628 1328 658
switch-static 0.0018 1298 947 1394 1011
switch-static 0.0014 1023 684 1097 723
switch-static 0.0014 1604 650 1687 689
switch-static 0.0014 1883 662 1921 734
switch-static 0.0013 344 763 403 796
switch-static 0.0013 1077 663 1137 702
switch-static 0.0012 1861 734 1920 801
switch-static 0.0011 444 756 483 786
switch-static 0.0011 1799 691 1921 750
switch-static 0.0011 426 763 563 817
switch-static 0.0010 1475 599 1541 638
track-sign-front 0.0151 1569 441 1641 520
track-sign-front 0.0137 985 163 1025 216
track-sign-front 0.0075 1519 600 1542 637
track-sign-front 0.0061 1536 433 1622 513
track-sign-front 0.0059 1597 470 1631 518
track-sign-front 0.0058 1543 409 1603 492
track-sign-front 0.0039 886 508 900 558
track-sign-front 0.0038 760 490 777 523
track-sign-front 0.0033 1550 464 1646 560
track-sign-front 0.0033 1545 416 1600 459
track-sign-front 0.0027 1551 409 1630 459
track-sign-front 0.0023 1542 452 1600 537
track-sign-front 0.0021 760 490 780 551
track-sign-front 0.0014 625 644 648 664
track-sign-front 0.0013 982 300 1037 353
track-sign-front 0.0012 1525 356 1608 474
track-sign-front 0.0011 703 482 728 579
track-sign-front 0.0010 1546 485 1599 561
track-sign-front 0.0010 737 481 777 568
track-signal-front 0.4978 1342 370 1375 458
track-signal-front 0.3054 1413 1 1569 163
track-signal-front 0.0469 1585 255 1661 321
track-signal-front 0.0135 1467 501 1479 521
track-signal-front 0.0045 1553 234 1668 331
track-signal-front 0.0042 908 -1 926 48
track-signal-front 0.0019 1472 498 1497 518
track-signal-front 0.0013 883 482 901 551
track-signal-front 0.0012 1465 501 1482 531
track-signal-front 0.0011 1532 157 1647 216
track-signal-back 0.7568 694 265 747 395
track-signal-back 0.5162 1343 371 1374 458
track-signal-back 0.3422 1410 0 1568 165
track-signal-back 0.0337 1588 251 1659 331
track-signal-back 0.0037 1267 500 1278 521
track-signal-back 0.0033 1566 262 1657 450
track-signal-back 0.0028 690 264 808 396
track-signal-back 0.0025 1525 294 1625 451
track-signal-back 0.0023 1262 498 1283 525
track-signal-back 0.0019 1568 309 1631 444
track-signal-back 0.0013 1557 355 1638 464
track-signal-back 0.0011 701 330 746 423
track-signal-back 0.0010 1437 2 1547 121
pole 0.6060 693 351 729 816
pole 0.3881 1359 440 1382 708
pole 0.3630 1491 44 1662 1138
pole 0.2936 1375 82 1793 1152
pole 0.1462 1361 473 1788 772
pole 0.0927 702 538 727 793
pole 0.0547 1221 453 1234 573
pole 0.0546 988 206 1035 593
pole 0.0223 700 409 723 762
pole 0.0206 1346 448 1397 691
pole 0.0178 710 625 728 809
pole 0.0151 989 446 1007 578
pole 0.0150 1536 260 1636 946
pole 0.0146 1315 496 1435 695
pole 0.0141 689 467 746 838
pole 0.0119 1361 494 1380 633
pole 0.0104 1215 419 1233 563
pole 0.0095 708 656 723 787
pole 0.0090 989 377 1011 605
pole 0.0090 991 426 1023 594
pole 0.0079 81 -6 239 842
pole 0.0063 1199 466 1241 576
pole 0.0051 1499 487 1653 678
pole 0.0047 983 463 1050 584
pole 0.0047 1452 327 1866 817
pole 0.0045 1355 528 1383 670
pole 0.0041 702 325 739 757
pole 0.0040 885 501 899 560
pole 0.0039 1348 493 1384 622
pole 0.0034 722 445 778 721
pole 0.0030 705 601 723 746
pole 0.0028 1557 452 1635 577
pole 0.0027 689 427 717 775
pole 0.0025 968 533 1028 580
pole 0.0025 677 531 721 804
pole 0.0023 1341 352 1413 714
pole 0.0021 874 517 901 575
pole 0.0019 691 543 734 956
pole 0.0019 658 422 794 780
pole 0.0017 1504 469 1631 585
pole 0.0016 1348 401 1373 609
pole 0.0016 1556 448 1612 656
pole 0.0016 933 498 972 566
pole 0.0015 699 627 741 809
pole 0.0015 1510 401 1619 654
pole 0.0014 706 569 749 917
pole 0.0014 949 489 999 575
pole 0.0013 939 457 963 564
pole 0.0013 1295 426 1305 557
pole 0.0012 881 467 898 554
pole 0.0011 694 278 757 805
pole 0.0011 883 -44 971 691
pole 0.0010 985 283 1036 402
pole 0.0010 723 602 788 755
pole 0.0010 618 519 861 822
pole 0.0010 1530 478 1775 697
rail-occluder 0.5028 1690 659 1733 711
rail-occluder 0.0277 1673 641 1769 709
rail-occluder 0.0243 1649 651 1704 700
rail-occluder 0.0141 1276 639 1313 658
rail-occluder 0.0120 1685 671 1740 729
rail-occluder 0.0097 1514 600 1543 633
rail-occluder 0.0087 1691 645 1736 694
rail-occluder 0.0063 1670 634 1711 695
rail-occluder 0.0060 1264 539 1348 583
rail-occluder 0.0057 1394 620 1447 643
rail-occluder 0.0039 1302 542 1364 580
rail-occluder 0.0038 882 516 905 571
rail-occluder 0.0037 1643 643 1738 690
rail-occluder 0.0035 1250 559 1315 586
rail-occluder 0.0035 1606 628 1816 767
rail-occluder 0.0026 1379 575 1424 619
rail-occluder 0.0025 752 577 816 600
rail-occluder 0.0024 1299 527 1368 596
rail-occluder 0.0024 1641 631 1702 683
rail-occluder 0.0022 1654 643 1773 753
rail-occluder 0.0021 1392 579 1447 618
rail-occluder 0.0020 776 580 833 598
rail-occluder 0.0019 1285 637 1350 658
rail-occluder 0.0016 1374 546 1424 613
rail-occluder 0.0015 1513 573 1559 634
rail-occluder 0.0015 743 657 807 717
rail-occluder 0.0014 1409 560 1499 588
rail-occluder 0.0013 1392 555 1461 596
rail-occluder 0.0013 1099 554 1137 574
rail-occluder 0.0013 1661 595 1714 654
rail-occluder 0.0013 1279 640 1323 667
rail-occluder 0.0011 1223 553 1303 585
rail-occluder 0.0011 1377 613 1441 646
rail-occluder 0.0011 1260 575 1306 599
rail-occluder 0.0011 738 571 831 605
rail-occluder 0.0010 1364 514 1424 644
rail-occluder 0.0010 1677 597 1754 638
