crossing 0.0042 1051 546 1089 563
crossing 0.0019 1063 545 1118 565
crossing 0.0012 1036 545 1068 561
rail 0.9719 64 506 1033 1080
rail 0.9651 1018 503 1337 1076
rail 0.0160 1376 532 1935 615
rail 0.0034 1246 528 1798 598
rail 0.0025 1265 523 1860 650
switch-unknown 0.0141 956 547 990 563
switch-static 0.0062 953 548 981 564
track-sign-front 0.8583 1406 503 1432 547
track-sign-front 0.8217 555 497 583 541
track-sign-front 0.3278 1302 465 1322 494
track-sign-front 0.0198 1409 459 1432 503
track-sign-front 0.0165 912 474 923 496
track-sign-front 0.0162 1839 589 1854 634
track-sign-front 0.0145 829 484 857 553
track-sign-front 0.0094 1110 491 1125 515
track-sign-front 0.0093 1182 496 1204 529
track-sign-front 0.0088 1653 532 1664 550
track-sign-front 0.0076 1396 502 1443 555
track-sign-front 0.0068 1187 500 1215 531
track-sign-front 0.0058 1411 443 1429 485
track-sign-front 0.0055 1189 496 1224 549
track-sign-front 0.0054 545 493 593 547
track-sign-front 0.0051 1468 474 1497 563
track-sign-front 0.0040 960 528 987 561
track-sign-front 0.0039 565 471 595 504
track-sign-front 0.0036 1203 520 1224 563
track-sign-front 0.0029 556 458 583 561
track-sign-front 0.0026 1301 467 1331 525
track-sign-front 0.0024 554 516 581 547
track-sign-front 0.0023 1403 436 1426 491
track-sign-front 0.0023 1099 499 1127 544
track-sign-front 0.0022 1281 492 1340 584
track-sign-front 0.0021 1300 489 1349 569
track-sign-front 0.0020 1445 473 1474 548
track-sign-front 0.0019 654 529 681 563
track-sign-front 0.0019 1493 513 1510 580
track-sign-front 0.0019 826 446 845 516
track-sign-front 0.0017 1205 511 1247 545
track-sign-front 0.0015 554 469 586 512
track-sign-front 0.0014 905 470 923 497
track-sign-front 0.0013 1407 546 1431 582
track-sign-front 0.0013 660 525 687 549
pole 0.2150 1398 81 1434 742
pole 0.0183 1477 445 1506 565
pole 0.0063 1388 60 1425 606
pole 0.0046 549 41 623 808
pole 0.0040 1469 462 1499 577
pole 0.0030 1389 214 1459 748
pole 0.0019 1401 517 1429 693
pole 0.0019 1370 94 1482 707
pole 0.0012 1491 506 1509 582
pole 0.0010 1402 149 1420 479
rail-occluder 0.0855 1679 572 1697 608
rail-occluder 0.0296 1839 591 1854 641
rail-occluder 0.0214 1722 551 1741 583
rail-occluder 0.0158 1573 563 1584 591
rail-occluder 0.0153 1709 555 1744 599
rail-occluder 0.0130 1671 571 1706 610
rail-occluder 0.0110 1265 513 1351 587
rail-occluder 0.0054 1571 561 1585 611
rail-occluder 0.0044 1653 531 1664 548
rail-occluder 0.0022 1676 556 1707 587
rail-occluder 0.0018 1834 604 1851 663
rail-occluder 0.0015 1834 587 1881 652
rail-occluder 0.0012 1649 566 1710 615
rail-occluder 0.0011 1232 508 1379 594
rail-occluder 0.0011 1676 555 1731 610
rail-occluder 0.0010 1693 562 1767 612
