crossing 0.0036 1156 408 1215 437
crossing 0.0029 1147 411 1187 432
guard-rail 0.0365 1277 511 1332 562
guard-rail 0.0276 1060 527 1078 644
guard-rail 0.0043 1068 519 1091 641
guard-rail 0.0038 961 563 991 643
guard-rail 0.0033 1165 465 1250 522
guard-rail 0.0030 1161 430 1230 515
guard-rail 0.0027 975 542 1000 612
guard-rail 0.0023 1042 532 1076 628
guard-rail 0.0022 1245 421 1270 463
guard-rail 0.0019 1059 484 1086 646
guard-rail 0.0017 1286 498 1326 536
guard-rail 0.0013 1188 448 1263 497
guard-rail 0.0012 1102 518 1145 638
guard-rail 0.0012 1076 467 1099 650
rail 0.9458 666 407 1162 1081
rail 0.9284 1148 408 1920 1079
rail 0.1104 1164 419 1245 478
rail 0.0364 1142 422 1545 1081
rail 0.0305 1159 416 1229 459
rail 0.0129 1159 416 1274 510
rail 0.0028 1148 414 1203 441
rail 0.0018 1164 453 1231 546
rail 0.0013 1187 412 1263 468
rail 0.0012 1101 413 1192 442
rail 0.0011 1050 423 1220 601
switch-indicator 0.0225 1127 520 1163 640
switch-indicator 0.0209 1194 558 1229 634
switch-indicator 0.0136 1159 534 1223 642
switch-indicator 0.0026 1308 439 1326 471
switch-indicator 0.0021 1182 544 1247 640
switch-indicator 0.0020 979 437 993 461
switch-unknown 0.0260 1158 419 1223 450
switch-unknown 0.0082 1151 417 1194 437
switch-unknown 0.0010 1154 427 1188 456
track-sign-front 0.7244 497 525 538 576
track-sign-front 0.5580 28 784 103 904
track-sign-front 0.0445 543 531 602 574
track-sign-front 0.0295 704 648 745 709
track-sign-front 0.0166 908 169 940 196
track-sign-front 0.0128 520 526 579 578
track-sign-front 0.0101 1260 422 1271 450
track-sign-front 0.0096 536 416 592 448
track-sign-front 0.0081 693 640 747 761
track-sign-front 0.0052 532 437 588 538
track-sign-front 0.0051 534 417 588 475
track-sign-front 0.0038 521 447 565 549
track-sign-front 0.0031 533 391 596 454
track-sign-front 0.0031 1252 404 1270 444
track-sign-front 0.0030 979 436 994 460
track-sign-front 0.0029 506 373 542 581
track-sign-front 0.0028 487 459 549 624
track-sign-front 0.0027 1477 107 1498 131
track-sign-front 0.0024 666 666 700 785
track-sign-front 0.0020 629 707 696 783
track-sign-front 0.0019 459 293 533 321
track-sign-front 0.0018 527 386 567 535
track-sign-front 0.0017 680 650 726 776
track-sign-front 0.0016 541 475 600 532
track-sign-front 0.0015 928 443 948 485
track-sign-front 0.0014 387 0 534 108
track-sign-front 0.0012 536 415 600 509
track-sign-front 0.0010 673 650 707 755
track-signal-front 0.8752 448 131 554 295
track-signal-front 0.2664 398 -2 563 130
track-signal-front 0.0048 1053 278 1079 311
track-signal-front 0.0036 1229 378 1246 397
track-signal-front 0.0022 428 89 562 231
track-signal-front 0.0013 1226 364 1248 393
track-signal-back 0.0907 395 -1 565 131
rail-occluder 0.0016 1257 419 1272 455
