crossing 0.0220 1179 543 1243 561
crossing 0.0111 1165 536 1236 558
crossing 0.0025 1183 519 1228 556
crossing 0.0019 1122 522 1205 545
crossing 0.0014 684 684 834 754
crossing 0.0012 1076 521 1138 549
crossing 0.0012 1164 514 1219 551
guard-rail 0.0598 1509 667 1571 717
guard-rail 0.0514 907 739 1025 1039
guard-rail 0.0480 1752 676 1824 722
guard-rail 0.0163 1699 690 1876 774
guard-rail 0.0137 1729 680 1839 735
guard-rail 0.0130 1844 954 1919 1074
guard-rail 0.0123 908 602 985 627
guard-rail 0.0116 1659 674 1797 720
guard-rail 0.0115 1224 658 1237 706
guard-rail 0.0113 965 796 987 887
guard-rail 0.0112 1075 725 1237 839
guard-rail 0.0106 1043 597 1090 651
guard-rail 0.0101 945 798 991 940
guard-rail 0.0100 1255 765 1336 982
guard-rail 0.0091 1691 697 1832 754
guard-rail 0.0091 1007 651 1020 708
guard-rail 0.0090 1009 553 1098 616
guard-rail 0.0079 1174 718 1267 819
guard-rail 0.0075 1768 689 1836 732
guard-rail 0.0058 1211 658 1234 706
guard-rail 0.0055 1519 679 1579 736
guard-rail 0.0053 1128 734 1248 878
guard-rail 0.0051 963 778 997 899
guard-rail 0.0051 954 753 1013 985
guard-rail 0.0050 1271 837 1314 894
guard-rail 0.0049 911 588 995 624
guard-rail 0.0049 1055 612 1089 657
guard-rail 0.0049 1727 670 1807 713
guard-rail 0.0043 1064 598 1094 652
guard-rail 0.0042 1159 733 1221 947
guard-rail 0.0039 1575 624 1624 666
guard-rail 0.0038 1261 796 1320 901
guard-rail 0.0038 878 939 981 1073
guard-rail 0.0037 1001 645 1017 711
guard-rail 0.0035 923 853 1016 1061
guard-rail 0.0035 976 760 1001 863
guard-rail 0.0034 966 828 1017 951
guard-rail 0.0030 1143 606 1168 657
guard-rail 0.0029 1189 841 1232 980
guard-rail 0.0027 1721 742 1804 827
guard-rail 0.0025 1843 742 1922 832
guard-rail 0.0024 1126 745 1201 864
guard-rail 0.0023 1661 656 1838 735
guard-rail 0.0023 893 601 968 637
guard-rail 0.0023 1110 716 1219 812
guard-rail 0.0023 1811 731 1912 804
guard-rail 0.0020 1045 720 1147 809
guard-rail 0.0020 1877 971 1920 1075
guard-rail 0.0020 1222 721 1271 817
guard-rail 0.0019 958 802 1010 921
guard-rail 0.0018 1062 609 1103 670
guard-rail 0.0018 1694 723 1799 799
guard-rail 0.0018 1685 666 1783 709
guard-rail 0.0017 1880 747 1920 829
guard-rail 0.0017 1782 737 1882 843
guard-rail 0.0017 936 847 1009 970
guard-rail 0.0017 1882 773 1921 855
guard-rail 0.0015 1268 846 1341 921
guard-rail 0.0015 1499 623 1627 710
guard-rail 0.0015 1579 617 1651 669
guard-rail 0.0015 1637 662 1739 712
guard-rail 0.0015 1513 616 1572 676
guard-rail 0.0013 1173 773 1242 893
guard-rail 0.0013 919 816 987 921
guard-rail 0.0013 1539 622 1606 670
guard-rail 0.0013 1837 840 1920 931
guard-rail 0.0012 1182 747 1270 865
guard-rail 0.0012 1730 769 1799 845
guard-rail 0.0012 983 828 1039 950
guard-rail 0.0012 1887 892 1920 973
guard-rail 0.0011 1209 731 1285 847
guard-rail 0.0011 1809 813 1913 910
guard-rail 0.0011 1046 838 1083 983
guard-rail 0.0011 1148 765 1202 900
guard-rail 0.0011 1655 625 1730 671
guard-rail 0.0010 1134 619 1164 661
guard-rail 0.0010 1876 936 1921 1041
guard-rail 0.0010 1788 705 1873 746
guard-rail 0.0010 971 868 1012 1000
train-car 0.0130 967 488 1006 522
train-car 0.0043 980 478 1004 518
train-car 0.0015 950 474 1002 516
rail 0.8433 1383 548 1923 1070
rail 0.8271 1213 732 1421 1076
rail 0.8038 9 524 931 823
rail 0.7377 939 522 1416 1075
rail 0.6895 1037 744 1093 1078
rail 0.6257 862 740 1061 1073
rail 0.6103 1168 741 1241 1075
rail 0.5420 444 541 969 664
rail 0.5240 1666 725 1920 941
rail 0.5029 995 532 1118 599
rail 0.3147 1340 560 1624 731
rail 0.3102 854 529 1112 1072
rail 0.2684 1344 560 1839 757
rail 0.1909 990 550 1085 605
rail 0.1544 1642 686 1887 837
rail 0.1470 1556 684 1917 1052
rail 0.1273 944 741 1035 1073
rail 0.1224 981 538 1050 588
rail 0.1157 1134 694 1291 1063
rail 0.1054 1570 614 1923 869
rail 0.0782 1008 701 1135 1060
rail 0.0728 1728 722 1919 867
rail 0.0655 1098 708 1284 836
rail 0.0627 1290 940 1373 1083
rail 0.0617 1006 745 1080 1077
rail 0.0602 549 551 1108 727
rail 0.0601 979 618 1283 1037
rail 0.0519 326 575 870 694
rail 0.0506 589 553 913 639
rail 0.0496 1259 832 1403 1078
rail 0.0462 972 556 1052 606
rail 0.0440 1677 765 1919 1076
rail 0.0325 1194 823 1237 1081
rail 0.0264 1505 531 1642 563
rail 0.0252 396 597 734 679
rail 0.0230 1130 723 1211 1062
rail 0.0228 612 525 1020 616
rail 0.0219 1267 927 1286 1083
rail 0.0212 1408 577 1735 724
rail 0.0209 1819 732 1919 874
rail 0.0196 998 771 1039 1089
rail 0.0181 1469 534 1649 591
rail 0.0176 985 524 1043 560
rail 0.0169 1738 716 1920 795
rail 0.0159 1053 749 1171 1074
rail 0.0158 1265 893 1298 1082
rail 0.0158 1736 785 1918 985
rail 0.0152 989 517 1095 560
rail 0.0149 1252 849 1333 1076
rail 0.0136 1306 597 1561 790
rail 0.0122 890 741 1010 1010
rail 0.0120 835 634 1002 1081
rail 0.0116 527 580 842 651
rail 0.0105 907 554 1045 610
rail 0.0104 1032 834 1060 1081
rail 0.0103 1782 800 1923 930
rail 0.0097 1509 663 1578 713
rail 0.0095 1838 944 1921 1076
rail 0.0093 1182 571 1499 972
rail 0.0086 1455 595 1635 710
rail 0.0085 1041 529 1121 579
rail 0.0083 1241 847 1288 1072
rail 0.0083 1284 707 1455 831
rail 0.0081 1504 629 1792 723
rail 0.0074 954 524 1040 583
rail 0.0068 211 542 1228 974
rail 0.0067 1002 519 1169 616
rail 0.0066 1693 724 1846 852
rail 0.0066 980 721 1051 1023
rail 0.0064 1042 509 1100 543
rail 0.0062 941 519 1128 654
rail 0.0061 1611 711 1834 809
rail 0.0057 817 535 1075 618
rail 0.0056 1332 716 1489 798
rail 0.0056 1215 882 1255 1081
rail 0.0056 736 544 1133 685
rail 0.0054 1035 731 1399 1076
rail 0.0053 1009 894 1033 1077
rail 0.0051 1029 887 1052 1078
rail 0.0051 1468 561 1672 623
rail 0.0050 884 916 993 1075
rail 0.0050 1211 773 1310 1086
rail 0.0047 766 524 891 574
rail 0.0045 697 540 948 595
rail 0.0044 705 626 1054 1084
rail 0.0043 1837 727 1919 812
rail 0.0042 1833 880 1921 1041
rail 0.0042 1764 645 1920 813
rail 0.0042 345 470 1084 790
rail 0.0038 859 753 968 1064
rail 0.0034 1043 523 1161 569
rail 0.0032 700 681 854 750
rail 0.0031 1089 714 1191 1035
rail 0.0031 1803 682 1916 781
rail 0.0031 867 514 1230 698
rail 0.0031 1876 740 1919 841
rail 0.0031 684 567 829 611
rail 0.0030 1758 700 1901 757
rail 0.0030 1845 629 1919 814
rail 0.0028 905 567 995 604
rail 0.0027 1474 560 1618 605
rail 0.0027 1090 523 1235 551
rail 0.0027 1779 846 1927 1016
rail 0.0027 809 589 1065 674
rail 0.0026 998 919 1043 1081
rail 0.0025 1640 650 1833 740
rail 0.0025 1055 739 1227 939
rail 0.0025 805 521 863 559
rail 0.0024 1099 481 1627 1121
rail 0.0024 1419 618 1654 755
rail 0.0024 1531 553 1650 596
rail 0.0023 1062 742 1101 940
rail 0.0023 1258 916 1284 1055
rail 0.0022 1530 607 1787 1011
rail 0.0021 1177 512 1663 856
rail 0.0020 1827 828 1917 946
rail 0.0020 1569 542 1928 741
rail 0.0019 -66 543 755 995
rail 0.0019 965 850 1013 1069
rail 0.0019 343 661 494 732
rail 0.0018 1648 662 1778 717
rail 0.0018 956 512 1014 547
rail 0.0018 1381 600 1783 898
rail 0.0017 605 610 955 800
rail 0.0017 1603 687 1757 790
rail 0.0017 999 518 1255 653
rail 0.0017 203 716 413 795
rail 0.0017 52 595 664 768
rail 0.0017 458 612 677 663
rail 0.0017 1411 574 1572 718
rail 0.0016 1441 518 1675 645
rail 0.0016 776 513 1114 642
rail 0.0016 900 778 1006 919
rail 0.0016 1289 791 1468 1079
rail 0.0015 1039 880 1080 1077
rail 0.0015 1685 928 1916 1079
rail 0.0015 1271 913 1358 1054
rail 0.0015 1215 738 1406 855
rail 0.0013 1879 781 1918 895
rail 0.0013 1182 724 1277 953
rail 0.0013 268 615 570 767
rail 0.0013 1584 614 1796 689
rail 0.0012 1309 886 1429 1079
rail 0.0012 1834 789 1919 890
rail 0.0012 1806 560 1920 790
rail 0.0012 1165 775 1368 1043
rail 0.0011 766 537 852 581
rail 0.0011 1206 687 1675 1084
rail 0.0011 748 515 1013 578
rail 0.0011 1261 896 1315 1030
rail 0.0010 725 518 883 591
rail 0.0010 1198 886 1232 1025
rail 0.0010 980 471 1142 628
rail 0.0010 897 541 1010 584
rail 0.0010 1050 821 1114 1083
rail 0.0010 324 614 847 762
switch-indicator 0.0962 1623 526 1636 560
switch-indicator 0.0070 1607 525 1646 560
switch-indicator 0.0020 717 537 730 559
switch-indicator 0.0011 1613 520 1655 578
switch-left 0.1962 988 709 1241 806
switch-left 0.1225 1103 709 1256 825
switch-left 0.1202 984 556 1080 612
switch-left 0.0704 986 717 1133 820
switch-left 0.0696 1108 671 1306 899
switch-left 0.0611 1045 723 1224 847
switch-left 0.0386 401 636 613 700
switch-left 0.0293 982 585 1068 623
switch-left 0.0240 1675 710 1822 777
switch-left 0.0220 451 622 660 681
switch-left 0.0154 1646 679 1748 739
switch-left 0.0101 412 628 569 675
switch-left 0.0094 489 637 627 682
switch-left 0.0092 1159 726 1280 850
switch-left 0.0087 376 652 551 710
switch-left 0.0080 949 591 1056 632
switch-left 0.0050 388 608 628 725
switch-left 0.0046 913 594 1022 632
switch-left 0.0028 964 709 1106 791
switch-left 0.0026 1080 717 1192 809
switch-left 0.0026 981 729 1102 880
switch-left 0.0021 451 657 615 723
switch-left 0.0016 985 601 1078 651
switch-left 0.0011 491 617 721 666
switch-left 0.0010 528 627 633 667
switch-right 0.3786 1023 714 1252 821
switch-right 0.2260 981 571 1064 613
switch-right 0.1136 1661 704 1875 810
switch-right 0.1110 971 715 1135 817
switch-right 0.0862 1642 685 1832 770
switch-right 0.0617 973 678 1210 879
switch-right 0.0401 1635 674 1757 727
switch-right 0.0394 1126 724 1278 849
switch-right 0.0364 1065 612 1339 960
switch-right 0.0291 404 636 608 703
switch-right 0.0229 1689 714 1846 784
switch-right 0.0177 1608 667 1833 852
switch-right 0.0175 915 578 1031 621
switch-right 0.0174 491 626 644 673
switch-right 0.0148 980 707 1185 784
switch-right 0.0125 990 735 1094 838
switch-right 0.0108 393 642 535 692
switch-right 0.0105 951 592 1054 631
switch-right 0.0087 880 638 1142 858
switch-right 0.0075 1598 641 1798 749
switch-right 0.0072 1045 699 1234 773
switch-right 0.0069 376 651 549 713
switch-right 0.0057 1584 654 1753 714
switch-right 0.0036 987 587 1078 629
switch-right 0.0029 431 659 603 727
switch-right 0.0027 417 642 519 675
switch-right 0.0025 922 597 1009 630
switch-right 0.0022 1065 721 1176 807
switch-right 0.0022 1073 659 1251 725
switch-right 0.0022 1157 705 1281 805
switch-right 0.0022 992 717 1100 790
switch-right 0.0019 1624 659 1712 707
switch-right 0.0016 353 662 482 731
switch-right 0.0014 466 628 572 670
switch-right 0.0013 1015 728 1108 888
switch-right 0.0011 464 641 574 696
switch-right 0.0011 1204 732 1291 847
switch-unknown 0.0941 986 527 1040 553
switch-unknown 0.0677 979 534 1040 570
switch-unknown 0.0559 973 558 1052 604
switch-unknown 0.0155 552 583 852 645
switch-unknown 0.0149 1636 675 1721 721
switch-unknown 0.0136 1562 587 1671 626
switch-unknown 0.0120 1635 698 1811 781
switch-unknown 0.0071 380 651 515 703
switch-unknown 0.0059 1531 585 1711 656
switch-unknown 0.0057 997 516 1082 551
switch-unknown 0.0050 708 580 798 612
switch-unknown 0.0048 657 602 753 632
switch-unknown 0.0048 1689 720 1852 806
switch-unknown 0.0045 713 572 802 601
switch-unknown 0.0041 685 587 779 620
switch-unknown 0.0039 1670 707 1769 771
switch-unknown 0.0038 959 508 1010 542
switch-unknown 0.0035 1584 663 1720 720
switch-unknown 0.0030 730 564 822 596
switch-unknown 0.0029 1557 581 1647 615
switch-unknown 0.0028 653 579 810 630
switch-unknown 0.0028 910 568 986 601
switch-unknown 0.0025 1621 672 1684 712
switch-unknown 0.0023 765 555 836 587
switch-unknown 0.0020 1549 553 1641 593
switch-unknown 0.0019 1657 720 1789 800
switch-unknown 0.0018 979 491 1030 539
switch-unknown 0.0018 1707 717 1817 778
switch-unknown 0.0017 782 537 839 579
switch-unknown 0.0017 1483 559 1574 595
switch-unknown 0.0017 363 658 485 718
switch-unknown 0.0016 1332 559 1394 587
switch-unknown 0.0015 928 558 1016 605
switch-unknown 0.0014 1567 601 1637 651
switch-unknown 0.0012 1521 573 1797 691
switch-unknown 0.0011 1588 595 1684 640
switch-unknown 0.0010 1506 570 1587 605
switch-unknown 0.0010 698 570 772 606
switch-unknown 0.0010 398 646 497 676
switch-static 0.2505 286 709 433 776
switch-static 0.1628 1297 721 1457 798
switch-static 0.1026 334 684 478 760
switch-static 0.0540 281 720 382 786
switch-static 0.0272 1329 680 1542 784
switch-static 0.0271 363 663 536 754
switch-static 0.0254 373 675 460 747
switch-static 0.0250 333 717 408 779
switch-static 0.0169 912 590 990 620
switch-static 0.0154 384 667 487 724
switch-static 0.0107 895 587 959 614
switch-static 0.0101 373 652 616 734
switch-static 0.0093 402 710 583 766
switch-static 0.0062 249 681 481 781
switch-static 0.0056 1552 711 1675 762
switch-static 0.0055 1358 733 1464 796
switch-static 0.0053 424 679 599 755
switch-static 0.0039 1274 712 1413 776
switch-static 0.0039 900 599 993 629
switch-static 0.0034 738 637 775 659
switch-static 0.0032 1276 727 1482 833
switch-static 0.0026 390 699 478 766
switch-static 0.0024 893 570 957 596
switch-static 0.0023 885 580 933 603
switch-static 0.0020 735 632 798 659
switch-static 0.0020 1520 713 1579 753
switch-static 0.0018 1059 559 1104 620
switch-static 0.0017 1569 701 1665 748
switch-static 0.0015 1342 709 1461 770
switch-static 0.0012 700 682 847 757
switch-static 0.0012 1528 711 1611 757
switch-static 0.0011 1072 530 1133 560
switch-static 0.0010 372 673 620 784
switch-static 0.0010 712 597 792 645
switch-static 0.0010 1220 719 1401 824
switch-static 0.0010 180 717 385 788
track-sign-front 0.1589 1450 490 1465 517
track-sign-front 0.1129 1741 483 1757 521
track-sign-front 0.0835 1315 487 1328 515
track-sign-front 0.0664 1247 509 1258 528
track-sign-front 0.0346 1315 495 1331 527
track-sign-front 0.0288 1480 515 1497 542
track-sign-front 0.0256 1740 488 1755 540
track-sign-front 0.0202 1419 536 1434 553
track-sign-front 0.0153 1065 504 1088 530
track-sign-front 0.0135 35 504 58 544
track-sign-front 0.0085 268 574 298 609
track-sign-front 0.0069 1462 494 1503 558
track-sign-front 0.0060 1131 484 1148 512
track-sign-front 0.0058 1314 482 1325 508
track-sign-front 0.0045 717 535 729 555
track-sign-front 0.0031 520 364 551 466
track-sign-front 0.0028 1444 489 1471 521
track-sign-front 0.0025 1262 480 1285 532
track-sign-front 0.0021 629 510 665 555
track-sign-front 0.0019 1740 422 1757 493
track-sign-front 0.0018 524 473 545 506
track-sign-front 0.0018 522 481 552 514
track-sign-front 0.0018 1735 480 1762 537
track-sign-front 0.0015 1268 445 1284 527
track-sign-front 0.0014 550 489 571 530
track-sign-front 0.0014 1195 510 1210 531
track-sign-front 0.0013 540 384 575 472
track-sign-front 0.0012 17 492 62 574
track-sign-front 0.0012 1128 484 1162 524
track-sign-front 0.0012 523 410 553 474
track-sign-front 0.0012 917 489 937 514
track-sign-front 0.0010 712 526 729 554
track-sign-front 0.0010 1308 487 1336 522
track-sign-front 0.0010 1251 492 1288 540
track-signal-front 0.0703 523 275 547 378
track-signal-front 0.0313 1885 276 1919 323
track-signal-front 0.0245 1737 397 1754 427
track-signal-front 0.0177 484 400 506 466
track-signal-front 0.0103 1390 383 1430 422
track-signal-front 0.0095 473 337 499 395
track-signal-front 0.0040 1412 385 1431 416
track-signal-front 0.0037 1879 314 1911 368
track-signal-front 0.0033 527 275 544 338
track-signal-front 0.0022 1379 385 1408 426
track-signal-front 0.0015 1734 395 1759 438
track-signal-front 0.0014 1354 443 1380 470
track-signal-front 0.0012 529 275 556 355
track-signal-front 0.0012 1864 267 1889 312
track-signal-front 0.0011 1861 255 1911 324
track-signal-back 0.1343 581 356 600 413
track-signal-back 0.0558 478 340 503 402
track-signal-back 0.0439 483 400 504 473
track-signal-back 0.0258 581 372 601 436
track-signal-back 0.0230 514 298 546 397
track-signal-back 0.0186 499 336 535 391
track-signal-back 0.0181 522 324 546 376
track-signal-back 0.0109 481 339 516 411
track-signal-back 0.0048 1878 330 1905 374
track-signal-back 0.0048 522 329 546 422
track-signal-back 0.0038 567 347 593 415
track-signal-back 0.0038 1162 403 1188 434
track-signal-back 0.0030 1187 415 1203 443
track-signal-back 0.0030 1156 399 1176 446
track-signal-back 0.0026 503 378 532 447
track-signal-back 0.0025 1006 421 1025 464
track-signal-back 0.0024 1168 406 1202 445
track-signal-back 0.0017 582 348 602 389
track-signal-back 0.0016 1879 350 1905 413
track-signal-back 0.0014 531 343 594 466
track-signal-back 0.0012 1879 313 1915 405
track-signal-back 0.0012 576 381 604 454
track-signal-back 0.0011 1890 353 1917 452
track-signal-back 0.0011 980 404 1021 503
pole 0.0909 274 579 294 712
pole 0.0905 875 312 893 557
pole 0.0100 269 566 300 761
pole 0.0095 1268 304 1283 566
pole 0.0067 858 295 877 575
pole 0.0054 942 336 959 540
pole 0.0041 266 584 316 794
pole 0.0037 1252 303 1288 572
pole 0.0032 882 365 894 514
pole 0.0014 1238 371 1255 546
pole 0.0012 852 375 866 589
pole 0.0011 1269 371 1281 503
pole 0.0011 231 592 339 789
pole 0.0011 945 325 974 552
pole 0.0010 943 392 981 524
pole 0.0010 1443 283 1463 581
rail-occluder 0.0813 269 573 301 735
rail-occluder 0.0337 1055 508 1092 537
rail-occluder 0.0249 1066 502 1094 532
rail-occluder 0.0152 1470 528 1491 558
rail-occluder 0.0121 270 573 299 609
rail-occluder 0.0097 263 701 357 784
rail-occluder 0.0042 261 561 323 714
rail-occluder 0.0041 1470 517 1500 562
rail-occluder 0.0033 820 527 860 563
rail-occluder 0.0027 268 708 387 758
rail-occluder 0.0023 1416 521 1480 580
rail-occluder 0.0020 276 729 375 794
rail-occluder 0.0019 1439 546 1463 594
rail-occluder 0.0017 246 587 336 793
rail-occluder 0.0015 806 518 858 555
rail-occluder 0.0014 237 722 336 785
rail-occluder 0.0013 1291 544 1351 602
rail-occluder 0.0012 266 566 315 622
rail-occluder 0.0011 214 651 433 814
