platform 0.3010 377 532 1090 622
platform 0.0465 664 549 1057 609
platform 0.0165 592 550 1030 648
platform 0.0025 507 487 1075 646
platform 0.0023 854 538 1002 604
platform 0.0020 570 519 1105 599
rail 0.9177 305 538 1115 1077
rail 0.0682 267 532 1006 638
rail 0.0032 249 512 1035 754
rail 0.0025 248 528 764 595
rail 0.0019 202 530 663 651
rail 0.0011 134 498 729 623
rail 0.0010 277 521 515 564
rail 0.0010 166 466 912 653
track-sign-front 0.1268 657 476 670 494
track-sign-front 0.0505 949 526 973 566
track-sign-front 0.0381 982 539 1007 578
track-sign-front 0.0235 998 528 1048 581
track-sign-front 0.0195 1018 529 1058 580
track-sign-front 0.0132 958 538 980 581
track-sign-front 0.0107 656 469 671 486
track-sign-front 0.0066 978 454 1025 501
track-sign-front 0.0044 656 479 670 507
track-sign-front 0.0043 1002 519 1040 553
track-sign-front 0.0041 642 477 665 496
track-sign-front 0.0032 969 452 1016 481
track-sign-front 0.0030 957 529 999 582
track-sign-front 0.0030 972 514 1012 567
track-sign-front 0.0026 589 515 599 538
track-sign-front 0.0022 497 478 513 518
track-sign-front 0.0022 585 433 597 458
track-sign-front 0.0021 969 466 1010 531
track-sign-front 0.0020 649 475 675 497
track-sign-front 0.0020 588 486 599 540
track-sign-front 0.0018 946 541 991 579
track-sign-front 0.0018 992 458 1023 481
track-sign-front 0.0018 994 467 1029 532
track-sign-front 0.0013 966 488 986 538
pole 0.0027 969 337 989 621
pole 0.0012 334 428 345 527
rail-occluder 0.0032 261 524 530 574
rail-occluder 0.0015 281 541 539 669
rail-occluder 0.0014 285 532 604 591
rail-occluder 0.0010 325 526 466 572
rail-occluder 0.0010 158 516 478 594
