guard-rail 0.0039 1162 673 1270 710
guard-rail 0.0038 1185 686 1277 716
guard-rail 0.0031 1218 689 1299 719
guard-rail 0.0014 1256 690 1309 720
guard-rail 0.0013 1267 679 1325 716
guard-rail 0.0010 1275 697 1323 724
rail 0.9672 2 530 904 1078
rail 0.9485 920 549 1219 1077
rail 0.9252 943 563 1915 1078
rail 0.0019 1019 592 1912 871
rail 0.0011 1135 634 1316 702
rail 0.0010 1129 609 1345 682
switch-indicator 0.2556 1322 666 1376 706
switch-indicator 0.0024 1262 692 1304 720
switch-left 0.0027 911 562 975 609
switch-right 0.0019 909 561 976 607
switch-unknown 0.1024 915 566 966 588
switch-unknown 0.0209 921 559 966 582
switch-unknown 0.0154 917 569 970 602
switch-unknown 0.0063 925 563 981 594
switch-unknown 0.0017 875 561 948 587
switch-unknown 0.0015 927 576 991 610
switch-unknown 0.0013 905 555 958 585
switch-unknown 0.0012 826 557 880 580
switch-unknown 0.0010 842 547 898 575
switch-static 0.0032 1263 692 1300 721
switch-static 0.0020 1217 692 1296 723
track-sign-front 0.0120 1589 591 1615 623
track-sign-front 0.0023 1457 597 1479 632
track-sign-front 0.0021 1458 593 1483 660
pole 0.0034 1463 602 1481 709
pole 0.0023 1546 27 1651 884
pole 0.0010 1031 528 1047 582
rail-occluder 0.0020 1204 562 1329 631
rail-occluder 0.0011 1141 577 1215 617
