crossing 0.5624 785 581 833 596
crossing 0.2800 907 580 947 593
crossing 0.1661 763 582 811 597
crossing 0.0836 790 576 844 599
crossing 0.0632 913 578 959 597
crossing 0.0585 881 576 928 595
crossing 0.0455 847 578 892 595
crossing 0.0425 811 574 866 596
crossing 0.0363 747 582 788 599
crossing 0.0226 731 561 759 595
crossing 0.0027 775 564 842 604
crossing 0.0023 950 578 987 592
crossing 0.0010 793 535 841 579
rail 0.9637 0 538 835 1077
rail 0.9554 793 539 1316 1078
rail 0.3607 1129 588 1921 757
rail 0.0100 784 545 1876 776
rail 0.0018 904 594 1173 1036
rail 0.0012 858 534 1928 975
rail 0.0011 754 517 815 573
track-sign-front 0.1448 699 522 711 548
track-sign-front 0.0763 972 560 984 577
track-sign-front 0.0212 663 553 687 582
track-sign-front 0.0208 659 539 704 581
track-sign-front 0.0198 696 482 716 555
track-sign-front 0.0194 696 410 716 622
track-sign-front 0.0161 1018 560 1030 575
track-sign-front 0.0141 975 557 990 572
track-sign-front 0.0131 664 555 677 576
track-sign-front 0.0119 697 543 709 604
track-sign-front 0.0079 694 511 729 558
track-sign-front 0.0077 606 513 618 533
track-sign-front 0.0061 703 453 721 557
track-sign-front 0.0055 970 556 988 580
track-sign-front 0.0055 862 520 873 547
track-sign-front 0.0054 589 556 601 579
track-sign-front 0.0034 687 478 712 532
track-sign-front 0.0022 1018 558 1036 589
track-sign-front 0.0018 1163 571 1186 608
track-sign-front 0.0016 1628 554 1648 576
track-sign-front 0.0013 922 503 935 566
track-sign-front 0.0013 691 516 715 547
track-sign-front 0.0012 1074 449 1113 478
track-sign-front 0.0010 1014 554 1031 584
track-sign-front 0.0010 591 536 612 578
track-signal-front 0.0044 1006 416 1046 446
person 0.0014 1163 570 1186 609
pole 0.2026 702 338 725 593
pole 0.1636 782 454 793 563
pole 0.0890 1199 288 1219 632
pole 0.0354 780 456 802 577
pole 0.0073 704 411 720 554
pole 0.0049 690 333 740 604
pole 0.0031 1179 269 1231 644
pole 0.0029 802 453 830 557
pole 0.0027 685 349 716 617
pole 0.0016 859 513 875 548
pole 0.0016 863 495 875 539
pole 0.0012 694 490 725 623
pole 0.0012 770 472 813 571
pole 0.0010 755 510 813 574
rail-occluder 0.0193 731 554 743 589
rail-occluder 0.0055 729 543 747 576
rail-occluder 0.0029 732 565 746 604
rail-occluder 0.0026 1779 664 1791 701
rail-occluder 0.0021 696 572 711 610
