crossing 0.0038 1120 454 1195 471
crossing 0.0016 1254 463 1317 481
crossing 0.0011 1278 451 1329 480
guard-rail 0.7410 498 634 699 771
guard-rail 0.7323 1462 958 1543 1073
guard-rail 0.6949 928 952 960 1085
guard-rail 0.3583 1180 983 1208 1073
guard-rail 0.3033 388 598 792 826
guard-rail 0.2528 23 481 1056 949
guard-rail 0.1104 1190 978 1217 1072
guard-rail 0.0367 1207 980 1238 1078
guard-rail 0.0273 1252 980 1276 1078
guard-rail 0.0258 1168 982 1198 1075
guard-rail 0.0253 249 663 441 732
guard-rail 0.0189 597 622 713 692
guard-rail 0.0164 824 509 907 536
guard-rail 0.0074 461 688 629 788
guard-rail 0.0068 212 640 523 787
guard-rail 0.0065 811 525 882 561
guard-rail 0.0065 1152 979 1240 1079
guard-rail 0.0058 45 605 662 895
guard-rail 0.0058 1236 980 1261 1077
guard-rail 0.0055 239 685 374 742
guard-rail 0.0053 806 534 863 570
guard-rail 0.0051 236 692 410 764
guard-rail 0.0050 632 621 715 669
guard-rail 0.0044 570 636 712 743
guard-rail 0.0041 958 944 994 1078
guard-rail 0.0040 808 545 846 576
guard-rail 0.0035 594 577 671 609
guard-rail 0.0030 840 519 901 546
guard-rail 0.0030 1496 971 1554 1079
guard-rail 0.0028 521 656 629 774
guard-rail 0.0023 643 618 728 651
guard-rail 0.0023 1427 868 1532 1083
guard-rail 0.0022 579 591 655 623
guard-rail 0.0022 380 658 653 791
guard-rail 0.0022 241 685 466 817
guard-rail 0.0021 937 929 971 1077
guard-rail 0.0020 795 515 878 550
guard-rail 0.0020 294 668 398 732
guard-rail 0.0019 621 571 688 600
guard-rail 0.0018 912 954 944 1075
guard-rail 0.0018 1297 962 1549 1076
guard-rail 0.0018 597 612 721 660
guard-rail 0.0017 128 664 441 780
guard-rail 0.0015 67 730 284 816
guard-rail 0.0014 907 957 932 1066
guard-rail 0.0013 932 983 953 1090
guard-rail 0.0012 1263 999 1284 1080
guard-rail 0.0012 757 574 795 606
guard-rail 0.0011 292 679 491 750
guard-rail 0.0011 557 596 667 631
guard-rail 0.0011 791 507 915 563
guard-rail 0.0010 755 566 803 594
guard-rail 0.0010 778 553 830 585
guard-rail 0.0010 43 747 213 843
train-car 0.0030 1357 409 1398 469
platform 0.0022 1353 431 1406 475
rail 0.9598 1173 456 1557 1075
rail 0.8847 907 448 1338 1077
rail 0.8391 -1 451 1138 1070
rail 0.0249 1075 455 1204 481
rail 0.0112 122 439 1230 820
rail 0.0102 2 547 758 1012
rail 0.0101 898 976 1251 1079
rail 0.0053 1878 523 1919 1086
rail 0.0051 1164 476 1276 1079
rail 0.0046 1040 450 1238 490
rail 0.0044 1033 449 1152 484
rail 0.0034 1210 980 1551 1076
rail 0.0020 3 652 523 949
rail 0.0017 1819 486 1921 1041
rail 0.0016 1138 452 1257 484
rail 0.0015 1223 456 1379 492
rail 0.0011 1015 455 1118 490
switch-indicator 0.0216 1743 788 1791 902
switch-indicator 0.0016 1754 791 1785 876
switch-left 0.0236 917 974 1244 1076
switch-left 0.0098 823 508 908 538
switch-left 0.0024 830 501 933 551
switch-left 0.0011 849 484 970 539
switch-right 0.0616 842 506 916 535
switch-right 0.0293 859 497 944 527
switch-right 0.0032 844 487 975 534
switch-right 0.0024 821 500 914 553
switch-unknown 0.0450 850 503 923 529
switch-unknown 0.0256 882 489 961 518
switch-unknown 0.0139 897 488 973 510
switch-unknown 0.0119 1103 458 1175 478
switch-unknown 0.0047 1083 457 1159 484
switch-unknown 0.0042 1069 452 1155 475
switch-unknown 0.0029 924 487 990 506
switch-unknown 0.0021 1058 446 1125 471
switch-static 0.0099 895 489 955 510
switch-static 0.0081 1153 515 1175 528
switch-static 0.0074 916 487 973 507
switch-static 0.0031 1144 514 1169 528
switch-static 0.0019 819 495 900 535
switch-static 0.0018 1147 513 1181 531
track-sign-front 0.0062 1515 433 1539 456
track-sign-front 0.0054 1356 399 1397 477
track-sign-front 0.0023 1353 472 1364 524
track-sign-front 0.0011 1352 505 1363 536
track-sign-front 0.0010 1032 475 1047 496
track-sign-front 0.0010 1064 429 1115 467
pole 0.1808 1202 259 1218 485
pole 0.0710 1344 68 1372 527
pole 0.0636 1015 220 1048 504
pole 0.0454 1206 330 1218 470
pole 0.0301 1030 365 1049 501
pole 0.0262 1206 395 1220 479
pole 0.0179 1204 366 1230 482
pole 0.0159 1355 317 1374 494
pole 0.0143 1353 166 1368 502
pole 0.0135 1202 316 1212 462
pole 0.0133 1245 375 1256 471
pole 0.0120 1036 218 1064 505
pole 0.0112 1203 338 1243 474
pole 0.0097 1359 352 1384 484
pole 0.0095 1023 360 1043 501
pole 0.0057 1354 423 1376 493
pole 0.0051 1323 54 1382 511
pole 0.0048 1359 403 1395 472
pole 0.0037 1004 181 1038 495
pole 0.0034 996 209 1027 512
pole 0.0029 1022 306 1057 506
pole 0.0025 1353 418 1404 490
pole 0.0023 1036 382 1074 490
pole 0.0021 1210 295 1226 439
pole 0.0017 1198 253 1233 481
pole 0.0016 1184 305 1225 547
pole 0.0016 1237 312 1254 478
pole 0.0014 1239 347 1253 446
pole 0.0014 1012 337 1039 480
pole 0.0012 1349 81 1407 476
pole 0.0011 1040 344 1066 476
pole 0.0010 1186 229 1218 464
rail-occluder 0.0446 1205 448 1220 481
rail-occluder 0.0213 1208 439 1221 477
rail-occluder 0.0050 1183 455 1216 481
rail-occluder 0.0046 1029 458 1048 498
rail-occluder 0.0045 1357 460 1383 489
rail-occluder 0.0040 1355 455 1370 497
rail-occluder 0.0033 1025 465 1043 495
rail-occluder 0.0023 1204 456 1240 496
rail-occluder 0.0017 1183 447 1241 483
rail-occluder 0.0012 1356 434 1425 479
rail-occluder 0.0011 1367 458 1414 486
rail-occluder 0.0010 1027 456 1103 493
