guard-rail 0.0392 1066 473 1105 499
guard-rail 0.0236 199 518 285 565
guard-rail 0.0156 230 501 321 543
guard-rail 0.0150 1051 453 1099 497
guard-rail 0.0147 884 482 895 512
guard-rail 0.0135 171 526 281 580
guard-rail 0.0125 235 517 299 553
guard-rail 0.0083 1058 476 1100 512
guard-rail 0.0070 -1 541 91 660
guard-rail 0.0045 885 472 903 511
guard-rail 0.0035 1071 465 1126 495
guard-rail 0.0032 931 423 983 482
guard-rail 0.0031 -1 554 74 736
guard-rail 0.0030 2 651 145 834
guard-rail 0.0029 910 397 997 613
guard-rail 0.0029 1052 432 1108 467
guard-rail 0.0029 946 440 1000 501
guard-rail 0.0027 3 539 107 606
guard-rail 0.0026 932 445 969 511
guard-rail 0.0026 870 596 889 672
guard-rail 0.0025 997 466 1045 530
guard-rail 0.0024 1080 484 1117 508
guard-rail 0.0024 -2 560 47 633
guard-rail 0.0019 1009 488 1056 526
guard-rail 0.0018 932 464 971 534
guard-rail 0.0017 2 630 81 781
guard-rail 0.0017 158 543 255 585
guard-rail 0.0017 29 530 131 573
guard-rail 0.0017 1050 503 1088 531
guard-rail 0.0015 1079 434 1146 465
guard-rail 0.0014 -1 567 37 672
guard-rail 0.0013 201 544 274 583
guard-rail 0.0013 904 405 956 491
guard-rail 0.0011 3 651 125 755
guard-rail 0.0011 1813 525 1914 567
train-car 0.3420 993 361 1089 390
train-car 0.0204 973 343 1089 388
train-car 0.0077 288 340 501 389
train-car 0.0057 482 345 727 403
train-car 0.0051 1051 365 1092 391
train-car 0.0046 337 320 451 404
train-car 0.0044 1031 363 1112 394
train-car 0.0036 321 342 422 387
train-car 0.0029 495 344 642 387
train-car 0.0028 375 248 452 487
train-car 0.0019 345 345 500 415
train-car 0.0019 466 346 794 496
train-car 0.0015 399 285 448 469
train-car 0.0012 339 344 403 404
train-car 0.0011 214 345 403 404
platform 0.0032 486 349 776 411
platform 0.0024 487 347 802 497
platform 0.0016 506 380 839 570
rail 0.9469 797 408 1175 1076
rail 0.9323 927 393 1918 1077
rail 0.8177 1035 396 1922 665
rail 0.7261 -1 422 483 781
rail 0.5963 867 440 1048 678
rail 0.4156 1211 404 1917 507
rail 0.3142 -8 429 423 611
rail 0.2714 1254 424 1923 579
rail 0.1374 200 445 423 526
rail 0.0844 1182 405 1882 459
rail 0.0580 126 423 496 551
rail 0.0430 1460 425 1920 482
rail 0.0392 269 431 500 496
rail 0.0379 -2 471 268 635
rail 0.0359 7 466 353 565
rail 0.0330 -4 409 237 495
rail 0.0328 1533 470 1920 570
rail 0.0308 858 554 1036 696
rail 0.0297 795 397 989 1071
rail 0.0230 1049 395 1380 459
rail 0.0203 1671 491 1922 567
rail 0.0192 -1 518 145 622
rail 0.0185 0 399 165 471
rail 0.0165 308 445 468 486
rail 0.0158 8 375 581 1021
rail 0.0149 1230 384 1900 444
rail 0.0143 190 467 354 554
rail 0.0131 0 485 161 579
rail 0.0127 1059 402 1213 436
rail 0.0121 0 421 87 497
rail 0.0120 0 526 154 764
rail 0.0117 983 429 1056 489
rail 0.0110 0 405 75 469
rail 0.0105 1603 436 1913 475
rail 0.0104 -12 434 310 536
rail 0.0103 1742 509 1922 557
rail 0.0094 4 415 119 462
rail 0.0093 -4 394 314 471
rail 0.0090 76 394 669 604
rail 0.0089 1017 401 1154 438
rail 0.0078 1004 390 1256 447
rail 0.0077 216 460 349 510
rail 0.0074 0 409 43 457
rail 0.0073 1790 521 1920 571
rail 0.0073 1112 407 1427 478
rail 0.0073 232 415 630 504
rail 0.0071 20 459 202 517
rail 0.0069 -1 542 98 659
rail 0.0064 0 488 260 798
rail 0.0063 23 482 238 560
rail 0.0062 1643 444 1922 515
rail 0.0060 949 386 1214 1011
rail 0.0060 760 394 1108 724
rail 0.0056 -1 505 333 976
rail 0.0056 0 456 83 531
rail 0.0054 984 381 1162 456
rail 0.0050 -6 438 162 507
rail 0.0049 993 433 1100 485
rail 0.0048 1598 421 1917 457
rail 0.0046 996 410 1089 441
rail 0.0045 10 516 160 566
rail 0.0044 778 474 906 915
rail 0.0043 1009 390 1617 514
rail 0.0042 1756 440 1916 474
rail 0.0040 43 475 361 677
rail 0.0040 93 457 369 529
rail 0.0039 1756 454 1914 491
rail 0.0038 1 393 62 445
rail 0.0038 1351 354 1875 458
rail 0.0035 -4 390 120 445
rail 0.0033 928 425 986 487
rail 0.0033 1744 492 1924 536
rail 0.0033 1754 418 1922 453
rail 0.0033 -15 380 433 519
rail 0.0032 1829 510 1919 557
rail 0.0031 1034 431 1072 463
rail 0.0031 1736 496 1921 605
rail 0.0029 941 408 1091 548
rail 0.0028 321 335 503 531
rail 0.0028 923 408 984 454
rail 0.0027 301 418 491 472
rail 0.0027 870 397 951 705
rail 0.0026 891 394 960 473
rail 0.0026 1343 411 1653 442
rail 0.0025 256 379 764 553
rail 0.0025 0 342 69 447
rail 0.0024 896 402 990 527
rail 0.0023 933 398 1238 518
rail 0.0023 984 447 1053 514
rail 0.0022 821 391 997 666
rail 0.0022 1035 413 1126 448
rail 0.0022 12 371 202 442
rail 0.0022 960 382 1317 472
rail 0.0022 1124 397 1613 468
rail 0.0021 1191 445 1899 876
rail 0.0021 0 456 48 504
rail 0.0021 0 552 87 741
rail 0.0021 1101 375 1360 436
rail 0.0020 1798 540 1919 591
rail 0.0020 -2 528 90 588
rail 0.0019 1105 410 1208 440
rail 0.0019 908 426 1014 581
rail 0.0019 1585 397 1865 463
rail 0.0019 20 424 179 481
rail 0.0019 332 433 413 469
rail 0.0017 397 431 494 480
rail 0.0017 1586 450 1868 492
rail 0.0017 301 427 401 475
rail 0.0017 0 467 38 518
rail 0.0017 1586 476 1930 646
rail 0.0016 278 461 400 519
rail 0.0015 921 396 1071 494
rail 0.0015 245 453 352 488
rail 0.0015 927 431 977 531
rail 0.0015 1554 426 1921 540
rail 0.0014 -1 627 156 884
rail 0.0014 611 433 936 978
rail 0.0014 859 387 1027 503
rail 0.0013 1755 403 1923 436
rail 0.0013 0 505 78 564
rail 0.0013 1461 360 1915 519
rail 0.0012 1043 425 1178 473
rail 0.0012 377 416 495 500
rail 0.0011 1882 524 1918 578
rail 0.0011 1289 480 1915 695
rail 0.0011 1835 483 1921 537
rail 0.0011 472 370 799 573
rail 0.0011 1239 320 1893 497
rail 0.0011 175 456 426 685
rail 0.0011 914 398 973 430
rail 0.0011 902 383 948 425
rail 0.0011 1204 409 1401 449
rail 0.0010 0 643 497 1073
rail 0.0010 -1 361 43 428
rail 0.0010 3 649 197 787
rail 0.0010 351 410 440 476
rail 0.0010 1767 540 1923 629
rail 0.0010 -5 333 181 548
switch-indicator 0.0293 1040 425 1071 450
switch-left 0.2643 855 588 1028 707
switch-left 0.1034 985 434 1050 481
switch-left 0.0260 237 473 354 515
switch-left 0.0202 836 625 1049 728
switch-left 0.0112 86 518 323 592
switch-left 0.0041 10 526 153 581
switch-left 0.0041 960 421 1052 473
switch-left 0.0040 139 530 272 581
switch-right 0.3655 855 586 1028 706
switch-right 0.0744 985 433 1052 480
switch-right 0.0245 219 485 346 527
switch-right 0.0155 197 508 313 553
switch-right 0.0146 223 499 326 544
switch-right 0.0031 157 505 248 544
switch-right 0.0022 157 530 259 581
switch-right 0.0021 138 507 218 537
switch-right 0.0018 189 491 266 523
switch-right 0.0012 162 492 242 524
switch-right 0.0011 54 532 145 563
switch-unknown 0.3163 987 436 1049 471
switch-unknown 0.0979 327 450 403 473
switch-unknown 0.0909 975 426 1042 456
switch-unknown 0.0651 278 449 402 485
switch-unknown 0.0599 1007 425 1070 453
switch-unknown 0.0478 262 457 384 497
switch-unknown 0.0445 238 467 369 508
switch-unknown 0.0347 969 411 1011 432
switch-unknown 0.0318 947 417 1006 452
switch-unknown 0.0240 1009 411 1078 435
switch-unknown 0.0234 334 445 439 476
switch-unknown 0.0164 950 404 1002 429
switch-unknown 0.0123 980 408 1053 436
switch-unknown 0.0090 1038 408 1087 434
switch-unknown 0.0081 900 377 936 399
switch-unknown 0.0067 973 440 1046 486
switch-unknown 0.0064 1032 423 1077 452
switch-unknown 0.0059 901 382 944 418
switch-unknown 0.0056 374 444 452 472
switch-unknown 0.0052 948 429 1002 463
switch-unknown 0.0048 1108 411 1170 439
switch-unknown 0.0045 256 454 337 482
switch-unknown 0.0040 1050 415 1116 448
switch-unknown 0.0040 1086 413 1142 441
switch-unknown 0.0037 927 405 981 452
switch-unknown 0.0036 915 391 969 429
switch-unknown 0.0031 208 491 303 527
switch-unknown 0.0029 1089 403 1143 431
switch-unknown 0.0028 1055 402 1125 433
switch-unknown 0.0021 913 376 954 407
switch-unknown 0.0020 899 395 951 463
switch-unknown 0.0016 336 431 408 469
switch-unknown 0.0016 294 469 386 509
switch-unknown 0.0013 1323 441 1400 469
switch-unknown 0.0011 363 411 424 470
switch-unknown 0.0010 883 374 932 422
switch-static 0.3835 717 652 816 720
switch-static 0.0854 1035 594 1129 632
switch-static 0.0556 785 472 842 527
switch-static 0.0514 1022 592 1134 676
switch-static 0.0469 738 623 808 699
switch-static 0.0460 790 447 850 490
switch-static 0.0288 646 655 809 726
switch-static 0.0245 1038 651 1131 715
switch-static 0.0243 748 559 793 588
switch-static 0.0188 719 625 846 710
switch-static 0.0172 781 436 841 482
switch-static 0.0140 743 585 802 615
switch-static 0.0136 238 446 296 471
switch-static 0.0125 716 609 801 673
switch-static 0.0120 89 488 152 517
switch-static 0.0104 738 594 806 647
switch-static 0.0091 782 484 858 548
switch-static 0.0085 799 459 869 504
switch-static 0.0081 1000 607 1124 709
switch-static 0.0075 1065 669 1135 716
switch-static 0.0061 68 482 176 523
switch-static 0.0052 1056 592 1139 621
switch-static 0.0049 748 507 838 584
switch-static 0.0045 767 424 798 468
switch-static 0.0045 236 462 327 504
switch-static 0.0044 776 482 822 531
switch-static 0.0040 803 433 851 469
switch-static 0.0032 70 473 153 509
switch-static 0.0032 799 469 876 530
switch-static 0.0031 755 551 818 594
switch-static 0.0030 733 577 824 706
switch-static 0.0026 1018 599 1096 656
switch-static 0.0025 954 501 1158 883
switch-static 0.0025 774 446 849 566
switch-static 0.0023 592 646 830 768
switch-static 0.0022 225 439 281 462
switch-static 0.0021 750 430 881 538
switch-static 0.0020 247 439 296 464
switch-static 0.0018 215 458 295 502
switch-static 0.0015 65 511 153 547
switch-static 0.0015 735 550 807 609
switch-static 0.0014 740 437 830 508
switch-static 0.0013 749 568 830 636
switch-static 0.0013 -1 470 36 514
switch-static 0.0013 87 503 169 536
switch-static 0.0012 113 495 191 524
switch-static 0.0012 596 629 780 727
switch-static 0.0011 627 612 794 675
switch-static 0.0011 3 641 199 795
switch-static 0.0010 790 518 857 562
track-sign-front 0.0303 641 366 653 389
track-sign-front 0.0119 462 422 478 448
track-sign-front 0.0076 770 426 805 462
track-sign-front 0.0033 463 342 483 426
track-sign-front 0.0023 1891 294 1919 331
track-sign-front 0.0020 459 424 483 479
track-sign-front 0.0014 513 354 778 403
track-sign-front 0.0012 895 374 927 395
track-sign-front 0.0012 636 360 654 391
track-signal-front 0.4795 872 281 890 314
track-signal-front 0.0983 982 278 1009 315
track-signal-front 0.0563 875 266 893 304
track-signal-front 0.0125 880 259 898 295
track-signal-front 0.0063 1053 289 1066 312
track-signal-front 0.0043 1048 287 1062 312
track-signal-front 0.0029 886 247 902 272
track-signal-front 0.0029 873 294 889 361
track-signal-front 0.0022 865 277 882 312
track-signal-front 0.0021 976 268 1012 304
track-signal-front 0.0019 446 294 464 329
track-signal-front 0.0013 869 272 895 326
track-signal-front 0.0011 957 255 983 302
track-signal-front 0.0010 448 267 470 369
track-signal-back 0.0081 1050 291 1063 315
track-signal-back 0.0068 1049 284 1070 320
pole 0.5711 1614 76 1649 463
pole 0.4044 394 1 430 582
pole 0.1942 95 9 131 454
pole 0.1894 1710 46 1753 473
pole 0.1804 1315 198 1331 431
pole 0.1383 1717 201 1741 475
pole 0.0808 1419 220 1438 455
pole 0.0785 181 0 223 452
pole 0.0779 1426 307 1439 446
pole 0.0698 460 231 478 475
pole 0.0685 1242 255 1260 427
pole 0.0656 1233 244 1249 436
pole 0.0510 1319 283 1333 428
pole 0.0501 453 213 473 472
pole 0.0479 1283 239 1298 431
pole 0.0438 1717 349 1732 473
pole 0.0386 1430 267 1447 444
pole 0.0368 1423 172 1456 452
pole 0.0291 67 0 139 466
pole 0.0276 1276 283 1295 423
pole 0.0254 386 -23 452 656
pole 0.0203 1607 197 1640 468
pole 0.0160 1297 276 1339 426
pole 0.0158 1301 184 1324 424
pole 0.0150 1399 163 1431 463
pole 0.0145 463 354 478 468
pole 0.0124 2 -2 49 462
pole 0.0122 1219 290 1234 423
pole 0.0115 462 289 475 429
pole 0.0111 1608 332 1631 456
pole 0.0100 410 163 476 590
pole 0.0097 1428 350 1443 452
pole 0.0094 463 205 492 504
pole 0.0093 199 5 242 445
pole 0.0092 474 190 498 481
pole 0.0083 1318 248 1330 399
pole 0.0081 1325 294 1346 427
pole 0.0077 1720 312 1736 458
pole 0.0075 1314 262 1343 444
pole 0.0075 1636 115 1669 462
pole 0.0073 1685 223 1713 454
pole 0.0068 1651 353 1673 456
pole 0.0068 197 66 220 412
pole 0.0067 431 223 475 488
pole 0.0066 1404 290 1431 433
pole 0.0063 450 280 469 409
pole 0.0059 361 38 431 612
pole 0.0052 1694 241 1747 468
pole 0.0051 1415 100 1485 456
pole 0.0050 1305 246 1326 398
pole 0.0050 14 228 63 443
pole 0.0048 1325 195 1350 426
pole 0.0042 1420 272 1435 422
pole 0.0040 1588 157 1620 468
pole 0.0039 1652 204 1684 458
pole 0.0038 462 321 482 488
pole 0.0036 368 224 463 620
pole 0.0035 1286 163 1303 436
pole 0.0034 1618 347 1659 465
pole 0.0032 1709 42 1815 496
pole 0.0032 1249 215 1309 445
pole 0.0031 401 143 427 483
pole 0.0031 104 47 174 469
pole 0.0029 8 193 90 462
pole 0.0029 1678 349 1757 521
pole 0.0029 87 174 138 455
pole 0.0028 1225 252 1257 432
pole 0.0028 1167 284 1178 407
pole 0.0028 1153 298 1176 419
pole 0.0028 1220 197 1236 437
pole 0.0028 1440 178 1473 446
pole 0.0027 1481 38 1527 439
pole 0.0027 1608 269 1657 484
pole 0.0027 1702 337 1751 470
pole 0.0026 59 238 94 406
pole 0.0025 1270 328 1298 427
pole 0.0025 1418 297 1447 452
pole 0.0025 647 27 686 507
pole 0.0024 36 233 84 429
pole 0.0022 1 316 60 465
pole 0.0022 874 307 888 399
pole 0.0021 1371 189 1416 441
pole 0.0021 108 73 131 414
pole 0.0021 1435 274 1453 421
pole 0.0021 486 189 504 451
pole 0.0021 1231 331 1263 428
pole 0.0021 1592 366 1631 493
pole 0.0021 337 158 487 681
pole 0.0019 388 245 449 483
pole 0.0019 424 291 476 429
pole 0.0018 1713 269 1737 418
pole 0.0018 1408 191 1444 441
pole 0.0018 5 300 108 474
pole 0.0017 2 63 125 465
pole 0.0017 1598 256 1626 460
pole 0.0017 1621 56 1792 488
pole 0.0017 446 248 466 374
pole 0.0016 657 51 696 586
pole 0.0016 27 -5 183 457
pole 0.0016 1265 193 1360 418
pole 0.0015 68 168 108 428
pole 0.0015 1394 277 1462 457
pole 0.0015 1383 317 1842 480
pole 0.0014 1492 307 1511 423
pole 0.0014 1367 303 1401 420
pole 0.0014 448 244 489 467
pole 0.0013 638 168 668 464
pole 0.0013 1224 302 1290 449
pole 0.0013 304 275 589 563
pole 0.0013 1416 32 1537 437
pole 0.0012 1414 244 1436 392
pole 0.0012 1247 179 1263 427
pole 0.0012 1389 158 1466 442
pole 0.0012 1723 195 1768 477
pole 0.0012 0 237 30 440
pole 0.0011 343 312 392 394
pole 0.0011 1605 367 1667 499
pole 0.0010 1664 351 1697 460
pole 0.0010 975 322 1040 397
pole 0.0010 1161 296 1194 419
pole 0.0010 1494 348 1513 433
pole 0.0010 1366 314 1519 449
rail-occluder 0.0278 1225 383 1244 420
rail-occluder 0.0275 1427 407 1441 453
rail-occluder 0.0263 461 425 477 451
rail-occluder 0.0174 1219 389 1238 423
rail-occluder 0.0169 1614 433 1649 469
rail-occluder 0.0147 1231 385 1251 422
rail-occluder 0.0144 1039 431 1068 459
rail-occluder 0.0123 1223 364 1247 427
rail-occluder 0.0113 1613 418 1634 471
rail-occluder 0.0091 462 423 478 474
rail-occluder 0.0090 1420 432 1443 459
rail-occluder 0.0082 1645 433 1666 473
rail-occluder 0.0074 447 424 477 452
rail-occluder 0.0054 1648 401 1669 465
rail-occluder 0.0053 1713 431 1728 487
rail-occluder 0.0050 1129 414 1185 438
rail-occluder 0.0046 1614 409 1662 474
rail-occluder 0.0045 1343 446 1401 468
rail-occluder 0.0043 1711 456 1727 485
rail-occluder 0.0038 1210 398 1253 438
rail-occluder 0.0036 1370 402 1431 454
rail-occluder 0.0036 1349 395 1405 424
rail-occluder 0.0035 472 384 656 570
rail-occluder 0.0034 1273 383 1299 422
rail-occluder 0.0030 38 427 115 471
rail-occluder 0.0028 1116 385 1339 429
rail-occluder 0.0027 1535 441 1568 467
rail-occluder 0.0027 1336 393 1374 419
rail-occluder 0.0026 1 454 93 501
rail-occluder 0.0026 1345 409 1410 455
rail-occluder 0.0026 1338 412 1538 453
rail-occluder 0.0024 1484 399 1516 431
rail-occluder 0.0024 1126 396 1192 435
rail-occluder 0.0024 1217 356 1238 422
rail-occluder 0.0023 1276 386 1324 429
rail-occluder 0.0023 1182 412 1242 439
rail-occluder 0.0022 460 440 478 493
rail-occluder 0.0022 1595 421 1678 465
rail-occluder 0.0021 1360 445 1428 468
rail-occluder 0.0021 1422 430 1459 461
rail-occluder 0.0020 1388 406 1479 452
rail-occluder 0.0019 1553 429 1758 474
rail-occluder 0.0018 443 419 491 458
rail-occluder 0.0017 10 424 105 484
rail-occluder 0.0017 1473 405 1523 442
rail-occluder 0.0017 1375 385 1426 436
rail-occluder 0.0017 8 443 147 502
rail-occluder 0.0016 1711 458 1741 487
rail-occluder 0.0014 410 423 486 483
rail-occluder 0.0013 1300 409 1360 445
rail-occluder 0.0013 1191 344 1282 458
rail-occluder 0.0012 1712 429 1746 483
rail-occluder 0.0012 1320 413 1392 459
rail-occluder 0.0012 1144 415 1223 441
rail-occluder 0.0011 1436 408 1511 449
rail-occluder 0.0010 1888 428 1920 474
rail-occluder 0.0010 1444 437 1494 467
rail-occluder 0.0010 1310 382 1352 434
rail-occluder 0.0010 1394 371 1464 466
