train-car 0.1597 2 539 409 822
train-car 0.0428 389 614 711 684
train-car 0.0258 2 519 393 665
train-car 0.0208 563 615 761 661
train-car 0.0150 444 593 758 670
train-car 0.0067 608 553 778 666
train-car 0.0064 664 615 804 661
train-car 0.0056 542 564 653 691
train-car 0.0050 567 572 742 681
train-car 0.0040 551 632 705 675
train-car 0.0032 565 579 599 631
train-car 0.0024 716 619 755 656
train-car 0.0021 611 627 651 660
train-car 0.0019 639 619 747 663
train-car 0.0018 613 519 720 688
train-car 0.0017 617 612 703 662
train-car 0.0015 756 624 900 656
train-car 0.0015 29 529 607 733
train-car 0.0013 510 564 674 648
rail 0.9488 236 640 905 1076
rail 0.9207 950 635 1211 1077
rail 0.7023 -1 657 749 868
rail 0.4231 367 658 688 743
rail 0.2139 354 649 673 707
rail 0.1628 1052 639 1211 702
rail 0.1223 1113 648 1208 697
rail 0.0899 355 668 599 721
rail 0.0687 1085 642 1189 686
rail 0.0658 386 627 773 710
rail 0.0655 741 646 849 693
rail 0.0528 683 641 823 690
rail 0.0465 374 615 682 686
rail 0.0456 985 650 1216 732
rail 0.0437 1181 646 1234 686
rail 0.0304 1 526 373 593
rail 0.0302 1151 641 1218 683
rail 0.0294 618 634 784 685
rail 0.0256 1087 660 1192 715
rail 0.0214 723 629 836 674
rail 0.0212 1142 657 1217 719
rail 0.0199 1038 663 1727 1086
rail 0.0196 195 667 727 788
rail 0.0190 603 645 718 682
rail 0.0186 1106 631 1233 683
rail 0.0177 545 626 752 689
rail 0.0176 730 648 793 688
rail 0.0173 673 638 712 683
rail 0.0168 995 675 1257 780
rail 0.0160 266 619 799 847
rail 0.0154 1085 690 1271 762
rail 0.0144 585 630 730 673
rail 0.0137 1055 635 1266 749
rail 0.0130 1035 652 1161 710
rail 0.0128 765 634 796 667
rail 0.0125 675 630 779 676
rail 0.0120 18 590 674 790
rail 0.0119 1136 656 1256 747
rail 0.0119 1106 683 1222 747
rail 0.0107 675 630 721 666
rail 0.0104 478 662 732 718
rail 0.0102 1054 678 1133 712
rail 0.0094 1040 652 1311 849
rail 0.0089 592 633 670 676
rail 0.0086 1034 631 1175 683
rail 0.0085 751 632 825 665
rail 0.0084 0 676 673 1020
rail 0.0077 647 623 743 668
rail 0.0072 1030 679 1156 729
rail 0.0071 311 680 575 739
rail 0.0068 0 534 374 647
rail 0.0060 654 589 823 680
rail 0.0060 979 633 1015 685
rail 0.0060 831 652 911 690
rail 0.0059 945 635 999 673
rail 0.0059 811 630 880 661
rail 0.0057 812 637 942 691
rail 0.0053 377 678 527 716
rail 0.0052 413 651 579 702
rail 0.0052 1200 649 1243 688
rail 0.0047 814 639 891 684
rail 0.0047 1169 655 1239 714
rail 0.0045 375 653 472 689
rail 0.0044 954 670 1076 753
rail 0.0044 555 603 845 699
rail 0.0040 764 649 887 705
rail 0.0039 671 623 912 707
rail 0.0039 956 635 1111 704
rail 0.0038 958 638 984 670
rail 0.0037 382 636 571 678
rail 0.0036 1164 701 1247 749
rail 0.0035 939 633 1037 696
rail 0.0035 993 628 1030 693
rail 0.0034 1110 719 1188 751
rail 0.0033 675 615 833 659
rail 0.0031 1054 663 1393 936
rail 0.0031 935 648 1099 773
rail 0.0029 822 663 886 700
rail 0.0026 -11 499 331 573
rail 0.0024 731 607 927 671
rail 0.0022 778 639 1024 733
rail 0.0022 510 671 645 720
rail 0.0022 1030 617 1207 669
rail 0.0022 853 658 948 723
rail 0.0021 441 680 580 735
rail 0.0021 2 707 432 886
rail 0.0021 867 633 990 702
rail 0.0019 353 681 666 779
rail 0.0019 907 678 948 721
rail 0.0019 1140 836 1584 1102
rail 0.0019 982 606 1194 693
rail 0.0018 886 661 959 714
rail 0.0017 423 629 840 762
rail 0.0017 905 640 1007 686
rail 0.0016 722 628 880 656
rail 0.0016 1157 695 1340 812
rail 0.0016 539 629 623 707
rail 0.0016 599 658 716 709
rail 0.0015 691 665 767 698
rail 0.0014 889 606 966 645
rail 0.0014 1124 656 1348 778
rail 0.0014 947 622 1192 796
rail 0.0014 861 619 943 651
rail 0.0014 365 556 728 770
rail 0.0013 1005 676 1125 748
rail 0.0013 1170 628 1257 681
rail 0.0012 376 689 510 731
rail 0.0012 799 608 957 663
rail 0.0012 914 610 939 639
rail 0.0011 1110 599 1215 650
rail 0.0011 639 661 739 706
rail 0.0010 1238 835 1870 1073
rail 0.0010 522 636 598 716
rail 0.0010 1005 665 1082 727
rail 0.0010 491 657 580 708
rail 0.0010 1077 618 1159 667
switch-indicator 0.2761 999 630 1012 652
switch-indicator 0.1601 688 630 704 657
switch-indicator 0.1521 411 654 426 677
switch-indicator 0.1468 842 635 856 650
switch-indicator 0.1178 621 643 636 664
switch-indicator 0.0858 776 636 789 652
switch-indicator 0.0850 902 615 919 633
switch-indicator 0.0559 905 690 932 715
switch-indicator 0.0530 897 621 913 641
switch-indicator 0.0476 691 634 713 683
switch-indicator 0.0473 1183 648 1232 685
switch-indicator 0.0392 680 640 709 680
switch-indicator 0.0372 842 635 874 655
switch-indicator 0.0256 960 645 979 665
switch-indicator 0.0215 621 639 640 673
switch-indicator 0.0199 1205 649 1238 686
switch-indicator 0.0198 755 641 803 681
switch-indicator 0.0175 1129 714 1152 750
switch-indicator 0.0154 695 645 767 686
switch-indicator 0.0149 1133 726 1148 747
switch-indicator 0.0135 915 611 937 633
switch-indicator 0.0131 731 625 790 674
switch-indicator 0.0128 693 626 763 674
switch-indicator 0.0119 838 632 857 657
switch-indicator 0.0097 980 632 1017 679
switch-indicator 0.0083 900 611 921 640
switch-indicator 0.0081 1078 678 1137 712
switch-indicator 0.0079 1088 646 1154 692
switch-indicator 0.0071 625 646 694 680
switch-indicator 0.0064 850 655 892 687
switch-indicator 0.0061 1130 724 1165 748
switch-indicator 0.0061 829 632 878 687
switch-indicator 0.0060 855 670 883 692
switch-indicator 0.0055 410 653 435 687
switch-indicator 0.0055 942 637 980 661
switch-indicator 0.0053 908 682 945 718
switch-indicator 0.0048 1070 661 1126 703
switch-indicator 0.0047 620 629 638 659
switch-indicator 0.0044 613 632 692 673
switch-indicator 0.0042 992 629 1021 657
switch-indicator 0.0037 1120 724 1146 747
switch-indicator 0.0034 1082 639 1128 670
switch-indicator 0.0033 1052 682 1102 712
switch-indicator 0.0033 836 633 880 663
switch-indicator 0.0033 1094 686 1142 727
switch-indicator 0.0031 727 614 778 656
switch-indicator 0.0029 1229 647 1254 697
switch-indicator 0.0029 996 626 1024 691
switch-indicator 0.0028 1150 597 1172 615
switch-indicator 0.0023 1214 655 1249 713
switch-indicator 0.0022 905 659 937 714
switch-indicator 0.0021 405 645 425 671
switch-indicator 0.0018 1145 590 1179 639
switch-indicator 0.0016 938 642 980 679
switch-indicator 0.0015 1040 590 1056 619
switch-indicator 0.0012 1007 609 1057 680
switch-indicator 0.0011 1041 593 1058 643
switch-left 0.0033 951 688 1049 771
switch-right 0.0028 951 696 1055 780
switch-unknown 0.0594 1122 651 1203 694
switch-unknown 0.0474 1116 656 1212 718
switch-unknown 0.0178 1141 695 1225 747
switch-unknown 0.0144 1106 664 1172 713
switch-unknown 0.0080 782 649 864 691
switch-unknown 0.0068 1166 714 1258 755
switch-unknown 0.0067 1090 639 1151 673
switch-unknown 0.0057 766 662 831 705
switch-unknown 0.0049 750 658 810 706
switch-unknown 0.0035 833 668 880 694
switch-unknown 0.0031 966 690 1060 756
switch-unknown 0.0027 788 664 863 703
switch-unknown 0.0025 1189 709 1268 770
switch-unknown 0.0025 1175 654 1235 714
switch-unknown 0.0022 1061 688 1125 717
switch-unknown 0.0021 977 661 1052 723
switch-unknown 0.0010 1002 685 1078 753
switch-static 0.0945 1232 947 1479 1041
switch-static 0.0788 1243 950 1377 1024
switch-static 0.0173 905 689 936 717
switch-static 0.0133 1354 953 1540 1061
switch-static 0.0108 1061 682 1126 712
switch-static 0.0042 1366 949 1486 1038
switch-static 0.0038 1272 933 1611 1067
switch-static 0.0029 816 980 878 1042
switch-static 0.0022 150 766 193 796
switch-static 0.0019 787 718 817 747
switch-static 0.0015 1418 985 1537 1074
switch-static 0.0011 1299 975 1510 1073
switch-static 0.0010 1244 944 1334 1007
track-sign-front 0.7181 1348 578 1380 622
track-sign-front 0.0449 1312 608 1329 631
track-sign-front 0.0118 1041 594 1055 617
track-sign-front 0.0090 1317 590 1335 627
track-sign-front 0.0051 399 608 415 624
track-sign-front 0.0047 1266 471 1283 494
track-sign-front 0.0043 794 726 811 745
track-sign-front 0.0038 1309 595 1326 641
track-sign-front 0.0031 1041 584 1054 609
track-sign-front 0.0024 968 537 982 558
track-sign-front 0.0016 132 494 141 514
track-sign-front 0.0015 797 726 820 749
track-sign-front 0.0015 1252 559 1278 587
track-sign-front 0.0015 1249 560 1270 581
track-sign-front 0.0014 1365 573 1407 621
track-sign-front 0.0013 1305 606 1339 633
track-sign-front 0.0010 1390 562 1407 591
track-signal-front 0.0374 909 608 928 628
track-signal-front 0.0301 1312 609 1327 633
track-signal-front 0.0288 571 588 589 613
track-signal-front 0.0245 900 610 916 627
track-signal-front 0.0148 400 608 418 624
track-signal-front 0.0107 1545 515 1561 538
track-signal-front 0.0041 1006 602 1023 622
track-signal-front 0.0036 1243 563 1266 584
track-signal-front 0.0029 1542 511 1563 546
track-signal-front 0.0026 575 580 607 627
track-signal-front 0.0017 967 539 982 565
track-signal-front 0.0017 399 600 420 642
track-signal-front 0.0016 968 542 980 582
track-signal-front 0.0010 1308 594 1327 641
pole 0.0725 673 480 695 668
pole 0.0477 516 572 527 692
pole 0.0404 570 620 582 661
pole 0.0403 668 445 703 686
pole 0.0228 570 602 584 653
pole 0.0151 509 595 531 688
pole 0.0131 594 446 619 665
pole 0.0114 514 515 528 710
pole 0.0107 571 543 597 650
pole 0.0106 571 583 593 625
pole 0.0100 584 420 609 689
pole 0.0091 676 496 691 633
pole 0.0083 726 621 749 652
pole 0.0074 692 440 763 706
pole 0.0073 655 453 727 687
pole 0.0069 506 596 550 693
pole 0.0068 713 455 751 712
pole 0.0058 551 409 601 716
pole 0.0055 666 550 809 710
pole 0.0047 558 624 608 706
pole 0.0045 507 444 528 719
pole 0.0035 499 336 539 706
pole 0.0034 522 340 575 709
pole 0.0033 661 511 689 642
pole 0.0026 536 626 586 717
pole 0.0025 673 506 712 650
pole 0.0025 551 447 639 694
pole 0.0025 616 515 770 690
pole 0.0024 396 585 645 689
pole 0.0023 577 561 606 647
pole 0.0022 612 444 648 671
pole 0.0021 641 430 695 684
pole 0.0019 720 543 751 661
pole 0.0018 601 479 664 682
pole 0.0018 720 600 787 670
pole 0.0014 510 488 548 731
pole 0.0014 604 474 622 594
pole 0.0012 483 397 507 661
pole 0.0012 570 584 647 681
pole 0.0011 671 289 716 679
rail-occluder 0.2654 546 688 557 726
rail-occluder 0.0559 539 683 559 723
rail-occluder 0.0160 405 659 425 697
rail-occluder 0.0107 606 636 642 685
rail-occluder 0.0089 692 671 722 695
rail-occluder 0.0061 619 641 640 665
rail-occluder 0.0057 493 674 539 713
rail-occluder 0.0050 733 657 788 705
rail-occluder 0.0046 616 665 654 705
rail-occluder 0.0041 492 648 539 698
rail-occluder 0.0041 697 667 760 699
rail-occluder 0.0038 666 668 716 698
rail-occluder 0.0037 519 652 558 710
rail-occluder 0.0026 543 670 616 719
rail-occluder 0.0026 479 686 546 728
rail-occluder 0.0021 628 663 686 704
rail-occluder 0.0019 569 667 646 710
rail-occluder 0.0015 454 649 531 694
rail-occluder 0.0013 534 690 558 767
rail-occluder 0.0013 385 659 448 700
rail-occluder 0.0012 466 628 529 680
rail-occluder 0.0012 319 734 362 767
rail-occluder 0.0011 398 679 493 714
rail-occluder 0.0010 407 643 445 670
