crossing 0.5249 711 591 762 614
crossing 0.0777 707 597 768 620
crossing 0.0106 704 581 769 617
crossing 0.0047 718 553 771 620
crossing 0.0019 1622 630 1710 649
crossing 0.0016 1555 623 1783 655
crossing 0.0010 708 587 792 625
platform 0.9454 1 565 686 1074
platform 0.0571 1211 583 1912 1061
platform 0.0016 207 643 456 980
rail 0.9513 659 581 980 1074
rail 0.4582 1375 564 1914 647
rail 0.4495 1367 577 1920 709
rail 0.1187 1649 579 1921 635
rail 0.1016 1554 608 1918 745
rail 0.0866 1542 583 1918 678
rail 0.0865 1704 572 1916 612
rail 0.0593 1602 567 1920 603
rail 0.0441 1788 571 1919 602
rail 0.0359 1614 641 1923 827
rail 0.0267 1404 562 1652 644
rail 0.0234 1162 558 1914 761
rail 0.0227 1740 595 1922 639
rail 0.0227 1829 574 1919 615
rail 0.0117 1514 572 1876 621
rail 0.0095 1337 554 1723 672
rail 0.0094 1648 629 1926 706
rail 0.0092 1875 572 1920 619
rail 0.0089 1445 591 1923 907
rail 0.0085 1830 589 1919 644
rail 0.0077 1874 561 1920 599
rail 0.0060 1744 612 1920 671
rail 0.0057 1339 538 1886 621
rail 0.0055 1729 564 1921 680
rail 0.0050 1515 602 1868 648
rail 0.0043 1597 548 1928 589
rail 0.0038 1681 672 1921 904
rail 0.0036 1851 593 1920 679
rail 0.0035 1738 692 1918 830
rail 0.0032 1742 640 1921 693
rail 0.0032 1741 658 1918 752
rail 0.0030 1874 591 1918 650
rail 0.0030 1745 552 1926 586
rail 0.0028 1776 708 1920 992
rail 0.0024 1363 634 1915 1075
rail 0.0020 1578 540 1858 640
rail 0.0017 1652 526 1923 668
rail 0.0015 1845 554 1919 586
rail 0.0014 1601 663 1925 1052
rail 0.0013 922 524 1870 874
rail 0.0013 1785 578 1887 609
rail 0.0013 1881 607 1920 674
rail 0.0011 1046 524 1782 687
track-sign-front 0.0199 639 637 654 678
track-sign-front 0.0142 642 627 664 675
track-sign-front 0.0099 634 635 649 684
track-sign-front 0.0033 651 622 671 659
track-sign-front 0.0026 650 625 681 670
track-sign-front 0.0023 1509 555 1534 589
track-sign-front 0.0016 627 415 655 449
track-sign-front 0.0013 619 407 651 442
track-sign-front 0.0010 671 508 697 577
person 0.1830 1500 565 1542 635
person 0.0155 1513 595 1549 635
person 0.0039 722 532 763 587
person 0.0034 1508 581 1549 664
person 0.0031 1475 555 1572 660
person 0.0023 1502 556 1536 610
person 0.0013 670 550 696 593
pole 0.5706 1699 127 1729 625
pole 0.0793 1492 222 1524 632
pole 0.0556 1704 262 1720 604
pole 0.0331 1489 262 1511 606
pole 0.0213 1693 286 1718 623
pole 0.0173 1662 274 1682 590
pole 0.0156 1498 210 1546 636
pole 0.0118 1679 319 1712 636
pole 0.0105 1702 374 1726 627
pole 0.0076 1656 188 1692 623
pole 0.0072 1667 139 1708 621
pole 0.0062 1605 283 1624 583
pole 0.0058 1505 244 1528 584
pole 0.0057 1515 270 1551 598
pole 0.0052 1481 278 1505 586
pole 0.0049 1707 271 1734 587
pole 0.0045 1670 372 1701 627
pole 0.0044 1665 398 1682 610
pole 0.0032 1475 207 1576 637
pole 0.0031 1700 401 1739 656
pole 0.0029 1667 443 1680 569
pole 0.0028 1713 406 1736 604
pole 0.0024 1468 171 1520 599
pole 0.0021 1767 296 1817 573
pole 0.0020 1547 300 1574 612
pole 0.0020 1876 18 1918 624
pole 0.0019 1696 69 1755 627
pole 0.0017 1747 203 1825 632
pole 0.0016 1688 251 1738 645
pole 0.0013 1513 229 1532 551
pole 0.0012 1663 473 1679 580
pole 0.0012 1522 325 1569 630
pole 0.0011 1579 231 1635 618
pole 0.0011 1667 392 1753 636
pole 0.0011 1696 492 1732 624
pole 0.0010 1664 112 1859 648
rail-occluder 0.0616 1503 559 1540 628
rail-occluder 0.0022 1690 576 1744 618
rail-occluder 0.0020 1508 556 1546 602
rail-occluder 0.0011 1493 560 1562 606
rail-occluder 0.0010 669 526 699 591
