guard-rail 0.2543 778 878 796 922
guard-rail 0.0191 760 862 783 924
guard-rail 0.0172 1315 777 1399 806
guard-rail 0.0167 1336 792 1418 822
guard-rail 0.0126 1352 801 1440 833
guard-rail 0.0092 719 719 844 1075
guard-rail 0.0092 1296 773 1376 798
guard-rail 0.0078 770 877 804 927
guard-rail 0.0075 1162 800 1221 832
guard-rail 0.0062 1311 760 1393 791
guard-rail 0.0058 1382 807 1464 837
guard-rail 0.0058 757 726 852 806
guard-rail 0.0056 1290 750 1372 784
guard-rail 0.0048 1272 746 1343 781
guard-rail 0.0042 748 837 809 896
guard-rail 0.0040 1281 769 1343 793
guard-rail 0.0038 1250 740 1319 772
guard-rail 0.0031 791 882 835 929
guard-rail 0.0026 1350 781 1440 814
guard-rail 0.0026 756 813 815 1024
guard-rail 0.0024 1169 808 1221 844
guard-rail 0.0020 985 872 1008 917
guard-rail 0.0019 1228 740 1294 769
guard-rail 0.0017 776 971 800 1004
guard-rail 0.0017 1273 762 1356 797
guard-rail 0.0014 1295 790 1371 820
guard-rail 0.0014 1159 786 1215 813
guard-rail 0.0012 773 958 810 1017
guard-rail 0.0011 754 841 789 944
guard-rail 0.0011 1397 804 1499 840
guard-rail 0.0010 1254 767 1322 796
rail 0.9314 1070 705 1763 1078
rail 0.8850 702 718 1031 1077
rail 0.8848 840 707 1176 1078
rail 0.7776 1219 710 1920 953
rail 0.6276 721 709 1054 802
rail 0.1160 751 728 913 808
rail 0.0637 715 732 855 811
rail 0.0528 710 763 802 812
rail 0.0172 1428 749 1923 880
rail 0.0151 803 749 883 799
rail 0.0150 1255 712 1322 746
rail 0.0136 1343 782 1913 999
rail 0.0131 743 696 1119 931
rail 0.0128 1245 722 1317 754
rail 0.0122 1268 705 1338 738
rail 0.0091 747 761 859 814
rail 0.0086 717 718 862 1075
rail 0.0084 1210 709 1313 747
rail 0.0080 733 691 1219 775
rail 0.0075 1593 810 1919 976
rail 0.0075 669 711 876 858
rail 0.0068 671 740 790 797
rail 0.0057 1688 878 1918 958
rail 0.0050 1206 709 1349 767
rail 0.0048 769 702 1085 762
rail 0.0048 1180 729 1644 879
rail 0.0043 734 727 806 1066
rail 0.0042 1228 713 1399 787
rail 0.0036 1750 889 1920 987
rail 0.0035 1249 703 1365 751
rail 0.0035 671 717 910 793
rail 0.0033 1763 864 1923 945
rail 0.0032 1193 714 1278 744
rail 0.0032 1680 801 1919 900
rail 0.0031 1246 723 1485 818
rail 0.0031 1234 707 1827 855
rail 0.0031 1796 860 1924 909
rail 0.0031 0 641 305 910
rail 0.0024 1245 747 1519 851
rail 0.0023 1282 732 1370 768
rail 0.0022 713 705 953 774
rail 0.0022 0 622 464 818
rail 0.0022 1200 724 1272 751
rail 0.0021 1798 841 1923 894
rail 0.0019 897 748 1247 990
rail 0.0018 1659 855 1923 1038
rail 0.0017 1841 907 1917 1064
rail 0.0017 1155 697 1325 748
rail 0.0017 0 669 445 1066
rail 0.0017 1276 697 1335 726
rail 0.0016 690 750 745 803
rail 0.0015 801 713 939 789
rail 0.0015 1769 726 1919 914
rail 0.0015 1802 930 1923 1038
rail 0.0013 -1 663 152 1058
rail 0.0013 1298 740 1394 772
rail 0.0013 0 646 44 1063
rail 0.0013 1837 856 1917 945
rail 0.0013 -4 715 837 1063
rail 0.0012 835 914 1037 1080
rail 0.0012 1548 704 1917 925
rail 0.0012 1212 736 1315 775
rail 0.0011 834 806 1093 1019
rail 0.0011 1846 817 1916 907
rail 0.0011 1737 770 1921 1003
rail 0.0010 1754 804 1909 879
rail 0.0010 876 693 1304 862
rail 0.0010 849 983 1086 1080
rail 0.0010 1506 867 1908 1006
rail 0.0010 710 662 976 827
rail 0.0010 1073 704 1357 815
switch-indicator 0.0022 693 754 735 801
switch-indicator 0.0012 630 786 681 828
switch-left 0.2408 718 783 803 815
switch-left 0.0402 707 764 807 820
switch-left 0.0040 731 796 820 849
switch-left 0.0032 717 782 803 870
switch-left 0.0018 817 1001 1031 1075
switch-left 0.0018 734 790 843 823
switch-right 0.3859 715 780 800 818
switch-right 0.0030 1307 761 1398 793
switch-right 0.0025 736 789 841 822
switch-unknown 0.0357 1260 714 1317 745
switch-unknown 0.0319 1270 706 1333 736
switch-unknown 0.0163 1253 724 1312 753
switch-unknown 0.0110 1279 699 1330 720
switch-unknown 0.0083 1224 712 1298 746
switch-unknown 0.0064 1199 717 1267 745
switch-unknown 0.0053 1221 725 1297 755
switch-unknown 0.0051 1074 734 1113 754
switch-unknown 0.0044 1286 752 1377 786
switch-unknown 0.0044 1288 704 1356 734
switch-unknown 0.0037 1285 729 1364 769
switch-unknown 0.0034 1181 717 1246 742
switch-unknown 0.0031 1264 748 1352 783
switch-unknown 0.0026 1239 739 1329 774
switch-unknown 0.0023 1075 730 1137 756
switch-unknown 0.0022 1087 715 1142 744
switch-unknown 0.0021 1076 740 1110 762
switch-unknown 0.0020 1306 678 1353 732
switch-unknown 0.0012 1162 711 1222 739
switch-unknown 0.0012 1234 694 1292 722
switch-unknown 0.0011 1078 744 1141 772
switch-unknown 0.0010 1109 703 1164 738
switch-static 0.1991 816 780 860 808
switch-static 0.0314 1062 817 1125 845
switch-static 0.0292 826 757 863 798
switch-static 0.0219 606 809 696 856
switch-static 0.0152 622 805 684 835
switch-static 0.0144 599 837 701 878
switch-static 0.0140 646 805 716 834
switch-static 0.0118 678 816 726 842
switch-static 0.0099 641 813 730 849
switch-static 0.0087 687 803 727 834
switch-static 0.0074 798 741 862 807
switch-static 0.0066 829 777 883 809
switch-static 0.0057 1191 725 1246 745
switch-static 0.0049 766 765 843 814
switch-static 0.0046 668 772 788 823
switch-static 0.0046 1006 809 1063 835
switch-static 0.0031 634 879 735 912
switch-static 0.0026 1033 815 1107 844
switch-static 0.0025 1011 812 1074 845
switch-static 0.0023 600 851 715 900
switch-static 0.0019 1311 739 1380 768
switch-static 0.0016 843 723 888 796
switch-static 0.0013 661 885 737 920
switch-static 0.0013 979 803 1068 854
switch-static 0.0013 1043 805 1136 851
switch-static 0.0012 1838 858 1920 909
switch-static 0.0011 699 764 739 816
switch-static 0.0010 860 764 920 807
track-sign-front 0.0450 1721 760 1741 783
track-sign-front 0.0088 740 700 758 721
track-sign-front 0.0081 1718 732 1740 785
track-sign-front 0.0053 1719 717 1737 759
track-sign-front 0.0046 1719 716 1733 742
track-sign-front 0.0044 1446 709 1463 758
track-sign-front 0.0030 780 653 792 718
track-sign-front 0.0019 1773 679 1789 724
track-sign-front 0.0013 1445 680 1462 733
track-sign-front 0.0011 1718 761 1746 796
track-sign-front 0.0011 1793 742 1831 798
track-sign-front 0.0010 1774 663 1792 750
track-signal-back 0.5164 965 611 981 653
track-signal-back 0.3399 782 623 794 665
track-signal-back 0.0134 945 598 982 679
track-signal-back 0.0047 780 617 796 701
track-signal-back 0.0041 960 608 986 661
track-signal-back 0.0025 775 623 801 667
track-signal-back 0.0018 1433 583 1450 609
track-signal-back 0.0016 1434 575 1457 630
track-signal-back 0.0015 780 615 808 684
track-signal-back 0.0012 305 363 335 485
track-signal-back 0.0012 1440 580 1459 670
pole 0.1980 966 613 979 741
pole 0.0767 1024 410 1043 749
pole 0.0647 1761 380 1792 836
pole 0.0456 972 636 983 744
pole 0.0380 825 555 840 750
pole 0.0380 924 604 935 729
pole 0.0340 964 661 976 748
pole 0.0320 958 624 975 752
pole 0.0315 1110 585 1121 716
pole 0.0280 1340 579 1354 720
pole 0.0243 452 -28 528 1039
pole 0.0239 935 597 979 740
pole 0.0216 1037 510 1051 732
pole 0.0189 1046 585 1058 721
pole 0.0166 1047 583 1069 723
pole 0.0141 824 562 855 763
pole 0.0137 1712 421 1740 818
pole 0.0126 1113 547 1127 723
pole 0.0115 1717 399 1763 877
pole 0.0112 963 603 986 672
pole 0.0108 1444 517 1460 780
pole 0.0103 822 596 837 729
pole 0.0085 854 523 878 778
pole 0.0081 950 597 977 686
pole 0.0073 959 589 985 707
pole 0.0060 1731 376 1799 846
pole 0.0058 874 488 891 769
pole 0.0055 1119 522 1141 731
pole 0.0052 1757 358 1807 929
pole 0.0044 1052 677 1064 719
pole 0.0037 848 599 870 795
pole 0.0034 999 400 1040 746
pole 0.0033 1028 475 1055 747
pole 0.0032 924 527 940 746
pole 0.0031 1053 566 1074 706
pole 0.0029 1073 577 1124 720
pole 0.0024 1030 534 1044 678
pole 0.0024 935 677 978 758
pole 0.0024 1337 519 1353 747
pole 0.0020 462 160 521 842
pole 0.0020 1360 583 1380 715
pole 0.0016 778 648 797 733
pole 0.0016 967 673 1002 754
pole 0.0016 951 661 996 789
pole 0.0014 386 25 556 1124
pole 0.0013 629 530 646 764
pole 0.0013 854 605 878 734
pole 0.0012 815 564 844 761
pole 0.0011 877 525 906 776
pole 0.0011 1168 618 1190 721
pole 0.0010 1886 867 1920 1054
pole 0.0010 627 408 657 806
rail-occluder 0.0075 1052 693 1069 722
rail-occluder 0.0049 1051 668 1068 721
rail-occluder 0.0043 1447 740 1467 771
rail-occluder 0.0043 1449 722 1464 764
rail-occluder 0.0020 1032 696 1068 732
rail-occluder 0.0011 954 706 978 756
