train-car 0.0090 1333 513 1542 581
platform 0.5839 1142 655 1908 1075
platform 0.2202 3 695 777 1075
platform 0.0040 -20 456 855 1012
platform 0.0015 1223 859 1879 1085
rail 0.8395 790 584 1078 1077
rail 0.6002 879 634 1348 790
rail 0.1325 844 703 1060 863
rail 0.0589 1158 654 1856 1075
rail 0.0466 886 628 1257 730
rail 0.0263 800 521 1411 965
rail 0.0237 807 596 1803 900
rail 0.0182 867 700 1031 803
rail 0.0171 856 667 1183 779
rail 0.0080 1326 523 1672 592
rail 0.0066 862 551 1504 776
rail 0.0065 853 630 1288 1071
rail 0.0054 739 612 1049 807
rail 0.0049 831 593 1332 704
rail 0.0040 877 653 1037 760
rail 0.0034 746 609 1599 1079
rail 0.0028 1394 579 1848 972
rail 0.0025 960 656 1255 768
rail 0.0021 949 616 1276 697
rail 0.0021 786 616 1193 757
rail 0.0016 836 587 1031 778
rail 0.0014 1166 572 1757 738
rail 0.0014 586 661 1023 828
rail 0.0013 1348 520 1678 671
rail 0.0011 696 520 1132 933
rail 0.0010 1612 607 1926 999
switch-left 0.2820 874 730 1060 821
switch-left 0.0150 881 692 1052 785
switch-right 0.3290 879 724 1053 816
switch-right 0.0353 875 694 1058 779
switch-right 0.0032 895 674 1036 741
switch-right 0.0015 916 716 1031 784
track-sign-front 0.0589 1280 252 1315 278
track-sign-front 0.0087 7 184 326 334
track-sign-front 0.0044 642 510 662 540
track-sign-front 0.0040 1292 251 1327 276
track-sign-front 0.0037 838 373 853 393
track-sign-front 0.0036 142 440 183 486
track-sign-front 0.0029 841 370 854 389
track-sign-front 0.0028 311 70 339 100
track-sign-front 0.0023 1044 294 1065 319
track-sign-front 0.0017 1001 345 1021 371
track-sign-front 0.0011 239 124 289 178
track-signal-front 0.5288 1763 14 1917 279
track-signal-front 0.0416 486 463 505 492
track-signal-front 0.0025 1806 81 1914 268
track-signal-front 0.0020 909 458 924 491
track-signal-front 0.0018 482 463 505 515
track-signal-front 0.0013 1755 -220 1948 317
person-group 0.4939 423 506 577 619
person-group 0.0631 450 506 527 620
person-group 0.0115 488 498 597 597
person-group 0.0114 377 510 523 619
person-group 0.0060 420 518 489 623
person-group 0.0036 935 492 1804 852
person-group 0.0024 483 501 698 615
person-group 0.0021 342 472 576 633
car 0.1532 778 512 1001 586
car 0.0485 1344 519 1560 582
car 0.0024 1186 539 1338 587
car 0.0014 1283 506 1592 602
car 0.0011 1200 493 1325 624
person 0.8796 1257 515 1366 769
person 0.8001 1466 537 1617 933
person 0.7872 343 543 455 851
person 0.5826 288 652 363 834
person 0.3327 319 524 360 625
person 0.3254 366 517 421 619
person 0.2770 267 522 319 634
person 0.1919 322 520 411 624
person 0.0986 493 503 586 621
person 0.0737 270 621 429 859
person 0.0568 432 512 565 623
person 0.0410 459 507 520 618
person 0.0330 599 506 635 617
person 0.0328 297 524 351 639
person 0.0234 535 505 641 624
person 0.0232 207 603 496 931
person 0.0229 639 512 663 562
person 0.0171 1484 543 1506 585
person 0.0162 604 501 657 606
person 0.0112 554 504 600 608
person 0.0097 562 513 597 557
person 0.0085 1390 521 1592 593
person 0.0084 295 549 410 816
person 0.0082 514 504 570 584
person 0.0073 272 524 430 651
person 0.0072 629 508 668 586
person 0.0070 282 500 345 617
person 0.0061 414 509 480 617
person 0.0059 1207 523 1517 659
person 0.0055 524 507 600 573
person 0.0053 1466 540 1524 585
person 0.0052 569 504 634 602
person 0.0049 600 512 630 568
person 0.0043 238 583 380 846
person 0.0039 1507 536 1537 598
person 0.0030 246 528 353 646
person 0.0024 1175 534 1203 589
person 0.0024 502 549 535 618
person 0.0021 1473 505 1559 678
person 0.0021 509 541 564 620
person 0.0021 491 503 550 589
person 0.0020 1528 558 1634 883
person 0.0020 323 507 361 587
person 0.0019 1472 537 1570 598
person 0.0018 372 519 455 667
person 0.0016 1516 539 1551 607
person 0.0016 332 518 556 862
person 0.0015 594 524 675 628
person 0.0015 304 642 385 765
person 0.0011 1391 541 1657 798
person 0.0010 382 509 441 581
person 0.0010 364 625 450 768
person 0.0010 349 534 439 720
person 0.0010 1277 656 1368 758
person 0.0010 1441 550 1536 582
person 0.0010 482 462 508 518
person 0.0010 1467 505 1575 826
pole 0.0159 1731 36 1887 1135
pole 0.0057 1760 28 1862 833
pole 0.0018 1260 330 1310 743
pole 0.0017 1268 265 1339 784
