crossing 0.7785 776 828 1113 989
crossing 0.6004 1293 811 1787 982
crossing 0.3754 739 703 1131 1000
crossing 0.0449 919 560 1025 608
crossing 0.0369 1079 564 1208 623
crossing 0.0361 1172 675 1917 1077
crossing 0.0224 1075 520 1195 598
crossing 0.0205 1080 507 1166 546
crossing 0.0135 917 578 1007 618
crossing 0.0098 1016 494 1076 520
crossing 0.0073 1079 493 1159 524
crossing 0.0072 1078 520 1162 571
crossing 0.0064 994 499 1043 517
crossing 0.0059 935 549 1026 577
crossing 0.0058 1037 480 1087 513
crossing 0.0047 1078 560 1161 596
crossing 0.0038 1066 504 1135 532
crossing 0.0034 915 602 1000 623
crossing 0.0029 1083 528 1227 627
crossing 0.0029 1058 488 1128 517
crossing 0.0026 1496 831 1777 978
crossing 0.0025 1381 831 1719 956
crossing 0.0025 1114 517 1202 569
crossing 0.0022 1095 589 1230 635
crossing 0.0020 993 503 1052 524
crossing 0.0020 1314 793 1641 933
crossing 0.0018 1026 505 1097 527
crossing 0.0017 1102 550 1322 625
crossing 0.0016 957 503 1023 531
crossing 0.0012 939 542 1054 599
crossing 0.0010 1237 723 1626 977
crossing 0.0010 915 532 1031 629
guard-rail 0.5332 790 825 845 955
guard-rail 0.4489 1057 824 1090 955
guard-rail 0.0429 1044 829 1079 956
guard-rail 0.0245 782 837 812 952
guard-rail 0.0122 1056 831 1105 993
guard-rail 0.0071 758 822 841 1019
guard-rail 0.0049 764 819 898 983
guard-rail 0.0042 1078 838 1111 979
guard-rail 0.0041 807 828 863 980
guard-rail 0.0034 1509 818 1768 963
guard-rail 0.0027 1041 769 1088 974
guard-rail 0.0017 1064 854 1092 982
guard-rail 0.0016 777 855 825 981
guard-rail 0.0013 1348 798 1839 975
train-car 0.0045 1049 477 1076 501
train-car 0.0034 953 472 995 512
train-car 0.0018 977 469 1000 512
train-car 0.0013 1091 478 1138 508
train-car 0.0012 1054 473 1109 506
platform 0.0117 1079 500 1160 527
platform 0.0109 1078 506 1170 550
platform 0.0063 1138 499 1274 529
platform 0.0035 1103 502 1216 553
platform 0.0032 1112 496 1217 524
platform 0.0015 1039 487 1086 510
platform 0.0014 1060 495 1129 515
platform 0.0012 1145 501 1228 540
rail 0.9422 1070 507 1912 1087
rail 0.9347 713 511 1151 1071
rail 0.0020 1116 521 1395 625
rail 0.0016 1100 515 1217 573
switch-indicator 0.0109 1890 879 1921 1002
switch-indicator 0.0017 1861 877 1923 1018
switch-static 0.0031 1882 890 1920 1046
switch-static 0.0027 1797 937 1924 1000
switch-static 0.0023 1844 932 1919 1025
switch-static 0.0013 593 970 727 1023
track-sign-front 0.1225 1074 162 1112 198
track-sign-front 0.0188 1889 882 1920 953
track-sign-front 0.0040 1065 149 1120 198
track-sign-front 0.0033 1327 152 1345 171
track-sign-front 0.0022 1864 915 1924 1015
track-sign-front 0.0010 1283 900 1312 977
track-signal-front 0.0023 984 461 999 483
track-signal-front 0.0022 1043 476 1071 500
track-signal-front 0.0021 976 466 1001 512
car 0.0047 1077 509 1179 560
car 0.0016 951 478 1000 510
car 0.0012 964 486 1005 513
car 0.0010 927 479 973 511
person 0.0530 614 484 640 556
person 0.0139 579 495 600 541
person 0.0026 627 494 656 557
person 0.0019 618 480 636 520
person 0.0013 617 506 646 560
person 0.0010 592 493 633 563
person 0.0010 589 472 626 543
person 0.0010 1249 444 1268 479
rail-occluder 0.0033 1881 875 1923 1027
