buffer-stop 0.0857 1374 677 1627 897
guard-rail 0.3328 1090 912 1154 1079
guard-rail 0.0055 1074 919 1137 1056
guard-rail 0.0020 1112 920 1177 1081
guard-rail 0.0010 1079 969 1133 1076
rail 0.9489 917 541 1191 1074
rail 0.2539 910 914 1156 1077
rail 0.1484 1046 917 1156 1077
rail 0.0674 1409 882 1892 1076
rail 0.0166 1094 923 1169 1074
rail 0.0062 1879 504 1919 1090
rail 0.0061 1315 727 1873 1073
rail 0.0030 1818 499 1920 1094
switch-indicator 0.3974 1368 666 1622 899
switch-indicator 0.0752 1403 660 1450 721
switch-indicator 0.0312 1407 689 1448 714
switch-indicator 0.0109 1373 652 1477 871
switch-indicator 0.0052 1394 659 1468 763
switch-indicator 0.0038 1397 676 1445 745
switch-indicator 0.0028 1416 669 1585 841
switch-indicator 0.0010 659 874 790 980
switch-left 0.1839 884 909 1175 1073
switch-left 0.0169 905 908 1134 1006
switch-left 0.0010 923 909 1095 968
switch-right 0.1181 908 909 1159 1062
switch-right 0.0015 920 892 1143 980
switch-static 0.6716 677 888 886 1006
switch-static 0.1264 681 935 833 1007
switch-static 0.0818 763 923 911 990
switch-static 0.0562 1351 655 1613 902
switch-static 0.0235 701 925 935 1022
switch-static 0.0199 1131 933 1211 978
switch-static 0.0181 702 893 812 994
switch-static 0.0084 812 845 882 888
switch-static 0.0077 798 848 904 926
switch-static 0.0064 766 879 920 972
switch-static 0.0060 698 960 849 1018
switch-static 0.0045 813 846 858 879
switch-static 0.0036 685 871 784 942
switch-static 0.0033 774 964 913 1023
switch-static 0.0029 747 904 850 983
switch-static 0.0028 795 935 902 1008
switch-static 0.0023 827 887 912 934
switch-static 0.0020 1110 927 1215 1041
switch-static 0.0015 641 950 845 1035
switch-static 0.0015 723 835 871 966
switch-static 0.0014 818 902 912 970
switch-static 0.0010 655 868 801 984
switch-static 0.0010 736 850 873 916
switch-static 0.0010 796 848 861 910
track-sign-front 0.0665 1164 465 1197 506
track-sign-front 0.0540 1057 552 1069 567
track-sign-front 0.0461 1410 668 1449 721
track-sign-front 0.0434 718 666 738 688
track-sign-front 0.0394 1164 504 1188 606
track-sign-front 0.0349 1005 541 1024 559
track-sign-front 0.0299 718 667 738 706
track-sign-front 0.0264 1168 340 1202 365
track-sign-front 0.0241 1403 656 1448 700
track-sign-front 0.0227 1036 544 1071 565
track-sign-front 0.0106 1167 495 1193 560
track-sign-front 0.0102 716 674 736 761
track-sign-front 0.0067 717 660 739 679
track-sign-front 0.0044 1055 548 1071 573
track-sign-front 0.0040 1163 561 1185 628
track-sign-front 0.0038 970 469 982 563
track-sign-front 0.0025 1002 538 1019 562
track-sign-front 0.0024 1061 546 1083 567
track-sign-front 0.0019 1156 335 1195 364
track-sign-front 0.0017 1418 692 1447 718
track-sign-front 0.0013 971 493 1009 576
track-sign-front 0.0012 1005 541 1028 576
track-sign-front 0.0011 1165 594 1186 632
track-sign-front 0.0010 1159 541 1188 649
track-signal-front 0.7737 1151 359 1203 467
track-signal-front 0.3511 1162 461 1200 500
track-signal-front 0.1311 1158 433 1200 505
track-signal-front 0.0431 1164 347 1202 386
track-signal-front 0.0144 1153 406 1199 485
track-signal-front 0.0092 1160 353 1200 417
track-signal-front 0.0091 1174 361 1205 407
track-signal-front 0.0068 1165 383 1212 472
track-signal-front 0.0040 1177 340 1204 369
track-signal-front 0.0017 1145 353 1188 437
track-signal-front 0.0012 1124 357 1171 460
track-signal-front 0.0012 1128 397 1165 465
track-signal-back 0.0025 1162 331 1201 391
car 0.2304 1364 663 1621 901
pole 0.0047 969 467 981 554
pole 0.0029 967 440 982 581
rail-occluder 0.2085 1369 663 1620 895
rail-occluder 0.0146 1252 639 1755 972
