guard-rail 0.0084 1763 944 1912 1067
guard-rail 0.0018 1765 751 1912 846
guard-rail 0.0015 1639 852 1895 1063
train-car 0.0015 76 336 767 680
platform 0.9479 2 459 1039 1075
platform 0.0027 -32 442 945 764
rail 0.9707 739 464 1090 1077
rail 0.9104 1146 481 1916 1069
rail 0.1092 1427 608 1912 1073
rail 0.0037 1142 440 1825 832
rail 0.0016 1797 970 1914 1071
rail 0.0015 1741 605 1920 755
rail 0.0010 1787 589 1926 710
rail 0.0010 1312 574 1660 733
rail 0.0010 1504 653 1796 1036
switch-indicator 0.0234 1499 573 1540 611
switch-left 0.1156 1352 599 1505 657
switch-left 0.0646 1389 607 1545 668
switch-left 0.0461 1344 590 1466 640
switch-left 0.0275 1406 596 1534 645
switch-left 0.0047 1368 588 1536 695
switch-left 0.0032 1319 584 1404 624
switch-right 0.1495 1353 595 1503 653
switch-right 0.0317 1405 595 1533 645
switch-right 0.0247 1323 585 1448 630
switch-right 0.0173 1372 587 1478 635
switch-right 0.0050 1410 609 1519 664
switch-right 0.0017 1323 586 1401 622
switch-unknown 0.0029 1326 588 1405 628
switch-static 0.1150 1474 581 1537 619
switch-static 0.0693 1456 593 1536 623
switch-static 0.0654 1431 586 1516 620
switch-static 0.0231 1428 575 1474 606
switch-static 0.0212 1498 574 1541 611
switch-static 0.0196 1410 578 1489 621
switch-static 0.0093 1430 580 1496 610
switch-static 0.0085 1436 577 1532 638
switch-static 0.0074 1291 557 1771 649
switch-static 0.0030 1489 578 1558 630
switch-static 0.0025 1505 601 1580 633
switch-static 0.0022 1356 724 1428 767
switch-static 0.0010 41 950 169 1018
track-signal-front 0.0400 1091 403 1104 450
track-signal-front 0.0071 1055 410 1098 441
track-signal-front 0.0063 1048 410 1069 434
track-signal-front 0.0038 1047 406 1062 428
track-signal-front 0.0036 1087 388 1104 478
track-signal-front 0.0015 1035 397 1070 451
track-signal-back 0.7677 1173 311 1212 370
track-signal-back 0.0037 1164 247 1218 463
track-signal-back 0.0031 1172 298 1200 481
track-signal-back 0.0025 1134 319 1155 456
track-signal-back 0.0021 1172 367 1199 409
track-signal-back 0.0017 1178 358 1206 402
track-signal-back 0.0015 1176 311 1258 366
track-signal-back 0.0015 1178 318 1207 440
track-signal-back 0.0014 1158 175 1239 548
person 0.7555 64 479 173 829
person 0.7426 532 462 625 654
person 0.2219 200 406 282 631
person 0.0371 0 388 30 831
person 0.0359 205 406 249 577
person 0.0216 231 403 313 641
person 0.0093 484 470 581 636
person 0.0073 184 396 236 647
person 0.0068 521 478 594 622
person 0.0052 208 414 242 522
person 0.0045 472 461 542 613
person 0.0030 143 383 296 658
person 0.0026 266 421 336 665
person 0.0024 468 490 518 602
person 0.0022 8 376 70 785
person 0.0022 144 420 196 706
person 0.0017 184 413 348 671
person 0.0017 5 435 43 759
person 0.0015 167 381 210 671
person 0.0013 100 478 191 727
person 0.0013 389 354 488 657
person 0.0012 39 472 197 962
person 0.0012 519 438 567 590
person 0.0011 586 471 642 628
person 0.0010 20 472 105 772
person 0.0010 231 434 294 580
pole 0.5753 1267 -14 1331 726
pole 0.4576 1129 258 1146 523
pole 0.3478 1167 360 1201 589
pole 0.1981 1115 257 1142 521
pole 0.1333 1132 262 1165 560
pole 0.0901 1103 274 1124 520
pole 0.0750 1145 293 1195 578
pole 0.0715 1134 308 1152 537
pole 0.0322 1163 303 1214 631
pole 0.0288 1100 268 1114 518
pole 0.0232 0 350 30 819
pole 0.0144 1090 338 1107 509
pole 0.0135 389 296 433 676
pole 0.0134 1264 250 1316 767
pole 0.0123 1164 427 1194 562
pole 0.0085 0 407 20 746
pole 0.0084 1133 304 1145 449
pole 0.0083 1137 336 1174 573
pole 0.0069 1250 2 1369 771
pole 0.0067 1172 390 1196 539
pole 0.0065 1179 388 1211 654
pole 0.0064 1132 412 1167 534
pole 0.0056 1088 402 1106 483
pole 0.0049 1096 379 1128 512
pole 0.0043 1176 268 1209 554
pole 0.0041 5 413 42 746
pole 0.0038 1181 432 1204 574
pole 0.0038 1178 360 1230 725
pole 0.0037 1099 333 1121 484
pole 0.0037 1102 332 1112 460
pole 0.0032 1112 264 1175 539
pole 0.0029 1114 320 1137 472
pole 0.0027 1182 391 1202 530
pole 0.0025 1249 272 1278 548
pole 0.0023 30 175 102 749
pole 0.0021 1188 356 1253 609
pole 0.0019 350 270 413 683
pole 0.0018 69 170 111 667
pole 0.0018 1220 296 1300 805
pole 0.0018 1289 145 1377 696
pole 0.0018 1274 330 1299 631
pole 0.0017 1172 357 1194 482
pole 0.0017 1131 341 1170 486
pole 0.0016 1241 316 1285 598
pole 0.0015 1274 279 1348 818
pole 0.0015 54 209 143 714
pole 0.0014 250 252 270 432
pole 0.0014 1155 74 1335 609
pole 0.0013 1222 294 1253 576
pole 0.0013 0 148 28 707
pole 0.0012 74 211 107 515
pole 0.0011 1142 364 1199 513
pole 0.0011 1263 263 1295 551
pole 0.0011 -5 368 54 806
pole 0.0010 1097 439 1135 511
pole 0.0010 372 289 477 660
rail-occluder 0.0095 1159 401 1198 583
rail-occluder 0.0017 1163 467 1192 573
rail-occluder 0.0016 1126 445 1174 537
rail-occluder 0.0010 1098 476 1125 508
