guard-rail 0.0062 0 726 150 872
guard-rail 0.0024 0 702 80 823
guard-rail 0.0022 2 749 210 911
guard-rail 0.0018 0 716 72 781
guard-rail 0.0016 0 708 33 782
guard-rail 0.0012 5 753 107 831
rail 0.9406 749 572 1041 1079
rail 0.9026 4 583 990 1079
rail 0.8136 1064 577 1690 922
rail 0.6994 5 596 924 848
rail 0.0082 152 629 737 782
rail 0.0057 -1 702 161 874
rail 0.0050 1112 612 1939 1080
rail 0.0039 350 615 687 751
rail 0.0030 0 671 458 913
rail 0.0029 1 716 233 923
rail 0.0021 0 704 87 822
rail 0.0015 351 602 839 1037
rail 0.0015 308 635 779 849
rail 0.0015 1 656 127 808
rail 0.0013 285 662 615 815
rail 0.0013 1253 649 1484 864
rail 0.0013 5 587 216 879
rail 0.0012 8 626 623 735
rail 0.0011 34 714 658 1030
rail 0.0010 604 595 825 728
switch-static 0.2062 1049 649 1093 670
switch-static 0.0424 1090 710 1157 737
switch-static 0.0404 606 720 633 744
switch-static 0.0137 1040 712 1074 738
switch-static 0.0073 1040 711 1062 752
switch-static 0.0071 1077 710 1123 738
switch-static 0.0052 1041 758 1062 791
switch-static 0.0049 695 773 753 803
switch-static 0.0019 725 767 777 799
switch-static 0.0015 693 778 726 807
switch-static 0.0010 1090 702 1147 727
switch-static 0.0010 1045 685 1137 748
track-sign-front 0.0576 1099 575 1130 612
track-sign-front 0.0440 683 565 703 678
track-sign-front 0.0215 683 520 701 638
track-sign-front 0.0170 207 590 241 643
track-sign-front 0.0107 147 730 185 753
track-sign-front 0.0101 1104 582 1132 628
track-sign-front 0.0099 605 600 625 661
track-sign-front 0.0045 1267 530 1286 554
track-sign-front 0.0023 164 636 188 670
track-sign-front 0.0019 1262 526 1282 550
track-sign-front 0.0019 222 502 239 539
track-sign-front 0.0019 1079 548 1129 619
track-sign-front 0.0018 1094 562 1134 628
track-sign-front 0.0012 316 761 502 876
track-sign-front 0.0012 1103 546 1140 610
track-sign-front 0.0011 153 638 180 671
track-signal-front 0.3220 976 517 989 543
track-signal-front 0.3171 1035 509 1048 535
track-signal-front 0.0785 974 516 986 535
track-signal-front 0.0585 977 516 991 562
track-signal-front 0.0510 1034 508 1050 564
track-signal-front 0.0166 978 514 992 533
track-signal-front 0.0142 1037 505 1053 547
track-signal-front 0.0025 682 488 704 566
track-signal-front 0.0023 1018 506 1048 531
track-signal-front 0.0019 968 514 998 550
track-signal-front 0.0014 1028 509 1056 541
track-signal-front 0.0011 685 471 713 525
track-signal-back 0.7056 680 382 711 445
track-signal-back 0.2855 680 397 715 496
track-signal-back 0.0029 672 360 719 465
track-signal-back 0.0013 684 382 735 446
pole 0.3495 1072 88 1143 750
pole 0.3414 680 502 703 689
pole 0.1298 795 491 806 625
pole 0.1239 678 395 711 684
pole 0.0536 491 562 517 723
pole 0.0209 668 500 716 695
pole 0.0209 826 508 851 628
pole 0.0185 796 472 829 633
pole 0.0185 832 539 849 611
pole 0.0164 864 488 884 611
pole 0.0156 146 321 188 788
pole 0.0155 483 467 519 714
pole 0.0117 1087 382 1144 703
pole 0.0110 672 591 704 718
pole 0.0106 976 514 993 571
pole 0.0101 917 473 933 604
pole 0.0097 969 514 993 612
pole 0.0096 689 624 705 697
pole 0.0094 1032 505 1051 575
pole 0.0089 1044 18 1178 749
pole 0.0088 931 492 955 605
pole 0.0064 682 498 700 614
pole 0.0056 787 509 806 628
pole 0.0055 604 598 625 660
pole 0.0053 998 488 1047 610
pole 0.0051 490 527 528 704
pole 0.0051 1080 314 1125 651
pole 0.0048 975 514 1013 611
pole 0.0046 1098 119 1169 735
pole 0.0044 877 488 915 609
pole 0.0039 717 513 742 653
pole 0.0036 655 361 719 687
pole 0.0035 1099 560 1134 624
pole 0.0030 154 374 209 770
pole 0.0028 1016 532 1052 606
pole 0.0024 163 463 196 750
pole 0.0023 1040 428 1077 669
pole 0.0022 148 240 217 889
pole 0.0021 843 511 902 620
pole 0.0020 763 498 839 633
pole 0.0019 659 475 696 676
pole 0.0017 471 343 524 715
pole 0.0017 784 484 819 631
pole 0.0016 1106 353 1169 683
pole 0.0016 492 546 522 661
pole 0.0016 1102 485 1140 668
pole 0.0016 851 481 873 600
pole 0.0015 639 573 727 744
pole 0.0015 460 570 552 752
pole 0.0015 724 574 758 623
pole 0.0014 701 411 737 652
pole 0.0014 607 548 629 652
pole 0.0013 818 494 871 620
pole 0.0013 480 540 515 674
pole 0.0013 463 537 500 712
pole 0.0012 598 586 630 667
pole 0.0012 113 275 186 779
pole 0.0012 679 583 740 733
pole 0.0011 465 597 520 740
pole 0.0011 1054 356 1166 755
pole 0.0011 1023 63 1106 785
rail-occluder 0.2959 646 676 671 710
rail-occluder 0.1961 826 608 843 636
rail-occluder 0.1731 512 687 542 711
rail-occluder 0.0510 687 626 702 664
rail-occluder 0.0385 602 712 645 742
rail-occluder 0.0286 803 611 832 634
rail-occluder 0.0244 832 578 848 634
rail-occluder 0.0230 650 663 680 718
rail-occluder 0.0225 491 594 512 728
rail-occluder 0.0214 499 671 513 715
rail-occluder 0.0189 518 684 547 703
rail-occluder 0.0188 682 628 703 698
rail-occluder 0.0114 494 635 522 729
rail-occluder 0.0090 487 556 522 733
rail-occluder 0.0090 793 594 815 636
rail-occluder 0.0085 605 609 624 661
rail-occluder 0.0052 526 686 558 709
rail-occluder 0.0046 622 674 677 721
rail-occluder 0.0042 819 613 847 641
rail-occluder 0.0029 691 661 708 706
rail-occluder 0.0023 931 562 960 613
rail-occluder 0.0020 682 621 709 674
rail-occluder 0.0019 495 664 543 739
rail-occluder 0.0017 822 579 860 637
rail-occluder 0.0016 452 574 558 740
rail-occluder 0.0016 689 646 710 724
rail-occluder 0.0015 795 620 820 640
rail-occluder 0.0013 778 610 812 633
rail-occluder 0.0012 649 683 690 733
rail-occluder 0.0012 490 669 522 715
rail-occluder 0.0011 490 686 516 729
rail-occluder 0.0011 661 622 735 701
