crossing 0.0013 577 561 641 598
train-car 0.5131 876 479 918 515
train-car 0.0784 862 447 902 524
train-car 0.0113 882 475 937 512
train-car 0.0057 925 497 958 520
train-car 0.0046 813 470 863 541
train-car 0.0037 631 466 929 533
train-car 0.0033 767 479 932 534
train-car 0.0011 847 487 916 531
train-car 0.0010 841 417 950 569
train-car 0.0010 918 468 961 520
platform 0.8674 6 506 917 1076
platform 0.2248 554 503 848 615
platform 0.0062 557 491 948 1075
platform 0.0014 618 421 775 602
rail 0.9577 890 499 1196 1078
rail 0.3533 575 496 864 629
rail 0.2469 81 504 892 796
rail 0.1461 8 472 891 1023
rail 0.0469 178 495 877 654
rail 0.0194 598 477 900 575
rail 0.0189 577 524 846 724
rail 0.0071 1060 662 1920 1056
rail 0.0053 191 483 863 583
rail 0.0044 551 485 910 789
rail 0.0025 609 529 742 668
rail 0.0019 932 500 960 525
rail 0.0019 7 424 622 861
rail 0.0015 1421 711 1911 1076
rail 0.0012 1188 718 1822 984
switch-unknown 0.0040 934 504 956 519
track-sign-front 0.4041 145 429 250 580
track-sign-front 0.0020 148 503 248 578
track-sign-front 0.0014 995 459 1010 491
track-sign-front 0.0010 936 498 979 523
track-signal-front 0.0014 966 434 979 483
fence 0.3123 9 448 657 1054
pole 0.3211 748 495 757 600
pole 0.2672 869 395 878 534
pole 0.2246 666 287 689 624
pole 0.1982 741 497 756 605
pole 0.1869 658 393 681 620
pole 0.1602 665 491 676 616
pole 0.1542 828 448 839 548
pole 0.1076 751 491 763 603
pole 0.0885 663 462 681 637
pole 0.0847 668 505 682 637
pole 0.0690 743 458 754 584
pole 0.0651 826 410 849 544
pole 0.0559 603 470 798 610
pole 0.0431 826 470 846 538
pole 0.0289 828 490 841 542
pole 0.0264 835 389 874 538
pole 0.0260 681 287 700 628
pole 0.0243 869 394 895 534
pole 0.0199 634 488 719 627
pole 0.0187 733 447 748 585
pole 0.0166 729 367 744 599
pole 0.0153 749 465 772 597
pole 0.0139 776 413 790 539
pole 0.0132 649 443 691 610
pole 0.0103 650 282 697 630
pole 0.0078 687 375 708 638
pole 0.0067 780 408 812 545
pole 0.0060 665 531 695 639
pole 0.0060 722 321 739 607
pole 0.0053 733 416 761 555
pole 0.0045 666 242 682 550
pole 0.0043 630 399 829 600
pole 0.0042 765 446 792 562
pole 0.0039 624 431 706 609
pole 0.0037 664 498 851 601
pole 0.0033 669 496 739 615
pole 0.0033 668 369 685 512
pole 0.0029 686 439 711 577
pole 0.0024 679 468 722 600
pole 0.0022 828 503 841 564
pole 0.0020 848 396 900 538
pole 0.0020 659 411 690 557
pole 0.0014 797 425 884 537
pole 0.0011 828 389 839 511
pole 0.0010 587 431 628 547
pole 0.0010 683 248 748 613
rail-occluder 0.2868 9 452 609 1031
rail-occluder 0.0426 739 494 759 608
rail-occluder 0.0178 747 498 762 617
rail-occluder 0.0133 723 504 758 616
rail-occluder 0.0087 826 490 843 542
rail-occluder 0.0042 645 498 851 608
rail-occluder 0.0033 665 508 741 632
rail-occluder 0.0021 237 456 566 899
rail-occluder 0.0017 134 469 768 783
rail-occluder 0.0015 814 491 858 543
rail-occluder 0.0013 765 477 827 566
rail-occluder 0.0010 850 487 913 532
