guard-rail 0.5610 999 600 1913 1034
guard-rail 0.4297 1462 768 1759 935
guard-rail 0.1398 865 637 918 836
guard-rail 0.0438 851 680 910 820
guard-rail 0.0393 1287 650 1837 966
guard-rail 0.0312 888 632 929 862
guard-rail 0.0275 1027 623 1721 891
guard-rail 0.0150 1377 741 1652 901
guard-rail 0.0145 1464 766 1694 876
guard-rail 0.0102 1253 658 1652 896
guard-rail 0.0102 1309 757 1916 1073
guard-rail 0.0099 1550 760 1727 888
guard-rail 0.0092 362 640 826 978
guard-rail 0.0087 930 632 957 864
guard-rail 0.0086 901 609 945 671
guard-rail 0.0066 1511 799 1687 969
guard-rail 0.0057 901 620 937 706
guard-rail 0.0051 1112 656 1473 828
guard-rail 0.0048 1183 705 1345 788
guard-rail 0.0036 821 618 936 773
guard-rail 0.0035 512 710 758 863
guard-rail 0.0033 1460 766 1631 841
guard-rail 0.0033 878 631 926 767
guard-rail 0.0033 1577 809 1737 916
guard-rail 0.0032 1192 688 1419 806
guard-rail 0.0031 1312 705 1612 854
guard-rail 0.0031 856 836 894 1075
guard-rail 0.0031 922 604 967 680
guard-rail 0.0028 1500 789 1856 987
guard-rail 0.0027 929 620 959 710
guard-rail 0.0021 1561 834 1799 934
guard-rail 0.0018 844 712 891 833
guard-rail 0.0018 846 708 928 851
guard-rail 0.0016 933 679 954 818
guard-rail 0.0015 870 625 922 713
guard-rail 0.0015 1471 797 1637 937
guard-rail 0.0015 183 805 535 1078
guard-rail 0.0014 1375 719 1628 815
guard-rail 0.0012 1070 623 1401 789
guard-rail 0.0012 1763 918 1908 1003
guard-rail 0.0012 1234 722 1376 799
guard-rail 0.0011 858 840 884 940
guard-rail 0.0011 1271 703 1492 830
guard-rail 0.0011 1515 729 1704 857
guard-rail 0.0010 877 607 939 691
guard-rail 0.0010 925 609 961 790
guard-rail 0.0010 941 647 973 847
rail 0.9666 720 590 1036 1076
rail 0.9476 97 599 911 1075
rail 0.8517 978 586 1926 1055
rail 0.0220 0 615 782 869
rail 0.0072 862 604 929 642
rail 0.0062 820 609 888 655
rail 0.0049 906 604 946 636
rail 0.0021 857 599 937 626
rail 0.0012 927 573 969 630
rail 0.0012 835 592 920 630
rail 0.0011 1205 635 1904 850
rail 0.0011 0 665 636 1017
switch-unknown 0.0235 909 608 946 631
switch-unknown 0.0035 792 620 868 668
switch-unknown 0.0031 917 608 958 636
switch-unknown 0.0027 922 569 971 635
switch-static 0.0010 791 754 820 788
track-sign-front 0.0160 1755 173 1928 948
track-sign-front 0.0142 1772 505 1915 602
track-sign-front 0.0055 1768 365 1919 712
track-sign-front 0.0021 1089 574 1101 623
track-sign-front 0.0019 1757 518 1790 577
track-sign-front 0.0011 1019 577 1047 605
track-signal-front 0.2807 1070 511 1085 545
track-signal-front 0.0909 716 524 729 552
track-signal-front 0.0206 960 519 974 579
track-signal-front 0.0060 898 554 912 580
track-signal-front 0.0023 1064 509 1091 548
track-signal-front 0.0022 886 545 917 593
track-signal-front 0.0011 900 537 931 588
track-signal-back 0.3966 815 517 831 548
track-signal-back 0.3762 964 514 977 545
track-signal-back 0.2508 1070 511 1084 546
track-signal-back 0.1055 716 524 729 552
track-signal-back 0.0456 1073 515 1087 553
track-signal-back 0.0125 779 495 837 615
track-signal-back 0.0053 809 516 835 557
track-signal-back 0.0022 958 510 985 543
track-signal-back 0.0012 820 510 861 589
pole 0.3004 1731 -47 1918 1027
pole 0.1326 981 499 997 638
pole 0.1099 967 501 989 639
pole 0.0761 779 471 793 634
pole 0.0468 814 519 825 631
pole 0.0196 1083 540 1094 633
pole 0.0144 1086 562 1096 623
pole 0.0132 781 493 831 639
pole 0.0109 946 512 974 638
pole 0.0091 1710 -17 1840 958
pole 0.0061 714 522 729 622
pole 0.0052 1076 525 1091 626
pole 0.0052 1775 345 1921 1182
pole 0.0048 971 506 1005 640
pole 0.0043 986 529 1019 628
pole 0.0039 990 494 1008 617
pole 0.0032 795 550 828 641
pole 0.0029 847 521 875 626
pole 0.0029 778 563 794 639
pole 0.0028 1766 50 1913 720
pole 0.0023 854 543 883 621
pole 0.0022 960 518 975 589
pole 0.0022 1797 609 1920 1068
pole 0.0022 1811 123 1923 925
pole 0.0019 1064 559 1097 632
pole 0.0018 1586 -33 1883 993
pole 0.0018 1083 577 1099 647
pole 0.0011 962 475 996 608
pole 0.0010 804 510 836 602
pole 0.0010 764 496 810 641
rail-occluder 0.0191 851 611 907 676
rail-occluder 0.0164 811 617 883 669
rail-occluder 0.0160 852 601 899 652
rail-occluder 0.0144 835 608 882 654
rail-occluder 0.0076 865 601 930 641
rail-occluder 0.0072 948 585 983 656
rail-occluder 0.0071 808 599 840 656
rail-occluder 0.0056 978 574 1002 648
rail-occluder 0.0054 1017 587 1042 610
rail-occluder 0.0047 779 597 796 636
rail-occluder 0.0042 788 588 833 653
rail-occluder 0.0038 780 625 851 685
rail-occluder 0.0037 949 614 990 678
rail-occluder 0.0034 856 577 888 634
rail-occluder 0.0031 841 605 922 720
rail-occluder 0.0030 852 565 877 632
rail-occluder 0.0025 993 574 1041 621
rail-occluder 0.0023 818 611 920 800
rail-occluder 0.0018 787 600 909 708
rail-occluder 0.0011 799 610 858 657
rail-occluder 0.0011 964 575 1010 650
rail-occluder 0.0010 807 623 898 693
