train-car 0.0097 1115 573 1387 669
rail 0.9706 -5 604 845 1076
rail 0.8055 661 604 974 1077
rail 0.0097 886 611 1268 1074
rail 0.0079 1408 718 1911 872
rail 0.0038 1224 673 1927 834
rail 0.0031 1618 742 1921 960
rail 0.0025 1325 687 1889 1023
rail 0.0021 1663 743 1916 868
rail 0.0021 1759 752 1919 997
rail 0.0015 239 605 666 984
rail 0.0011 1073 623 1909 958
rail 0.0011 1672 702 1924 827
rail 0.0011 21 615 807 855
rail 0.0010 1776 721 1917 892
switch-static 0.0243 406 738 493 788
switch-static 0.0081 419 737 485 768
switch-static 0.0066 395 756 503 805
switch-static 0.0051 381 733 519 825
switch-static 0.0034 597 828 634 867
switch-static 0.0014 343 711 509 915
track-signal-front 0.2042 900 547 911 571
track-signal-front 0.1713 871 509 883 541
track-signal-front 0.0771 872 514 890 554
track-signal-front 0.0044 897 546 913 585
track-signal-front 0.0028 668 548 680 573
track-signal-front 0.0024 829 509 850 590
track-signal-front 0.0015 873 505 886 528
track-signal-front 0.0013 841 499 883 557
track-signal-front 0.0013 708 520 720 583
pole 0.0106 897 539 912 631
pole 0.0043 829 528 843 630
pole 0.0032 831 515 843 593
pole 0.0028 707 523 719 617
pole 0.0022 826 508 861 635
