crossing 0.0022 792 544 843 560
guard-rail 0.0015 367 553 515 601
guard-rail 0.0011 415 551 517 590
rail 0.9701 588 456 942 1076
rail 0.9509 837 463 1825 1075
rail 0.8500 3 462 791 862
rail 0.7133 0 467 724 622
rail 0.3957 643 466 823 519
rail 0.2923 690 462 815 502
rail 0.1180 520 466 807 549
rail 0.0931 -5 490 542 584
rail 0.0569 280 466 811 576
rail 0.0485 707 457 763 487
rail 0.0444 -5 501 539 672
rail 0.0429 749 463 839 491
rail 0.0404 616 474 763 529
rail 0.0376 720 460 782 490
rail 0.0343 616 462 758 504
rail 0.0313 0 511 396 617
rail 0.0153 671 464 755 499
rail 0.0152 348 466 755 527
rail 0.0148 -6 462 641 553
rail 0.0118 676 454 750 486
rail 0.0101 1 498 339 567
rail 0.0080 -4 521 260 601
rail 0.0078 657 492 795 546
rail 0.0077 717 451 829 496
rail 0.0073 579 496 741 547
rail 0.0072 538 476 735 535
rail 0.0066 665 513 751 553
rail 0.0065 577 429 758 544
rail 0.0051 631 441 856 541
rail 0.0051 629 469 699 516
rail 0.0050 429 471 698 510
rail 0.0047 453 500 727 559
rail 0.0046 799 463 841 486
rail 0.0042 635 454 732 490
rail 0.0032 358 477 659 547
rail 0.0031 506 484 798 590
rail 0.0025 41 422 776 541
rail 0.0025 -1 526 175 580
rail 0.0023 3 537 307 640
rail 0.0023 354 513 561 601
rail 0.0022 -5 543 177 603
rail 0.0022 608 502 712 542
rail 0.0020 238 478 752 700
rail 0.0019 449 453 857 613
rail 0.0019 592 479 684 529
rail 0.0017 607 484 783 566
rail 0.0016 390 538 551 584
rail 0.0016 688 435 804 493
rail 0.0015 514 132 692 594
rail 0.0014 812 460 859 484
rail 0.0014 181 514 444 594
rail 0.0014 5 486 259 542
rail 0.0013 405 511 631 561
rail 0.0012 417 502 682 589
rail 0.0012 -10 529 450 759
rail 0.0012 616 465 687 503
rail 0.0012 522 478 662 517
rail 0.0012 744 457 875 500
rail 0.0011 -3 368 707 589
rail 0.0010 704 431 863 520
switch-indicator 0.0029 665 530 710 567
switch-indicator 0.0021 659 542 695 588
switch-left 0.0023 418 543 558 586
switch-unknown 0.1115 804 467 838 480
switch-unknown 0.1100 768 467 832 486
switch-unknown 0.0685 727 468 815 495
switch-unknown 0.0258 815 463 855 477
switch-unknown 0.0112 667 476 759 518
switch-unknown 0.0066 767 472 830 499
switch-unknown 0.0048 808 461 841 484
switch-unknown 0.0043 621 507 695 539
switch-unknown 0.0031 465 529 609 570
switch-unknown 0.0022 573 482 651 513
switch-unknown 0.0020 490 535 585 565
switch-unknown 0.0019 648 442 722 492
switch-unknown 0.0018 606 477 675 523
switch-unknown 0.0017 423 537 559 578
switch-unknown 0.0010 518 532 592 559
switch-static 0.0456 690 532 732 552
switch-static 0.0168 616 590 680 617
switch-static 0.0125 680 522 739 555
switch-static 0.0062 664 533 709 567
switch-static 0.0047 570 586 668 618
switch-static 0.0042 688 505 761 547
switch-static 0.0032 643 538 692 576
switch-static 0.0031 633 587 727 619
switch-static 0.0024 624 548 694 598
switch-static 0.0022 645 495 723 546
switch-static 0.0020 679 591 735 623
switch-static 0.0019 585 581 702 627
switch-static 0.0018 600 566 674 607
switch-static 0.0013 574 594 656 628
switch-static 0.0012 519 568 702 637
switch-static 0.0011 318 560 389 584
switch-static 0.0011 651 597 723 629
track-sign-front 0.0044 944 484 959 507
track-sign-front 0.0040 0 325 16 367
track-sign-front 0.0016 0 780 18 993
track-signal-front 0.0062 870 415 887 435
track-signal-front 0.0046 778 379 796 451
track-signal-front 0.0027 871 402 893 456
track-signal-front 0.0012 779 376 792 430
pole 0.7702 592 41 626 579
pole 0.2516 652 287 670 498
pole 0.0625 651 351 665 493
pole 0.0221 656 336 668 482
pole 0.0220 622 195 672 550
pole 0.0136 642 396 664 503
pole 0.0123 641 258 668 516
pole 0.0120 776 378 794 473
pole 0.0072 795 20 836 519
pole 0.0056 575 63 615 578
pole 0.0049 595 218 621 548
pole 0.0048 599 135 616 488
pole 0.0045 -1 343 15 617
pole 0.0041 812 200 831 476
pole 0.0035 0 267 28 681
pole 0.0034 658 191 672 507
pole 0.0021 659 300 671 435
pole 0.0018 586 366 609 555
pole 0.0018 632 300 686 519
pole 0.0017 603 140 626 485
pole 0.0017 0 34 39 608
pole 0.0013 -1 463 18 682
pole 0.0012 585 223 609 540
pole 0.0011 542 37 680 579
pole 0.0010 860 412 891 488
pole 0.0010 642 99 681 544
pole 0.0010 788 257 819 523
pole 0.0010 579 202 632 601
rail-occluder 0.0254 644 465 666 500
rail-occluder 0.0094 642 471 678 510
