crossing 0.0021 1109 630 1166 651
crossing 0.0012 1139 634 1180 653
guard-rail 0.0047 1122 572 1150 634
guard-rail 0.0020 1134 569 1175 632
guard-rail 0.0010 1139 596 1176 648
rail 0.9635 943 544 1264 1076
switch-indicator 0.0907 1039 634 1065 674
switch-indicator 0.0016 1029 630 1080 675
switch-static 0.4295 1213 774 1303 807
switch-static 0.0472 1207 780 1268 811
switch-static 0.0351 1038 635 1071 675
switch-static 0.0036 1260 768 1321 804
switch-static 0.0032 1070 568 1130 615
switch-static 0.0022 1230 765 1323 812
track-sign-front 0.2142 1078 574 1095 599
track-sign-front 0.1905 1194 574 1222 604
track-sign-front 0.1022 1039 635 1065 673
track-sign-front 0.0058 1202 564 1226 598
track-sign-front 0.0028 1072 567 1127 602
track-sign-front 0.0024 1187 549 1220 572
track-sign-front 0.0010 1077 545 1098 596
track-signal-front 0.0067 1124 513 1141 537
track-signal-back 0.1025 1165 515 1174 533
track-signal-back 0.0293 1132 516 1142 531
track-signal-back 0.0137 1162 512 1175 539
track-signal-back 0.0136 1130 516 1152 539
track-signal-back 0.0065 1168 513 1176 527
track-signal-back 0.0036 1155 519 1178 551
track-signal-back 0.0010 1128 523 1152 556
pole 0.0098 1860 27 1921 1103
pole 0.0015 1881 228 1919 896
pole 0.0012 1804 3 1927 1038
