train-car 0.8787 676 430 772 562
train-car 0.0015 684 438 834 573
platform 0.0936 410 544 605 598
platform 0.0200 409 485 607 592
platform 0.0111 383 518 593 615
platform 0.0059 478 510 586 592
platform 0.0038 330 539 609 639
platform 0.0027 486 546 583 593
platform 0.0013 737 555 966 597
platform 0.0011 510 532 595 589
rail 0.9159 697 567 1364 1075
rail 0.8921 328 561 667 1079
rail 0.0349 452 567 897 1070
rail 0.0030 -2 39 334 1005
rail 0.0012 475 579 699 1060
rail 0.0010 909 641 1153 1017
track-signal-front 0.1384 780 460 795 483
track-signal-front 0.1018 793 411 806 441
track-signal-front 0.0458 495 416 530 441
track-signal-front 0.0174 784 443 804 490
track-signal-front 0.0069 825 403 845 440
track-signal-front 0.0063 209 48 250 170
track-signal-front 0.0054 800 404 837 446
track-signal-front 0.0037 774 458 798 490
track-signal-front 0.0036 661 366 675 392
track-signal-front 0.0031 784 391 807 440
track-signal-front 0.0018 786 410 815 446
track-signal-front 0.0016 466 424 488 453
track-signal-front 0.0013 485 450 522 557
track-signal-front 0.0010 461 427 485 462
person 0.4891 435 477 475 587
person 0.1784 486 481 513 575
person 0.0746 414 478 498 590
person 0.0508 425 507 586 603
person 0.0383 494 484 534 575
person 0.0068 420 470 457 588
person 0.0042 1714 627 1765 769
person 0.0041 794 507 815 560
person 0.0038 1688 660 1717 773
person 0.0026 782 457 800 522
person 0.0025 510 476 539 561
person 0.0025 497 503 577 595
person 0.0023 1693 634 1750 770
person 0.0022 851 498 875 556
person 0.0016 794 498 834 564
person 0.0012 785 491 808 564
person 0.0011 416 516 524 614
person 0.0010 842 494 870 539
