crossing 0.0020 944 627 1002 645
guard-rail 0.0035 4 861 121 935
guard-rail 0.0023 28 851 167 908
guard-rail 0.0022 1 872 80 997
guard-rail 0.0018 -2 755 288 937
guard-rail 0.0015 0 837 139 976
guard-rail 0.0012 0 761 27 818
guard-rail 0.0010 0 748 76 792
guard-rail 0.0010 34 737 124 780
rail 0.9659 726 566 1027 1076
rail 0.9591 864 582 1924 1077
rail 0.8969 1 578 827 965
rail 0.0591 0 585 754 759
rail 0.0422 1 676 443 770
rail 0.0357 -3 701 328 786
rail 0.0209 843 571 890 591
rail 0.0181 862 575 898 599
rail 0.0170 -2 716 192 792
rail 0.0094 -2 628 540 802
rail 0.0070 895 582 978 625
rail 0.0045 -4 711 328 854
rail 0.0043 874 583 954 618
rail 0.0036 9 695 257 756
rail 0.0035 149 702 234 728
rail 0.0031 872 577 954 603
rail 0.0028 795 570 873 591
rail 0.0020 1 728 99 794
rail 0.0017 0 730 219 837
rail 0.0017 207 696 344 752
rail 0.0016 858 560 890 587
rail 0.0013 903 562 985 614
rail 0.0013 7 723 405 960
rail 0.0012 101 708 346 747
rail 0.0011 875 589 913 620
rail 0.0011 230 597 756 718
switch-indicator 0.0114 637 675 660 700
switch-indicator 0.0062 168 701 207 722
switch-indicator 0.0041 241 698 329 748
switch-indicator 0.0018 1162 863 1270 946
switch-indicator 0.0015 1099 644 1123 665
switch-unknown 0.2468 866 580 896 597
switch-unknown 0.1027 845 573 888 589
switch-unknown 0.0250 883 588 945 615
switch-unknown 0.0232 860 564 888 581
switch-unknown 0.0200 900 597 944 618
switch-unknown 0.0154 905 586 964 616
switch-unknown 0.0143 783 574 824 593
switch-unknown 0.0110 833 551 865 587
switch-unknown 0.0093 803 568 862 590
switch-unknown 0.0073 876 592 911 615
switch-unknown 0.0064 907 596 978 634
switch-unknown 0.0060 760 583 812 602
switch-unknown 0.0050 773 576 807 598
switch-unknown 0.0019 874 531 919 603
switch-unknown 0.0014 864 589 898 626
switch-static 0.4608 275 701 336 731
switch-static 0.4025 1379 730 1435 770
switch-static 0.0382 307 702 344 734
switch-static 0.0346 104 659 542 757
switch-static 0.0222 764 671 793 696
switch-static 0.0206 981 690 1023 707
switch-static 0.0194 253 698 374 737
switch-static 0.0191 166 700 226 723
switch-static 0.0170 637 678 664 703
switch-static 0.0154 762 674 821 706
switch-static 0.0149 214 710 291 732
switch-static 0.0106 663 691 708 715
switch-static 0.0104 797 689 837 710
switch-static 0.0092 307 669 382 712
switch-static 0.0080 184 704 261 731
switch-static 0.0077 15 866 117 904
switch-static 0.0055 329 674 395 699
switch-static 0.0043 33 857 131 894
switch-static 0.0038 1161 862 1269 938
switch-static 0.0036 197 712 306 740
switch-static 0.0035 1091 645 1123 663
switch-static 0.0030 238 712 323 737
switch-static 0.0029 1102 644 1121 660
switch-static 0.0029 5 873 78 910
switch-static 0.0025 1372 740 1438 786
switch-static 0.0024 194 698 240 720
switch-static 0.0017 231 697 338 730
switch-static 0.0014 169 715 229 741
switch-static 0.0013 963 688 1014 709
switch-static 0.0013 216 699 289 725
switch-static 0.0013 293 675 357 700
switch-static 0.0012 187 717 264 739
switch-static 0.0011 1144 869 1279 978
switch-static 0.0011 501 679 581 704
switch-static 0.0010 636 685 699 723
switch-static 0.0010 55 850 141 886
switch-static 0.0010 919 624 983 643
track-sign-front 0.0147 1233 481 1265 540
track-sign-front 0.0128 682 513 698 611
track-sign-front 0.0112 601 568 632 601
track-sign-front 0.0082 989 502 1006 620
track-sign-front 0.0070 1380 723 1434 762
track-sign-front 0.0067 87 578 103 617
track-sign-front 0.0050 224 535 252 568
track-sign-front 0.0048 674 505 697 553
track-sign-front 0.0045 988 582 1012 661
track-sign-front 0.0045 668 487 702 533
track-sign-front 0.0031 638 681 660 701
track-sign-front 0.0031 355 602 373 631
track-sign-front 0.0027 760 674 789 699
track-sign-front 0.0027 1243 531 1264 562
track-sign-front 0.0020 986 506 1006 555
track-sign-front 0.0015 682 474 715 527
track-sign-front 0.0013 216 513 245 551
track-sign-front 0.0011 1667 599 1710 635
track-signal-front 0.7902 681 404 714 496
track-signal-front 0.7176 1166 437 1190 507
track-signal-front 0.6462 979 414 1012 508
track-signal-front 0.0208 1128 521 1140 545
track-signal-front 0.0055 176 475 214 525
track-signal-front 0.0053 684 401 714 451
track-signal-front 0.0039 725 469 743 547
track-signal-front 0.0037 1165 477 1187 509
track-signal-front 0.0036 172 472 204 513
track-signal-front 0.0036 1170 437 1188 469
track-signal-front 0.0033 1154 438 1208 512
track-signal-front 0.0028 678 403 705 440
track-signal-front 0.0015 1229 476 1259 525
track-signal-front 0.0014 195 483 235 531
track-signal-front 0.0013 679 366 713 461
track-signal-front 0.0011 1165 438 1183 463
track-signal-front 0.0011 718 443 753 508
track-signal-front 0.0010 731 451 765 498
track-signal-back 0.0620 1230 477 1261 536
track-signal-back 0.0470 1128 520 1141 542
track-signal-back 0.0103 980 418 1015 514
pole 0.4362 680 488 703 709
pole 0.3009 985 506 1009 695
pole 0.0723 732 486 743 605
pole 0.0188 224 75 298 704
pole 0.0136 684 531 699 676
pole 0.0100 666 499 712 708
pole 0.0088 960 491 1006 707
pole 0.0068 787 486 811 603
pole 0.0056 988 433 1015 673
pole 0.0044 1227 54 1299 685
pole 0.0043 680 418 733 726
pole 0.0041 731 522 748 613
pole 0.0032 975 523 1023 690
pole 0.0028 677 398 713 675
pole 0.0027 775 488 802 603
pole 0.0025 938 481 954 592
pole 0.0021 725 457 744 558
pole 0.0021 809 504 854 606
pole 0.0018 985 612 1013 654
pole 0.0015 187 84 318 830
pole 0.0014 934 494 960 607
pole 0.0014 1253 97 1310 641
pole 0.0010 899 472 932 601
pole 0.0010 682 578 701 700
rail-occluder 0.0082 168 702 213 724
rail-occluder 0.0030 635 677 658 698
rail-occluder 0.0018 603 565 640 613
