crossing 0.0101 682 686 760 714
crossing 0.0051 872 678 977 719
crossing 0.0048 895 690 994 737
crossing 0.0010 850 666 931 692
guard-rail 0.0174 1 754 103 814
guard-rail 0.0121 303 748 407 793
guard-rail 0.0094 0 804 63 866
guard-rail 0.0084 1 773 102 853
guard-rail 0.0067 8 753 143 838
guard-rail 0.0036 924 716 1005 746
guard-rail 0.0033 235 777 313 816
guard-rail 0.0031 31 787 125 838
guard-rail 0.0031 225 792 292 828
guard-rail 0.0028 17 782 179 846
guard-rail 0.0024 0 814 37 899
guard-rail 0.0021 225 788 334 834
guard-rail 0.0019 945 718 1038 753
guard-rail 0.0018 1107 801 1200 848
guard-rail 0.0015 93 767 217 813
guard-rail 0.0011 251 777 353 825
guard-rail 0.0010 389 738 476 782
train-car 0.2416 1849 389 1917 453
train-car 0.0046 1821 371 1924 461
train-car 0.0026 1880 348 1919 454
train-car 0.0020 135 554 578 637
train-car 0.0011 1820 392 1886 456
platform 0.0030 -9 630 224 709
rail 0.9359 647 579 901 1077
rail 0.9286 -1 579 674 1090
rail 0.8772 1070 799 1620 1078
rail 0.8699 750 591 1678 1074
rail 0.8634 -1 762 427 1075
rail 0.7458 -2 577 613 852
rail 0.5348 501 589 735 668
rail 0.0961 716 589 794 614
rail 0.0912 570 581 654 621
rail 0.0814 555 584 703 634
rail 0.0673 512 607 632 662
rail 0.0626 695 591 750 615
rail 0.0462 1 750 122 838
rail 0.0380 0 761 163 898
rail 0.0377 0 727 294 875
rail 0.0309 1 653 447 979
rail 0.0247 207 574 646 677
rail 0.0215 -4 572 556 722
rail 0.0201 496 580 636 623
rail 0.0197 728 588 822 624
rail 0.0175 0 781 83 885
rail 0.0169 584 579 636 607
rail 0.0154 0 761 82 823
rail 0.0153 447 590 697 705
rail 0.0148 242 731 423 898
rail 0.0146 194 623 591 787
rail 0.0132 572 577 621 604
rail 0.0127 357 592 619 670
rail 0.0125 0 702 221 819
rail 0.0116 667 587 726 613
rail 0.0113 599 590 759 650
rail 0.0102 200 673 440 998
rail 0.0091 1 800 64 869
rail 0.0086 -1 622 317 796
rail 0.0082 1003 775 1466 1023
rail 0.0078 0 777 46 854
rail 0.0078 357 575 805 775
rail 0.0073 641 591 751 1077
rail 0.0073 531 571 667 642
rail 0.0068 904 682 1295 946
rail 0.0067 696 580 803 623
rail 0.0061 0 765 46 820
rail 0.0060 715 591 830 646
rail 0.0056 599 578 656 608
rail 0.0055 351 627 488 669
rail 0.0054 531 633 680 681
rail 0.0053 282 624 525 677
rail 0.0049 0 776 145 987
rail 0.0047 1061 797 1298 953
rail 0.0047 767 588 804 620
rail 0.0046 1376 435 1894 698
rail 0.0045 374 625 628 735
rail 0.0044 1375 298 1894 828
rail 0.0041 -1 802 61 944
rail 0.0037 760 583 793 609
rail 0.0037 -8 766 321 959
rail 0.0036 147 561 696 748
rail 0.0035 245 683 534 865
rail 0.0034 1617 436 1920 605
rail 0.0033 17 702 201 765
rail 0.0032 -1 658 175 776
rail 0.0031 1169 835 1470 1053
rail 0.0029 0 810 38 905
rail 0.0028 -1 756 40 799
rail 0.0027 416 581 626 632
rail 0.0027 526 572 616 608
rail 0.0026 569 605 724 664
rail 0.0025 697 585 760 606
rail 0.0024 495 547 742 719
rail 0.0022 36 763 223 835
rail 0.0021 5 736 86 773
rail 0.0020 1872 431 1920 596
rail 0.0019 503 468 728 673
rail 0.0019 17 729 181 793
rail 0.0019 252 590 730 935
rail 0.0019 46 733 272 813
rail 0.0018 480 638 564 675
rail 0.0018 1849 404 1918 474
rail 0.0017 -2 629 225 710
rail 0.0017 1800 389 1919 509
rail 0.0017 1794 443 1921 576
rail 0.0016 380 632 461 666
rail 0.0016 554 595 797 695
rail 0.0016 762 614 1086 791
rail 0.0015 493 548 608 649
rail 0.0015 -6 579 295 702
rail 0.0014 107 792 400 877
rail 0.0014 735 596 1237 999
rail 0.0013 388 527 643 640
rail 0.0012 1882 393 1918 498
rail 0.0012 667 606 752 673
rail 0.0011 78 751 231 810
rail 0.0010 811 587 1157 854
rail 0.0010 -2 663 83 772
rail 0.0010 670 596 958 752
rail 0.0010 464 488 570 665
switch-indicator 0.4055 795 635 811 668
switch-indicator 0.0309 788 634 819 669
switch-indicator 0.0237 1645 922 1684 1000
switch-indicator 0.0156 754 592 801 620
switch-indicator 0.0010 767 604 822 681
switch-left 0.1990 1034 791 1217 871
switch-left 0.1327 291 751 442 807
switch-left 0.0921 1023 783 1170 839
switch-left 0.0469 1007 774 1310 913
switch-left 0.0264 231 775 433 838
switch-left 0.0219 1067 815 1267 889
switch-left 0.0113 957 742 1189 843
switch-left 0.0111 992 763 1124 814
switch-left 0.0085 934 719 1046 764
switch-left 0.0079 502 647 590 690
switch-left 0.0072 506 661 571 688
switch-left 0.0052 342 734 491 792
switch-left 0.0041 1076 801 1228 852
switch-left 0.0033 959 732 1085 790
switch-left 0.0031 32 721 171 763
switch-left 0.0010 1121 813 1283 868
switch-right 0.1914 1027 788 1203 851
switch-right 0.1733 508 651 578 680
switch-right 0.1609 280 751 451 807
switch-right 0.1008 1049 802 1248 887
switch-right 0.1001 516 642 600 672
switch-right 0.0925 1008 773 1159 834
switch-right 0.0352 238 766 430 833
switch-right 0.0336 330 740 479 789
switch-right 0.0232 942 711 1334 949
switch-right 0.0222 998 761 1137 812
switch-right 0.0139 14 743 131 783
switch-right 0.0096 991 763 1224 891
switch-right 0.0086 1079 803 1190 865
switch-right 0.0081 958 736 1122 801
switch-right 0.0075 17 733 143 770
switch-right 0.0074 946 723 1082 777
switch-right 0.0063 504 660 574 689
switch-right 0.0054 915 713 1011 748
switch-right 0.0051 907 705 1046 761
switch-right 0.0037 942 721 1035 762
switch-right 0.0036 1086 799 1308 909
switch-right 0.0029 943 728 1212 856
switch-right 0.0019 986 719 1099 766
switch-right 0.0017 368 723 505 777
switch-right 0.0016 55 725 147 760
switch-right 0.0014 991 749 1092 800
switch-right 0.0013 1072 776 1195 836
switch-right 0.0010 277 770 387 823
switch-right 0.0010 975 736 1069 785
switch-unknown 0.2272 694 599 727 614
switch-unknown 0.1491 746 590 793 610
switch-unknown 0.1305 696 592 741 613
switch-unknown 0.0712 582 582 642 610
switch-unknown 0.0626 693 586 723 605
switch-unknown 0.0458 575 577 618 602
switch-unknown 0.0423 770 592 802 610
switch-unknown 0.0415 763 586 791 605
switch-unknown 0.0330 671 585 725 608
switch-unknown 0.0306 595 586 665 616
switch-unknown 0.0277 543 605 634 659
switch-unknown 0.0274 534 626 624 666
switch-unknown 0.0253 725 583 788 609
switch-unknown 0.0240 500 655 569 682
switch-unknown 0.0205 603 581 653 604
switch-unknown 0.0202 691 594 729 620
switch-unknown 0.0187 723 593 782 617
switch-unknown 0.0135 569 602 656 650
switch-unknown 0.0093 697 578 751 607
switch-unknown 0.0089 667 583 696 604
switch-unknown 0.0087 765 590 808 618
switch-unknown 0.0083 620 581 692 614
switch-unknown 0.0071 324 656 427 697
switch-unknown 0.0067 650 600 727 633
switch-unknown 0.0051 526 581 607 614
switch-unknown 0.0048 641 580 682 604
switch-unknown 0.0048 384 636 455 666
switch-unknown 0.0039 507 602 580 654
switch-unknown 0.0031 541 570 600 605
switch-unknown 0.0022 606 603 692 639
switch-unknown 0.0018 284 647 413 695
switch-unknown 0.0016 505 581 578 624
switch-unknown 0.0016 268 636 480 685
switch-unknown 0.0015 329 647 413 672
switch-unknown 0.0014 822 629 880 662
switch-unknown 0.0011 769 569 814 611
switch-static 0.1176 911 781 953 810
switch-static 0.0799 291 736 348 760
switch-static 0.0481 240 743 314 766
switch-static 0.0244 182 747 259 775
switch-static 0.0211 298 743 382 775
switch-static 0.0199 213 747 291 773
switch-static 0.0165 303 691 359 733
switch-static 0.0148 1214 818 1278 846
switch-static 0.0144 326 695 355 718
switch-static 0.0131 246 740 345 772
switch-static 0.0108 347 671 426 700
switch-static 0.0088 525 732 552 753
switch-static 0.0077 585 643 629 674
switch-static 0.0070 326 745 419 783
switch-static 0.0067 597 647 662 676
switch-static 0.0055 915 781 1006 816
switch-static 0.0051 576 638 684 678
switch-static 0.0049 138 757 228 798
switch-static 0.0038 520 724 555 749
switch-static 0.0037 273 712 325 745
switch-static 0.0036 594 687 671 728
switch-static 0.0032 587 673 646 721
switch-static 0.0029 382 640 458 678
switch-static 0.0028 1637 920 1691 1002
switch-static 0.0025 774 683 810 708
switch-static 0.0025 218 771 294 819
switch-static 0.0025 1013 717 1074 746
switch-static 0.0024 1133 761 1189 790
switch-static 0.0024 871 714 1033 820
switch-static 0.0023 1087 732 1127 761
switch-static 0.0022 579 669 607 725
switch-static 0.0021 467 655 531 676
switch-static 0.0020 1127 778 1196 813
switch-static 0.0019 1022 724 1104 760
switch-static 0.0019 486 643 559 677
switch-static 0.0019 4 736 85 771
switch-static 0.0017 1099 746 1326 930
switch-static 0.0017 615 611 687 658
switch-static 0.0016 114 771 205 808
switch-static 0.0015 328 689 393 726
switch-static 0.0014 1119 749 1170 783
switch-static 0.0014 999 741 1213 842
switch-static 0.0014 1046 754 1127 796
switch-static 0.0013 1085 743 1137 779
switch-static 0.0013 782 638 810 680
switch-static 0.0012 807 671 1162 915
switch-static 0.0012 894 769 983 816
switch-static 0.0012 630 650 686 679
switch-static 0.0011 574 630 739 696
switch-static 0.0010 187 756 269 808
switch-static 0.0010 1112 734 1152 764
track-sign-front 0.7989 1567 610 1615 701
track-sign-front 0.0221 1577 511 1622 704
track-sign-front 0.0134 1753 734 1782 757
track-sign-front 0.0086 1572 566 1656 742
track-sign-front 0.0066 1549 530 1677 777
track-sign-front 0.0038 751 538 768 564
track-sign-front 0.0032 706 548 721 577
track-sign-front 0.0027 1560 529 1614 734
track-sign-front 0.0023 217 553 249 576
track-sign-front 0.0022 228 546 271 582
track-sign-front 0.0021 212 550 251 592
track-sign-front 0.0020 1741 693 1782 772
track-sign-front 0.0020 346 375 365 402
track-sign-front 0.0015 1569 638 1612 731
track-sign-front 0.0012 79 112 102 135
track-sign-front 0.0010 884 557 903 594
track-sign-front 0.0010 1588 538 1625 670
track-signal-front 0.0054 754 536 767 557
track-signal-front 0.0010 662 482 687 532
track-signal-back 0.0018 659 487 681 522
track-signal-back 0.0015 664 480 681 576
pole 0.5546 262 169 307 743
pole 0.1149 425 331 443 625
pole 0.0493 523 458 536 593
pole 0.0463 515 432 534 609
pole 0.0359 1489 -31 1741 1089
pole 0.0269 1543 27 1689 954
pole 0.0125 495 438 517 608
pole 0.0118 233 184 275 740
pole 0.0051 523 393 542 592
pole 0.0048 565 465 594 592
pole 0.0044 444 339 474 627
pole 0.0044 553 460 584 591
pole 0.0042 71 217 99 700
pole 0.0040 227 188 330 732
pole 0.0039 667 476 685 583
pole 0.0035 821 436 837 627
pole 0.0034 1571 403 1632 729
pole 0.0032 578 494 612 609
pole 0.0029 595 477 616 592
pole 0.0029 270 407 311 745
pole 0.0028 454 374 483 630
pole 0.0028 511 537 533 608
pole 0.0028 168 386 370 769
pole 0.0026 79 246 98 585
pole 0.0024 502 418 540 612
pole 0.0024 424 501 443 598
pole 0.0023 425 434 445 568
pole 0.0023 1558 212 1662 823
pole 0.0021 668 496 694 602
pole 0.0020 1441 301 1799 894
pole 0.0019 279 367 302 697
pole 0.0019 425 395 439 537
pole 0.0018 133 482 406 680
pole 0.0016 514 541 551 616
pole 0.0015 1465 409 1766 651
pole 0.0015 224 486 311 768
pole 0.0014 1316 -29 1408 967
pole 0.0013 257 420 296 689
pole 0.0013 284 196 365 742
pole 0.0013 41 233 97 779
pole 0.0012 661 506 682 600
pole 0.0011 231 511 268 619
pole 0.0011 462 365 509 614
pole 0.0011 252 478 285 664
rail-occluder 0.5097 460 605 483 659
rail-occluder 0.0948 463 604 481 637
rail-occluder 0.0478 441 619 480 667
rail-occluder 0.0346 450 599 498 664
rail-occluder 0.0132 428 645 465 671
rail-occluder 0.0094 435 630 488 677
rail-occluder 0.0030 463 600 486 620
rail-occluder 0.0017 423 583 449 613
rail-occluder 0.0016 587 608 671 663
rail-occluder 0.0014 200 639 221 664
rail-occluder 0.0014 1843 413 1896 474
rail-occluder 0.0014 381 639 464 678
rail-occluder 0.0013 197 639 244 665
