guard-rail 0.0183 1044 712 1103 768
guard-rail 0.0051 971 600 1032 695
guard-rail 0.0043 2 787 101 830
guard-rail 0.0032 3 772 104 816
guard-rail 0.0025 0 795 30 870
guard-rail 0.0025 -2 791 70 868
guard-rail 0.0023 920 640 975 665
guard-rail 0.0023 1025 608 1082 683
guard-rail 0.0023 -1 786 42 843
guard-rail 0.0019 899 639 952 661
guard-rail 0.0014 877 656 923 685
guard-rail 0.0012 4 756 97 787
guard-rail 0.0010 894 644 943 677
guard-rail 0.0010 881 646 935 665
train-car 0.8912 1132 452 1919 1075
train-car 0.0022 4 591 413 682
platform 0.0063 1201 517 1892 1072
rail 0.9356 159 587 1051 1077
rail 0.9345 995 579 1251 1079
rail 0.8124 2 585 1009 831
rail 0.5716 981 595 1084 741
rail 0.5673 1 699 488 833
rail 0.5354 979 596 1091 1076
rail 0.4229 -3 600 897 729
rail 0.1909 1 674 515 764
rail 0.1211 12 637 637 705
rail 0.0680 16 655 670 820
rail 0.0455 -1 731 326 839
rail 0.0279 1091 584 1142 623
rail 0.0271 1098 700 1225 829
rail 0.0257 588 590 1004 655
rail 0.0182 1 760 164 841
rail 0.0136 0 710 363 794
rail 0.0123 7 650 72 685
rail 0.0117 328 593 1000 699
rail 0.0117 736 586 1009 632
rail 0.0117 1055 583 1132 614
rail 0.0111 -1 632 357 688
rail 0.0102 966 591 1046 717
rail 0.0098 457 631 833 704
rail 0.0087 977 602 1038 646
rail 0.0087 1114 568 1151 623
rail 0.0086 985 584 1043 619
rail 0.0083 3 724 432 911
rail 0.0083 1009 579 1074 608
rail 0.0081 813 591 984 621
rail 0.0076 0 775 93 842
rail 0.0075 1045 582 1148 636
rail 0.0074 4 607 524 687
rail 0.0071 0 760 244 877
rail 0.0071 -4 688 275 752
rail 0.0053 1092 571 1146 599
rail 0.0052 942 585 1060 660
rail 0.0051 1023 584 1097 611
rail 0.0051 1001 592 1079 678
rail 0.0050 5 660 103 724
rail 0.0045 0 728 78 806
rail 0.0043 699 590 917 626
rail 0.0043 17 663 385 720
rail 0.0040 150 645 737 752
rail 0.0038 1 716 70 762
rail 0.0038 1 698 71 742
rail 0.0036 11 647 106 693
rail 0.0035 -14 620 470 736
rail 0.0033 13 714 259 772
rail 0.0032 1102 589 1155 640
rail 0.0032 0 785 69 870
rail 0.0032 924 611 1057 1081
rail 0.0030 23 705 97 738
rail 0.0029 155 710 447 792
rail 0.0028 1 754 112 792
rail 0.0027 1015 576 1067 596
rail 0.0027 598 615 899 660
rail 0.0027 876 586 1022 623
rail 0.0027 -2 741 217 800
rail 0.0025 -1 651 44 691
rail 0.0024 816 587 1076 704
rail 0.0022 173 668 445 729
rail 0.0022 1057 578 1126 602
rail 0.0021 -9 326 517 493
rail 0.0019 0 694 40 746
rail 0.0019 0 663 39 730
rail 0.0018 0 711 39 769
rail 0.0018 783 496 904 626
rail 0.0018 -4 665 647 966
rail 0.0017 0 667 161 793
rail 0.0017 654 554 946 624
rail 0.0015 995 575 1046 597
rail 0.0015 0 786 46 844
rail 0.0015 931 580 965 622
rail 0.0014 110 685 403 750
rail 0.0013 846 585 1197 1083
rail 0.0013 981 580 1032 602
rail 0.0013 -10 744 175 933
rail 0.0013 0 741 44 795
rail 0.0013 0 764 47 821
rail 0.0012 927 602 996 636
rail 0.0012 1032 576 1084 604
rail 0.0012 -7 380 442 474
rail 0.0012 730 601 878 638
rail 0.0012 906 581 959 613
rail 0.0012 847 599 1005 646
rail 0.0012 397 628 610 709
rail 0.0012 295 538 1114 744
rail 0.0012 1022 593 1088 655
rail 0.0011 901 568 1027 602
rail 0.0011 -22 666 295 786
rail 0.0011 980 572 1086 623
rail 0.0010 12 404 506 502
rail 0.0010 1243 503 1921 929
rail 0.0010 64 648 433 699
rail 0.0010 3 562 325 698
rail 0.0010 608 581 1049 697
rail 0.0010 844 560 1025 621
switch-indicator 0.0269 644 554 656 569
switch-indicator 0.0171 1157 728 1224 774
switch-indicator 0.0132 1006 577 1030 590
switch-indicator 0.0122 635 650 667 702
switch-indicator 0.0078 568 564 588 602
switch-indicator 0.0071 618 551 651 570
switch-indicator 0.0068 924 579 946 606
switch-indicator 0.0048 614 547 657 580
switch-indicator 0.0048 950 642 984 671
switch-indicator 0.0045 932 575 957 612
switch-indicator 0.0037 642 551 658 576
switch-indicator 0.0034 946 649 972 668
switch-indicator 0.0031 957 648 978 667
switch-indicator 0.0021 563 593 592 671
switch-indicator 0.0019 612 565 632 617
switch-left 0.2750 997 704 1101 764
switch-left 0.0066 1007 726 1104 775
switch-left 0.0059 990 667 1105 808
switch-right 0.2181 1000 689 1097 757
switch-right 0.0326 1008 657 1089 743
switch-right 0.0170 998 725 1112 776
switch-right 0.0088 1036 714 1108 768
switch-right 0.0064 999 712 1077 766
switch-unknown 0.1853 965 605 1004 626
switch-unknown 0.0181 962 599 1014 631
switch-unknown 0.0163 1018 574 1067 600
switch-unknown 0.0149 987 574 1037 615
switch-unknown 0.0133 977 604 1033 635
switch-unknown 0.0081 1027 577 1056 590
switch-unknown 0.0064 1033 580 1090 605
switch-unknown 0.0056 932 604 990 633
switch-unknown 0.0045 1008 600 1075 653
switch-unknown 0.0041 329 702 452 731
switch-unknown 0.0037 997 581 1019 597
switch-unknown 0.0033 1059 569 1123 604
switch-unknown 0.0011 1035 602 1080 638
switch-static 0.4628 1130 729 1211 773
switch-static 0.1444 1110 703 1150 729
switch-static 0.0554 1114 718 1201 763
switch-static 0.0358 1097 685 1220 844
switch-static 0.0183 546 964 645 1023
switch-static 0.0153 1147 738 1236 779
switch-static 0.0123 578 711 611 735
switch-static 0.0071 561 939 661 1018
switch-static 0.0039 1088 703 1144 762
switch-static 0.0038 595 925 686 970
switch-static 0.0031 534 949 674 1059
switch-static 0.0030 1155 720 1210 765
switch-static 0.0022 315 707 389 728
switch-static 0.0021 556 711 617 740
switch-static 0.0019 559 663 604 733
switch-static 0.0015 1049 665 1294 858
switch-static 0.0015 1141 753 1224 791
switch-static 0.0014 536 710 604 735
switch-static 0.0011 6 712 95 756
switch-static 0.0011 960 713 999 739
switch-static 0.0010 581 712 628 740
switch-static 0.0010 952 716 1002 751
track-sign-front 0.1315 566 567 585 587
track-sign-front 0.0263 1137 571 1150 585
track-sign-front 0.0249 468 567 484 596
track-sign-front 0.0213 950 530 960 545
track-sign-front 0.0211 569 566 587 598
track-sign-front 0.0125 613 552 624 566
track-sign-front 0.0064 1117 570 1151 611
track-sign-front 0.0061 569 563 591 581
track-sign-front 0.0044 611 547 629 590
track-sign-front 0.0044 679 555 693 571
track-sign-front 0.0033 465 549 502 637
track-sign-front 0.0023 498 584 532 663
track-sign-front 0.0018 550 476 578 521
track-sign-front 0.0016 559 583 583 674
track-sign-front 0.0014 1135 557 1156 596
track-sign-front 0.0014 566 518 592 627
track-signal-front 0.0600 467 568 484 591
track-signal-front 0.0561 511 462 531 487
track-signal-front 0.0177 499 523 533 555
track-signal-front 0.0159 949 529 961 544
track-signal-front 0.0090 466 550 488 614
track-signal-front 0.0080 504 460 538 492
track-signal-front 0.0064 499 510 537 569
track-signal-front 0.0058 947 530 959 558
track-signal-front 0.0052 1131 536 1151 595
track-signal-front 0.0034 504 427 558 492
track-signal-front 0.0025 503 464 534 523
track-signal-front 0.0025 463 567 490 596
track-signal-front 0.0014 487 509 525 554
track-signal-front 0.0013 1097 487 1127 548
track-signal-front 0.0011 495 482 537 604
track-signal-front 0.0011 474 505 529 586
track-signal-front 0.0011 1099 495 1117 522
track-signal-front 0.0010 494 490 557 567
track-signal-front 0.0010 1126 485 1154 574
track-signal-back 0.0016 1442 477 1461 510
person 0.0058 1757 473 1919 1033
person 0.0018 1841 479 1918 1033
pole 0.6339 476 85 594 720
pole 0.5137 825 367 863 634
pole 0.1241 483 380 550 732
pole 0.0988 564 94 622 734
pole 0.0447 589 139 629 707
pole 0.0446 496 459 532 750
pole 0.0429 949 529 959 572
pole 0.0317 840 378 878 628
pole 0.0254 936 547 947 594
pole 0.0229 467 456 502 735
pole 0.0137 833 453 858 632
pole 0.0118 410 119 444 715
pole 0.0116 426 321 443 647
pole 0.0096 412 97 505 726
pole 0.0092 933 569 944 592
pole 0.0090 541 27 590 660
pole 0.0082 418 272 452 679
pole 0.0076 782 445 800 611
pole 0.0066 805 346 852 628
pole 0.0066 855 475 879 614
pole 0.0059 432 335 493 708
pole 0.0058 786 390 823 619
pole 0.0057 830 488 848 619
pole 0.0057 771 478 789 612
pole 0.0054 479 414 530 676
pole 0.0051 545 341 638 711
pole 0.0051 563 561 585 612
pole 0.0047 458 384 524 730
pole 0.0041 377 96 455 737
pole 0.0031 383 21 567 672
pole 0.0028 1853 744 1918 1031
pole 0.0028 516 -102 576 711
pole 0.0028 601 377 623 690
pole 0.0024 474 525 530 714
pole 0.0024 811 122 874 639
pole 0.0021 534 374 586 670
pole 0.0020 948 524 962 553
pole 0.0019 1783 507 1913 1077
pole 0.0018 939 550 987 610
pole 0.0017 558 573 584 680
pole 0.0016 1253 337 1269 562
pole 0.0016 503 537 539 705
pole 0.0016 587 333 651 698
pole 0.0014 845 443 882 575
pole 0.0013 800 429 886 663
pole 0.0011 610 527 626 596
pole 0.0010 1128 439 1152 618
pole 0.0010 1845 519 1918 1097
pole 0.0010 427 374 440 497
rail-occluder 0.4194 637 649 656 697
rail-occluder 0.1237 54 651 76 681
rail-occluder 0.0346 565 640 588 670
rail-occluder 0.0252 563 637 585 697
rail-occluder 0.0238 57 650 89 676
rail-occluder 0.0143 840 602 856 626
rail-occluder 0.0115 635 640 676 692
rail-occluder 0.0098 1854 740 1920 1048
rail-occluder 0.0086 6 650 71 687
rail-occluder 0.0077 26 707 93 738
rail-occluder 0.0075 60 710 93 738
rail-occluder 0.0058 591 637 648 701
rail-occluder 0.0037 67 649 126 680
rail-occluder 0.0036 31 654 87 721
rail-occluder 0.0031 809 602 861 635
rail-occluder 0.0029 538 622 599 710
rail-occluder 0.0025 54 679 101 736
rail-occluder 0.0022 21 641 97 698
rail-occluder 0.0021 833 599 862 630
rail-occluder 0.0021 550 640 656 713
rail-occluder 0.0019 494 633 531 705
rail-occluder 0.0018 498 577 533 720
rail-occluder 0.0017 812 583 861 626
rail-occluder 0.0017 40 649 157 681
rail-occluder 0.0016 490 639 620 732
rail-occluder 0.0013 64 706 118 738
rail-occluder 0.0013 841 598 900 625
rail-occluder 0.0012 475 635 551 708
rail-occluder 0.0010 523 649 604 721
