crossing 0.0010 980 509 1047 527
guard-rail 0.7954 1310 728 1704 1077
guard-rail 0.0459 1182 632 1821 1073
guard-rail 0.0179 1392 832 1645 1077
guard-rail 0.0026 1454 827 1831 1075
train-car 0.0014 601 469 909 574
rail 0.9701 702 505 1071 1075
rail 0.3799 1277 706 1775 1080
rail 0.0039 1067 531 1818 1080
rail 0.0024 1506 826 1822 1058
track-sign-front 0.1832 1167 419 1184 439
track-sign-front 0.1737 1083 470 1095 494
track-sign-front 0.1343 1082 464 1095 484
track-sign-front 0.0306 1083 484 1093 504
track-sign-front 0.0208 787 504 802 523
track-sign-front 0.0202 1082 476 1096 503
track-sign-front 0.0071 1086 480 1122 509
track-sign-front 0.0064 1083 470 1104 498
track-sign-front 0.0062 1078 457 1094 474
track-sign-front 0.0060 1162 417 1189 442
track-sign-front 0.0059 640 469 936 564
track-sign-front 0.0050 1166 422 1181 463
track-sign-front 0.0046 1120 484 1143 506
track-sign-front 0.0017 785 498 805 531
track-sign-front 0.0015 928 480 949 523
track-sign-front 0.0014 730 492 861 534
track-signal-front 0.5477 883 421 905 454
track-signal-front 0.0499 879 407 909 459
track-signal-front 0.0043 890 424 935 467
track-signal-front 0.0017 917 433 945 472
track-signal-front 0.0015 917 412 947 453
