platform 0.8614 971 584 1914 1071
platform 0.4978 2 584 875 791
platform 0.0061 1 633 584 766
platform 0.0023 7 624 671 855
platform 0.0011 1181 628 1837 961
platform 0.0010 173 608 723 721
rail 0.9469 926 571 1190 1073
rail 0.9163 5 581 929 1075
rail 0.0033 9 619 712 860
switch-static 0.0028 750 755 808 792
track-sign-front 0.3056 651 549 663 566
track-sign-front 0.1023 753 570 764 590
track-sign-front 0.0599 613 557 625 573
track-sign-front 0.0582 654 548 669 568
track-sign-front 0.0438 649 545 664 569
track-sign-front 0.0239 755 557 767 587
track-sign-front 0.0199 649 502 662 588
track-sign-front 0.0087 611 550 627 580
track-sign-front 0.0081 614 546 662 577
track-sign-front 0.0060 751 566 765 598
track-sign-front 0.0045 700 464 721 490
track-sign-front 0.0028 683 467 719 500
track-sign-front 0.0014 633 548 674 573
track-sign-front 0.0014 661 534 697 612
track-sign-front 0.0012 697 495 725 612
track-sign-front 0.0011 691 633 733 772
track-signal-front 0.3964 883 540 894 554
track-signal-front 0.2818 883 542 903 556
track-signal-front 0.2304 916 543 926 557
track-signal-front 0.1451 920 544 937 562
track-signal-front 0.0797 918 546 929 563
track-signal-front 0.0731 703 473 720 494
track-signal-front 0.0258 945 546 966 566
track-signal-front 0.0217 1017 516 1030 532
track-signal-front 0.0201 881 537 896 561
track-signal-front 0.0162 880 540 901 574
track-signal-front 0.0135 1039 487 1056 515
track-signal-front 0.0103 914 539 931 565
track-signal-front 0.0089 697 470 724 498
track-signal-front 0.0053 1012 499 1044 544
track-signal-front 0.0039 616 441 631 464
track-signal-front 0.0038 699 466 726 522
track-signal-front 0.0037 929 523 959 569
track-signal-front 0.0029 1016 510 1033 537
track-signal-front 0.0018 699 440 725 551
track-signal-front 0.0016 1008 511 1036 575
track-signal-front 0.0011 903 541 941 565
track-signal-front 0.0010 1032 535 1059 592
person-group 0.7310 1046 568 1274 736
person-group 0.5864 1665 670 1889 1068
person-group 0.0740 1207 600 1276 741
person-group 0.0558 1043 570 1202 684
person-group 0.0452 1019 562 1130 650
person-group 0.0133 1146 591 1276 746
person-group 0.0107 1012 568 1085 636
person-group 0.0096 1150 602 1364 784
person-group 0.0057 1070 580 1159 671
person-group 0.0042 1143 601 1235 714
person-group 0.0026 990 552 1321 673
person-group 0.0017 1119 592 1206 693
person-group 0.0011 969 550 1298 786
person-group 0.0010 1040 547 1480 712
person 0.6875 1534 657 1593 852
person 0.6715 1387 618 1451 839
person 0.6609 1292 624 1360 815
person 0.6372 1463 665 1529 901
person 0.3983 1668 665 1871 1081
person 0.2079 1232 603 1272 740
person 0.1247 1409 635 1496 873
person 0.0525 1342 626 1431 836
person 0.0277 1268 597 1340 783
person 0.0094 1322 600 1354 724
person 0.0088 1509 649 1568 860
person 0.0076 1790 658 1867 966
person 0.0066 1866 700 1921 1029
person 0.0055 1254 612 1722 886
person 0.0054 1100 585 1178 682
person 0.0050 1016 571 1074 633
person 0.0047 1446 598 1495 861
person 0.0041 1311 592 1366 760
person 0.0040 1293 595 1319 715
person 0.0029 1272 616 1453 828
person 0.0028 1385 603 1428 770
person 0.0026 1291 606 1335 740
person 0.0020 1742 714 1856 1050
person 0.0020 1510 634 1907 1012
person 0.0018 1412 598 1465 813
person 0.0018 1887 779 1921 1030
person 0.0015 1475 714 1535 863
person 0.0013 1481 640 1637 847
person 0.0013 1645 775 1813 1077
person 0.0013 1848 553 1919 1065
person 0.0012 1703 656 1879 906
person 0.0012 1379 633 1471 940
person 0.0010 1634 663 1817 970
pole 0.6434 670 57 744 852
pole 0.1076 680 466 735 843
pole 0.1067 775 439 793 614
pole 0.0614 708 555 734 849
pole 0.0211 618 416 656 623
pole 0.0205 612 433 628 614
pole 0.0194 1108 359 1128 668
pole 0.0139 648 440 664 637
pole 0.0138 710 441 731 754
pole 0.0129 413 380 429 637
pole 0.0111 679 549 709 841
pole 0.0110 644 86 722 767
pole 0.0102 691 595 731 855
pole 0.0088 1116 368 1136 681
pole 0.0060 653 486 758 858
pole 0.0053 698 434 725 726
pole 0.0043 731 213 790 744
pole 0.0041 682 447 708 751
pole 0.0041 710 109 802 840
pole 0.0038 752 563 767 596
pole 0.0036 767 453 801 618
pole 0.0036 1886 410 1920 1022
pole 0.0035 699 654 729 790
pole 0.0035 763 429 785 623
pole 0.0030 713 652 733 789
pole 0.0029 753 529 770 611
pole 0.0028 640 224 769 904
pole 0.0026 645 448 661 580
pole 0.0022 606 416 635 614
pole 0.0019 640 337 732 702
pole 0.0018 1152 397 1173 668
pole 0.0018 1098 403 1117 655
pole 0.0016 775 524 801 612
pole 0.0013 779 444 801 585
pole 0.0013 712 496 728 614
pole 0.0012 1104 330 1141 657
rail-occluder 0.0668 755 570 765 597
rail-occluder 0.0168 753 566 767 604
rail-occluder 0.0074 750 565 775 618
rail-occluder 0.0021 749 589 768 628
rail-occluder 0.0014 709 532 735 662
