guard-rail 0.2930 1104 555 1251 1084
guard-rail 0.2490 9 554 1059 1077
guard-rail 0.0028 1139 706 1279 1048
guard-rail 0.0025 296 611 874 1068
guard-rail 0.0021 326 762 718 1058
guard-rail 0.0011 1123 651 1207 943
platform 0.3636 4 551 1073 1078
platform 0.0011 212 631 788 1003
rail 0.9284 1064 523 1276 1077
rail 0.3697 2 523 1122 1077
rail 0.0047 62 703 749 1072
track-sign-front 0.6632 1860 608 1906 713
track-sign-front 0.0688 1267 545 1288 568
track-sign-front 0.0144 1037 485 1051 536
track-sign-front 0.0123 1039 502 1053 532
track-sign-front 0.0063 1040 512 1057 534
track-sign-front 0.0062 1036 472 1047 512
track-sign-front 0.0046 1269 534 1290 564
track-sign-front 0.0031 1263 542 1284 587
track-sign-front 0.0025 1271 541 1301 568
track-sign-front 0.0012 1030 480 1045 523
track-sign-front 0.0010 1647 696 1767 813
track-sign-front 0.0010 1290 649 1313 675
track-signal-front 0.0345 1266 545 1286 570
pole 0.0031 0 449 34 810
