crossing 0.0150 953 505 977 520
platform 0.0124 951 503 983 522
rail 0.9668 134 498 947 1076
rail 0.9562 832 497 1116 1077
switch-static 0.0011 1189 959 1351 1060
switch-static 0.0010 1180 974 1396 1094
track-sign-front 0.0507 876 493 888 506
track-sign-front 0.0057 1099 547 1119 566
track-sign-front 0.0036 872 496 885 521
track-sign-front 0.0034 940 480 977 515
track-sign-front 0.0026 874 490 889 511
track-sign-front 0.0026 1090 496 1111 513
track-sign-front 0.0022 957 486 1005 518
track-sign-front 0.0015 1885 431 1920 517
track-signal-front 0.1208 943 472 953 486
track-signal-front 0.0336 937 470 950 487
track-signal-front 0.0329 944 474 961 492
track-signal-front 0.0082 940 466 954 488
track-signal-front 0.0010 1022 452 1041 471
track-signal-front 0.0010 915 458 946 487
track-signal-front 0.0010 971 474 1007 510
