train-car 0.0085 741 611 761 638
train-car 0.0017 732 612 768 641
platform 0.9357 0 658 741 1075
platform 0.4777 0 657 708 869
platform 0.3768 3 648 647 745
platform 0.0204 79 637 697 703
platform 0.0042 152 647 498 705
platform 0.0017 -18 661 362 771
platform 0.0012 183 664 444 726
platform 0.0012 28 609 605 691
platform 0.0010 -7 693 348 840
rail 0.9432 652 641 943 1076
rail 0.9173 813 645 1755 1076
rail 0.7535 886 648 1915 904
rail 0.4808 -9 656 682 846
rail 0.0682 728 652 777 679
rail 0.0274 712 644 765 672
rail 0.0230 1192 680 1920 817
rail 0.0113 661 661 758 708
rail 0.0071 1504 714 1909 794
rail 0.0070 722 648 793 687
rail 0.0062 685 658 736 710
rail 0.0057 721 656 778 698
rail 0.0051 683 638 742 668
rail 0.0051 1655 729 1915 794
rail 0.0038 924 653 1121 694
rail 0.0037 743 650 837 687
rail 0.0034 621 645 737 712
rail 0.0034 777 636 1689 811
rail 0.0033 1366 721 1923 861
rail 0.0025 1276 719 1921 961
rail 0.0024 698 674 736 707
rail 0.0016 1004 660 1225 704
rail 0.0015 3 702 547 945
rail 0.0013 829 635 1192 739
rail 0.0013 1709 730 1921 839
rail 0.0012 972 676 1105 715
rail 0.0011 235 628 766 737
rail 0.0011 774 653 1300 1056
rail 0.0011 909 655 1160 716
rail 0.0011 980 688 1068 719
rail 0.0010 1075 682 1200 714
rail 0.0010 621 640 802 697
rail 0.0010 895 652 1363 732
switch-indicator 0.5175 893 698 910 720
switch-indicator 0.0984 1077 690 1096 709
switch-indicator 0.0631 903 655 914 674
switch-indicator 0.0385 1082 689 1105 710
switch-indicator 0.0181 898 695 913 715
switch-indicator 0.0130 888 697 917 723
switch-indicator 0.0076 1075 683 1102 707
switch-indicator 0.0036 893 705 912 740
switch-indicator 0.0025 1015 688 1059 711
switch-indicator 0.0017 827 679 848 699
switch-indicator 0.0016 1173 637 1190 670
switch-indicator 0.0015 820 677 841 695
switch-indicator 0.0014 1171 636 1194 688
switch-unknown 0.1934 732 653 775 678
switch-unknown 0.0403 713 641 766 673
switch-unknown 0.0107 742 651 791 675
switch-unknown 0.0076 724 657 776 697
switch-unknown 0.0024 949 701 1004 720
switch-unknown 0.0021 967 703 1023 721
switch-unknown 0.0020 935 692 1001 716
switch-unknown 0.0018 755 652 825 686
switch-unknown 0.0015 753 662 792 692
switch-unknown 0.0013 917 687 968 715
switch-static 0.0076 717 738 749 760
switch-static 0.0051 698 678 736 708
switch-static 0.0037 1004 696 1046 716
switch-static 0.0033 1076 687 1111 711
switch-static 0.0021 927 696 964 719
switch-static 0.0019 703 691 756 740
switch-static 0.0019 1096 688 1177 712
switch-static 0.0013 1080 692 1137 713
switch-static 0.0011 1132 686 1197 710
track-sign-front 0.1044 542 622 559 676
track-sign-front 0.0798 115 580 139 607
track-sign-front 0.0178 539 573 559 688
track-sign-front 0.0086 902 635 918 677
track-sign-front 0.0066 700 636 729 663
track-sign-front 0.0033 692 618 719 663
track-sign-front 0.0028 1172 639 1188 666
track-signal-front 0.2757 596 576 617 603
track-signal-front 0.2560 644 577 667 602
track-signal-front 0.0645 743 610 760 634
track-signal-front 0.0384 909 528 928 571
track-signal-front 0.0176 470 596 486 615
track-signal-front 0.0060 746 608 768 637
track-signal-front 0.0050 537 575 551 604
track-signal-front 0.0033 906 549 931 668
track-signal-front 0.0029 534 557 557 639
track-signal-front 0.0028 671 541 699 623
track-signal-front 0.0022 909 522 948 582
track-signal-front 0.0019 887 548 925 665
track-signal-front 0.0014 905 537 933 584
track-signal-front 0.0012 516 570 547 631
track-signal-front 0.0011 1083 495 1101 540
track-signal-front 0.0011 806 558 827 648
track-signal-front 0.0010 468 592 486 628
track-signal-front 0.0010 889 528 930 617
track-signal-back 0.2645 644 576 666 601
track-signal-back 0.0390 657 573 679 606
track-signal-back 0.0087 907 512 925 549
track-signal-back 0.0062 991 474 1008 518
track-signal-back 0.0030 807 555 839 648
track-signal-back 0.0028 814 557 831 613
track-signal-back 0.0019 1042 489 1060 531
track-signal-back 0.0018 993 471 1012 503
track-signal-back 0.0012 1040 495 1057 550
track-signal-back 0.0011 950 479 976 530
track-signal-back 0.0010 1080 490 1104 535
track-signal-back 0.0010 1045 481 1078 530
pole 0.3541 678 393 699 714
pole 0.3176 598 588 612 726
pole 0.2998 541 504 562 750
pole 0.2687 644 596 655 720
pole 0.0993 544 611 560 743
pole 0.0523 633 555 655 727
pole 0.0484 1045 508 1060 681
pole 0.0445 643 583 661 705
pole 0.0376 588 533 610 741
pole 0.0264 591 559 624 727
pole 0.0173 565 568 612 721
pole 0.0147 537 600 568 744
pole 0.0112 323 603 332 685
pole 0.0108 1049 546 1064 683
pole 0.0103 957 489 975 677
pole 0.0099 905 564 929 681
pole 0.0092 660 398 693 723
pole 0.0075 684 404 714 713
pole 0.0073 612 579 667 708
pole 0.0057 939 509 969 689
pole 0.0055 894 548 922 693
pole 0.0052 870 570 889 678
pole 0.0051 676 550 700 717
pole 0.0043 979 535 1003 669
pole 0.0039 649 639 667 724
pole 0.0037 543 660 555 744
pole 0.0035 548 663 562 741
pole 0.0031 125 599 138 721
pole 0.0025 323 603 340 689
pole 0.0024 1036 478 1073 695
pole 0.0024 948 567 981 674
pole 0.0023 543 548 561 670
pole 0.0023 777 53 817 682
pole 0.0023 470 610 482 677
pole 0.0023 973 485 999 678
pole 0.0020 528 528 578 743
pole 0.0020 921 557 970 683
pole 0.0019 902 634 919 678
pole 0.0017 944 613 971 676
pole 0.0017 678 588 700 678
pole 0.0017 754 -9 834 674
pole 0.0014 682 515 701 647
pole 0.0014 318 638 334 698
pole 0.0014 990 532 1034 670
pole 0.0014 635 603 668 721
pole 0.0012 536 555 553 626
pole 0.0011 631 597 728 714
pole 0.0011 693 611 717 672
pole 0.0010 656 630 711 727
pole 0.0010 868 530 898 680
pole 0.0010 572 582 662 724
pole 0.0010 504 539 601 747
rail-occluder 0.1054 1077 689 1099 708
rail-occluder 0.0490 901 656 913 677
rail-occluder 0.0241 898 650 914 672
rail-occluder 0.0232 687 681 716 712
rail-occluder 0.0071 595 634 613 722
rail-occluder 0.0052 869 644 890 666
rail-occluder 0.0040 858 650 900 680
rail-occluder 0.0037 690 655 730 710
rail-occluder 0.0031 1556 702 1578 753
rail-occluder 0.0023 574 646 611 731
rail-occluder 0.0020 681 683 708 720
rail-occluder 0.0018 578 681 601 725
rail-occluder 0.0016 950 623 977 673
rail-occluder 0.0013 1011 659 1066 690
rail-occluder 0.0011 801 660 850 699
rail-occluder 0.0011 883 651 931 683
rail-occluder 0.0010 941 645 992 684
rail-occluder 0.0010 823 654 877 690
rail-occluder 0.0010 584 621 620 728
