crossing 0.0104 900 396 935 412
crossing 0.0017 834 381 904 420
guard-rail 0.0409 811 426 848 464
guard-rail 0.0268 906 435 920 464
guard-rail 0.0233 818 436 870 478
guard-rail 0.0221 835 456 858 475
guard-rail 0.0158 991 568 1027 685
guard-rail 0.0117 813 412 862 444
guard-rail 0.0113 905 456 925 482
guard-rail 0.0102 847 437 884 465
guard-rail 0.0100 954 445 970 473
guard-rail 0.0081 955 449 973 490
guard-rail 0.0075 826 451 853 481
guard-rail 0.0070 965 562 1020 693
guard-rail 0.0062 943 437 965 469
guard-rail 0.0060 903 414 929 452
guard-rail 0.0041 847 414 878 450
guard-rail 0.0037 939 452 968 493
guard-rail 0.0036 898 435 922 478
guard-rail 0.0034 834 452 861 486
guard-rail 0.0032 798 425 832 466
guard-rail 0.0030 836 472 855 522
guard-rail 0.0029 886 414 923 463
guard-rail 0.0028 892 444 924 499
guard-rail 0.0022 868 416 947 550
guard-rail 0.0019 818 490 840 524
guard-rail 0.0018 1002 577 1062 673
guard-rail 0.0014 838 450 889 493
guard-rail 0.0012 835 458 862 544
guard-rail 0.0011 956 469 979 528
guard-rail 0.0010 826 425 910 540
guard-rail 0.0010 822 400 991 568
guard-rail 0.0010 950 421 976 464
train-car 0.1995 816 367 882 402
train-car 0.0088 878 365 928 416
train-car 0.0052 827 353 904 403
train-car 0.0049 893 381 940 418
train-car 0.0038 885 360 914 396
train-car 0.0013 806 339 889 396
rail 0.8529 826 396 1246 1073
rail 0.8200 770 391 998 1079
rail 0.6761 812 407 1022 676
rail 0.0910 484 414 818 474
rail 0.0292 802 579 1054 777
rail 0.0117 830 538 1028 695
rail 0.0093 813 383 880 420
rail 0.0088 962 396 1014 707
rail 0.0083 759 381 1140 720
rail 0.0080 1038 553 1257 840
rail 0.0065 885 391 936 413
rail 0.0028 1011 426 1336 1059
rail 0.0027 549 394 907 462
rail 0.0026 755 432 898 1055
rail 0.0025 447 428 738 483
rail 0.0025 833 385 906 417
rail 0.0021 1564 625 1670 727
rail 0.0020 811 415 851 453
rail 0.0014 461 401 751 461
rail 0.0013 876 458 1044 692
rail 0.0013 422 413 733 521
rail 0.0013 847 411 878 456
rail 0.0011 804 402 935 642
rail 0.0011 903 414 930 456
switch-indicator 0.0063 686 610 742 652
switch-indicator 0.0059 666 599 756 653
switch-indicator 0.0022 1247 662 1365 718
switch-indicator 0.0016 782 427 800 466
switch-indicator 0.0011 632 608 745 664
switch-left 0.3371 843 582 1037 698
switch-left 0.1497 820 513 1029 679
switch-left 0.0066 810 595 1050 761
switch-right 0.3139 840 584 1037 694
switch-right 0.0015 821 526 1010 680
switch-unknown 0.0123 809 416 848 448
switch-unknown 0.0115 813 374 879 426
switch-unknown 0.0072 803 380 852 426
switch-unknown 0.0010 910 395 947 415
switch-static 0.4078 1119 662 1340 714
switch-static 0.3227 1093 657 1269 706
switch-static 0.0610 215 928 326 991
switch-static 0.0508 1082 588 1165 619
switch-static 0.0471 1074 610 1268 709
switch-static 0.0352 1135 803 1235 882
switch-static 0.0302 1214 668 1356 722
switch-static 0.0240 673 602 767 650
switch-static 0.0127 1069 587 1197 644
switch-static 0.0117 143 924 336 999
switch-static 0.0110 812 600 843 621
switch-static 0.0098 1044 556 1322 891
switch-static 0.0085 1068 621 1375 733
switch-static 0.0070 1281 668 1362 719
switch-static 0.0066 1133 674 1375 734
switch-static 0.0051 1044 610 1258 783
switch-static 0.0048 1070 666 1231 715
switch-static 0.0043 1138 630 1241 701
switch-static 0.0041 1117 651 1223 700
switch-static 0.0039 1082 569 1162 611
switch-static 0.0033 1264 664 1420 724
switch-static 0.0025 1174 669 1281 709
switch-static 0.0023 1086 590 1237 681
switch-static 0.0017 655 574 804 654
switch-static 0.0016 1044 589 1155 637
switch-static 0.0016 223 895 351 987
switch-static 0.0016 1121 785 1239 962
switch-static 0.0016 140 947 343 1057
switch-static 0.0014 94 913 313 1032
switch-static 0.0014 631 580 751 646
switch-static 0.0014 1078 675 1266 737
switch-static 0.0013 782 600 840 626
switch-static 0.0012 1135 801 1312 909
switch-static 0.0012 679 607 814 669
switch-static 0.0010 1039 597 1084 631
track-sign-front 0.8832 1789 306 1876 460
track-sign-front 0.6587 1538 404 1612 501
track-sign-front 0.5837 1579 315 1660 470
track-sign-front 0.4043 1631 682 1667 732
track-sign-front 0.3704 1609 658 1670 731
track-sign-front 0.1686 1529 321 1660 511
track-sign-front 0.0797 729 395 745 413
track-sign-front 0.0173 1637 670 1681 733
track-sign-front 0.0148 1621 540 1656 586
track-sign-front 0.0143 596 404 608 427
track-sign-front 0.0126 1581 317 1657 395
track-sign-front 0.0083 1579 761 1666 847
track-sign-front 0.0061 1607 295 1634 321
track-sign-front 0.0047 1659 665 1684 732
track-sign-front 0.0044 1584 739 1645 775
track-sign-front 0.0043 732 367 764 421
track-sign-front 0.0025 1598 291 1644 324
track-sign-front 0.0023 1624 539 1670 572
track-sign-front 0.0022 1615 692 1676 743
track-sign-front 0.0022 1538 362 1622 481
track-sign-front 0.0021 1578 731 1664 817
track-sign-front 0.0020 1620 538 1662 621
track-sign-front 0.0016 1626 735 1660 776
track-sign-front 0.0015 1621 533 1655 566
track-sign-front 0.0015 1625 562 1651 611
track-sign-front 0.0015 588 405 613 456
track-sign-front 0.0014 1600 739 1661 788
track-sign-front 0.0014 499 435 541 472
track-sign-front 0.0014 1619 508 1658 596
track-sign-front 0.0012 1720 24 1812 109
track-sign-front 0.0010 741 334 770 392
track-sign-front 0.0010 1577 732 1623 784
track-signal-front 0.5829 1573 655 1669 734
track-signal-front 0.1786 1831 -5 1895 86
track-signal-front 0.0286 1859 -2 1919 89
track-signal-front 0.0277 1778 3 1827 94
track-signal-front 0.0156 1835 145 1917 284
track-signal-front 0.0151 1810 -12 1922 100
track-signal-front 0.0104 1786 -2 1826 26
track-signal-front 0.0040 1772 -4 1827 48
track-signal-front 0.0037 1565 656 1618 733
track-signal-front 0.0027 1835 -11 1884 56
track-signal-front 0.0023 1885 128 1919 258
track-signal-front 0.0023 1853 111 1917 236
track-signal-front 0.0020 1719 -4 1877 108
track-signal-front 0.0019 1619 654 1679 720
track-signal-front 0.0018 1889 137 1916 205
track-signal-front 0.0016 1802 79 1921 227
track-signal-front 0.0012 1784 -25 1933 201
track-signal-front 0.0011 1553 622 1679 774
track-signal-back 0.0024 1752 21 1826 101
track-signal-back 0.0021 921 331 937 365
track-signal-back 0.0018 742 341 762 363
rail-occluder 0.0314 501 442 547 480
rail-occluder 0.0072 492 438 573 485
rail-occluder 0.0068 728 391 748 415
rail-occluder 0.0027 723 393 743 444
rail-occluder 0.0023 506 434 614 480
rail-occluder 0.0016 496 444 622 505
rail-occluder 0.0015 802 389 837 422
rail-occluder 0.0012 778 420 800 444
