guard-rail 0.6069 740 515 772 556
guard-rail 0.5324 919 514 937 547
guard-rail 0.1439 910 517 929 548
guard-rail 0.0873 924 516 940 553
guard-rail 0.0210 922 485 945 532
guard-rail 0.0158 733 503 783 553
guard-rail 0.0084 899 462 942 488
guard-rail 0.0076 710 484 762 555
guard-rail 0.0056 698 478 739 522
guard-rail 0.0054 695 459 752 504
guard-rail 0.0053 913 508 944 558
guard-rail 0.0039 938 511 964 549
guard-rail 0.0035 761 507 808 552
guard-rail 0.0026 683 455 740 491
guard-rail 0.0025 732 494 801 538
guard-rail 0.0025 715 457 777 500
guard-rail 0.0024 788 431 867 499
guard-rail 0.0022 704 497 740 544
guard-rail 0.0021 845 471 937 526
guard-rail 0.0017 692 431 802 524
guard-rail 0.0014 898 504 960 552
guard-rail 0.0013 775 477 828 517
guard-rail 0.0012 941 525 963 564
guard-rail 0.0011 937 455 1015 500
train-car 0.6026 206 345 535 443
train-car 0.0709 340 328 442 455
train-car 0.0608 256 284 518 456
train-car 0.0173 136 339 601 529
train-car 0.0148 203 360 289 438
train-car 0.0079 221 350 395 436
train-car 0.0074 191 373 355 467
train-car 0.0043 158 378 201 409
train-car 0.0040 592 352 648 412
train-car 0.0038 357 332 553 437
train-car 0.0023 161 370 487 463
train-car 0.0018 207 416 257 446
train-car 0.0017 176 188 548 549
train-car 0.0015 168 370 223 413
train-car 0.0012 597 366 705 405
train-car 0.0011 234 310 664 483
train-car 0.0010 190 340 422 406
rail 0.9039 633 392 1186 1079
rail 0.9022 0 388 596 1070
rail 0.7438 -2 398 564 721
rail 0.7156 679 393 917 485
rail 0.5927 1 429 260 580
rail 0.5927 -5 404 546 570
rail 0.3726 8 435 246 517
rail 0.1677 778 410 913 484
rail 0.0770 672 414 719 442
rail 0.0572 726 389 930 451
rail 0.0567 36 370 525 489
rail 0.0458 2 443 134 517
rail 0.0457 649 405 726 441
rail 0.0392 6 424 331 495
rail 0.0330 835 416 910 482
rail 0.0327 0 447 95 560
rail 0.0320 682 413 747 448
rail 0.0242 0 437 358 660
rail 0.0230 -2 428 162 496
rail 0.0209 710 740 1160 1078
rail 0.0189 728 419 924 506
rail 0.0184 0 444 168 643
rail 0.0159 28 429 230 475
rail 0.0154 0 449 81 506
rail 0.0131 659 388 737 453
rail 0.0128 733 379 839 431
rail 0.0107 612 386 829 445
rail 0.0083 0 448 38 551
rail 0.0080 676 424 732 454
rail 0.0079 6 444 105 486
rail 0.0061 668 408 768 482
rail 0.0059 635 389 708 442
rail 0.0052 736 395 832 469
rail 0.0050 819 450 914 488
rail 0.0048 659 405 694 448
rail 0.0048 644 346 782 425
rail 0.0047 599 386 925 1086
rail 0.0046 668 427 711 456
rail 0.0037 808 399 892 434
rail 0.0035 0 418 77 488
rail 0.0034 598 342 846 416
rail 0.0031 0 436 46 489
rail 0.0029 99 413 314 452
rail 0.0028 623 378 748 422
rail 0.0026 198 372 263 454
rail 0.0026 687 379 758 446
rail 0.0023 747 431 873 499
rail 0.0023 716 384 798 431
rail 0.0022 626 373 774 488
rail 0.0022 96 434 242 484
rail 0.0021 73 416 384 472
rail 0.0021 16 407 147 475
rail 0.0020 605 365 694 456
rail 0.0020 705 283 915 476
rail 0.0019 61 452 230 553
rail 0.0019 696 416 982 938
rail 0.0018 7 471 315 802
rail 0.0016 133 449 388 581
rail 0.0015 688 404 815 463
rail 0.0015 388 373 580 452
rail 0.0014 45 466 218 624
rail 0.0014 59 440 152 481
rail 0.0013 189 424 423 534
rail 0.0013 118 424 236 466
rail 0.0012 734 385 917 424
rail 0.0012 671 376 821 411
rail 0.0012 765 416 853 480
rail 0.0011 1 486 224 703
rail 0.0011 120 444 405 737
rail 0.0011 886 413 1219 1078
rail 0.0011 584 316 1019 685
rail 0.0010 685 822 1260 1189
rail 0.0010 424 381 600 431
rail 0.0010 -15 375 184 569
switch-indicator 0.1765 681 419 725 443
switch-indicator 0.1026 698 422 731 443
switch-indicator 0.0283 670 409 707 438
switch-indicator 0.0103 679 423 733 453
switch-indicator 0.0095 672 426 706 456
switch-indicator 0.0085 704 429 734 453
switch-indicator 0.0021 700 423 735 466
switch-left 0.2930 703 896 1191 1077
switch-left 0.1246 844 455 921 485
switch-left 0.0127 708 655 1173 1079
switch-left 0.0048 745 983 1252 1082
switch-left 0.0032 869 471 933 509
switch-left 0.0010 767 1014 1136 1085
switch-right 0.2065 846 453 918 481
switch-right 0.0015 836 469 929 503
switch-unknown 0.0050 660 411 693 442
switch-unknown 0.0013 836 404 897 428
switch-static 0.2658 942 462 998 489
switch-static 0.0161 611 451 633 469
switch-static 0.0055 614 453 646 473
switch-static 0.0049 880 451 932 476
switch-static 0.0041 640 443 693 471
switch-static 0.0036 1438 891 1535 985
switch-static 0.0032 870 449 978 488
switch-static 0.0030 1340 901 1531 1001
switch-static 0.0029 980 468 1041 494
switch-static 0.0024 762 424 808 471
switch-static 0.0018 931 450 1006 501
switch-static 0.0013 775 436 842 498
track-sign-front 0.3112 471 427 488 459
track-sign-front 0.1358 595 386 618 423
track-sign-front 0.1287 777 391 792 413
track-sign-front 0.0711 594 354 622 439
track-sign-front 0.0205 585 327 617 440
track-sign-front 0.0189 465 424 494 464
track-sign-front 0.0157 601 378 628 427
track-sign-front 0.0118 783 390 794 410
track-sign-front 0.0067 611 448 632 467
track-sign-front 0.0057 585 377 605 463
track-sign-front 0.0054 601 347 647 411
track-sign-front 0.0050 69 390 89 418
track-sign-front 0.0026 55 390 91 423
track-sign-front 0.0011 1066 328 1093 358
track-sign-front 0.0010 309 801 379 837
track-signal-back 0.6503 372 226 398 274
track-signal-back 0.6485 603 246 627 305
track-signal-back 0.6018 708 285 723 322
track-signal-back 0.1677 601 231 628 269
track-signal-back 0.0580 811 301 823 323
track-signal-back 0.0408 786 289 822 333
track-signal-back 0.0323 609 309 624 355
track-signal-back 0.0227 707 292 722 387
track-signal-back 0.0198 786 271 803 354
track-signal-back 0.0196 782 269 811 400
track-signal-back 0.0123 794 278 811 334
track-signal-back 0.0102 603 224 628 251
track-signal-back 0.0101 812 302 824 346
track-signal-back 0.0097 702 284 728 327
track-signal-back 0.0069 790 271 818 349
track-signal-back 0.0063 607 290 626 340
track-signal-back 0.0059 604 194 627 423
track-signal-back 0.0048 377 223 417 271
track-signal-back 0.0032 668 319 687 362
track-signal-back 0.0028 705 271 722 297
track-signal-back 0.0027 375 216 403 387
track-signal-back 0.0023 593 197 618 355
track-signal-back 0.0019 374 270 403 325
track-signal-back 0.0017 377 270 395 354
track-signal-back 0.0016 589 245 620 314
track-signal-back 0.0014 355 224 409 276
track-signal-back 0.0014 704 270 732 344
track-signal-back 0.0014 373 272 395 308
track-signal-back 0.0013 491 292 515 336
track-signal-back 0.0013 583 237 636 307
track-signal-back 0.0011 398 266 416 366
track-signal-back 0.0010 649 308 685 369
pole 0.2702 384 247 408 471
pole 0.1616 711 306 721 414
pole 0.1443 395 250 416 466
pole 0.1281 367 292 412 473
pole 0.1152 711 297 730 422
pole 0.1038 600 212 624 456
pole 0.0922 359 255 433 468
pole 0.0771 461 320 472 438
pole 0.0640 595 327 621 464
pole 0.0634 583 212 604 462
pole 0.0454 705 320 723 434
pole 0.0422 376 334 398 462
pole 0.0324 784 232 806 439
pole 0.0297 399 320 416 457
pole 0.0278 589 284 616 484
pole 0.0221 704 310 743 431
pole 0.0218 730 298 749 421
pole 0.0215 779 287 794 421
pole 0.0210 501 295 520 417
pole 0.0197 608 277 625 384
pole 0.0193 458 273 468 412
pole 0.0191 737 370 752 411
pole 0.0179 385 419 409 472
pole 0.0130 484 296 512 423
pole 0.0123 465 337 478 461
pole 0.0119 583 274 603 406
pole 0.0110 707 279 722 397
pole 0.0093 605 288 639 438
pole 0.0092 463 310 495 438
pole 0.0083 444 324 472 443
pole 0.0069 516 300 549 412
pole 0.0056 578 272 610 447
pole 0.0047 495 309 528 432
pole 0.0045 387 288 460 468
pole 0.0041 306 243 468 459
pole 0.0036 551 304 597 410
pole 0.0035 392 341 415 497
pole 0.0034 453 246 468 436
pole 0.0034 568 176 609 464
pole 0.0034 398 271 414 413
pole 0.0033 76 224 94 449
pole 0.0032 664 307 702 404
pole 0.0027 415 346 499 459
pole 0.0026 378 276 396 416
pole 0.0021 672 314 770 416
pole 0.0021 647 357 719 431
pole 0.0021 631 327 666 398
pole 0.0019 579 250 630 490
pole 0.0019 512 318 566 426
pole 0.0019 211 273 224 401
pole 0.0018 396 331 560 429
pole 0.0014 560 253 592 430
pole 0.0014 467 356 499 462
pole 0.0013 406 253 478 456
pole 0.0013 705 272 728 342
pole 0.0013 556 349 612 466
pole 0.0012 332 359 477 484
pole 0.0010 773 256 817 392
rail-occluder 0.2011 470 426 486 462
rail-occluder 0.1836 778 392 792 414
rail-occluder 0.1321 389 439 408 474
rail-occluder 0.0897 381 442 405 479
rail-occluder 0.0114 770 398 797 450
rail-occluder 0.0090 377 454 392 485
rail-occluder 0.0072 372 438 411 484
rail-occluder 0.0063 362 417 433 473
rail-occluder 0.0049 730 380 777 425
rail-occluder 0.0046 209 417 253 445
rail-occluder 0.0043 702 372 749 444
rail-occluder 0.0038 466 420 490 475
rail-occluder 0.0028 379 406 410 472
rail-occluder 0.0021 722 414 775 446
rail-occluder 0.0017 212 427 247 454
rail-occluder 0.0016 158 378 207 414
rail-occluder 0.0013 463 386 496 468
rail-occluder 0.0013 766 402 844 469
rail-occluder 0.0010 389 449 423 482
