guard-rail 0.6113 1030 562 1222 1081
guard-rail 0.0469 1009 576 1062 1079
guard-rail 0.0150 1060 732 1196 1074
guard-rail 0.0031 1024 712 1049 1056
guard-rail 0.0019 1077 608 1130 889
guard-rail 0.0011 1015 715 1040 1054
platform 0.1205 1136 615 1914 1077
rail 0.9286 997 551 1261 1077
track-sign-front 0.0218 1179 515 1189 531
track-sign-front 0.0083 1190 555 1206 586
track-sign-front 0.0041 1183 515 1202 540
track-sign-front 0.0019 1175 518 1209 583
track-sign-front 0.0018 1170 567 1193 621
track-sign-front 0.0018 1148 482 1195 565
track-sign-front 0.0016 1138 514 1158 584
track-sign-front 0.0016 1136 548 1154 580
track-sign-front 0.0014 1159 579 1186 617
track-sign-front 0.0010 310 639 336 711
track-signal-front 0.0485 953 447 979 479
track-signal-back 0.1490 952 390 977 447
track-signal-back 0.0417 952 447 978 479
track-signal-back 0.0025 951 414 978 477
track-signal-back 0.0014 946 380 985 430
person 0.0130 288 749 311 818
pole 0.0020 1136 468 1159 583
