guard-rail 0.6331 1250 984 1310 1075
guard-rail 0.5450 841 679 853 722
guard-rail 0.4240 658 998 682 1076
guard-rail 0.3859 622 679 689 721
guard-rail 0.1229 847 679 858 719
guard-rail 0.0306 635 662 723 714
guard-rail 0.0222 666 996 707 1074
guard-rail 0.0171 642 996 666 1075
guard-rail 0.0145 1009 1024 1023 1075
guard-rail 0.0097 930 990 957 1078
guard-rail 0.0088 834 677 861 722
guard-rail 0.0060 1002 1020 1019 1080
guard-rail 0.0051 646 994 696 1078
guard-rail 0.0024 1014 1028 1042 1077
guard-rail 0.0024 936 1003 973 1080
guard-rail 0.0023 587 682 707 748
guard-rail 0.0023 567 625 757 754
guard-rail 0.0021 925 1018 949 1076
guard-rail 0.0020 817 629 854 727
guard-rail 0.0019 922 966 967 1072
guard-rail 0.0018 1224 963 1288 1070
guard-rail 0.0018 1183 979 1328 1077
guard-rail 0.0017 658 655 733 696
guard-rail 0.0015 1237 931 1313 1064
guard-rail 0.0012 1003 1022 1032 1075
guard-rail 0.0010 651 1040 673 1082
train-car 0.0032 1037 506 1078 544
rail 0.9573 955 540 1333 1078
rail 0.9379 3 536 982 1077
rail 0.9306 634 570 976 1077
rail 0.6048 1206 580 1921 841
rail 0.4179 856 555 987 593
rail 0.1486 817 554 985 616
rail 0.0959 887 550 990 574
rail 0.0744 844 567 909 604
rail 0.0549 877 563 951 620
rail 0.0258 880 553 966 582
rail 0.0149 779 596 868 654
rail 0.0147 796 544 1004 652
rail 0.0139 830 578 890 610
rail 0.0108 736 565 949 713
rail 0.0093 940 551 989 570
rail 0.0092 790 567 914 627
rail 0.0086 846 537 894 584
rail 0.0082 1565 665 1922 850
rail 0.0032 872 543 1016 600
rail 0.0024 834 594 915 626
rail 0.0023 701 640 896 754
rail 0.0021 1281 622 1895 1016
rail 0.0018 956 544 1010 565
rail 0.0017 1718 685 1920 870
rail 0.0016 852 569 987 702
rail 0.0015 832 534 953 586
rail 0.0013 260 680 489 937
rail 0.0013 632 892 979 1069
rail 0.0013 666 573 932 831
rail 0.0013 1621 699 1922 952
rail 0.0012 748 618 858 713
rail 0.0010 1236 590 1715 747
switch-indicator 0.3030 340 783 408 823
switch-indicator 0.1374 902 604 919 640
switch-indicator 0.1170 787 581 800 603
switch-indicator 0.0785 762 576 804 619
switch-indicator 0.0417 899 570 931 620
switch-indicator 0.0287 785 580 805 617
switch-indicator 0.0113 902 616 917 656
switch-indicator 0.0073 648 624 692 653
switch-indicator 0.0056 347 759 400 819
switch-indicator 0.0053 894 603 928 641
switch-indicator 0.0046 619 629 654 656
switch-indicator 0.0040 779 578 801 610
switch-indicator 0.0033 662 618 693 648
switch-indicator 0.0020 1072 602 1095 621
switch-indicator 0.0016 1078 565 1107 624
switch-indicator 0.0014 260 727 487 899
switch-indicator 0.0012 753 579 775 614
switch-left 0.1025 784 607 857 644
switch-right 0.3211 791 605 858 637
switch-right 0.0974 814 593 877 619
switch-right 0.0724 835 584 895 607
switch-right 0.0482 770 612 853 645
switch-right 0.0013 740 617 840 656
switch-unknown 0.0555 951 551 981 564
switch-unknown 0.0358 848 571 904 604
switch-unknown 0.0058 944 550 989 568
switch-unknown 0.0055 958 543 1005 565
switch-unknown 0.0011 959 550 1011 572
switch-static 0.2121 338 780 406 825
switch-static 0.1942 740 601 780 626
switch-static 0.0702 787 580 804 613
switch-static 0.0231 728 603 772 632
switch-static 0.0214 834 574 884 611
switch-static 0.0185 866 574 925 623
switch-static 0.0116 624 627 683 657
switch-static 0.0067 840 589 912 629
switch-static 0.0061 650 623 694 652
switch-static 0.0047 1059 605 1080 621
switch-static 0.0041 902 652 914 667
switch-static 0.0032 616 628 658 657
switch-static 0.0030 727 618 791 641
switch-static 0.0019 732 597 789 636
switch-static 0.0011 1041 608 1071 628
track-sign-front 0.0369 849 538 863 555
track-sign-front 0.0133 1045 503 1078 535
track-sign-front 0.0131 848 536 887 571
track-sign-front 0.0129 197 521 239 566
track-sign-front 0.0057 667 506 683 550
track-sign-front 0.0054 669 515 684 569
track-sign-front 0.0053 233 630 253 683
track-sign-front 0.0049 220 610 252 694
track-sign-front 0.0042 1051 519 1075 553
track-sign-front 0.0037 814 534 838 552
track-sign-front 0.0029 213 587 253 742
track-sign-front 0.0029 901 652 913 670
track-sign-front 0.0026 811 531 852 558
track-sign-front 0.0024 1091 570 1106 608
track-sign-front 0.0024 669 484 684 543
track-sign-front 0.0021 669 538 685 595
track-sign-front 0.0018 847 535 867 573
track-sign-front 0.0018 1077 359 1094 387
track-sign-front 0.0018 769 502 791 554
track-sign-front 0.0018 1051 498 1092 552
track-sign-front 0.0015 987 534 1025 566
track-sign-front 0.0014 768 516 793 573
track-sign-front 0.0011 958 519 987 560
track-sign-front 0.0010 839 506 894 571
track-sign-front 0.0010 784 530 830 562
track-sign-front 0.0010 199 556 226 784
track-signal-back 0.0628 769 453 783 491
track-signal-back 0.0164 922 510 933 530
track-signal-back 0.0098 773 455 791 492
track-signal-back 0.0076 765 436 781 487
track-signal-back 0.0051 769 467 786 529
track-signal-back 0.0027 882 489 901 536
track-signal-back 0.0026 1034 499 1070 529
track-signal-back 0.0024 917 511 935 552
track-signal-back 0.0020 737 518 752 539
track-signal-back 0.0020 741 518 765 542
track-signal-back 0.0019 960 499 982 533
track-signal-back 0.0019 772 439 796 486
track-signal-back 0.0015 837 486 860 531
track-signal-back 0.0013 763 413 786 468
track-signal-back 0.0011 862 478 902 537
pole 0.1121 1210 131 1262 729
pole 0.0038 1207 330 1258 664
pole 0.0028 1181 151 1287 738
pole 0.0023 185 29 264 916
pole 0.0021 1183 157 1239 686
pole 0.0014 1205 402 1240 652
pole 0.0010 1059 369 1082 610
