guard-rail 0.0026 151 777 393 859
guard-rail 0.0025 203 736 482 843
guard-rail 0.0017 466 695 562 728
guard-rail 0.0015 73 781 381 892
guard-rail 0.0010 495 682 591 718
guard-rail 0.0010 203 786 343 851
train-car 0.4894 2 520 778 670
train-car 0.0073 -3 475 788 776
train-car 0.0058 311 485 366 666
train-car 0.0017 13 447 533 667
rail 0.9700 1099 550 1766 1075
rail 0.9549 989 549 1292 1078
rail 0.8619 3 552 968 957
rail 0.5978 4 552 861 738
rail 0.1968 -1 672 632 940
rail 0.1139 0 601 645 768
rail 0.0142 -1 641 365 769
rail 0.0113 -1 685 365 871
rail 0.0096 0 747 387 941
rail 0.0083 222 585 903 829
rail 0.0059 -16 716 524 1085
rail 0.0045 223 678 569 839
rail 0.0034 201 537 887 670
rail 0.0027 1290 607 1534 1029
rail 0.0022 7 663 52 712
rail 0.0017 3 681 255 792
rail 0.0017 0 662 135 746
rail 0.0017 519 562 847 757
rail 0.0016 5 664 104 720
rail 0.0014 202 700 430 850
rail 0.0014 346 656 636 815
rail 0.0014 2 661 34 719
rail 0.0013 0 654 57 748
rail 0.0013 237 597 754 726
rail 0.0012 0 683 164 845
rail 0.0012 2 635 313 711
rail 0.0011 8 648 89 701
rail 0.0011 4 650 40 698
switch-indicator 0.0010 1076 593 1091 617
switch-left 0.0023 452 693 576 733
switch-left 0.0021 259 722 525 811
switch-left 0.0012 376 662 628 772
switch-left 0.0010 248 650 669 802
switch-right 0.0030 449 692 578 733
switch-unknown 0.0016 484 680 605 723
switch-unknown 0.0013 840 580 906 609
switch-static 0.0142 412 678 482 705
switch-static 0.0015 445 686 534 718
switch-static 0.0014 1445 749 1479 778
track-sign-front 0.1646 333 597 363 634
track-sign-front 0.0140 896 518 919 557
track-sign-front 0.0079 890 521 916 573
track-sign-front 0.0051 635 544 679 620
track-sign-front 0.0022 880 532 903 565
track-sign-front 0.0020 335 582 372 631
track-sign-front 0.0017 333 539 363 628
track-sign-front 0.0017 323 578 360 633
track-sign-front 0.0017 1210 498 1230 527
track-sign-front 0.0016 324 521 382 682
track-sign-front 0.0016 666 528 696 619
track-sign-front 0.0014 879 308 923 336
track-sign-front 0.0011 901 537 945 598
track-sign-front 0.0010 654 474 700 639
track-signal-front 0.0011 1216 489 1237 519
track-signal-back 0.6410 935 446 955 499
track-signal-back 0.5949 1067 426 1085 494
track-signal-back 0.0469 1069 418 1090 460
track-signal-back 0.0353 928 429 957 525
track-signal-back 0.0267 852 446 886 496
track-signal-back 0.0105 1072 416 1103 437
track-signal-back 0.0099 953 459 984 569
track-signal-back 0.0067 1066 416 1089 438
track-signal-back 0.0065 1068 474 1084 538
track-signal-back 0.0062 930 337 957 570
track-signal-back 0.0039 933 457 962 510
track-signal-back 0.0037 931 427 959 479
track-signal-back 0.0031 894 434 931 544
track-signal-back 0.0018 854 441 888 553
track-signal-back 0.0014 1076 427 1116 490
track-signal-back 0.0012 902 411 935 517
pole 0.6995 612 54 714 867
pole 0.5277 337 275 372 717
pole 0.2875 917 314 955 604
pole 0.1137 963 463 982 599
pole 0.0791 942 446 962 614
pole 0.0636 902 302 937 622
pole 0.0463 909 435 933 619
pole 0.0412 1069 431 1086 632
pole 0.0392 974 488 988 596
pole 0.0376 1068 476 1083 595
pole 0.0336 1073 485 1089 611
pole 0.0285 61 234 91 697
pole 0.0263 801 370 824 603
pole 0.0257 13 395 34 661
pole 0.0174 809 467 828 594
pole 0.0155 901 484 940 607
pole 0.0126 69 274 91 592
pole 0.0115 347 290 365 631
pole 0.0090 643 50 762 881
pole 0.0088 4 409 27 685
pole 0.0076 897 489 922 586
pole 0.0059 1008 457 1024 568
pole 0.0055 64 232 82 541
pole 0.0054 5 368 45 692
pole 0.0044 915 466 951 606
pole 0.0040 587 191 682 812
pole 0.0039 929 490 971 598
pole 0.0037 619 480 692 642
pole 0.0037 22 317 77 766
pole 0.0036 961 454 1002 570
pole 0.0035 1305 160 1351 666
pole 0.0035 44 294 104 705
pole 0.0033 950 514 984 609
pole 0.0031 782 394 836 613
pole 0.0028 1066 468 1095 618
pole 0.0028 285 499 907 748
pole 0.0024 854 427 889 565
pole 0.0023 629 339 714 762
pole 0.0023 817 424 856 570
pole 0.0023 464 377 486 574
pole 0.0022 792 485 828 599
pole 0.0020 637 439 707 676
pole 0.0020 1204 332 1230 634
pole 0.0020 317 327 346 622
pole 0.0018 899 440 927 567
pole 0.0018 546 534 560 614
pole 0.0018 57 348 83 665
pole 0.0017 317 375 359 691
pole 0.0016 855 304 975 599
pole 0.0014 332 520 366 645
pole 0.0013 16 459 32 601
pole 0.0013 647 207 855 762
pole 0.0012 76 321 114 546
pole 0.0012 363 284 746 789
pole 0.0012 776 379 808 626
pole 0.0011 870 356 942 646
pole 0.0011 944 499 1017 592
pole 0.0011 1064 521 1089 612
pole 0.0011 894 527 953 608
pole 0.0010 996 492 1036 589
rail-occluder 0.0087 634 557 676 634
rail-occluder 0.0040 11 652 45 699
rail-occluder 0.0029 660 555 695 630
rail-occluder 0.0019 807 537 831 598
rail-occluder 0.0016 303 591 405 717
rail-occluder 0.0015 546 565 562 612
rail-occluder 0.0015 0 662 32 714
rail-occluder 0.0014 718 606 778 635
rail-occluder 0.0012 685 572 707 631
rail-occluder 0.0011 6 647 85 698
rail-occluder 0.0011 625 565 669 661
rail-occluder 0.0010 10 613 43 696
