platform 0.7067 983 627 1920 1075
rail 0.9339 530 645 1040 1077
rail 0.7768 -2 644 709 1075
rail 0.1117 0 655 522 907
rail 0.0175 1 699 336 941
rail 0.0065 0 702 263 841
rail 0.0031 7 590 800 876
rail 0.0026 0 732 176 943
rail 0.0017 0 659 345 818
rail 0.0017 630 702 935 1027
rail 0.0014 4 729 428 1067
track-sign-front 0.0390 912 507 926 532
track-sign-front 0.0027 916 504 943 553
track-sign-front 0.0014 1865 346 1885 373
track-sign-front 0.0012 930 529 952 568
track-signal-front 0.0367 911 508 925 530
track-signal-front 0.0019 909 443 923 470
track-signal-front 0.0010 910 441 930 512
person 0.6712 1246 549 1288 655
person 0.0109 1165 569 1186 630
person 0.0064 686 506 705 554
person 0.0056 1418 555 1482 690
person 0.0046 683 507 706 589
person 0.0039 1252 551 1322 646
person 0.0031 1421 596 1467 697
person 0.0028 1257 542 1301 630
person 0.0024 1251 538 1280 607
person 0.0022 1155 563 1198 629
person 0.0017 668 500 711 595
person 0.0010 1161 584 1184 639
pole 0.0093 725 128 751 635
pole 0.0074 1898 100 1919 430
pole 0.0027 32 -4 75 556
pole 0.0019 1889 -17 1919 418
pole 0.0016 863 562 876 627
pole 0.0011 1879 126 1904 417
rail-occluder 0.0010 1020 563 1156 627
rail-occluder 0.0010 1055 569 1216 628
