crossing 0.0050 1051 529 1085 544
guard-rail 0.4027 1046 606 1094 639
guard-rail 0.2747 940 596 954 645
guard-rail 0.0696 1073 614 1121 650
guard-rail 0.0404 1049 601 1112 653
guard-rail 0.0339 1038 595 1079 623
guard-rail 0.0178 946 566 983 629
guard-rail 0.0097 934 594 961 646
guard-rail 0.0075 932 593 948 637
guard-rail 0.0066 1094 635 1150 665
guard-rail 0.0065 931 610 945 654
guard-rail 0.0050 997 605 1021 644
guard-rail 0.0035 984 596 1014 643
guard-rail 0.0035 964 556 1012 620
guard-rail 0.0028 1030 611 1077 658
guard-rail 0.0017 971 544 1042 589
guard-rail 0.0011 933 541 980 605
guard-rail 0.0011 998 572 1036 632
guard-rail 0.0011 1006 616 1031 656
guard-rail 0.0011 1044 571 1084 615
guard-rail 0.0011 1020 604 1101 665
rail 0.9684 3 508 958 1072
rail 0.9652 820 501 1145 1079
rail 0.9268 1003 524 1912 1080
rail 0.8743 -5 509 916 748
rail 0.1643 490 519 915 597
rail 0.0519 958 519 994 556
rail 0.0504 1348 531 1924 653
rail 0.0445 637 518 912 565
rail 0.0319 956 508 994 532
rail 0.0294 258 516 931 645
rail 0.0087 -2 587 533 741
rail 0.0078 934 512 989 537
rail 0.0042 695 526 855 559
rail 0.0038 948 523 1003 570
rail 0.0029 725 516 929 554
rail 0.0029 970 497 1000 530
rail 0.0023 1384 490 1912 607
rail 0.0022 918 488 982 529
rail 0.0021 560 535 841 610
rail 0.0019 1077 571 1672 974
rail 0.0017 1243 614 1808 1055
rail 0.0016 14 627 451 788
rail 0.0014 811 522 905 548
rail 0.0013 1262 523 1925 737
rail 0.0011 508 499 983 668
rail 0.0010 655 533 809 567
rail 0.0010 850 504 947 550
rail 0.0010 887 487 945 553
switch-indicator 0.0124 1678 761 1722 804
switch-indicator 0.0097 1832 753 1917 862
switch-right 0.2399 960 544 999 567
switch-right 0.1083 962 550 1003 576
switch-unknown 0.0839 960 518 993 552
switch-unknown 0.0534 959 508 991 530
switch-unknown 0.0149 933 504 994 539
switch-unknown 0.0124 860 523 899 545
switch-unknown 0.0045 883 491 921 553
switch-unknown 0.0025 919 469 986 543
switch-unknown 0.0016 871 519 918 556
switch-unknown 0.0016 708 536 794 560
switch-unknown 0.0014 830 528 889 552
switch-unknown 0.0013 729 531 820 557
switch-static 0.0236 1679 765 1724 805
switch-static 0.0150 1611 763 1726 811
switch-static 0.0078 1595 768 1687 808
switch-static 0.0077 973 538 1045 570
switch-static 0.0073 1536 754 1636 790
switch-static 0.0064 1011 535 1060 563
switch-static 0.0062 1823 754 1919 865
switch-static 0.0045 1669 780 1727 817
switch-static 0.0043 866 591 888 612
switch-static 0.0041 1513 752 1718 814
switch-static 0.0040 1564 759 1664 798
switch-static 0.0018 1045 531 1082 547
switch-static 0.0015 1495 738 1610 778
switch-static 0.0014 1427 725 1730 811
switch-static 0.0012 930 523 994 577
switch-static 0.0010 861 587 903 613
track-sign-front 0.0382 1223 518 1234 534
track-sign-front 0.0251 1857 756 1913 854
track-sign-front 0.0237 551 512 566 539
track-sign-front 0.0073 549 472 568 586
track-sign-front 0.0065 970 498 1000 524
track-sign-front 0.0046 548 408 569 628
track-sign-front 0.0039 875 479 892 516
track-sign-front 0.0037 1219 514 1234 541
track-sign-front 0.0027 1221 522 1234 555
track-sign-front 0.0019 1839 776 1917 876
track-sign-front 0.0018 556 488 580 569
track-sign-front 0.0010 1210 473 1239 552
track-signal-front 0.3699 903 421 918 462
track-signal-front 0.0355 895 425 920 537
track-signal-front 0.0135 905 411 920 439
track-signal-front 0.0130 903 402 916 446
track-signal-front 0.0101 898 418 927 465
track-signal-front 0.0092 875 473 890 501
track-signal-front 0.0012 978 466 1007 529
track-signal-back 0.0071 1020 438 1036 475
track-signal-back 0.0022 1014 429 1040 517
pole 0.6776 546 207 585 635
pole 0.1891 907 444 918 544
pole 0.0684 1400 264 1416 598
pole 0.0552 898 378 918 576
pole 0.0496 1220 238 1237 578
pole 0.0131 905 475 922 554
pole 0.0102 1051 348 1066 562
pole 0.0078 1182 305 1198 574
pole 0.0053 542 323 573 636
pole 0.0042 900 380 918 470
pole 0.0041 899 418 927 549
pole 0.0036 896 391 920 504
pole 0.0034 735 306 756 553
pole 0.0033 873 428 892 543
pole 0.0029 1181 324 1213 595
pole 0.0028 1027 328 1051 555
pole 0.0027 1388 275 1410 590
pole 0.0023 885 483 916 564
pole 0.0023 869 360 893 558
pole 0.0022 1180 445 1196 563
pole 0.0021 514 208 572 632
pole 0.0021 1021 412 1058 546
pole 0.0019 864 312 884 559
pole 0.0018 504 195 629 638
pole 0.0016 1055 389 1066 531
pole 0.0014 824 423 839 538
pole 0.0014 546 475 568 630
pole 0.0013 1019 393 1036 507
pole 0.0011 526 350 591 656
pole 0.0011 555 382 588 624
pole 0.0011 1403 366 1414 506
pole 0.0010 1184 410 1199 523
pole 0.0010 913 428 955 538
rail-occluder 0.0029 549 491 572 606
rail-occluder 0.0013 1842 717 1919 865
rail-occluder 0.0013 1788 609 1919 847
