guard-rail 0.5788 1264 787 1496 902
guard-rail 0.1417 1536 778 1741 871
guard-rail 0.1237 1090 669 1138 695
guard-rail 0.1078 1325 815 1501 920
guard-rail 0.0987 1228 778 1410 843
guard-rail 0.0841 1519 777 1665 846
guard-rail 0.0756 1188 670 1896 1056
guard-rail 0.0651 1074 672 1123 696
guard-rail 0.0512 1257 789 1434 865
guard-rail 0.0274 957 667 968 702
guard-rail 0.0258 1607 802 1769 879
guard-rail 0.0231 1077 656 1134 696
guard-rail 0.0166 1053 660 1103 691
guard-rail 0.0146 1093 679 1145 702
guard-rail 0.0134 1115 717 1618 971
guard-rail 0.0133 1414 727 1768 896
guard-rail 0.0122 958 634 1042 688
guard-rail 0.0109 1579 802 1867 897
guard-rail 0.0084 1637 824 1818 896
guard-rail 0.0076 1303 781 1559 943
guard-rail 0.0062 1527 769 1627 829
guard-rail 0.0054 1429 748 1858 968
guard-rail 0.0049 1246 785 1341 830
guard-rail 0.0037 955 652 1031 701
guard-rail 0.0031 1005 634 1066 665
guard-rail 0.0031 1586 791 1694 857
guard-rail 0.0027 1009 641 1068 685
guard-rail 0.0026 1322 798 1435 900
guard-rail 0.0025 1402 747 1710 841
guard-rail 0.0023 1474 780 1679 893
guard-rail 0.0019 1149 756 1465 866
guard-rail 0.0019 1657 816 1759 884
guard-rail 0.0017 1694 842 1821 894
guard-rail 0.0014 955 684 966 725
guard-rail 0.0012 994 655 1039 707
guard-rail 0.0012 950 657 970 708
guard-rail 0.0011 1462 749 1581 800
rail 0.9621 885 563 1189 1078
rail 0.9586 1006 576 1919 1071
rail 0.0115 1288 765 1875 1070
rail 0.0040 1252 726 1557 951
rail 0.0034 1008 629 1635 949
rail 0.0015 -1 1 154 1042
rail 0.0012 1599 783 1904 887
rail 0.0011 1159 725 1493 859
rail 0.0011 917 573 1069 756
switch-indicator 0.0694 1100 653 1136 678
switch-left 0.1161 955 630 1029 676
switch-left 0.0013 964 618 1039 664
switch-right 0.3538 957 629 1026 661
switch-right 0.0307 954 625 1031 682
switch-right 0.0011 965 595 999 621
switch-right 0.0011 999 638 1068 665
switch-static 0.3446 903 619 946 644
switch-static 0.0556 1275 644 1319 666
switch-static 0.0474 1100 653 1136 678
switch-static 0.0089 902 604 938 636
switch-static 0.0045 902 615 976 655
switch-static 0.0027 1619 791 1750 866
switch-static 0.0015 1362 656 1398 680
switch-static 0.0014 1763 829 1910 889
switch-static 0.0013 1741 816 1870 863
switch-static 0.0010 1281 641 1343 664
track-sign-front 0.0799 1289 536 1308 579
track-sign-front 0.0338 862 578 876 597
track-sign-front 0.0295 900 619 937 642
track-sign-front 0.0087 914 545 928 570
track-sign-front 0.0074 1286 511 1307 569
track-sign-front 0.0058 916 554 929 578
track-sign-front 0.0056 1285 506 1302 550
track-sign-front 0.0036 1283 449 1303 602
track-sign-front 0.0035 859 567 876 601
track-sign-front 0.0026 1084 573 1100 592
track-sign-front 0.0024 1294 538 1326 576
track-sign-front 0.0019 863 519 879 573
track-sign-front 0.0018 901 536 925 565
track-sign-front 0.0017 1104 557 1130 595
track-sign-front 0.0016 1123 554 1135 588
track-sign-front 0.0015 1122 544 1133 574
track-signal-back 0.0024 1024 513 1039 539
track-signal-back 0.0017 1020 497 1049 552
track-signal-back 0.0013 911 510 932 561
pole 0.0324 1282 356 1301 660
pole 0.0012 5 77 179 1064
