crossing 0.1635 1130 656 1177 674
crossing 0.0026 1118 653 1191 787
crossing 0.0016 1102 656 1153 675
crossing 0.0012 1140 650 1198 678
guard-rail 0.1072 1150 687 1168 791
guard-rail 0.0671 1099 682 1142 783
guard-rail 0.0508 1124 678 1158 786
guard-rail 0.0164 1160 686 1182 789
guard-rail 0.0114 1080 686 1122 790
guard-rail 0.0069 1126 650 1177 793
guard-rail 0.0044 1145 674 1173 812
guard-rail 0.0032 1171 681 1193 784
guard-rail 0.0015 1081 655 1148 790
guard-rail 0.0010 1157 671 1206 786
rail 0.8979 1007 585 1407 1075
rail 0.0010 1017 588 1603 920
track-sign-front 0.4839 1225 551 1249 578
track-sign-front 0.1349 1114 595 1129 619
track-sign-front 0.0124 1114 580 1129 610
track-sign-front 0.0118 1289 548 1304 568
track-sign-front 0.0067 1224 531 1251 562
track-sign-front 0.0056 103 567 159 631
track-sign-front 0.0055 1291 550 1310 572
track-sign-front 0.0044 1115 523 1133 547
track-sign-front 0.0030 1224 550 1249 647
track-sign-front 0.0029 1108 594 1135 622
track-sign-front 0.0017 1114 522 1142 561
track-sign-front 0.0011 1111 558 1141 594
track-signal-front 0.0013 1114 520 1134 550
pole 0.2893 1227 548 1246 674
pole 0.0036 1223 576 1252 697
pole 0.0012 1206 565 1258 714
rail-occluder 0.0235 1223 550 1250 685
rail-occluder 0.0051 1461 538 1487 591
rail-occluder 0.0029 1229 573 1255 716
rail-occluder 0.0016 1454 549 1482 592
