crossing 0.0406 852 594 905 615
crossing 0.0016 859 600 919 621
guard-rail 0.0083 1073 1005 1108 1076
rail 0.9610 103 579 810 1078
rail 0.9026 827 594 1118 1077
rail 0.0011 717 595 1006 1083
track-sign-front 0.8984 1209 564 1253 710
track-sign-front 0.8378 262 565 306 718
track-sign-front 0.0635 944 546 970 577
track-sign-front 0.0144 279 568 325 722
track-sign-front 0.0028 940 535 972 592
track-sign-front 0.0014 943 499 969 570
track-signal-front 0.1410 942 486 958 509
track-signal-front 0.0517 698 485 714 512
track-signal-front 0.0168 697 484 717 580
track-signal-front 0.0107 943 483 964 541
track-signal-front 0.0078 937 484 965 516
track-signal-front 0.0018 692 483 720 520
track-signal-front 0.0014 945 479 963 504
track-signal-front 0.0013 938 489 969 562
pole 0.0093 696 486 718 592
