crossing 0.6939 907 668 956 697
crossing 0.6717 783 669 869 700
crossing 0.0357 822 665 897 696
crossing 0.0320 745 674 844 713
crossing 0.0264 772 662 877 715
crossing 0.0216 841 667 933 707
crossing 0.0119 -20 799 477 1079
crossing 0.0104 881 665 944 693
crossing 0.0072 908 644 950 681
crossing 0.0061 903 661 960 712
crossing 0.0044 817 641 890 686
crossing 0.0031 -2 935 347 1076
crossing 0.0029 731 684 838 731
crossing 0.0022 898 682 957 724
crossing 0.0021 286 924 549 1071
crossing 0.0020 841 632 906 683
crossing 0.0011 862 618 929 671
platform 0.0750 -1 759 493 995
platform 0.0010 95 767 457 919
rail 0.9647 737 625 1025 1078
rail 0.9117 27 634 913 1075
rail 0.0016 14 984 295 1072
rail 0.0016 238 679 690 1052
rail 0.0012 908 644 950 685
rail 0.0012 -2 808 406 1083
switch-static 0.0462 976 694 1010 712
switch-static 0.0057 957 693 995 712
switch-static 0.0057 983 691 1021 711
track-sign-front 0.4996 1106 643 1125 671
track-sign-front 0.1750 1042 656 1056 680
track-sign-front 0.0248 1006 606 1020 626
track-sign-front 0.0226 1087 584 1121 613
track-sign-front 0.0192 1043 662 1058 692
track-sign-front 0.0179 1103 613 1125 665
track-sign-front 0.0132 730 647 743 668
track-sign-front 0.0113 1109 583 1134 607
track-sign-front 0.0092 1083 584 1107 608
track-sign-front 0.0054 1008 630 1031 666
track-sign-front 0.0051 1105 577 1126 609
track-sign-front 0.0046 1085 590 1118 632
track-sign-front 0.0045 725 626 739 646
track-sign-front 0.0039 1042 650 1063 676
track-sign-front 0.0038 1075 586 1098 612
track-sign-front 0.0032 726 630 753 669
track-sign-front 0.0031 1108 611 1132 652
track-sign-front 0.0026 726 647 752 683
track-sign-front 0.0021 1103 668 1125 718
track-sign-front 0.0021 1004 645 1033 677
track-sign-front 0.0019 666 637 695 683
track-sign-front 0.0017 1098 615 1131 692
track-sign-front 0.0015 1147 578 1172 600
track-sign-front 0.0014 1035 654 1065 684
track-sign-front 0.0013 1146 562 1177 595
track-sign-front 0.0012 727 637 744 675
track-sign-front 0.0011 914 611 956 648
track-sign-front 0.0010 979 620 1032 672
track-signal-front 0.8969 1061 404 1123 495
track-signal-front 0.0582 1008 595 1020 616
track-signal-front 0.0112 1084 498 1110 527
track-signal-front 0.0047 1008 586 1020 607
track-signal-front 0.0032 1153 526 1184 570
track-signal-front 0.0030 1143 530 1170 566
track-signal-front 0.0021 1008 590 1038 618
track-signal-front 0.0016 1104 575 1126 610
track-signal-front 0.0012 665 623 693 653
track-signal-front 0.0011 1075 584 1099 615
track-signal-back 0.0108 1150 526 1178 568
track-signal-back 0.0035 813 551 829 584
track-signal-back 0.0026 812 538 831 572
track-signal-back 0.0011 810 554 824 588
track-signal-back 0.0010 806 534 826 569
person 0.0018 651 644 687 688
person 0.0017 665 640 696 687
pole 0.0020 1596 64 1695 1075
