crossing 0.0308 955 569 1001 586
guard-rail 0.1072 1076 991 1091 1084
guard-rail 0.0119 1091 973 1126 1083
guard-rail 0.0109 471 602 564 628
guard-rail 0.0083 1078 957 1105 1082
guard-rail 0.0079 478 593 602 630
guard-rail 0.0030 1060 966 1084 1076
guard-rail 0.0030 1051 987 1106 1083
guard-rail 0.0018 1069 1009 1098 1079
guard-rail 0.0011 1025 960 1115 1081
guard-rail 0.0010 832 987 869 1075
guard-rail 0.0010 471 617 549 646
rail 0.9571 -2 503 963 1073
rail 0.9547 1012 508 1919 1039
rail 0.9351 824 506 1141 1077
rail 0.8071 -3 518 885 823
rail 0.6114 962 519 1038 576
rail 0.1556 955 544 1003 583
rail 0.0780 479 552 709 626
rail 0.0769 821 972 1129 1082
rail 0.0664 977 512 1044 558
rail 0.0619 948 514 1009 572
rail 0.0460 405 530 862 621
rail 0.0425 10 562 668 768
rail 0.0253 523 563 689 609
rail 0.0157 808 505 936 535
rail 0.0148 817 505 986 1079
rail 0.0138 476 587 615 626
rail 0.0111 794 510 866 539
rail 0.0105 945 498 1053 598
rail 0.0093 912 506 999 546
rail 0.0090 963 552 1046 585
rail 0.0081 885 506 973 537
rail 0.0077 993 529 1144 1075
rail 0.0069 1007 508 1055 542
rail 0.0067 390 532 817 702
rail 0.0059 552 524 715 620
rail 0.0051 501 573 638 609
rail 0.0050 880 510 1011 559
rail 0.0048 3 629 415 770
rail 0.0045 0 597 531 848
rail 0.0040 762 507 929 548
rail 0.0036 988 516 1065 580
rail 0.0036 750 513 869 545
rail 0.0026 586 569 668 598
rail 0.0025 582 517 889 589
rail 0.0022 843 497 965 531
rail 0.0021 917 496 943 531
rail 0.0021 962 499 1033 537
rail 0.0020 0 652 306 822
rail 0.0019 899 501 959 530
rail 0.0019 651 537 772 576
rail 0.0017 43 463 825 676
rail 0.0016 1024 502 1044 529
rail 0.0016 424 551 616 627
rail 0.0016 710 526 829 564
rail 0.0015 406 542 648 682
rail 0.0015 819 507 851 536
rail 0.0014 911 1009 1124 1080
rail 0.0013 601 505 966 614
rail 0.0012 934 498 1008 536
rail 0.0011 929 954 1167 1076
rail 0.0011 1065 1020 1100 1086
rail 0.0010 800 498 964 555
switch-indicator 0.0187 582 618 608 644
switch-indicator 0.0112 744 554 762 573
switch-indicator 0.0029 488 536 506 584
switch-indicator 0.0012 749 559 772 579
switch-left 0.1764 954 554 1006 584
switch-left 0.0979 822 977 1128 1081
switch-left 0.0094 953 567 1002 589
switch-left 0.0026 825 920 1133 1053
switch-right 0.2979 956 557 1001 584
switch-right 0.0161 954 568 1001 587
switch-right 0.0091 463 599 577 631
switch-unknown 0.0321 592 566 662 588
switch-unknown 0.0298 1023 511 1042 528
switch-unknown 0.0220 530 562 692 600
switch-unknown 0.0138 914 508 948 533
switch-unknown 0.0135 1012 505 1045 529
switch-unknown 0.0126 567 571 648 602
switch-unknown 0.0119 539 575 630 612
switch-unknown 0.0110 1025 505 1042 523
switch-unknown 0.0109 920 496 942 528
switch-unknown 0.0104 924 508 977 537
switch-unknown 0.0100 476 593 604 629
switch-unknown 0.0075 516 583 608 614
switch-unknown 0.0048 922 481 963 540
switch-unknown 0.0033 736 535 798 560
switch-unknown 0.0030 704 546 764 568
switch-unknown 0.0028 684 545 745 569
switch-unknown 0.0024 864 509 938 537
switch-unknown 0.0023 610 552 671 584
switch-unknown 0.0022 773 514 845 541
switch-unknown 0.0019 450 603 550 634
switch-static 0.5580 1228 975 1414 1071
switch-static 0.0524 1018 567 1057 584
switch-static 0.0347 1263 958 1505 1074
switch-static 0.0341 1251 978 1359 1052
switch-static 0.0185 970 556 1044 589
switch-static 0.0185 1033 568 1074 586
switch-static 0.0161 1124 983 1372 1077
switch-static 0.0129 1131 1021 1244 1072
switch-static 0.0116 1024 572 1060 590
switch-static 0.0102 946 559 992 584
switch-static 0.0073 1384 970 1500 1076
switch-static 0.0056 575 619 609 646
switch-static 0.0041 1011 520 1050 579
switch-static 0.0028 1220 973 1319 1054
switch-static 0.0028 1215 927 1429 1052
switch-static 0.0028 929 517 998 584
switch-static 0.0024 1293 971 1396 1058
switch-static 0.0018 1048 572 1078 592
switch-static 0.0017 1057 561 1096 582
switch-static 0.0013 993 572 1045 591
switch-static 0.0010 1328 976 1426 1077
track-sign-front 0.0294 489 533 504 563
track-sign-front 0.0045 487 433 504 449
track-sign-front 0.0045 481 418 513 448
track-sign-front 0.0042 493 412 512 442
track-sign-front 0.0014 491 517 506 554
track-sign-front 0.0011 491 431 509 458
track-sign-front 0.0011 1171 509 1185 552
track-sign-front 0.0010 1226 441 1243 473
track-signal-front 0.1897 1173 438 1188 469
track-signal-front 0.0787 1171 439 1189 488
track-signal-front 0.0417 1057 451 1070 474
track-signal-front 0.0245 671 361 692 434
track-signal-front 0.0229 1053 448 1068 468
track-signal-front 0.0070 1171 436 1186 457
track-signal-front 0.0068 640 377 686 428
track-signal-front 0.0048 676 415 700 464
track-signal-front 0.0042 670 397 696 485
track-signal-front 0.0039 1061 446 1085 471
track-signal-front 0.0032 634 392 661 421
track-signal-front 0.0028 709 435 752 472
track-signal-front 0.0021 672 424 711 484
track-signal-front 0.0021 1264 438 1279 462
track-signal-front 0.0021 1056 435 1071 465
track-signal-front 0.0020 500 406 519 435
track-signal-front 0.0014 1166 440 1194 504
track-signal-front 0.0014 738 430 771 474
track-signal-front 0.0013 448 337 484 409
track-signal-front 0.0013 1016 437 1074 525
track-signal-front 0.0010 1062 448 1091 494
track-signal-front 0.0010 473 399 509 437
track-signal-back 0.1696 945 454 955 473
track-signal-back 0.0161 669 360 693 426
track-signal-back 0.0059 942 451 957 479
track-signal-back 0.0056 946 445 955 462
track-signal-back 0.0052 891 427 935 496
track-signal-back 0.0017 937 445 976 510
track-signal-back 0.0012 1064 339 1077 361
track-signal-back 0.0010 897 422 957 528
pole 0.3448 654 309 688 606
pole 0.2958 650 360 674 598
pole 0.1851 668 284 696 605
pole 0.1454 844 357 859 546
pole 0.0858 893 396 903 525
pole 0.0210 858 385 897 530
pole 0.0194 645 399 667 598
pole 0.0193 653 429 671 577
pole 0.0183 829 347 858 550
pole 0.0182 656 434 682 597
pole 0.0072 840 403 890 541
pole 0.0066 675 358 717 592
pole 0.0055 842 316 875 559
pole 0.0041 635 323 671 600
pole 0.0039 633 380 695 605
pole 0.0033 799 362 822 543
pole 0.0031 983 446 1007 531
pole 0.0019 654 501 683 615
pole 0.0017 654 392 682 536
pole 0.0016 896 387 926 536
pole 0.0014 675 331 698 477
pole 0.0012 681 453 714 559
rail-occluder 0.0398 663 560 684 590
rail-occluder 0.0219 828 510 855 535
rail-occluder 0.0102 838 499 855 532
rail-occluder 0.0085 739 555 767 573
rail-occluder 0.0066 818 507 866 537
rail-occluder 0.0048 662 540 686 591
rail-occluder 0.0031 649 557 695 593
rail-occluder 0.0023 667 551 726 577
rail-occluder 0.0023 717 549 764 569
rail-occluder 0.0020 649 519 685 597
rail-occluder 0.0019 653 566 679 597
