train-car 0.0028 733 574 911 617
train-car 0.0025 714 554 892 609
platform 0.9404 -5 604 787 1078
platform 0.0416 958 601 1413 670
platform 0.0259 931 598 1903 818
platform 0.0194 945 597 1638 689
platform 0.0024 953 605 1271 650
platform 0.0018 888 592 1529 776
platform 0.0012 1119 620 1440 671
platform 0.0010 8 542 589 773
rail 0.9527 678 615 988 1075
rail 0.9279 888 620 1759 1074
rail 0.0133 996 608 1913 884
rail 0.0067 928 600 1352 670
rail 0.0054 928 601 1241 648
rail 0.0050 1212 649 1911 1047
rail 0.0030 962 615 1216 666
rail 0.0028 -2 650 270 891
rail 0.0026 923 613 1436 747
rail 0.0026 714 574 894 617
rail 0.0024 0 652 140 744
rail 0.0021 0 639 42 763
rail 0.0017 866 674 1394 1067
rail 0.0016 -5 644 170 706
rail 0.0014 1467 674 1925 932
rail 0.0013 0 600 489 809
rail 0.0013 -3 629 102 723
rail 0.0011 1142 612 1575 1003
rail 0.0011 0 557 33 741
rail 0.0011 0 662 52 814
rail 0.0010 872 605 977 639
rail 0.0010 -3 570 58 746
switch-indicator 0.0037 998 581 1013 608
switch-unknown 0.0013 964 659 1016 684
switch-static 0.0170 1319 772 1411 805
switch-static 0.0089 958 695 998 724
switch-static 0.0027 1289 753 1427 834
track-sign-front 0.0010 1449 650 1478 684
track-signal-front 0.0379 658 562 672 580
track-signal-front 0.0059 971 547 986 569
track-signal-front 0.0043 1004 570 1015 595
track-signal-front 0.0041 656 558 674 593
track-signal-front 0.0033 998 555 1017 603
track-signal-front 0.0031 968 546 984 581
track-signal-front 0.0019 905 544 926 576
track-signal-front 0.0018 901 540 929 595
track-signal-front 0.0015 657 552 684 582
track-signal-front 0.0011 1002 559 1018 577
track-signal-front 0.0010 869 529 917 619
track-signal-back 0.0020 1281 417 1321 514
person 0.0042 647 558 673 625
person 0.0027 606 549 651 653
pole 0.0193 858 464 877 629
pole 0.0191 1715 0 1785 1031
pole 0.0095 1 464 41 760
pole 0.0055 1678 -26 1843 1170
pole 0.0043 204 474 239 774
pole 0.0032 850 513 891 625
pole 0.0030 1 542 29 753
pole 0.0021 276 483 313 752
pole 0.0017 879 466 916 643
pole 0.0014 178 479 271 774
pole 0.0013 1742 63 1922 1101
pole 0.0013 851 469 871 607
pole 0.0013 1723 306 1776 905
pole 0.0012 845 440 879 635
pole 0.0012 1688 49 1819 800
pole 0.0010 871 519 912 630
rail-occluder 0.0095 959 698 998 724
rail-occluder 0.0043 1002 576 1013 603
