crossing 0.0047 945 613 1011 638
crossing 0.0026 955 598 1012 624
crossing 0.0019 934 621 1002 652
crossing 0.0013 931 632 996 661
crossing 0.0012 771 999 1085 1065
rail 0.9646 780 555 1093 1075
rail 0.0014 1120 573 1908 1060
track-sign-front 0.1558 494 749 526 783
track-sign-front 0.0115 866 609 895 636
track-sign-front 0.0093 488 741 537 786
track-sign-front 0.0073 873 532 889 560
track-sign-front 0.0067 489 707 527 785
track-sign-front 0.0041 942 535 957 556
track-sign-front 0.0026 871 558 894 595
track-sign-front 0.0017 1024 516 1037 578
track-sign-front 0.0016 487 691 516 764
track-sign-front 0.0010 1021 510 1051 583
track-sign-front 0.0010 875 567 904 613
fence 0.0092 1086 585 1907 1080
pole 0.0035 1026 482 1037 570
pole 0.0021 1025 453 1042 567
