crossing 0.0036 0 810 336 1077
guard-rail 0.0069 878 657 1196 1069
guard-rail 0.0010 908 794 998 1081
rail 0.9111 775 650 1288 1079
rail 0.0143 834 809 968 1070
rail 0.0089 1326 733 1887 1068
rail 0.0068 892 806 999 1076
rail 0.0044 1386 717 1920 905
rail 0.0042 1578 770 1919 1055
rail 0.0034 1740 858 1927 1056
rail 0.0032 3 802 329 1072
rail 0.0030 34 71 495 1048
rail 0.0025 1421 -5 1881 1045
rail 0.0022 893 670 1881 1072
rail 0.0018 879 702 1188 1036
rail 0.0013 1683 831 1916 1003
rail 0.0011 -5 759 182 1059
rail 0.0010 1840 859 1917 1057
pole 0.0986 1421 7 1622 1051
pole 0.0279 1261 392 1430 1012
pole 0.0070 1489 -38 1678 1080
pole 0.0065 1266 369 1360 899
pole 0.0041 1333 44 1576 980
pole 0.0035 1333 423 1487 994
pole 0.0024 1241 69 1409 967
pole 0.0021 1870 536 1918 1079
pole 0.0020 1359 486 1590 1057
pole 0.0019 55 12 271 1110
pole 0.0013 1845 348 1918 1074
pole 0.0012 1763 103 1923 1068
pole 0.0012 1398 512 1507 989
pole 0.0010 1498 163 1599 863
pole 0.0010 1429 -9 1915 1039
pole 0.0010 1439 272 1596 939
