guard-rail 0.8668 604 705 692 852
guard-rail 0.2424 1021 719 1032 858
guard-rail 0.0981 1025 721 1037 861
guard-rail 0.0904 565 663 714 865
guard-rail 0.0127 997 718 1026 861
guard-rail 0.0101 1009 657 1038 903
guard-rail 0.0056 1020 703 1034 952
guard-rail 0.0047 1018 710 1044 867
guard-rail 0.0041 526 634 735 952
guard-rail 0.0029 1028 693 1038 821
guard-rail 0.0028 1028 706 1041 953
guard-rail 0.0018 488 557 767 1043
guard-rail 0.0013 1030 764 1041 894
guard-rail 0.0012 961 694 1037 893
guard-rail 0.0010 654 693 718 847
train-car 0.8750 1014 362 1569 558
train-car 0.0555 993 396 1159 446
train-car 0.0346 977 407 1060 440
train-car 0.0124 1004 396 1072 442
train-car 0.0104 964 398 1037 430
train-car 0.0096 1026 352 1095 458
train-car 0.0046 980 330 1058 432
train-car 0.0028 988 359 1182 450
train-car 0.0027 1171 400 1469 525
train-car 0.0025 1046 389 1138 443
train-car 0.0022 948 397 1003 431
train-car 0.0021 948 375 998 441
train-car 0.0010 1174 359 1266 511
rail 0.9542 432 432 851 1076
rail 0.9440 673 424 1045 1078
rail 0.8654 1026 438 1921 1020
rail 0.7558 1471 547 1918 762
rail 0.6641 1533 524 1921 641
rail 0.4086 539 562 766 978
rail 0.1549 1253 504 1931 808
rail 0.0150 960 407 1030 442
rail 0.0146 1047 432 1893 690
rail 0.0135 785 440 816 459
rail 0.0125 1554 492 1903 600
rail 0.0086 847 437 1062 1076
rail 0.0052 946 411 1007 443
rail 0.0040 968 425 1020 458
rail 0.0032 696 436 887 1027
rail 0.0030 1692 538 1922 615
rail 0.0025 764 431 814 463
rail 0.0021 788 441 829 467
rail 0.0021 1756 563 1917 620
rail 0.0021 940 421 1017 463
rail 0.0018 1510 542 1945 940
rail 0.0015 1654 505 1925 704
rail 0.0012 1001 442 1055 1014
rail 0.0011 1532 371 1935 757
rail 0.0010 764 619 1003 1061
switch-unknown 0.0201 781 442 816 462
switch-unknown 0.0030 788 441 827 466
switch-unknown 0.0015 785 449 822 477
switch-static 0.0041 1314 558 1382 589
switch-static 0.0036 1309 551 1373 580
switch-static 0.0024 1300 548 1363 571
switch-static 0.0012 896 497 920 521
switch-static 0.0011 1084 513 1107 541
switch-static 0.0011 1320 560 1420 593
track-sign-front 0.5360 632 454 657 479
track-sign-front 0.0056 709 387 725 418
track-sign-front 0.0055 1148 445 1171 468
track-sign-front 0.0046 1148 439 1170 507
track-sign-front 0.0024 1184 244 1204 268
track-sign-front 0.0021 707 363 724 452
track-sign-front 0.0019 1172 235 1197 271
track-sign-front 0.0016 1704 482 1727 541
track-sign-front 0.0012 706 395 720 462
track-sign-front 0.0010 1150 441 1188 468
track-sign-front 0.0010 1139 108 1177 152
track-signal-front 0.0737 1484 326 1502 351
track-signal-front 0.0470 1557 331 1573 355
track-signal-front 0.0342 1436 293 1450 334
track-signal-front 0.0046 1542 326 1576 366
track-signal-front 0.0030 1484 324 1520 354
track-signal-front 0.0024 1514 360 1538 385
track-signal-front 0.0014 1478 321 1506 348
track-signal-front 0.0012 1551 329 1579 358
track-signal-front 0.0012 1430 290 1450 315
track-signal-back 0.0508 1157 41 1257 144
track-signal-back 0.0117 923 378 935 401
track-signal-back 0.0030 924 357 971 414
track-signal-back 0.0029 1170 237 1197 277
track-signal-back 0.0028 955 351 971 390
track-signal-back 0.0026 1391 290 1407 319
track-signal-back 0.0026 959 319 1000 425
track-signal-back 0.0022 1433 291 1451 355
track-signal-back 0.0017 1253 269 1283 308
track-signal-back 0.0015 920 365 935 392
track-signal-back 0.0015 1268 279 1285 309
track-signal-back 0.0010 1388 289 1405 331
pole 0.6539 1148 50 1180 533
pole 0.3982 1059 269 1073 459
pole 0.1459 1019 313 1027 438
pole 0.0867 1009 311 1032 437
pole 0.0576 981 318 1007 431
pole 0.0541 987 320 999 433
pole 0.0397 1047 289 1077 441
pole 0.0227 1210 312 1222 432
pole 0.0188 1017 301 1081 450
pole 0.0132 707 243 725 523
pole 0.0124 1149 33 1210 532
pole 0.0123 1042 320 1102 474
pole 0.0120 1055 276 1090 480
pole 0.0105 1145 198 1169 526
pole 0.0090 955 322 999 437
pole 0.0063 1153 206 1187 519
pole 0.0056 1154 95 1175 448
pole 0.0051 1033 361 1089 448
pole 0.0042 1206 316 1222 497
pole 0.0032 1018 255 1029 452
pole 0.0028 1061 268 1071 395
pole 0.0027 1135 138 1194 548
pole 0.0026 1172 202 1193 314
pole 0.0025 1153 463 1170 530
pole 0.0019 1110 125 1180 599
pole 0.0018 1138 263 1177 491
pole 0.0016 1132 8 1248 498
pole 0.0016 1197 265 1233 524
pole 0.0011 1072 297 1139 495
pole 0.0010 1136 431 1168 524
pole 0.0010 1064 273 1076 412
pole 0.0010 1184 301 1245 472
