crossing 0.0039 1127 747 1337 922
guard-rail 0.0078 1102 736 1260 938
guard-rail 0.0011 1129 764 1214 949
train-car 0.3429 380 529 547 596
train-car 0.0490 400 516 661 603
train-car 0.0323 287 518 549 589
train-car 0.0194 212 522 471 653
train-car 0.0149 456 523 546 591
train-car 0.0137 346 540 501 603
train-car 0.0126 405 537 491 598
train-car 0.0102 457 500 717 624
train-car 0.0077 364 522 558 649
train-car 0.0068 103 498 425 660
train-car 0.0063 513 524 657 617
train-car 0.0061 527 554 669 649
train-car 0.0057 341 452 376 488
train-car 0.0049 383 543 460 601
train-car 0.0039 283 532 461 620
train-car 0.0034 363 536 402 571
train-car 0.0033 415 518 596 580
train-car 0.0033 334 531 434 577
train-car 0.0032 567 587 695 656
train-car 0.0032 348 536 397 611
train-car 0.0030 384 469 802 619
train-car 0.0030 204 489 535 594
train-car 0.0022 549 527 620 614
train-car 0.0021 533 522 594 614
train-car 0.0020 360 537 428 611
train-car 0.0017 51 531 433 750
train-car 0.0017 308 482 426 595
train-car 0.0017 1737 582 1922 814
train-car 0.0015 302 520 409 641
train-car 0.0015 1717 480 1916 756
train-car 0.0014 329 459 578 629
train-car 0.0014 533 520 814 656
train-car 0.0014 330 451 395 505
train-car 0.0013 299 523 485 566
train-car 0.0013 320 446 460 519
train-car 0.0012 297 514 320 598
train-car 0.0012 443 525 672 666
train-car 0.0011 597 515 768 621
train-car 0.0011 507 530 562 604
platform 0.0142 302 558 433 636
platform 0.0027 332 578 422 654
rail 0.8262 1273 643 1924 1073
rail 0.7342 205 653 633 1076
rail 0.6794 1118 633 1566 1075
rail 0.5815 666 706 883 1076
rail 0.3568 1086 691 1369 1073
rail 0.2693 575 700 745 1078
rail 0.0671 1101 634 1336 917
rail 0.0559 367 603 455 670
rail 0.0527 364 595 561 813
rail 0.0476 1292 697 1654 1075
rail 0.0360 765 724 948 1075
rail 0.0336 448 687 810 1079
rail 0.0328 1495 667 1916 913
rail 0.0221 372 604 483 734
rail 0.0217 255 592 571 936
rail 0.0207 643 721 770 1051
rail 0.0193 296 592 446 687
rail 0.0186 1186 645 1536 753
rail 0.0183 344 586 448 656
rail 0.0146 81 594 521 1040
rail 0.0138 1450 777 1527 1071
rail 0.0121 473 668 722 973
rail 0.0119 157 789 546 1073
rail 0.0118 426 610 630 811
rail 0.0112 258 578 481 821
rail 0.0100 678 706 828 945
rail 0.0093 606 665 800 976
rail 0.0089 1099 732 1267 943
rail 0.0087 1140 783 1469 1077
rail 0.0083 157 921 369 1075
rail 0.0081 1250 634 1786 884
rail 0.0076 369 627 464 689
rail 0.0074 1240 642 1676 777
rail 0.0073 395 586 476 653
rail 0.0064 1722 839 1912 1073
rail 0.0062 1130 635 1438 779
rail 0.0062 331 563 477 668
rail 0.0060 677 708 741 926
rail 0.0058 297 643 544 848
rail 0.0054 1087 709 1227 1077
rail 0.0053 591 611 662 651
rail 0.0051 1561 712 1921 1074
rail 0.0051 1093 637 1268 787
rail 0.0051 1142 635 1285 861
rail 0.0047 504 660 692 855
rail 0.0040 580 609 635 649
rail 0.0039 1158 643 1406 731
rail 0.0039 1665 712 1919 901
rail 0.0039 510 773 706 1073
rail 0.0036 648 671 756 846
rail 0.0035 1331 652 1578 767
rail 0.0035 537 706 729 883
rail 0.0034 1089 642 1180 698
rail 0.0033 1384 657 1543 1061
rail 0.0031 369 569 470 626
rail 0.0030 294 741 587 936
rail 0.0029 370 769 613 1073
rail 0.0028 1131 747 1362 925
rail 0.0028 559 607 659 667
rail 0.0026 13 898 333 1076
rail 0.0026 1159 873 1374 1077
rail 0.0026 694 703 951 959
rail 0.0025 1150 627 1478 912
rail 0.0024 337 608 459 779
rail 0.0024 606 721 673 964
rail 0.0023 192 608 451 921
rail 0.0022 1066 619 1141 650
rail 0.0022 570 623 727 817
rail 0.0021 395 562 529 630
rail 0.0021 308 563 703 856
rail 0.0020 584 615 689 686
rail 0.0020 421 678 556 805
rail 0.0020 537 572 638 646
rail 0.0020 680 705 779 831
rail 0.0019 1465 693 1737 1053
rail 0.0019 1675 608 1920 834
rail 0.0019 341 566 440 631
rail 0.0019 1775 631 1918 973
rail 0.0018 613 710 750 925
rail 0.0018 1059 629 1164 681
rail 0.0017 241 581 435 726
rail 0.0017 461 708 652 872
rail 0.0016 402 591 529 761
rail 0.0016 1070 632 1210 723
rail 0.0014 1862 578 1918 1024
rail 0.0014 1369 773 1824 1077
rail 0.0014 635 635 742 734
rail 0.0014 446 588 572 766
rail 0.0014 547 673 669 819
rail 0.0013 1260 638 1443 729
rail 0.0013 839 704 1108 1071
rail 0.0013 328 605 425 675
rail 0.0013 517 601 615 649
rail 0.0012 515 721 662 958
rail 0.0012 1357 653 1641 827
rail 0.0012 433 594 490 638
rail 0.0012 1302 667 1530 817
rail 0.0011 1736 892 1845 1074
rail 0.0010 1134 768 1288 1047
rail 0.0010 663 646 768 794
switch-indicator 0.1830 1150 599 1166 618
switch-indicator 0.1604 1072 609 1090 628
switch-indicator 0.0588 1057 607 1080 628
switch-indicator 0.0588 1131 589 1166 611
switch-indicator 0.0392 1126 588 1141 603
switch-indicator 0.0341 1077 617 1098 644
switch-indicator 0.0306 1070 604 1093 636
switch-indicator 0.0213 1055 605 1071 628
switch-indicator 0.0189 1145 597 1168 631
switch-indicator 0.0116 19 719 59 761
switch-indicator 0.0107 1068 613 1139 651
switch-indicator 0.0090 969 657 988 676
switch-indicator 0.0080 1124 582 1142 614
switch-indicator 0.0033 1052 600 1069 622
switch-indicator 0.0032 715 643 729 671
switch-indicator 0.0031 1057 612 1101 658
switch-indicator 0.0027 1156 593 1176 616
switch-indicator 0.0026 1122 582 1138 602
switch-indicator 0.0024 527 609 546 641
switch-indicator 0.0019 1152 583 1169 610
switch-indicator 0.0018 1091 610 1173 685
switch-indicator 0.0014 17 715 66 805
switch-indicator 0.0010 1036 601 1087 634
switch-indicator 0.0010 1117 584 1152 608
switch-left 0.0072 1090 645 1179 695
switch-right 0.0064 1096 640 1181 691
switch-unknown 0.0501 1080 633 1160 673
switch-unknown 0.0374 373 623 456 671
switch-unknown 0.0366 1094 646 1176 689
switch-unknown 0.0074 400 588 473 652
switch-unknown 0.0069 565 607 624 645
switch-unknown 0.0058 585 613 642 656
switch-unknown 0.0052 669 704 749 788
switch-unknown 0.0047 1100 659 1186 699
switch-unknown 0.0047 365 638 444 678
switch-unknown 0.0039 600 618 672 664
switch-unknown 0.0029 639 659 739 777
switch-unknown 0.0028 439 597 485 637
switch-unknown 0.0026 669 682 739 756
switch-unknown 0.0022 555 577 620 639
switch-unknown 0.0022 655 670 721 724
switch-unknown 0.0017 430 570 494 621
switch-unknown 0.0016 686 721 743 812
switch-unknown 0.0016 532 603 602 648
switch-unknown 0.0015 583 586 631 642
switch-unknown 0.0013 397 629 466 698
switch-unknown 0.0013 1132 612 1178 670
switch-unknown 0.0011 1315 668 1396 719
switch-unknown 0.0011 648 703 726 776
switch-unknown 0.0010 1340 670 1421 724
switch-unknown 0.0010 364 740 520 841
switch-unknown 0.0010 702 642 733 695
track-sign-front 0.0076 172 504 191 524
track-sign-front 0.0041 1705 477 1727 627
track-sign-front 0.0016 300 517 314 562
track-sign-front 0.0014 966 523 992 546
track-sign-front 0.0013 1891 613 1918 727
track-sign-front 0.0010 174 506 196 534
track-signal-front 0.0756 1766 86 1894 316
track-signal-front 0.0251 1615 406 1663 478
track-signal-front 0.0196 19 717 57 766
track-signal-front 0.0194 343 453 370 485
track-signal-front 0.0185 368 540 382 569
track-signal-front 0.0165 120 606 136 625
track-signal-front 0.0107 1766 85 1872 225
track-signal-front 0.0080 1197 480 1223 507
track-signal-front 0.0074 366 537 398 569
track-signal-front 0.0068 1838 339 1907 419
track-signal-front 0.0061 652 526 663 579
track-signal-front 0.0040 361 536 384 601
track-signal-front 0.0035 346 484 363 509
track-signal-front 0.0030 1837 296 1910 465
track-signal-front 0.0028 1609 397 1669 515
track-signal-front 0.0026 363 528 386 565
track-signal-front 0.0025 1315 535 1332 556
track-signal-front 0.0024 1764 84 1835 289
track-signal-front 0.0023 949 520 970 541
track-signal-front 0.0023 1626 353 1651 426
track-signal-front 0.0022 1830 173 1915 650
track-signal-front 0.0021 124 604 147 628
track-signal-front 0.0020 1774 63 1887 172
track-signal-front 0.0019 953 521 982 542
track-signal-front 0.0019 1827 76 1919 308
track-signal-front 0.0018 1620 359 1658 459
track-signal-front 0.0016 681 494 708 526
track-signal-front 0.0015 1784 70 1914 738
track-signal-front 0.0012 1204 473 1230 499
track-signal-front 0.0012 1173 482 1215 519
track-signal-front 0.0011 1188 480 1214 506
track-signal-front 0.0011 5 699 64 857
track-signal-front 0.0011 1847 304 1905 394
track-signal-front 0.0010 1847 82 1916 463
track-signal-back 0.0025 299 515 315 586
track-signal-back 0.0020 300 517 315 552
pole 0.0135 1702 -5 1809 857
pole 0.0050 1708 474 1728 728
pole 0.0024 1698 39 1899 786
pole 0.0022 1659 21 1778 840
pole 0.0016 1684 182 1741 759
pole 0.0015 1698 318 1727 732
pole 0.0011 1709 147 1780 770
rail-occluder 0.0087 1438 741 1515 1041
rail-occluder 0.0012 510 607 546 642
