crossing 0.3540 872 740 991 770
crossing 0.3383 1247 751 1373 780
crossing 0.0640 1271 742 1411 771
crossing 0.0291 1278 757 1379 786
crossing 0.0239 856 741 1007 796
crossing 0.0229 1203 750 1330 773
crossing 0.0222 841 715 991 775
crossing 0.0141 1243 740 1394 791
crossing 0.0111 1324 752 1410 771
crossing 0.0092 1226 721 1404 765
crossing 0.0074 1196 752 1283 770
crossing 0.0065 1173 745 1304 771
crossing 0.0039 812 680 882 703
crossing 0.0033 1116 685 1158 700
crossing 0.0025 1156 712 1367 755
crossing 0.0020 801 677 863 699
crossing 0.0012 864 748 964 773
guard-rail 0.0044 936 702 977 732
guard-rail 0.0031 830 688 920 721
guard-rail 0.0016 834 676 919 704
guard-rail 0.0011 927 715 983 768
platform 0.9204 6 730 798 1077
platform 0.6856 1443 734 1916 900
platform 0.0130 1379 728 1934 1066
platform 0.0034 1302 711 1928 843
platform 0.0031 1546 716 1929 796
platform 0.0015 1459 668 1904 769
platform 0.0010 1668 699 1944 753
rail 0.9534 769 680 1121 1077
rail 0.9288 1070 680 1919 1076
rail 0.1071 841 692 979 728
rail 0.0993 794 680 962 716
rail 0.0184 814 682 976 745
rail 0.0144 876 702 985 741
rail 0.0103 807 682 897 706
rail 0.0032 795 703 1138 875
rail 0.0032 819 679 1010 828
rail 0.0023 812 688 900 717
rail 0.0018 1092 672 1919 823
rail 0.0018 875 689 1043 722
rail 0.0017 1677 715 1936 766
rail 0.0015 856 676 975 708
switch-indicator 0.0123 1152 719 1184 746
switch-indicator 0.0013 1119 719 1186 760
switch-right 0.0401 875 698 973 730
switch-unknown 0.0500 874 693 957 720
switch-unknown 0.0130 812 684 885 705
switch-unknown 0.0113 884 703 978 739
switch-unknown 0.0076 826 684 921 710
switch-unknown 0.0053 856 677 940 706
switch-unknown 0.0026 819 690 887 714
switch-static 0.0067 812 684 871 702
track-sign-front 0.0494 1592 592 1610 639
track-sign-front 0.0460 1354 571 1382 596
track-sign-front 0.0194 1591 600 1609 676
track-sign-front 0.0103 1225 611 1249 646
track-sign-front 0.0067 821 558 836 579
track-sign-front 0.0061 1115 543 1127 573
track-sign-front 0.0047 1592 634 1608 676
track-sign-front 0.0037 1649 652 1677 767
track-sign-front 0.0029 1215 608 1241 641
track-sign-front 0.0027 1115 553 1129 582
track-sign-front 0.0017 1582 586 1615 656
track-sign-front 0.0016 1709 634 1724 678
track-sign-front 0.0016 1112 522 1127 565
track-sign-front 0.0014 1594 582 1626 676
track-sign-front 0.0013 1220 606 1252 634
track-sign-front 0.0013 1227 626 1255 667
track-sign-front 0.0010 1363 565 1406 596
track-sign-front 0.0010 1652 632 1676 692
track-signal-front 0.2741 1185 509 1214 555
track-signal-front 0.1302 703 502 733 553
track-signal-front 0.0705 1188 488 1213 527
track-signal-front 0.0070 720 506 748 554
track-signal-front 0.0038 1189 486 1210 511
track-signal-front 0.0020 1177 494 1223 561
track-signal-front 0.0014 1591 578 1608 614
track-signal-front 0.0012 1188 545 1212 590
track-signal-front 0.0011 1190 503 1239 554
person 0.8169 307 553 429 859
person 0.0247 359 550 451 846
person 0.0176 290 595 480 959
person 0.0017 395 634 455 848
person 0.0017 322 645 417 787
person 0.0016 287 544 384 814
pole 0.4460 1055 88 1086 770
pole 0.0137 1653 432 1671 770
pole 0.0057 1640 439 1666 767
pole 0.0055 1060 143 1108 782
pole 0.0038 1056 361 1083 703
pole 0.0024 719 241 747 692
pole 0.0018 1112 544 1125 664
pole 0.0015 875 394 894 668
pole 0.0014 1652 662 1675 774
pole 0.0013 1044 255 1097 832
pole 0.0011 1646 588 1675 781
rail-occluder 0.0018 812 680 873 706
rail-occluder 0.0014 1454 748 1475 784
rail-occluder 0.0010 1108 704 1180 735
