crossing 0.0035 111 638 242 673
guard-rail 0.8507 1081 688 1147 896
guard-rail 0.6033 714 690 879 868
guard-rail 0.3346 590 619 979 951
guard-rail 0.2455 1008 634 1155 897
guard-rail 0.0420 1072 673 1124 852
guard-rail 0.0099 935 786 961 946
guard-rail 0.0097 1078 678 1098 746
guard-rail 0.0093 673 650 899 1011
guard-rail 0.0062 793 563 991 1047
guard-rail 0.0055 833 723 947 972
guard-rail 0.0033 1074 647 1091 700
guard-rail 0.0032 888 730 976 988
guard-rail 0.0029 922 818 953 947
guard-rail 0.0028 761 696 864 836
guard-rail 0.0028 903 787 951 939
guard-rail 0.0022 1077 683 1111 793
guard-rail 0.0019 940 756 970 963
guard-rail 0.0018 847 821 937 943
guard-rail 0.0017 938 721 995 978
guard-rail 0.0014 1069 628 1089 686
guard-rail 0.0013 718 722 819 859
guard-rail 0.0013 1068 671 1095 728
guard-rail 0.0010 947 523 1009 566
guard-rail 0.0010 734 653 907 816
rail 0.9278 899 462 1227 1080
rail 0.9273 476 501 1039 1075
rail 0.9036 0 458 884 737
rail 0.8196 0 458 910 1008
rail 0.0673 1003 614 1149 916
rail 0.0232 797 461 887 499
rail 0.0182 810 508 854 538
rail 0.0106 1031 561 1200 1031
rail 0.0088 810 487 879 525
rail 0.0054 610 604 978 890
rail 0.0047 756 461 863 494
rail 0.0041 824 547 1014 1068
rail 0.0031 799 454 867 489
rail 0.0029 861 485 908 519
rail 0.0029 841 462 910 504
rail 0.0023 309 475 868 631
rail 0.0018 796 473 889 550
rail 0.0015 1013 459 1057 482
rail 0.0014 997 472 1048 499
rail 0.0014 817 447 891 494
rail 0.0012 648 464 844 523
rail 0.0011 837 444 926 522
rail 0.0011 916 541 1041 1062
switch-indicator 0.0835 939 507 953 526
switch-indicator 0.0155 938 505 957 532
switch-indicator 0.0109 1085 515 1116 541
switch-indicator 0.0102 925 503 955 534
switch-indicator 0.0026 893 484 955 532
switch-left 0.1144 980 523 1047 569
switch-right 0.3662 980 523 1046 558
switch-right 0.0367 993 510 1035 535
switch-right 0.0037 975 529 1045 584
switch-unknown 0.0458 811 508 853 537
switch-unknown 0.0201 804 464 867 492
switch-unknown 0.0138 810 485 875 528
switch-unknown 0.0045 997 467 1047 495
switch-unknown 0.0042 808 444 851 489
switch-unknown 0.0029 1016 458 1054 478
switch-unknown 0.0021 824 442 882 488
switch-static 0.2783 1046 521 1087 541
switch-static 0.0918 998 517 1059 545
switch-static 0.0470 1063 528 1101 552
switch-static 0.0373 942 512 964 537
switch-static 0.0202 900 553 938 571
switch-static 0.0174 1046 514 1082 535
switch-static 0.0146 941 503 967 523
switch-static 0.0082 991 505 1029 531
switch-static 0.0063 1136 530 1161 556
switch-static 0.0058 880 545 928 574
switch-static 0.0047 1075 496 1113 540
switch-static 0.0035 1082 516 1121 544
switch-static 0.0030 917 520 979 573
switch-static 0.0026 1071 524 1146 564
switch-static 0.0018 932 507 964 531
switch-static 0.0014 854 554 900 582
switch-static 0.0013 1068 544 1104 575
switch-static 0.0013 920 506 957 534
switch-static 0.0012 999 481 1065 544
track-sign-front 0.2102 1092 465 1107 481
track-sign-front 0.1114 530 526 548 543
track-sign-front 0.0814 1146 468 1161 540
track-sign-front 0.0725 1150 467 1161 489
track-sign-front 0.0345 762 419 770 438
track-sign-front 0.0292 983 467 994 477
track-sign-front 0.0275 1100 466 1117 481
track-sign-front 0.0221 765 457 774 476
track-sign-front 0.0193 975 463 996 479
track-sign-front 0.0177 809 511 837 537
track-sign-front 0.0172 1141 500 1163 553
track-sign-front 0.0131 1089 462 1110 487
track-sign-front 0.0126 876 462 917 515
track-sign-front 0.0126 763 439 775 482
track-sign-front 0.0111 1258 463 1295 543
track-sign-front 0.0096 862 438 889 477
track-sign-front 0.0091 984 464 1002 478
track-sign-front 0.0085 874 483 913 521
track-sign-front 0.0081 936 419 955 479
track-sign-front 0.0061 1034 445 1059 480
track-sign-front 0.0061 1259 468 1292 506
track-sign-front 0.0049 938 449 985 480
track-sign-front 0.0040 899 453 940 501
track-sign-front 0.0039 850 452 901 507
track-sign-front 0.0033 763 402 774 443
track-sign-front 0.0032 871 413 922 508
track-sign-front 0.0027 908 407 957 504
track-sign-front 0.0027 524 523 555 548
track-sign-front 0.0026 418 509 453 559
track-sign-front 0.0026 926 435 956 508
track-sign-front 0.0025 1046 419 1061 457
track-sign-front 0.0020 1040 431 1080 486
track-sign-front 0.0020 425 527 448 555
track-sign-front 0.0019 530 511 549 540
track-sign-front 0.0018 760 413 772 447
track-sign-front 0.0015 1138 523 1168 554
track-sign-front 0.0015 1248 461 1296 587
track-sign-front 0.0012 1093 496 1122 538
track-sign-front 0.0011 764 454 777 485
track-sign-front 0.0011 415 484 456 523
track-signal-back 0.0076 1232 352 1264 371
track-signal-back 0.0030 1050 397 1075 458
track-signal-back 0.0023 1060 369 1076 472
track-signal-back 0.0016 944 360 957 463
track-signal-back 0.0014 1240 354 1269 383
track-signal-back 0.0014 1049 408 1062 440
pole 0.7841 874 113 917 554
pole 0.0264 940 362 952 481
pole 0.0084 420 154 462 572
pole 0.0070 936 354 955 512
pole 0.0062 921 322 956 537
pole 0.0049 873 322 920 540
pole 0.0045 890 177 920 529
pole 0.0028 837 84 940 567
pole 0.0026 863 381 894 502
pole 0.0025 811 407 831 468
pole 0.0023 760 394 774 470
pole 0.0017 809 381 826 482
pole 0.0016 943 392 956 470
pole 0.0011 942 332 958 493
pole 0.0011 1061 351 1077 490
pole 0.0011 934 208 953 523
pole 0.0010 759 405 772 445
pole 0.0010 1051 381 1075 484
rail-occluder 0.2365 804 535 820 614
rail-occluder 0.0516 810 510 848 537
rail-occluder 0.0267 671 514 690 532
rail-occluder 0.0259 806 521 828 609
rail-occluder 0.0080 866 485 906 519
rail-occluder 0.0062 672 513 706 531
rail-occluder 0.0047 797 533 826 626
rail-occluder 0.0028 877 489 915 540
rail-occluder 0.0023 801 474 866 554
rail-occluder 0.0015 852 489 907 546
rail-occluder 0.0014 900 455 939 501
rail-occluder 0.0013 669 521 688 546
rail-occluder 0.0011 789 509 853 635
rail-occluder 0.0011 660 514 694 537
