crossing 0.7999 898 659 1013 724
crossing 0.5710 1206 652 1381 712
crossing 0.0373 1180 621 1404 718
crossing 0.0071 916 500 955 522
crossing 0.0040 792 531 1132 906
crossing 0.0030 1172 651 1450 809
crossing 0.0027 991 504 1070 534
crossing 0.0025 1520 872 1916 1078
crossing 0.0024 816 565 1087 797
crossing 0.0023 971 504 1042 529
crossing 0.0020 1123 551 1458 746
crossing 0.0012 1583 851 1826 950
crossing 0.0012 1194 666 1422 738
crossing 0.0010 1269 660 1376 709
train-car 0.0632 905 505 935 525
train-car 0.0486 945 495 979 515
train-car 0.0270 924 497 972 519
train-car 0.0112 962 493 1030 518
train-car 0.0070 953 480 984 519
train-car 0.0029 915 498 956 525
train-car 0.0011 919 489 977 511
train-car 0.0010 969 502 1046 531
platform 0.0509 875 505 941 531
platform 0.0253 384 538 804 747
platform 0.0181 587 534 816 700
platform 0.0181 981 497 1059 528
platform 0.0073 833 508 939 546
platform 0.0056 914 500 957 524
platform 0.0033 62 537 711 951
platform 0.0020 862 521 932 554
platform 0.0019 851 497 922 529
platform 0.0016 987 480 1073 534
platform 0.0012 1003 512 1412 676
platform 0.0010 1005 515 1322 586
rail 0.9699 960 510 1920 1078
rail 0.9687 810 515 1127 1075
rail 0.3510 -1 508 800 761
rail 0.0728 -10 546 649 692
rail 0.0237 -6 611 347 711
rail 0.0152 -9 595 351 666
rail 0.0110 -2 577 529 817
rail 0.0086 -3 633 250 744
rail 0.0050 -1 624 149 728
rail 0.0041 -3 583 638 993
rail 0.0038 -7 605 174 656
rail 0.0025 287 516 829 650
rail 0.0017 -20 584 281 639
rail 0.0015 0 617 79 751
rail 0.0015 374 547 433 663
rail 0.0014 -3 633 330 840
track-sign-front 0.2097 1693 619 1736 655
track-sign-front 0.0231 382 555 423 649
track-sign-front 0.0161 383 558 421 600
track-sign-front 0.0069 1686 597 1739 656
track-sign-front 0.0017 857 486 912 529
track-sign-front 0.0017 1691 574 1741 629
track-sign-front 0.0017 1098 468 1113 506
track-sign-front 0.0017 1693 624 1735 689
track-sign-front 0.0010 -1 634 21 751
track-sign-front 0.0010 391 532 425 595
track-sign-front 0.0010 1726 705 1758 881
track-signal-front 0.2530 1270 403 1310 449
track-signal-front 0.0671 1214 375 1243 423
track-signal-front 0.0539 901 461 913 489
track-signal-front 0.0395 1286 447 1322 484
track-signal-front 0.0277 1269 426 1310 473
track-signal-front 0.0236 1294 452 1326 496
track-signal-front 0.0167 1275 402 1322 465
track-signal-front 0.0154 1214 437 1238 469
track-signal-front 0.0131 1215 399 1242 456
track-signal-front 0.0097 1262 449 1318 500
track-signal-front 0.0096 1240 378 1286 435
track-signal-front 0.0087 1256 382 1313 447
track-signal-front 0.0085 1263 381 1301 422
track-signal-front 0.0077 1290 403 1344 451
track-signal-front 0.0074 801 484 818 514
track-signal-front 0.0070 1582 470 1611 503
track-signal-front 0.0048 1293 472 1328 514
track-signal-front 0.0047 1295 448 1337 480
track-signal-front 0.0036 875 478 936 536
track-signal-front 0.0030 1259 476 1307 512
track-signal-front 0.0027 1314 397 1346 442
track-signal-front 0.0024 1248 395 1298 459
track-signal-front 0.0023 1247 434 1289 483
track-signal-front 0.0023 1239 369 1277 416
track-signal-front 0.0022 1220 449 1240 488
track-signal-front 0.0022 1519 389 1577 457
track-signal-front 0.0022 1210 421 1244 460
track-signal-front 0.0019 1276 376 1328 449
track-signal-front 0.0018 1582 463 1626 499
track-signal-front 0.0017 1267 365 1318 489
track-signal-front 0.0017 1208 372 1253 435
track-signal-front 0.0016 923 477 977 520
track-signal-front 0.0016 872 479 907 508
track-signal-front 0.0015 1550 466 1606 500
track-signal-front 0.0015 1523 382 1570 421
track-signal-front 0.0015 1327 402 1375 465
track-signal-front 0.0015 1248 456 1295 502
track-signal-front 0.0012 1326 389 1359 438
track-signal-front 0.0012 1301 473 1345 524
track-signal-front 0.0011 1583 414 1646 497
track-signal-front 0.0011 1515 375 1590 433
track-signal-front 0.0010 961 445 983 484
track-signal-back 0.0407 901 457 912 484
track-signal-back 0.0357 903 453 915 478
track-signal-back 0.0107 1056 440 1073 470
track-signal-back 0.0090 810 462 822 486
track-signal-back 0.0078 899 441 910 461
track-signal-back 0.0075 803 465 823 510
track-signal-back 0.0072 1055 429 1078 467
track-signal-back 0.0055 902 461 917 494
track-signal-back 0.0037 619 396 636 440
track-signal-back 0.0021 1055 430 1094 476
track-signal-back 0.0020 800 442 823 492
track-signal-back 0.0017 620 392 636 418
track-signal-back 0.0013 246 233 303 339
track-signal-back 0.0010 1089 457 1114 510
fence 0.5283 -2 512 795 819
fence 0.1550 -7 574 533 779
fence 0.0491 425 538 807 716
fence 0.0307 -5 568 671 1031
fence 0.0186 0 624 344 800
fence 0.0045 -18 590 390 901
fence 0.0022 342 515 855 789
fence 0.0011 -3 627 143 827
pole 0.1838 742 216 775 677
pole 0.1639 227 127 262 800
pole 0.0978 619 411 640 610
pole 0.0255 755 232 776 578
pole 0.0238 347 567 359 687
pole 0.0169 342 557 369 692
pole 0.0148 728 228 787 746
pole 0.0117 614 437 645 691
pole 0.0071 223 132 279 993
pole 0.0055 622 458 635 596
pole 0.0051 384 550 425 657
pole 0.0049 200 122 303 798
pole 0.0034 622 407 657 602
pole 0.0032 472 213 502 698
pole 0.0029 1052 432 1070 538
pole 0.0027 1043 456 1074 537
pole 0.0020 212 516 298 739
pole 0.0020 686 431 698 540
pole 0.0020 621 509 640 632
pole 0.0018 604 398 661 641
pole 0.0018 676 214 773 721
pole 0.0018 0 607 61 759
pole 0.0017 0 615 17 740
pole 0.0017 680 419 701 592
pole 0.0016 662 431 705 620
pole 0.0016 564 452 719 696
pole 0.0015 745 350 792 609
pole 0.0015 408 536 457 710
pole 0.0014 625 424 682 680
pole 0.0013 0 636 21 890
pole 0.0012 383 315 433 727
pole 0.0011 1699 595 1751 1004
pole 0.0011 667 561 746 685
pole 0.0011 216 223 275 724
pole 0.0011 438 482 776 685
pole 0.0011 1031 426 1076 544
pole 0.0011 423 285 482 756
pole 0.0010 388 546 439 790
pole 0.0010 682 389 714 616
rail-occluder 0.0715 387 555 427 701
rail-occluder 0.0197 246 537 556 724
rail-occluder 0.0152 360 543 443 707
rail-occluder 0.0141 337 553 372 695
rail-occluder 0.0118 21 647 77 776
rail-occluder 0.0086 285 560 439 756
rail-occluder 0.0077 345 552 363 676
rail-occluder 0.0056 616 540 847 681
rail-occluder 0.0055 198 603 439 814
rail-occluder 0.0049 216 582 414 724
rail-occluder 0.0042 0 629 53 833
rail-occluder 0.0042 361 547 658 776
rail-occluder 0.0039 456 533 751 725
rail-occluder 0.0038 317 551 394 700
rail-occluder 0.0033 648 547 766 671
rail-occluder 0.0029 -1 600 24 838
rail-occluder 0.0028 1 636 130 797
rail-occluder 0.0019 711 543 794 669
rail-occluder 0.0018 673 553 736 658
rail-occluder 0.0018 651 555 715 646
rail-occluder 0.0015 270 582 537 828
rail-occluder 0.0014 683 526 776 652
rail-occluder 0.0012 376 551 432 786
rail-occluder 0.0011 1 614 77 753
rail-occluder 0.0011 346 563 361 620
rail-occluder 0.0011 64 618 100 653
