crossing 0.0024 -9 991 225 1074
guard-rail 0.0082 851 608 886 733
guard-rail 0.0035 1085 434 1130 475
guard-rail 0.0035 1118 484 1200 525
guard-rail 0.0034 928 452 994 478
guard-rail 0.0032 923 489 946 522
guard-rail 0.0032 1104 470 1170 501
guard-rail 0.0030 927 483 956 525
guard-rail 0.0019 1093 457 1141 497
guard-rail 0.0016 709 756 834 1072
guard-rail 0.0015 848 642 876 734
guard-rail 0.0012 858 593 895 711
guard-rail 0.0010 1118 472 1239 540
guard-rail 0.0010 928 497 953 532
train-car 0.0016 686 351 729 422
train-car 0.0012 676 378 809 440
rail 0.9689 688 407 1088 1076
rail 0.9291 1076 432 1916 1047
rail 0.8941 -1 409 924 1080
rail 0.5374 670 412 808 510
rail 0.3654 930 420 998 455
rail 0.2956 789 417 977 481
rail 0.2464 711 412 968 515
rail 0.2183 866 416 988 451
rail 0.1999 961 425 1004 453
rail 0.1561 817 418 936 462
rail 0.1272 952 430 999 464
rail 0.1212 730 429 806 503
rail 0.1063 711 455 811 508
rail 0.0908 697 415 872 497
rail 0.0836 685 420 777 490
rail 0.0802 745 437 912 526
rail 0.0790 981 429 1042 454
rail 0.0764 654 412 780 462
rail 0.0577 788 412 877 460
rail 0.0541 739 447 806 489
rail 0.0437 782 416 887 498
rail 0.0372 671 419 919 557
rail 0.0365 787 442 872 520
rail 0.0324 937 416 999 441
rail 0.0267 707 413 801 476
rail 0.0263 692 442 777 510
rail 0.0244 827 431 913 467
rail 0.0239 743 446 839 510
rail 0.0176 796 438 873 474
rail 0.0158 798 462 899 537
rail 0.0152 956 417 1047 456
rail 0.0148 915 412 984 446
rail 0.0142 851 413 950 443
rail 0.0139 756 436 840 484
rail 0.0139 967 415 1015 441
rail 0.0139 608 439 811 576
rail 0.0134 675 406 783 445
rail 0.0127 752 410 854 458
rail 0.0113 656 412 731 448
rail 0.0098 745 419 805 460
rail 0.0092 780 406 869 441
rail 0.0081 807 409 896 441
rail 0.0066 838 406 915 440
rail 0.0055 556 413 780 533
rail 0.0052 653 436 739 511
rail 0.0049 657 423 737 482
rail 0.0042 728 401 884 433
rail 0.0040 824 435 959 496
rail 0.0034 1085 431 1131 479
rail 0.0029 649 409 713 436
rail 0.0028 897 456 1082 1036
rail 0.0026 960 404 1068 445
rail 0.0025 554 410 782 472
rail 0.0022 643 407 687 433
rail 0.0020 714 395 799 435
rail 0.0019 1364 563 1918 1025
rail 0.0019 1072 425 1117 458
rail 0.0017 776 388 836 439
rail 0.0017 433 417 840 700
rail 0.0016 1080 456 1389 633
rail 0.0015 666 405 963 647
rail 0.0014 698 762 820 1068
rail 0.0014 593 434 740 522
rail 0.0013 978 384 1052 453
rail 0.0013 1754 832 1918 887
rail 0.0012 1091 460 1144 498
rail 0.0011 637 478 745 537
rail 0.0011 606 421 732 491
rail 0.0011 1102 468 1172 505
rail 0.0010 646 453 925 1071
rail 0.0010 432 441 792 585
rail 0.0010 791 367 992 453
rail 0.0010 1022 417 1122 462
rail 0.0010 28 949 409 1071
switch-indicator 0.1664 1102 517 1134 554
switch-indicator 0.0864 1354 668 1406 836
switch-indicator 0.0660 1353 669 1396 761
switch-indicator 0.0645 799 505 845 537
switch-indicator 0.0311 1020 434 1056 455
switch-indicator 0.0146 1035 437 1063 462
switch-indicator 0.0145 262 1014 367 1077
switch-indicator 0.0066 783 487 843 536
switch-indicator 0.0036 1038 465 1077 497
switch-indicator 0.0022 1332 673 1403 892
switch-indicator 0.0014 168 1000 394 1076
switch-left 0.0762 687 460 803 526
switch-left 0.0667 638 497 779 551
switch-left 0.0631 617 517 752 563
switch-left 0.0528 951 450 998 473
switch-left 0.0270 725 477 806 508
switch-left 0.0196 590 530 697 569
switch-left 0.0043 593 541 716 578
switch-left 0.0013 547 465 826 632
switch-left 0.0010 926 452 993 481
switch-left 0.0010 528 523 710 604
switch-right 0.1985 952 435 999 464
switch-right 0.1608 686 491 784 529
switch-right 0.1198 732 462 805 495
switch-right 0.0820 952 451 998 471
switch-right 0.0815 696 479 804 517
switch-right 0.0662 665 503 771 537
switch-right 0.0551 622 519 749 556
switch-right 0.0169 611 526 715 565
switch-right 0.0034 607 506 741 569
switch-right 0.0026 1116 484 1204 528
switch-right 0.0025 580 545 699 583
switch-right 0.0015 567 532 674 568
switch-unknown 0.0529 816 436 892 468
switch-unknown 0.0248 917 414 977 441
switch-unknown 0.0126 892 411 962 441
switch-unknown 0.0102 815 446 878 490
switch-unknown 0.0083 673 406 742 441
switch-unknown 0.0069 660 412 720 443
switch-unknown 0.0045 652 408 706 433
switch-unknown 0.0037 1075 423 1113 456
switch-unknown 0.0028 1083 430 1119 466
switch-unknown 0.0024 780 388 830 428
switch-unknown 0.0016 744 392 810 433
switch-unknown 0.0015 1103 470 1171 503
switch-static 0.4290 804 508 863 540
switch-static 0.2361 745 545 800 575
switch-static 0.1417 1101 517 1135 554
switch-static 0.1138 995 436 1043 459
switch-static 0.0902 988 430 1039 453
switch-static 0.0688 1163 591 1209 623
switch-static 0.0625 1014 438 1057 458
switch-static 0.0459 1072 520 1125 557
switch-static 0.0376 817 514 868 548
switch-static 0.0319 685 446 746 488
switch-static 0.0253 734 531 828 575
switch-static 0.0244 679 427 755 478
switch-static 0.0229 715 527 804 566
switch-static 0.0225 329 901 548 968
switch-static 0.0208 1098 503 1138 542
switch-static 0.0199 785 492 839 537
switch-static 0.0186 827 511 882 538
switch-static 0.0167 617 522 705 553
switch-static 0.0167 882 420 966 461
switch-static 0.0135 1072 543 1111 572
switch-static 0.0125 1071 536 1103 562
switch-static 0.0116 1063 516 1105 539
switch-static 0.0116 765 485 858 537
switch-static 0.0108 1086 516 1134 569
switch-static 0.0095 328 891 636 987
switch-static 0.0092 208 1004 379 1078
switch-static 0.0073 1026 457 1063 489
switch-static 0.0070 1062 485 1117 535
switch-static 0.0068 865 449 923 481
switch-static 0.0066 665 450 720 492
switch-static 0.0065 827 438 915 491
switch-static 0.0060 673 432 716 474
switch-static 0.0059 205 954 495 1075
switch-static 0.0052 694 492 792 535
switch-static 0.0045 744 495 809 566
switch-static 0.0040 987 450 1050 493
switch-static 0.0036 835 485 909 528
switch-static 0.0034 1106 480 1177 518
switch-static 0.0031 184 892 634 1041
switch-static 0.0029 651 493 724 531
switch-static 0.0027 905 450 950 486
switch-static 0.0026 1084 539 1134 576
switch-static 0.0024 680 515 774 561
switch-static 0.0022 631 496 698 531
switch-static 0.0020 1043 478 1099 525
switch-static 0.0020 1024 480 1068 518
switch-static 0.0020 996 477 1037 514
switch-static 0.0019 865 494 921 524
switch-static 0.0018 1071 465 1116 505
switch-static 0.0016 1159 585 1213 608
switch-static 0.0016 576 534 663 565
switch-static 0.0015 53 973 437 1075
switch-static 0.0015 637 475 745 538
switch-static 0.0014 863 504 921 536
switch-static 0.0013 1189 474 1229 500
switch-static 0.0011 1037 465 1082 497
switch-static 0.0011 537 529 593 559
switch-static 0.0011 1124 543 1245 631
switch-static 0.0011 738 544 832 601
switch-static 0.0011 549 534 616 563
switch-static 0.0010 790 545 853 581
switch-static 0.0010 1522 623 1573 652
switch-static 0.0010 883 437 970 499
track-sign-front 0.0108 648 408 670 426
track-sign-front 0.0098 1354 671 1398 714
track-sign-front 0.0049 642 406 662 427
track-sign-front 0.0042 1358 693 1397 833
track-sign-front 0.0041 1353 656 1400 744
track-sign-front 0.0017 576 385 595 413
track-sign-front 0.0011 1250 404 1280 428
track-signal-front 0.0199 1076 341 1090 361
track-signal-front 0.0047 1046 317 1089 395
track-signal-back 0.1347 791 336 800 356
track-signal-back 0.1042 835 349 844 368
track-signal-back 0.0266 837 349 847 364
track-signal-back 0.0207 721 353 739 376
track-signal-back 0.0144 729 355 743 376
track-signal-back 0.0141 831 345 844 363
track-signal-back 0.0079 850 356 874 382
track-signal-back 0.0068 1075 341 1090 360
track-signal-back 0.0058 924 308 936 386
track-signal-back 0.0050 721 344 736 368
track-signal-back 0.0049 705 350 732 377
track-signal-back 0.0035 924 304 936 322
track-signal-back 0.0034 834 349 850 374
track-signal-back 0.0034 716 358 743 397
track-signal-back 0.0026 885 372 918 407
track-signal-back 0.0025 827 342 863 416
track-signal-back 0.0024 849 359 896 410
track-signal-back 0.0016 1048 311 1084 387
track-signal-back 0.0012 807 337 853 433
track-signal-back 0.0010 722 361 768 416
pole 0.0648 1039 271 1057 459
pole 0.0568 924 311 936 430
pole 0.0259 793 345 802 425
pole 0.0167 919 321 942 424
pole 0.0159 927 349 944 419
pole 0.0049 1042 265 1083 456
pole 0.0029 1830 -1 1922 1129
pole 0.0024 1036 316 1065 446
pole 0.0020 1027 362 1060 454
pole 0.0019 786 355 803 429
pole 0.0019 1017 274 1050 455
pole 0.0017 955 355 987 439
pole 0.0016 1004 329 1049 443
pole 0.0011 682 359 706 426
rail-occluder 0.1094 1351 673 1401 832
rail-occluder 0.0031 1035 420 1084 454
rail-occluder 0.0027 1032 435 1069 463
rail-occluder 0.0014 649 405 680 433
rail-occluder 0.0014 1316 667 1399 848
