guard-rail 0.2228 438 782 590 857
guard-rail 0.0159 452 798 542 860
guard-rail 0.0125 991 627 1039 656
guard-rail 0.0082 969 605 1030 645
guard-rail 0.0059 1008 631 1049 655
guard-rail 0.0052 90 785 447 893
guard-rail 0.0043 162 809 358 875
guard-rail 0.0041 382 738 561 928
guard-rail 0.0040 415 775 545 894
guard-rail 0.0034 473 736 644 830
guard-rail 0.0026 249 786 399 837
guard-rail 0.0026 540 734 634 779
guard-rail 0.0023 183 785 345 851
guard-rail 0.0022 215 791 415 924
guard-rail 0.0019 1002 644 1036 670
guard-rail 0.0019 504 740 629 795
guard-rail 0.0016 222 825 371 885
guard-rail 0.0016 216 755 408 851
guard-rail 0.0015 490 760 595 846
guard-rail 0.0013 459 674 697 908
guard-rail 0.0012 945 625 987 649
guard-rail 0.0010 302 710 638 966
rail 0.9610 907 586 1168 1078
rail 0.9526 969 599 1887 1078
rail 0.8902 0 576 972 1078
rail 0.7994 1266 661 1919 951
rail 0.6900 -3 597 866 843
rail 0.3185 0 637 694 783
rail 0.0547 1457 704 1916 902
rail 0.0545 7 650 690 942
rail 0.0154 953 599 1006 641
rail 0.0107 1 700 380 823
rail 0.0105 22 751 670 1077
rail 0.0074 1 668 443 763
rail 0.0033 19 715 537 887
rail 0.0025 954 583 998 608
rail 0.0025 1452 723 1914 1082
rail 0.0022 914 585 1000 621
rail 0.0022 1583 738 1911 957
rail 0.0022 538 613 773 716
rail 0.0019 0 715 258 796
rail 0.0019 576 596 834 786
rail 0.0018 337 597 875 716
rail 0.0018 2 770 341 931
rail 0.0017 867 587 944 638
rail 0.0016 975 587 1028 620
rail 0.0016 623 594 959 741
rail 0.0015 1238 625 1826 817
rail 0.0014 969 581 1011 609
rail 0.0013 824 598 930 645
rail 0.0013 533 680 697 781
rail 0.0012 451 588 585 715
rail 0.0012 4 745 249 831
rail 0.0011 192 689 439 802
rail 0.0010 491 631 774 859
rail 0.0010 1274 658 1471 729
rail 0.0010 7 783 432 1008
switch-left 0.0157 952 601 1006 644
switch-left 0.0034 529 733 642 781
switch-left 0.0025 517 710 673 790
switch-right 0.0225 954 613 999 643
switch-right 0.0071 536 729 645 774
switch-right 0.0016 521 716 662 792
switch-right 0.0012 542 677 719 800
switch-unknown 0.2667 961 597 1000 626
switch-unknown 0.0092 952 579 996 610
switch-unknown 0.0063 969 577 1008 612
switch-unknown 0.0029 938 601 995 643
switch-unknown 0.0027 737 641 836 679
switch-unknown 0.0026 920 577 996 624
switch-unknown 0.0022 759 625 842 661
switch-unknown 0.0020 786 624 851 650
switch-unknown 0.0020 972 608 1029 643
switch-unknown 0.0017 558 726 647 765
switch-unknown 0.0012 715 649 812 687
switch-unknown 0.0012 843 603 905 638
switch-unknown 0.0012 624 654 738 731
switch-unknown 0.0012 607 689 716 748
switch-static 0.0022 1241 687 1303 709
switch-static 0.0014 970 582 1030 623
track-sign-front 0.0695 523 552 538 696
track-sign-front 0.0559 517 539 534 670
track-sign-front 0.0260 515 541 532 622
track-sign-front 0.0216 702 567 720 589
track-sign-front 0.0114 807 558 830 627
track-sign-front 0.0015 701 563 721 606
track-sign-front 0.0013 528 566 561 680
track-sign-front 0.0010 512 510 539 601
track-signal-front 0.7461 510 437 535 513
track-signal-front 0.0324 507 433 534 476
track-signal-front 0.0041 499 431 549 527
track-signal-front 0.0037 498 388 547 579
track-signal-front 0.0036 510 409 536 634
track-signal-front 0.0023 523 436 566 518
track-signal-front 0.0019 510 492 535 550
track-signal-front 0.0013 507 411 546 470
track-signal-front 0.0010 497 338 562 655
person 0.0236 1420 571 1488 665
person 0.0014 1339 582 1367 636
pole 0.6092 621 -18 729 851
pole 0.2914 518 497 538 709
pole 0.0791 820 434 839 621
pole 0.0679 0 103 32 764
pole 0.0619 789 415 811 625
pole 0.0591 595 0 683 829
pole 0.0489 902 560 915 632
pole 0.0471 523 550 544 717
pole 0.0263 903 534 919 618
pole 0.0210 800 432 829 638
pole 0.0187 512 452 534 681
pole 0.0185 507 495 556 715
pole 0.0133 808 557 830 625
pole 0.0116 1027 446 1050 609
pole 0.0086 5 103 58 744
pole 0.0074 662 67 743 768
pole 0.0056 1021 462 1043 593
pole 0.0052 900 493 925 626
pole 0.0047 825 460 843 604
pole 0.0045 898 587 916 637
pole 0.0040 890 523 922 645
pole 0.0035 777 375 816 628
pole 0.0031 826 403 849 621
pole 0.0026 882 369 920 656
pole 0.0024 898 418 917 652
pole 0.0021 518 444 653 781
pole 0.0021 609 400 689 825
pole 0.0021 525 535 562 705
pole 0.0019 659 20 809 817
pole 0.0019 787 423 844 631
pole 0.0017 559 312 677 813
pole 0.0016 453 566 583 740
pole 0.0016 1006 491 1044 605
pole 0.0015 682 252 776 784
pole 0.0013 -4 154 94 877
pole 0.0013 645 473 720 780
pole 0.0011 916 527 977 624
pole 0.0011 860 569 937 643
pole 0.0010 924 506 962 605
pole 0.0010 1519 133 1569 708
rail-occluder 0.0483 805 574 829 626
rail-occluder 0.0332 527 663 549 710
rail-occluder 0.0185 803 593 828 635
rail-occluder 0.0067 901 587 919 636
rail-occluder 0.0034 605 619 619 648
rail-occluder 0.0021 533 653 558 702
rail-occluder 0.0015 638 616 696 687
