crossing 0.3517 1070 584 1111 597
crossing 0.1118 1049 586 1105 601
crossing 0.0862 1015 589 1087 605
crossing 0.0465 1071 578 1129 595
crossing 0.0274 989 595 1050 610
crossing 0.0174 984 597 1029 612
crossing 0.0097 996 583 1094 606
crossing 0.0029 1012 596 1083 615
crossing 0.0025 935 958 1104 1077
crossing 0.0016 1103 564 1152 594
crossing 0.0015 981 577 1064 608
crossing 0.0013 1099 579 1149 601
crossing 0.0011 946 597 1012 614
guard-rail 0.8284 820 905 879 1076
guard-rail 0.3288 1276 935 1300 1079
guard-rail 0.0853 1284 922 1312 1070
guard-rail 0.0596 1268 942 1289 1074
guard-rail 0.0117 1273 924 1299 1006
guard-rail 0.0106 1301 935 1325 1074
guard-rail 0.0052 1283 735 1347 840
guard-rail 0.0052 856 907 905 1074
guard-rail 0.0035 1175 716 1201 765
guard-rail 0.0029 1262 926 1318 1080
guard-rail 0.0026 803 913 1037 1079
guard-rail 0.0024 1276 995 1294 1081
guard-rail 0.0021 1253 657 1370 988
guard-rail 0.0020 845 920 940 1077
guard-rail 0.0019 1268 923 1301 971
guard-rail 0.0019 799 902 852 1078
guard-rail 0.0014 1278 907 1329 1060
guard-rail 0.0014 1282 903 1326 990
guard-rail 0.0014 1224 948 1258 1069
guard-rail 0.0014 1272 724 1346 1036
guard-rail 0.0012 1109 669 1272 789
guard-rail 0.0011 1253 933 1290 982
guard-rail 0.0010 1166 712 1215 766
rail 0.9204 788 587 1089 1073
rail 0.8569 994 583 1361 1071
rail 0.0047 778 934 1108 1075
rail 0.0042 988 594 1059 614
rail 0.0033 1049 582 1368 818
rail 0.0025 1066 597 1567 1078
rail 0.0022 988 609 1183 1055
rail 0.0020 953 580 1096 608
rail 0.0014 1158 606 1374 1055
switch-left 0.0014 787 955 1099 1075
track-sign-front 0.0085 1012 950 1109 1071
track-sign-front 0.0072 1811 445 1848 485
track-sign-front 0.0063 1104 719 1121 750
track-sign-front 0.0017 1173 541 1194 568
track-sign-front 0.0012 1096 715 1128 751
track-sign-front 0.0012 1249 509 1268 537
track-signal-front 0.0014 1249 507 1269 533
track-signal-front 0.0010 935 481 966 520
track-signal-back 0.0013 954 487 967 523
person 0.0031 1709 530 1731 585
person 0.0029 1727 507 1756 585
person 0.0012 1736 513 1756 570
person 0.0011 1714 537 1744 588
pole 0.0089 1790 55 1912 1137
