rail 0.6770 132 224 1122 1077
rail 0.0026 374 401 1017 1055
rail 0.0015 -85 121 798 1050
track-sign-front 0.0014 410 460 429 483
pole 0.2498 335 16 379 382
pole 0.0906 362 -20 451 745
pole 0.0762 344 1 401 396
pole 0.0369 423 123 458 775
pole 0.0313 369 110 422 782
pole 0.0254 403 -19 463 752
pole 0.0206 325 89 362 384
pole 0.0191 344 -6 419 653
pole 0.0091 427 215 448 554
pole 0.0055 367 40 406 382
pole 0.0052 324 154 349 368
pole 0.0045 312 12 487 934
pole 0.0040 419 1 463 464
pole 0.0028 349 228 405 765
pole 0.0028 329 3 442 419
pole 0.0017 380 209 409 552
pole 0.0016 342 133 387 393
pole 0.0016 329 194 370 419
pole 0.0011 417 267 443 588
rail-occluder 0.0046 4 79 219 374
