crossing 0.0623 889 580 925 593
crossing 0.0210 853 577 899 592
crossing 0.0125 817 577 883 596
crossing 0.0045 800 578 863 599
crossing 0.0037 899 578 933 597
rail 0.9608 881 570 1139 1075
rail 0.9568 174 570 907 1077
rail 0.1864 1130 676 1826 1075
rail 0.0063 806 573 891 599
rail 0.0035 845 574 906 595
rail 0.0022 878 575 925 597
rail 0.0015 20 615 721 971
rail 0.0013 750 574 877 617
rail 0.0010 10 42 194 887
rail 0.0010 385 602 791 802
switch-static 0.0320 1070 747 1106 771
switch-static 0.0161 1056 747 1108 782
switch-static 0.0107 1027 772 1065 806
switch-static 0.0031 1060 741 1103 766
switch-static 0.0026 1076 749 1116 777
switch-static 0.0010 1008 762 1058 817
track-sign-front 0.0647 1141 438 1188 482
track-sign-front 0.0546 1151 487 1168 754
track-sign-front 0.0416 1082 547 1102 602
track-sign-front 0.0271 1152 569 1167 651
track-sign-front 0.0142 1005 530 1019 575
track-sign-front 0.0127 1156 709 1183 779
track-sign-front 0.0121 1142 478 1173 508
track-sign-front 0.0093 1159 606 1180 642
track-sign-front 0.0083 544 536 577 571
track-sign-front 0.0071 1007 544 1025 603
track-sign-front 0.0070 1157 558 1180 689
track-sign-front 0.0055 1006 566 1026 618
track-sign-front 0.0046 1064 549 1094 608
track-sign-front 0.0043 1151 579 1169 706
track-sign-front 0.0042 1021 568 1049 608
track-sign-front 0.0039 543 537 574 601
track-sign-front 0.0036 1085 535 1109 573
track-sign-front 0.0036 1143 515 1178 731
track-sign-front 0.0034 800 568 863 600
track-sign-front 0.0033 1076 500 1104 646
track-sign-front 0.0030 975 541 1023 599
track-sign-front 0.0025 1057 557 1085 616
track-sign-front 0.0025 969 574 1017 630
track-sign-front 0.0024 540 526 565 588
track-sign-front 0.0024 970 582 989 610
track-sign-front 0.0023 1154 363 1193 388
track-sign-front 0.0022 0 618 22 716
track-sign-front 0.0021 1144 537 1164 754
track-sign-front 0.0019 0 623 19 675
track-sign-front 0.0019 924 542 965 591
track-sign-front 0.0018 990 585 1017 641
track-sign-front 0.0016 1005 593 1019 639
track-sign-front 0.0016 1145 504 1168 542
track-sign-front 0.0016 623 559 642 578
track-sign-front 0.0015 531 526 560 639
track-sign-front 0.0015 1158 580 1181 635
track-sign-front 0.0013 793 540 817 566
track-sign-front 0.0013 1144 596 1163 701
track-sign-front 0.0012 1255 561 1281 596
track-sign-front 0.0012 1163 592 1187 697
track-sign-front 0.0012 948 547 992 597
track-sign-front 0.0011 1064 530 1093 588
track-signal-front 0.4775 1133 366 1195 433
track-signal-front 0.0681 1139 433 1192 480
track-signal-front 0.0063 935 528 957 572
track-signal-front 0.0038 555 535 578 562
track-signal-front 0.0018 1138 402 1193 512
track-signal-front 0.0017 635 493 648 513
track-signal-front 0.0016 922 530 951 576
track-signal-back 0.8795 511 369 567 438
track-signal-back 0.4536 1132 366 1196 433
track-signal-back 0.2743 1143 436 1188 478
track-signal-back 0.0179 1140 364 1186 392
track-signal-back 0.0077 935 515 955 557
track-signal-back 0.0071 967 492 979 517
track-signal-back 0.0069 1004 524 1019 550
track-signal-back 0.0054 966 496 985 521
track-signal-back 0.0038 954 496 979 543
track-signal-back 0.0037 996 516 1019 545
track-signal-back 0.0027 938 500 969 529
track-signal-back 0.0021 1134 465 1177 496
track-signal-back 0.0014 1138 377 1192 551
track-signal-back 0.0012 929 509 948 547
track-signal-back 0.0010 1138 357 1169 383
pole 0.5760 527 429 564 772
pole 0.0448 540 409 574 735
pole 0.0423 512 698 554 767
pole 0.0109 1145 461 1173 779
pole 0.0085 503 632 567 805
pole 0.0084 531 504 587 811
pole 0.0070 -1 -40 73 964
pole 0.0049 1076 318 1106 715
pole 0.0046 545 481 576 635
pole 0.0044 485 540 638 782
pole 0.0034 517 508 555 781
pole 0.0029 531 576 557 717
pole 0.0022 512 323 561 733
pole 0.0021 528 597 572 782
pole 0.0019 494 463 597 755
pole 0.0018 1161 525 1186 759
pole 0.0012 -6 15 129 1130
pole 0.0011 1081 309 1145 725
rail-occluder 0.2174 502 704 550 775
rail-occluder 0.0111 462 669 598 832
rail-occluder 0.0033 523 704 569 768
rail-occluder 0.0027 496 665 558 790
rail-occluder 0.0020 496 705 524 773
