guard-rail 0.0034 13 557 497 942
guard-rail 0.0010 17 446 655 1033
platform 0.6664 -2 337 970 1071
platform 0.3081 -1 388 791 684
platform 0.0165 678 351 912 433
platform 0.0051 10 453 514 710
rail 0.9712 802 354 1137 1077
rail 0.5806 13 347 880 860
rail 0.1944 692 360 914 465
rail 0.0316 450 353 900 552
rail 0.0206 654 372 865 517
rail 0.0135 8 490 642 926
rail 0.0097 208 315 698 650
rail 0.0038 319 343 848 729
rail 0.0035 -8 338 744 520
rail 0.0024 684 376 853 439
rail 0.0022 603 338 777 555
rail 0.0017 949 352 997 373
rail 0.0015 832 338 902 409
rail 0.0014 859 353 917 397
rail 0.0013 1 390 362 554
rail 0.0013 708 364 984 553
rail 0.0011 602 322 1011 617
rail 0.0011 362 381 641 813
rail 0.0011 773 337 967 412
track-sign-front 0.7257 1073 402 1101 436
track-sign-front 0.0119 848 381 864 414
track-sign-front 0.0100 970 350 1003 373
track-sign-front 0.0046 981 356 1007 375
track-sign-front 0.0044 990 354 1015 373
track-sign-front 0.0031 1072 388 1103 424
track-sign-front 0.0031 955 348 993 371
track-sign-front 0.0029 1065 398 1111 439
track-sign-front 0.0011 963 354 987 376
track-sign-front 0.0011 1073 407 1097 493
track-signal-front 0.0046 962 344 986 368
track-signal-front 0.0020 978 342 1009 368
person 0.0010 0 401 20 480
pole 0.3508 808 250 822 447
pole 0.1868 334 292 349 481
pole 0.1569 674 315 699 533
pole 0.1542 866 280 882 405
pole 0.1340 884 286 895 393
pole 0.0879 806 307 816 447
pole 0.0622 639 311 690 540
pole 0.0597 615 317 666 550
pole 0.0572 858 284 873 420
pole 0.0465 810 284 819 436
pole 0.0425 798 344 813 450
pole 0.0235 766 322 853 453
pole 0.0176 855 331 876 412
pole 0.0149 789 339 827 454
pole 0.0140 798 251 832 448
pole 0.0125 338 352 350 480
pole 0.0094 871 258 888 400
pole 0.0084 397 336 475 675
pole 0.0064 540 313 638 581
pole 0.0062 875 346 903 401
pole 0.0059 650 330 717 550
pole 0.0055 220 349 231 482
pole 0.0053 247 298 262 490
pole 0.0045 620 250 650 546
pole 0.0041 252 330 271 488
pole 0.0039 584 273 661 570
pole 0.0036 681 363 694 502
pole 0.0034 500 296 796 519
pole 0.0034 679 248 696 494
pole 0.0032 824 300 919 404
pole 0.0031 896 297 934 388
pole 0.0030 216 317 234 476
pole 0.0026 338 337 363 471
pole 0.0026 434 323 703 569
pole 0.0024 835 267 887 421
pole 0.0023 851 281 898 405
pole 0.0020 479 295 548 596
pole 0.0020 565 274 612 570
pole 0.0019 844 322 891 418
pole 0.0017 390 251 538 654
pole 0.0016 708 297 915 453
pole 0.0015 283 279 645 629
pole 0.0010 621 357 659 509
rail-occluder 0.5981 380 327 676 663
rail-occluder 0.2984 44 337 823 693
rail-occluder 0.1651 400 330 549 667
rail-occluder 0.0824 536 328 678 585
rail-occluder 0.0538 423 331 829 592
rail-occluder 0.0450 599 332 668 563
rail-occluder 0.0340 847 382 862 415
rail-occluder 0.0333 636 315 691 537
rail-occluder 0.0175 393 310 474 670
rail-occluder 0.0133 452 339 613 611
rail-occluder 0.0117 665 340 702 544
rail-occluder 0.0049 510 377 746 626
rail-occluder 0.0032 636 421 683 527
rail-occluder 0.0026 588 418 731 531
rail-occluder 0.0016 661 418 699 520
rail-occluder 0.0015 388 408 618 783
rail-occluder 0.0015 613 408 659 541
rail-occluder 0.0014 455 433 573 655
rail-occluder 0.0013 800 381 832 460
rail-occluder 0.0013 506 413 624 628
rail-occluder 0.0011 836 382 872 418
