crossing 0.0289 -6 886 544 1049
crossing 0.0057 293 888 500 936
crossing 0.0027 259 886 522 964
crossing 0.0027 190 891 651 1062
crossing 0.0022 151 903 484 1013
crossing 0.0013 325 868 578 944
rail 0.8324 0 602 1396 1077
rail 0.7372 793 575 1526 1079
rail 0.0040 35 607 1227 885
rail 0.0031 912 672 1340 1080
rail 0.0026 1093 788 1141 1081
rail 0.0016 797 641 1191 1069
rail 0.0013 1042 663 1225 1014
rail 0.0012 1082 708 1167 1050
track-sign-front 0.0022 1585 504 1600 522
track-sign-front 0.0022 1347 483 1370 508
track-sign-front 0.0015 1647 517 1673 575
track-sign-front 0.0013 1338 427 1365 467
track-sign-front 0.0010 1337 410 1376 464
track-sign-front 0.0010 1351 482 1382 520
track-signal-front 0.0035 1645 518 1658 575
track-signal-front 0.0025 1366 398 1398 446
track-signal-front 0.0022 1585 506 1599 531
track-signal-back 0.0031 1375 407 1400 448
car 0.0015 1717 517 1790 575
car 0.0010 1317 540 1382 575
person 0.0170 1647 535 1667 574
person 0.0017 1320 543 1349 580
person 0.0017 1644 518 1659 576
person 0.0012 1483 544 1506 581
person 0.0011 1073 520 1093 594
person 0.0010 1075 558 1091 594
pole 0.0053 85 43 174 828
pole 0.0045 758 91 792 591
pole 0.0020 1878 48 1916 681
pole 0.0012 1816 1 1918 726
pole 0.0011 1334 106 1366 562
pole 0.0010 663 596 687 699
rail-occluder 0.0012 1484 551 1510 580
