crossing 0.0062 503 490 560 521
crossing 0.0024 506 502 566 527
crossing 0.0016 484 471 555 505
rail 0.9479 510 465 953 1079
rail 0.8043 567 487 1917 1058
rail 0.0028 600 468 710 527
rail 0.0023 616 459 683 507
rail 0.0020 594 495 772 553
track-sign-front 0.0556 497 411 512 434
track-sign-front 0.0019 754 427 767 447
track-sign-front 0.0012 491 408 520 436
track-signal-front 0.0181 752 419 766 438
track-signal-front 0.0043 688 347 716 379
track-signal-front 0.0022 743 418 761 441
pole 0.0047 582 202 604 475
