crossing 0.1988 970 547 1041 565
crossing 0.0630 927 517 1006 541
crossing 0.0598 1071 516 1161 540
crossing 0.0571 1095 550 1178 567
crossing 0.0568 941 527 1022 554
crossing 0.0510 981 550 1061 573
crossing 0.0457 1050 509 1132 536
crossing 0.0454 1074 541 1166 565
crossing 0.0360 1054 502 1126 524
crossing 0.0350 1090 523 1171 546
crossing 0.0318 915 504 991 531
crossing 0.0216 991 544 1076 566
crossing 0.0206 1070 505 1151 527
crossing 0.0148 1021 501 1115 529
crossing 0.0135 991 557 1079 579
crossing 0.0109 1052 529 1134 557
crossing 0.0099 1013 514 1093 543
crossing 0.0079 1113 552 1198 572
crossing 0.0076 1032 526 1104 550
crossing 0.0067 1088 500 1174 526
crossing 0.0043 971 487 1125 529
crossing 0.0035 1090 508 1224 543
crossing 0.0034 1054 499 1182 544
crossing 0.0027 1003 491 1096 523
crossing 0.0024 916 530 987 569
crossing 0.0023 1059 550 1136 570
crossing 0.0015 797 533 863 563
crossing 0.0014 950 515 1092 591
crossing 0.0013 971 521 1059 556
crossing 0.0012 993 564 1099 605
crossing 0.0011 1108 539 1254 570
train-car 0.1442 13 413 692 523
train-car 0.0363 19 415 510 490
train-car 0.0056 808 441 850 460
train-car 0.0033 829 438 924 464
train-car 0.0033 1200 336 1260 501
train-car 0.0027 820 439 870 462
train-car 0.0026 90 403 420 477
train-car 0.0021 864 411 945 477
train-car 0.0017 1209 429 1286 500
train-car 0.0016 445 414 727 472
train-car 0.0014 1256 445 1380 509
train-car 0.0013 892 355 928 468
train-car 0.0012 327 417 726 507
train-car 0.0011 2 344 501 552
train-car 0.0011 454 393 624 485
train-car 0.0010 634 402 814 473
platform 0.9652 0 455 815 1078
platform 0.5885 991 461 1917 725
platform 0.1817 1226 501 1913 674
platform 0.0320 1238 479 1897 597
platform 0.0146 1339 553 1929 742
platform 0.0139 15 440 760 598
platform 0.0105 -8 480 234 520
platform 0.0036 82 442 423 480
platform 0.0029 1160 477 1783 557
platform 0.0017 975 466 1157 506
platform 0.0015 1298 458 1818 538
platform 0.0012 1425 534 1703 641
platform 0.0012 938 450 1192 483
platform 0.0011 873 441 1808 618
platform 0.0010 1438 488 1695 581
rail 0.9702 590 447 958 1075
rail 0.8872 843 442 1908 1076
rail 0.4722 1 472 471 570
rail 0.4383 916 450 1914 733
rail 0.3707 835 456 958 502
rail 0.2130 11 439 700 573
rail 0.1225 -7 475 374 536
rail 0.0957 -3 525 219 567
rail 0.0885 0 493 299 567
rail 0.0849 871 455 953 489
rail 0.0678 14 444 502 524
rail 0.0671 900 462 970 504
rail 0.0526 894 478 959 508
rail 0.0347 -1 456 340 508
rail 0.0302 864 471 941 505
rail 0.0252 1382 492 1923 593
rail 0.0231 1657 518 1913 574
rail 0.0227 831 451 925 482
rail 0.0175 894 453 988 488
rail 0.0149 955 474 997 503
rail 0.0148 814 443 879 467
rail 0.0145 850 473 908 501
rail 0.0108 -1 540 175 579
rail 0.0102 1626 505 1902 556
rail 0.0095 817 442 851 465
rail 0.0088 17 434 385 489
rail 0.0060 -8 479 187 519
rail 0.0058 812 446 963 522
rail 0.0056 1745 527 1909 568
rail 0.0047 768 444 845 472
rail 0.0046 1605 532 1922 598
rail 0.0046 -1 515 214 598
rail 0.0043 792 420 999 559
rail 0.0042 944 480 995 515
rail 0.0042 -6 518 141 556
rail 0.0039 134 429 807 526
rail 0.0038 442 431 733 485
rail 0.0038 19 509 382 617
rail 0.0034 888 479 1034 551
rail 0.0031 585 448 784 514
rail 0.0031 858 416 949 511
rail 0.0030 1175 514 1912 951
rail 0.0029 1639 485 1929 528
rail 0.0029 891 452 1014 511
rail 0.0027 771 466 974 1067
rail 0.0026 926 461 1108 505
rail 0.0026 842 451 1044 532
rail 0.0025 756 485 830 523
rail 0.0025 806 452 851 481
rail 0.0024 934 466 1134 539
rail 0.0022 752 452 849 504
rail 0.0022 -10 395 725 701
rail 0.0022 435 427 812 511
rail 0.0022 -17 533 102 573
rail 0.0020 843 501 953 543
rail 0.0020 1709 527 1913 624
rail 0.0019 728 448 824 497
rail 0.0019 640 429 825 498
rail 0.0018 809 450 1429 972
rail 0.0018 562 416 793 500
rail 0.0018 760 443 791 498
rail 0.0018 705 473 823 530
rail 0.0016 462 449 709 501
rail 0.0016 101 450 443 493
rail 0.0013 844 449 1169 641
rail 0.0013 1670 425 1914 649
rail 0.0013 1301 492 1558 534
rail 0.0012 742 446 782 499
rail 0.0012 295 436 696 506
rail 0.0012 1718 465 1923 541
rail 0.0010 929 446 1110 483
rail 0.0010 0 550 212 629
rail 0.0010 705 435 828 484
rail 0.0010 842 442 1353 698
rail 0.0010 933 436 1269 533
switch-indicator 0.0039 1277 513 1312 555
switch-left 0.0034 893 499 965 530
switch-right 0.1071 898 481 959 507
switch-right 0.0901 908 488 965 511
switch-right 0.0176 914 503 991 533
switch-right 0.0043 895 495 963 531
switch-unknown 0.1101 819 445 849 459
switch-unknown 0.0141 832 456 895 487
switch-unknown 0.0121 811 453 847 475
switch-unknown 0.0050 820 438 864 461
switch-unknown 0.0019 932 443 1003 486
switch-unknown 0.0013 758 490 806 521
switch-unknown 0.0010 848 473 885 506
switch-static 0.0102 950 478 998 515
switch-static 0.0025 925 549 973 571
switch-static 0.0013 1629 874 1918 1045
switch-static 0.0013 861 502 936 544
track-sign-front 0.4858 1652 377 1687 414
track-sign-front 0.2684 1652 339 1689 379
track-sign-front 0.0824 689 278 711 301
track-sign-front 0.0288 1644 367 1692 421
track-sign-front 0.0117 1780 461 1799 480
track-sign-front 0.0108 1647 395 1684 444
track-sign-front 0.0078 1673 345 1738 379
track-sign-front 0.0071 759 441 778 474
track-sign-front 0.0045 1783 457 1830 495
track-sign-front 0.0034 1644 410 1671 454
track-sign-front 0.0020 1698 347 1743 375
track-sign-front 0.0019 1651 413 1693 456
track-sign-front 0.0019 1643 421 1679 471
track-sign-front 0.0019 682 279 711 322
track-sign-front 0.0015 1777 429 1844 531
track-sign-front 0.0013 1785 432 1838 496
track-sign-front 0.0011 1798 327 1856 375
track-sign-front 0.0011 1813 378 1853 431
track-sign-front 0.0011 743 396 780 464
track-signal-front 0.6822 894 276 921 330
track-signal-front 0.5298 895 337 917 371
track-signal-front 0.5155 772 344 790 374
track-signal-front 0.4349 673 344 697 382
track-signal-front 0.3313 1652 304 1686 359
track-signal-front 0.3221 771 346 791 395
track-signal-front 0.2935 1651 325 1688 392
track-signal-front 0.1275 1210 316 1242 352
track-signal-front 0.0642 769 372 791 418
track-signal-front 0.0343 898 311 920 377
track-signal-front 0.0329 1654 305 1687 334
track-signal-front 0.0284 1222 318 1252 350
track-signal-front 0.0280 705 187 746 480
track-signal-front 0.0247 766 358 787 410
track-signal-front 0.0220 763 398 782 422
track-signal-front 0.0194 894 274 920 298
track-signal-front 0.0191 1645 365 1682 414
track-signal-front 0.0176 897 343 915 390
track-signal-front 0.0150 1219 385 1246 474
track-signal-front 0.0145 1202 312 1229 350
track-signal-front 0.0142 739 244 779 445
track-signal-front 0.0135 774 371 797 433
track-signal-front 0.0115 1198 326 1240 384
track-signal-front 0.0102 1198 265 1243 453
track-signal-front 0.0097 1645 283 1693 419
track-signal-front 0.0093 1207 343 1243 425
track-signal-front 0.0059 895 321 917 412
track-signal-front 0.0049 677 340 702 418
track-signal-front 0.0046 1102 426 1126 446
track-signal-front 0.0046 1197 236 1218 319
track-signal-front 0.0045 1732 438 1749 461
track-signal-front 0.0032 1194 303 1249 407
track-signal-front 0.0031 1196 342 1240 474
track-signal-front 0.0029 1643 299 1678 341
track-signal-front 0.0028 1230 370 1254 458
track-signal-front 0.0026 756 390 792 458
track-signal-front 0.0022 885 274 931 340
track-signal-front 0.0019 1648 267 1683 372
track-signal-front 0.0018 1726 434 1749 474
track-signal-front 0.0018 1199 237 1229 355
track-signal-front 0.0017 1800 329 1851 375
track-signal-front 0.0016 1643 391 1673 473
track-signal-front 0.0015 753 307 780 417
track-signal-front 0.0014 1104 415 1150 457
track-signal-front 0.0013 1095 407 1129 444
track-signal-front 0.0013 1558 352 1584 376
track-signal-front 0.0013 1554 345 1588 407
track-signal-front 0.0012 1778 459 1802 487
track-signal-front 0.0011 796 363 824 418
track-signal-front 0.0010 1719 447 1748 507
track-signal-front 0.0010 906 279 951 345
person 0.1033 1623 486 1663 551
person 0.0216 356 459 392 543
person 0.0036 1476 470 1493 515
person 0.0031 344 422 369 572
person 0.0017 362 481 400 552
pole 0.2670 1826 301 1880 627
pole 0.2085 716 166 739 498
pole 0.0953 1193 270 1244 512
pole 0.0940 647 302 663 510
pole 0.0837 1373 230 1401 530
pole 0.0777 523 218 548 502
pole 0.0620 929 349 943 480
pole 0.0610 650 268 669 526
pole 0.0572 917 347 938 479
pole 0.0570 1045 342 1055 479
pole 0.0445 664 309 693 506
pole 0.0409 341 379 359 547
pole 0.0283 652 419 663 528
pole 0.0256 649 390 667 527
pole 0.0255 1216 361 1247 498
pole 0.0253 1794 261 1902 636
pole 0.0246 900 351 919 469
pole 0.0207 1356 238 1384 527
pole 0.0167 136 375 180 501
pole 0.0164 722 168 758 498
pole 0.0161 1186 254 1217 519
pole 0.0148 664 243 712 501
pole 0.0135 158 378 184 497
pole 0.0128 345 383 372 545
pole 0.0125 474 363 494 552
pole 0.0120 146 183 176 497
pole 0.0115 1 212 22 511
pole 0.0115 349 421 382 552
pole 0.0113 8 460 322 543
pole 0.0108 1358 234 1412 524
pole 0.0107 682 312 705 507
pole 0.0095 644 342 658 482
pole 0.0093 1040 364 1058 483
pole 0.0089 689 372 711 485
pole 0.0086 509 170 544 517
pole 0.0078 1179 348 1212 508
pole 0.0077 652 290 686 535
pole 0.0077 132 382 154 499
pole 0.0076 1607 116 1636 551
pole 0.0069 102 403 215 489
pole 0.0067 694 184 738 487
pole 0.0065 1186 383 1247 513
pole 0.0058 445 396 462 508
pole 0.0056 1230 458 1261 506
pole 0.0054 904 274 931 512
pole 0.0053 473 222 535 604
pole 0.0050 874 384 932 491
pole 0.0047 405 398 419 505
pole 0.0046 1203 332 1258 504
pole 0.0044 47 413 287 488
pole 0.0044 333 388 386 543
pole 0.0040 520 340 553 519
pole 0.0037 987 344 1008 471
pole 0.0037 604 346 718 507
pole 0.0035 649 324 668 465
pole 0.0035 139 449 179 503
pole 0.0034 449 371 483 509
pole 0.0031 1803 389 1886 608
pole 0.0030 929 289 949 500
pole 0.0030 1615 218 1639 512
pole 0.0027 633 430 665 526
pole 0.0025 8 213 39 508
pole 0.0024 472 391 507 535
pole 0.0024 896 280 926 446
pole 0.0023 583 332 592 459
pole 0.0022 1382 212 1406 490
pole 0.0022 1226 309 1254 472
pole 0.0022 1833 362 1899 598
pole 0.0021 577 345 594 469
pole 0.0020 390 400 416 518
pole 0.0018 1894 362 1919 595
pole 0.0018 899 362 955 487
pole 0.0017 775 375 795 435
pole 0.0017 757 440 784 487
pole 0.0017 628 315 673 506
pole 0.0016 1229 421 1271 504
pole 0.0015 330 208 372 586
pole 0.0015 900 329 934 458
pole 0.0015 515 408 566 501
pole 0.0015 939 342 981 474
pole 0.0014 931 337 950 456
pole 0.0014 135 205 194 506
pole 0.0014 440 184 483 571
pole 0.0014 1159 336 1271 502
pole 0.0014 1820 468 1893 601
pole 0.0013 455 409 496 524
pole 0.0013 0 306 31 623
pole 0.0013 1538 289 1572 536
pole 0.0013 537 421 566 493
pole 0.0013 534 268 568 498
pole 0.0013 1600 188 1654 525
pole 0.0013 1616 452 1670 559
pole 0.0013 1786 366 1846 562
pole 0.0012 1139 416 1187 502
pole 0.0012 0 369 21 496
pole 0.0012 1546 375 1579 543
pole 0.0012 971 438 1005 486
pole 0.0011 1531 256 1557 514
pole 0.0011 501 401 542 506
pole 0.0011 0 126 29 450
pole 0.0010 707 276 749 496
pole 0.0010 1026 438 1065 484
pole 0.0010 1816 420 1876 537
pole 0.0010 778 395 824 467
pole 0.0010 1525 268 1544 508
pole 0.0010 1581 423 1661 566
rail-occluder 0.0841 977 481 994 503
rail-occluder 0.0272 1298 501 1323 531
rail-occluder 0.0105 1875 686 1913 715
rail-occluder 0.0100 963 473 994 505
rail-occluder 0.0077 689 412 715 507
rail-occluder 0.0071 345 426 386 550
rail-occluder 0.0071 692 448 720 510
rail-occluder 0.0065 1478 471 1490 515
rail-occluder 0.0063 664 432 710 523
rail-occluder 0.0060 1878 683 1917 736
rail-occluder 0.0059 1281 539 1306 571
rail-occluder 0.0044 1234 461 1264 504
rail-occluder 0.0040 654 393 706 510
rail-occluder 0.0038 1864 538 1894 566
rail-occluder 0.0030 948 479 996 517
rail-occluder 0.0029 1148 469 1175 496
rail-occluder 0.0025 335 388 430 548
rail-occluder 0.0021 360 432 409 534
rail-occluder 0.0020 748 444 780 499
rail-occluder 0.0020 762 443 787 496
rail-occluder 0.0020 649 449 763 510
rail-occluder 0.0019 1205 462 1283 504
rail-occluder 0.0018 1272 514 1314 555
rail-occluder 0.0017 387 400 416 523
rail-occluder 0.0016 403 399 421 504
rail-occluder 0.0015 1274 484 1318 527
rail-occluder 0.0013 1226 469 1258 509
rail-occluder 0.0013 756 440 779 478
rail-occluder 0.0013 1283 543 1317 581
rail-occluder 0.0011 1860 540 1901 583
rail-occluder 0.0011 317 404 483 522
rail-occluder 0.0010 703 450 744 508
rail-occluder 0.0010 1268 540 1307 579
