crossing 0.0012 957 581 998 602
platform 0.1703 -18 573 901 947
platform 0.0198 1219 674 1913 1065
rail 0.9654 947 531 1332 1077
rail 0.9376 -10 541 932 1073
rail 0.0010 957 602 1007 1066
switch-static 0.0013 1034 570 1065 595
track-sign-front 0.8004 1167 499 1194 536
track-sign-front 0.6868 375 474 438 520
track-sign-front 0.2853 1734 387 1896 530
track-sign-front 0.0709 1049 567 1067 586
track-sign-front 0.0239 474 564 504 652
track-sign-front 0.0201 1734 478 1892 547
track-sign-front 0.0149 848 527 861 541
track-sign-front 0.0071 1034 551 1060 586
track-sign-front 0.0067 1166 513 1192 561
track-sign-front 0.0066 848 524 864 547
track-sign-front 0.0053 1171 561 1196 599
track-sign-front 0.0049 1167 474 1193 550
track-sign-front 0.0034 1054 566 1086 588
track-sign-front 0.0031 1159 501 1204 543
track-sign-front 0.0018 1042 566 1076 590
track-sign-front 0.0018 481 608 504 658
track-sign-front 0.0016 345 398 469 579
track-sign-front 0.0013 1742 388 1847 492
track-sign-front 0.0013 1176 565 1207 594
track-sign-front 0.0011 1732 362 1885 464
track-sign-front 0.0011 460 558 513 659
track-sign-front 0.0010 1141 494 1228 552
pole 0.0039 470 199 505 642
pole 0.0014 1798 512 1834 901
