crossing 0.0049 1489 603 1519 621
crossing 0.0049 1287 589 1359 607
crossing 0.0037 1467 599 1511 619
crossing 0.0014 1096 980 1423 1077
rail 0.8565 1140 543 1731 1077
rail 0.7069 217 564 1541 1060
rail 0.3953 1679 575 1920 776
rail 0.0360 1702 569 1920 687
rail 0.0331 1644 557 1911 952
rail 0.0177 1729 602 1919 880
rail 0.0081 1776 598 1921 746
rail 0.0045 1746 535 1923 607
rail 0.0038 1843 566 1920 677
rail 0.0025 1792 556 1926 655
rail 0.0023 1801 532 1915 573
rail 0.0020 -78 649 1174 1084
rail 0.0018 1831 540 1922 613
rail 0.0017 1661 538 1918 629
rail 0.0017 1834 616 1919 768
rail 0.0016 21 39 318 1088
rail 0.0015 1312 573 1603 1054
rail 0.0015 1827 644 1923 843
rail 0.0014 1882 535 1920 667
rail 0.0014 1685 523 1949 583
rail 0.0011 1694 673 1912 1103
rail 0.0011 1557 536 1892 704
rail 0.0011 608 554 1348 839
rail 0.0011 1775 493 1927 624
switch-static 0.0015 1465 598 1512 620
track-sign-front 0.6904 580 588 605 619
track-sign-front 0.3327 960 491 986 516
track-sign-front 0.1620 1181 546 1193 562
track-sign-front 0.1242 1404 406 1436 457
track-sign-front 0.0927 1180 544 1194 580
track-sign-front 0.0685 1720 561 1751 580
track-sign-front 0.0656 1458 557 1478 606
track-sign-front 0.0587 1407 424 1432 454
track-sign-front 0.0554 1480 602 1515 621
track-sign-front 0.0466 583 634 611 670
track-sign-front 0.0333 954 456 981 492
track-sign-front 0.0264 1180 576 1195 626
track-sign-front 0.0232 1179 525 1193 573
track-sign-front 0.0126 1182 600 1194 624
track-sign-front 0.0107 1522 536 1540 593
track-sign-front 0.0073 961 458 987 504
track-sign-front 0.0059 1180 545 1205 618
track-sign-front 0.0053 1162 554 1197 606
track-sign-front 0.0052 1168 576 1193 615
track-sign-front 0.0040 1491 565 1536 613
track-sign-front 0.0037 580 580 609 638
track-sign-front 0.0036 1035 514 1052 533
track-sign-front 0.0034 970 514 1002 579
track-sign-front 0.0033 779 560 816 598
track-sign-front 0.0031 1513 333 1528 353
track-sign-front 0.0029 964 461 998 592
track-sign-front 0.0028 963 500 1001 549
track-sign-front 0.0026 1569 489 1609 590
track-sign-front 0.0021 997 514 1040 539
track-sign-front 0.0014 1717 567 1753 599
track-sign-front 0.0014 1173 543 1199 589
track-sign-front 0.0012 1502 327 1526 354
track-signal-front 0.8111 1394 316 1435 401
track-signal-front 0.7798 947 388 981 461
track-signal-front 0.0707 1403 403 1435 448
track-signal-front 0.0345 1386 181 1453 566
track-signal-front 0.0212 942 352 975 445
track-signal-front 0.0203 936 329 974 416
track-signal-front 0.0158 1873 460 1886 484
track-signal-front 0.0094 1395 318 1428 347
track-signal-front 0.0068 948 427 980 477
track-signal-front 0.0055 941 368 990 493
track-signal-front 0.0038 949 384 1029 459
track-signal-front 0.0026 1512 334 1529 359
track-signal-front 0.0019 944 313 979 391
track-signal-front 0.0015 1763 410 1795 452
track-signal-front 0.0010 1417 312 1460 402
track-signal-back 0.0021 1793 443 1820 498
track-signal-back 0.0010 1762 420 1807 490
pole 0.5070 1708 133 1746 681
pole 0.4703 1462 206 1502 639
pole 0.3447 1569 323 1586 601
pole 0.3019 966 489 1005 721
pole 0.1584 1416 415 1434 618
pole 0.1242 1406 324 1439 616
pole 0.1198 1515 320 1540 635
pole 0.1146 1480 314 1513 640
pole 0.0951 1570 359 1600 589
pole 0.0667 1608 378 1626 578
pole 0.0525 1525 307 1543 618
pole 0.0453 1448 331 1477 634
pole 0.0406 1406 414 1434 463
pole 0.0388 1178 375 1199 638
pole 0.0378 1443 412 1471 623
pole 0.0343 1458 376 1493 614
pole 0.0304 1466 242 1491 590
pole 0.0225 1529 280 1581 611
pole 0.0215 1419 269 1450 591
pole 0.0174 1420 473 1432 616
pole 0.0149 954 367 1008 722
pole 0.0147 570 75 611 712
pole 0.0111 1466 310 1529 675
pole 0.0103 1528 461 1547 590
pole 0.0093 1404 381 1433 504
pole 0.0092 1394 267 1453 609
pole 0.0079 1413 438 1429 581
pole 0.0072 1613 395 1634 565
pole 0.0070 980 524 1023 715
pole 0.0069 1572 411 1584 557
pole 0.0069 1710 267 1736 602
pole 0.0064 1431 257 1467 566
pole 0.0062 972 533 1000 681
pole 0.0060 1473 512 1515 619
pole 0.0057 1570 370 1582 518
pole 0.0044 1454 542 1491 613
pole 0.0044 1458 446 1486 594
pole 0.0041 1573 456 1618 607
pole 0.0040 1567 460 1595 591
pole 0.0035 1382 312 1429 617
pole 0.0034 1605 474 1635 585
pole 0.0032 1171 408 1192 646
pole 0.0031 1500 316 1567 624
pole 0.0029 1567 388 1593 538
pole 0.0025 1703 134 1732 573
pole 0.0025 1614 379 1627 510
pole 0.0023 1733 202 1794 655
pole 0.0023 1576 491 1608 587
pole 0.0022 1422 465 1438 725
pole 0.0022 1524 413 1542 560
pole 0.0020 1450 431 1476 579
pole 0.0020 1713 320 1750 636
pole 0.0018 977 581 1004 730
pole 0.0017 1413 197 1536 634
pole 0.0017 1171 491 1201 638
pole 0.0016 1522 383 1552 608
pole 0.0016 1545 326 1613 601
pole 0.0014 1517 397 1539 540
pole 0.0014 940 490 1055 719
pole 0.0013 1480 447 1512 593
pole 0.0013 1172 270 1202 607
pole 0.0012 1175 337 1195 552
pole 0.0011 940 479 988 721
pole 0.0010 1473 103 1520 588
pole 0.0010 23 -4 303 1037
pole 0.0010 582 149 637 692
rail-occluder 0.0791 1575 543 1598 594
rail-occluder 0.0632 1458 558 1478 607
rail-occluder 0.0555 1525 553 1545 592
rail-occluder 0.0103 1587 542 1628 593
rail-occluder 0.0073 1521 535 1541 594
rail-occluder 0.0057 1179 570 1219 630
rail-occluder 0.0039 1217 576 1237 627
rail-occluder 0.0039 1452 550 1523 606
rail-occluder 0.0037 1458 555 1493 618
rail-occluder 0.0037 1607 527 1654 573
rail-occluder 0.0034 1570 540 1646 578
rail-occluder 0.0032 1543 547 1592 602
rail-occluder 0.0022 1562 543 1616 597
rail-occluder 0.0021 1180 600 1223 633
rail-occluder 0.0019 1527 562 1549 604
rail-occluder 0.0017 1563 561 1592 603
rail-occluder 0.0014 1575 532 1689 573
rail-occluder 0.0013 1570 557 1608 605
rail-occluder 0.0012 1430 588 1455 639
rail-occluder 0.0012 1449 565 1483 611
