platform 0.9310 1024 575 1913 1073
platform 0.8656 2 584 946 1000
platform 0.0244 1184 587 1846 684
platform 0.0025 1086 549 1781 737
platform 0.0012 1319 594 1600 662
platform 0.0010 66 715 644 1036
rail 0.9669 900 570 1155 1073
rail 0.9380 204 582 990 1075
rail 0.8261 1094 562 1903 870
rail 0.0620 1168 576 1881 730
rail 0.0093 1757 685 1920 743
rail 0.0066 1741 664 1913 835
rail 0.0059 1130 567 1723 680
rail 0.0030 1710 570 1896 951
rail 0.0029 1758 698 1919 787
rail 0.0026 1066 568 1299 650
rail 0.0025 1578 530 1922 996
rail 0.0023 1281 586 1626 661
rail 0.0023 1158 567 1292 681
rail 0.0022 1683 574 1878 801
rail 0.0018 1050 569 1225 615
rail 0.0015 1091 574 1308 716
rail 0.0014 1254 603 1669 866
rail 0.0014 1789 732 1919 811
rail 0.0013 1106 574 1273 623
rail 0.0010 1682 667 1937 773
track-sign-front 0.6690 1220 537 1266 583
track-sign-front 0.0518 1710 686 1745 745
track-sign-front 0.0076 1228 515 1319 609
track-sign-front 0.0043 1224 489 1259 612
track-sign-front 0.0025 282 527 379 562
track-sign-front 0.0014 1202 534 1247 584
track-signal-front 0.0103 1049 552 1061 574
track-signal-front 0.0034 1037 553 1064 581
person 0.5589 1252 577 1302 740
person 0.1093 1226 571 1293 753
person 0.0185 1217 593 1261 753
person 0.0011 1225 666 1260 748
pole 0.4798 1751 518 1803 992
pole 0.2835 1101 517 1113 606
pole 0.2761 1481 232 1730 893
pole 0.2257 1578 530 1610 881
pole 0.0626 1219 523 1276 692
pole 0.0237 1569 476 1652 881
pole 0.0154 1104 487 1116 608
pole 0.0134 1227 547 1256 718
pole 0.0123 1747 536 1788 855
pole 0.0123 1050 547 1064 580
pole 0.0102 1677 524 1862 973
pole 0.0098 1597 253 1774 819
pole 0.0076 1766 648 1794 983
pole 0.0073 1718 537 1756 812
pole 0.0068 1097 541 1112 625
pole 0.0054 1306 563 1849 866
pole 0.0042 1113 512 1150 601
pole 0.0040 1468 254 1618 862
pole 0.0031 1695 238 1739 813
pole 0.0023 1585 621 1616 903
pole 0.0023 1090 512 1117 616
pole 0.0020 1401 448 1753 754
pole 0.0020 1186 549 1266 696
pole 0.0019 1701 568 1772 784
pole 0.0018 1678 183 1759 871
pole 0.0015 1572 383 1708 676
pole 0.0014 1081 520 1133 616
pole 0.0013 1679 248 1729 731
pole 0.0012 1197 569 1250 666
pole 0.0010 1219 445 1287 660
pole 0.0010 1095 497 1126 602
rail-occluder 0.5761 1490 255 1761 887
rail-occluder 0.2684 1581 517 1749 775
rail-occluder 0.2488 1242 572 1301 739
rail-occluder 0.0398 1710 685 1743 743
rail-occluder 0.0349 1583 472 1817 882
rail-occluder 0.0254 1631 589 1779 825
rail-occluder 0.0130 1226 510 1263 702
rail-occluder 0.0088 1226 552 1254 676
rail-occluder 0.0087 1672 534 1814 808
rail-occluder 0.0070 1262 535 1338 594
rail-occluder 0.0029 1238 502 1331 727
rail-occluder 0.0028 1309 261 1722 821
rail-occluder 0.0024 1746 631 1790 824
rail-occluder 0.0020 1676 673 1771 783
rail-occluder 0.0018 1686 561 1757 781
rail-occluder 0.0014 1715 650 1749 808
rail-occluder 0.0013 1235 570 1281 701
rail-occluder 0.0012 1295 537 1346 598
