crossing 0.0017 970 540 1005 567
crossing 0.0013 970 553 1000 571
crossing 0.0011 963 545 998 574
platform 0.9518 991 541 1917 1076
platform 0.0010 1401 475 1778 618
rail 0.9672 815 536 1116 1077
rail 0.0015 1748 544 1919 660
rail 0.0013 27 574 588 721
rail 0.0011 1844 560 1920 660
switch-static 0.0028 1153 866 1271 943
track-sign-front 0.0030 943 518 956 541
track-sign-front 0.0011 939 518 955 557
track-sign-front 0.0010 942 512 972 544
track-signal-front 0.0013 944 510 960 535
person 0.5881 1464 483 1525 630
person 0.4432 1179 506 1210 578
person 0.2851 1211 508 1249 585
person 0.1367 1079 519 1099 559
person 0.0660 1178 506 1255 585
person 0.0392 1224 508 1267 585
person 0.0061 1170 503 1223 593
person 0.0051 1165 507 1198 580
person 0.0045 1438 494 1585 632
person 0.0043 1184 492 1207 557
person 0.0023 1573 528 1606 634
person 0.0020 1472 479 1523 569
person 0.0019 1564 503 1624 634
person 0.0016 1156 498 1188 572
person 0.0013 1358 500 1835 639
person 0.0010 1240 488 1272 559
person 0.0010 1433 478 1495 629
person 0.0010 1075 510 1119 581
pole 0.0384 1679 267 1735 690
pole 0.0084 1823 319 1851 641
pole 0.0039 1747 393 1784 662
pole 0.0031 1668 325 1782 680
pole 0.0031 1750 347 1818 664
pole 0.0022 1775 314 1840 656
pole 0.0018 1715 422 1815 639
pole 0.0014 1577 132 1665 823
pole 0.0013 1518 293 1820 731
pole 0.0012 1623 281 1733 727
pole 0.0010 1596 255 1650 691
pole 0.0010 1806 325 1866 641
rail-occluder 0.0059 1781 549 1825 647
rail-occluder 0.0020 1766 548 1862 647
