crossing 0.0027 1001 665 1084 684
crossing 0.0025 795 875 1161 1072
crossing 0.0022 1187 534 1288 618
crossing 0.0014 806 671 1160 1065
crossing 0.0012 3 710 531 880
guard-rail 0.0013 1114 888 1135 977
train-car 0.0192 1329 36 1922 1099
train-car 0.0015 1458 -29 1932 456
platform 0.0068 1188 546 1299 625
platform 0.0016 1167 578 1335 653
rail 0.9380 801 601 1171 1076
rail 0.6317 0 614 848 970
rail 0.0346 1299 34 1931 1099
rail 0.0013 1796 954 1922 1085
rail 0.0013 1839 957 1918 1058
track-sign-front 0.6767 843 599 885 637
track-sign-front 0.1618 810 421 855 462
track-sign-front 0.0561 1158 303 1177 347
track-sign-front 0.0539 984 558 1001 579
track-sign-front 0.0252 905 582 916 625
track-sign-front 0.0102 988 559 1007 583
track-sign-front 0.0097 882 595 910 637
track-sign-front 0.0064 818 472 847 510
track-sign-front 0.0052 906 581 920 606
track-sign-front 0.0049 842 605 881 663
track-sign-front 0.0045 1117 215 1145 236
track-sign-front 0.0037 1316 499 1341 538
track-sign-front 0.0033 1445 409 1495 648
track-sign-front 0.0024 900 578 917 607
track-sign-front 0.0022 843 518 879 675
track-sign-front 0.0018 834 515 868 643
track-sign-front 0.0018 746 214 765 235
track-sign-front 0.0015 848 547 875 631
track-sign-front 0.0013 378 485 408 511
track-sign-front 0.0013 1434 336 1505 765
track-sign-front 0.0012 794 510 823 547
track-sign-front 0.0012 1455 333 1571 450
track-sign-front 0.0010 748 208 772 230
track-sign-front 0.0010 1162 291 1197 351
track-sign-front 0.0010 1442 343 1512 433
track-signal-front 0.2170 1157 288 1178 344
track-signal-front 0.2120 851 493 871 534
track-signal-front 0.0429 854 473 883 524
track-signal-front 0.0101 826 463 872 529
track-signal-front 0.0094 860 478 898 530
track-signal-front 0.0073 822 466 849 519
track-signal-front 0.0022 840 499 866 590
track-signal-front 0.0014 863 505 901 539
track-signal-front 0.0013 805 502 843 553
track-signal-front 0.0012 1518 349 1572 462
track-signal-front 0.0011 1156 297 1182 375
track-signal-front 0.0011 837 473 887 539
track-signal-front 0.0010 1457 351 1569 467
car 0.0484 1192 547 1280 614
person 0.4510 637 536 667 606
person 0.0371 1196 542 1280 617
person 0.0072 725 541 746 582
person 0.0059 1241 530 1274 608
person 0.0056 626 532 679 612
person 0.0012 1250 526 1280 580
pole 0.0206 823 -4 853 636
pole 0.0063 821 436 840 682
pole 0.0051 833 476 871 691
pole 0.0042 840 469 864 627
pole 0.0024 817 1 879 640
pole 0.0024 796 -20 859 657
pole 0.0021 1019 398 1035 610
pole 0.0015 807 119 849 616
pole 0.0014 805 307 864 624
pole 0.0012 821 498 840 622
rail-occluder 0.0120 1306 18 1926 1096
rail-occluder 0.0026 987 564 1002 602
