guard-rail 0.1204 865 631 884 661
guard-rail 0.1018 866 649 882 670
guard-rail 0.0923 855 621 882 646
guard-rail 0.0737 871 627 892 653
guard-rail 0.0300 866 661 881 710
guard-rail 0.0166 934 615 957 656
guard-rail 0.0163 860 650 879 675
guard-rail 0.0160 897 612 939 653
guard-rail 0.0143 884 610 912 647
guard-rail 0.0134 846 620 884 666
guard-rail 0.0132 872 649 891 676
guard-rail 0.0123 946 627 978 655
guard-rail 0.0115 966 682 984 720
guard-rail 0.0065 868 688 880 722
guard-rail 0.0038 950 649 974 703
guard-rail 0.0033 974 630 997 651
guard-rail 0.0032 944 641 964 676
guard-rail 0.0021 813 637 838 668
guard-rail 0.0013 858 672 877 713
guard-rail 0.0012 872 656 896 722
guard-rail 0.0011 972 690 993 731
guard-rail 0.0010 947 672 972 716
train-car 0.7658 1077 518 1923 743
train-car 0.6056 1068 533 1224 600
train-car 0.1880 1102 387 1197 660
train-car 0.0540 1039 542 1169 596
train-car 0.0074 1050 511 1221 635
train-car 0.0039 1538 518 1914 722
train-car 0.0030 1148 537 1261 612
train-car 0.0023 993 470 1024 612
train-car 0.0022 1032 528 1121 600
train-car 0.0018 980 552 1051 592
train-car 0.0013 989 549 1096 592
train-car 0.0012 1056 556 1717 669
train-car 0.0010 954 523 1082 596
rail 0.9669 0 581 880 1073
rail 0.8786 838 595 1125 1079
rail 0.7939 1022 592 1919 826
rail 0.0896 914 585 962 630
rail 0.0084 920 582 991 622
rail 0.0044 912 577 943 616
rail 0.0044 922 574 967 618
rail 0.0040 913 584 999 648
rail 0.0031 979 578 1521 737
rail 0.0016 898 566 982 665
rail 0.0016 1403 681 1916 847
rail 0.0013 1086 591 1283 641
rail 0.0012 928 574 1000 609
rail 0.0011 839 595 969 1068
switch-indicator 0.0606 814 629 830 652
switch-indicator 0.0028 812 605 833 643
switch-indicator 0.0018 807 627 840 655
switch-left 0.1854 852 989 1151 1077
switch-left 0.0058 859 895 1149 1080
switch-left 0.0024 861 1032 1132 1094
switch-left 0.0018 902 954 1088 1068
switch-left 0.0015 905 1014 1089 1077
switch-right 0.0012 846 956 1135 1102
switch-unknown 0.3989 828 593 861 610
switch-unknown 0.0917 910 591 949 627
switch-unknown 0.0449 836 592 872 614
switch-unknown 0.0187 811 599 841 641
switch-unknown 0.0168 821 587 854 606
switch-unknown 0.0149 824 592 869 622
switch-unknown 0.0140 911 577 943 614
switch-unknown 0.0091 920 571 964 617
switch-unknown 0.0072 891 586 940 621
switch-unknown 0.0015 795 587 844 614
switch-unknown 0.0011 932 563 999 610
switch-static 0.2675 1131 987 1339 1075
switch-static 0.0671 1122 1000 1254 1074
switch-static 0.0377 1199 983 1347 1056
switch-static 0.0128 1202 1006 1360 1076
switch-static 0.0023 1139 947 1344 1049
switch-static 0.0021 1217 985 1454 1087
switch-static 0.0020 780 1010 876 1070
switch-static 0.0013 1185 1005 1284 1077
track-sign-front 0.0152 1131 683 1169 710
track-sign-front 0.0103 1132 606 1171 716
track-sign-front 0.0030 1133 487 1179 602
track-sign-front 0.0017 606 607 622 644
track-sign-front 0.0016 1187 545 1232 612
track-sign-front 0.0010 865 472 876 495
track-signal-front 0.0012 860 472 874 495
track-signal-back 0.0051 932 531 943 572
pole 0.3066 1125 282 1185 706
pole 0.2896 1205 25 1244 722
pole 0.0920 998 443 1014 615
pole 0.0504 1270 379 1287 672
pole 0.0302 1141 294 1167 625
pole 0.0250 1135 404 1177 685
pole 0.0223 1217 343 1259 710
pole 0.0212 1161 44 1253 818
pole 0.0175 1192 271 1251 726
pole 0.0156 1139 511 1253 621
pole 0.0130 1728 61 1812 833
pole 0.0115 1074 463 1084 599
pole 0.0073 999 357 1017 628
pole 0.0065 1205 392 1247 708
pole 0.0061 1274 413 1285 558
pole 0.0057 1886 148 1919 724
pole 0.0055 992 436 1023 622
pole 0.0034 932 508 943 576
pole 0.0031 819 474 830 603
pole 0.0029 1866 65 1920 805
pole 0.0027 1272 459 1286 597
pole 0.0022 1209 414 1281 702
pole 0.0022 986 488 1016 633
pole 0.0021 1242 381 1280 709
pole 0.0020 931 466 944 612
pole 0.0019 1124 479 1174 609
pole 0.0019 1720 66 1874 936
pole 0.0019 1193 509 1252 643
pole 0.0016 819 459 836 635
pole 0.0015 1183 0 1306 662
pole 0.0014 1265 382 1294 592
pole 0.0014 1776 28 1913 818
pole 0.0013 1102 468 1211 625
pole 0.0012 1543 332 1563 624
pole 0.0011 1274 386 1301 666
pole 0.0011 1061 452 1189 644
pole 0.0011 1135 272 1158 569
pole 0.0010 1112 403 1236 687
rail-occluder 0.0618 1135 598 1165 714
rail-occluder 0.0094 1202 586 1226 611
rail-occluder 0.0070 1207 593 1228 626
rail-occluder 0.0062 1139 595 1169 663
rail-occluder 0.0060 1215 602 1242 738
rail-occluder 0.0059 1119 556 1172 614
rail-occluder 0.0055 1235 590 1263 619
rail-occluder 0.0053 1059 546 1237 626
rail-occluder 0.0036 1127 590 1183 668
rail-occluder 0.0033 1203 580 1258 619
rail-occluder 0.0023 1211 586 1249 644
rail-occluder 0.0022 1058 557 1180 608
rail-occluder 0.0017 1212 599 1233 704
rail-occluder 0.0017 1170 587 1263 635
rail-occluder 0.0017 1157 566 1225 614
rail-occluder 0.0015 1150 598 1216 635
rail-occluder 0.0014 1197 524 1253 677
rail-occluder 0.0014 1187 592 1269 727
rail-occluder 0.0014 1179 542 1232 609
rail-occluder 0.0011 1212 591 1293 628
