guard-rail 0.8631 1366 720 1666 1074
guard-rail 0.6325 818 738 903 1077
guard-rail 0.5656 1183 566 1230 661
guard-rail 0.2608 1237 489 1334 532
guard-rail 0.1362 1107 491 1123 534
guard-rail 0.0992 1197 756 1278 1070
guard-rail 0.0979 1113 490 1136 532
guard-rail 0.0398 1096 480 1113 533
guard-rail 0.0235 1212 515 1245 544
guard-rail 0.0216 1253 501 1353 540
guard-rail 0.0190 1193 510 1230 541
guard-rail 0.0175 1178 747 1333 1028
guard-rail 0.0164 1217 497 1310 537
guard-rail 0.0137 1047 423 1097 453
guard-rail 0.0116 1215 522 1251 554
guard-rail 0.0116 1128 751 1262 1065
guard-rail 0.0112 1211 474 1315 519
guard-rail 0.0102 1167 486 1211 529
guard-rail 0.0094 1176 502 1215 535
guard-rail 0.0058 1101 486 1130 535
guard-rail 0.0058 1337 704 1568 951
guard-rail 0.0057 1129 483 1197 535
guard-rail 0.0053 1193 718 1552 1075
guard-rail 0.0050 1211 479 1271 523
guard-rail 0.0047 1114 749 1195 1061
guard-rail 0.0045 1084 440 1150 509
guard-rail 0.0045 1180 741 1473 946
guard-rail 0.0045 1181 569 1279 657
guard-rail 0.0038 1084 428 1169 468
guard-rail 0.0035 1129 468 1187 508
guard-rail 0.0035 1238 747 1294 1074
guard-rail 0.0031 1193 519 1241 556
guard-rail 0.0031 1166 472 1211 510
guard-rail 0.0027 1203 467 1279 509
guard-rail 0.0026 1220 520 1281 557
guard-rail 0.0023 1168 533 1226 651
guard-rail 0.0023 886 741 1215 1031
guard-rail 0.0021 1267 497 1399 545
guard-rail 0.0020 1179 434 1239 466
guard-rail 0.0018 1069 441 1118 517
guard-rail 0.0018 1181 559 1215 625
guard-rail 0.0017 1181 461 1239 495
guard-rail 0.0016 1135 559 1268 677
guard-rail 0.0014 1211 465 1408 538
guard-rail 0.0014 1440 831 1693 1071
guard-rail 0.0013 1117 444 1466 730
guard-rail 0.0012 1087 455 1180 501
guard-rail 0.0012 1100 476 1151 543
guard-rail 0.0012 1083 464 1129 541
guard-rail 0.0011 994 423 1405 965
guard-rail 0.0010 1243 766 1337 1081
guard-rail 0.0010 1141 450 1334 574
train-car 0.0385 973 371 1015 393
train-car 0.0325 960 342 1015 391
train-car 0.0215 1018 342 1057 378
train-car 0.0204 963 365 1007 387
train-car 0.0200 948 331 1006 384
train-car 0.0058 949 336 989 371
train-car 0.0042 1004 338 1027 370
train-car 0.0022 948 336 1037 397
train-car 0.0010 986 330 1062 387
platform 0.0047 -2 418 796 638
rail 0.9567 790 375 1278 1075
rail 0.8784 996 393 1927 1073
rail 0.8528 -1 376 939 916
rail 0.7063 1152 409 1913 621
rail 0.1358 1396 435 1805 579
rail 0.0853 1008 388 1058 412
rail 0.0468 989 377 1055 406
rail 0.0175 1142 405 1628 508
rail 0.0138 1045 598 1550 932
rail 0.0070 1626 485 1900 613
rail 0.0067 1026 386 1084 412
rail 0.0063 1138 461 1488 544
rail 0.0057 804 395 974 1077
rail 0.0050 978 377 1031 403
rail 0.0048 990 368 1073 417
rail 0.0045 841 735 919 1080
rail 0.0030 13 356 868 591
rail 0.0029 1302 447 1902 728
rail 0.0026 1713 500 1918 653
rail 0.0024 809 730 1231 1068
rail 0.0023 1219 413 1553 487
rail 0.0017 1202 432 1694 1079
rail 0.0015 996 394 1064 439
rail 0.0014 1331 408 1505 503
rail 0.0014 1000 364 1802 560
rail 0.0014 1350 360 1575 520
rail 0.0012 1052 404 1109 436
rail 0.0011 1755 472 1918 604
rail 0.0011 1786 528 1921 670
rail 0.0010 1166 654 1453 875
rail 0.0010 1443 511 1892 679
rail 0.0010 911 394 1497 1026
switch-indicator 0.0318 1165 389 1184 423
switch-indicator 0.0061 1156 404 1182 439
switch-indicator 0.0050 1159 390 1195 442
switch-left 0.0267 1157 739 1460 866
switch-left 0.0217 867 753 1183 874
switch-left 0.0083 1048 423 1097 454
switch-left 0.0025 830 742 1189 959
switch-left 0.0012 891 692 1225 909
switch-left 0.0012 1026 397 1121 458
switch-left 0.0011 1058 421 1126 468
switch-left 0.0011 1066 412 1157 460
switch-right 0.0696 1057 424 1114 449
switch-right 0.0468 1042 415 1091 437
switch-right 0.0302 1067 426 1138 453
switch-right 0.0193 1166 743 1441 861
switch-right 0.0066 1047 422 1098 454
switch-right 0.0038 1082 433 1169 468
switch-unknown 0.1412 1016 391 1066 415
switch-unknown 0.0672 1028 400 1077 424
switch-unknown 0.0099 1053 407 1108 432
switch-unknown 0.0018 1012 402 1050 428
switch-static 0.0173 1107 422 1168 445
switch-static 0.0142 1156 404 1182 439
switch-static 0.0108 687 603 812 648
switch-static 0.0063 1669 599 1759 631
switch-static 0.0060 1084 399 1137 426
switch-static 0.0023 1643 578 1798 645
switch-static 0.0021 662 603 766 644
switch-static 0.0020 1094 398 1163 433
switch-static 0.0019 730 610 817 652
switch-static 0.0013 734 598 819 639
track-sign-front 0.1811 1353 344 1371 370
track-sign-front 0.0575 1437 245 1466 304
track-sign-front 0.0351 1163 384 1182 416
track-sign-front 0.0247 1462 258 1498 359
track-sign-front 0.0164 1441 242 1495 328
track-sign-front 0.0066 1476 257 1499 316
track-sign-front 0.0060 1477 290 1500 366
track-sign-front 0.0046 1434 253 1470 354
track-sign-front 0.0038 1159 346 1180 396
track-sign-front 0.0032 1356 338 1374 364
track-sign-front 0.0030 1349 348 1376 382
track-sign-front 0.0018 1829 228 1854 385
track-sign-front 0.0014 1433 240 1471 282
track-signal-front 0.0078 1004 339 1024 367
track-signal-front 0.0069 952 336 984 367
track-signal-front 0.0042 866 304 879 328
track-signal-front 0.0019 973 328 1024 367
track-signal-front 0.0015 860 305 876 329
track-signal-back 0.0033 1893 93 1918 254
track-signal-back 0.0027 1860 99 1912 243
track-signal-back 0.0016 1029 337 1066 379
track-signal-back 0.0010 1438 36 1479 305
track-signal-back 0.0010 1846 103 1887 275
pole 0.6018 1415 -17 1493 514
pole 0.0970 1162 74 1182 419
pole 0.0561 1085 204 1098 419
pole 0.0292 1853 -12 1904 552
pole 0.0215 1196 241 1213 420
pole 0.0142 1367 19 1412 466
pole 0.0137 1747 26 1779 604
pole 0.0120 1169 89 1201 442
pole 0.0102 1416 155 1461 477
pole 0.0098 1430 246 1492 373
pole 0.0093 1193 147 1211 444
pole 0.0083 1422 217 1486 513
pole 0.0071 1175 195 1206 424
pole 0.0037 1071 197 1097 427
pole 0.0035 1081 199 1113 422
pole 0.0034 1430 313 1479 545
pole 0.0032 1158 245 1181 420
pole 0.0027 1777 48 1853 582
pole 0.0026 1192 264 1222 440
pole 0.0023 1822 -2 1922 562
pole 0.0018 1141 103 1191 430
pole 0.0018 1355 138 1378 442
pole 0.0017 1432 261 1471 465
pole 0.0016 1086 225 1095 367
pole 0.0016 1373 341 1552 534
pole 0.0016 1088 187 1159 443
pole 0.0015 1422 330 1452 500
pole 0.0015 1194 338 1227 432
pole 0.0013 1453 223 1507 508
pole 0.0013 1583 7 1800 580
pole 0.0013 1830 165 1860 446
pole 0.0012 1755 223 1776 549
pole 0.0012 1155 51 1196 367
pole 0.0012 1202 241 1234 426
pole 0.0011 1160 269 1199 443
pole 0.0011 1714 1 1793 566
pole 0.0010 1161 359 1196 436
pole 0.0010 1655 0 1888 586
rail-occluder 0.0933 1535 454 1678 558
rail-occluder 0.0740 1702 494 1774 587
rail-occluder 0.0327 1166 390 1184 423
rail-occluder 0.0273 1551 445 1639 536
rail-occluder 0.0163 1656 481 1798 587
rail-occluder 0.0037 1211 400 1243 430
rail-occluder 0.0032 1548 442 1602 506
rail-occluder 0.0028 1172 388 1237 435
rail-occluder 0.0020 1206 402 1250 450
rail-occluder 0.0020 1188 399 1238 458
rail-occluder 0.0019 1546 436 1572 485
rail-occluder 0.0012 1634 487 1871 640
rail-occluder 0.0010 1170 396 1286 437
