crossing 0.0028 750 517 818 550
crossing 0.0024 725 522 784 551
crossing 0.0014 711 522 763 548
crossing 0.0014 546 982 823 1071
train-car 0.1023 782 521 819 545
train-car 0.0122 725 520 781 546
train-car 0.0106 820 485 855 513
train-car 0.0095 776 503 826 546
train-car 0.0032 746 480 820 561
train-car 0.0028 726 499 820 545
train-car 0.0015 829 482 859 506
train-car 0.0014 680 518 743 548
train-car 0.0014 458 511 652 622
rail 0.9576 -1 549 748 1075
rail 0.9567 540 546 829 1078
rail 0.0017 752 523 814 547
track-sign-front 0.0069 831 484 857 504
track-sign-front 0.0028 474 427 504 456
track-sign-front 0.0015 1073 126 1101 149
track-sign-front 0.0013 1556 478 1592 508
track-signal-front 0.0074 829 483 853 503
track-signal-back 0.0768 837 397 854 435
track-signal-back 0.0048 844 405 868 444
track-signal-back 0.0024 837 393 852 418
track-signal-back 0.0020 835 394 877 434
track-signal-back 0.0010 830 394 861 453
car 0.0043 458 516 663 625
person 0.0158 1896 569 1921 641
person 0.0092 1880 546 1918 635
person 0.0014 1854 552 1912 633
pole 0.0018 773 434 793 553
