crossing 0.3509 720 743 957 1072
guard-rail 0.4754 349 777 672 1061
guard-rail 0.4735 724 703 959 1065
guard-rail 0.4215 138 663 859 1078
guard-rail 0.3356 900 736 947 1070
guard-rail 0.0835 840 749 863 799
guard-rail 0.0230 451 784 631 1010
guard-rail 0.0169 859 738 954 1072
guard-rail 0.0103 649 755 717 782
guard-rail 0.0076 827 752 854 832
guard-rail 0.0073 907 758 925 845
guard-rail 0.0060 893 754 917 808
guard-rail 0.0050 639 758 729 796
guard-rail 0.0049 835 746 886 797
guard-rail 0.0036 735 768 887 1030
guard-rail 0.0035 912 757 966 1049
guard-rail 0.0033 676 770 733 815
guard-rail 0.0033 878 751 917 791
guard-rail 0.0030 907 749 942 949
guard-rail 0.0029 163 806 631 1076
guard-rail 0.0028 910 758 933 869
guard-rail 0.0028 833 745 857 803
guard-rail 0.0019 809 767 852 880
guard-rail 0.0015 902 747 922 805
guard-rail 0.0014 896 772 919 847
guard-rail 0.0012 657 745 711 776
guard-rail 0.0011 799 729 922 1056
guard-rail 0.0010 389 789 554 1032
platform 0.0012 1014 664 1899 1082
rail 0.9535 704 654 976 1076
rail 0.9132 116 654 878 1076
rail 0.0099 155 785 681 1077
switch-static 0.0279 589 769 622 785
switch-static 0.0041 577 768 622 794
switch-static 0.0012 952 758 986 782
switch-static 0.0011 598 764 657 786
track-sign-front 0.0961 926 653 938 669
track-sign-front 0.0886 923 651 935 667
track-sign-front 0.0633 807 651 819 664
track-sign-front 0.0579 918 646 933 663
track-sign-front 0.0177 913 640 923 657
track-sign-front 0.0126 684 646 700 662
track-sign-front 0.0104 801 645 840 667
track-sign-front 0.0051 921 648 937 672
track-sign-front 0.0023 690 650 706 664
track-sign-front 0.0019 805 648 821 669
track-sign-front 0.0019 610 674 642 713
track-sign-front 0.0019 977 611 990 634
track-sign-front 0.0016 617 660 648 706
track-sign-front 0.0014 1243 759 1278 820
track-sign-front 0.0011 678 628 697 649
track-signal-back 0.0377 840 615 851 636
track-signal-back 0.0140 839 609 852 631
track-signal-back 0.0128 911 631 925 652
track-signal-back 0.0040 907 619 923 642
track-signal-back 0.0037 834 611 858 673
track-signal-back 0.0019 840 610 873 638
