rail 0.9533 933 639 1178 1078
rail 0.0022 1070 614 1898 764
rail 0.0016 1101 633 1801 881
track-sign-front 0.8813 1376 670 1433 850
track-sign-front 0.3439 1034 639 1048 671
track-sign-front 0.1475 895 659 907 686
track-sign-front 0.1033 780 684 807 729
track-sign-front 0.0691 995 604 1008 622
track-sign-front 0.0484 781 711 808 762
track-sign-front 0.0354 1548 675 1573 700
track-sign-front 0.0215 1036 624 1051 666
track-sign-front 0.0083 1037 642 1056 679
track-sign-front 0.0067 890 658 903 688
track-sign-front 0.0062 781 627 809 738
track-sign-front 0.0058 862 605 881 625
track-sign-front 0.0049 91 1032 164 1078
track-sign-front 0.0041 900 600 938 639
track-sign-front 0.0037 1245 667 1259 688
track-sign-front 0.0028 781 581 806 662
track-sign-front 0.0028 780 726 813 775
track-sign-front 0.0027 774 679 820 756
track-sign-front 0.0026 1901 644 1919 698
track-sign-front 0.0026 1028 636 1054 674
track-sign-front 0.0026 1120 650 1143 675
track-sign-front 0.0021 765 664 803 756
track-sign-front 0.0021 894 607 941 675
track-sign-front 0.0020 782 585 805 626
track-sign-front 0.0019 1901 651 1919 748
track-sign-front 0.0018 928 634 965 664
track-sign-front 0.0013 784 579 816 751
track-sign-front 0.0013 1143 658 1197 684
track-sign-front 0.0012 896 600 920 629
track-sign-front 0.0010 887 662 914 692
track-signal-front 0.1120 996 602 1008 624
track-signal-back 0.0054 920 538 939 570
track-signal-back 0.0021 915 535 943 587
track-signal-back 0.0019 911 531 937 564
track-signal-back 0.0010 898 540 923 568
pole 0.0650 1867 107 1921 950
pole 0.0538 1890 178 1919 877
pole 0.0329 1492 448 1507 675
pole 0.0054 1484 426 1504 688
pole 0.0048 1818 145 1920 987
pole 0.0030 1869 754 1912 970
pole 0.0020 1887 737 1918 951
pole 0.0018 1873 571 1921 974
pole 0.0015 1493 528 1509 661
pole 0.0012 1494 490 1505 638
