crossing 0.0029 758 681 835 711
crossing 0.0024 761 706 831 729
crossing 0.0020 758 662 796 693
crossing 0.0017 1737 790 1916 887
guard-rail 0.2153 920 842 1050 1075
guard-rail 0.1470 779 773 795 816
guard-rail 0.0894 949 769 963 818
guard-rail 0.0763 841 783 1061 1071
guard-rail 0.0426 966 801 979 863
guard-rail 0.0393 959 767 975 853
guard-rail 0.0379 769 765 793 805
guard-rail 0.0315 787 781 803 816
guard-rail 0.0181 947 770 967 841
guard-rail 0.0115 766 767 784 809
guard-rail 0.0113 957 759 970 812
guard-rail 0.0101 769 812 789 1081
guard-rail 0.0090 775 758 810 804
guard-rail 0.0086 946 799 977 874
guard-rail 0.0082 773 771 804 817
guard-rail 0.0081 966 824 988 885
guard-rail 0.0064 967 779 984 857
guard-rail 0.0055 952 818 993 898
guard-rail 0.0052 968 768 982 817
guard-rail 0.0045 946 889 1034 1032
guard-rail 0.0038 770 895 785 1030
guard-rail 0.0035 781 861 817 1065
guard-rail 0.0032 788 794 828 1091
guard-rail 0.0026 915 767 958 816
guard-rail 0.0026 804 850 847 1073
guard-rail 0.0026 1004 716 1045 737
guard-rail 0.0019 762 874 783 1054
guard-rail 0.0019 966 936 1063 1071
guard-rail 0.0018 821 780 875 1093
guard-rail 0.0018 787 769 836 822
guard-rail 0.0018 958 800 986 866
guard-rail 0.0016 780 778 813 820
guard-rail 0.0014 1707 785 1908 902
guard-rail 0.0013 893 758 972 826
guard-rail 0.0013 763 887 799 1069
guard-rail 0.0012 1745 827 1914 898
guard-rail 0.0011 833 742 868 784
guard-rail 0.0011 766 756 797 834
guard-rail 0.0010 951 762 994 878
train-car 0.0198 754 653 798 688
train-car 0.0020 767 654 826 681
train-car 0.0019 742 649 784 683
rail 0.9216 877 665 1918 1075
rail 0.8171 765 672 1066 1079
rail 0.7034 975 671 1913 831
rail 0.2597 1218 697 1906 799
rail 0.0142 811 661 982 868
rail 0.0074 789 768 872 1083
rail 0.0070 936 678 1086 717
rail 0.0066 772 703 833 1080
rail 0.0049 867 667 934 692
rail 0.0045 930 670 1103 701
rail 0.0045 871 709 1125 1075
rail 0.0044 1235 708 1867 934
rail 0.0044 906 678 974 719
rail 0.0036 880 674 943 699
rail 0.0032 929 850 1101 1073
rail 0.0030 1607 751 1865 791
rail 0.0026 948 685 1028 718
rail 0.0024 1398 722 1892 834
rail 0.0016 760 614 947 1029
rail 0.0016 980 680 1354 740
rail 0.0015 754 705 800 1077
rail 0.0015 1443 710 1628 776
rail 0.0015 803 901 1060 1079
rail 0.0014 1070 689 1265 732
rail 0.0012 831 669 979 763
rail 0.0012 846 746 1015 1073
rail 0.0010 806 882 847 1074
rail 0.0010 1097 567 1249 755
switch-indicator 0.0048 1021 706 1065 737
switch-indicator 0.0035 862 665 884 696
switch-right 0.0999 922 689 972 712
switch-right 0.0018 917 676 977 728
switch-unknown 0.2325 922 690 971 713
switch-unknown 0.1610 921 680 968 702
switch-unknown 0.0670 905 677 958 698
switch-unknown 0.0153 929 672 985 695
switch-unknown 0.0123 959 698 1024 720
switch-unknown 0.0088 868 666 928 690
switch-unknown 0.0066 982 706 1047 727
switch-unknown 0.0045 946 686 1028 716
switch-unknown 0.0024 952 669 1027 699
switch-unknown 0.0023 963 677 1056 721
switch-unknown 0.0017 1015 719 1080 743
switch-unknown 0.0017 1015 711 1067 736
switch-static 0.0107 1289 739 1358 769
switch-static 0.0081 1035 724 1098 745
switch-static 0.0060 882 672 940 700
switch-static 0.0055 1062 726 1097 744
switch-static 0.0036 1017 721 1076 740
track-sign-front 0.0978 1172 636 1183 654
track-sign-front 0.0386 1173 641 1186 688
track-sign-front 0.0267 862 666 879 687
track-sign-front 0.0208 1170 614 1184 681
track-sign-front 0.0183 751 655 786 689
track-sign-front 0.0077 655 647 668 670
track-sign-front 0.0063 1727 872 1786 918
track-sign-front 0.0061 1170 626 1186 720
track-sign-front 0.0051 856 627 881 689
track-sign-front 0.0029 1166 557 1181 692
track-sign-front 0.0023 785 655 836 681
track-sign-front 0.0018 853 670 877 701
track-sign-front 0.0014 655 638 675 665
track-sign-front 0.0013 1713 854 1817 917
track-sign-front 0.0010 836 602 876 681
track-sign-front 0.0010 655 653 675 686
track-signal-front 0.0016 1309 587 1325 608
track-signal-front 0.0012 913 596 940 662
track-signal-back 0.0011 424 250 471 428
pole 0.4442 1162 462 1181 733
pole 0.1081 1128 479 1148 721
pole 0.0671 1168 482 1186 777
pole 0.0633 842 508 861 694
pole 0.0282 1122 502 1138 706
pole 0.0227 849 514 868 691
pole 0.0095 1006 507 1022 701
pole 0.0061 1160 515 1192 786
pole 0.0058 827 503 857 693
pole 0.0053 1141 458 1179 730
pole 0.0052 853 554 875 684
pole 0.0051 1151 453 1200 756
pole 0.0047 1115 581 1135 712
pole 0.0041 1059 611 1077 691
pole 0.0037 1129 532 1142 680
pole 0.0033 996 514 1017 696
pole 0.0028 1059 553 1078 717
pole 0.0026 1009 549 1027 691
pole 0.0023 1171 440 1217 758
pole 0.0022 1169 621 1186 730
pole 0.0021 1168 532 1181 681
pole 0.0017 1163 517 1177 667
pole 0.0016 1063 529 1092 716
pole 0.0015 957 559 977 693
pole 0.0015 1864 9 1922 937
pole 0.0012 837 521 875 708
pole 0.0012 982 522 1011 714
pole 0.0012 1060 601 1089 698
pole 0.0012 1791 28 1920 916
pole 0.0011 857 608 880 711
pole 0.0010 1112 522 1143 723
pole 0.0010 1026 519 1052 721
rail-occluder 0.6474 1558 780 1594 865
rail-occluder 0.3132 1101 690 1138 721
rail-occluder 0.2102 1241 739 1261 765
rail-occluder 0.0697 1288 738 1316 771
rail-occluder 0.0436 1044 683 1061 715
rail-occluder 0.0181 1259 738 1321 771
rail-occluder 0.0150 1513 768 1641 876
rail-occluder 0.0133 1098 672 1134 716
rail-occluder 0.0112 1068 686 1124 732
rail-occluder 0.0103 1080 680 1146 718
rail-occluder 0.0090 1180 687 1199 743
rail-occluder 0.0079 1041 665 1059 708
rail-occluder 0.0078 1034 710 1096 744
rail-occluder 0.0059 1633 748 1679 775
rail-occluder 0.0051 1291 742 1359 774
rail-occluder 0.0050 1629 733 1669 775
rail-occluder 0.0046 1014 678 1095 719
rail-occluder 0.0039 1045 641 1074 720
rail-occluder 0.0039 861 663 881 693
rail-occluder 0.0037 1726 849 1779 917
rail-occluder 0.0036 1175 662 1198 753
rail-occluder 0.0035 1146 679 1200 729
rail-occluder 0.0024 1725 844 1758 906
rail-occluder 0.0022 1179 685 1208 717
rail-occluder 0.0021 1330 692 1388 733
rail-occluder 0.0020 1336 676 1389 723
rail-occluder 0.0019 1317 747 1370 774
rail-occluder 0.0019 1183 701 1198 764
rail-occluder 0.0018 1267 733 1341 780
rail-occluder 0.0018 1279 710 1332 759
rail-occluder 0.0017 1557 791 1603 916
rail-occluder 0.0015 1235 706 1270 771
rail-occluder 0.0013 1094 688 1144 743
rail-occluder 0.0012 1560 817 1599 886
rail-occluder 0.0012 1152 687 1226 744
rail-occluder 0.0012 1598 712 1635 765
rail-occluder 0.0011 1310 736 1383 772
rail-occluder 0.0011 1570 720 1723 791
rail-occluder 0.0011 1021 706 1064 739
rail-occluder 0.0010 1115 625 1144 729
rail-occluder 0.0010 1124 692 1214 730
rail-occluder 0.0010 1214 712 1263 772
rail-occluder 0.0010 1176 692 1214 747
rail-occluder 0.0010 1021 666 1168 722
