crossing 0.0034 824 748 1023 786
crossing 0.0014 807 729 1038 778
crossing 0.0013 740 704 1011 782
crossing 0.0013 300 723 496 763
guard-rail 0.0013 1748 1038 1878 1078
rail 0.8973 674 587 1905 1076
rail 0.6898 166 587 894 1077
rail 0.1014 1 593 406 1084
rail 0.0054 0 609 193 1084
rail 0.0027 377 614 1475 1074
rail 0.0017 -8 587 650 824
rail 0.0015 0 585 278 868
rail 0.0014 889 774 1865 1069
rail 0.0012 199 601 849 845
rail 0.0011 174 625 424 1066
rail 0.0010 0 636 62 1073
track-sign-front 0.2987 586 433 612 463
track-sign-front 0.0130 381 507 415 549
track-sign-front 0.0062 993 462 1014 486
track-sign-front 0.0020 824 458 837 479
track-sign-front 0.0013 576 456 607 494
track-signal-front 0.0054 878 448 902 471
track-signal-front 0.0052 738 441 756 477
track-signal-front 0.0022 884 453 904 477
track-signal-front 0.0017 738 432 758 459
track-signal-front 0.0015 739 446 764 497
person 0.0186 1643 493 1683 629
person 0.0041 382 509 415 559
person 0.0029 1671 511 1717 626
person 0.0027 1695 526 1723 606
person 0.0014 1630 450 1672 626
person 0.0012 1653 495 1697 611
pole 0.0136 1216 47 1252 625
