guard-rail 0.4759 1067 759 1111 791
guard-rail 0.4745 1617 946 1661 1019
guard-rail 0.1897 950 767 977 796
guard-rail 0.1693 936 773 970 802
guard-rail 0.1621 914 787 954 817
guard-rail 0.1041 1613 940 1676 1042
guard-rail 0.0964 1251 902 1259 1009
guard-rail 0.0945 1477 915 1608 1006
guard-rail 0.0688 1058 750 1122 796
guard-rail 0.0672 1479 919 1557 981
guard-rail 0.0520 1035 778 1080 808
guard-rail 0.0495 1565 896 1712 1046
guard-rail 0.0369 961 761 1001 788
guard-rail 0.0367 1419 889 1606 998
guard-rail 0.0319 1477 912 1493 939
guard-rail 0.0285 1481 919 1538 957
guard-rail 0.0279 1093 739 1126 765
guard-rail 0.0230 1408 871 1679 1041
guard-rail 0.0198 1417 859 1487 916
guard-rail 0.0179 1074 730 1123 764
guard-rail 0.0164 1587 907 1677 1000
guard-rail 0.0153 1030 758 1073 794
guard-rail 0.0145 1506 949 1618 1014
guard-rail 0.0142 1456 890 1491 938
guard-rail 0.0103 1342 816 1577 985
guard-rail 0.0099 1047 723 1146 775
guard-rail 0.0098 1395 850 1521 937
guard-rail 0.0085 520 955 752 1068
guard-rail 0.0079 1471 906 1512 947
guard-rail 0.0079 1070 683 1137 735
guard-rail 0.0079 801 752 1073 847
guard-rail 0.0077 1255 912 1269 1011
guard-rail 0.0076 1475 896 1496 959
guard-rail 0.0070 1033 697 1087 774
guard-rail 0.0062 1441 1018 1501 1076
guard-rail 0.0060 1497 766 1585 806
guard-rail 0.0059 1581 945 1793 1059
guard-rail 0.0055 1452 872 1494 959
guard-rail 0.0054 893 789 938 826
guard-rail 0.0054 1060 688 1121 722
guard-rail 0.0053 896 766 982 822
guard-rail 0.0047 1461 1035 1498 1076
guard-rail 0.0044 1105 727 1143 753
guard-rail 0.0043 932 790 982 817
guard-rail 0.0039 1249 900 1256 991
guard-rail 0.0039 1465 893 1517 960
guard-rail 0.0039 972 719 1027 762
guard-rail 0.0039 1375 937 1402 1025
guard-rail 0.0032 1599 985 1656 1054
guard-rail 0.0030 1303 928 1418 1031
guard-rail 0.0029 1413 970 1508 1078
guard-rail 0.0028 995 762 1045 808
guard-rail 0.0025 979 748 1050 788
guard-rail 0.0025 1362 937 1397 1008
guard-rail 0.0023 1529 978 1699 1064
guard-rail 0.0021 1008 702 1173 821
guard-rail 0.0021 1518 789 1606 836
guard-rail 0.0020 1385 963 1409 1027
guard-rail 0.0020 1705 891 1862 949
guard-rail 0.0019 1418 1013 1449 1079
guard-rail 0.0019 1479 799 1560 853
guard-rail 0.0018 1058 782 1099 813
guard-rail 0.0018 1553 875 1600 932
guard-rail 0.0016 1271 757 1354 817
guard-rail 0.0016 909 745 1023 855
guard-rail 0.0014 1248 922 1257 1030
guard-rail 0.0013 1452 774 1517 826
guard-rail 0.0012 1548 873 1634 942
guard-rail 0.0012 1482 908 1553 947
guard-rail 0.0011 1375 731 1435 769
guard-rail 0.0011 1105 745 1139 779
guard-rail 0.0011 1651 852 1740 906
guard-rail 0.0010 911 766 955 797
guard-rail 0.0010 1104 693 1155 742
guard-rail 0.0010 1397 969 1447 1062
guard-rail 0.0010 989 749 1117 834
guard-rail 0.0010 866 723 1091 814
rail 0.9421 506 663 1221 1076
rail 0.9368 1297 652 1918 1074
rail 0.8755 1251 769 1710 1069
rail 0.8725 1234 661 1452 1077
rail 0.6266 1188 676 1306 738
rail 0.5834 1305 664 1423 735
rail 0.4044 1027 666 1194 713
rail 0.2164 1358 668 1417 730
rail 0.1259 1025 674 1100 712
rail 0.0486 1208 667 1337 1079
rail 0.0431 1380 672 1440 729
rail 0.0418 1240 671 1304 744
rail 0.0418 1480 789 1924 1070
rail 0.0388 1171 673 1275 714
rail 0.0332 1594 942 1916 1072
rail 0.0326 1639 996 1915 1075
rail 0.0322 1226 698 1320 776
rail 0.0253 1004 664 1196 758
rail 0.0223 1038 670 1267 725
rail 0.0210 1433 1023 1498 1077
rail 0.0200 1066 669 1150 709
rail 0.0169 1603 968 1677 1068
rail 0.0165 11 663 1188 882
rail 0.0160 1245 658 1356 737
rail 0.0156 1262 652 1415 717
rail 0.0135 1021 677 1160 734
rail 0.0124 1301 641 1380 723
rail 0.0098 1323 822 1623 1010
rail 0.0094 1409 991 1488 1076
rail 0.0090 1592 983 1825 1068
rail 0.0086 1208 664 1340 810
rail 0.0086 1751 947 1925 1073
rail 0.0084 1043 659 1253 703
rail 0.0083 946 684 1173 802
rail 0.0074 515 962 720 1065
rail 0.0074 1353 669 1486 753
rail 0.0069 1390 703 1480 769
rail 0.0066 1500 751 1707 989
rail 0.0062 1619 988 1698 1073
rail 0.0056 1093 659 1227 691
rail 0.0056 1252 689 1328 751
rail 0.0042 1662 884 1914 1047
rail 0.0040 1296 654 1442 783
rail 0.0040 1250 649 1313 715
rail 0.0037 1411 984 1451 1076
rail 0.0036 1256 645 1350 698
rail 0.0035 509 794 1014 1075
rail 0.0032 1654 1028 1858 1075
rail 0.0031 1461 1031 1499 1078
rail 0.0030 1331 651 1530 822
rail 0.0029 1787 993 1921 1078
rail 0.0028 749 721 1012 1016
rail 0.0027 1515 806 1671 880
rail 0.0026 1480 797 1619 861
rail 0.0025 1313 659 1645 937
rail 0.0024 1396 730 1648 995
rail 0.0024 530 946 858 1080
rail 0.0023 1626 1025 1693 1074
rail 0.0022 991 684 1115 791
rail 0.0022 1389 967 1459 1071
rail 0.0021 731 674 1202 946
rail 0.0020 986 634 1248 744
rail 0.0019 1215 641 1434 805
rail 0.0019 1387 940 1543 1075
rail 0.0019 1844 1004 1920 1077
rail 0.0018 1538 832 1845 980
rail 0.0018 1238 670 1292 947
rail 0.0017 961 652 1238 841
rail 0.0017 1531 831 1661 894
rail 0.0017 1232 714 1349 873
rail 0.0016 1146 633 1345 893
rail 0.0013 1275 698 1415 987
rail 0.0013 1353 729 1527 851
rail 0.0012 1322 977 1491 1073
rail 0.0011 1647 993 1721 1073
rail 0.0011 1790 879 1923 1001
rail 0.0010 1251 922 1444 1060
rail 0.0010 1029 658 1443 1085
rail 0.0010 1537 849 1653 916
rail 0.0010 1613 1019 1752 1076
switch-indicator 0.1512 1483 729 1515 753
switch-indicator 0.1163 1598 1008 1622 1067
switch-indicator 0.0251 1453 687 1475 712
switch-indicator 0.0235 1598 1005 1663 1075
switch-indicator 0.0119 1603 968 1676 1068
switch-indicator 0.0108 1841 930 1877 974
switch-indicator 0.0089 1452 709 1497 752
switch-indicator 0.0075 1594 1005 1615 1047
switch-indicator 0.0018 1579 999 1625 1051
switch-indicator 0.0014 1098 642 1122 688
switch-indicator 0.0011 1627 1028 1692 1078
switch-left 0.1164 1249 741 1328 787
switch-left 0.1131 1415 741 1494 776
switch-left 0.0730 1436 761 1524 797
switch-left 0.0580 1229 706 1318 770
switch-left 0.0392 1406 737 1473 766
switch-left 0.0378 1616 970 1905 1069
switch-left 0.0288 1381 703 1480 759
switch-left 0.0207 1470 781 1580 826
switch-left 0.0181 1258 729 1313 765
switch-left 0.0176 1422 747 1533 804
switch-left 0.0107 1232 945 1424 1030
switch-left 0.0107 1582 848 1917 1062
switch-left 0.0073 1490 768 1592 809
switch-left 0.0064 1671 915 1907 1004
switch-left 0.0054 1583 944 1790 1057
switch-left 0.0053 525 970 865 1076
switch-left 0.0038 1629 872 1901 986
switch-left 0.0034 1719 924 1896 981
switch-left 0.0033 1698 899 1871 960
switch-left 0.0023 1779 996 1919 1077
switch-left 0.0021 1643 843 1739 889
switch-left 0.0016 1652 850 1761 909
switch-left 0.0013 1448 772 1521 827
switch-left 0.0012 1658 1003 1831 1064
switch-left 0.0010 1619 833 1720 881
switch-right 0.2660 1249 728 1312 768
switch-right 0.2099 1251 743 1321 786
switch-right 0.1547 1252 756 1332 800
switch-right 0.1377 1247 710 1305 750
switch-right 0.1225 1445 768 1545 806
switch-right 0.1014 1369 699 1420 741
switch-right 0.0997 1414 741 1495 777
switch-right 0.0919 1426 751 1506 790
switch-right 0.0844 1391 724 1462 757
switch-right 0.0654 1376 714 1431 743
switch-right 0.0486 1437 763 1523 797
switch-right 0.0323 1405 738 1473 766
switch-right 0.0283 1021 693 1082 724
switch-right 0.0231 1470 781 1580 826
switch-right 0.0127 1435 758 1651 872
switch-right 0.0104 1019 712 1073 744
switch-right 0.0086 1492 768 1589 810
switch-right 0.0058 1459 780 1605 855
switch-right 0.0053 1673 916 1908 1004
switch-right 0.0026 1603 846 1907 998
switch-right 0.0024 1629 849 1757 911
switch-right 0.0016 973 749 1055 789
switch-right 0.0013 1242 704 1296 869
switch-right 0.0013 973 716 1074 779
switch-right 0.0013 1252 773 1339 828
switch-right 0.0013 1686 886 1897 965
switch-right 0.0012 1614 833 1723 883
switch-right 0.0012 1449 772 1521 827
switch-right 0.0012 1266 761 1357 814
switch-right 0.0011 1507 790 1623 841
switch-right 0.0011 1244 752 1293 814
switch-unknown 0.1605 1023 700 1075 721
switch-unknown 0.1316 1028 679 1095 715
switch-unknown 0.0593 1051 674 1126 710
switch-unknown 0.0561 1185 673 1232 692
switch-unknown 0.0400 1188 671 1272 710
switch-unknown 0.0340 1184 677 1246 700
switch-unknown 0.0258 974 703 1060 727
switch-unknown 0.0236 1171 669 1223 687
switch-unknown 0.0104 1082 666 1142 697
switch-unknown 0.0059 1136 660 1193 686
switch-unknown 0.0051 1210 648 1296 725
switch-unknown 0.0026 1091 662 1173 689
switch-unknown 0.0022 1137 671 1198 692
switch-unknown 0.0020 1188 626 1238 689
switch-static 0.1943 1481 729 1514 755
switch-static 0.1939 1189 726 1232 746
switch-static 0.1488 1333 751 1378 774
switch-static 0.1294 1196 722 1252 744
switch-static 0.1248 1463 728 1508 759
switch-static 0.1020 977 705 1019 724
switch-static 0.0808 1857 932 1922 979
switch-static 0.0538 1330 739 1386 777
switch-static 0.0485 1455 762 1531 797
switch-static 0.0426 1526 762 1570 782
switch-static 0.0406 1354 712 1419 748
switch-static 0.0310 977 703 1057 726
switch-static 0.0208 1448 703 1499 752
switch-static 0.0192 1188 734 1240 767
switch-static 0.0167 1482 764 1558 794
switch-static 0.0144 1416 706 1479 748
switch-static 0.0139 1840 926 1874 969
switch-static 0.0137 1327 763 1383 801
switch-static 0.0124 1319 751 1369 782
switch-static 0.0090 1179 721 1222 743
switch-static 0.0075 1420 851 1478 904
switch-static 0.0069 1841 938 1921 1008
switch-static 0.0064 1351 794 1388 815
switch-static 0.0057 1874 942 1921 1000
switch-static 0.0047 1873 1013 1920 1065
switch-static 0.0046 1801 927 1879 968
switch-static 0.0038 1798 910 1906 965
switch-static 0.0038 1198 741 1267 782
switch-static 0.0036 1530 767 1595 799
switch-static 0.0034 1304 684 1380 741
switch-static 0.0031 1774 932 1919 1048
switch-static 0.0030 1858 1020 1921 1083
switch-static 0.0028 1476 828 1502 863
switch-static 0.0028 1649 843 1736 888
switch-static 0.0024 1439 829 1497 885
switch-static 0.0023 1843 912 1919 971
switch-static 0.0020 1255 692 1324 753
switch-static 0.0020 1519 749 1564 777
switch-static 0.0017 1303 715 1372 772
switch-static 0.0016 1846 909 1924 1051
switch-static 0.0016 1875 974 1921 1050
switch-static 0.0014 1489 723 1530 753
switch-static 0.0013 1474 818 1523 860
switch-static 0.0013 1173 737 1227 771
switch-static 0.0013 1865 1052 1913 1083
switch-static 0.0012 1552 762 1610 785
switch-static 0.0011 1368 839 1507 914
switch-static 0.0010 1334 792 1388 821
track-sign-front 0.0354 545 785 570 808
track-sign-front 0.0079 1864 760 1892 794
track-sign-front 0.0031 548 783 583 807
track-sign-front 0.0015 1459 676 1475 706
track-sign-front 0.0010 1895 603 1919 793
track-signal-front 0.0096 834 74 859 121
track-signal-back 0.0019 1339 579 1353 654
track-signal-back 0.0011 1325 552 1342 582
person 0.0067 834 78 859 122
pole 0.0834 1294 578 1304 698
pole 0.0811 1172 556 1183 678
pole 0.0608 1333 575 1350 711
pole 0.0293 1230 579 1242 688
pole 0.0167 1319 633 1358 725
pole 0.0125 1446 530 1474 717
pole 0.0071 1168 591 1187 685
pole 0.0046 1230 565 1253 687
pole 0.0043 1287 633 1316 702
pole 0.0026 1423 537 1451 714
pole 0.0025 1315 570 1375 737
pole 0.0016 1338 550 1354 684
pole 0.0015 1344 571 1404 749
pole 0.0015 1286 555 1304 670
pole 0.0014 1293 542 1308 690
pole 0.0012 1354 547 1383 710
pole 0.0012 1228 602 1270 689
pole 0.0011 1299 548 1350 720
pole 0.0011 1455 555 1477 695
pole 0.0011 530 22 640 900
pole 0.0011 1256 589 1345 695
