guard-rail 0.0524 1228 607 1335 642
guard-rail 0.0500 1180 589 1337 639
guard-rail 0.0263 1146 577 1280 625
guard-rail 0.0215 1135 568 1220 596
guard-rail 0.0184 1145 573 1238 604
guard-rail 0.0183 1113 563 1270 613
guard-rail 0.0172 1121 563 1201 589
guard-rail 0.0152 1279 611 1369 642
guard-rail 0.0112 1258 616 1356 651
guard-rail 0.0057 1017 523 1068 547
guard-rail 0.0051 1260 603 1343 633
guard-rail 0.0036 1000 520 1040 552
guard-rail 0.0018 1075 569 1318 645
guard-rail 0.0017 1791 826 1922 1078
guard-rail 0.0014 974 515 1026 565
guard-rail 0.0014 955 517 989 561
guard-rail 0.0010 1201 613 1278 646
train-car 0.0068 1019 480 1065 532
rail 0.9417 955 499 1304 1080
rail 0.9373 149 502 942 1077
rail 0.8640 979 512 1917 981
rail 0.8444 1054 513 1914 728
rail 0.3004 984 512 1374 637
rail 0.1437 1084 516 1913 622
rail 0.1417 943 510 1081 1074
rail 0.1154 987 508 1200 585
rail 0.0979 961 676 1186 1005
rail 0.0519 1117 563 1342 640
rail 0.0443 978 506 1032 534
rail 0.0382 950 523 1183 903
rail 0.0273 1026 529 1240 600
rail 0.0271 997 507 1133 560
rail 0.0203 997 506 1041 539
rail 0.0178 965 490 1035 531
rail 0.0170 964 510 1132 689
rail 0.0147 1071 548 1225 594
rail 0.0144 941 496 1005 529
rail 0.0124 1291 520 1915 589
rail 0.0120 889 505 1745 814
rail 0.0106 960 498 1406 771
rail 0.0083 928 513 1018 1073
rail 0.0076 1023 508 1101 551
rail 0.0074 1045 522 1179 582
rail 0.0058 1743 548 1927 598
rail 0.0058 1064 519 1454 697
rail 0.0053 1054 495 1201 571
rail 0.0052 1105 516 1420 580
rail 0.0050 977 628 1683 1093
rail 0.0049 1586 539 1923 632
rail 0.0048 1249 554 1811 707
rail 0.0046 1155 587 1318 648
rail 0.0037 1069 477 1153 587
rail 0.0036 953 545 1098 804
rail 0.0036 1746 561 1923 623
rail 0.0035 1092 516 1284 557
rail 0.0035 1044 493 1128 568
rail 0.0029 997 521 1042 559
rail 0.0026 971 504 1044 550
rail 0.0020 921 505 987 527
rail 0.0020 1115 551 1205 588
rail 0.0019 970 513 1053 719
rail 0.0019 1779 541 1926 579
rail 0.0019 1038 625 1203 773
rail 0.0018 1205 569 1516 653
rail 0.0017 964 579 1032 1061
rail 0.0017 926 503 1230 709
rail 0.0012 1784 839 1920 1077
rail 0.0012 1367 530 1933 675
rail 0.0011 974 853 1245 1002
rail 0.0011 1000 536 1073 723
rail 0.0011 1754 576 1918 652
rail 0.0011 1820 568 1921 631
rail 0.0010 1412 573 1916 740
rail 0.0010 959 505 1039 601
rail 0.0010 1761 578 1925 747
switch-indicator 0.5842 1420 721 1488 826
switch-indicator 0.0035 610 943 722 1068
switch-indicator 0.0025 1743 525 1796 552
switch-left 0.2934 973 795 1180 936
switch-left 0.0248 1245 608 1354 644
switch-left 0.0199 964 849 1241 954
switch-left 0.0168 945 582 1240 1047
switch-left 0.0139 1173 588 1328 634
switch-left 0.0094 1266 616 1381 653
switch-left 0.0074 1000 859 1178 937
switch-left 0.0011 959 753 1154 901
switch-right 0.2697 965 800 1203 921
switch-right 0.0200 1122 564 1237 601
switch-right 0.0183 1237 605 1352 647
switch-right 0.0039 1279 617 1372 652
switch-right 0.0025 963 551 1110 798
switch-right 0.0017 968 700 1214 894
switch-unknown 0.0717 998 510 1040 536
switch-unknown 0.0184 1111 560 1185 583
switch-unknown 0.0074 1096 549 1176 581
switch-unknown 0.0039 929 502 980 534
switch-unknown 0.0032 1075 528 1150 577
switch-static 0.5041 1202 832 1406 907
switch-static 0.2831 1101 696 1211 733
switch-static 0.2133 1590 1013 1673 1076
switch-static 0.1527 1100 696 1159 726
switch-static 0.1219 1239 853 1442 934
switch-static 0.0999 1200 838 1333 896
switch-static 0.0612 1052 672 1227 750
switch-static 0.0598 1344 618 1419 638
switch-static 0.0262 1197 851 1293 904
switch-static 0.0219 1885 759 1918 783
switch-static 0.0204 1315 614 1404 640
switch-static 0.0186 1115 805 1323 932
switch-static 0.0169 1290 877 1445 941
switch-static 0.0157 1364 622 1427 643
switch-static 0.0144 1260 845 1368 906
switch-static 0.0101 1184 806 1365 884
switch-static 0.0097 1141 708 1213 744
switch-static 0.0094 1376 905 1436 946
switch-static 0.0046 1145 780 1421 893
switch-static 0.0037 1884 722 1918 790
switch-static 0.0036 984 527 1309 1006
switch-static 0.0036 608 944 723 1067
switch-static 0.0035 1590 1006 1737 1079
switch-static 0.0035 1314 899 1439 952
switch-static 0.0033 1030 616 1210 782
switch-static 0.0029 1143 828 1278 902
switch-static 0.0029 1143 804 1277 869
switch-static 0.0028 1091 704 1188 756
switch-static 0.0027 1060 673 1368 960
switch-static 0.0023 1245 884 1421 957
switch-static 0.0023 1869 759 1919 799
switch-static 0.0022 1095 682 1288 839
switch-static 0.0022 1262 867 1367 927
switch-static 0.0020 1194 821 1294 878
switch-static 0.0019 1081 639 1262 744
switch-static 0.0015 1204 868 1313 928
switch-static 0.0013 1152 733 1272 801
switch-static 0.0010 1098 723 1220 825
track-sign-front 0.0177 1040 482 1063 518
track-sign-front 0.0083 26 529 49 561
track-sign-front 0.0053 875 434 887 518
track-sign-front 0.0043 875 467 893 518
track-sign-front 0.0029 743 477 764 521
track-sign-front 0.0026 745 373 761 608
track-sign-front 0.0017 875 472 922 521
track-sign-front 0.0017 748 483 785 514
track-sign-front 0.0016 731 482 761 510
track-sign-front 0.0013 1904 483 1918 532
track-signal-front 0.0013 1904 484 1919 542
track-signal-back 0.1949 1078 435 1098 479
track-signal-back 0.0042 1035 398 1048 496
track-signal-back 0.0013 1040 427 1107 522
pole 0.5867 1073 244 1098 582
pole 0.3517 1212 277 1234 552
pole 0.0870 985 415 998 525
pole 0.0602 1038 410 1050 525
pole 0.0274 1030 434 1062 523
pole 0.0234 1058 237 1092 595
pole 0.0181 1002 416 1040 528
pole 0.0117 1017 397 1044 527
pole 0.0101 1074 399 1100 523
pole 0.0099 1074 398 1107 616
pole 0.0099 1115 448 1139 546
pole 0.0096 1204 280 1251 562
pole 0.0091 1034 318 1052 569
pole 0.0080 963 413 1002 532
pole 0.0077 1103 439 1135 563
pole 0.0061 1098 384 1126 575
pole 0.0034 1188 294 1221 569
pole 0.0031 1215 343 1245 562
pole 0.0031 874 408 889 545
pole 0.0027 1055 438 1125 585
pole 0.0026 1168 426 1195 536
pole 0.0022 1084 283 1107 589
pole 0.0021 1046 384 1103 572
pole 0.0021 1086 479 1140 572
pole 0.0018 743 289 769 632
pole 0.0018 1011 390 1084 567
pole 0.0017 867 425 912 525
pole 0.0017 1045 271 1117 610
pole 0.0015 1141 423 1187 538
pole 0.0014 1215 361 1231 512
pole 0.0012 898 437 926 528
pole 0.0011 1205 412 1237 545
pole 0.0011 1105 488 1154 559
pole 0.0010 1177 352 1205 569
rail-occluder 0.4536 1421 720 1490 825
rail-occluder 0.0044 1753 525 1795 556
rail-occluder 0.0032 1219 536 1236 565
rail-occluder 0.0023 1727 527 1813 558
rail-occluder 0.0020 1439 726 1508 842
rail-occluder 0.0016 1203 532 1238 564
rail-occluder 0.0011 605 942 718 1078
