guard-rail 0.0021 1285 678 1372 702
guard-rail 0.0013 1799 786 1920 832
guard-rail 0.0011 1763 772 1910 824
train-car 0.0229 1330 575 1790 639
train-car 0.0197 1451 572 1665 630
train-car 0.0025 1298 566 1865 681
train-car 0.0013 1562 569 1694 644
train-car 0.0010 1411 548 1705 642
platform 0.0160 562 582 852 621
rail 0.9601 880 581 1143 1076
rail 0.9192 8 581 922 1075
rail 0.8932 972 592 1918 1073
rail 0.7907 -2 591 870 746
rail 0.7328 1167 621 1917 780
rail 0.0846 1393 655 1922 763
rail 0.0629 0 608 798 863
rail 0.0283 498 582 886 639
rail 0.0266 0 629 572 732
rail 0.0200 1538 670 1918 745
rail 0.0150 595 586 867 620
rail 0.0093 5 641 427 705
rail 0.0081 986 592 1875 731
rail 0.0049 1409 620 1915 717
rail 0.0048 483 581 917 693
rail 0.0046 -1 653 377 740
rail 0.0045 223 581 914 823
rail 0.0031 1598 686 1910 772
rail 0.0030 589 590 889 667
rail 0.0029 1033 608 1518 728
rail 0.0028 1595 648 1925 701
rail 0.0026 0 602 656 691
rail 0.0023 1272 655 1925 903
rail 0.0022 960 584 1707 824
rail 0.0021 232 591 874 675
rail 0.0020 -4 651 267 698
rail 0.0019 1185 587 1762 655
rail 0.0017 2 671 256 730
rail 0.0017 0 625 316 676
rail 0.0017 1605 624 1923 673
rail 0.0016 1162 620 1677 713
rail 0.0015 1522 669 1919 847
rail 0.0015 0 663 522 828
rail 0.0015 1437 658 1645 735
rail 0.0015 -2 685 305 801
rail 0.0015 1102 603 1218 642
rail 0.0014 1696 688 1917 745
rail 0.0013 1071 593 1552 656
rail 0.0012 184 616 737 768
rail 0.0011 1740 725 1922 849
rail 0.0011 710 579 898 621
rail 0.0010 1079 614 1248 660
switch-indicator 0.0677 853 584 862 597
switch-indicator 0.0292 850 580 866 601
switch-indicator 0.0071 948 599 961 614
switch-right 0.0010 1319 683 1434 715
switch-unknown 0.0087 942 598 968 617
switch-unknown 0.0035 1177 643 1246 663
switch-unknown 0.0027 876 584 920 613
switch-unknown 0.0023 1199 651 1265 670
switch-unknown 0.0023 1272 674 1384 704
switch-unknown 0.0019 875 597 909 621
switch-unknown 0.0016 1153 638 1231 660
switch-unknown 0.0015 1306 681 1392 706
switch-unknown 0.0010 890 579 956 613
track-sign-front 0.0067 943 591 976 612
track-sign-front 0.0022 723 505 739 529
track-signal-front 0.1023 1024 526 1035 544
track-signal-front 0.0913 852 581 863 595
track-signal-front 0.0780 982 560 994 580
track-signal-front 0.0774 811 522 824 549
track-signal-front 0.0733 1017 527 1032 575
track-signal-front 0.0720 1018 562 1027 579
track-signal-front 0.0667 942 558 961 574
track-signal-front 0.0590 1022 530 1032 549
track-signal-front 0.0547 979 541 999 580
track-signal-front 0.0532 812 531 821 554
track-signal-front 0.0505 914 559 933 572
track-signal-front 0.0406 869 553 888 571
track-signal-front 0.0393 963 552 997 583
track-signal-front 0.0313 932 557 963 579
track-signal-front 0.0285 853 557 880 594
track-signal-front 0.0257 915 559 944 575
track-signal-front 0.0160 874 548 914 568
track-signal-front 0.0085 1020 525 1035 551
track-signal-front 0.0066 836 523 852 548
track-signal-front 0.0064 825 517 867 592
track-signal-front 0.0054 1070 514 1080 544
track-signal-front 0.0043 987 532 1017 551
track-signal-front 0.0035 850 577 866 599
track-signal-front 0.0035 868 535 931 598
track-signal-front 0.0033 1015 560 1029 585
track-signal-front 0.0029 810 526 823 564
track-signal-front 0.0018 1409 550 1428 571
track-signal-front 0.0016 1603 551 1618 568
track-signal-back 0.0046 1019 509 1031 534
track-signal-back 0.0021 808 499 818 536
pole 0.4165 1360 245 1391 685
pole 0.0079 1342 251 1382 682
pole 0.0078 1071 493 1082 607
pole 0.0076 302 257 339 661
pole 0.0053 805 519 823 617
pole 0.0043 1354 394 1402 685
pole 0.0038 1386 434 1424 675
pole 0.0030 1364 289 1384 632
pole 0.0017 1137 497 1151 615
pole 0.0012 301 353 326 650
pole 0.0012 1354 534 1393 693
pole 0.0011 723 496 740 549
rail-occluder 0.0345 1617 638 1640 673
rail-occluder 0.0238 1098 593 1125 620
rail-occluder 0.0095 1095 588 1153 619
rail-occluder 0.0038 1161 570 1214 614
rail-occluder 0.0024 1120 574 1207 616
rail-occluder 0.0017 1007 556 1030 614
rail-occluder 0.0017 1098 599 1180 643
rail-occluder 0.0017 1069 594 1131 632
rail-occluder 0.0016 1175 572 1240 620
rail-occluder 0.0016 1611 582 1662 673
rail-occluder 0.0011 848 588 869 627
rail-occluder 0.0011 1197 578 1274 622
rail-occluder 0.0010 1567 588 1689 673
rail-occluder 0.0010 1064 581 1183 633
