crossing 0.2252 976 625 1027 642
crossing 0.0109 956 620 1002 640
crossing 0.0036 1012 623 1052 639
guard-rail 0.8196 997 621 1256 1077
guard-rail 0.7021 980 623 1042 1083
guard-rail 0.0647 980 687 1018 1041
guard-rail 0.0206 972 687 989 1040
guard-rail 0.0152 951 606 1450 1070
guard-rail 0.0095 951 621 991 1079
guard-rail 0.0078 976 565 1141 1079
guard-rail 0.0074 1013 625 1043 640
guard-rail 0.0061 999 683 1056 1038
guard-rail 0.0053 1037 687 1200 1032
guard-rail 0.0021 982 613 1014 933
guard-rail 0.0013 987 639 1029 960
guard-rail 0.0011 1008 684 1119 1035
rail 0.9107 969 561 1292 1078
rail 0.0018 1097 581 1512 1054
track-sign-front 0.1324 1019 552 1030 566
track-sign-front 0.0273 1017 539 1028 558
track-sign-front 0.0192 937 554 950 569
track-sign-front 0.0111 1016 552 1050 575
track-sign-front 0.0102 1017 548 1031 571
track-sign-front 0.0086 1050 553 1065 571
track-sign-front 0.0078 934 552 954 574
track-sign-front 0.0076 930 551 947 568
track-sign-front 0.0068 864 630 898 694
track-sign-front 0.0024 1125 200 1162 227
track-sign-front 0.0020 921 555 949 578
track-sign-front 0.0019 1282 485 1310 519
track-sign-front 0.0018 1016 533 1030 564
track-sign-front 0.0012 986 543 1030 571
track-sign-front 0.0010 1147 194 1166 222
track-sign-front 0.0010 951 616 975 638
pole 0.0080 1848 12 1919 1117
