crossing 0.0073 860 482 930 507
crossing 0.0049 863 459 948 505
crossing 0.0020 931 444 1002 474
crossing 0.0017 879 476 942 502
crossing 0.0012 965 445 1006 470
platform 0.7063 990 458 1894 1077
platform 0.6460 -10 462 942 786
platform 0.5097 997 455 1512 790
platform 0.0851 88 468 953 634
platform 0.0690 1228 669 1886 1080
platform 0.0230 416 473 960 554
platform 0.0211 875 455 956 493
platform 0.0083 846 479 902 505
platform 0.0072 903 454 976 487
platform 0.0037 1073 640 1677 1033
platform 0.0031 912 445 991 481
platform 0.0017 1001 526 1576 960
platform 0.0017 -23 489 824 1084
platform 0.0015 551 482 846 549
platform 0.0014 677 489 890 536
platform 0.0013 1007 450 1382 675
platform 0.0012 932 448 1001 474
platform 0.0011 1318 641 1625 983
platform 0.0010 -5 522 649 878
rail 0.9656 835 457 1143 1075
rail 0.9334 -6 473 945 1073
rail 0.0415 1223 623 1909 1032
track-sign-front 0.0129 1124 408 1147 432
track-sign-front 0.0023 1076 462 1093 497
track-sign-front 0.0015 163 371 252 407
track-sign-front 0.0011 160 322 278 773
track-sign-front 0.0011 611 412 633 440
track-sign-front 0.0010 193 376 242 404
track-signal-front 0.0074 904 390 919 408
track-signal-front 0.0055 988 390 1006 420
track-signal-front 0.0029 899 386 915 406
track-signal-front 0.0027 991 398 1013 425
track-signal-back 0.2409 214 0 376 125
track-signal-back 0.1112 229 65 364 122
track-signal-back 0.0226 263 1 400 95
track-signal-back 0.0110 242 -1 351 82
track-signal-back 0.0039 295 -1 387 62
track-signal-back 0.0035 1764 283 1833 485
track-signal-back 0.0028 194 9 333 101
track-signal-back 0.0020 285 -5 412 31
track-signal-back 0.0019 318 -1 406 47
track-signal-back 0.0018 171 47 350 134
track-signal-back 0.0010 262 -2 370 36
fence 0.2067 1086 551 1904 1079
fence 0.0046 1339 681 1898 969
fence 0.0016 1233 608 1700 946
pole 0.3645 31 -14 375 1052
pole 0.1075 147 -53 287 1141
pole 0.0183 29 -48 147 1015
pole 0.0088 195 440 281 1078
pole 0.0032 16 24 93 1011
pole 0.0029 174 196 283 839
pole 0.0029 69 -22 267 910
pole 0.0026 80 625 115 1062
pole 0.0023 1767 183 1865 1022
pole 0.0021 17 409 281 952
pole 0.0014 41 195 215 820
pole 0.0014 45 536 122 1085
pole 0.0013 146 499 321 1069
pole 0.0012 39 141 116 808
pole 0.0011 868 449 945 493
pole 0.0011 90 678 110 1001
pole 0.0010 190 382 261 842
rail-occluder 0.0297 847 484 882 506
rail-occluder 0.0138 788 503 810 535
rail-occluder 0.0026 791 504 829 537
rail-occluder 0.0019 1421 695 1696 1026
rail-occluder 0.0014 736 519 756 556
rail-occluder 0.0013 778 501 815 539
