crossing 0.0147 763 765 1132 1012
crossing 0.0120 835 840 1008 891
crossing 0.0119 796 783 933 824
crossing 0.0042 841 850 1058 925
crossing 0.0039 820 808 969 872
crossing 0.0031 825 813 1039 965
crossing 0.0011 864 847 969 885
crossing 0.0011 812 789 955 844
crossing 0.0011 778 756 928 813
train-car 0.7560 323 442 858 712
train-car 0.1591 584 484 857 708
train-car 0.1144 308 258 839 864
train-car 0.0056 340 75 626 900
train-car 0.0014 489 461 715 675
platform 0.0010 304 596 627 807
rail 0.9511 746 712 1213 1077
rail 0.0960 1 849 216 1073
rail 0.0108 299 74 870 877
rail 0.0030 1 717 228 924
rail 0.0019 0 722 67 889
rail 0.0017 -1 697 124 844
rail 0.0016 0 751 128 883
rail 0.0016 0 855 71 1053
rail 0.0015 771 743 1820 1059
rail 0.0013 911 992 1179 1082
rail 0.0012 -9 598 453 990
rail 0.0011 -3 591 282 797
rail 0.0011 1581 612 1852 687
rail 0.0011 2 553 441 820
rail 0.0010 711 787 985 1076
switch-left 0.0012 918 999 1217 1067
track-sign-front 0.1790 1062 579 1083 625
track-sign-front 0.0777 1592 305 1626 334
track-sign-front 0.0278 30 840 185 876
track-sign-front 0.0241 5 843 101 879
track-sign-front 0.0190 7 832 215 890
track-sign-front 0.0095 1251 724 1263 816
track-sign-front 0.0080 69 843 140 876
track-sign-front 0.0054 1242 729 1260 808
track-sign-front 0.0054 190 838 231 991
track-sign-front 0.0042 4 811 173 950
track-sign-front 0.0030 2 821 80 890
track-sign-front 0.0030 210 849 232 970
track-sign-front 0.0027 1590 614 1610 735
track-sign-front 0.0021 1602 304 1644 334
track-sign-front 0.0018 38 826 127 882
track-sign-front 0.0016 -11 750 233 981
track-sign-front 0.0016 1 857 70 920
track-sign-front 0.0015 1591 689 1611 741
track-sign-front 0.0015 176 866 240 1050
track-sign-front 0.0014 1253 728 1277 809
track-sign-front 0.0013 1594 614 1614 673
track-sign-front 0.0013 920 513 965 546
track-sign-front 0.0013 1036 461 1058 483
track-sign-front 0.0010 199 871 233 1039
track-sign-front 0.0010 1579 613 1620 736
track-sign-front 0.0010 907 514 946 548
track-sign-front 0.0010 0 804 74 968
track-signal-front 0.8011 423 227 512 431
track-signal-front 0.7697 1561 337 1617 538
track-signal-front 0.0517 1475 389 1536 538
track-signal-front 0.0153 1563 333 1618 427
track-signal-front 0.0065 435 227 508 316
track-signal-front 0.0061 374 117 648 723
track-signal-front 0.0058 322 8 716 879
track-signal-front 0.0033 1040 464 1065 510
track-signal-front 0.0031 1573 325 1648 539
track-signal-front 0.0023 1201 176 1232 251
track-signal-front 0.0022 470 227 518 435
track-signal-front 0.0021 1515 368 1588 543
track-signal-front 0.0018 421 279 484 420
track-signal-front 0.0018 423 233 486 363
track-signal-back 0.0020 1202 181 1231 246
person 0.0284 1060 574 1088 632
person 0.0252 895 608 922 694
person 0.0226 1098 512 1141 577
person 0.0164 1064 551 1100 631
person 0.0159 977 533 1016 608
person 0.0070 903 627 923 688
person 0.0042 10 615 54 707
person 0.0034 2 603 32 704
person 0.0034 1109 503 1167 575
person 0.0026 1063 521 1117 578
person 0.0018 2 549 57 711
person 0.0016 1091 517 1148 607
person 0.0015 886 569 916 659
person 0.0015 22 597 70 700
person 0.0012 970 527 1022 647
person 0.0011 1058 545 1121 637
person 0.0011 1058 574 1094 688
person 0.0010 876 595 931 693
pole 0.1104 356 54 738 875
pole 0.0162 479 -13 598 890
pole 0.0016 339 263 657 1043
pole 0.0012 373 493 614 905
pole 0.0011 511 73 572 677
