crossing 0.2049 858 669 1001 711
crossing 0.0925 518 670 711 715
crossing 0.0302 477 615 804 717
crossing 0.0257 483 678 688 735
crossing 0.0056 434 570 851 734
crossing 0.0047 563 663 755 707
crossing 0.0036 858 646 997 676
crossing 0.0028 472 639 729 762
crossing 0.0026 573 671 683 708
crossing 0.0026 14 814 458 1030
crossing 0.0017 280 779 505 842
crossing 0.0016 846 619 1015 737
crossing 0.0015 864 685 1007 721
crossing 0.0012 862 664 957 703
platform 0.0291 1027 574 1925 1078
platform 0.0271 4 567 856 854
platform 0.0224 455 553 863 677
platform 0.0112 1076 543 1457 712
platform 0.0047 1050 559 1742 768
platform 0.0041 293 570 829 730
platform 0.0024 0 732 77 840
platform 0.0019 1096 525 1354 666
platform 0.0015 404 527 740 647
platform 0.0015 450 541 643 688
platform 0.0012 -1 732 76 783
platform 0.0010 -1 719 141 859
rail 0.9502 637 544 1105 1075
rail 0.9219 8 547 943 1072
rail 0.0332 465 551 888 676
rail 0.0019 311 530 964 805
rail 0.0013 596 539 978 649
rail 0.0013 560 555 1056 752
track-sign-front 0.0045 1312 490 1338 523
track-sign-front 0.0013 1321 489 1352 520
track-sign-front 0.0011 776 513 793 555
track-signal-front 0.0013 779 432 793 475
track-signal-front 0.0010 1150 431 1172 468
person 0.6295 509 507 545 590
person 0.5764 432 508 481 660
person 0.0703 472 505 550 613
person 0.0340 1145 507 1166 566
person 0.0253 517 508 566 590
person 0.0206 362 521 425 670
person 0.0165 373 501 475 684
person 0.0130 1128 504 1169 568
person 0.0064 423 525 487 728
person 0.0041 1111 511 1135 555
person 0.0030 466 504 508 603
person 0.0026 345 526 536 699
person 0.0026 1155 508 1196 559
person 0.0020 481 503 506 570
person 0.0017 1217 491 1243 545
person 0.0017 438 503 478 593
person 0.0014 513 483 556 561
person 0.0014 500 534 634 633
person 0.0013 355 545 476 746
person 0.0011 504 487 535 556
person 0.0011 531 497 575 578
person 0.0011 361 564 406 666
pole 0.0052 1117 292 1144 570
pole 0.0017 1113 318 1133 583
