guard-rail 0.0465 833 674 901 707
guard-rail 0.0267 753 623 799 656
guard-rail 0.0243 743 636 782 661
guard-rail 0.0162 781 618 842 655
guard-rail 0.0108 740 649 780 672
guard-rail 0.0068 841 621 882 669
guard-rail 0.0064 753 647 794 675
guard-rail 0.0061 755 598 809 645
guard-rail 0.0028 716 641 765 663
guard-rail 0.0019 706 647 766 673
guard-rail 0.0019 827 676 855 712
guard-rail 0.0017 1135 662 1173 704
guard-rail 0.0012 770 638 824 683
guard-rail 0.0011 712 596 766 642
train-car 0.7048 5 503 770 903
train-car 0.6736 499 508 756 699
train-car 0.0745 973 555 1188 600
train-car 0.0374 -4 624 536 928
train-car 0.0097 228 498 798 762
train-car 0.0093 909 552 1188 582
train-car 0.0059 1155 525 1210 595
train-car 0.0031 1041 555 1133 598
train-car 0.0020 1102 506 1192 606
train-car 0.0019 811 526 887 582
train-car 0.0017 430 534 703 734
train-car 0.0012 172 632 462 821
train-car 0.0012 461 428 808 730
train-car 0.0011 1022 493 1168 600
train-car 0.0011 1025 535 1214 595
train-car 0.0010 798 531 859 580
rail 0.9400 19 595 846 1077
rail 0.9087 807 577 1194 1074
rail 0.8324 855 584 1928 833
rail 0.7384 875 580 1919 711
rail 0.1273 809 597 853 633
rail 0.1061 810 609 854 644
rail 0.0908 800 579 1004 1079
rail 0.0623 818 583 865 623
rail 0.0573 844 569 1211 624
rail 0.0470 805 586 865 642
rail 0.0333 792 603 848 640
rail 0.0289 939 562 1214 605
rail 0.0264 785 587 843 631
rail 0.0201 811 578 907 627
rail 0.0199 824 574 1015 620
rail 0.0197 822 577 878 606
rail 0.0120 860 573 1152 679
rail 0.0114 803 575 853 609
rail 0.0095 1099 568 1182 607
rail 0.0093 1190 550 1733 609
rail 0.0093 805 579 901 1074
rail 0.0092 746 590 822 628
rail 0.0081 850 572 900 622
rail 0.0080 790 563 1696 654
rail 0.0069 1203 604 1900 741
rail 0.0063 983 571 1657 615
rail 0.0060 726 590 788 623
rail 0.0059 844 603 890 633
rail 0.0054 803 538 974 614
rail 0.0054 1254 622 1870 850
rail 0.0052 1139 576 1768 637
rail 0.0046 1348 566 1429 600
rail 0.0043 1193 567 1559 607
rail 0.0042 793 559 879 692
rail 0.0041 1320 563 1493 608
rail 0.0041 1252 571 1851 673
rail 0.0041 1414 508 1596 596
rail 0.0036 755 601 816 641
rail 0.0033 1117 559 1254 599
rail 0.0033 781 571 838 607
rail 0.0031 822 564 939 607
rail 0.0028 1488 658 1928 728
rail 0.0027 819 658 937 784
rail 0.0026 1037 571 1158 608
rail 0.0024 738 597 786 637
rail 0.0024 1605 672 1915 720
rail 0.0023 1108 593 1168 619
rail 0.0022 820 577 1058 661
rail 0.0022 767 567 846 629
rail 0.0022 888 591 1150 640
rail 0.0022 830 740 1122 1085
rail 0.0020 849 561 1111 604
rail 0.0019 902 579 1529 634
rail 0.0017 970 596 1209 633
rail 0.0016 703 582 779 631
rail 0.0016 1181 285 1747 848
rail 0.0016 788 602 1889 1056
rail 0.0015 898 540 1018 611
rail 0.0015 1109 662 1876 958
rail 0.0015 971 584 1120 621
rail 0.0014 846 591 994 643
rail 0.0014 1311 625 1745 784
rail 0.0014 1360 555 1482 595
rail 0.0014 1334 550 1571 595
rail 0.0013 791 623 956 813
rail 0.0013 717 589 805 643
rail 0.0013 1744 662 1919 711
rail 0.0012 876 522 1735 631
rail 0.0012 1727 637 1901 691
rail 0.0010 1417 689 1919 829
rail 0.0010 742 566 833 610
rail 0.0010 1756 927 1930 1082
rail 0.0010 782 553 937 677
rail 0.0010 1385 529 1528 582
switch-indicator 0.2770 926 667 959 704
switch-indicator 0.1949 623 684 653 712
switch-indicator 0.1734 946 668 994 715
switch-indicator 0.1488 -1 930 39 1034
switch-indicator 0.0978 694 800 750 852
switch-indicator 0.0796 959 685 995 718
switch-indicator 0.0324 874 602 892 626
switch-indicator 0.0226 856 602 891 634
switch-indicator 0.0198 966 653 997 714
switch-indicator 0.0169 917 668 977 714
switch-indicator 0.0100 712 808 758 855
switch-indicator 0.0091 756 749 770 780
switch-indicator 0.0065 0 899 56 1025
switch-indicator 0.0047 701 802 758 894
switch-indicator 0.0045 742 598 783 638
switch-indicator 0.0036 613 678 654 725
switch-indicator 0.0027 966 671 1009 723
switch-indicator 0.0017 623 690 661 724
switch-indicator 0.0014 867 600 902 629
switch-indicator 0.0014 1796 631 1817 657
switch-indicator 0.0014 0 821 30 1024
switch-indicator 0.0012 724 590 762 617
switch-indicator 0.0010 973 644 995 680
switch-left 0.2676 828 685 914 726
switch-left 0.0157 816 663 897 705
switch-left 0.0051 826 691 936 762
switch-left 0.0017 809 653 940 793
switch-right 0.2891 826 682 908 721
switch-right 0.1439 810 610 854 642
switch-right 0.0610 817 621 860 650
switch-right 0.0252 817 664 895 704
switch-right 0.0024 815 639 852 680
switch-unknown 0.0219 823 574 873 606
switch-unknown 0.0198 794 605 848 643
switch-unknown 0.0131 802 566 855 612
switch-static 0.3985 924 665 959 707
switch-static 0.0487 920 670 981 719
switch-static 0.0429 918 690 972 717
switch-static 0.0285 894 692 955 721
switch-static 0.0116 837 680 923 721
switch-static 0.0111 596 689 651 712
switch-static 0.0073 0 929 57 1034
switch-static 0.0047 753 593 807 622
switch-static 0.0038 856 667 909 699
switch-static 0.0027 1137 710 1198 737
switch-static 0.0018 692 648 712 669
switch-static 0.0016 799 794 818 822
switch-static 0.0012 0 900 88 1030
switch-static 0.0011 1137 663 1181 718
track-sign-front 0.6647 694 794 735 832
track-sign-front 0.0468 758 751 770 778
track-sign-front 0.0141 708 803 758 841
track-sign-front 0.0052 691 772 720 800
track-sign-front 0.0051 751 755 768 796
track-sign-front 0.0034 1604 593 1637 648
track-sign-front 0.0028 1614 599 1639 640
track-sign-front 0.0020 1543 616 1598 672
track-sign-front 0.0020 1566 589 1622 651
track-sign-front 0.0016 950 628 992 672
track-sign-front 0.0013 1603 612 1631 662
track-sign-front 0.0011 1537 599 1602 657
track-sign-front 0.0011 1564 604 1612 685
track-sign-front 0.0010 1570 512 1647 734
track-signal-front 0.0128 840 461 856 481
track-signal-front 0.0072 1004 496 1018 517
track-signal-front 0.0036 1152 438 1171 546
track-signal-front 0.0026 1002 493 1017 545
track-signal-front 0.0018 1155 450 1172 496
pole 0.7581 1421 29 1635 895
pole 0.5931 950 430 974 628
pole 0.1847 885 471 896 603
pole 0.1526 1153 459 1169 601
pole 0.1335 1110 386 1126 609
pole 0.0769 766 459 778 585
pole 0.0664 1544 369 1662 629
pole 0.0519 1113 399 1146 610
pole 0.0393 1158 460 1181 601
pole 0.0320 958 434 988 627
pole 0.0302 1578 403 1654 605
pole 0.0289 1135 426 1169 616
pole 0.0144 936 432 985 634
pole 0.0115 1146 451 1177 608
pole 0.0112 1155 506 1213 609
pole 0.0099 1113 432 1124 581
pole 0.0073 943 519 973 622
pole 0.0070 1505 284 1683 712
pole 0.0068 877 466 906 607
pole 0.0067 822 472 872 593
pole 0.0067 909 434 936 619
pole 0.0057 805 477 846 586
pole 0.0052 1300 217 1626 844
pole 0.0051 1433 329 1642 670
pole 0.0051 788 467 821 588
pole 0.0042 1427 110 1537 799
pole 0.0039 901 437 1030 633
pole 0.0035 948 446 965 596
pole 0.0034 867 508 912 628
pole 0.0032 1392 458 1422 589
pole 0.0031 1109 530 1129 590
pole 0.0030 1100 370 1123 634
pole 0.0030 1117 492 1176 617
pole 0.0030 710 363 727 597
pole 0.0029 1397 454 1442 587
pole 0.0025 1085 443 1135 638
pole 0.0022 1468 553 1590 909
pole 0.0022 1339 34 1539 800
pole 0.0022 926 365 965 623
pole 0.0021 761 487 793 598
pole 0.0021 1389 68 1492 885
pole 0.0019 913 344 926 630
pole 0.0018 1257 364 1846 867
pole 0.0017 900 471 949 613
pole 0.0017 832 454 863 576
pole 0.0016 1481 466 1641 753
pole 0.0016 894 337 915 642
pole 0.0015 1399 589 1543 815
pole 0.0015 1347 473 1363 588
pole 0.0014 1373 333 1467 692
pole 0.0014 1228 582 1876 835
pole 0.0013 1630 408 1669 600
pole 0.0012 1584 609 1615 836
pole 0.0012 1000 486 1018 561
pole 0.0012 1430 618 1631 850
pole 0.0011 1130 458 1201 612
pole 0.0011 1359 507 1573 631
pole 0.0011 1509 546 1619 862
pole 0.0010 1360 452 1409 594
pole 0.0010 739 435 781 617
pole 0.0010 1189 469 1218 598
pole 0.0010 1375 454 1462 591
pole 0.0010 845 339 873 629
rail-occluder 0.1280 1109 576 1162 608
rail-occluder 0.0348 1868 641 1888 672
rail-occluder 0.0334 881 547 895 604
rail-occluder 0.0268 1375 585 1420 618
rail-occluder 0.0256 880 574 896 618
rail-occluder 0.0207 1148 554 1215 599
rail-occluder 0.0171 1369 598 1404 632
rail-occluder 0.0156 1377 595 1420 630
rail-occluder 0.0141 1103 561 1150 606
rail-occluder 0.0126 860 573 897 627
rail-occluder 0.0126 1191 606 1239 625
rail-occluder 0.0116 1376 557 1420 606
rail-occluder 0.0099 1813 642 1851 680
rail-occluder 0.0097 1153 575 1217 620
rail-occluder 0.0097 1123 548 1205 612
rail-occluder 0.0095 1096 566 1242 610
rail-occluder 0.0080 1206 608 1250 627
rail-occluder 0.0080 872 558 893 607
rail-occluder 0.0078 1837 639 1895 679
rail-occluder 0.0078 949 609 972 635
rail-occluder 0.0075 1113 594 1163 618
rail-occluder 0.0060 1167 603 1215 624
rail-occluder 0.0045 1111 554 1171 609
rail-occluder 0.0045 1878 639 1919 681
rail-occluder 0.0034 1382 579 1446 616
rail-occluder 0.0034 1353 605 1383 634
rail-occluder 0.0033 1792 633 1811 663
rail-occluder 0.0033 938 571 971 635
rail-occluder 0.0032 1388 606 1437 640
rail-occluder 0.0030 1384 538 1418 587
rail-occluder 0.0027 1066 571 1132 610
rail-occluder 0.0025 1791 630 1835 673
rail-occluder 0.0020 1768 773 1919 1085
rail-occluder 0.0019 875 580 962 617
rail-occluder 0.0018 1383 550 1452 596
rail-occluder 0.0018 1109 531 1131 595
rail-occluder 0.0017 1797 634 1907 681
rail-occluder 0.0016 690 647 713 667
rail-occluder 0.0016 1357 546 1449 613
rail-occluder 0.0014 1389 526 1447 587
rail-occluder 0.0014 965 549 995 603
rail-occluder 0.0013 1221 611 1273 631
rail-occluder 0.0013 955 606 1013 635
rail-occluder 0.0013 940 606 985 636
rail-occluder 0.0012 1338 581 1388 619
rail-occluder 0.0012 1118 598 1198 628
rail-occluder 0.0012 1188 527 1220 599
rail-occluder 0.0011 1857 631 1908 689
rail-occluder 0.0011 1367 530 1411 592
rail-occluder 0.0010 1092 596 1155 627
