crossing 0.7930 1026 552 1123 590
crossing 0.0054 1015 560 1042 584
crossing 0.0021 998 550 1118 629
crossing 0.0020 984 474 1159 679
crossing 0.0017 1038 563 1140 615
crossing 0.0014 1009 545 1037 580
crossing 0.0011 1025 584 1141 634
rail 0.9425 847 425 1263 1079
rail 0.0012 700 436 1103 1065
switch-indicator 0.1381 904 507 929 539
switch-indicator 0.0317 897 504 931 552
switch-indicator 0.0062 910 506 940 547
switch-indicator 0.0027 887 503 941 569
switch-static 0.0041 892 504 929 535
switch-static 0.0034 945 558 998 583
switch-static 0.0033 965 562 1018 586
switch-static 0.0024 918 552 966 584
switch-static 0.0015 943 545 994 576
switch-static 0.0013 910 533 959 584
track-sign-front 0.7674 1231 446 1266 482
track-sign-front 0.5286 1737 425 1811 480
track-sign-front 0.2314 1742 436 1791 495
track-sign-front 0.0276 1730 410 1807 448
track-sign-front 0.0275 416 329 446 375
track-sign-front 0.0123 423 329 447 359
track-sign-front 0.0122 1768 426 1816 469
track-sign-front 0.0104 1048 379 1063 401
track-sign-front 0.0077 397 334 426 382
track-sign-front 0.0063 406 338 435 392
track-sign-front 0.0045 1741 453 1782 519
track-sign-front 0.0036 1734 393 1817 503
track-sign-front 0.0032 1235 439 1267 470
track-sign-front 0.0030 416 396 436 423
track-sign-front 0.0021 400 332 449 383
track-sign-front 0.0012 1231 444 1262 519
track-sign-front 0.0011 417 342 443 399
track-signal-back 0.0010 6 264 62 328
pole 0.0030 429 349 451 556
rail-occluder 0.0134 890 497 921 582
rail-occluder 0.0090 857 416 873 447
rail-occluder 0.0019 861 414 875 438
