crossing 0.0127 1115 662 1149 687
crossing 0.0036 1109 650 1154 673
crossing 0.0022 962 599 1011 624
crossing 0.0017 1092 640 1143 670
crossing 0.0010 988 602 1037 626
guard-rail 0.5999 812 804 846 923
guard-rail 0.5497 486 813 659 924
guard-rail 0.2905 464 844 593 934
guard-rail 0.2514 253 623 930 1083
guard-rail 0.1925 1112 703 1132 726
guard-rail 0.1695 800 814 838 936
guard-rail 0.0860 1018 692 1030 723
guard-rail 0.0305 1114 678 1139 719
guard-rail 0.0297 400 822 673 950
guard-rail 0.0282 525 804 677 895
guard-rail 0.0239 1020 689 1038 718
guard-rail 0.0223 469 709 759 968
guard-rail 0.0129 884 667 925 702
guard-rail 0.0108 367 774 712 1046
guard-rail 0.0102 751 798 856 964
guard-rail 0.0069 440 867 566 941
guard-rail 0.0069 555 794 694 871
guard-rail 0.0054 1097 693 1124 729
guard-rail 0.0049 798 681 860 722
guard-rail 0.0044 771 763 877 924
guard-rail 0.0034 1002 662 1016 711
guard-rail 0.0029 809 842 834 945
guard-rail 0.0024 1057 627 1079 693
guard-rail 0.0023 863 679 911 728
guard-rail 0.0021 669 703 963 983
guard-rail 0.0020 1090 683 1131 740
guard-rail 0.0015 1062 632 1102 712
guard-rail 0.0012 1072 670 1119 722
guard-rail 0.0011 1003 684 1017 731
guard-rail 0.0010 824 768 860 902
guard-rail 0.0010 770 817 813 916
platform 0.0038 1239 722 1902 1070
rail 0.9201 995 599 1238 1076
rail 0.9159 235 590 982 1086
rail 0.1981 541 659 970 1071
rail 0.0030 989 612 1185 806
rail 0.0027 1882 998 1920 1074
rail 0.0024 1888 898 1920 1077
rail 0.0018 1029 617 1113 671
rail 0.0017 952 595 992 632
rail 0.0017 975 595 1111 708
rail 0.0014 238 780 858 1075
rail 0.0013 791 643 933 753
rail 0.0013 728 614 959 846
rail 0.0010 616 713 932 929
switch-indicator 0.1427 791 657 811 707
switch-indicator 0.1299 791 642 809 687
switch-indicator 0.1189 788 678 814 708
switch-indicator 0.0390 1066 632 1079 648
switch-indicator 0.0202 811 650 838 683
switch-indicator 0.0134 791 638 806 671
switch-indicator 0.0036 1063 628 1082 660
switch-indicator 0.0033 789 644 822 702
switch-left 0.1495 827 673 901 720
switch-left 0.0949 993 915 1244 1072
switch-left 0.0318 883 655 927 684
switch-left 0.0052 887 651 944 676
switch-left 0.0044 860 670 929 716
switch-left 0.0039 884 666 926 702
switch-left 0.0032 799 685 859 719
switch-left 0.0023 786 676 905 758
switch-left 0.0018 807 645 933 734
switch-left 0.0018 873 646 941 698
switch-left 0.0017 834 684 914 743
switch-left 0.0016 988 843 1238 1032
switch-left 0.0010 1014 977 1180 1074
switch-right 0.1987 828 670 901 711
switch-right 0.1279 873 660 923 688
switch-right 0.0941 841 665 905 699
switch-right 0.0560 863 664 918 703
switch-right 0.0552 994 889 1245 1066
switch-right 0.0027 800 683 860 721
switch-unknown 0.0025 956 600 989 623
switch-unknown 0.0021 950 580 996 627
switch-static 0.1312 823 667 890 702
switch-static 0.1012 795 673 850 706
switch-static 0.0216 785 687 817 711
switch-static 0.0152 814 673 895 720
switch-static 0.0120 857 653 903 681
switch-static 0.0097 888 652 943 675
switch-static 0.0083 724 686 769 710
switch-static 0.0081 805 650 841 684
switch-static 0.0050 820 646 865 682
switch-static 0.0049 913 653 951 680
switch-static 0.0043 525 798 654 863
switch-static 0.0023 764 688 816 723
switch-static 0.0017 730 689 782 718
switch-static 0.0015 577 794 646 819
track-sign-front 0.0431 1065 633 1078 650
track-sign-front 0.0121 908 586 929 607
track-sign-front 0.0087 249 565 290 664
track-sign-front 0.0055 249 561 270 658
track-sign-front 0.0051 1032 558 1058 614
track-sign-front 0.0039 1115 587 1129 615
track-sign-front 0.0037 1883 936 1920 1082
track-sign-front 0.0030 1881 1011 1920 1081
track-sign-front 0.0027 1039 580 1064 613
track-sign-front 0.0025 268 575 321 664
track-sign-front 0.0020 280 693 306 757
track-sign-front 0.0019 1109 580 1132 617
track-sign-front 0.0018 939 548 965 608
track-sign-front 0.0016 258 601 309 671
track-sign-front 0.0015 894 565 917 597
track-sign-front 0.0013 917 567 981 625
track-sign-front 0.0012 229 565 271 663
track-sign-front 0.0011 1079 536 1104 611
track-sign-front 0.0010 792 618 810 672
track-signal-front 0.0070 528 260 568 313
track-signal-front 0.0013 780 390 809 418
track-signal-front 0.0012 514 241 565 316
track-signal-back 0.0031 1030 524 1043 550
track-signal-back 0.0027 1027 515 1049 588
track-signal-back 0.0010 938 536 956 599
pole 0.0010 994 529 1035 620
rail-occluder 0.0012 1062 628 1083 655
