crossing 0.0055 856 413 942 432
crossing 0.0031 845 408 911 429
train-car 0.0471 4 5 824 1078
platform 0.0114 839 401 944 428
platform 0.0092 833 394 923 420
platform 0.0074 849 410 949 434
platform 0.0012 883 407 991 446
rail 0.9694 895 421 1919 1076
rail 0.9614 825 414 1187 1078
rail 0.0025 4 64 652 969
track-sign-front 0.0214 1171 435 1193 459
track-sign-front 0.0161 778 423 794 446
track-sign-front 0.0106 1170 416 1199 460
track-sign-front 0.0095 776 374 800 419
track-sign-front 0.0047 1186 414 1216 459
track-sign-front 0.0037 1042 290 1057 317
track-sign-front 0.0023 1176 405 1199 439
track-sign-front 0.0021 808 390 848 417
track-sign-front 0.0016 1342 498 1358 525
track-sign-front 0.0012 876 369 923 421
track-signal-front 0.0573 779 363 802 398
track-signal-front 0.0028 814 345 841 397
track-signal-front 0.0022 1043 292 1057 320
track-signal-front 0.0013 803 353 852 419
track-signal-front 0.0011 833 380 916 420
track-signal-front 0.0011 821 365 874 420
pole 0.0010 1180 193 1213 479
