crossing 0.1638 985 429 1035 449
crossing 0.0837 984 418 1041 445
crossing 0.0331 1089 421 1132 437
crossing 0.0177 1088 416 1123 434
crossing 0.0096 1095 423 1146 440
crossing 0.0055 1071 404 1116 429
crossing 0.0033 999 424 1067 449
crossing 0.0031 952 427 1010 449
guard-rail 0.0047 1 969 58 1076
platform 0.0155 12 420 938 637
rail 0.9516 1078 392 1918 1068
rail 0.9417 813 398 1296 1076
rail 0.8061 -1 427 936 998
rail 0.4582 3 447 702 601
rail 0.0613 984 412 1059 438
rail 0.0370 981 421 1035 448
rail 0.0311 953 405 1048 435
rail 0.0246 1001 406 1071 434
rail 0.0115 922 409 1033 442
rail 0.0057 -7 471 495 580
rail 0.0050 -3 468 622 697
rail 0.0049 1013 402 1108 429
rail 0.0041 903 401 1001 435
rail 0.0037 843 410 961 448
rail 0.0033 838 397 1034 449
rail 0.0033 989 403 1105 444
rail 0.0024 977 392 1082 436
rail 0.0022 827 391 911 466
rail 0.0021 877 404 974 439
rail 0.0019 959 394 1051 455
rail 0.0016 1068 407 1117 429
rail 0.0015 804 392 965 462
rail 0.0013 935 389 1044 434
rail 0.0012 648 415 908 549
rail 0.0010 2 492 352 621
rail 0.0010 947 426 1015 451
rail 0.0010 777 400 1021 505
switch-indicator 0.0034 330 767 364 850
switch-indicator 0.0026 1 969 49 1080
switch-unknown 0.0029 1034 394 1094 428
switch-unknown 0.0014 1026 405 1088 444
track-sign-front 0.1421 1085 195 1128 233
track-sign-front 0.0271 558 371 580 433
track-sign-front 0.0255 1204 389 1227 413
track-sign-front 0.0240 681 456 701 486
track-sign-front 0.0183 681 453 720 505
track-sign-front 0.0163 1173 394 1193 413
track-sign-front 0.0118 1085 152 1128 233
track-sign-front 0.0118 1418 441 1449 480
track-sign-front 0.0114 1197 363 1228 408
track-sign-front 0.0107 1198 363 1218 386
track-sign-front 0.0106 542 296 575 387
track-sign-front 0.0064 1207 369 1227 407
track-sign-front 0.0056 1337 193 1366 221
track-sign-front 0.0055 1171 368 1212 414
track-sign-front 0.0055 0 969 54 1081
track-sign-front 0.0038 532 293 559 389
track-sign-front 0.0032 1190 361 1210 382
track-sign-front 0.0027 494 414 524 441
track-sign-front 0.0026 564 373 579 477
track-sign-front 0.0023 492 399 528 445
track-sign-front 0.0019 538 365 570 419
track-sign-front 0.0018 1107 133 1142 192
track-sign-front 0.0016 808 458 831 526
track-sign-front 0.0015 484 372 500 402
track-sign-front 0.0013 484 374 512 431
track-sign-front 0.0013 485 368 516 407
track-sign-front 0.0012 1167 392 1201 417
track-sign-front 0.0012 697 448 745 534
track-sign-front 0.0010 408 373 440 401
track-sign-front 0.0010 1800 351 1851 473
track-sign-front 0.0010 1209 348 1232 380
track-signal-front 0.7816 1089 44 1131 126
track-signal-front 0.7312 849 210 879 272
track-signal-front 0.7139 1317 44 1361 119
track-signal-front 0.3217 541 282 573 370
track-signal-front 0.0624 1468 3 1531 95
track-signal-front 0.0548 754 233 776 275
track-signal-front 0.0136 856 211 896 271
track-signal-front 0.0122 1088 111 1128 174
track-signal-front 0.0069 1091 39 1169 124
track-signal-front 0.0069 522 297 542 367
track-signal-front 0.0063 519 278 542 347
track-signal-front 0.0056 1086 90 1129 143
track-signal-front 0.0038 527 272 558 335
track-signal-front 0.0028 833 205 889 279
track-signal-front 0.0022 774 242 815 289
track-signal-front 0.0022 1062 36 1120 113
track-signal-front 0.0020 1081 39 1134 174
track-signal-front 0.0020 1118 346 1139 375
track-signal-front 0.0018 1105 349 1137 382
track-signal-front 0.0018 549 274 583 362
track-signal-front 0.0017 1465 0 1510 69
track-signal-front 0.0012 856 199 883 221
track-signal-front 0.0011 1319 40 1440 120
track-signal-front 0.0011 12 296 62 351
track-signal-front 0.0011 1002 360 1030 391
track-signal-front 0.0010 517 271 574 378
track-signal-front 0.0010 1114 128 1144 176
track-signal-back 0.0164 1084 126 1131 214
person 0.0040 2 969 47 1084
pole 0.0508 857 252 882 473
pole 0.0321 694 461 732 626
pole 0.0211 844 234 878 489
pole 0.0153 860 387 876 462
pole 0.0077 681 358 722 573
pole 0.0071 854 334 875 495
pole 0.0067 819 243 838 482
pole 0.0053 859 322 879 449
pole 0.0043 551 361 580 447
pole 0.0042 815 219 831 473
pole 0.0037 561 367 579 478
pole 0.0033 700 514 725 631
pole 0.0029 856 414 886 476
pole 0.0029 863 262 900 465
pole 0.0025 844 364 899 481
pole 0.0022 558 368 580 548
pole 0.0022 674 304 738 589
pole 0.0019 694 541 715 628
pole 0.0018 846 314 876 452
pole 0.0016 698 411 742 574
pole 0.0015 680 546 704 624
pole 0.0014 810 291 851 482
pole 0.0011 808 369 846 492
rail-occluder 0.1647 688 478 734 576
rail-occluder 0.0301 681 425 737 586
rail-occluder 0.0142 684 463 716 627
rail-occluder 0.0078 679 453 701 486
rail-occluder 0.0060 0 967 51 1081
rail-occluder 0.0048 810 450 831 521
rail-occluder 0.0046 682 523 710 622
rail-occluder 0.0036 686 452 713 557
rail-occluder 0.0036 643 423 774 592
rail-occluder 0.0029 895 416 952 437
rail-occluder 0.0027 915 414 985 438
rail-occluder 0.0022 798 462 828 527
rail-occluder 0.0020 814 429 835 504
rail-occluder 0.0020 779 424 843 527
rail-occluder 0.0016 680 394 726 540
rail-occluder 0.0015 325 767 370 856
rail-occluder 0.0014 873 414 936 443
rail-occluder 0.0013 800 416 860 518
rail-occluder 0.0011 748 452 843 544
