crossing 0.1489 757 690 970 816
crossing 0.0799 786 717 944 791
crossing 0.0236 1154 706 1383 802
crossing 0.0121 984 540 1062 568
crossing 0.0041 837 545 900 568
crossing 0.0038 1105 671 1431 837
crossing 0.0023 1199 751 1379 828
crossing 0.0021 1132 689 1336 776
crossing 0.0017 1014 596 1421 810
crossing 0.0014 717 488 1058 978
crossing 0.0014 1031 582 1515 992
crossing 0.0011 998 552 1069 578
platform 0.7230 1070 526 1401 701
platform 0.5988 325 507 805 794
platform 0.0410 952 481 1412 761
platform 0.0090 925 470 1623 859
platform 0.0049 2 509 810 1041
platform 0.0042 -6 489 538 664
platform 0.0039 1089 516 1298 598
platform 0.0019 1053 501 1601 739
platform 0.0018 419 547 710 765
platform 0.0012 -27 451 693 745
platform 0.0010 369 516 670 706
platform 0.0010 1159 493 1305 589
rail 0.9631 940 493 1799 1082
rail 0.9438 700 493 995 1077
rail 0.2390 912 483 1356 775
rail 0.2243 811 511 896 544
rail 0.1964 825 497 977 534
rail 0.1161 876 508 984 542
rail 0.0945 907 493 1027 533
rail 0.0934 775 499 896 542
rail 0.0897 1358 620 1479 901
rail 0.0810 827 503 909 538
rail 0.0485 953 511 1036 548
rail 0.0188 839 512 943 544
rail 0.0144 856 480 1013 538
rail 0.0128 860 483 996 1081
rail 0.0079 864 484 980 518
rail 0.0078 823 473 977 523
rail 0.0076 719 483 910 537
rail 0.0074 789 508 854 541
rail 0.0073 883 521 983 548
rail 0.0056 915 481 1026 520
rail 0.0053 796 481 909 520
rail 0.0047 944 485 1073 539
rail 0.0035 1338 560 1527 932
rail 0.0034 802 467 1026 555
rail 0.0028 986 500 1072 551
rail 0.0026 1222 536 1648 946
rail 0.0026 941 484 1004 515
rail 0.0022 841 459 1424 1054
rail 0.0020 966 513 1058 564
rail 0.0018 860 453 937 535
rail 0.0018 765 468 1051 611
rail 0.0018 831 463 916 533
rail 0.0018 932 447 1299 600
rail 0.0017 775 489 852 530
rail 0.0016 684 464 930 560
rail 0.0015 833 525 932 552
rail 0.0014 739 467 913 515
rail 0.0014 0 517 777 1069
rail 0.0011 969 489 1048 533
switch-left 0.0158 894 522 996 549
switch-right 0.1625 833 517 895 546
switch-right 0.0411 979 529 1041 554
switch-right 0.0262 899 523 989 547
switch-right 0.0051 987 544 1061 573
switch-right 0.0027 838 527 925 551
switch-right 0.0011 834 543 902 570
switch-unknown 0.1129 982 532 1041 554
switch-unknown 0.0772 835 524 896 549
switch-unknown 0.0755 885 510 980 541
switch-unknown 0.0429 834 503 900 536
switch-unknown 0.0416 957 513 1035 549
switch-unknown 0.0297 929 508 1014 543
switch-unknown 0.0249 893 498 988 534
switch-unknown 0.0245 950 497 1020 532
switch-unknown 0.0172 927 524 1006 552
switch-unknown 0.0141 888 522 978 547
switch-unknown 0.0074 987 540 1061 569
switch-unknown 0.0029 884 485 963 515
track-sign-front 0.6940 1384 646 1477 875
track-sign-front 0.1788 1558 567 1645 651
track-sign-front 0.0967 1370 643 1430 844
track-sign-front 0.0763 1079 333 1104 366
track-sign-front 0.0545 1082 387 1101 420
track-sign-front 0.0214 495 513 542 603
track-sign-front 0.0087 1173 340 1194 364
track-sign-front 0.0062 1616 213 1682 276
track-sign-front 0.0057 1352 387 1382 438
track-sign-front 0.0050 1083 372 1114 413
track-sign-front 0.0041 1480 165 1513 186
track-sign-front 0.0037 1176 338 1218 369
track-sign-front 0.0033 1072 327 1100 361
track-sign-front 0.0031 1166 341 1190 369
track-sign-front 0.0026 690 213 708 236
track-sign-front 0.0025 979 335 1001 358
track-sign-front 0.0025 1417 672 1468 824
track-sign-front 0.0021 494 502 550 567
track-sign-front 0.0019 1375 514 1442 837
track-sign-front 0.0017 890 396 907 442
track-sign-front 0.0016 1097 420 1130 478
track-sign-front 0.0015 1036 433 1058 474
track-sign-front 0.0015 1545 251 1585 328
track-sign-front 0.0014 1076 336 1109 389
track-sign-front 0.0014 1544 292 1595 352
track-sign-front 0.0012 1563 177 1602 394
track-sign-front 0.0011 545 558 568 610
track-sign-front 0.0011 1575 109 1642 422
track-sign-front 0.0010 1581 176 1608 356
track-sign-front 0.0010 1158 323 1185 366
track-sign-front 0.0010 496 532 539 677
track-sign-front 0.0010 846 115 863 147
track-sign-front 0.0010 671 375 701 404
track-signal-front 0.3383 1587 314 1636 433
track-signal-front 0.1472 1158 283 1174 314
track-signal-front 0.0906 1039 390 1070 437
track-signal-front 0.0650 1083 387 1101 423
track-signal-front 0.0145 1048 388 1076 423
track-signal-front 0.0082 1084 390 1105 443
track-signal-front 0.0076 1049 377 1092 436
track-signal-front 0.0063 1154 283 1168 311
track-signal-front 0.0052 1543 313 1618 404
track-signal-front 0.0038 1544 316 1600 367
track-signal-front 0.0038 392 396 414 456
track-signal-front 0.0031 1655 355 1685 406
track-signal-front 0.0030 1356 378 1386 414
track-signal-front 0.0019 1652 360 1688 434
track-signal-front 0.0019 1160 274 1172 299
track-signal-front 0.0019 1126 423 1149 478
track-signal-front 0.0017 1352 379 1385 441
track-signal-front 0.0016 388 425 414 480
track-signal-front 0.0016 1610 327 1683 448
track-signal-front 0.0013 1153 281 1179 317
track-signal-front 0.0013 534 376 561 424
track-signal-front 0.0012 466 318 496 397
track-signal-front 0.0011 1353 421 1374 500
track-signal-front 0.0011 1547 282 1653 429
track-signal-front 0.0010 1078 397 1147 476
track-signal-back 0.0100 1266 303 1282 331
track-signal-back 0.0035 546 278 588 385
track-signal-back 0.0023 491 280 535 395
track-signal-back 0.0017 517 274 561 388
track-signal-back 0.0012 1267 300 1289 341
track-signal-back 0.0012 469 302 501 387
person 0.7373 87 465 135 584
person 0.5397 691 447 735 570
person 0.5241 732 448 763 562
person 0.3939 666 439 717 578
person 0.2970 717 449 753 564
person 0.0341 1129 439 1153 502
person 0.0202 1167 440 1201 549
person 0.0192 1145 437 1183 504
person 0.0172 1107 432 1137 530
person 0.0170 713 455 796 560
person 0.0069 1168 443 1233 569
person 0.0069 710 440 738 514
person 0.0066 738 451 780 555
person 0.0062 1162 433 1188 501
person 0.0062 1112 423 1163 519
person 0.0052 656 462 699 580
person 0.0039 704 438 726 514
person 0.0035 705 461 770 590
person 0.0032 1218 483 1257 572
person 0.0031 1101 445 1128 537
person 0.0030 1120 447 1149 528
person 0.0025 676 475 726 588
person 0.0017 739 437 774 507
person 0.0016 106 465 167 584
person 0.0014 1094 430 1117 535
person 0.0012 1162 476 1263 579
person 0.0010 1082 449 1147 536
pole 0.0059 1577 577 1625 778
pole 0.0053 844 73 875 569
pole 0.0036 888 395 903 523
pole 0.0026 1374 213 1442 946
pole 0.0023 1559 535 1646 743
pole 0.0017 855 132 875 444
pole 0.0017 1372 517 1450 832
pole 0.0017 849 286 868 536
pole 0.0013 0 353 16 568
pole 0.0013 904 444 1023 1079
rail-occluder 0.2690 1400 638 1476 881
rail-occluder 0.0378 1585 646 1616 767
rail-occluder 0.0071 1557 560 1648 658
rail-occluder 0.0069 1564 565 1639 759
rail-occluder 0.0059 1573 627 1628 770
rail-occluder 0.0057 804 518 852 546
rail-occluder 0.0011 992 495 1068 557
