buffer-stop 0.2422 784 458 967 585
guard-rail 0.1573 332 909 590 1072
guard-rail 0.0679 1065 790 1080 1042
guard-rail 0.0268 1072 791 1087 1036
guard-rail 0.0110 1046 781 1067 1050
guard-rail 0.0097 1067 829 1078 967
guard-rail 0.0059 1075 841 1086 981
guard-rail 0.0042 1025 533 1134 590
guard-rail 0.0031 1064 863 1075 1011
guard-rail 0.0022 998 551 1057 592
guard-rail 0.0020 1055 809 1080 1074
guard-rail 0.0018 327 866 780 1068
guard-rail 0.0017 193 801 834 1120
guard-rail 0.0014 1058 531 1130 565
guard-rail 0.0014 1048 848 1064 979
guard-rail 0.0011 1075 813 1090 933
train-car 0.0110 777 462 966 582
rail 0.8900 1 547 882 1054
rail 0.8840 720 437 1160 1077
rail 0.6972 321 517 1100 1073
rail 0.5520 672 918 819 1076
rail 0.2101 752 901 835 1077
rail 0.0258 565 871 863 1073
rail 0.0185 352 847 921 1076
rail 0.0149 500 587 821 1031
rail 0.0078 738 877 887 1066
rail 0.0051 699 840 1066 1078
rail 0.0045 742 939 810 1083
rail 0.0026 640 816 844 1037
rail 0.0023 681 772 895 1072
rail 0.0017 1 547 744 818
rail 0.0013 962 418 1188 1075
rail 0.0012 583 938 803 1071
rail 0.0011 664 931 768 1046
switch-left 0.3167 1010 553 1128 607
switch-left 0.0068 1014 558 1137 644
switch-left 0.0011 1039 564 1140 616
switch-left 0.0010 656 912 798 981
switch-right 0.3674 1020 554 1130 605
switch-right 0.1024 1040 546 1136 590
switch-right 0.0130 1054 542 1139 573
switch-right 0.0012 976 569 1124 646
switch-static 0.0029 1007 545 1049 578
switch-static 0.0018 646 927 786 990
track-sign-front 0.1017 1265 461 1295 490
track-sign-front 0.0101 1478 757 1520 799
track-sign-front 0.0023 1263 453 1301 501
track-sign-front 0.0013 786 441 963 563
track-sign-front 0.0013 1257 453 1296 484
track-sign-front 0.0012 1147 418 1173 442
person 0.7412 1491 553 1610 869
person 0.7365 541 645 676 979
person 0.2221 425 627 800 993
person 0.0487 532 649 614 922
person 0.0149 587 617 720 995
person 0.0071 1466 553 1552 832
person 0.0051 1497 560 1596 716
person 0.0044 573 758 687 1032
person 0.0030 508 682 721 1071
person 0.0025 529 674 582 864
person 0.0022 1517 650 1606 794
person 0.0016 1437 575 1518 821
person 0.0015 1490 604 1578 744
person 0.0012 595 678 686 944
person 0.0011 467 589 735 883
rail-occluder 0.3661 792 461 961 580
rail-occluder 0.0016 572 344 1096 695
