guard-rail 0.4803 966 499 1097 1074
guard-rail 0.4186 820 478 1045 1073
guard-rail 0.3938 856 509 954 1064
guard-rail 0.0221 1012 511 1109 631
guard-rail 0.0083 977 485 1033 564
guard-rail 0.0068 1043 532 1111 601
guard-rail 0.0046 825 532 923 1062
guard-rail 0.0038 935 580 1051 1071
guard-rail 0.0020 974 478 1043 665
guard-rail 0.0017 962 489 997 562
guard-rail 0.0011 972 540 1065 863
guard-rail 0.0010 897 623 931 960
train-car 0.8975 1077 200 1915 1093
rail 0.9114 796 475 1103 1075
rail 0.8289 969 483 1118 672
rail 0.8287 956 480 1208 1075
rail 0.1337 992 490 1109 563
rail 0.0718 1012 509 1106 595
rail 0.0462 974 482 1084 588
rail 0.0258 1024 496 1103 541
rail 0.0147 1048 522 1106 592
rail 0.0143 975 487 1064 546
rail 0.0112 1031 505 1116 640
rail 0.0049 978 483 1036 571
rail 0.0043 963 473 1011 504
rail 0.0040 971 484 1024 531
rail 0.0034 955 468 991 499
rail 0.0025 980 502 1073 640
rail 0.0025 963 477 991 507
rail 0.0021 1000 380 1326 1040
rail 0.0018 1015 448 1260 781
rail 0.0017 980 483 1155 808
rail 0.0017 1054 491 1104 533
rail 0.0016 979 479 1052 514
rail 0.0014 1040 498 1164 693
rail 0.0012 823 448 1196 733
rail 0.0010 1000 475 1080 522
track-sign-front 0.0081 920 466 933 481
track-sign-front 0.0066 352 616 378 640
track-sign-front 0.0018 925 463 966 496
track-signal-front 0.0023 144 504 161 530
track-signal-front 0.0013 138 507 158 534
track-signal-back 0.0022 144 506 161 532
