platform 0.8276 803 571 899 620
platform 0.0120 850 572 909 608
platform 0.0038 749 531 952 652
platform 0.0019 860 561 918 603
rail 0.9625 889 577 1143 1077
rail 0.9248 208 585 933 1076
track-sign-front 0.0078 842 518 866 563
track-sign-front 0.0016 846 520 889 593
track-sign-front 0.0010 940 558 979 589
track-signal-front 0.0923 844 499 863 520
track-signal-back 0.1848 837 498 862 520
track-signal-back 0.0168 840 492 861 513
track-signal-back 0.0058 822 498 864 531
track-signal-back 0.0040 844 505 866 535
