crossing 0.0012 717 854 989 1062
rail 0.9627 719 652 992 1075
rail 0.9264 0 650 926 1074
rail 0.7013 2 659 855 867
rail 0.0593 1 689 604 833
rail 0.0096 23 722 426 821
rail 0.0071 0 751 257 828
rail 0.0064 22 690 696 964
rail 0.0029 193 672 709 767
rail 0.0015 362 682 632 819
rail 0.0015 13 755 94 824
rail 0.0014 -1 780 71 843
rail 0.0014 110 726 325 838
rail 0.0012 23 770 195 824
rail 0.0011 0 698 349 873
switch-static 0.0059 233 785 265 803
switch-static 0.0037 972 783 1001 804
switch-static 0.0031 626 784 653 804
switch-static 0.0017 233 782 281 808
switch-static 0.0012 350 711 394 735
track-sign-front 0.3743 582 731 614 759
track-sign-front 0.2465 1190 722 1230 769
track-sign-front 0.1945 42 759 65 794
track-sign-front 0.0504 590 631 609 720
track-sign-front 0.0345 210 662 235 707
track-sign-front 0.0308 209 684 234 774
track-sign-front 0.0182 1189 694 1225 763
track-sign-front 0.0137 581 756 607 793
track-sign-front 0.0114 357 712 384 730
track-sign-front 0.0101 41 745 64 785
track-sign-front 0.0043 1191 688 1220 719
track-sign-front 0.0037 569 462 599 508
track-sign-front 0.0030 211 644 240 684
track-sign-front 0.0029 977 656 1015 699
track-sign-front 0.0027 997 663 1039 707
track-sign-front 0.0026 581 598 610 719
track-sign-front 0.0025 220 651 244 697
track-sign-front 0.0025 1197 744 1237 777
track-sign-front 0.0023 34 753 63 809
track-sign-front 0.0023 1193 657 1217 704
track-sign-front 0.0020 43 758 79 787
track-sign-front 0.0016 595 724 635 762
track-sign-front 0.0016 216 695 252 748
track-sign-front 0.0016 973 595 997 689
track-sign-front 0.0014 575 713 633 790
track-sign-front 0.0014 45 724 65 752
track-sign-front 0.0013 219 609 244 737
track-sign-front 0.0012 574 562 616 639
track-sign-front 0.0011 353 711 378 739
track-sign-front 0.0010 1010 669 1046 711
track-sign-front 0.0010 1175 692 1240 798
track-signal-front 0.8906 1101 197 1203 462
track-signal-front 0.8551 512 201 615 476
track-signal-front 0.2592 513 337 609 473
track-signal-front 0.0640 518 205 609 348
track-signal-front 0.0593 808 612 821 632
track-signal-front 0.0113 810 608 823 625
track-signal-front 0.0070 1099 210 1192 341
track-signal-front 0.0050 807 608 822 641
track-signal-front 0.0047 1115 341 1207 461
track-signal-front 0.0045 561 192 620 479
track-signal-front 0.0028 1112 262 1200 412
track-signal-front 0.0019 896 602 941 660
track-signal-front 0.0015 497 180 634 714
track-signal-front 0.0015 211 613 239 716
track-signal-back 0.0010 726 591 741 626
pole 0.3853 573 436 620 930
pole 0.3228 857 552 871 696
pole 0.3194 569 189 641 983
pole 0.1133 971 522 987 698
pole 0.0795 213 715 229 806
pole 0.0408 852 540 879 695
pole 0.0368 523 182 669 956
pole 0.0343 528 526 550 710
pole 0.0245 583 685 615 805
pole 0.0221 540 423 627 800
pole 0.0138 811 601 825 673
pole 0.0130 853 635 865 692
pole 0.0124 487 522 558 722
pole 0.0116 94 602 863 875
pole 0.0100 810 615 820 659
pole 0.0088 528 515 568 728
pole 0.0079 675 566 688 681
pole 0.0064 974 528 984 659
pole 0.0060 723 575 741 681
pole 0.0059 591 562 611 758
pole 0.0057 806 602 823 650
pole 0.0049 955 534 991 691
pole 0.0047 855 557 909 685
pole 0.0037 580 686 617 901
pole 0.0033 861 540 875 653
pole 0.0032 588 474 616 774
pole 0.0030 546 616 633 908
pole 0.0028 210 539 243 794
pole 0.0026 967 512 997 726
pole 0.0023 557 711 621 799
pole 0.0021 417 640 754 905
pole 0.0019 0 689 20 839
pole 0.0018 515 604 560 736
pole 0.0016 532 583 565 706
pole 0.0015 208 660 241 790
pole 0.0014 665 562 683 683
pole 0.0013 222 526 249 772
pole 0.0013 828 541 886 705
pole 0.0012 931 574 982 673
pole 0.0012 459 343 587 827
pole 0.0010 674 563 726 686
rail-occluder 0.1110 42 762 63 796
rail-occluder 0.0364 212 718 230 805
rail-occluder 0.0159 471 521 566 732
rail-occluder 0.0135 205 709 242 813
rail-occluder 0.0068 491 704 538 725
rail-occluder 0.0067 216 745 234 812
rail-occluder 0.0064 358 711 396 730
rail-occluder 0.0060 515 702 548 723
rail-occluder 0.0041 511 679 560 725
rail-occluder 0.0039 849 667 861 692
rail-occluder 0.0038 355 715 380 737
rail-occluder 0.0034 468 572 533 730
rail-occluder 0.0034 30 755 66 821
rail-occluder 0.0031 482 682 548 729
rail-occluder 0.0031 469 707 521 729
rail-occluder 0.0030 696 650 735 680
rail-occluder 0.0026 172 714 269 812
rail-occluder 0.0026 21 775 77 828
rail-occluder 0.0025 460 619 546 756
rail-occluder 0.0021 674 594 695 682
rail-occluder 0.0017 710 608 740 681
rail-occluder 0.0016 463 670 523 731
rail-occluder 0.0014 37 770 98 815
rail-occluder 0.0014 196 748 257 810
rail-occluder 0.0014 516 630 560 710
rail-occluder 0.0011 684 616 735 685
rail-occluder 0.0011 208 694 260 793
rail-occluder 0.0010 417 594 583 796
rail-occluder 0.0010 726 659 782 686
