guard-rail 0.0030 -5 947 219 1066
guard-rail 0.0010 0 960 74 1056
train-car 0.8256 4 336 919 1043
rail 0.9708 928 538 1313 1077
rail 0.8988 948 541 1913 1075
rail 0.7555 1007 541 1918 826
rail 0.4231 1221 568 1916 715
rail 0.0655 1259 603 1903 803
rail 0.0605 932 541 1049 570
rail 0.0333 931 539 1004 562
rail 0.0175 1401 403 1894 860
rail 0.0174 1408 580 1885 668
rail 0.0172 948 539 1080 580
rail 0.0147 976 551 1079 591
rail 0.0093 20 601 931 1080
rail 0.0083 1663 596 1894 745
rail 0.0075 1056 420 1905 735
rail 0.0059 922 515 976 557
rail 0.0053 1663 474 1893 849
rail 0.0040 1186 538 1877 659
rail 0.0038 1229 579 1287 604
rail 0.0038 1733 635 1923 714
rail 0.0037 945 546 1125 605
rail 0.0036 1006 559 1071 595
rail 0.0025 1762 739 1920 871
rail 0.0024 923 489 1062 562
rail 0.0024 1433 599 1633 677
rail 0.0024 3 973 205 1072
rail 0.0023 917 514 1023 559
rail 0.0022 1075 550 1668 625
rail 0.0021 1029 520 1095 574
rail 0.0020 1654 655 1899 863
rail 0.0019 1385 661 1924 910
rail 0.0018 1177 554 1266 604
rail 0.0018 1146 571 1698 650
rail 0.0017 998 527 1089 589
rail 0.0016 955 536 1198 637
rail 0.0015 1764 743 1902 801
rail 0.0013 1238 570 1316 595
rail 0.0012 1582 71 1934 1235
rail 0.0011 1801 759 1917 824
rail 0.0011 1692 680 1827 834
rail 0.0011 973 480 1117 589
rail 0.0011 1281 531 1561 624
rail 0.0010 1841 764 1917 856
switch-indicator 0.0266 1025 576 1047 595
switch-indicator 0.0057 1431 615 1451 643
switch-unknown 0.0252 932 537 982 558
switch-unknown 0.0123 1009 561 1052 590
switch-unknown 0.0093 976 537 1056 577
switch-unknown 0.0058 941 547 998 569
switch-unknown 0.0040 938 550 970 565
switch-unknown 0.0025 919 534 956 556
switch-unknown 0.0018 1013 525 1075 588
switch-static 0.0129 1021 577 1043 594
switch-static 0.0108 1239 587 1280 608
switch-static 0.0059 1244 582 1294 604
switch-static 0.0039 1019 575 1056 597
switch-static 0.0014 -1 938 177 1050
track-sign-front 0.2104 1686 14 1795 1060
track-sign-front 0.1938 1091 551 1113 602
track-sign-front 0.1845 1200 464 1212 597
track-sign-front 0.1409 1091 550 1110 581
track-sign-front 0.1119 1052 495 1070 541
track-sign-front 0.0847 1199 525 1212 615
track-sign-front 0.0761 1724 628 1765 820
track-sign-front 0.0589 1051 471 1071 561
track-sign-front 0.0467 1090 542 1119 587
track-sign-front 0.0466 1720 360 1768 660
track-sign-front 0.0325 1713 95 1788 138
track-sign-front 0.0313 1716 293 1771 828
track-sign-front 0.0257 1622 580 1637 612
track-sign-front 0.0186 1197 570 1214 609
track-sign-front 0.0176 1051 523 1073 567
track-sign-front 0.0174 1719 669 1768 924
track-sign-front 0.0103 1112 556 1132 602
track-sign-front 0.0080 1681 22 1846 169
track-sign-front 0.0054 1082 460 1112 587
track-sign-front 0.0047 1723 768 1764 916
track-sign-front 0.0046 1727 715 1769 808
track-sign-front 0.0044 1659 637 1815 858
track-sign-front 0.0040 1574 605 1883 805
track-sign-front 0.0040 1635 136 1732 219
track-sign-front 0.0037 1546 567 1583 611
track-sign-front 0.0035 1093 400 1113 475
track-sign-front 0.0028 1719 754 1767 1025
track-sign-front 0.0027 1724 646 1757 767
track-sign-front 0.0025 1273 514 1290 578
track-sign-front 0.0023 1206 453 1232 573
track-sign-front 0.0022 1691 607 1803 784
track-sign-front 0.0022 1046 454 1077 577
track-sign-front 0.0020 1706 105 1787 166
track-sign-front 0.0016 1572 572 1594 598
track-sign-front 0.0016 476 475 515 582
track-sign-front 0.0016 1726 680 1790 830
track-sign-front 0.0013 1697 133 1788 194
track-sign-front 0.0012 1690 392 1779 621
track-sign-front 0.0010 1717 889 1759 1074
track-signal-front 0.6838 1674 3 1858 123
track-signal-front 0.6664 1199 421 1217 461
track-signal-front 0.0742 1199 465 1211 496
track-signal-front 0.0737 1405 432 1421 475
track-signal-front 0.0272 1198 455 1213 512
track-signal-front 0.0252 1060 443 1072 483
track-signal-front 0.0225 1055 436 1073 534
track-signal-front 0.0128 1202 428 1223 467
track-signal-front 0.0098 1091 424 1112 480
track-signal-front 0.0097 1687 73 1812 139
track-signal-front 0.0070 1194 410 1222 451
track-signal-front 0.0055 1723 10 1830 109
track-signal-front 0.0042 1271 444 1288 467
track-signal-front 0.0038 1401 423 1426 497
track-signal-front 0.0034 1275 446 1289 541
track-signal-front 0.0031 1060 431 1075 472
track-signal-front 0.0027 1199 382 1228 411
track-signal-front 0.0024 1187 414 1220 500
track-signal-front 0.0017 1395 404 1421 433
track-signal-front 0.0017 1038 427 1077 497
track-signal-front 0.0016 1251 435 1286 472
track-signal-front 0.0015 1655 -186 1894 39
track-signal-front 0.0015 1266 425 1291 467
track-signal-front 0.0013 1202 453 1235 513
track-signal-front 0.0012 1580 -420 1978 272
track-signal-front 0.0011 1071 419 1115 540
track-signal-front 0.0010 1187 393 1217 439
track-signal-front 0.0010 1408 395 1428 552
track-signal-front 0.0010 1681 -51 1893 155
pole 0.4414 1689 30 1790 1108
pole 0.3838 1088 220 1115 638
pole 0.3332 1200 471 1213 606
pole 0.3181 1629 -6 1828 1070
pole 0.1962 971 431 979 554
pole 0.0819 1094 242 1109 593
pole 0.0648 1039 442 1067 569
pole 0.0635 1192 448 1219 613
pole 0.0605 966 440 991 566
pole 0.0588 1412 500 1424 595
pole 0.0488 449 -71 538 1023
pole 0.0438 1410 447 1427 615
pole 0.0420 1276 455 1288 575
pole 0.0398 1704 340 1778 927
pole 0.0353 1124 427 1139 618
pole 0.0349 1204 454 1224 598
pole 0.0304 1011 441 1047 571
pole 0.0261 1096 407 1134 636
pole 0.0215 913 438 925 553
pole 0.0206 1720 558 1760 843
pole 0.0189 1083 403 1108 643
pole 0.0177 1054 415 1074 557
pole 0.0171 1127 455 1137 590
pole 0.0168 1529 -1 1739 1041
pole 0.0153 1693 472 1787 809
pole 0.0140 1071 221 1125 658
pole 0.0138 1599 554 1862 767
pole 0.0089 945 485 995 568
pole 0.0076 1682 -43 1910 1158
pole 0.0073 959 457 1028 575
pole 0.0067 968 392 981 557
pole 0.0066 936 435 977 561
pole 0.0065 1061 328 1076 574
pole 0.0059 1115 301 1138 610
pole 0.0057 1058 435 1074 493
pole 0.0051 1048 357 1102 672
pole 0.0050 1663 588 1810 898
pole 0.0047 1091 320 1129 702
pole 0.0041 1405 494 1439 637
pole 0.0039 1676 390 1863 952
pole 0.0038 1120 507 1141 602
pole 0.0031 1704 608 1773 994
pole 0.0028 465 209 529 797
pole 0.0026 1035 479 1080 559
pole 0.0026 1116 426 1147 624
pole 0.0025 1276 446 1308 570
pole 0.0023 1693 211 1771 748
pole 0.0023 1044 382 1076 545
pole 0.0020 1067 436 1114 576
pole 0.0020 1708 376 1760 678
pole 0.0019 1262 447 1287 571
pole 0.0017 1257 437 1306 591
pole 0.0017 1182 449 1235 616
pole 0.0014 909 439 922 534
pole 0.0012 1272 506 1289 592
pole 0.0011 1708 733 1762 1058
pole 0.0010 1195 545 1248 610
pole 0.0010 1379 421 1425 627
pole 0.0010 1147 469 1245 634
pole 0.0010 1403 405 1434 622
rail-occluder 0.2254 1427 608 1445 635
rail-occluder 0.1866 1620 580 1634 631
rail-occluder 0.1298 1089 551 1114 630
rail-occluder 0.0445 1550 586 1561 626
rail-occluder 0.0283 1091 566 1111 657
rail-occluder 0.0170 1191 544 1215 613
rail-occluder 0.0152 1112 563 1133 619
rail-occluder 0.0114 1018 566 1056 594
rail-occluder 0.0098 1189 580 1211 609
rail-occluder 0.0071 1197 569 1215 608
rail-occluder 0.0069 1226 586 1268 611
rail-occluder 0.0067 1235 581 1283 603
rail-occluder 0.0059 1616 581 1642 629
rail-occluder 0.0057 1051 519 1073 572
rail-occluder 0.0050 1024 573 1049 599
rail-occluder 0.0047 1547 565 1562 621
rail-occluder 0.0039 1604 605 1624 632
rail-occluder 0.0036 1028 557 1079 596
rail-occluder 0.0035 1600 566 1686 673
rail-occluder 0.0030 1253 570 1300 595
rail-occluder 0.0029 1074 550 1143 642
rail-occluder 0.0027 1031 572 1093 604
rail-occluder 0.0027 1417 611 1451 644
rail-occluder 0.0026 1547 595 1566 635
rail-occluder 0.0025 1560 569 1612 629
rail-occluder 0.0024 1391 602 1444 631
rail-occluder 0.0023 1623 580 1689 629
rail-occluder 0.0021 1546 570 1581 611
rail-occluder 0.0021 1582 582 1644 663
rail-occluder 0.0020 1198 548 1247 610
rail-occluder 0.0016 1148 562 1194 593
rail-occluder 0.0014 1542 579 1574 626
rail-occluder 0.0013 1200 591 1219 620
rail-occluder 0.0012 1584 498 1653 677
rail-occluder 0.0012 1238 593 1282 620
rail-occluder 0.0012 1893 777 1920 850
rail-occluder 0.0012 1156 577 1194 607
rail-occluder 0.0012 1399 575 1462 644
rail-occluder 0.0011 1263 570 1335 592
rail-occluder 0.0011 1103 555 1142 606
rail-occluder 0.0010 1508 549 1617 655
rail-occluder 0.0010 1427 611 1489 637
rail-occluder 0.0010 1359 598 1493 678
