guard-rail 0.2788 1010 653 1024 690
guard-rail 0.2746 908 660 923 686
guard-rail 0.1922 793 650 843 674
guard-rail 0.1681 1014 662 1029 694
guard-rail 0.0745 917 659 935 683
guard-rail 0.0721 710 650 753 673
guard-rail 0.0621 771 656 818 685
guard-rail 0.0618 889 602 924 625
guard-rail 0.0563 817 637 872 662
guard-rail 0.0526 1018 676 1032 714
guard-rail 0.0365 805 591 847 627
guard-rail 0.0350 815 646 860 668
guard-rail 0.0305 767 668 805 703
guard-rail 0.0265 841 630 880 658
guard-rail 0.0241 778 602 830 634
guard-rail 0.0232 722 646 765 670
guard-rail 0.0218 903 640 940 688
guard-rail 0.0188 915 601 942 632
guard-rail 0.0170 904 664 918 692
guard-rail 0.0165 777 650 844 690
guard-rail 0.0164 887 630 917 681
guard-rail 0.0147 757 642 813 676
guard-rail 0.0133 761 605 800 628
guard-rail 0.0129 817 585 888 644
guard-rail 0.0113 683 644 739 670
guard-rail 0.0105 901 657 931 689
guard-rail 0.0101 1004 650 1031 692
guard-rail 0.0100 1027 689 1044 724
guard-rail 0.0067 1001 639 1018 677
guard-rail 0.0051 762 684 795 720
guard-rail 0.0048 746 672 787 711
guard-rail 0.0044 1001 666 1020 696
guard-rail 0.0039 922 629 951 675
guard-rail 0.0036 860 641 895 672
guard-rail 0.0027 912 656 942 685
guard-rail 0.0018 712 663 753 696
guard-rail 0.0014 1012 674 1039 717
guard-rail 0.0010 793 660 834 694
guard-rail 0.0010 1000 639 1045 723
guard-rail 0.0010 743 691 784 725
train-car 0.0044 889 546 960 586
train-car 0.0029 1203 559 1282 595
train-car 0.0016 1186 513 1262 600
train-car 0.0011 1087 538 1351 611
train-car 0.0010 1031 546 1144 576
rail 0.9594 1034 566 1919 1075
rail 0.9144 0 570 922 1077
rail 0.8797 934 565 1191 1074
rail 0.1629 816 581 869 613
rail 0.0764 831 581 916 622
rail 0.0580 880 594 924 623
rail 0.0511 820 579 849 609
rail 0.0360 1031 564 1203 598
rail 0.0335 813 571 897 614
rail 0.0275 889 557 953 602
rail 0.0212 875 553 927 610
rail 0.0132 831 556 915 613
rail 0.0097 906 579 961 613
rail 0.0095 1023 567 1165 615
rail 0.0093 1121 515 1177 683
rail 0.0076 816 565 943 624
rail 0.0076 1215 582 1399 625
rail 0.0069 793 590 841 619
rail 0.0065 873 575 946 630
rail 0.0064 314 555 969 948
rail 0.0063 1070 559 1191 676
rail 0.0063 904 565 973 597
rail 0.0042 1077 546 1184 629
rail 0.0039 818 595 890 637
rail 0.0034 1005 567 1213 695
rail 0.0031 1067 558 1162 595
rail 0.0029 883 587 1039 1073
rail 0.0028 1064 596 1168 660
rail 0.0028 0 764 639 1078
rail 0.0024 1086 552 1234 708
rail 0.0023 1009 559 1135 601
rail 0.0021 787 577 859 632
rail 0.0020 1189 569 1347 620
rail 0.0020 1037 553 1312 676
rail 0.0014 1040 548 1191 586
rail 0.0014 799 556 980 660
rail 0.0014 938 565 1001 592
rail 0.0014 974 542 1234 803
rail 0.0013 1096 567 1449 696
rail 0.0013 492 552 926 850
rail 0.0013 1226 593 1426 639
rail 0.0013 1090 562 1371 632
rail 0.0011 969 558 1058 590
rail 0.0010 784 565 866 612
rail 0.0010 918 558 1157 660
switch-indicator 0.0031 661 634 686 658
switch-indicator 0.0019 1091 623 1120 655
switch-indicator 0.0011 766 602 797 630
switch-left 0.0233 888 600 924 629
switch-right 0.1280 883 601 921 624
switch-right 0.0367 859 599 915 629
switch-unknown 0.1144 882 598 920 623
switch-unknown 0.0291 846 582 909 627
switch-unknown 0.0161 907 577 959 616
switch-unknown 0.0020 940 558 1002 589
switch-static 0.0118 767 605 794 625
switch-static 0.0101 796 592 838 618
switch-static 0.0060 749 610 784 633
switch-static 0.0050 659 638 689 659
switch-static 0.0027 669 641 713 674
switch-static 0.0020 753 604 781 626
switch-static 0.0020 759 608 805 630
switch-static 0.0015 722 626 755 650
switch-static 0.0014 666 633 688 654
track-sign-front 0.0596 1332 896 1423 963
track-sign-front 0.0064 1029 520 1057 579
track-sign-front 0.0037 1043 529 1077 573
track-sign-front 0.0033 836 547 852 583
track-sign-front 0.0022 217 631 238 651
track-sign-front 0.0017 969 549 1017 584
track-sign-front 0.0016 992 541 1037 596
track-sign-front 0.0011 620 619 644 650
track-sign-front 0.0011 1012 540 1066 595
track-sign-front 0.0010 1053 530 1122 580
track-signal-front 0.0107 1001 519 1023 574
track-signal-front 0.0043 977 516 1022 584
track-signal-back 0.3354 880 505 892 538
track-signal-back 0.1887 1211 502 1222 529
track-signal-back 0.0154 1146 506 1160 560
track-signal-back 0.0060 1191 481 1199 537
track-signal-back 0.0031 982 496 1024 575
track-signal-back 0.0022 881 501 941 580
track-signal-back 0.0020 874 505 901 541
track-signal-back 0.0019 1178 481 1205 573
track-signal-back 0.0018 1875 303 1920 408
pole 0.6730 1051 344 1080 619
pole 0.1819 1152 533 1170 718
pole 0.0537 1149 447 1165 727
pole 0.0413 1210 484 1225 610
pole 0.0313 877 489 895 615
pole 0.0302 1137 534 1184 718
pole 0.0266 1155 593 1168 722
pole 0.0165 1148 512 1162 578
pole 0.0156 1149 528 1165 645
pole 0.0154 1006 516 1018 561
pole 0.0147 1147 476 1163 629
pole 0.0146 1157 588 1177 707
pole 0.0144 971 471 984 585
pole 0.0101 1116 515 1202 707
pole 0.0091 1205 493 1241 611
pole 0.0072 882 508 901 607
pole 0.0061 1125 547 1173 648
pole 0.0059 1037 474 1067 596
pole 0.0055 775 386 790 619
pole 0.0038 1034 352 1093 637
pole 0.0038 1050 332 1124 635
pole 0.0028 1053 411 1074 561
pole 0.0027 1144 470 1156 565
pole 0.0026 1144 607 1166 720
pole 0.0025 1181 426 1203 637
pole 0.0025 1059 373 1173 657
pole 0.0019 1190 463 1200 555
pole 0.0018 1326 383 1342 623
pole 0.0015 1029 523 1053 579
pole 0.0015 981 495 1024 579
pole 0.0015 1001 525 1021 576
pole 0.0014 1134 414 1199 663
pole 0.0014 966 410 993 614
pole 0.0014 1085 496 1230 684
pole 0.0014 1154 546 1184 647
pole 0.0011 1005 481 1024 562
pole 0.0011 1189 443 1197 542
pole 0.0010 1192 531 1235 610
pole 0.0010 1060 437 1097 621
pole 0.0010 1853 135 1923 991
rail-occluder 0.0133 1137 555 1172 725
rail-occluder 0.0070 1097 617 1130 657
rail-occluder 0.0038 1118 560 1189 724
rail-occluder 0.0025 1078 601 1154 656
rail-occluder 0.0023 1047 570 1136 612
rail-occluder 0.0021 1212 550 1272 599
rail-occluder 0.0018 1217 567 1270 617
rail-occluder 0.0012 1191 569 1315 621
rail-occluder 0.0010 1238 579 1328 621
