guard-rail 0.3786 1049 645 1064 682
guard-rail 0.0804 740 751 845 810
guard-rail 0.0370 1060 650 1079 684
guard-rail 0.0284 869 652 919 677
guard-rail 0.0236 899 636 944 665
guard-rail 0.0211 1044 643 1074 681
guard-rail 0.0180 867 659 909 685
guard-rail 0.0163 716 771 818 830
guard-rail 0.0158 891 645 934 669
guard-rail 0.0106 974 586 1044 659
guard-rail 0.0104 914 628 949 654
guard-rail 0.0084 772 736 858 790
guard-rail 0.0069 1051 652 1074 702
guard-rail 0.0037 1047 629 1080 693
guard-rail 0.0030 854 662 899 697
guard-rail 0.0030 564 775 659 831
guard-rail 0.0025 663 737 855 828
guard-rail 0.0025 1057 633 1086 676
guard-rail 0.0023 499 736 614 804
guard-rail 0.0022 995 591 1066 647
guard-rail 0.0021 543 684 903 909
guard-rail 0.0019 507 707 654 805
guard-rail 0.0018 580 789 644 825
guard-rail 0.0017 741 703 866 828
guard-rail 0.0017 1048 656 1064 701
guard-rail 0.0015 502 752 583 810
guard-rail 0.0014 860 634 904 679
guard-rail 0.0014 679 748 729 791
guard-rail 0.0014 834 676 874 703
guard-rail 0.0012 1063 665 1086 724
guard-rail 0.0011 918 598 967 641
guard-rail 0.0010 731 748 865 867
guard-rail 0.0010 860 632 940 686
guard-rail 0.0010 692 762 781 828
train-car 0.8555 606 461 947 582
train-car 0.6075 214 486 286 536
train-car 0.2776 515 468 605 528
train-car 0.2626 914 493 980 523
train-car 0.2521 463 463 583 524
train-car 0.1365 231 485 377 530
train-car 0.1238 491 431 552 553
train-car 0.1018 461 480 538 525
train-car 0.0986 480 506 609 561
train-car 0.0985 555 460 614 530
train-car 0.0935 514 496 604 550
train-car 0.0839 509 456 556 532
train-car 0.0825 560 489 617 548
train-car 0.0460 420 465 544 528
train-car 0.0421 954 488 1005 520
train-car 0.0380 1029 484 1090 541
train-car 0.0360 168 485 503 535
train-car 0.0350 577 451 621 503
train-car 0.0256 946 493 988 526
train-car 0.0255 487 438 608 543
train-car 0.0227 428 434 512 535
train-car 0.0214 259 499 387 535
train-car 0.0192 435 502 560 543
train-car 0.0191 300 449 406 555
train-car 0.0181 374 421 402 574
train-car 0.0178 405 491 494 532
train-car 0.0172 288 486 387 523
train-car 0.0164 718 466 961 552
train-car 0.0159 537 446 616 554
train-car 0.0155 360 444 405 541
train-car 0.0150 61 492 347 558
train-car 0.0148 444 428 575 545
train-car 0.0145 876 489 953 520
train-car 0.0126 90 469 413 608
train-car 0.0111 360 508 568 539
train-car 0.0111 953 467 987 527
train-car 0.0102 939 494 1018 553
train-car 0.0094 413 423 483 540
train-car 0.0091 765 481 969 529
train-car 0.0089 352 467 474 538
train-car 0.0089 462 497 530 547
train-car 0.0087 490 509 546 565
train-car 0.0086 140 475 288 542
train-car 0.0085 259 462 461 530
train-car 0.0080 596 461 679 543
train-car 0.0069 572 444 598 505
train-car 0.0065 505 355 542 567
train-car 0.0063 809 451 870 561
train-car 0.0060 377 435 453 566
train-car 0.0047 595 448 623 496
train-car 0.0045 918 473 983 528
train-car 0.0042 214 472 324 530
train-car 0.0037 412 505 483 542
train-car 0.0036 152 440 352 563
train-car 0.0035 578 455 647 557
train-car 0.0032 555 353 974 695
train-car 0.0027 901 473 950 526
train-car 0.0019 661 473 833 577
train-car 0.0019 600 505 661 557
train-car 0.0017 209 422 414 574
train-car 0.0017 62 454 265 531
train-car 0.0016 1024 410 1100 597
train-car 0.0015 1018 467 1092 569
train-car 0.0015 941 476 1005 533
train-car 0.0015 754 471 839 577
train-car 0.0014 508 493 918 606
train-car 0.0014 984 457 1022 508
train-car 0.0013 440 396 490 541
train-car 0.0013 193 470 277 532
train-car 0.0012 332 491 448 559
train-car 0.0012 1007 460 1030 507
train-car 0.0012 401 405 658 592
train-car 0.0011 367 428 526 520
train-car 0.0010 107 509 255 559
train-car 0.0010 796 488 925 556
train-car 0.0010 287 425 507 596
train-car 0.0010 1043 506 1104 542
platform 0.0650 606 477 960 591
platform 0.0318 1022 487 1092 539
platform 0.0249 1019 519 1080 552
platform 0.0113 992 487 1055 520
rail 0.9528 947 501 1228 1077
rail 0.9141 15 523 989 1082
rail 0.7449 -2 540 575 670
rail 0.6077 5 532 449 616
rail 0.5930 0 552 666 769
rail 0.1295 984 536 1041 577
rail 0.1225 980 544 1026 584
rail 0.1064 0 542 285 607
rail 0.0675 1004 527 1068 563
rail 0.0564 -3 559 350 653
rail 0.0404 3 564 266 626
rail 0.0392 983 545 1045 614
rail 0.0391 76 540 418 587
rail 0.0281 988 513 1059 556
rail 0.0266 14 524 311 585
rail 0.0234 978 521 1023 558
rail 0.0221 -9 503 990 795
rail 0.0205 1017 516 1082 552
rail 0.0180 1002 494 1090 567
rail 0.0126 302 528 592 570
rail 0.0112 -6 548 178 594
rail 0.0095 1 594 252 663
rail 0.0093 465 523 592 567
rail 0.0092 225 536 416 575
rail 0.0089 156 534 615 610
rail 0.0088 32 504 329 565
rail 0.0075 0 592 605 925
rail 0.0071 244 556 354 587
rail 0.0069 992 543 1070 582
rail 0.0054 520 519 602 562
rail 0.0052 940 519 1021 592
rail 0.0052 434 542 585 581
rail 0.0048 50 590 396 648
rail 0.0047 285 540 602 591
rail 0.0046 1029 527 1074 555
rail 0.0046 982 512 1049 648
rail 0.0044 566 514 604 583
rail 0.0039 0 576 165 627
rail 0.0037 962 549 1058 694
rail 0.0037 96 566 394 623
rail 0.0028 1010 518 1095 581
rail 0.0027 448 550 536 593
rail 0.0026 -9 495 337 608
rail 0.0025 0 601 125 651
rail 0.0023 4 620 161 665
rail 0.0023 334 544 767 658
rail 0.0023 -17 526 174 579
rail 0.0022 262 499 966 689
rail 0.0020 527 499 654 595
rail 0.0019 419 557 594 632
rail 0.0017 240 555 439 593
rail 0.0015 362 617 1007 1054
rail 0.0015 173 544 323 581
rail 0.0015 337 582 873 726
rail 0.0014 574 546 674 606
rail 0.0013 411 529 523 570
rail 0.0012 -1 572 81 624
rail 0.0012 515 534 638 615
rail 0.0012 432 523 833 633
rail 0.0012 49 574 217 619
rail 0.0012 997 567 1157 860
rail 0.0012 -10 526 207 634
rail 0.0012 584 518 925 657
rail 0.0011 628 545 838 644
rail 0.0011 152 550 290 591
rail 0.0011 1 629 77 670
rail 0.0011 0 553 75 599
rail 0.0011 239 569 359 615
rail 0.0011 433 564 543 624
rail 0.0011 2 604 442 781
rail 0.0011 -11 497 220 574
rail 0.0010 604 531 916 602
rail 0.0010 101 534 261 583
switch-indicator 0.0752 1066 588 1094 621
switch-indicator 0.0605 606 653 629 681
switch-indicator 0.0141 503 702 565 757
switch-indicator 0.0124 1031 528 1069 553
switch-indicator 0.0027 1078 586 1109 619
switch-indicator 0.0022 599 625 634 687
switch-indicator 0.0020 1058 579 1094 641
switch-indicator 0.0010 910 553 950 605
switch-left 0.1258 976 587 1040 635
switch-left 0.0013 974 605 1045 665
switch-right 0.2077 976 589 1042 625
switch-right 0.1577 981 547 1025 581
switch-right 0.1174 982 557 1032 588
switch-right 0.0026 938 585 997 622
switch-right 0.0010 994 598 1064 641
switch-unknown 0.0011 181 577 274 611
switch-static 0.1820 1067 591 1095 620
switch-static 0.0315 513 706 554 752
switch-static 0.0111 933 578 980 614
switch-static 0.0086 497 707 595 769
switch-static 0.0067 909 615 947 644
switch-static 0.0061 998 546 1065 580
switch-static 0.0052 929 570 968 601
switch-static 0.0043 916 597 969 642
switch-static 0.0037 430 658 477 677
switch-static 0.0025 904 578 950 633
switch-static 0.0019 994 582 1063 627
switch-static 0.0019 1042 564 1094 620
switch-static 0.0014 488 740 598 814
switch-static 0.0013 418 647 476 676
switch-static 0.0012 1043 584 1102 638
switch-static 0.0012 842 584 891 612
switch-static 0.0011 934 551 1017 601
track-sign-front 0.0532 384 518 397 602
track-sign-front 0.0408 383 446 398 533
track-sign-front 0.0302 1526 574 1547 603
track-sign-front 0.0257 72 524 84 552
track-sign-front 0.0233 1888 586 1919 834
track-sign-front 0.0057 1160 596 1178 637
track-sign-front 0.0039 1890 579 1919 717
track-sign-front 0.0038 71 508 85 559
track-sign-front 0.0019 1140 400 1156 420
track-sign-front 0.0016 1157 595 1187 649
track-sign-front 0.0013 1097 515 1125 541
track-sign-front 0.0011 1889 681 1919 807
track-sign-front 0.0010 1872 574 1922 907
track-signal-front 0.0072 1005 455 1029 502
track-signal-front 0.0040 982 449 1027 507
track-signal-front 0.0011 1013 466 1066 519
track-signal-back 0.1940 384 380 402 463
track-signal-back 0.0991 908 439 922 464
track-signal-back 0.0615 459 411 472 439
track-signal-back 0.0339 382 342 402 509
track-signal-back 0.0279 396 382 428 461
track-signal-back 0.0261 443 404 472 447
track-signal-back 0.0199 412 385 434 457
track-signal-back 0.0163 1005 455 1025 484
track-signal-back 0.0142 961 459 972 486
track-signal-back 0.0140 458 407 475 522
track-signal-back 0.0134 573 450 597 494
track-signal-back 0.0085 1002 455 1018 478
track-signal-back 0.0077 518 392 543 531
track-signal-back 0.0074 602 456 658 494
track-signal-back 0.0070 596 449 624 492
track-signal-back 0.0066 382 431 400 494
track-signal-back 0.0062 576 382 597 472
track-signal-back 0.0061 642 462 659 484
track-signal-back 0.0044 687 440 701 473
track-signal-back 0.0044 634 461 666 486
track-signal-back 0.0042 608 448 648 484
track-signal-back 0.0041 937 434 970 484
track-signal-back 0.0033 416 387 465 447
track-signal-back 0.0029 899 464 946 532
track-signal-back 0.0020 385 405 426 499
track-signal-back 0.0014 902 437 930 467
track-signal-back 0.0013 536 425 587 499
track-signal-back 0.0013 458 395 483 472
track-signal-back 0.0011 579 372 593 432
track-signal-back 0.0010 583 393 626 484
pole 0.1668 383 438 399 577
pole 0.1597 384 467 397 551
pole 0.1580 515 358 533 560
pole 0.0475 835 355 851 575
pole 0.0328 517 372 527 507
pole 0.0219 568 504 597 589
pole 0.0138 570 528 585 620
pole 0.0109 838 497 851 579
pole 0.0103 456 394 476 539
pole 0.0101 536 514 595 568
pole 0.0074 828 452 858 561
pole 0.0055 838 374 849 509
pole 0.0052 1077 -13 1146 743
pole 0.0048 381 371 402 550
pole 0.0046 831 443 850 537
pole 0.0039 500 317 535 581
pole 0.0036 389 459 450 547
pole 0.0035 355 472 429 594
pole 0.0031 402 497 442 548
pole 0.0030 457 230 472 547
pole 0.0029 335 274 357 585
pole 0.0027 453 158 482 586
pole 0.0022 71 468 85 554
pole 0.0018 820 496 849 579
pole 0.0016 385 359 424 546
pole 0.0014 423 377 468 555
pole 0.0014 792 405 895 566
pole 0.0011 805 478 855 576
pole 0.0010 462 338 480 531
pole 0.0010 462 366 526 569
rail-occluder 0.1112 382 548 395 622
rail-occluder 0.0364 383 504 399 612
rail-occluder 0.0243 491 518 593 566
rail-occluder 0.0171 570 525 588 622
rail-occluder 0.0164 274 558 326 585
rail-occluder 0.0127 572 570 595 613
rail-occluder 0.0119 589 565 622 612
rail-occluder 0.0097 596 578 620 608
rail-occluder 0.0085 476 554 505 590
rail-occluder 0.0076 470 522 525 572
rail-occluder 0.0063 264 547 332 576
rail-occluder 0.0057 483 543 537 579
rail-occluder 0.0052 371 515 403 616
rail-occluder 0.0048 377 584 395 632
rail-occluder 0.0043 67 539 86 560
rail-occluder 0.0039 278 535 362 574
rail-occluder 0.0035 243 556 318 589
rail-occluder 0.0034 573 511 628 574
rail-occluder 0.0031 436 528 498 571
rail-occluder 0.0030 367 594 393 631
rail-occluder 0.0030 457 542 564 580
rail-occluder 0.0026 366 548 411 624
rail-occluder 0.0025 453 549 497 584
rail-occluder 0.0024 562 531 603 617
rail-occluder 0.0024 0 538 14 579
rail-occluder 0.0023 608 636 637 676
rail-occluder 0.0021 382 514 426 580
rail-occluder 0.0019 384 542 415 602
rail-occluder 0.0019 562 493 607 594
rail-occluder 0.0018 267 571 331 612
rail-occluder 0.0017 66 533 90 569
rail-occluder 0.0016 339 517 407 619
rail-occluder 0.0015 232 542 319 571
rail-occluder 0.0015 557 567 616 613
rail-occluder 0.0014 476 578 499 608
rail-occluder 0.0014 301 557 372 589
rail-occluder 0.0013 288 579 351 616
rail-occluder 0.0012 405 521 487 570
rail-occluder 0.0012 0 542 19 594
rail-occluder 0.0011 602 580 634 612
