guard-rail 0.2991 938 710 952 740
guard-rail 0.1370 614 718 660 744
guard-rail 0.1345 628 712 671 738
guard-rail 0.1020 755 712 793 739
guard-rail 0.0753 748 718 791 750
guard-rail 0.0562 796 717 822 748
guard-rail 0.0548 715 728 764 763
guard-rail 0.0484 942 711 958 738
guard-rail 0.0482 726 719 782 757
guard-rail 0.0396 782 714 819 742
guard-rail 0.0261 638 709 700 735
guard-rail 0.0235 732 735 761 763
guard-rail 0.0200 937 694 949 737
guard-rail 0.0172 933 714 949 744
guard-rail 0.0144 695 743 734 788
guard-rail 0.0142 674 773 706 816
guard-rail 0.0140 711 708 770 740
guard-rail 0.0126 608 723 649 751
guard-rail 0.0125 707 735 756 769
guard-rail 0.0114 678 763 717 805
guard-rail 0.0088 796 703 840 742
guard-rail 0.0082 696 723 747 756
guard-rail 0.0072 624 695 658 719
guard-rail 0.0067 886 643 928 677
guard-rail 0.0061 605 700 674 743
guard-rail 0.0059 930 707 959 742
guard-rail 0.0041 668 783 696 818
guard-rail 0.0037 941 712 962 754
guard-rail 0.0034 668 707 736 737
guard-rail 0.0033 570 747 607 773
guard-rail 0.0032 728 675 797 722
guard-rail 0.0030 823 694 860 734
guard-rail 0.0026 819 716 849 747
guard-rail 0.0023 778 669 848 714
guard-rail 0.0020 739 712 808 753
guard-rail 0.0018 671 755 710 794
guard-rail 0.0018 920 668 946 715
guard-rail 0.0012 823 671 876 729
guard-rail 0.0011 652 773 689 815
rail 0.9294 86 598 863 1080
rail 0.8782 865 596 1112 1081
rail 0.1689 783 601 844 637
rail 0.1059 736 647 1062 1075
rail 0.0850 887 601 937 639
rail 0.0729 877 620 928 646
rail 0.0442 875 593 926 630
rail 0.0372 797 593 874 634
rail 0.0280 758 626 814 657
rail 0.0240 817 589 877 617
rail 0.0185 868 611 913 642
rail 0.0182 903 596 968 642
rail 0.0115 844 592 905 619
rail 0.0104 772 608 841 660
rail 0.0087 826 578 874 609
rail 0.0080 760 601 816 635
rail 0.0074 873 608 935 661
rail 0.0063 730 623 788 651
rail 0.0046 761 632 825 694
rail 0.0029 4 610 845 822
rail 0.0029 769 580 841 634
rail 0.0026 381 679 889 1067
rail 0.0025 362 692 643 1032
rail 0.0023 856 583 900 605
rail 0.0022 796 763 1165 1137
rail 0.0021 -48 631 574 774
rail 0.0020 874 550 929 622
rail 0.0020 -24 656 329 780
rail 0.0016 725 607 810 654
rail 0.0014 910 573 960 637
rail 0.0012 811 553 845 620
rail 0.0011 2 674 252 757
rail 0.0011 873 575 931 607
rail 0.0010 735 549 880 721
switch-indicator 0.0200 518 700 538 721
switch-indicator 0.0190 1279 993 1327 1056
switch-indicator 0.0072 1005 690 1024 710
switch-indicator 0.0062 914 595 970 649
switch-indicator 0.0054 701 625 734 655
switch-indicator 0.0041 716 621 752 652
switch-indicator 0.0026 512 699 546 724
switch-indicator 0.0019 924 620 965 652
switch-indicator 0.0017 1004 668 1028 710
switch-left 0.3527 848 950 1113 1076
switch-left 0.0820 104 974 484 1078
switch-left 0.0414 822 1010 1100 1080
switch-left 0.0330 876 640 923 669
switch-left 0.0318 1097 1002 1223 1073
switch-left 0.0159 115 1013 426 1083
switch-left 0.0157 882 626 928 656
switch-left 0.0102 837 903 1074 1046
switch-left 0.0089 755 666 818 707
switch-left 0.0055 750 645 813 687
switch-left 0.0052 979 993 1210 1079
switch-left 0.0051 735 693 801 736
switch-left 0.0025 856 1030 1128 1096
switch-left 0.0022 953 1020 1114 1079
switch-left 0.0018 100 703 789 1079
switch-left 0.0014 180 893 546 1048
switch-left 0.0014 831 980 1136 1122
switch-left 0.0013 748 993 968 1076
switch-left 0.0010 866 885 1035 1004
switch-right 0.3233 849 951 1110 1074
switch-right 0.1249 878 629 922 652
switch-right 0.0370 875 640 924 669
switch-right 0.0194 763 641 825 685
switch-right 0.0135 752 674 817 712
switch-right 0.0104 766 664 826 700
switch-right 0.0070 836 901 1074 1048
switch-right 0.0041 728 681 799 722
switch-right 0.0037 856 639 917 681
switch-unknown 0.2304 762 633 811 661
switch-unknown 0.1369 778 609 828 644
switch-unknown 0.0959 762 641 812 677
switch-unknown 0.0712 874 632 913 653
switch-unknown 0.0422 739 629 797 655
switch-unknown 0.0189 871 615 912 643
switch-unknown 0.0177 847 588 902 611
switch-unknown 0.0077 760 601 814 632
switch-unknown 0.0074 857 579 895 606
switch-unknown 0.0059 716 626 761 654
switch-unknown 0.0054 727 643 793 689
switch-unknown 0.0041 715 659 765 687
switch-static 0.3894 1109 1013 1212 1073
switch-static 0.2739 591 692 627 710
switch-static 0.1374 182 836 284 882
switch-static 0.1107 594 687 640 707
switch-static 0.0973 20 808 119 881
switch-static 0.0817 1096 1007 1291 1073
switch-static 0.0736 1269 986 1316 1053
switch-static 0.0488 883 627 928 654
switch-static 0.0217 717 624 749 649
switch-static 0.0187 194 832 283 862
switch-static 0.0171 620 683 649 701
switch-static 0.0164 766 1032 861 1075
switch-static 0.0144 1087 999 1204 1053
switch-static 0.0111 729 622 788 654
switch-static 0.0105 1267 983 1300 1028
switch-static 0.0094 1005 689 1024 708
switch-static 0.0083 1181 991 1321 1070
switch-static 0.0079 926 620 967 652
switch-static 0.0056 1074 969 1349 1061
switch-static 0.0052 1241 984 1304 1035
switch-static 0.0035 230 829 284 851
switch-static 0.0030 655 642 694 664
switch-static 0.0028 1294 1008 1330 1056
switch-static 0.0026 1153 1017 1242 1078
switch-static 0.0019 623 695 662 724
switch-static 0.0019 1250 969 1326 1060
switch-static 0.0017 999 687 1031 710
switch-static 0.0015 1192 1024 1288 1074
switch-static 0.0014 8 816 91 865
switch-static 0.0014 742 1025 946 1079
switch-static 0.0011 1040 991 1202 1076
track-sign-front 0.0543 959 560 971 575
track-sign-front 0.0288 948 603 965 639
track-sign-front 0.0126 950 578 969 628
track-sign-front 0.0107 944 548 973 599
track-sign-front 0.0098 921 579 967 636
track-sign-front 0.0067 955 558 970 585
track-sign-front 0.0044 1010 590 1039 619
track-sign-front 0.0026 1007 589 1036 642
track-sign-front 0.0023 1020 591 1051 618
track-sign-front 0.0020 908 547 935 614
track-sign-front 0.0019 983 578 1017 625
track-sign-front 0.0015 942 616 975 657
track-sign-front 0.0014 737 587 769 633
track-sign-front 0.0013 666 503 682 552
track-sign-front 0.0012 966 549 1009 594
track-sign-front 0.0012 983 537 1008 592
track-sign-front 0.0011 728 384 747 406
track-sign-front 0.0010 923 537 977 591
track-sign-front 0.0010 589 559 605 592
track-signal-front 0.0016 244 139 277 188
track-signal-back 0.0431 746 463 759 500
track-signal-back 0.0140 669 486 682 519
track-signal-back 0.0111 911 542 925 567
track-signal-back 0.0083 861 531 881 561
track-signal-back 0.0055 750 465 765 499
track-signal-back 0.0036 852 532 874 561
track-signal-back 0.0034 891 529 930 577
track-signal-back 0.0015 667 464 682 509
track-signal-back 0.0013 910 525 931 568
pole 0.1084 228 5 280 877
pole 0.0174 504 335 518 669
pole 0.0103 500 225 524 672
pole 0.0085 988 391 1006 635
pole 0.0047 807 541 843 627
pole 0.0029 237 8 317 842
pole 0.0029 1185 0 1241 924
pole 0.0029 807 499 828 619
pole 0.0017 238 372 275 850
pole 0.0012 1194 130 1232 792
