crossing 0.0307 882 585 916 605
guard-rail 0.1323 986 656 1035 679
guard-rail 0.0397 1001 659 1046 682
guard-rail 0.0140 989 661 1040 695
guard-rail 0.0080 884 634 945 675
guard-rail 0.0059 970 643 1037 685
guard-rail 0.0034 963 644 1005 679
guard-rail 0.0032 949 628 1003 668
guard-rail 0.0019 895 614 967 665
guard-rail 0.0018 1005 666 1063 697
guard-rail 0.0012 982 657 1086 706
guard-rail 0.0011 1002 649 1061 679
rail 0.9685 -1 567 881 1077
rail 0.9469 865 547 1154 1077
rail 0.9237 900 607 1891 1077
rail 0.0069 881 581 919 611
rail 0.0051 885 635 945 674
rail 0.0040 878 541 919 585
rail 0.0026 887 561 937 595
rail 0.0019 893 537 941 579
rail 0.0019 857 566 908 599
rail 0.0017 865 571 963 689
rail 0.0013 865 570 939 627
rail 0.0013 858 589 916 614
rail 0.0011 889 617 971 664
switch-left 0.0742 883 613 946 652
switch-left 0.0017 885 637 947 678
switch-right 0.2765 882 610 943 640
switch-right 0.1510 885 593 925 612
switch-right 0.0113 884 606 945 664
switch-right 0.0084 881 583 920 609
switch-right 0.0053 884 635 946 673
switch-right 0.0045 902 608 972 632
switch-unknown 0.0013 866 544 906 587
switch-static 0.0157 917 588 976 621
switch-static 0.0132 900 600 978 633
switch-static 0.0111 938 604 978 626
switch-static 0.0048 854 578 919 619
switch-static 0.0044 883 554 940 600
switch-static 0.0043 938 592 985 624
switch-static 0.0020 920 570 972 610
switch-static 0.0019 840 598 895 637
track-sign-front 0.1033 806 568 820 596
track-sign-front 0.0043 735 576 751 595
track-sign-front 0.0040 805 555 819 587
track-sign-front 0.0031 999 567 1017 598
track-sign-front 0.0026 976 566 1019 611
track-sign-front 0.0014 953 563 988 597
track-sign-front 0.0010 838 554 871 619
pole 0.1052 806 576 818 666
rail-occluder 0.0713 806 567 818 637
rail-occluder 0.0344 803 579 824 664
rail-occluder 0.0176 843 602 863 627
rail-occluder 0.0033 839 588 864 629
rail-occluder 0.0030 979 567 1017 624
rail-occluder 0.0021 800 558 838 665
rail-occluder 0.0017 734 578 748 601
rail-occluder 0.0014 737 577 755 600
rail-occluder 0.0012 830 600 873 636
