crossing 0.0302 788 658 862 677
crossing 0.0109 753 656 852 679
crossing 0.0095 736 655 823 675
crossing 0.0060 544 627 624 648
crossing 0.0054 797 648 888 667
crossing 0.0049 581 627 640 650
crossing 0.0033 600 629 675 651
crossing 0.0026 596 596 624 654
crossing 0.0026 790 653 894 679
crossing 0.0010 800 643 941 666
guard-rail 0.7477 816 926 847 982
guard-rail 0.7100 1190 917 1265 983
guard-rail 0.2516 1175 923 1239 988
guard-rail 0.1683 827 923 858 985
guard-rail 0.0629 838 922 868 990
guard-rail 0.0416 1219 767 1257 810
guard-rail 0.0261 1234 754 1263 804
guard-rail 0.0222 1197 786 1252 827
guard-rail 0.0161 1203 757 1258 828
guard-rail 0.0150 1044 912 1086 945
guard-rail 0.0110 1214 913 1279 974
guard-rail 0.0094 808 917 857 991
guard-rail 0.0031 1163 905 1267 963
guard-rail 0.0030 1168 942 1232 1002
guard-rail 0.0025 1192 804 1235 844
guard-rail 0.0023 1216 742 1265 814
guard-rail 0.0020 1225 721 1264 767
guard-rail 0.0020 1236 720 1269 756
guard-rail 0.0019 1166 915 1237 1033
guard-rail 0.0018 1163 968 1197 1005
guard-rail 0.0013 791 904 871 1014
guard-rail 0.0012 635 820 1021 1060
guard-rail 0.0012 780 873 886 1048
guard-rail 0.0011 1190 737 1275 857
guard-rail 0.0010 781 927 1000 1000
rail 0.9147 527 621 1047 1081
rail 0.7201 606 642 1414 1077
rail 0.0258 573 630 1413 838
rail 0.0032 756 934 1077 1032
rail 0.0028 603 626 721 655
rail 0.0023 594 625 807 667
rail 0.0016 825 763 1357 1068
rail 0.0014 647 657 934 1033
rail 0.0013 624 613 1379 723
rail 0.0012 637 633 926 682
rail 0.0010 5 589 350 721
rail 0.0010 686 909 1155 1064
switch-left 0.0018 754 939 1039 1022
switch-unknown 0.0111 718 649 838 675
switch-unknown 0.0093 688 640 820 670
switch-unknown 0.0061 621 630 739 661
switch-unknown 0.0043 657 636 750 665
switch-unknown 0.0027 1210 679 1322 710
switch-unknown 0.0026 1179 684 1286 711
switch-unknown 0.0012 623 622 695 648
switch-static 0.0094 1244 677 1324 700
track-sign-front 0.3084 804 501 818 616
track-sign-front 0.1933 803 479 820 526
track-sign-front 0.0935 803 490 818 551
track-sign-front 0.0507 335 527 356 597
track-sign-front 0.0203 799 467 825 600
track-sign-front 0.0147 598 316 625 335
track-sign-front 0.0115 1744 495 1828 549
track-sign-front 0.0094 534 510 554 549
track-sign-front 0.0091 535 505 571 550
track-sign-front 0.0079 536 450 572 607
track-sign-front 0.0056 806 570 818 607
track-sign-front 0.0055 534 500 550 586
track-sign-front 0.0034 799 510 823 636
track-sign-front 0.0026 601 314 630 344
track-sign-front 0.0017 713 518 726 564
track-sign-front 0.0015 1752 504 1817 589
track-sign-front 0.0015 703 520 720 539
track-sign-front 0.0012 547 448 599 562
track-sign-front 0.0012 707 509 730 560
track-sign-front 0.0010 1753 492 1836 529
track-sign-front 0.0010 595 454 646 500
track-signal-front 0.1286 804 480 822 519
track-signal-front 0.0016 338 519 354 578
track-signal-front 0.0014 815 481 851 521
track-signal-front 0.0012 1723 576 1741 623
track-signal-back 0.0752 800 475 823 510
track-signal-back 0.0489 570 454 605 498
track-signal-back 0.0174 547 393 587 473
track-signal-back 0.0077 792 435 847 497
track-signal-back 0.0052 566 449 613 548
track-signal-back 0.0039 798 443 832 508
track-signal-back 0.0038 570 407 616 604
track-signal-back 0.0024 823 402 848 458
track-signal-back 0.0017 536 403 572 511
track-signal-back 0.0012 820 442 849 517
track-signal-back 0.0011 584 445 617 498
track-signal-back 0.0011 546 334 601 578
track-signal-back 0.0011 811 416 848 493
person 0.0408 335 527 357 597
pole 0.1484 596 407 618 705
pole 0.0466 579 370 617 684
pole 0.0266 1244 71 1275 655
pole 0.0159 602 438 627 709
pole 0.0130 600 537 616 668
pole 0.0099 559 378 608 659
pole 0.0092 532 455 553 631
pole 0.0069 533 507 546 642
pole 0.0061 536 424 578 675
pole 0.0052 473 257 502 660
pole 0.0048 719 505 732 612
pole 0.0044 595 453 620 576
pole 0.0024 595 506 613 647
pole 0.0017 1647 -26 1728 875
pole 0.0016 1741 -6 1840 852
pole 0.0016 505 285 547 719
pole 0.0014 550 414 597 608
pole 0.0013 592 502 644 720
pole 0.0012 597 584 625 663
pole 0.0012 1750 5 1792 540
