train-car 0.8436 537 414 1590 826
platform 0.0015 103 669 606 787
rail 0.6290 264 679 1923 1078
rail 0.3250 1291 724 1772 847
rail 0.3244 2 774 620 990
rail 0.1624 0 735 66 878
rail 0.0882 -1 713 522 904
rail 0.0793 -14 691 1662 953
rail 0.0394 0 723 285 864
rail 0.0296 1720 633 1919 857
rail 0.0260 0 723 55 1026
rail 0.0234 1435 715 1732 826
rail 0.0192 234 724 578 812
rail 0.0188 154 730 624 847
rail 0.0171 26 702 588 810
rail 0.0157 -2 702 109 854
rail 0.0083 1 733 132 912
rail 0.0076 -5 802 1493 1073
rail 0.0076 0 704 253 775
rail 0.0073 1284 729 1930 955
rail 0.0058 -17 756 1030 1012
rail 0.0053 1505 710 1736 785
rail 0.0047 176 708 1287 882
rail 0.0046 203 775 668 917
rail 0.0041 0 735 55 820
rail 0.0036 1378 712 1673 791
rail 0.0031 1453 691 1742 762
rail 0.0029 -9 720 180 825
rail 0.0025 338 750 599 836
rail 0.0025 236 904 1607 1131
rail 0.0021 112 830 1727 1227
rail 0.0019 1302 687 1745 803
rail 0.0018 1321 742 1635 834
rail 0.0016 0 767 43 898
rail 0.0016 5 609 420 853
rail 0.0015 1640 758 1922 971
rail 0.0014 1247 840 1912 1009
rail 0.0014 1 758 89 960
rail 0.0013 23 642 283 794
rail 0.0013 378 743 597 803
rail 0.0012 -6 820 328 1041
rail 0.0012 678 961 1155 1090
rail 0.0012 1633 852 1924 1018
rail 0.0012 1591 629 1684 723
rail 0.0011 -3 697 72 813
rail 0.0011 534 441 2036 930
rail 0.0010 1459 723 1928 880
rail 0.0010 407 763 575 818
rail 0.0010 1498 635 1780 790
track-sign-front 0.0040 739 335 763 366
track-sign-front 0.0033 611 382 655 424
track-signal-front 0.0027 924 305 955 349
track-signal-back 0.0032 564 -2 613 70
track-signal-back 0.0026 572 -8 642 69
car 0.0444 1727 635 1922 855
person 0.7661 185 607 246 812
person 0.6759 21 621 69 723
person 0.0855 1617 614 1662 704
person 0.0520 279 620 316 711
person 0.0449 36 624 86 724
person 0.0177 4 616 52 723
person 0.0142 1 609 21 698
person 0.0077 95 639 272 833
person 0.0073 256 606 321 719
person 0.0053 1595 611 1649 695
person 0.0048 1588 604 1624 696
person 0.0044 195 600 248 727
person 0.0041 133 614 461 769
person 0.0039 1625 615 1658 675
person 0.0033 196 650 266 847
person 0.0031 2 643 66 781
person 0.0025 22 608 58 683
person 0.0023 1601 622 1672 723
person 0.0022 30 604 74 699
person 0.0019 283 609 338 707
person 0.0018 150 594 240 778
person 0.0012 0 643 32 793
person 0.0011 0 628 108 763
person 0.0010 232 611 321 771
person 0.0010 42 615 97 695
