guard-rail 0.7175 1044 867 1179 1078
guard-rail 0.7027 664 865 788 1074
guard-rail 0.1076 662 936 740 1076
guard-rail 0.0430 1082 925 1188 1079
guard-rail 0.0302 564 719 646 752
guard-rail 0.0063 1046 874 1136 1016
guard-rail 0.0054 585 711 672 746
guard-rail 0.0050 929 984 947 1082
guard-rail 0.0044 918 976 940 1083
guard-rail 0.0043 665 674 742 706
guard-rail 0.0041 683 814 821 1046
guard-rail 0.0036 678 894 763 1038
guard-rail 0.0032 916 794 1265 1108
guard-rail 0.0031 654 985 717 1077
guard-rail 0.0031 959 692 999 725
guard-rail 0.0029 580 778 952 1108
guard-rail 0.0025 655 1016 699 1075
guard-rail 0.0021 560 686 726 752
guard-rail 0.0021 505 720 631 757
guard-rail 0.0020 1060 904 1148 1052
guard-rail 0.0019 647 696 714 728
guard-rail 0.0018 692 670 760 698
guard-rail 0.0018 1113 970 1191 1082
guard-rail 0.0017 616 704 694 735
guard-rail 0.0012 492 724 581 755
guard-rail 0.0011 697 836 827 964
guard-rail 0.0011 562 704 685 765
guard-rail 0.0011 477 733 565 758
guard-rail 0.0011 1013 739 1195 1088
guard-rail 0.0011 672 694 729 727
train-car 0.0044 814 593 840 617
rail 0.9362 899 619 1197 1077
rail 0.9192 646 615 1010 1077
rail 0.8827 2 622 885 1054
rail 0.0196 -10 652 776 860
rail 0.0117 -1 704 561 895
rail 0.0017 575 649 813 739
rail 0.0017 -1 738 536 1040
rail 0.0014 933 614 998 649
rail 0.0013 1014 750 1196 1084
rail 0.0013 668 646 829 701
rail 0.0011 0 768 287 943
rail 0.0011 -2 725 315 882
switch-indicator 0.0598 990 643 1014 666
switch-left 0.1224 895 666 976 712
switch-left 0.0192 889 681 973 726
switch-left 0.0072 904 655 985 699
switch-left 0.0024 884 654 996 734
switch-left 0.0023 944 679 993 719
switch-right 0.1965 903 664 971 696
switch-right 0.1311 895 668 976 715
switch-right 0.0198 914 652 979 680
switch-unknown 0.0267 740 651 812 674
switch-unknown 0.0162 771 641 834 667
switch-unknown 0.0110 762 647 820 672
switch-unknown 0.0098 721 656 798 678
switch-unknown 0.0037 696 661 776 684
switch-unknown 0.0029 937 607 993 650
switch-unknown 0.0020 670 667 750 693
switch-unknown 0.0019 908 651 966 678
switch-static 0.0403 963 681 1026 712
switch-static 0.0374 982 638 1017 671
switch-static 0.0252 992 646 1024 673
switch-static 0.0099 962 691 1010 721
switch-static 0.0068 947 678 995 719
switch-static 0.0066 958 634 1002 661
switch-static 0.0022 911 647 992 697
switch-static 0.0014 973 687 1040 722
switch-static 0.0012 883 658 944 689
track-sign-front 0.1106 817 595 836 615
track-sign-front 0.0188 620 610 639 637
track-sign-front 0.0110 633 502 660 535
track-sign-front 0.0099 894 530 912 556
track-sign-front 0.0054 622 617 640 653
track-sign-front 0.0021 1043 603 1061 642
track-sign-front 0.0014 583 530 612 571
track-sign-front 0.0014 1038 570 1063 631
track-sign-front 0.0014 1017 563 1059 667
track-sign-front 0.0013 613 587 638 626
track-sign-front 0.0012 614 601 645 634
track-sign-front 0.0011 1897 534 1919 605
track-sign-front 0.0010 1048 616 1065 676
track-signal-front 0.0045 815 567 836 626
pole 0.0286 1021 548 1033 655
pole 0.0135 897 527 908 630
pole 0.0081 1019 548 1043 654
pole 0.0027 893 523 914 565
pole 0.0021 895 518 916 630
pole 0.0021 819 508 839 620
pole 0.0016 815 566 836 627
pole 0.0013 1018 544 1054 691
pole 0.0013 889 553 912 638
pole 0.0011 965 524 993 629
rail-occluder 0.0369 815 592 838 620
rail-occluder 0.0107 818 627 860 655
rail-occluder 0.0080 803 631 846 659
rail-occluder 0.0040 812 603 853 645
rail-occluder 0.0026 945 597 959 623
rail-occluder 0.0015 939 604 972 642
rail-occluder 0.0014 836 612 891 644
rail-occluder 0.0013 977 614 1009 664
