crossing 0.0031 938 540 978 562
guard-rail 0.0026 840 519 899 566
guard-rail 0.0022 643 566 733 597
guard-rail 0.0013 869 518 915 562
guard-rail 0.0011 800 558 865 581
guard-rail 0.0011 206 944 383 1061
guard-rail 0.0010 726 571 779 592
rail 0.9652 897 488 1206 1077
rail 0.9454 9 500 933 1072
rail 0.0227 750 525 857 557
rail 0.0129 763 509 887 552
rail 0.0124 711 513 887 566
rail 0.0043 666 526 853 582
rail 0.0034 838 507 909 547
rail 0.0027 695 499 922 593
rail 0.0024 834 514 905 575
rail 0.0019 814 501 895 533
rail 0.0016 817 498 916 563
rail 0.0013 588 542 816 603
rail 0.0010 571 505 900 616
switch-indicator 0.0052 616 571 634 593
switch-indicator 0.0014 616 567 641 599
switch-right 0.0027 644 567 730 594
switch-unknown 0.0221 759 533 835 559
switch-unknown 0.0215 733 538 824 564
switch-unknown 0.0141 717 545 801 574
switch-unknown 0.0081 711 555 792 584
switch-unknown 0.0075 843 507 905 542
switch-unknown 0.0070 784 514 865 549
switch-unknown 0.0068 871 506 917 540
switch-unknown 0.0054 818 505 888 543
switch-unknown 0.0048 614 573 702 604
switch-unknown 0.0047 698 563 770 587
switch-unknown 0.0044 845 499 905 529
switch-unknown 0.0038 872 496 926 531
switch-unknown 0.0027 833 502 875 526
switch-unknown 0.0026 784 526 866 566
switch-unknown 0.0015 661 564 744 592
switch-unknown 0.0015 819 529 888 572
switch-unknown 0.0013 634 569 723 599
switch-unknown 0.0012 774 554 843 580
switch-static 0.0075 622 572 703 597
switch-static 0.0062 664 567 741 589
switch-static 0.0016 600 572 673 605
switch-static 0.0011 706 570 760 593
track-sign-front 0.6558 1029 485 1045 507
track-sign-front 0.0996 311 517 343 552
track-sign-front 0.0358 609 501 624 528
track-sign-front 0.0287 1024 484 1067 510
track-sign-front 0.0151 1028 488 1045 532
track-sign-front 0.0094 1081 487 1095 519
track-sign-front 0.0053 307 509 346 581
track-sign-front 0.0052 1231 560 1254 592
track-sign-front 0.0047 1078 462 1096 503
track-sign-front 0.0043 1083 496 1096 535
track-sign-front 0.0025 309 490 342 547
track-sign-front 0.0020 1053 467 1090 506
track-sign-front 0.0018 608 457 624 523
track-sign-front 0.0013 1078 449 1097 482
track-sign-front 0.0011 305 512 348 640
track-sign-front 0.0010 1035 437 1057 496
track-sign-front 0.0010 1043 443 1075 479
track-sign-front 0.0010 610 434 625 474
track-signal-front 0.0012 901 418 945 500
track-signal-front 0.0011 923 430 952 485
track-signal-back 0.0012 986 423 1001 462
track-signal-back 0.0010 907 421 933 465
pole 0.0020 812 400 829 515
