guard-rail 0.0083 6 791 110 845
guard-rail 0.0047 7 775 106 814
guard-rail 0.0044 904 794 924 869
guard-rail 0.0042 821 793 856 845
guard-rail 0.0025 -1 807 36 868
guard-rail 0.0020 821 775 909 833
guard-rail 0.0018 903 849 923 1026
guard-rail 0.0017 909 881 922 993
guard-rail 0.0016 54 791 145 838
guard-rail 0.0016 890 789 931 853
guard-rail 0.0010 803 793 856 870
guard-rail 0.0010 8 766 104 797
guard-rail 0.0010 821 766 853 828
guard-rail 0.0010 301 774 394 813
guard-rail 0.0010 269 767 425 818
rail 0.8728 57 662 895 1076
rail 0.8488 618 658 977 1077
rail 0.7400 -3 667 747 928
rail 0.7066 661 800 913 1081
rail 0.6741 -1 693 545 854
rail 0.1695 3 709 382 821
rail 0.0637 11 762 217 856
rail 0.0564 0 788 146 871
rail 0.0516 1 738 292 875
rail 0.0289 4 734 252 819
rail 0.0272 73 659 725 819
rail 0.0200 61 759 410 829
rail 0.0167 0 767 162 825
rail 0.0136 52 753 220 809
rail 0.0100 275 646 890 808
rail 0.0088 2 801 90 869
rail 0.0068 151 740 323 825
rail 0.0068 104 770 172 815
rail 0.0065 220 711 466 785
rail 0.0063 91 758 261 823
rail 0.0054 0 805 145 937
rail 0.0047 390 640 642 794
rail 0.0042 73 715 295 779
rail 0.0041 0 789 81 846
rail 0.0041 3 762 125 801
rail 0.0040 334 708 718 857
rail 0.0037 110 787 218 843
rail 0.0033 -5 693 381 982
rail 0.0032 767 681 985 986
rail 0.0032 19 786 178 843
rail 0.0030 127 730 417 797
rail 0.0029 2 772 83 819
rail 0.0027 456 680 628 757
rail 0.0025 795 672 854 700
rail 0.0024 0 807 38 869
rail 0.0023 583 841 842 1083
rail 0.0023 211 722 390 773
rail 0.0023 886 661 948 688
rail 0.0021 175 783 306 830
rail 0.0020 459 696 578 738
rail 0.0019 0 814 80 944
rail 0.0019 803 659 892 693
rail 0.0017 882 809 923 1067
rail 0.0017 451 692 534 722
rail 0.0017 400 814 935 1082
rail 0.0016 1 788 42 845
rail 0.0015 582 664 789 726
rail 0.0015 513 649 763 748
rail 0.0014 19 736 605 1008
rail 0.0013 896 675 961 1075
rail 0.0013 776 824 909 1073
rail 0.0012 5 712 222 782
rail 0.0012 129 744 384 901
rail 0.0011 354 716 444 754
rail 0.0011 723 746 878 1051
rail 0.0010 824 656 926 697
rail 0.0010 182 742 316 794
switch-indicator 0.0315 134 806 162 835
switch-indicator 0.0111 976 724 1009 750
switch-indicator 0.0080 174 713 205 756
switch-indicator 0.0056 274 1008 448 1076
switch-left 0.1810 802 788 940 865
switch-left 0.0088 890 779 995 827
switch-left 0.0077 811 768 935 830
switch-right 0.3423 808 785 939 854
switch-right 0.0172 814 774 933 825
switch-right 0.0037 882 671 920 692
switch-right 0.0035 890 774 998 831
switch-right 0.0012 830 761 925 806
switch-unknown 0.0117 883 667 927 692
switch-unknown 0.0071 802 676 844 696
switch-unknown 0.0042 779 674 840 705
switch-unknown 0.0033 889 660 944 686
switch-unknown 0.0032 400 707 488 733
switch-unknown 0.0026 838 659 913 693
switch-unknown 0.0023 814 658 878 692
switch-unknown 0.0021 812 672 873 695
switch-unknown 0.0016 749 702 804 724
switch-unknown 0.0015 386 713 446 740
switch-unknown 0.0015 301 728 388 761
switch-unknown 0.0011 212 746 290 782
switch-static 0.6643 954 780 1015 812
switch-static 0.0798 1007 845 1066 870
switch-static 0.0201 985 835 1065 873
switch-static 0.0185 131 805 167 837
switch-static 0.0144 949 771 1031 822
switch-static 0.0120 977 723 1008 749
switch-static 0.0057 195 805 250 847
switch-static 0.0051 1006 778 1047 811
switch-static 0.0039 184 792 263 857
switch-static 0.0028 999 786 1069 834
switch-static 0.0027 288 1009 449 1076
switch-static 0.0024 915 781 999 831
switch-static 0.0022 970 718 1002 744
switch-static 0.0020 1012 854 1065 888
switch-static 0.0019 931 696 1045 981
switch-static 0.0018 205 812 290 845
switch-static 0.0015 172 799 318 854
switch-static 0.0014 978 803 1071 890
switch-static 0.0012 975 768 1048 810
track-sign-front 0.1005 185 662 198 681
track-sign-front 0.0564 178 713 201 754
track-sign-front 0.0465 289 675 306 710
track-sign-front 0.0277 983 637 997 655
track-sign-front 0.0177 184 652 201 719
track-sign-front 0.0162 183 655 199 692
track-sign-front 0.0098 807 639 823 665
track-sign-front 0.0046 1064 762 1092 808
track-sign-front 0.0033 981 635 1000 683
track-sign-front 0.0028 184 602 203 705
track-sign-front 0.0015 988 634 1010 656
track-sign-front 0.0012 982 625 1000 657
track-signal-back 0.1468 884 585 898 605
track-signal-back 0.1041 817 587 836 619
track-signal-back 0.0439 816 586 837 652
track-signal-back 0.0090 883 586 900 639
track-signal-back 0.0013 812 584 843 611
track-signal-back 0.0010 668 583 696 645
pole 0.5220 622 459 660 741
pole 0.3860 522 470 646 776
pole 0.3208 184 468 208 782
pole 0.0488 579 462 660 751
pole 0.0377 507 487 595 783
pole 0.0267 816 587 838 654
pole 0.0215 188 466 225 781
pole 0.0107 805 598 835 673
pole 0.0097 672 587 696 698
pole 0.0072 163 455 218 793
pole 0.0067 517 454 562 763
pole 0.0058 655 508 699 718
pole 0.0053 610 563 650 745
pole 0.0044 821 591 853 687
pole 0.0037 870 574 899 675
pole 0.0034 740 575 763 684
pole 0.0030 558 474 721 747
pole 0.0029 536 565 629 701
pole 0.0023 882 586 901 647
pole 0.0022 626 577 651 723
pole 0.0021 633 454 682 726
pole 0.0020 627 570 670 715
pole 0.0019 629 532 658 680
pole 0.0015 737 481 761 683
pole 0.0014 188 558 204 699
pole 0.0013 471 535 491 713
pole 0.0012 478 596 514 702
pole 0.0011 721 574 758 685
pole 0.0011 937 589 963 672
rail-occluder 0.5551 516 492 648 786
rail-occluder 0.4724 204 780 230 818
rail-occluder 0.2180 445 759 479 821
rail-occluder 0.1593 411 769 437 838
rail-occluder 0.1511 177 718 202 757
rail-occluder 0.1492 498 549 605 775
rail-occluder 0.1407 416 760 474 827
rail-occluder 0.1217 361 703 378 720
rail-occluder 0.1011 132 805 164 833
rail-occluder 0.0973 449 760 500 809
rail-occluder 0.0681 491 684 507 702
rail-occluder 0.0525 552 552 647 757
rail-occluder 0.0498 326 754 542 845
rail-occluder 0.0347 125 789 169 829
rail-occluder 0.0334 426 755 513 825
rail-occluder 0.0305 138 796 179 827
rail-occluder 0.0276 159 715 224 761
rail-occluder 0.0253 180 748 255 825
rail-occluder 0.0241 118 777 156 809
rail-occluder 0.0205 356 705 407 728
rail-occluder 0.0191 437 751 548 805
rail-occluder 0.0175 27 742 308 846
rail-occluder 0.0152 392 775 429 846
rail-occluder 0.0151 281 710 693 833
rail-occluder 0.0127 69 720 336 817
rail-occluder 0.0108 632 696 651 733
rail-occluder 0.0106 534 589 628 732
rail-occluder 0.0097 489 684 515 710
rail-occluder 0.0091 174 783 249 842
rail-occluder 0.0087 160 724 210 794
rail-occluder 0.0085 354 720 476 813
rail-occluder 0.0083 176 721 230 808
rail-occluder 0.0080 375 758 468 882
rail-occluder 0.0080 399 720 434 744
rail-occluder 0.0078 390 714 437 736
rail-occluder 0.0074 550 745 586 771
rail-occluder 0.0067 138 771 211 816
rail-occluder 0.0064 407 746 443 821
rail-occluder 0.0058 116 769 155 796
rail-occluder 0.0054 200 774 271 821
rail-occluder 0.0054 512 741 566 788
rail-occluder 0.0050 355 702 378 729
rail-occluder 0.0048 287 677 308 735
rail-occluder 0.0045 375 720 428 746
rail-occluder 0.0044 791 640 830 695
rail-occluder 0.0044 402 765 441 880
rail-occluder 0.0042 598 567 657 743
rail-occluder 0.0041 479 613 569 730
rail-occluder 0.0040 468 690 521 719
rail-occluder 0.0040 517 685 567 751
rail-occluder 0.0039 559 730 587 767
rail-occluder 0.0039 802 656 847 699
rail-occluder 0.0039 667 626 700 704
rail-occluder 0.0037 488 637 547 713
rail-occluder 0.0035 116 757 188 800
rail-occluder 0.0033 369 762 447 833
rail-occluder 0.0032 519 719 567 779
rail-occluder 0.0031 154 719 189 765
rail-occluder 0.0031 475 680 533 715
rail-occluder 0.0029 111 788 194 843
rail-occluder 0.0028 628 578 671 738
rail-occluder 0.0028 152 703 249 792
rail-occluder 0.0028 764 662 795 685
rail-occluder 0.0026 550 636 659 746
rail-occluder 0.0026 460 698 619 800
rail-occluder 0.0025 545 691 618 735
rail-occluder 0.0023 611 576 739 737
rail-occluder 0.0023 529 686 600 749
rail-occluder 0.0022 510 584 593 720
rail-occluder 0.0022 568 665 642 715
rail-occluder 0.0021 672 646 725 701
rail-occluder 0.0021 431 617 608 806
rail-occluder 0.0021 479 691 556 736
rail-occluder 0.0020 498 594 556 712
rail-occluder 0.0020 667 672 737 708
rail-occluder 0.0019 654 667 712 712
rail-occluder 0.0019 453 734 604 835
rail-occluder 0.0018 271 996 454 1080
rail-occluder 0.0018 244 799 287 823
rail-occluder 0.0017 420 456 808 796
rail-occluder 0.0017 630 674 682 726
rail-occluder 0.0017 531 610 783 743
rail-occluder 0.0017 381 746 511 964
rail-occluder 0.0015 321 699 409 733
rail-occluder 0.0014 244 783 293 817
rail-occluder 0.0014 509 636 578 751
rail-occluder 0.0014 805 635 825 671
rail-occluder 0.0013 582 660 791 730
rail-occluder 0.0013 572 692 644 733
rail-occluder 0.0013 275 1021 412 1075
rail-occluder 0.0012 629 708 653 745
rail-occluder 0.0012 734 659 791 688
rail-occluder 0.0011 482 713 555 774
rail-occluder 0.0011 402 717 478 755
rail-occluder 0.0010 754 675 811 717
