crossing 0.0695 922 568 978 588
crossing 0.0065 934 487 977 515
guard-rail 0.3247 966 719 980 819
guard-rail 0.0449 958 717 987 826
guard-rail 0.0438 937 720 973 820
guard-rail 0.0245 924 726 942 818
guard-rail 0.0210 933 725 957 829
guard-rail 0.0112 971 708 992 810
guard-rail 0.0085 927 491 1086 1060
guard-rail 0.0079 915 723 984 835
guard-rail 0.0047 916 722 951 826
guard-rail 0.0035 907 712 938 801
guard-rail 0.0032 891 725 920 807
guard-rail 0.0030 890 719 912 786
guard-rail 0.0026 986 713 1026 826
guard-rail 0.0011 979 717 1046 857
train-car 0.0030 909 454 945 480
platform 0.0087 870 469 929 505
platform 0.0038 859 470 902 501
rail 0.9521 818 482 1107 1074
rail 0.2143 924 505 971 577
rail 0.0328 924 487 965 530
rail 0.0305 897 485 955 516
rail 0.0245 894 482 960 571
rail 0.0141 881 481 936 516
rail 0.0111 911 469 964 551
rail 0.0075 900 471 947 509
rail 0.0042 837 544 939 1030
rail 0.0038 934 485 980 526
rail 0.0031 885 520 938 581
rail 0.0025 904 474 992 636
rail 0.0020 855 477 910 514
rail 0.0020 920 458 970 507
rail 0.0016 877 487 969 609
switch-indicator 0.0554 1049 563 1066 589
switch-indicator 0.0034 868 534 886 584
switch-indicator 0.0030 1045 561 1064 605
switch-left 0.1401 923 556 976 588
switch-left 0.0882 920 535 974 584
switch-left 0.0011 929 539 1017 618
switch-right 0.2713 925 549 974 584
switch-static 0.1261 983 562 1018 587
switch-static 0.0070 855 549 884 596
switch-static 0.0066 845 576 878 600
switch-static 0.0043 996 567 1033 596
switch-static 0.0039 878 550 918 585
switch-static 0.0039 985 555 1029 583
switch-static 0.0030 1043 560 1066 586
switch-static 0.0026 884 522 935 584
track-sign-front 0.0799 1048 563 1066 589
track-sign-front 0.0212 787 519 804 547
track-sign-front 0.0047 788 489 807 541
track-sign-front 0.0015 798 474 814 504
track-signal-front 0.0288 964 446 977 470
track-signal-front 0.0113 968 444 981 467
track-signal-front 0.0047 939 444 977 473
track-signal-front 0.0032 961 447 979 491
track-signal-back 0.0188 964 442 977 463
person 0.0013 0 514 23 593
