guard-rail 0.0649 779 453 932 1087
guard-rail 0.0046 805 480 848 510
guard-rail 0.0031 790 631 879 1061
guard-rail 0.0026 849 470 907 516
guard-rail 0.0022 814 477 876 515
guard-rail 0.0013 869 479 924 519
guard-rail 0.0012 946 507 997 541
guard-rail 0.0012 878 501 912 530
guard-rail 0.0010 1114 523 1418 1061
rail 0.9015 594 459 884 1078
rail 0.8744 789 449 1817 1077
rail 0.6922 770 452 1056 1079
rail 0.0282 776 459 1306 928
rail 0.0139 1068 599 1672 1074
rail 0.0075 767 458 824 486
rail 0.0065 825 451 1034 866
rail 0.0061 1032 500 1336 1063
rail 0.0060 789 461 919 500
rail 0.0053 888 522 1474 1044
rail 0.0036 838 467 938 504
rail 0.0027 767 452 870 480
rail 0.0021 742 453 782 491
rail 0.0021 899 472 1181 846
rail 0.0020 944 486 1230 1033
rail 0.0016 797 462 968 517
rail 0.0015 745 452 849 497
rail 0.0010 766 449 1080 569
switch-unknown 0.0550 767 460 800 483
switch-unknown 0.0235 771 455 814 478
switch-unknown 0.0042 784 461 859 503
switch-unknown 0.0036 844 460 903 500
switch-unknown 0.0027 784 450 848 476
switch-unknown 0.0024 861 466 919 503
switch-static 0.0016 1807 944 1875 1018
switch-static 0.0015 1218 606 1237 627
switch-static 0.0013 1209 603 1234 628
switch-static 0.0010 1755 942 1879 1023
track-sign-front 0.0210 1570 582 1594 620
track-sign-front 0.0097 706 470 722 512
track-sign-front 0.0093 699 480 717 523
track-sign-front 0.0064 772 414 794 440
track-sign-front 0.0063 1561 534 1594 629
track-sign-front 0.0059 712 446 745 501
track-sign-front 0.0052 1416 655 1429 683
track-sign-front 0.0051 691 494 710 531
track-sign-front 0.0042 1155 526 1171 557
track-sign-front 0.0037 672 484 698 534
track-sign-front 0.0036 717 434 752 488
track-sign-front 0.0036 1627 618 1654 677
track-sign-front 0.0029 1628 610 1656 652
track-sign-front 0.0027 1548 484 1590 574
track-sign-front 0.0026 12 2 90 67
track-sign-front 0.0026 734 446 773 482
track-sign-front 0.0025 741 452 781 492
track-sign-front 0.0021 863 421 891 449
track-sign-front 0.0020 863 444 887 487
track-sign-front 0.0019 1595 952 1633 979
track-sign-front 0.0015 684 430 727 481
track-sign-front 0.0015 672 468 693 512
track-sign-front 0.0012 716 364 736 402
track-sign-front 0.0012 669 420 701 456
track-sign-front 0.0012 1544 475 1596 535
track-sign-front 0.0012 1625 582 1658 632
track-sign-front 0.0011 665 483 681 526
track-sign-front 0.0011 712 366 733 390
track-sign-front 0.0010 1588 951 1642 992
track-signal-front 0.0016 1047 370 1065 400
pole 0.0122 722 354 738 483
pole 0.0010 722 350 758 470
rail-occluder 0.0027 1156 527 1170 557
rail-occluder 0.0014 896 490 939 516
