guard-rail 0.0223 809 811 849 1078
guard-rail 0.0027 801 815 834 1060
guard-rail 0.0015 816 817 879 1077
guard-rail 0.0014 814 845 846 984
guard-rail 0.0012 785 738 858 1072
rail 0.8967 730 650 1180 1073
switch-indicator 0.0103 479 627 547 779
track-sign-front 0.0414 584 618 641 744
track-sign-front 0.0160 586 616 639 665
track-sign-front 0.0148 432 513 481 549
track-sign-front 0.0101 427 515 484 604
track-sign-front 0.0044 427 551 478 635
track-sign-front 0.0040 479 622 554 751
track-sign-front 0.0038 595 617 642 646
track-sign-front 0.0037 908 566 926 591
track-sign-front 0.0034 1098 186 1125 215
track-sign-front 0.0023 1058 501 1105 605
track-sign-front 0.0022 574 586 621 647
track-sign-front 0.0020 1087 176 1124 220
track-sign-front 0.0018 572 583 632 679
track-sign-front 0.0016 916 565 939 590
track-sign-front 0.0011 413 537 474 666
person 0.0641 585 614 644 750
person 0.0146 480 626 549 773
