guard-rail 0.0280 948 434 1038 612
guard-rail 0.0097 1865 708 1920 848
guard-rail 0.0035 1854 691 1919 782
guard-rail 0.0025 904 434 1017 603
guard-rail 0.0022 712 438 987 577
guard-rail 0.0015 1019 431 1057 622
guard-rail 0.0013 1784 633 1922 774
guard-rail 0.0012 1042 430 1082 622
guard-rail 0.0011 1002 426 1051 464
train-car 0.3841 1274 388 1373 491
train-car 0.0594 1187 395 1366 493
train-car 0.0036 1238 346 1373 515
train-car 0.0016 1156 381 1376 545
train-car 0.0012 1157 453 1353 496
platform 0.0422 1304 523 1919 1069
rail 0.9701 -1 430 1015 1076
rail 0.9694 677 428 1063 1078
rail 0.2921 1338 488 1919 836
rail 0.0240 1328 475 1906 674
rail 0.0093 1502 516 1915 716
rail 0.0064 1570 566 1920 837
rail 0.0058 1310 576 1913 1078
rail 0.0026 1299 493 1689 622
rail 0.0020 1327 496 1483 557
rail 0.0019 1735 581 1920 768
rail 0.0017 1315 494 1444 527
rail 0.0014 1568 564 1902 686
rail 0.0010 1251 481 1499 567
rail 0.0010 1833 611 1919 725
switch-indicator 0.0046 127 704 175 779
switch-unknown 0.0114 1010 421 1048 441
switch-unknown 0.0015 995 409 1052 438
switch-unknown 0.0011 1011 429 1055 457
track-sign-front 0.0017 619 409 669 460
track-sign-front 0.0016 611 413 652 478
track-sign-front 0.0016 609 432 629 493
track-sign-front 0.0014 607 461 626 496
track-sign-front 0.0011 1 0 19 33
track-sign-front 0.0010 637 414 672 470
track-signal-front 0.3999 972 377 984 397
track-signal-front 0.0533 1056 377 1074 396
track-signal-front 0.0306 970 379 986 409
track-signal-front 0.0275 1062 374 1078 393
track-signal-front 0.0066 1384 380 1400 401
track-signal-front 0.0026 972 371 993 390
track-signal-front 0.0022 965 375 990 402
track-signal-front 0.0020 1050 375 1080 400
track-signal-front 0.0016 821 341 837 367
track-signal-front 0.0010 976 365 1032 406
fence 0.3589 1315 480 1920 841
fence 0.0198 1174 478 1933 1082
pole 0.0047 1134 385 1373 493
pole 0.0046 1230 33 1294 592
pole 0.0026 1178 38 1310 555
rail-occluder 0.0012 1380 509 1473 594
rail-occluder 0.0011 1424 512 1476 598
rail-occluder 0.0010 1451 511 1482 595
