guard-rail 0.4503 819 724 856 1081
guard-rail 0.0569 785 610 889 1078
guard-rail 0.0417 825 655 873 1055
guard-rail 0.0389 813 656 828 755
guard-rail 0.0202 841 739 870 1076
guard-rail 0.0188 806 671 825 760
guard-rail 0.0131 802 746 840 1076
guard-rail 0.0059 887 725 920 1069
guard-rail 0.0052 825 660 846 769
guard-rail 0.0051 783 766 862 1081
guard-rail 0.0049 813 632 832 721
guard-rail 0.0039 810 683 833 771
guard-rail 0.0030 806 633 839 768
guard-rail 0.0021 796 691 824 772
guard-rail 0.0020 723 727 880 1070
guard-rail 0.0019 794 643 827 766
guard-rail 0.0017 832 777 858 919
guard-rail 0.0015 831 840 858 988
guard-rail 0.0014 834 702 864 960
guard-rail 0.0013 803 621 825 725
guard-rail 0.0011 812 754 890 1091
guard-rail 0.0011 897 792 929 1074
guard-rail 0.0011 871 722 940 1072
rail 0.9027 651 568 927 1078
rail 0.0842 4 612 565 891
rail 0.0486 771 609 899 1063
rail 0.0017 653 740 845 1073
rail 0.0010 651 557 765 594
rail 0.0010 632 560 731 621
switch-static 0.0207 707 790 761 823
switch-static 0.0051 664 779 762 825
switch-static 0.0050 717 785 769 835
switch-static 0.0049 695 784 795 839
switch-static 0.0020 660 623 803 1002
track-sign-front 0.0039 400 1 488 79
track-sign-front 0.0011 325 10 543 154
track-sign-front 0.0010 749 578 783 604
track-sign-front 0.0010 339 -46 526 96
track-signal-back 0.8650 572 332 636 437
track-signal-back 0.0175 580 448 609 480
track-signal-back 0.0043 582 456 610 494
track-signal-back 0.0030 731 508 743 534
track-signal-back 0.0027 671 494 684 549
track-signal-back 0.0024 582 477 606 514
track-signal-back 0.0021 548 295 667 435
track-signal-back 0.0017 579 331 635 378
track-signal-back 0.0017 510 321 649 449
pole 0.0300 670 492 681 595
pole 0.0139 618 477 632 587
pole 0.0130 729 498 743 595
pole 0.0052 607 458 631 634
pole 0.0044 570 404 613 742
pole 0.0026 740 565 765 608
pole 0.0026 730 502 754 603
pole 0.0025 746 576 763 613
pole 0.0022 660 537 698 602
pole 0.0014 580 444 626 702
pole 0.0010 669 477 685 566
