crossing 0.0061 769 533 819 548
crossing 0.0024 888 534 950 552
guard-rail 0.0074 2 772 335 1016
guard-rail 0.0041 -1 792 244 923
guard-rail 0.0028 0 846 246 1031
guard-rail 0.0020 33 776 374 916
guard-rail 0.0012 512 678 603 723
guard-rail 0.0010 1035 563 1104 605
train-car 0.6104 1110 468 1299 578
train-car 0.1868 1860 430 1920 672
train-car 0.0302 1660 438 1904 608
train-car 0.0285 959 462 1304 583
train-car 0.0115 1488 514 1901 639
train-car 0.0034 1787 426 1925 686
train-car 0.0032 1598 518 1806 628
train-car 0.0026 1574 555 1791 610
train-car 0.0025 1274 510 1660 595
train-car 0.0025 976 500 1613 719
train-car 0.0019 963 347 1422 693
train-car 0.0018 1598 395 1928 652
train-car 0.0018 1087 339 1324 607
train-car 0.0012 1624 559 1739 607
train-car 0.0011 825 377 1558 773
train-car 0.0010 1867 460 1917 605
platform 0.0128 1394 622 1923 1048
platform 0.0044 1224 562 1601 699
platform 0.0022 1689 621 1922 757
platform 0.0016 1598 646 1922 795
rail 0.9439 3 515 807 1042
rail 0.9310 841 530 1169 1078
rail 0.9218 884 525 1892 1082
rail 0.4232 1271 566 1922 846
rail 0.3544 1339 564 1917 686
rail 0.2497 0 721 458 1013
rail 0.1662 1318 554 1835 625
rail 0.1173 872 529 1171 597
rail 0.1058 1544 596 1921 711
rail 0.0726 987 546 1144 592
rail 0.0623 874 523 1120 568
rail 0.0503 1279 547 1674 607
rail 0.0373 1470 612 1924 811
rail 0.0324 845 492 1313 592
rail 0.0243 1413 557 1721 608
rail 0.0232 1648 608 1919 686
rail 0.0141 1008 538 1084 586
rail 0.0138 1394 632 1923 1042
rail 0.0133 1655 617 1921 749
rail 0.0123 1023 548 1108 579
rail 0.0102 1518 565 1732 618
rail 0.0076 1260 544 1671 669
rail 0.0071 1021 543 1069 597
rail 0.0061 179 578 685 911
rail 0.0057 858 523 1800 821
rail 0.0052 985 533 1068 571
rail 0.0046 1727 626 1932 705
rail 0.0041 1 801 207 948
rail 0.0039 993 532 1229 588
rail 0.0039 846 527 1036 562
rail 0.0039 6 760 358 909
rail 0.0038 967 550 1169 616
rail 0.0035 913 516 1234 647
rail 0.0035 742 500 1141 600
rail 0.0034 957 526 1165 561
rail 0.0033 1519 577 1857 660
rail 0.0031 852 532 987 555
rail 0.0031 926 530 1071 562
rail 0.0030 -12 796 329 981
rail 0.0028 1707 641 1921 880
rail 0.0026 1833 464 1924 745
rail 0.0024 1486 570 1618 609
rail 0.0019 1270 467 1903 668
rail 0.0019 940 513 1233 564
rail 0.0018 1600 673 1916 810
rail 0.0018 253 654 562 836
rail 0.0016 1273 510 1736 599
rail 0.0016 209 728 430 906
rail 0.0014 2 852 185 1043
rail 0.0014 808 513 1088 577
rail 0.0013 1521 573 1662 610
rail 0.0012 802 451 1262 626
rail 0.0012 1566 690 1908 896
rail 0.0012 767 497 1189 670
rail 0.0012 1003 528 1074 560
rail 0.0010 1021 560 1117 607
rail 0.0010 896 530 1287 771
rail 0.0010 1464 608 1667 767
switch-indicator 0.7413 666 717 735 817
switch-indicator 0.6328 1133 724 1199 799
switch-indicator 0.0089 513 1008 555 1072
switch-indicator 0.0017 1125 713 1229 812
switch-indicator 0.0010 1108 718 1198 839
switch-left 0.0191 322 710 477 783
switch-left 0.0024 301 740 456 789
switch-right 0.0113 331 703 483 771
switch-unknown 0.0214 1027 554 1109 585
switch-unknown 0.0189 1020 542 1066 577
switch-unknown 0.0166 1026 546 1058 592
switch-unknown 0.0165 1081 579 1158 607
switch-unknown 0.0145 1042 560 1129 591
switch-unknown 0.0142 1008 538 1048 562
switch-unknown 0.0067 1066 570 1149 599
switch-unknown 0.0054 887 536 950 553
switch-unknown 0.0041 776 527 824 548
switch-unknown 0.0031 1014 530 1064 556
switch-unknown 0.0024 867 529 939 549
switch-unknown 0.0024 961 534 1036 556
switch-unknown 0.0013 900 534 979 557
switch-static 0.4992 332 683 402 722
switch-static 0.0381 322 689 444 736
switch-static 0.0226 356 711 479 761
switch-static 0.0222 295 695 449 775
switch-static 0.0114 656 720 745 824
switch-static 0.0086 326 689 533 779
switch-static 0.0066 1282 607 1335 655
switch-static 0.0057 762 810 809 847
switch-static 0.0047 850 610 889 635
switch-static 0.0041 1267 599 1315 644
switch-static 0.0036 1122 584 1175 606
switch-static 0.0034 1252 614 1317 660
switch-static 0.0033 1092 723 1204 836
switch-static 0.0031 398 701 532 769
switch-static 0.0029 281 634 467 801
switch-static 0.0024 1297 610 1356 662
switch-static 0.0023 1236 590 1290 637
switch-static 0.0021 312 652 475 731
switch-static 0.0021 1104 577 1164 603
switch-static 0.0016 1237 594 1273 627
switch-static 0.0015 324 714 423 774
switch-static 0.0014 420 697 515 748
switch-static 0.0013 1232 596 1345 659
switch-static 0.0010 1236 632 1288 661
switch-static 0.0010 1544 783 1593 816
track-sign-front 0.2961 1136 723 1200 797
track-sign-front 0.0670 663 712 735 795
track-sign-front 0.0053 1111 710 1223 799
track-sign-front 0.0031 1671 461 1692 484
track-signal-front 0.0235 768 444 790 468
track-signal-front 0.0069 769 445 789 487
track-signal-front 0.0059 757 446 786 471
track-signal-front 0.0010 741 451 770 496
track-signal-back 0.0029 834 396 853 486
track-signal-back 0.0025 835 402 851 435
fence 0.5547 1268 565 1920 924
fence 0.0532 1100 553 1765 827
fence 0.0496 1517 644 1914 918
fence 0.0156 1287 581 1630 814
fence 0.0068 1176 560 1668 727
fence 0.0052 1252 586 1491 706
fence 0.0010 1725 729 1921 1029
pole 0.6142 438 -17 554 988
pole 0.3057 832 392 853 561
pole 0.0722 1206 330 1225 604
pole 0.0562 1197 386 1234 596
pole 0.0216 1173 389 1258 597
pole 0.0119 469 20 604 942
pole 0.0094 476 154 544 855
pole 0.0055 841 407 866 552
pole 0.0054 1205 423 1223 556
pole 0.0053 1581 673 1594 782
pole 0.0046 831 489 853 549
pole 0.0042 998 425 1012 545
pole 0.0034 441 225 517 866
pole 0.0033 376 -10 500 947
pole 0.0031 830 424 863 588
pole 0.0030 811 400 870 565
pole 0.0025 785 409 821 550
pole 0.0019 816 471 849 571
pole 0.0019 1210 398 1225 524
pole 0.0013 998 385 1010 496
pole 0.0011 1002 381 1015 497
rail-occluder 0.0335 1623 567 1701 615
rail-occluder 0.0111 1023 541 1047 593
rail-occluder 0.0089 1297 609 1336 655
rail-occluder 0.0076 1305 589 1608 807
rail-occluder 0.0063 1549 671 1869 944
rail-occluder 0.0060 1277 603 1333 649
rail-occluder 0.0042 1276 598 1382 664
rail-occluder 0.0035 1257 590 1484 702
rail-occluder 0.0027 1574 575 1730 645
rail-occluder 0.0026 1578 659 1596 753
rail-occluder 0.0025 1519 649 1798 869
rail-occluder 0.0024 1578 572 1781 617
rail-occluder 0.0023 1313 616 1395 672
rail-occluder 0.0022 999 531 1042 556
rail-occluder 0.0016 1399 597 1624 751
rail-occluder 0.0015 1579 569 1676 614
rail-occluder 0.0013 1263 597 1305 639
rail-occluder 0.0013 1536 580 1604 612
rail-occluder 0.0013 1471 629 1665 807
rail-occluder 0.0010 1611 577 1683 639
rail-occluder 0.0010 1513 573 1589 609
rail-occluder 0.0010 1030 549 1052 614
