crossing 0.8239 857 412 1030 583
crossing 0.6780 269 409 752 596
crossing 0.6001 805 649 1086 820
crossing 0.4763 766 508 1124 936
crossing 0.2138 114 363 832 688
crossing 0.2074 -3 650 345 827
crossing 0.0832 768 351 826 371
crossing 0.0621 672 399 747 416
crossing 0.0423 0 654 184 822
crossing 0.0294 642 395 735 414
crossing 0.0243 -4 651 130 760
crossing 0.0112 0 644 80 831
crossing 0.0111 318 522 574 585
crossing 0.0103 323 464 592 586
crossing 0.0097 611 394 708 413
crossing 0.0092 694 381 778 411
crossing 0.0081 718 354 795 376
crossing 0.0074 29 437 521 577
crossing 0.0073 -4 496 706 985
crossing 0.0059 946 413 1029 602
crossing 0.0057 739 355 826 385
crossing 0.0044 755 321 1201 661
crossing 0.0043 707 394 783 415
crossing 0.0040 756 344 824 365
crossing 0.0037 714 363 795 393
crossing 0.0036 436 412 765 558
crossing 0.0035 699 403 757 421
crossing 0.0031 -1 400 67 587
crossing 0.0031 857 437 914 579
crossing 0.0029 -4 606 429 960
crossing 0.0027 0 649 47 786
crossing 0.0020 849 502 1034 621
crossing 0.0020 31 603 587 836
crossing 0.0020 612 381 711 411
crossing 0.0015 202 454 644 619
crossing 0.0013 887 403 998 532
crossing 0.0012 2 756 166 831
crossing 0.0012 18 456 332 570
crossing 0.0011 1 634 243 758
crossing 0.0010 831 343 1080 771
guard-rail 0.0029 866 446 900 575
train-car 0.1235 886 258 934 288
train-car 0.0209 883 256 955 313
train-car 0.0115 878 232 954 284
train-car 0.0078 897 288 998 320
train-car 0.0051 868 218 940 302
train-car 0.0043 895 222 977 305
train-car 0.0023 937 224 989 297
train-car 0.0017 843 229 926 296
train-car 0.0013 999 288 1044 321
train-car 0.0012 942 287 1039 319
rail 0.9073 700 302 1180 1082
rail 0.6715 17 297 905 947
rail 0.4145 875 309 965 363
rail 0.1854 906 302 1013 355
rail 0.1229 825 304 934 343
rail 0.0863 752 317 955 371
rail 0.0838 778 307 920 349
rail 0.0367 773 342 847 368
rail 0.0331 776 318 880 361
rail 0.0309 908 313 995 375
rail 0.0291 926 293 1032 332
rail 0.0279 48 370 835 596
rail 0.0209 839 303 981 374
rail 0.0178 855 374 1017 580
rail 0.0144 732 521 1146 859
rail 0.0097 731 330 895 381
rail 0.0087 817 345 978 396
rail 0.0076 849 298 900 321
rail 0.0052 774 354 933 389
rail 0.0039 711 333 983 1005
rail 0.0036 786 287 1006 410
rail 0.0035 825 326 924 372
rail 0.0029 -7 597 432 965
rail 0.0029 193 357 949 711
rail 0.0028 891 289 1011 383
rail 0.0027 954 356 1029 395
rail 0.0026 913 345 1928 853
rail 0.0022 904 370 1016 401
rail 0.0019 961 378 1075 410
rail 0.0018 930 354 1074 405
rail 0.0016 903 355 1151 986
rail 0.0012 987 292 1045 326
rail 0.0012 876 318 1057 464
rail 0.0011 906 364 1145 432
rail 0.0011 0 433 71 667
rail 0.0010 1515 400 1920 804
rail 0.0010 669 340 846 394
rail 0.0010 836 295 883 321
switch-left 0.0221 900 375 980 403
switch-left 0.0012 874 391 1008 473
switch-right 0.2341 910 342 968 370
switch-right 0.1164 904 355 974 387
switch-right 0.0504 772 345 838 367
switch-right 0.0255 901 375 979 402
switch-right 0.0051 735 355 827 386
switch-right 0.0030 713 362 798 394
switch-unknown 0.2355 846 305 903 323
switch-unknown 0.1777 861 311 947 362
switch-unknown 0.1635 858 306 928 335
switch-unknown 0.0864 771 349 832 370
switch-unknown 0.0625 781 321 869 355
switch-unknown 0.0556 851 301 896 317
switch-unknown 0.0486 807 311 895 339
switch-unknown 0.0167 837 303 894 332
switch-unknown 0.0064 834 295 882 319
switch-unknown 0.0045 713 353 798 381
switch-static 0.0144 972 368 1021 397
switch-static 0.0063 970 371 1061 400
switch-static 0.0049 907 330 1000 380
switch-static 0.0039 956 359 1026 392
switch-static 0.0024 912 366 1007 403
switch-static 0.0023 703 351 774 377
switch-static 0.0014 828 356 916 390
switch-static 0.0012 967 376 1028 407
switch-static 0.0010 706 337 759 361
track-sign-front 0.0648 1076 290 1099 316
track-sign-front 0.0416 1081 214 1111 246
track-sign-front 0.0289 1084 216 1116 272
track-sign-front 0.0129 727 280 749 299
track-sign-front 0.0057 1081 291 1110 323
track-sign-front 0.0030 726 272 745 295
track-sign-front 0.0028 1006 280 1039 323
track-sign-front 0.0028 1106 216 1146 262
track-sign-front 0.0022 1077 193 1104 228
track-sign-front 0.0021 1119 212 1144 250
track-sign-front 0.0021 723 282 749 313
track-sign-front 0.0012 1077 154 1102 265
track-sign-front 0.0012 1048 192 1084 249
track-sign-front 0.0010 1050 109 1080 329
track-signal-front 0.0406 1084 217 1112 277
track-signal-front 0.0089 1590 141 1657 204
track-signal-front 0.0061 1001 209 1016 251
track-signal-front 0.0036 983 213 1020 263
track-signal-front 0.0027 1595 150 1673 224
track-signal-front 0.0016 943 198 987 302
track-signal-front 0.0012 732 182 767 250
track-signal-front 0.0010 800 188 825 233
track-signal-back 0.0312 1083 215 1114 272
track-signal-back 0.0014 733 140 766 208
track-signal-back 0.0013 728 154 752 211
fence 0.0109 1436 373 1789 841
fence 0.0044 1076 355 1915 843
person 0.0035 309 289 351 379
person 0.0021 314 316 346 409
person 0.0013 321 288 363 353
pole 0.0320 7 357 64 574
pole 0.0251 1638 387 1696 838
pole 0.0097 1610 376 1723 844
pole 0.0067 1045 28 1067 352
pole 0.0046 1005 132 1019 316
pole 0.0045 843 204 863 317
pole 0.0042 1007 188 1017 266
pole 0.0027 1554 396 1790 891
pole 0.0027 737 64 766 304
pole 0.0026 1105 10 1137 373
pole 0.0023 1008 43 1020 357
pole 0.0020 936 204 991 309
pole 0.0016 1037 95 1058 350
pole 0.0012 27 392 65 537
pole 0.0010 731 125 756 303
rail-occluder 0.0291 5 358 65 574
rail-occluder 0.0179 1641 381 1692 852
rail-occluder 0.0080 1599 382 1725 850
rail-occluder 0.0079 1371 376 1847 837
rail-occluder 0.0033 1478 352 1716 798
rail-occluder 0.0016 1000 290 1039 325
