guard-rail 0.0029 1203 656 1262 684
guard-rail 0.0025 1194 600 1264 636
guard-rail 0.0014 1197 627 1270 668
guard-rail 0.0011 1216 609 1273 640
guard-rail 0.0010 1183 622 1250 663
rail 0.9492 1152 531 1915 1072
rail 0.9328 853 521 1200 1077
rail 0.0560 1242 523 1920 833
rail 0.0116 1149 530 1203 559
rail 0.0021 1137 521 1219 563
rail 0.0015 1361 610 1919 957
rail 0.0013 1577 675 1923 900
rail 0.0011 1182 565 1246 602
rail 0.0011 1170 528 1243 570
rail 0.0011 1453 628 1685 811
rail 0.0011 1090 526 1195 557
rail 0.0010 1175 529 1262 598
switch-left 0.0015 1160 580 1255 635
switch-right 0.0049 1155 600 1221 627
switch-right 0.0037 1176 588 1250 625
switch-right 0.0012 1193 600 1265 636
switch-unknown 0.0118 1150 532 1198 557
switch-unknown 0.0039 1158 603 1223 627
switch-unknown 0.0014 1151 550 1207 593
switch-unknown 0.0012 1125 523 1164 552
switch-unknown 0.0011 1197 581 1258 618
switch-static 0.0022 1001 614 1058 641
switch-static 0.0015 1197 581 1257 618
switch-static 0.0014 1207 562 1264 599
switch-static 0.0013 1187 565 1242 599
switch-static 0.0012 1156 602 1198 627
track-sign-front 0.0299 964 485 979 516
track-sign-front 0.0075 963 496 980 526
track-sign-front 0.0059 954 482 974 521
track-sign-front 0.0010 1238 468 1268 527
track-signal-front 0.0767 1182 464 1199 482
track-signal-front 0.0219 1184 458 1203 492
track-signal-front 0.0039 1184 447 1212 487
track-signal-front 0.0034 1243 470 1268 522
track-signal-front 0.0022 1136 427 1190 519
track-signal-front 0.0012 1207 448 1262 541
pole 0.0121 1142 423 1152 543
pole 0.0080 1205 434 1238 556
pole 0.0030 1221 460 1262 538
pole 0.0019 1140 403 1156 528
pole 0.0019 1269 441 1289 539
pole 0.0015 1143 373 1174 550
pole 0.0013 1177 455 1212 540
rail-occluder 0.6117 1389 616 1413 672
rail-occluder 0.0082 1389 625 1425 698
rail-occluder 0.0058 1212 485 1253 570
rail-occluder 0.0057 1236 555 1271 592
rail-occluder 0.0051 1230 535 1268 588
rail-occluder 0.0049 1364 611 1422 679
rail-occluder 0.0029 1395 612 1420 660
rail-occluder 0.0023 1317 595 1354 640
rail-occluder 0.0022 1251 568 1293 593
rail-occluder 0.0021 1324 599 1385 654
rail-occluder 0.0021 1305 585 1344 615
rail-occluder 0.0018 1185 505 1237 554
rail-occluder 0.0017 1221 525 1256 576
rail-occluder 0.0016 1391 583 1411 656
rail-occluder 0.0013 1224 463 1256 544
rail-occluder 0.0012 1323 589 1363 621
rail-occluder 0.0011 1337 587 1447 718
rail-occluder 0.0010 1413 630 1475 672
