crossing 0.7880 574 501 1046 1080
crossing 0.6933 1108 489 1899 1076
crossing 0.0742 755 462 1626 1082
crossing 0.0576 1299 662 1886 1031
crossing 0.0326 1143 496 1434 638
crossing 0.0175 672 324 1271 1080
crossing 0.0140 955 429 1295 1073
crossing 0.0113 1383 785 1937 1069
crossing 0.0058 1147 505 1497 715
crossing 0.0056 892 438 1134 1069
crossing 0.0034 948 454 1033 1062
crossing 0.0026 -1 684 141 1072
crossing 0.0024 0 674 54 1040
crossing 0.0020 676 479 1023 886
crossing 0.0017 1111 430 1652 926
crossing 0.0016 541 786 1090 1048
crossing 0.0011 1298 507 1618 975
crossing 0.0011 1383 631 1717 998
crossing 0.0010 922 615 1513 1060
guard-rail 0.0501 1772 849 1920 1079
guard-rail 0.0092 975 419 1578 1072
guard-rail 0.0033 1609 765 1920 1077
guard-rail 0.0025 925 379 1032 1071
guard-rail 0.0015 1142 466 1403 1042
guard-rail 0.0013 966 371 993 439
guard-rail 0.0012 1226 525 1530 1055
guard-rail 0.0011 1243 1001 1282 1074
platform 0.0010 819 255 880 284
rail 0.9519 869 269 1889 1070
rail 0.8925 581 280 1022 1067
rail 0.0155 524 306 1425 1078
rail 0.0032 2 518 341 1082
rail 0.0026 0 655 220 1074
rail 0.0023 918 310 1033 1041
rail 0.0015 0 791 141 1073
rail 0.0012 0 715 71 1076
rail 0.0011 -1 587 125 1043
rail 0.0010 1269 474 1920 1074
rail 0.0010 0 658 55 971
rail 0.0010 859 313 1287 1044
switch-indicator 0.0250 1027 404 1066 473
track-sign-front 0.0771 1028 408 1067 457
track-sign-front 0.0156 961 239 978 264
track-sign-front 0.0054 578 37 764 109
track-sign-front 0.0033 748 376 774 397
track-sign-front 0.0032 956 243 973 267
track-sign-front 0.0027 953 234 974 257
track-sign-front 0.0024 507 69 533 101
track-sign-front 0.0018 966 244 984 275
track-sign-front 0.0017 75 63 106 89
track-sign-front 0.0015 876 236 901 287
track-sign-front 0.0013 75 331 95 375
track-sign-front 0.0013 964 227 989 253
track-sign-front 0.0012 414 24 727 118
track-sign-front 0.0011 878 220 908 271
track-signal-front 0.0019 854 203 885 239
track-signal-front 0.0017 1880 234 1920 310
track-signal-front 0.0014 809 210 834 237
track-signal-front 0.0011 1884 193 1921 290
track-signal-front 0.0010 856 206 893 270
track-signal-back 0.0642 538 41 759 105
track-signal-back 0.0216 699 33 776 112
track-signal-back 0.0061 551 48 689 95
track-signal-back 0.0029 604 48 709 100
person 0.3599 167 360 251 505
person 0.0075 175 355 237 452
person 0.0052 133 362 267 553
person 0.0052 201 361 262 499
person 0.0010 135 381 196 525
