crossing 0.0046 1850 598 1924 650
crossing 0.0043 1882 592 1920 653
crossing 0.0026 1885 614 1921 672
guard-rail 0.0242 1824 697 1901 1079
guard-rail 0.0022 1825 778 1867 1088
train-car 0.0062 1125 445 1488 567
train-car 0.0022 1202 446 1334 577
train-car 0.0016 983 468 1590 615
train-car 0.0013 1098 407 1619 589
train-car 0.0011 1122 357 1435 634
train-car 0.0010 1160 400 1420 544
platform 0.0015 1803 601 1924 648
rail 0.8733 1358 599 1918 1078
rail 0.3168 655 543 1921 1083
rail 0.2505 -32 614 1510 1076
rail 0.0316 1830 623 1918 1083
rail 0.0061 2 749 1066 1071
rail 0.0050 1726 563 1930 1080
rail 0.0049 692 638 1363 1080
rail 0.0034 579 577 1648 919
rail 0.0019 1284 582 1871 828
rail 0.0016 99 482 1542 935
rail 0.0015 1791 561 1921 838
rail 0.0013 574 608 1249 784
rail 0.0013 1487 671 1764 1027
rail 0.0010 770 530 1281 602
rail 0.0010 458 514 590 629
track-sign-front 0.0459 1733 505 1757 551
track-sign-front 0.0107 1611 421 1649 469
track-sign-front 0.0044 341 447 364 477
track-sign-front 0.0022 1815 504 1841 552
track-sign-front 0.0020 1308 467 1326 524
track-sign-front 0.0017 1621 450 1653 491
track-sign-front 0.0011 1817 497 1846 575
track-signal-front 0.0042 1488 461 1513 489
track-signal-front 0.0028 182 391 199 434
track-signal-front 0.0012 549 523 575 558
track-signal-back 0.0363 1321 54 1393 303
fence 0.3864 416 580 1793 1083
fence 0.0176 940 549 1948 1041
fence 0.0034 38 688 1405 1086
person 0.7023 179 542 240 650
person 0.6294 352 544 410 645
person 0.5708 215 547 266 654
person 0.5514 514 539 556 637
person 0.5442 863 544 891 619
person 0.5394 649 513 689 632
person 0.5213 61 539 103 660
person 0.4662 1133 505 1170 597
person 0.3439 527 537 575 639
person 0.3317 594 528 633 637
person 0.3225 1481 498 1523 587
person 0.2608 1603 524 1626 579
person 0.2081 924 558 966 623
person 0.1568 469 535 498 630
person 0.1469 1112 507 1152 601
person 0.1184 1192 510 1231 574
person 0.1178 31 544 74 655
person 0.1056 1164 508 1201 589
person 0.0998 698 519 739 630
person 0.0688 799 537 837 624
person 0.0671 816 545 874 629
person 0.0570 773 522 836 627
person 0.0540 576 526 622 635
person 0.0460 759 515 791 609
person 0.0315 41 545 93 664
person 0.0267 545 524 577 616
person 0.0261 659 509 698 609
person 0.0224 845 554 892 626
person 0.0193 1496 509 1538 588
person 0.0192 790 529 823 587
person 0.0165 652 519 678 570
person 0.0139 457 529 508 638
person 0.0136 511 537 535 602
person 0.0122 67 533 105 613
person 0.0090 1731 501 1759 558
person 0.0074 1179 507 1235 599
person 0.0073 609 518 649 614
person 0.0062 1816 490 1854 557
person 0.0060 766 543 798 634
person 0.0054 347 548 459 642
person 0.0051 1206 512 1257 595
person 0.0051 42 530 70 614
person 0.0049 501 564 541 647
person 0.0046 862 569 893 642
person 0.0045 917 551 972 656
person 0.0042 184 532 222 615
person 0.0039 1828 502 1855 554
person 0.0035 1017 527 1038 570
person 0.0030 532 512 572 602
person 0.0030 791 565 851 655
person 0.0028 1111 517 1171 622
person 0.0026 1606 518 1645 578
person 0.0025 1136 514 1188 631
person 0.0023 869 531 894 587
person 0.0022 1175 494 1197 550
person 0.0022 722 512 770 597
person 0.0021 327 543 393 632
person 0.0021 1516 489 1544 577
person 0.0021 602 577 654 636
person 0.0021 112 538 142 633
person 0.0020 821 531 870 591
person 0.0019 231 542 284 632
person 0.0019 563 515 611 607
person 0.0018 302 546 429 655
person 0.0018 1090 515 1146 597
person 0.0018 196 565 258 669
person 0.0017 1497 478 1528 566
person 0.0016 1142 498 1172 550
person 0.0016 472 581 516 638
person 0.0016 469 535 588 635
person 0.0015 732 550 784 633
person 0.0015 231 537 266 602
person 0.0014 362 533 415 612
person 0.0013 228 574 281 655
person 0.0013 755 514 815 596
person 0.0013 1601 484 1627 556
person 0.0013 688 510 723 587
person 0.0013 1131 503 1156 546
person 0.0013 203 515 251 628
person 0.0012 159 563 224 654
person 0.0011 630 574 680 643
person 0.0011 140 552 190 642
person 0.0010 1817 481 1845 593
person 0.0010 1815 504 1842 550
pole 0.0439 1665 37 1694 622
pole 0.0237 1735 552 1748 668
pole 0.0107 1277 74 1311 648
pole 0.0093 1815 535 1826 657
pole 0.0039 1497 336 1529 628
pole 0.0037 1506 232 1537 605
pole 0.0027 1812 492 1830 662
pole 0.0019 1031 30 1067 597
pole 0.0015 1665 169 1684 496
pole 0.0013 1608 447 1650 600
pole 0.0013 1612 415 1661 496
pole 0.0012 43 84 105 664
pole 0.0012 1640 10 1700 566
pole 0.0011 1735 501 1755 653
rail-occluder 0.0058 680 651 1263 1078
rail-occluder 0.0019 835 671 1105 1059
