guard-rail 0.0033 1173 918 1191 1007
guard-rail 0.0029 1167 913 1186 1004
guard-rail 0.0012 1168 916 1200 1041
rail 0.9605 883 616 1228 1080
rail 0.8761 1074 601 1919 1079
rail 0.7516 1461 771 1919 1080
rail 0.5646 42 721 1140 1073
rail 0.0683 1231 667 1840 982
rail 0.0292 1311 741 1829 911
rail 0.0116 437 799 1122 1068
rail 0.0063 539 583 1138 1036
rail 0.0027 765 679 1609 1077
rail 0.0024 1748 799 1916 1079
rail 0.0024 1499 777 1733 1065
rail 0.0016 337 451 1115 959
rail 0.0013 1469 777 1795 953
rail 0.0012 1036 594 1782 860
rail 0.0011 1038 779 1768 1077
rail 0.0010 949 677 1174 832
switch-left 0.0412 1429 743 1653 840
switch-left 0.0315 1455 770 1694 872
switch-left 0.0257 1051 697 1155 768
switch-left 0.0047 1473 782 1761 934
switch-left 0.0027 1017 681 1158 809
switch-left 0.0026 1368 717 1606 807
switch-left 0.0014 1524 801 1699 891
switch-right 0.0699 1438 754 1678 853
switch-right 0.0487 1353 753 1787 888
switch-right 0.0284 1055 692 1157 756
switch-right 0.0213 1470 787 1722 894
switch-right 0.0150 1021 695 1152 783
switch-right 0.0112 1402 738 1638 821
switch-right 0.0026 1064 685 1151 730
switch-right 0.0010 1096 706 1160 769
switch-unknown 0.0047 994 706 1149 792
track-sign-front 0.2600 925 455 948 481
track-sign-front 0.0397 1501 584 1519 607
track-sign-front 0.0069 1029 390 1046 413
track-sign-front 0.0055 1474 465 1504 505
track-sign-front 0.0044 1473 419 1507 476
track-sign-front 0.0041 1496 583 1516 652
track-sign-front 0.0033 1493 560 1529 604
track-sign-front 0.0031 1120 472 1146 513
track-sign-front 0.0027 1010 646 1050 674
track-sign-front 0.0018 1317 504 1337 539
track-sign-front 0.0015 1107 514 1121 555
track-sign-front 0.0015 1495 583 1526 610
track-sign-front 0.0011 1317 455 1336 479
track-signal-front 0.0164 823 450 839 480
track-signal-front 0.0111 1319 517 1337 558
track-signal-front 0.0102 1028 389 1045 417
track-signal-front 0.0069 1314 513 1336 540
track-signal-back 0.0120 1028 388 1045 416
track-signal-back 0.0067 951 374 969 418
track-signal-back 0.0066 825 449 839 476
track-signal-back 0.0039 941 372 966 425
track-signal-back 0.0027 887 367 911 419
track-signal-back 0.0016 1026 390 1045 451
track-signal-back 0.0012 1315 455 1336 487
car 0.9435 707 518 1068 788
car 0.0012 517 534 610 589
person 0.0343 1259 541 1290 614
person 0.0247 1355 535 1377 590
person 0.0206 1198 566 1218 609
person 0.0139 1318 521 1337 560
person 0.0047 1244 528 1282 600
person 0.0037 1222 540 1284 611
person 0.0037 1273 543 1305 608
person 0.0031 1351 525 1385 594
person 0.0017 1304 521 1341 577
person 0.0016 1229 520 1253 595
person 0.0016 1209 536 1247 613
pole 0.0091 923 0 956 564
pole 0.0018 905 -53 967 787
