guard-rail 0.8241 71 435 822 1074
guard-rail 0.4041 843 369 1096 1079
guard-rail 0.3330 957 384 1069 1091
guard-rail 0.3029 859 386 986 1076
guard-rail 0.0143 801 377 946 1076
guard-rail 0.0061 381 443 710 1066
guard-rail 0.0036 254 517 571 1046
guard-rail 0.0013 251 461 916 905
guard-rail 0.0010 -5 553 554 1045
train-car 0.0053 888 355 931 391
rail 0.8021 813 368 1110 1076
rail 0.4423 10 394 898 1070
rail 0.3357 910 367 961 396
rail 0.0450 933 370 976 399
rail 0.0445 892 364 938 399
rail 0.0360 900 374 953 403
rail 0.0100 795 380 952 1076
rail 0.0092 874 380 920 407
rail 0.0080 916 358 967 407
rail 0.0068 943 380 976 405
rail 0.0054 906 346 965 393
rail 0.0027 937 358 988 389
rail 0.0023 956 374 1026 401
rail 0.0020 846 380 910 419
rail 0.0013 849 362 902 409
rail 0.0013 866 369 950 413
track-sign-front 0.0094 1030 378 1049 402
track-sign-front 0.0053 1001 376 1046 400
track-sign-front 0.0035 850 370 873 397
track-sign-front 0.0030 851 363 868 388
track-sign-front 0.0028 1036 351 1052 387
track-sign-front 0.0026 967 368 1018 401
track-sign-front 0.0017 1037 376 1065 410
track-sign-front 0.0013 1040 342 1054 363
track-sign-front 0.0013 1120 418 1162 474
track-sign-front 0.0012 805 368 840 404
track-sign-front 0.0011 807 371 826 400
track-signal-front 0.0093 997 315 1007 332
