crossing 0.0078 892 569 918 614
crossing 0.0024 864 583 910 618
crossing 0.0014 866 599 906 625
guard-rail 0.0218 1004 727 1064 805
guard-rail 0.0065 982 732 1078 837
guard-rail 0.0020 1025 741 1075 837
train-car 0.0049 980 542 1013 584
train-car 0.0022 917 536 966 583
rail 0.9650 174 577 933 1076
rail 0.8578 855 562 1195 1082
rail 0.5657 932 736 1115 1080
rail 0.4177 962 579 1014 625
rail 0.1759 952 574 996 613
rail 0.0588 1029 736 1109 1079
rail 0.0548 893 694 1084 891
rail 0.0286 921 567 989 610
rail 0.0173 893 572 929 616
rail 0.0081 958 597 1010 640
rail 0.0078 969 565 1043 611
rail 0.0074 967 599 1038 633
rail 0.0060 890 526 928 623
rail 0.0045 999 731 1181 1076
rail 0.0045 982 494 1243 1053
rail 0.0044 873 596 1126 920
rail 0.0041 937 595 992 632
rail 0.0033 899 545 971 636
rail 0.0030 880 564 1018 621
rail 0.0028 934 548 1046 683
rail 0.0024 903 737 1008 1081
rail 0.0021 996 563 1040 632
rail 0.0016 935 684 1061 813
switch-indicator 0.3765 1067 642 1081 663
switch-indicator 0.0389 899 636 913 665
switch-indicator 0.0147 1068 635 1080 656
switch-indicator 0.0136 1066 641 1087 669
switch-indicator 0.0132 -2 927 65 1025
switch-indicator 0.0103 1023 595 1048 626
switch-indicator 0.0040 899 585 917 648
switch-indicator 0.0038 904 645 918 665
switch-indicator 0.0019 -2 954 68 1080
switch-indicator 0.0010 893 633 921 666
switch-left 0.1433 938 724 1072 812
switch-left 0.0989 962 603 1001 633
switch-left 0.0327 962 616 998 639
switch-left 0.0051 921 736 1080 863
switch-right 0.3807 937 726 1063 805
switch-right 0.2796 961 607 998 634
switch-right 0.0214 963 617 1005 640
switch-right 0.0065 981 730 1080 840
switch-right 0.0051 994 724 1070 795
switch-right 0.0029 956 713 1076 778
switch-static 0.5345 1069 738 1156 784
switch-static 0.1838 1059 716 1149 769
switch-static 0.1347 1068 707 1135 749
switch-static 0.0936 1264 833 1363 899
switch-static 0.0331 1073 704 1113 729
switch-static 0.0267 968 603 1037 634
switch-static 0.0075 1048 717 1181 810
switch-static 0.0070 -1 977 67 1072
switch-static 0.0056 1006 658 1205 871
switch-static 0.0038 1011 728 1095 804
switch-static 0.0037 937 596 995 638
switch-static 0.0035 993 625 1038 646
switch-static 0.0034 1092 750 1159 791
switch-static 0.0030 1242 827 1346 882
switch-static 0.0023 0 928 90 1035
switch-static 0.0021 1014 640 1077 665
switch-static 0.0015 1025 646 1068 663
switch-static 0.0012 0 1011 52 1079
switch-static 0.0011 1015 594 1055 627
switch-static 0.0010 1086 708 1160 757
track-sign-front 0.1948 796 558 813 580
track-sign-front 0.0584 823 609 834 626
track-sign-front 0.0200 1050 531 1062 550
track-sign-front 0.0188 1053 535 1067 555
track-sign-front 0.0168 0 929 64 1016
track-sign-front 0.0117 816 606 829 625
track-sign-front 0.0073 976 559 1043 603
track-sign-front 0.0060 1025 560 1050 595
track-sign-front 0.0056 991 549 1041 578
track-sign-front 0.0055 791 554 819 580
track-sign-front 0.0055 823 606 842 628
track-sign-front 0.0047 799 561 822 606
track-sign-front 0.0033 1047 524 1063 557
track-sign-front 0.0032 791 548 808 573
track-sign-front 0.0030 892 592 915 658
track-sign-front 0.0027 1019 509 1068 592
track-sign-front 0.0022 818 604 833 630
track-signal-back 0.4386 896 483 913 507
track-signal-back 0.0010 882 480 909 510
pole 0.1379 898 496 910 629
pole 0.0926 1031 405 1050 623
pole 0.0230 894 525 922 619
pole 0.0044 986 494 1006 588
pole 0.0034 1035 395 1058 614
pole 0.0022 895 485 919 593
pole 0.0015 963 476 987 594
pole 0.0012 878 490 906 615
pole 0.0010 894 595 915 654
