rail 0.9437 745 549 1113 1078
rail 0.9126 61 549 898 1075
rail 0.0140 1805 906 1921 1065
rail 0.0036 1849 948 1919 1078
rail 0.0028 27 590 681 927
rail 0.0020 1773 765 1923 1056
rail 0.0013 822 548 925 587
rail 0.0013 964 585 1274 755
rail 0.0012 853 577 993 625
rail 0.0011 838 591 956 632
rail 0.0010 891 570 1037 629
rail 0.0010 1712 952 1910 1097
track-sign-front 0.5818 1072 608 1096 713
track-sign-front 0.5549 1879 704 1918 900
track-sign-front 0.0977 1246 448 1279 486
track-sign-front 0.0199 1844 372 1885 413
track-sign-front 0.0178 1879 695 1919 730
track-sign-front 0.0169 1244 491 1277 522
track-sign-front 0.0098 1075 612 1111 723
track-sign-front 0.0096 1853 673 1904 917
track-sign-front 0.0092 1369 491 1404 532
track-sign-front 0.0069 1055 605 1120 718
track-sign-front 0.0067 1264 579 1297 630
track-sign-front 0.0056 793 341 814 369
track-sign-front 0.0053 948 419 974 437
track-sign-front 0.0047 1877 698 1919 803
track-sign-front 0.0041 795 347 822 373
track-sign-front 0.0041 957 415 974 434
track-sign-front 0.0041 694 562 711 585
track-sign-front 0.0035 1363 345 1430 420
track-sign-front 0.0034 1246 572 1291 630
track-sign-front 0.0029 1233 446 1285 498
track-sign-front 0.0028 1074 604 1093 631
track-sign-front 0.0026 800 526 837 553
track-sign-front 0.0024 1870 731 1921 1055
track-sign-front 0.0023 784 345 811 373
track-sign-front 0.0023 1039 387 1070 417
track-sign-front 0.0022 1060 600 1091 709
track-sign-front 0.0022 1888 667 1918 710
track-sign-front 0.0021 1070 600 1093 665
track-sign-front 0.0020 358 245 394 304
track-sign-front 0.0020 623 539 643 574
track-sign-front 0.0016 1237 576 1262 617
track-sign-front 0.0016 1048 385 1077 412
track-sign-front 0.0014 1106 436 1124 460
track-sign-front 0.0014 893 482 920 505
track-sign-front 0.0014 1870 629 1920 854
track-sign-front 0.0013 1237 543 1273 629
track-sign-front 0.0011 962 293 988 314
track-sign-front 0.0011 1289 480 1324 515
track-sign-front 0.0011 969 296 993 318
track-sign-front 0.0010 1085 334 1107 363
track-signal-front 0.0276 1054 489 1072 507
track-signal-front 0.0148 1153 496 1178 537
track-signal-front 0.0081 1032 388 1050 412
track-signal-front 0.0079 1164 485 1191 541
track-signal-front 0.0056 1145 500 1167 535
track-signal-front 0.0047 1159 488 1178 513
track-signal-front 0.0044 936 516 952 542
track-signal-front 0.0040 988 373 1022 406
track-signal-front 0.0038 1172 487 1190 510
track-signal-front 0.0035 1126 486 1141 509
track-signal-front 0.0034 990 376 1007 405
track-signal-front 0.0028 1124 480 1170 529
track-signal-front 0.0027 1168 491 1201 572
track-signal-front 0.0025 1055 485 1093 516
track-signal-front 0.0024 1098 439 1120 466
track-signal-front 0.0021 1079 458 1105 496
track-signal-front 0.0019 1116 483 1138 517
track-signal-front 0.0017 888 478 912 500
track-signal-front 0.0017 1087 445 1112 482
track-signal-front 0.0014 1036 428 1058 470
track-signal-front 0.0013 1048 486 1080 512
track-signal-front 0.0010 1039 471 1072 511
track-signal-back 0.0021 38 367 81 424
car 0.5653 723 559 794 615
car 0.0213 732 543 794 598
car 0.0172 737 550 833 618
car 0.0146 785 524 826 562
car 0.0062 703 537 817 629
car 0.0034 680 542 852 654
car 0.0019 754 554 887 610
car 0.0015 777 556 852 602
car 0.0014 724 584 795 622
car 0.0013 760 528 810 558
person 0.0064 1169 491 1203 578
person 0.0023 937 515 973 544
person 0.0019 934 512 953 545
person 0.0019 1538 563 1608 745
person 0.0019 3 576 44 671
person 0.0016 1177 502 1210 598
person 0.0013 931 516 957 557
person 0.0013 800 525 837 556
person 0.0012 622 536 643 577
pole 0.0018 81 -8 167 731
