crossing 0.0082 856 1025 1046 1079
crossing 0.0021 875 1046 1058 1084
crossing 0.0016 911 676 988 719
rail 0.9278 879 587 1922 975
rail 0.9194 859 569 1050 1077
rail 0.5961 1444 713 1919 826
rail 0.0447 1576 739 1921 850
rail 0.0128 1265 679 1896 815
rail 0.0069 1501 730 1915 933
rail 0.0051 1306 628 1931 945
rail 0.0038 1511 725 1835 805
rail 0.0033 1701 755 1915 820
rail 0.0026 1675 778 1922 900
rail 0.0025 1717 770 1918 856
rail 0.0015 1662 854 1917 959
rail 0.0010 1663 826 1914 920
switch-indicator 0.0129 969 564 984 594
switch-right 0.0033 910 582 972 623
switch-unknown 0.2910 924 585 965 607
switch-unknown 0.0814 900 578 960 602
switch-unknown 0.0292 926 590 968 617
switch-unknown 0.0252 948 571 981 599
switch-unknown 0.0239 888 566 935 591
switch-unknown 0.0026 876 553 912 581
switch-unknown 0.0024 863 553 898 586
switch-unknown 0.0024 935 591 975 634
switch-unknown 0.0012 917 587 960 629
track-sign-front 0.2145 968 566 981 585
track-sign-front 0.0739 1398 571 1415 650
track-sign-front 0.0128 1086 527 1100 547
track-sign-front 0.0052 1400 530 1417 625
track-sign-front 0.0031 1085 516 1104 562
track-sign-front 0.0027 1397 593 1413 672
track-sign-front 0.0023 847 524 873 582
track-sign-front 0.0014 961 565 988 591
track-sign-front 0.0013 1394 593 1418 642
track-sign-front 0.0010 1402 525 1420 583
pole 0.3415 1102 545 1124 732
pole 0.0532 1089 287 1132 771
pole 0.0098 1095 422 1123 741
pole 0.0091 1087 535 1137 727
pole 0.0050 859 460 877 592
pole 0.0048 1081 137 1148 839
pole 0.0043 1105 573 1129 801
pole 0.0033 1078 196 1121 762
pole 0.0023 1096 540 1119 677
pole 0.0017 1109 618 1130 725
pole 0.0015 851 474 872 589
pole 0.0013 1107 560 1129 694
pole 0.0011 1087 390 1112 673
pole 0.0011 848 513 885 589
pole 0.0011 1112 320 1157 725
rail-occluder 0.0343 1835 772 1919 856
rail-occluder 0.0020 1864 747 1921 850
rail-occluder 0.0019 1811 738 1922 836
rail-occluder 0.0014 1461 706 1598 774
rail-occluder 0.0013 1771 715 1924 904
rail-occluder 0.0013 1398 697 1663 780
rail-occluder 0.0013 1483 714 1577 763
