crossing 0.1584 1000 654 1171 697
crossing 0.1160 993 608 1179 689
crossing 0.0685 978 586 1222 671
crossing 0.0436 829 647 959 677
crossing 0.0138 845 642 950 668
crossing 0.0101 805 659 899 684
crossing 0.0094 669 649 989 701
crossing 0.0082 647 637 1000 740
crossing 0.0057 957 665 1157 722
crossing 0.0055 875 619 1201 804
crossing 0.0050 1021 668 1133 705
crossing 0.0045 748 661 938 700
crossing 0.0025 796 666 893 695
crossing 0.0015 972 641 1135 693
crossing 0.0014 1049 652 1154 687
crossing 0.0013 1001 636 1256 697
crossing 0.0013 560 671 760 713
crossing 0.0013 874 627 1010 661
crossing 0.0013 1041 603 1153 676
crossing 0.0013 811 638 896 665
crossing 0.0012 781 671 876 702
crossing 0.0011 584 652 789 698
crossing 0.0011 847 664 943 691
train-car 0.0026 1381 560 1912 1029
train-car 0.0020 951 521 1086 551
train-car 0.0016 922 539 1256 664
train-car 0.0013 35 472 583 644
platform 0.0160 1134 534 1905 684
platform 0.0031 1154 529 1923 823
platform 0.0023 1374 566 1913 956
platform 0.0015 956 554 1276 628
rail 0.9031 823 558 1216 1069
rail 0.7459 553 581 1093 820
rail 0.1411 581 552 1214 697
rail 0.0540 623 608 994 687
rail 0.0224 505 595 1032 712
rail 0.0182 792 557 1288 676
rail 0.0137 715 572 1252 835
rail 0.0114 672 601 1030 660
rail 0.0085 708 527 2074 1003
rail 0.0057 677 616 978 795
rail 0.0054 727 575 1063 640
rail 0.0054 560 505 1434 789
rail 0.0039 709 629 997 671
rail 0.0031 1255 697 1407 783
rail 0.0029 197 575 1057 784
rail 0.0023 1081 637 1565 825
rail 0.0017 436 618 976 764
rail 0.0016 1880 836 1919 1043
rail 0.0016 553 547 1050 651
rail 0.0015 250 634 1386 1088
rail 0.0014 1302 685 1406 763
rail 0.0013 1405 612 1922 1059
rail 0.0013 992 629 1800 1073
rail 0.0013 828 591 1108 659
rail 0.0012 817 559 1122 628
rail 0.0011 675 507 1122 634
rail 0.0011 1200 685 1382 794
rail 0.0011 708 561 1041 616
rail 0.0011 846 586 1143 819
rail 0.0010 825 616 974 653
rail 0.0010 1327 514 1955 725
switch-unknown 0.0055 851 635 986 665
track-sign-front 0.1932 927 471 951 523
track-sign-front 0.1676 1879 759 1916 822
track-sign-front 0.0985 1238 442 1276 479
track-sign-front 0.0276 928 495 953 542
track-sign-front 0.0186 1299 369 1327 412
track-sign-front 0.0155 1286 453 1316 497
track-sign-front 0.0093 1616 526 1639 579
track-sign-front 0.0091 1888 841 1918 910
track-sign-front 0.0086 1880 778 1918 911
track-sign-front 0.0069 927 521 974 572
track-sign-front 0.0067 85 603 120 634
track-sign-front 0.0054 1303 471 1328 583
track-sign-front 0.0052 1166 505 1185 545
track-sign-front 0.0048 1799 573 1818 643
track-sign-front 0.0043 1308 487 1340 568
track-sign-front 0.0035 1872 743 1921 853
track-sign-front 0.0033 1168 496 1183 531
track-sign-front 0.0030 1423 143 1453 180
track-sign-front 0.0028 1883 820 1919 978
track-sign-front 0.0027 943 525 986 547
track-sign-front 0.0022 918 517 949 573
track-sign-front 0.0019 1245 484 1273 538
track-sign-front 0.0015 612 456 634 491
track-sign-front 0.0014 0 706 99 887
track-sign-front 0.0013 937 543 976 599
track-sign-front 0.0013 709 472 733 506
track-sign-front 0.0012 1283 424 1317 459
track-sign-front 0.0012 1865 709 1917 890
track-sign-front 0.0010 1449 389 1468 424
track-signal-front 0.3118 1667 437 1691 512
track-signal-front 0.1930 926 472 952 521
track-signal-front 0.0640 1300 433 1326 465
track-signal-front 0.0544 1290 454 1320 502
track-signal-front 0.0298 1239 440 1292 479
track-signal-front 0.0226 1670 439 1718 512
track-signal-front 0.0133 927 494 953 541
track-signal-front 0.0129 744 463 771 496
track-signal-front 0.0117 745 465 765 485
track-signal-front 0.0087 741 470 766 514
track-signal-front 0.0056 709 475 743 519
track-signal-front 0.0053 1301 476 1336 539
track-signal-front 0.0039 1267 435 1326 500
track-signal-front 0.0039 1309 525 1341 606
track-signal-front 0.0038 1294 449 1328 518
track-signal-front 0.0037 712 464 755 506
track-signal-front 0.0033 1615 525 1637 567
track-signal-front 0.0029 925 472 974 532
track-signal-front 0.0028 1657 432 1703 519
track-signal-front 0.0028 124 446 151 491
track-signal-front 0.0025 1666 423 1683 481
track-signal-front 0.0020 613 458 631 488
track-signal-front 0.0020 1332 478 1358 535
track-signal-front 0.0019 1273 457 1318 534
track-signal-front 0.0019 757 481 800 522
track-signal-front 0.0015 788 492 805 519
track-signal-front 0.0014 725 466 759 523
track-signal-front 0.0013 1800 566 1841 647
track-signal-front 0.0012 1657 436 1772 506
track-signal-front 0.0012 1662 468 1687 569
track-signal-front 0.0010 1666 467 1718 570
track-signal-back 0.0418 1298 428 1326 465
track-signal-back 0.0250 1302 368 1327 411
track-signal-back 0.0042 1296 393 1323 475
track-signal-back 0.0026 1256 428 1314 483
car 0.4667 1016 525 1619 693
car 0.1945 981 563 1317 679
car 0.1013 1123 543 1455 686
car 0.0111 962 590 1201 672
car 0.0039 709 522 1530 760
car 0.0037 1194 525 1488 600
car 0.0032 894 477 1893 754
car 0.0019 1191 520 1819 664
car 0.0019 1235 538 1544 675
car 0.0013 1302 526 1377 596
car 0.0010 1247 537 1370 678
person 0.0110 1615 525 1638 580
person 0.0010 946 529 977 567
pole 0.4648 722 21 750 657
pole 0.0896 929 236 943 578
pole 0.0520 924 165 949 599
pole 0.0352 1399 -30 1461 865
pole 0.0127 1165 339 1182 566
pole 0.0126 1410 81 1449 749
pole 0.0106 728 76 765 656
pole 0.0104 1303 429 1328 630
pole 0.0054 1308 526 1340 605
pole 0.0044 731 209 748 557
pole 0.0040 1355 7 1475 817
pole 0.0028 694 -14 759 593
pole 0.0027 1284 431 1324 543
pole 0.0025 1330 -31 1408 883
pole 0.0024 1170 370 1181 504
pole 0.0020 1415 1 1461 565
pole 0.0018 1102 476 1116 551
pole 0.0017 916 150 964 612
pole 0.0017 1419 346 1442 576
pole 0.0017 1847 112 1920 1119
pole 0.0016 1297 493 1336 671
pole 0.0015 1325 172 1384 744
pole 0.0015 1285 354 1336 670
pole 0.0013 1096 491 1122 557
pole 0.0011 1395 283 1457 750
pole 0.0011 928 342 944 490
pole 0.0010 1209 139 1590 909
rail-occluder 0.0027 1302 525 1345 606
rail-occluder 0.0023 1189 520 1457 645
rail-occluder 0.0016 1294 546 1928 993
rail-occluder 0.0013 945 527 978 565
rail-occluder 0.0012 1168 518 1193 561
rail-occluder 0.0010 945 551 977 594
