crossing 0.0101 878 574 915 589
crossing 0.0089 952 575 977 591
crossing 0.0062 899 726 1026 759
crossing 0.0062 9 628 140 654
crossing 0.0031 853 566 914 590
crossing 0.0027 971 570 1031 590
crossing 0.0022 877 563 948 596
crossing 0.0017 994 573 1047 594
crossing 0.0013 1020 566 1109 597
crossing 0.0013 1002 571 1080 598
crossing 0.0011 59 631 142 652
crossing 0.0011 8 621 110 649
crossing 0.0010 0 626 81 658
crossing 0.0010 918 721 981 745
crossing 0.0010 907 718 1001 749
train-car 0.5394 1409 537 1861 637
train-car 0.0767 1246 558 1892 663
train-car 0.0493 1360 558 1572 609
train-car 0.0257 1473 509 1851 608
train-car 0.0247 1262 552 1728 619
train-car 0.0041 1442 564 1566 615
train-car 0.0033 1811 540 1908 621
train-car 0.0032 1842 564 1920 617
train-car 0.0024 1330 540 1924 728
train-car 0.0023 1254 471 1889 822
train-car 0.0016 1371 533 1623 600
train-car 0.0014 1215 529 1664 640
train-car 0.0011 1440 565 1693 627
train-car 0.0010 1402 377 1894 741
train-car 0.0010 1841 532 1930 596
train-car 0.0010 1873 559 1922 612
platform 0.8065 -8 558 882 791
platform 0.5417 1111 576 1897 744
platform 0.0909 1006 560 1127 585
platform 0.0409 237 561 916 670
platform 0.0324 1106 578 1615 636
platform 0.0312 1094 564 1116 593
platform 0.0235 1352 552 1910 670
platform 0.0209 1042 560 1812 653
platform 0.0181 1063 564 1143 593
platform 0.0153 473 565 908 641
platform 0.0120 51 562 745 651
platform 0.0091 589 571 901 620
platform 0.0082 1367 598 1910 708
platform 0.0059 994 556 1146 597
platform 0.0051 118 575 805 717
platform 0.0036 306 558 882 622
platform 0.0033 666 568 931 605
platform 0.0027 872 572 927 591
platform 0.0026 1052 572 1557 684
platform 0.0023 4 602 503 770
platform 0.0021 992 564 1052 589
platform 0.0019 1278 562 1580 611
platform 0.0013 -3 684 362 845
platform 0.0012 962 525 1123 564
platform 0.0012 990 556 1061 598
platform 0.0011 1215 571 1515 629
platform 0.0011 23 640 626 823
platform 0.0010 1181 590 1523 643
platform 0.0010 1030 520 1055 563
rail 0.9586 811 567 1116 1074
rail 0.9482 1003 574 1915 1076
rail 0.9463 2 577 918 1078
rail 0.5123 1108 582 1901 765
rail 0.3032 1836 626 1921 664
rail 0.2368 1838 617 1921 650
rail 0.0950 14 557 779 662
rail 0.0850 1803 638 1920 676
rail 0.0666 1841 605 1921 633
rail 0.0632 1757 629 1926 669
rail 0.0280 1860 634 1921 691
rail 0.0226 1762 614 1917 656
rail 0.0133 1195 609 1912 878
rail 0.0130 -23 575 444 645
rail 0.0093 1821 590 1919 635
rail 0.0077 4 604 332 659
rail 0.0070 1782 624 1921 710
rail 0.0053 1838 646 1920 712
rail 0.0051 -15 581 323 620
rail 0.0041 1825 603 1920 735
rail 0.0039 1716 640 1919 681
rail 0.0031 -10 567 320 605
rail 0.0028 5 626 196 658
rail 0.0027 1841 547 1923 627
rail 0.0025 173 554 819 609
rail 0.0023 873 571 923 594
rail 0.0023 1801 557 1931 715
rail 0.0021 6 619 149 650
rail 0.0021 3 610 208 647
rail 0.0020 1877 649 1919 718
rail 0.0019 1791 624 1889 663
rail 0.0018 1006 563 1121 600
rail 0.0015 -8 579 173 617
rail 0.0014 1737 581 1895 684
rail 0.0013 -6 564 174 600
rail 0.0013 1877 542 1922 621
rail 0.0012 1793 574 1873 636
rail 0.0011 -4 597 351 730
rail 0.0011 1764 672 1923 838
rail 0.0010 1646 726 1924 877
rail 0.0010 1560 618 1953 693
switch-indicator 0.0054 1137 710 1182 780
switch-static 0.0026 1136 718 1196 784
track-sign-front 0.0330 1097 566 1114 590
track-sign-front 0.0175 615 183 657 229
track-sign-front 0.0070 1600 274 1638 327
track-sign-front 0.0041 578 554 593 581
track-sign-front 0.0039 1658 512 1678 538
track-sign-front 0.0032 1139 558 1155 588
track-sign-front 0.0011 837 544 866 575
track-sign-front 0.0010 1238 552 1255 598
track-signal-front 0.1738 942 535 952 554
track-signal-front 0.0681 1034 521 1046 539
track-signal-front 0.0422 944 538 956 556
track-signal-front 0.0353 938 530 950 559
track-signal-front 0.0240 1039 522 1053 543
track-signal-front 0.0219 983 515 993 532
track-signal-front 0.0214 933 516 947 545
track-signal-front 0.0094 1901 507 1919 539
track-signal-front 0.0068 855 477 873 520
track-signal-front 0.0064 955 510 996 547
track-signal-front 0.0056 1033 519 1050 554
track-signal-front 0.0038 934 509 950 537
track-signal-front 0.0010 914 505 941 536
track-signal-back 0.0268 1033 515 1049 537
track-signal-back 0.0068 1034 518 1051 546
track-signal-back 0.0032 858 478 872 508
track-signal-back 0.0017 1661 515 1682 536
track-signal-back 0.0012 579 357 630 446
person 0.0961 1099 566 1113 594
pole 0.6579 255 8 390 670
pole 0.0167 252 495 302 685
pole 0.0064 243 373 342 669
pole 0.0064 804 344 821 613
pole 0.0064 1101 562 1112 585
pole 0.0043 310 -7 422 674
pole 0.0043 190 471 408 685
pole 0.0035 1208 212 1251 621
pole 0.0028 1142 557 1153 581
pole 0.0022 206 291 374 706
pole 0.0017 585 478 602 593
pole 0.0016 104 8 447 661
pole 0.0015 354 403 380 646
pole 0.0014 592 470 610 590
pole 0.0012 577 552 594 583
pole 0.0012 276 516 416 667
pole 0.0011 307 371 394 680
pole 0.0010 257 389 431 665
rail-occluder 0.1296 1098 568 1113 596
rail-occluder 0.0442 256 562 303 666
rail-occluder 0.0242 1164 608 1181 635
rail-occluder 0.0149 1136 702 1186 785
rail-occluder 0.0054 1800 612 1874 653
rail-occluder 0.0049 1154 583 1180 639
rail-occluder 0.0043 1093 567 1119 599
rail-occluder 0.0029 578 556 592 584
rail-occluder 0.0018 1132 676 1160 783
rail-occluder 0.0018 1224 569 1252 601
rail-occluder 0.0017 1159 591 1197 632
rail-occluder 0.0016 246 532 313 644
rail-occluder 0.0016 1112 554 1158 595
rail-occluder 0.0015 1157 605 1192 639
rail-occluder 0.0014 112 563 495 686
rail-occluder 0.0013 1459 565 1552 615
rail-occluder 0.0012 1111 566 1163 616
rail-occluder 0.0012 1810 563 1857 642
rail-occluder 0.0011 207 554 324 664
rail-occluder 0.0010 1116 677 1176 783
