train-car 0.8157 916 234 1911 881
rail 0.9687 672 427 1081 1079
rail 0.9434 7 423 685 837
rail 0.3654 804 437 934 473
rail 0.1459 752 428 939 480
rail 0.0205 710 421 889 454
rail 0.0160 699 423 817 450
rail 0.0108 832 448 943 477
rail 0.0054 673 414 960 517
rail 0.0050 785 426 837 451
rail 0.0036 858 437 926 466
rail 0.0027 21 455 473 591
rail 0.0025 732 429 786 448
rail 0.0024 627 413 886 462
rail 0.0022 788 428 869 457
rail 0.0020 810 446 903 478
rail 0.0018 1600 729 1924 911
rail 0.0013 1491 713 1914 1027
rail 0.0013 683 406 871 444
rail 0.0011 253 515 445 748
rail 0.0010 650 393 843 437
rail 0.0010 610 389 902 482
switch-indicator 0.0022 1097 719 1130 796
switch-indicator 0.0017 1100 749 1129 790
switch-unknown 0.0057 722 425 796 445
switch-unknown 0.0056 754 431 806 447
track-sign-front 0.0186 797 428 822 446
track-sign-front 0.0039 797 413 814 445
track-sign-front 0.0010 957 372 976 402
track-sign-front 0.0010 610 379 632 471
track-signal-back 0.2557 616 344 628 367
track-signal-back 0.2222 711 340 725 360
track-signal-back 0.0284 615 346 629 414
track-signal-back 0.0038 646 332 668 410
track-signal-back 0.0014 705 339 731 365
track-signal-back 0.0011 651 320 664 380
pole 0.1396 712 343 723 442
pole 0.0759 -2 -71 99 1106
pole 0.0341 619 354 631 434
pole 0.0064 712 403 726 447
pole 0.0031 713 404 740 446
pole 0.0023 701 336 727 438
pole 0.0022 640 331 671 429
pole 0.0019 685 347 755 446
pole 0.0017 617 377 639 469
pole 0.0014 2 168 79 845
rail-occluder 0.0215 793 428 811 443
rail-occluder 0.0057 753 428 814 448
