crossing 0.0408 0 512 49 545
crossing 0.0363 0 488 31 515
crossing 0.0279 -1 532 40 593
crossing 0.0050 4 502 91 544
crossing 0.0032 12 482 97 526
guard-rail 0.0081 347 733 522 1060
guard-rail 0.0037 82 604 218 639
guard-rail 0.0019 59 594 139 626
guard-rail 0.0019 88 602 172 630
guard-rail 0.0014 33 576 116 632
guard-rail 0.0012 64 601 272 649
guard-rail 0.0011 134 642 368 693
guard-rail 0.0010 128 611 207 638
rail 0.8916 0 477 134 1078
rail 0.7991 -7 586 992 1076
rail 0.0463 1 537 106 631
rail 0.0198 2 478 144 563
rail 0.0173 0 497 65 585
rail 0.0172 2 505 175 682
rail 0.0131 -1 484 34 510
rail 0.0129 10 570 447 709
rail 0.0092 0 509 50 551
rail 0.0076 -3 533 76 691
rail 0.0069 -2 483 122 528
rail 0.0062 8 552 137 657
rail 0.0053 -5 478 63 510
rail 0.0052 271 612 1922 999
rail 0.0042 332 717 546 1065
rail 0.0041 10 577 186 642
rail 0.0041 5 498 155 605
rail 0.0039 -46 532 704 815
rail 0.0035 6 575 308 671
rail 0.0034 11 472 181 535
rail 0.0027 0 601 90 659
rail 0.0024 -2 484 185 818
rail 0.0022 53 595 203 637
rail 0.0018 -9 601 531 763
rail 0.0017 2 681 97 1083
rail 0.0016 -55 473 283 1082
rail 0.0016 5 436 201 641
rail 0.0015 -6 472 449 752
rail 0.0014 43 615 359 693
rail 0.0013 10 584 138 700
rail 0.0012 190 521 530 703
rail 0.0011 220 756 967 1074
rail 0.0011 0 568 18 716
rail 0.0010 414 592 1788 850
rail 0.0010 4 467 49 528
switch-left 0.2094 0 578 71 628
switch-left 0.0434 1 590 78 649
switch-right 0.2333 -7 579 68 627
switch-right 0.1509 -3 569 54 606
switch-right 0.0875 -8 592 98 639
switch-right 0.0032 -3 584 117 689
switch-right 0.0027 0 603 87 656
switch-right 0.0017 2 561 90 608
switch-static 0.0011 39 562 108 599
track-sign-front 0.2519 6 134 38 167
track-sign-front 0.0478 879 116 922 145
track-sign-front 0.0467 1202 478 1272 592
track-sign-front 0.0039 484 534 514 630
track-sign-front 0.0032 542 485 559 509
track-sign-front 0.0027 1195 431 1286 623
track-sign-front 0.0022 873 114 939 157
track-sign-front 0.0021 30 367 51 441
track-sign-front 0.0020 11 114 50 178
track-sign-front 0.0015 13 134 67 165
track-sign-front 0.0014 547 481 566 506
track-sign-front 0.0010 493 527 519 603
track-signal-front 0.0375 89 385 109 413
track-signal-front 0.0220 62 412 83 436
track-signal-front 0.0212 64 383 99 414
track-signal-front 0.0193 57 377 108 427
track-signal-front 0.0171 56 382 84 431
track-signal-front 0.0021 38 361 84 429
person 0.7431 389 498 449 640
person 0.6237 234 467 275 570
person 0.5282 138 471 176 560
person 0.1846 156 460 195 559
person 0.1056 174 455 201 566
person 0.0234 386 461 470 707
person 0.0044 433 489 490 659
person 0.0033 177 463 198 516
person 0.0028 170 441 222 559
person 0.0023 174 454 194 498
person 0.0015 187 456 271 609
pole 0.1570 29 207 46 526
pole 0.1351 451 19 524 983
pole 0.0548 390 516 532 1071
pole 0.0193 192 10 229 626
pole 0.0175 433 336 544 1117
pole 0.0120 28 212 71 518
pole 0.0055 385 169 528 980
pole 0.0039 438 -15 510 703
pole 0.0036 9 199 42 528
pole 0.0031 30 335 51 529
pole 0.0027 63 458 93 520
pole 0.0023 1182 10 1279 977
pole 0.0020 44 459 111 525
pole 0.0018 473 317 519 802
pole 0.0015 477 -17 551 872
pole 0.0014 63 401 88 525
pole 0.0014 30 298 44 442
pole 0.0014 62 277 83 444
pole 0.0013 48 215 76 468
pole 0.0012 435 322 522 696
pole 0.0010 489 123 540 722
rail-occluder 0.0025 346 689 548 1039
rail-occluder 0.0021 474 531 514 664
rail-occluder 0.0015 48 477 106 525
