guard-rail 0.0243 1059 776 1096 849
guard-rail 0.0135 1036 771 1093 823
guard-rail 0.0122 1008 775 1098 857
guard-rail 0.0088 1057 769 1111 811
guard-rail 0.0044 1049 788 1101 872
guard-rail 0.0042 1079 756 1146 1078
guard-rail 0.0012 1053 770 1084 803
rail 0.9554 376 620 866 1078
rail 0.9291 847 630 1229 1081
rail 0.7483 974 786 1108 1078
rail 0.4950 860 632 931 671
rail 0.3362 874 708 1203 950
rail 0.2891 797 626 858 658
rail 0.2399 817 627 879 649
rail 0.2088 856 793 1100 1078
rail 0.1572 847 630 902 653
rail 0.1224 876 641 959 674
rail 0.0639 774 622 842 654
rail 0.0593 826 637 879 671
rail 0.0485 810 636 856 673
rail 0.0263 794 622 886 673
rail 0.0250 1061 772 1106 1089
rail 0.0225 903 650 966 674
rail 0.0194 886 628 943 658
rail 0.0166 777 636 832 672
rail 0.0094 923 800 1046 1078
rail 0.0061 858 639 942 695
rail 0.0053 954 812 1016 1083
rail 0.0049 760 624 822 662
rail 0.0040 889 638 1001 683
rail 0.0023 1080 774 1129 1088
rail 0.0016 830 634 871 728
rail 0.0014 883 646 968 712
rail 0.0013 809 642 877 701
rail 0.0013 827 592 980 738
rail 0.0010 831 639 914 725
rail 0.0010 940 649 998 678
rail 0.0010 608 629 862 1069
rail 0.0010 1146 663 1312 708
switch-indicator 0.0036 955 652 989 672
switch-left 0.1080 958 785 1113 880
switch-right 0.3321 969 779 1104 862
switch-right 0.0169 982 771 1088 832
switch-right 0.0076 917 734 1117 925
switch-right 0.0064 1028 774 1093 825
switch-right 0.0033 1054 770 1114 812
switch-static 0.5523 1104 770 1197 815
switch-static 0.0763 1083 769 1173 807
switch-static 0.0048 1126 784 1209 819
switch-static 0.0035 1149 791 1262 824
switch-static 0.0029 1065 770 1116 799
switch-static 0.0021 1068 776 1170 824
switch-static 0.0014 1031 678 1271 925
switch-static 0.0014 770 642 806 671
switch-static 0.0012 1071 744 1212 832
track-sign-front 0.7758 1305 575 1351 640
track-sign-front 0.3124 886 742 920 770
track-sign-front 0.0049 979 651 992 671
track-sign-front 0.0036 1306 613 1346 643
track-sign-front 0.0031 758 608 803 656
track-sign-front 0.0028 1221 648 1244 673
track-sign-front 0.0026 921 622 967 655
track-sign-front 0.0025 884 736 923 785
track-sign-front 0.0022 1182 645 1283 681
track-sign-front 0.0022 1050 632 1073 668
track-sign-front 0.0022 1203 647 1261 676
track-sign-front 0.0019 739 596 786 644
track-sign-front 0.0017 953 616 981 646
track-sign-front 0.0017 940 633 993 678
track-sign-front 0.0015 744 589 777 621
track-sign-front 0.0014 1301 629 1337 659
track-sign-front 0.0013 756 586 788 627
track-sign-front 0.0013 641 457 658 487
track-sign-front 0.0012 1052 644 1073 684
track-sign-front 0.0011 489 631 526 667
track-sign-front 0.0011 687 641 724 667
track-sign-front 0.0010 736 623 794 667
track-sign-front 0.0010 1168 654 1250 698
pole 0.0047 873 530 888 643
pole 0.0045 859 543 897 645
pole 0.0037 882 547 909 644
