crossing 0.0211 823 753 1058 789
crossing 0.0073 1289 739 1552 806
crossing 0.0041 1219 712 1532 796
crossing 0.0022 983 684 1899 977
crossing 0.0016 986 693 1774 821
platform 0.0011 1615 724 1920 899
rail 0.9373 768 682 1246 1075
rail 0.8363 748 657 1910 1076
rail 0.0022 807 663 1821 832
rail 0.0019 784 735 1092 793
rail 0.0012 826 736 1135 1031
track-sign-front 0.0571 951 530 991 568
track-sign-front 0.0350 588 509 607 540
track-sign-front 0.0266 514 447 562 485
track-sign-front 0.0195 505 449 535 482
track-sign-front 0.0097 535 454 560 484
track-sign-front 0.0035 946 535 1000 580
track-sign-front 0.0027 727 538 747 570
track-sign-front 0.0014 1001 444 1022 481
track-sign-front 0.0013 592 514 609 554
track-signal-front 0.0046 1460 501 1484 533
track-signal-front 0.0013 1314 494 1334 519
person-group 0.0257 1057 575 1314 668
car 0.0032 511 588 793 800
person 0.1560 1476 592 1518 698
person 0.0302 1457 580 1504 687
person 0.0251 586 508 607 542
person 0.0147 1439 580 1467 678
person 0.0122 1490 590 1523 674
person 0.0046 1431 590 1460 662
person 0.0043 1073 580 1193 668
person 0.0038 1101 565 1313 669
person 0.0024 1261 570 1295 659
person 0.0020 1227 569 1288 671
person 0.0017 1485 593 1551 695
person 0.0014 1207 563 1258 667
pole 0.0036 990 36 1077 674
pole 0.0022 386 250 423 676
pole 0.0010 968 71 1049 580
