crossing 0.7906 486 922 733 1077
crossing 0.0915 530 932 729 1001
crossing 0.0086 518 906 656 1049
crossing 0.0027 422 816 758 1105
crossing 0.0014 526 823 706 1078
crossing 0.0012 472 995 737 1082
crossing 0.0010 542 917 621 1024
guard-rail 0.0515 513 909 588 1074
guard-rail 0.0376 714 909 732 1077
guard-rail 0.0335 707 926 720 1061
guard-rail 0.0072 524 797 609 1084
guard-rail 0.0063 697 916 728 1072
guard-rail 0.0061 531 914 585 1028
guard-rail 0.0060 494 874 630 1069
guard-rail 0.0057 637 922 730 1079
guard-rail 0.0026 709 803 732 1075
guard-rail 0.0022 700 801 720 1082
guard-rail 0.0020 507 770 662 1096
guard-rail 0.0013 724 931 747 1076
guard-rail 0.0013 569 922 758 1079
guard-rail 0.0012 523 901 576 987
rail 0.9258 479 743 734 1076
rail 0.0017 490 752 610 1074
track-sign-front 0.3228 186 595 270 681
track-sign-front 0.2158 747 691 770 726
track-sign-front 0.0404 750 706 770 756
track-sign-front 0.0313 788 711 808 740
track-sign-front 0.0218 753 718 787 751
track-sign-front 0.0180 185 679 270 726
track-sign-front 0.0135 443 724 464 763
track-sign-front 0.0056 743 690 763 714
track-sign-front 0.0055 750 684 767 705
track-sign-front 0.0032 708 654 720 681
track-sign-front 0.0027 449 739 467 769
track-sign-front 0.0025 1036 597 1123 702
track-sign-front 0.0024 441 705 480 753
track-sign-front 0.0020 431 710 468 753
track-sign-front 0.0019 737 687 767 745
track-sign-front 0.0014 187 629 272 739
track-sign-front 0.0011 186 606 313 722
track-sign-front 0.0011 754 735 770 767
track-sign-front 0.0010 803 748 829 781
track-signal-front 0.2777 416 658 431 675
track-signal-front 0.0439 746 696 783 750
track-signal-front 0.0332 787 713 806 741
track-signal-front 0.0154 417 661 432 694
track-signal-front 0.0083 812 672 831 708
track-signal-front 0.0081 806 673 829 722
track-signal-front 0.0080 374 659 403 681
track-signal-front 0.0072 411 657 436 680
track-signal-front 0.0061 418 654 439 669
track-signal-front 0.0040 514 647 531 682
track-signal-front 0.0025 705 647 718 673
track-signal-front 0.0021 795 687 833 743
track-signal-front 0.0019 458 622 483 724
track-signal-front 0.0019 373 656 392 685
pole 0.0221 807 219 844 804
pole 0.0017 717 430 748 730
pole 0.0017 459 596 484 744
pole 0.0013 467 596 493 746
pole 0.0013 633 484 651 762
pole 0.0013 512 634 532 695
pole 0.0011 777 206 850 743
pole 0.0011 799 420 836 795
pole 0.0011 516 621 544 724
