guard-rail 0.0196 834 503 903 601
guard-rail 0.0173 837 496 878 567
guard-rail 0.0042 840 490 879 529
guard-rail 0.0042 770 507 852 618
guard-rail 0.0027 807 545 885 638
guard-rail 0.0026 804 492 866 575
platform 0.3075 1010 476 1114 522
platform 0.0563 1041 472 1119 511
platform 0.0060 1000 477 1065 518
platform 0.0032 1017 484 1081 531
platform 0.0016 1005 467 1143 546
platform 0.0012 966 430 1167 557
rail 0.9674 11 464 978 1077
rail 0.9590 983 467 1289 1078
rail 0.5830 749 491 941 634
rail 0.1294 750 519 869 638
rail 0.0441 811 485 941 579
rail 0.0250 845 485 914 540
rail 0.0213 712 546 852 662
rail 0.0169 814 501 887 611
rail 0.0112 776 529 914 648
rail 0.0094 1771 566 1919 994
rail 0.0068 513 467 974 1065
rail 0.0053 1869 547 1919 974
rail 0.0049 1788 575 1918 743
rail 0.0045 1709 574 1917 807
rail 0.0045 1709 652 1919 1076
rail 0.0041 -12 490 896 801
rail 0.0037 1851 592 1920 749
rail 0.0037 857 477 900 507
rail 0.0036 663 482 927 771
rail 0.0032 865 476 939 505
rail 0.0031 1773 441 1920 799
rail 0.0028 902 470 943 524
rail 0.0027 880 476 963 523
rail 0.0026 848 482 956 551
rail 0.0024 1852 434 1920 822
rail 0.0023 1868 538 1920 719
rail 0.0017 1885 591 1921 750
rail 0.0017 797 515 972 729
rail 0.0016 1705 544 1909 691
rail 0.0015 785 473 913 528
rail 0.0015 1841 570 1920 689
rail 0.0013 895 471 960 504
rail 0.0013 734 480 879 586
rail 0.0013 916 469 940 504
rail 0.0013 909 477 967 514
rail 0.0012 1447 517 1939 1051
rail 0.0011 1534 559 1897 810
rail 0.0011 1682 390 1918 854
rail 0.0010 1842 629 1920 1057
switch-indicator 0.1539 627 560 661 639
switch-indicator 0.0629 630 607 705 642
switch-indicator 0.0316 621 567 684 644
switch-indicator 0.0017 604 547 670 657
switch-indicator 0.0013 611 558 651 645
switch-indicator 0.0012 879 556 931 584
switch-indicator 0.0011 626 529 654 608
switch-indicator 0.0011 594 560 736 672
switch-left 0.2403 721 597 839 647
switch-left 0.0889 692 610 826 659
switch-left 0.0589 737 573 856 638
switch-left 0.0069 675 600 791 643
switch-left 0.0066 707 583 816 632
switch-left 0.0026 702 561 847 676
switch-left 0.0023 686 628 810 679
switch-right 0.2228 721 597 839 647
switch-right 0.0592 736 573 856 638
switch-right 0.0177 705 611 812 657
switch-right 0.0080 769 596 874 645
switch-right 0.0063 708 583 816 632
switch-unknown 0.0187 868 488 923 526
switch-unknown 0.0178 854 489 907 533
switch-unknown 0.0121 868 500 916 538
switch-unknown 0.0036 909 472 938 515
switch-unknown 0.0012 915 475 958 515
switch-static 0.1774 634 609 716 639
switch-static 0.0571 847 627 906 662
switch-static 0.0364 624 589 703 644
switch-static 0.0269 913 556 943 577
switch-static 0.0196 825 622 893 659
switch-static 0.0195 666 599 753 635
switch-static 0.0130 797 620 864 655
switch-static 0.0125 853 640 902 669
switch-static 0.0110 699 583 775 620
switch-static 0.0098 639 604 744 648
switch-static 0.0057 790 609 901 659
switch-static 0.0046 712 585 805 631
switch-static 0.0035 608 611 680 652
switch-static 0.0034 858 617 906 648
switch-static 0.0018 722 565 792 619
switch-static 0.0016 915 547 953 577
switch-static 0.0015 837 559 896 631
switch-static 0.0012 829 640 893 673
switch-static 0.0010 625 561 761 633
track-sign-front 0.1240 1097 474 1116 506
track-sign-front 0.0512 1049 473 1121 511
track-sign-front 0.0358 1018 472 1106 519
track-sign-front 0.0109 1098 460 1116 486
track-sign-front 0.0095 918 470 937 499
track-sign-front 0.0063 1112 476 1140 507
track-sign-front 0.0063 916 443 936 503
track-sign-front 0.0046 918 467 951 496
track-sign-front 0.0030 1016 441 1044 484
track-sign-front 0.0025 1084 450 1116 491
track-sign-front 0.0019 626 529 654 609
track-sign-front 0.0014 1229 461 1244 496
track-sign-front 0.0014 1098 434 1122 460
track-sign-front 0.0012 1212 503 1233 543
track-sign-front 0.0012 1229 450 1244 484
track-signal-front 0.0231 847 414 864 435
track-signal-front 0.0036 1003 434 1035 475
track-signal-back 0.0166 848 411 864 433
track-signal-back 0.0062 843 398 888 429
track-signal-back 0.0033 1007 433 1033 468
track-signal-back 0.0023 818 406 843 456
track-signal-back 0.0018 843 368 863 424
track-signal-back 0.0012 822 419 839 476
pole 0.0531 915 71 938 562
pole 0.0397 970 340 981 479
pole 0.0307 921 168 935 506
pole 0.0113 969 304 986 548
pole 0.0069 965 362 986 490
pole 0.0057 919 360 935 490
pole 0.0023 921 295 957 559
pole 0.0021 907 52 953 548
pole 0.0014 921 297 934 432
pole 0.0012 905 229 938 598
pole 0.0011 919 419 936 528
pole 0.0011 1849 45 1921 901
