crossing 0.0026 398 463 479 491
crossing 0.0025 399 451 480 482
rail 0.9599 327 315 746 1075
rail 0.9292 401 324 1928 1084
rail 0.8544 471 299 1916 705
rail 0.0134 975 401 1907 617
rail 0.0042 451 306 1675 543
rail 0.0015 914 387 1533 530
rail 0.0014 533 319 1105 440
rail 0.0010 1128 429 1518 559
switch-static 0.0019 655 395 710 412
track-sign-front 0.0455 108 345 132 391
track-sign-front 0.0200 110 427 137 460
track-sign-front 0.0123 1893 358 1918 388
track-sign-front 0.0055 340 312 360 334
track-sign-front 0.0028 1050 295 1065 323
track-sign-front 0.0022 105 396 142 461
track-sign-front 0.0021 108 390 135 439
track-sign-front 0.0017 1032 288 1065 336
track-sign-front 0.0011 340 296 373 336
track-sign-front 0.0010 340 314 378 349
track-signal-front 0.4132 584 163 603 204
track-signal-front 0.3631 668 157 686 201
track-signal-front 0.0129 1037 105 1076 171
track-signal-front 0.0095 569 160 608 208
track-signal-front 0.0055 668 164 708 202
track-signal-front 0.0041 1039 205 1068 247
track-signal-front 0.0039 584 180 605 232
track-signal-front 0.0038 1050 170 1088 211
track-signal-front 0.0037 1038 128 1069 182
track-signal-front 0.0032 415 252 426 274
track-signal-front 0.0030 669 143 688 189
track-signal-front 0.0030 1037 135 1086 193
track-signal-front 0.0016 1039 169 1070 213
track-signal-front 0.0014 581 219 605 247
track-signal-front 0.0012 584 139 605 187
track-signal-front 0.0011 416 248 435 280
track-signal-back 0.3750 417 156 433 207
track-signal-back 0.2873 502 159 517 200
track-signal-back 0.0083 1036 105 1070 174
track-signal-back 0.0061 1044 204 1073 242
track-signal-back 0.0044 418 154 432 177
track-signal-back 0.0039 497 156 523 205
track-signal-back 0.0037 1050 169 1088 211
track-signal-back 0.0018 419 177 433 217
track-signal-back 0.0017 1891 19 1920 344
track-signal-back 0.0017 410 135 436 208
track-signal-back 0.0011 503 151 517 181
track-signal-back 0.0010 1043 79 1097 161
pole 0.0199 1890 41 1920 611
pole 0.0049 1871 3 1922 708
pole 0.0019 1900 35 1920 313
