rail 0.9443 829 553 1185 1077
rail 0.8306 906 544 1919 852
rail 0.0067 1211 592 1911 814
rail 0.0016 1896 541 1919 639
rail 0.0014 996 583 1922 1080
rail 0.0013 1874 539 1919 677
rail 0.0011 -11 29 164 1096
rail 0.0010 905 544 1135 576
rail 0.0010 1572 964 1907 1070
switch-static 0.2807 1664 1009 1921 1079
switch-static 0.0444 833 642 879 664
switch-static 0.0158 1118 637 1210 677
switch-static 0.0069 1104 629 1190 670
switch-static 0.0047 1099 614 1141 641
switch-static 0.0045 1609 961 1931 1089
switch-static 0.0037 1768 1023 1928 1075
switch-static 0.0021 819 637 870 669
switch-static 0.0016 1719 1020 1817 1074
switch-static 0.0015 832 639 901 674
switch-static 0.0014 1154 644 1251 684
switch-static 0.0012 1654 1049 1907 1265
track-sign-front 0.4067 742 591 765 631
track-sign-front 0.0143 1284 532 1305 553
track-sign-front 0.0093 1280 527 1324 561
track-sign-front 0.0091 1312 541 1331 589
track-sign-front 0.0077 1903 547 1918 592
track-sign-front 0.0048 1099 613 1131 638
track-sign-front 0.0039 1312 514 1331 611
track-sign-front 0.0033 1270 508 1298 575
track-sign-front 0.0024 742 584 765 611
track-sign-front 0.0023 1289 470 1320 610
track-sign-front 0.0011 826 583 844 606
track-sign-front 0.0011 733 590 778 634
track-signal-back 0.7672 1664 396 1705 452
track-signal-back 0.7225 769 367 814 421
track-signal-back 0.6919 768 431 814 489
track-signal-back 0.6561 1668 327 1708 387
track-signal-back 0.3370 1662 458 1698 488
track-signal-back 0.0245 1218 435 1238 471
track-signal-back 0.0182 765 342 818 512
track-signal-back 0.0120 1851 330 1919 398
track-signal-back 0.0091 1662 468 1694 507
track-signal-back 0.0069 1658 366 1711 494
track-signal-back 0.0053 1862 351 1916 438
track-signal-back 0.0038 1882 364 1920 439
track-signal-back 0.0037 1663 318 1712 417
track-signal-back 0.0032 916 482 929 505
track-signal-back 0.0025 1673 456 1717 493
track-signal-back 0.0016 762 334 813 442
track-signal-back 0.0013 1875 384 1906 463
track-signal-back 0.0011 753 360 787 421
track-signal-back 0.0010 1875 429 1903 496
pole 0.5011 1077 410 1092 594
pole 0.3973 983 458 995 562
pole 0.3519 1305 275 1334 656
pole 0.1593 1029 400 1055 581
pole 0.0975 826 404 846 602
pole 0.0438 1015 437 1049 571
pole 0.0285 834 437 849 581
pole 0.0130 943 483 959 557
pole 0.0111 1268 367 1283 631
pole 0.0090 1084 418 1107 593
pole 0.0086 977 446 1006 571
pole 0.0074 793 383 832 627
pole 0.0053 1079 419 1091 531
pole 0.0051 1068 424 1099 604
pole 0.0049 1089 455 1107 558
pole 0.0046 1265 409 1280 600
pole 0.0042 1012 412 1073 587
pole 0.0041 829 419 862 597
pole 0.0040 764 371 824 564
pole 0.0034 1272 456 1299 624
pole 0.0033 1287 334 1324 659
pole 0.0033 913 482 929 533
pole 0.0031 1874 381 1902 632
pole 0.0022 1869 346 1912 590
pole 0.0021 1266 424 1277 545
pole 0.0019 972 501 1009 576
pole 0.0019 1882 413 1917 647
pole 0.0019 1269 416 1283 554
pole 0.0018 906 479 939 566
pole 0.0014 1051 403 1110 599
pole 0.0013 801 403 859 609
pole 0.0013 953 469 1024 569
pole 0.0012 835 412 849 519
pole 0.0012 1006 358 1054 571
pole 0.0012 768 270 813 453
pole 0.0012 777 376 850 636
pole 0.0011 1060 496 1096 598
pole 0.0011 1304 410 1330 553
pole 0.0011 845 463 870 555
pole 0.0010 1025 515 1057 575
pole 0.0010 927 500 969 575
