rail 0.9542 754 596 1115 1076
rail 0.9430 775 596 1867 1076
switch-static 0.0017 657 697 715 772
switch-static 0.0016 650 751 700 782
track-sign-front 0.0068 660 696 697 725
track-sign-front 0.0049 725 551 753 623
track-sign-front 0.0046 733 530 760 626
track-sign-front 0.0023 806 548 842 611
track-sign-front 0.0020 976 590 994 609
track-sign-front 0.0015 646 686 689 715
track-sign-front 0.0013 1156 591 1171 625
track-signal-back 0.8434 624 256 684 366
pole 0.0040 733 522 757 635
pole 0.0022 741 474 761 640
pole 0.0013 779 498 817 605
pole 0.0013 756 496 802 605
pole 0.0011 727 377 763 684
pole 0.0010 766 451 793 621
rail-occluder 0.0037 720 557 754 640
rail-occluder 0.0022 712 588 761 643
rail-occluder 0.0022 738 592 771 650
rail-occluder 0.0018 755 603 775 639
