guard-rail 0.0234 920 679 934 721
guard-rail 0.0018 1022 542 1064 573
guard-rail 0.0018 881 561 898 611
guard-rail 0.0014 904 675 929 724
guard-rail 0.0011 913 676 941 725
rail 0.9773 851 413 1917 1075
rail 0.9703 683 418 1075 1076
rail 0.0014 883 485 1059 998
switch-indicator 0.1131 1080 570 1113 619
switch-indicator 0.0029 1106 603 1174 667
switch-static 0.5872 1340 621 1391 659
switch-static 0.5176 667 608 717 648
switch-static 0.4601 1381 675 1455 709
switch-static 0.1792 1342 658 1435 709
switch-static 0.0415 1338 648 1415 695
switch-static 0.0348 660 604 770 653
switch-static 0.0338 1291 620 1399 657
switch-static 0.0330 946 695 987 721
switch-static 0.0314 950 695 1042 726
switch-static 0.0155 1397 663 1491 707
switch-static 0.0148 1334 623 1432 663
switch-static 0.0132 1420 675 1526 711
switch-static 0.0121 652 616 721 660
switch-static 0.0072 915 684 958 722
switch-static 0.0064 1124 619 1175 662
switch-static 0.0045 932 687 982 725
switch-static 0.0038 1463 671 1532 702
switch-static 0.0027 1325 635 1395 683
switch-static 0.0022 1001 699 1062 726
switch-static 0.0016 1277 623 1349 658
switch-static 0.0015 1391 681 1502 726
switch-static 0.0012 597 531 790 722
switch-static 0.0011 929 681 1051 738
switch-static 0.0010 1249 519 1531 839
track-sign-front 0.7471 1522 475 1553 620
track-sign-front 0.5459 608 443 631 569
track-sign-front 0.4672 610 449 630 488
track-sign-front 0.1243 614 385 630 409
track-sign-front 0.1104 606 448 635 506
track-sign-front 0.1062 1078 566 1113 620
track-sign-front 0.0805 614 374 635 403
track-sign-front 0.0401 610 543 630 580
track-sign-front 0.0213 1529 484 1553 513
track-sign-front 0.0188 616 351 638 385
track-sign-front 0.0158 1526 477 1555 562
track-sign-front 0.0136 612 484 636 587
track-sign-front 0.0121 931 428 944 447
track-sign-front 0.0107 917 684 953 722
track-sign-front 0.0075 613 399 638 466
track-sign-front 0.0075 507 709 530 739
track-sign-front 0.0064 625 455 653 562
track-sign-front 0.0042 1515 533 1548 653
track-sign-front 0.0037 932 407 951 436
track-sign-front 0.0035 593 450 648 583
track-sign-front 0.0031 932 430 952 457
track-sign-front 0.0015 496 675 524 733
track-sign-front 0.0014 919 437 945 458
track-sign-front 0.0013 797 376 815 420
track-sign-front 0.0010 605 382 631 499
track-sign-front 0.0010 1526 484 1572 611
track-signal-front 0.8992 585 188 642 272
track-signal-front 0.8848 1549 219 1602 305
track-signal-front 0.8728 585 72 641 158
track-signal-front 0.7987 1558 122 1616 204
track-signal-front 0.6579 602 285 632 317
track-signal-front 0.3079 1555 318 1579 344
track-signal-front 0.0060 590 220 645 321
track-signal-front 0.0039 595 280 641 323
track-signal-front 0.0038 607 315 630 357
track-signal-front 0.0026 593 143 632 217
track-signal-front 0.0025 596 158 630 198
track-signal-front 0.0022 607 303 634 380
track-signal-front 0.0022 1549 270 1595 345
track-signal-front 0.0014 1564 124 1662 213
track-signal-front 0.0014 594 49 634 90
track-signal-front 0.0012 592 270 623 317
track-signal-front 0.0010 563 56 668 286
track-signal-front 0.0010 815 369 833 390
track-signal-back 0.0060 809 376 828 395
track-signal-back 0.0032 793 371 824 400
track-signal-back 0.0014 603 47 627 73
rail-occluder 0.6193 1074 571 1114 703
rail-occluder 0.4432 1079 568 1113 625
rail-occluder 0.0059 1107 605 1175 665
rail-occluder 0.0030 1050 579 1109 728
