crossing 0.0035 893 704 952 728
platform 0.9362 5 663 865 1074
platform 0.7703 1013 625 1924 861
platform 0.0152 2 666 742 845
platform 0.0011 186 700 649 1022
rail 0.9636 733 628 1025 1076
rail 0.7146 979 630 1922 1032
rail 0.0094 50 666 686 800
rail 0.0048 907 629 939 648
rail 0.0025 893 628 937 655
rail 0.0024 149 684 751 759
rail 0.0024 908 627 959 656
rail 0.0022 2 529 124 985
rail 0.0012 -9 894 293 1079
rail 0.0010 1763 865 1917 1049
switch-static 0.0027 870 705 939 733
switch-static 0.0021 812 750 866 778
switch-static 0.0017 864 704 892 730
track-sign-front 0.1798 1107 679 1139 710
track-sign-front 0.1664 801 570 822 591
track-sign-front 0.0388 797 562 820 584
track-sign-front 0.0049 770 562 817 591
track-sign-front 0.0035 729 537 755 580
track-sign-front 0.0014 220 648 242 689
track-sign-front 0.0011 728 531 767 607
track-signal-front 0.2994 803 570 821 591
track-signal-front 0.0232 836 594 853 615
track-signal-front 0.0092 837 600 856 623
track-signal-front 0.0034 829 519 852 548
track-signal-front 0.0029 803 572 830 597
track-signal-front 0.0023 792 533 845 591
track-signal-back 0.0010 94 467 131 535
person 0.7121 164 646 250 957
person 0.0057 193 640 250 835
person 0.0042 203 653 259 962
person 0.0028 171 699 241 849
person 0.0025 213 646 247 750
person 0.0020 751 611 775 681
person 0.0012 219 648 243 701
pole 0.5165 1037 533 1053 676
pole 0.2258 972 546 990 658
pole 0.0799 1031 517 1060 671
pole 0.0731 454 506 545 772
pole 0.0454 330 468 364 770
pole 0.0429 561 514 616 746
pole 0.0179 1001 548 1055 674
pole 0.0142 470 525 593 761
pole 0.0126 974 523 1005 660
pole 0.0108 1112 677 1137 776
pole 0.0073 1 369 125 976
pole 0.0072 1025 586 1056 691
pole 0.0049 961 567 1010 661
pole 0.0039 544 395 609 757
pole 0.0036 314 451 356 763
pole 0.0032 1012 515 1070 681
pole 0.0032 604 490 657 729
pole 0.0030 515 543 563 755
pole 0.0021 950 554 996 674
pole 0.0017 568 581 630 720
pole 0.0016 534 425 580 733
pole 0.0016 944 549 973 653
pole 0.0015 444 612 557 753
pole 0.0014 630 499 663 704
pole 0.0014 740 471 760 586
pole 0.0014 532 411 554 706
pole 0.0012 1029 583 1117 734
pole 0.0011 730 533 754 586
rail-occluder 0.1629 1107 680 1140 743
rail-occluder 0.1250 1107 677 1139 712
rail-occluder 0.0151 969 611 985 657
rail-occluder 0.0070 968 610 1021 665
rail-occluder 0.0066 1032 643 1055 688
rail-occluder 0.0052 1096 665 1152 762
rail-occluder 0.0051 992 621 1043 671
rail-occluder 0.0028 1099 673 1146 727
rail-occluder 0.0027 1003 640 1049 685
rail-occluder 0.0022 1033 651 1075 690
rail-occluder 0.0017 939 623 1051 657
rail-occluder 0.0015 965 631 1071 668
rail-occluder 0.0011 1076 676 1129 710
