guard-rail 0.7366 694 645 750 752
guard-rail 0.5426 448 658 601 744
guard-rail 0.1692 423 672 569 761
guard-rail 0.1347 341 668 641 820
guard-rail 0.0953 758 553 813 582
guard-rail 0.0722 384 696 539 777
guard-rail 0.0613 496 650 620 717
guard-rail 0.0523 972 572 982 607
guard-rail 0.0435 526 643 639 693
guard-rail 0.0262 569 639 648 680
guard-rail 0.0258 957 554 979 597
guard-rail 0.0162 976 592 986 630
guard-rail 0.0122 713 619 763 683
guard-rail 0.0115 876 571 886 616
guard-rail 0.0111 634 598 791 851
guard-rail 0.0104 683 671 724 757
guard-rail 0.0084 672 657 773 763
guard-rail 0.0080 972 581 983 622
guard-rail 0.0078 705 597 768 653
guard-rail 0.0074 347 708 513 794
guard-rail 0.0071 581 625 668 667
guard-rail 0.0069 749 557 809 611
guard-rail 0.0066 715 629 763 736
guard-rail 0.0042 970 548 989 596
guard-rail 0.0041 703 540 763 592
guard-rail 0.0038 741 549 800 578
guard-rail 0.0037 876 591 885 631
guard-rail 0.0033 728 566 800 621
guard-rail 0.0028 445 677 621 794
guard-rail 0.0027 215 536 828 940
guard-rail 0.0026 404 605 683 837
guard-rail 0.0025 786 542 828 581
guard-rail 0.0024 685 593 751 642
guard-rail 0.0024 699 581 763 626
guard-rail 0.0023 822 526 862 551
guard-rail 0.0020 439 654 551 727
guard-rail 0.0020 709 638 786 754
guard-rail 0.0017 598 613 671 645
guard-rail 0.0015 680 617 752 674
guard-rail 0.0013 621 606 683 639
guard-rail 0.0013 944 565 972 610
guard-rail 0.0012 583 620 653 652
guard-rail 0.0010 590 536 848 908
guard-rail 0.0010 746 587 798 641
rail 0.9408 948 537 1917 1063
rail 0.9258 -4 535 847 1076
rail 0.9118 875 528 1185 1076
rail 0.0166 565 537 869 1072
rail 0.0154 261 565 818 975
rail 0.0049 856 553 1044 1083
switch-indicator 0.0050 709 544 729 570
switch-indicator 0.0011 1341 1018 1439 1078
switch-left 0.0084 861 960 1192 1073
switch-left 0.0010 769 541 837 583
switch-right 0.0807 760 551 812 583
switch-right 0.0806 773 541 824 567
switch-right 0.0218 786 535 835 558
switch-right 0.0021 749 545 813 602
switch-right 0.0012 766 532 832 578
switch-unknown 0.1275 950 536 977 551
switch-unknown 0.0496 790 536 833 556
switch-unknown 0.0402 800 532 844 553
switch-unknown 0.0244 939 522 974 545
switch-unknown 0.0114 833 521 863 547
switch-unknown 0.0066 955 530 1012 558
switch-unknown 0.0056 976 523 1011 556
switch-unknown 0.0030 842 520 876 543
switch-unknown 0.0020 843 485 863 543
switch-unknown 0.0013 922 507 946 537
switch-static 0.0684 1185 948 1416 1065
switch-static 0.0255 1235 943 1378 1041
switch-static 0.0117 1164 957 1335 1047
switch-static 0.0075 1262 1010 1428 1075
switch-static 0.0027 1173 968 1282 1039
switch-static 0.0027 1242 974 1376 1072
switch-static 0.0026 1319 1032 1429 1079
switch-static 0.0016 1257 943 1358 1007
switch-static 0.0011 1144 929 1385 1013
track-sign-front 0.0044 711 542 727 564
track-sign-front 0.0027 1155 570 1172 601
track-sign-front 0.0019 1090 154 1116 180
track-sign-front 0.0016 1042 468 1056 590
track-sign-front 0.0016 1098 149 1122 175
track-sign-front 0.0013 709 534 726 556
track-sign-front 0.0010 1159 560 1177 599
track-signal-back 0.0018 837 456 864 520
track-signal-back 0.0010 825 444 838 477
pole 0.3373 1044 186 1071 632
pole 0.0402 997 392 1011 577
pole 0.0255 1044 311 1062 636
pole 0.0182 921 421 938 550
pole 0.0140 1041 408 1057 635
pole 0.0108 1029 185 1085 641
pole 0.0087 914 414 954 553
pole 0.0055 999 314 1014 613
pole 0.0039 1134 297 1156 613
pole 0.0030 1043 459 1056 593
pole 0.0018 950 441 975 554
pole 0.0018 1079 213 1150 639
pole 0.0013 992 372 1019 597
pole 0.0012 1045 416 1059 559
