guard-rail 0.0672 815 577 853 598
guard-rail 0.0183 783 577 824 597
guard-rail 0.0097 821 574 863 604
guard-rail 0.0076 814 596 847 619
guard-rail 0.0052 410 774 540 831
guard-rail 0.0042 772 581 800 599
guard-rail 0.0041 826 598 863 618
guard-rail 0.0027 343 764 561 898
guard-rail 0.0025 6 693 103 739
guard-rail 0.0018 4 743 96 790
guard-rail 0.0018 5 715 100 774
guard-rail 0.0017 6 677 103 720
guard-rail 0.0017 841 578 876 611
guard-rail 0.0017 810 590 849 631
guard-rail 0.0016 385 785 510 835
guard-rail 0.0015 462 769 560 842
guard-rail 0.0013 481 747 585 838
guard-rail 0.0013 148 685 234 717
guard-rail 0.0013 735 581 781 606
guard-rail 0.0012 753 595 801 644
guard-rail 0.0011 190 680 314 726
guard-rail 0.0010 25 725 179 783
guard-rail 0.0010 403 623 485 652
rail 0.9668 718 534 1047 1073
rail 0.9321 12 537 909 1080
rail 0.8171 0 546 819 803
rail 0.4633 8 577 647 723
rail 0.3949 549 550 895 791
rail 0.1447 491 544 900 1030
rail 0.0670 0 624 320 737
rail 0.0494 102 554 776 673
rail 0.0382 -1 655 180 750
rail 0.0343 5 641 260 712
rail 0.0241 818 549 874 577
rail 0.0232 476 607 796 819
rail 0.0221 45 653 286 776
rail 0.0164 0 687 157 796
rail 0.0143 0 616 153 723
rail 0.0119 349 671 754 868
rail 0.0117 808 552 860 592
rail 0.0102 125 654 570 830
rail 0.0095 288 586 829 854
rail 0.0093 0 686 127 745
rail 0.0089 253 563 753 638
rail 0.0081 837 541 901 576
rail 0.0075 0 665 88 761
rail 0.0072 372 548 821 656
rail 0.0070 475 591 546 618
rail 0.0064 436 588 578 621
rail 0.0064 781 549 840 577
rail 0.0057 304 591 590 635
rail 0.0055 0 710 86 800
rail 0.0055 18 666 189 721
rail 0.0054 834 556 886 583
rail 0.0054 -5 632 257 831
rail 0.0051 3 738 141 823
rail 0.0044 481 584 643 626
rail 0.0037 2 623 218 689
rail 0.0036 25 706 691 1071
rail 0.0035 -2 650 120 708
rail 0.0030 191 570 637 1026
rail 0.0028 229 667 474 838
rail 0.0028 662 542 886 723
rail 0.0028 -6 579 562 901
rail 0.0027 0 739 73 832
rail 0.0026 400 573 624 616
rail 0.0025 330 603 519 637
rail 0.0023 603 594 761 758
rail 0.0023 214 599 525 648
rail 0.0022 0 672 76 722
rail 0.0021 681 542 886 1061
rail 0.0021 78 672 305 727
rail 0.0021 328 687 666 966
rail 0.0019 485 565 737 606
rail 0.0018 445 574 660 638
rail 0.0018 0 711 37 777
rail 0.0018 0 688 38 756
rail 0.0017 798 543 887 592
rail 0.0017 0 733 148 927
rail 0.0016 57 689 204 739
rail 0.0016 11 597 87 674
rail 0.0016 184 611 452 699
rail 0.0014 403 613 619 840
rail 0.0014 0 734 45 798
rail 0.0012 608 622 885 760
rail 0.0011 13 616 137 680
rail 0.0011 510 547 795 716
rail 0.0010 0 754 42 824
rail 0.0010 922 553 1041 1059
rail 0.0010 458 633 733 987
rail 0.0010 0 660 38 732
switch-indicator 0.0108 323 722 387 809
switch-indicator 0.0014 714 568 734 597
switch-left 0.1359 552 688 710 746
switch-left 0.0343 532 707 667 750
switch-left 0.0318 413 760 582 835
switch-left 0.0129 548 653 772 758
switch-left 0.0070 454 729 620 804
switch-left 0.0068 481 712 653 771
switch-left 0.0049 380 738 612 905
switch-left 0.0011 367 795 554 864
switch-right 0.1205 563 690 703 749
switch-right 0.0290 412 759 581 837
switch-right 0.0233 440 714 660 820
switch-right 0.0196 365 717 705 856
switch-right 0.0094 547 709 648 747
switch-right 0.0073 469 721 610 776
switch-right 0.0056 574 665 742 747
switch-right 0.0036 392 756 597 886
switch-right 0.0013 457 660 651 796
switch-unknown 0.0508 809 556 858 589
switch-unknown 0.0445 809 549 850 577
switch-unknown 0.0442 823 549 868 575
switch-unknown 0.0261 788 560 835 588
switch-unknown 0.0192 837 560 880 581
switch-unknown 0.0168 793 549 833 575
switch-unknown 0.0166 494 597 532 616
switch-unknown 0.0087 496 593 563 615
switch-unknown 0.0074 499 603 574 623
switch-unknown 0.0066 484 595 542 620
switch-unknown 0.0046 486 598 587 629
switch-unknown 0.0044 518 590 602 619
switch-unknown 0.0034 463 596 530 626
switch-unknown 0.0029 542 586 629 615
switch-unknown 0.0028 758 552 804 586
switch-unknown 0.0024 394 600 537 639
switch-unknown 0.0023 405 613 453 635
switch-unknown 0.0023 420 604 511 634
switch-unknown 0.0021 518 581 654 618
switch-unknown 0.0019 569 582 646 608
switch-unknown 0.0012 873 524 917 569
switch-unknown 0.0012 423 592 507 619
switch-unknown 0.0012 408 598 480 626
switch-unknown 0.0010 543 603 623 624
switch-static 0.5206 142 742 219 782
switch-static 0.2715 275 825 345 856
switch-static 0.1356 394 763 433 789
switch-static 0.0682 149 697 201 718
switch-static 0.0463 116 752 198 794
switch-static 0.0417 471 725 540 759
switch-static 0.0393 311 737 388 806
switch-static 0.0263 470 723 520 750
switch-static 0.0228 66 738 219 795
switch-static 0.0227 262 812 356 868
switch-static 0.0200 148 693 194 711
switch-static 0.0171 367 753 458 816
switch-static 0.0147 290 822 368 852
switch-static 0.0122 397 770 553 831
switch-static 0.0111 20 687 685 1011
switch-static 0.0100 397 760 459 792
switch-static 0.0095 394 765 475 822
switch-static 0.0082 437 732 555 808
switch-static 0.0076 391 735 531 825
switch-static 0.0075 111 683 229 718
switch-static 0.0064 465 698 554 773
switch-static 0.0024 148 700 228 734
switch-static 0.0021 66 748 150 789
switch-static 0.0018 300 799 378 842
switch-static 0.0015 448 718 515 765
switch-static 0.0014 261 785 428 913
switch-static 0.0013 484 707 594 759
switch-static 0.0013 496 715 579 749
switch-static 0.0013 416 786 520 830
switch-static 0.0010 19 680 326 874
switch-static 0.0010 45 739 176 821
switch-static 0.0010 73 729 191 779
switch-static 0.0010 180 697 450 956
track-sign-front 0.0036 716 570 733 593
track-sign-front 0.0013 995 569 1012 590
track-signal-front 0.0037 957 488 968 519
track-signal-front 0.0021 942 482 970 525
track-signal-front 0.0020 405 527 415 548
track-signal-front 0.0018 386 515 407 556
track-signal-front 0.0014 225 478 244 506
track-signal-back 0.0068 812 486 827 538
track-signal-back 0.0063 882 478 892 517
track-signal-back 0.0042 815 485 826 511
track-signal-back 0.0016 1036 453 1057 494
track-signal-back 0.0011 958 479 971 509
track-signal-back 0.0010 230 481 245 512
pole 0.4855 704 407 729 594
pole 0.2028 767 462 777 568
pole 0.0640 760 456 777 578
pole 0.0158 647 473 657 575
pole 0.0150 881 473 892 546
pole 0.0123 360 406 380 643
pole 0.0106 712 421 727 572
pole 0.0105 694 429 715 583
pole 0.0094 809 479 834 573
pole 0.0083 786 461 829 575
pole 0.0081 878 439 889 546
pole 0.0075 882 478 904 559
pole 0.0067 867 470 900 567
pole 0.0066 109 495 127 654
pole 0.0055 693 410 744 604
pole 0.0047 709 483 731 620
pole 0.0035 115 545 129 652
pole 0.0028 748 460 785 579
pole 0.0023 676 452 722 589
pole 0.0016 823 493 874 574
pole 0.0013 79 501 155 653
pole 0.0013 811 488 828 541
pole 0.0012 174 504 186 616
pole 0.0011 40 460 58 656
pole 0.0011 106 504 123 607
pole 0.0010 392 520 416 577
pole 0.0010 105 581 129 661
rail-occluder 0.0359 415 617 438 634
rail-occluder 0.0346 495 595 523 612
rail-occluder 0.0327 1 586 74 670
rail-occluder 0.0326 714 567 730 595
rail-occluder 0.0106 411 610 435 630
rail-occluder 0.0078 322 721 383 810
rail-occluder 0.0077 760 534 785 571
rail-occluder 0.0055 749 535 778 572
rail-occluder 0.0040 404 615 447 638
rail-occluder 0.0038 -1 590 120 698
rail-occluder 0.0033 146 691 195 713
rail-occluder 0.0031 495 572 526 615
rail-occluder 0.0026 46 597 83 655
rail-occluder 0.0019 721 547 788 590
rail-occluder 0.0015 706 566 737 595
rail-occluder 0.0010 696 485 732 608
rail-occluder 0.0010 360 610 440 641
