crossing 0.0011 829 537 875 555
guard-rail 0.0013 1779 799 1921 1072
rail 0.9636 896 486 1202 1077
rail 0.9536 -7 491 923 1072
rail 0.0431 11 536 724 882
rail 0.0054 1749 721 1920 1057
rail 0.0033 1760 697 1919 911
rail 0.0020 1687 661 1919 957
rail 0.0015 1483 708 1902 1061
rail 0.0013 1849 671 1918 940
rail 0.0012 1479 699 1882 884
rail 0.0012 1767 588 1919 863
track-sign-front 0.0622 530 505 545 543
track-sign-front 0.0250 527 492 542 518
track-sign-front 0.0132 659 513 676 541
track-sign-front 0.0088 528 485 543 509
track-sign-front 0.0074 858 484 892 507
track-sign-front 0.0051 853 454 892 506
track-sign-front 0.0040 859 448 888 477
track-sign-front 0.0035 533 490 550 518
track-sign-front 0.0032 854 487 877 514
track-sign-front 0.0024 858 462 875 502
track-sign-front 0.0022 873 449 915 501
track-sign-front 0.0017 857 447 875 471
track-sign-front 0.0017 868 484 911 509
track-sign-front 0.0015 523 508 549 548
track-sign-front 0.0014 958 447 994 496
track-sign-front 0.0013 662 486 681 537
track-sign-front 0.0013 658 520 677 552
track-sign-front 0.0012 524 471 541 502
track-sign-front 0.0011 974 455 990 491
track-signal-front 0.0059 847 403 866 431
track-signal-front 0.0031 975 442 991 469
track-signal-front 0.0029 878 443 916 479
track-signal-front 0.0029 964 438 994 473
track-signal-front 0.0012 848 407 878 449
track-signal-front 0.0010 964 437 986 456
pole 0.0012 1711 11 1865 1034
