rail 0.8998 910 778 1598 1076
rail 0.4097 79 804 1098 1075
rail 0.0234 4 898 687 1077
rail 0.0230 279 757 1516 1071
rail 0.0080 55 629 1753 1046
rail 0.0036 204 870 878 1078
rail 0.0014 1159 841 1364 1022
rail 0.0014 157 759 1670 1325
rail 0.0010 501 724 1307 949
switch-static 0.0123 1524 845 1568 869
track-sign-front 0.0558 956 320 1009 398
track-sign-front 0.0305 1340 647 1365 680
track-sign-front 0.0282 1526 847 1566 868
track-sign-front 0.0192 510 557 527 591
track-sign-front 0.0146 256 597 325 673
track-sign-front 0.0144 1023 615 1049 696
track-sign-front 0.0105 424 589 447 630
track-sign-front 0.0099 562 430 585 465
track-sign-front 0.0090 1047 627 1079 698
track-sign-front 0.0049 1023 628 1040 691
track-sign-front 0.0043 1340 646 1362 725
track-sign-front 0.0021 1035 622 1070 689
track-sign-front 0.0019 1058 651 1086 688
track-sign-front 0.0017 1030 576 1056 692
track-sign-front 0.0015 1074 708 1092 743
track-sign-front 0.0015 1064 618 1102 657
track-sign-front 0.0013 1035 557 1058 637
track-sign-front 0.0012 1042 597 1082 659
track-sign-front 0.0011 744 677 761 734
track-sign-front 0.0010 495 553 523 599
track-signal-front 0.1678 1030 504 1059 538
track-signal-front 0.0779 1519 606 1540 647
track-signal-front 0.0373 823 172 871 309
track-signal-front 0.0243 1518 587 1538 638
track-signal-front 0.0166 1525 617 1542 646
track-signal-front 0.0162 1413 64 1463 105
track-signal-front 0.0125 471 262 512 372
track-signal-front 0.0056 1032 487 1073 532
track-signal-front 0.0045 1512 590 1542 654
track-signal-front 0.0025 701 169 762 316
track-signal-front 0.0021 1520 581 1535 614
track-signal-front 0.0018 1033 509 1059 564
track-signal-front 0.0013 1418 41 1475 106
track-signal-front 0.0013 1410 65 1486 129
track-signal-front 0.0012 1024 498 1071 547
track-signal-front 0.0011 1058 462 1092 516
track-signal-front 0.0010 1036 528 1066 577
track-signal-front 0.0010 1030 501 1063 593
track-signal-front 0.0010 1595 613 1615 656
track-signal-back 0.0312 560 469 618 530
track-signal-back 0.0219 1517 588 1538 639
track-signal-back 0.0192 563 431 586 468
track-signal-back 0.0085 562 436 591 527
track-signal-back 0.0074 471 261 510 375
track-signal-back 0.0039 396 512 428 584
track-signal-back 0.0028 508 554 526 590
track-signal-back 0.0011 790 433 887 609
pole 0.0016 1573 56 1660 1067
pole 0.0014 942 262 1014 941
pole 0.0013 1371 22 1471 827
pole 0.0013 1419 170 1463 761
