guard-rail 0.0021 867 751 897 935
guard-rail 0.0017 876 761 900 872
rail 0.8521 820 371 1185 1078
rail 0.0085 783 395 1021 1082
rail 0.0050 844 593 1132 988
rail 0.0028 990 371 1336 1068
rail 0.0017 1082 435 1905 1090
rail 0.0013 1092 375 1543 1056
switch-indicator 0.0051 1089 361 1104 388
switch-indicator 0.0037 813 446 887 501
switch-indicator 0.0013 1043 356 1082 384
switch-unknown 0.0033 1036 356 1059 381
switch-static 0.1966 815 448 885 481
switch-static 0.0021 822 427 876 474
track-sign-front 0.0396 1090 364 1103 384
track-sign-front 0.0342 759 466 780 496
track-sign-front 0.0058 1043 358 1062 376
track-sign-front 0.0050 805 449 830 474
track-sign-front 0.0044 789 345 801 370
track-sign-front 0.0043 823 425 873 473
track-sign-front 0.0026 766 453 812 487
track-sign-front 0.0024 789 350 802 396
track-sign-front 0.0024 756 465 788 506
track-sign-front 0.0011 1060 265 1074 284
track-signal-front 0.2433 926 321 945 342
track-signal-front 0.0360 926 327 941 356
track-signal-front 0.0216 876 264 893 282
track-signal-front 0.0185 937 322 965 344
track-signal-front 0.0121 920 319 951 349
track-signal-front 0.0018 954 319 974 342
track-signal-front 0.0010 870 261 897 286
