crossing 0.0129 1021 539 1096 566
crossing 0.0019 1080 540 1138 562
crossing 0.0011 1025 536 1136 569
guard-rail 0.0072 1011 532 1088 563
guard-rail 0.0042 1001 524 1046 551
guard-rail 0.0012 993 913 1053 1060
train-car 0.5437 1104 308 1925 1058
train-car 0.0717 1116 358 1723 858
train-car 0.0165 1498 139 1920 1079
train-car 0.0015 1146 386 1599 676
platform 0.0284 1031 352 1925 1064
rail 0.9730 680 423 1079 1078
rail 0.9049 1 426 802 1038
rail 0.8157 -3 426 774 713
rail 0.7352 -7 432 693 578
rail 0.6218 857 430 1181 671
rail 0.4578 -12 435 549 515
rail 0.3002 -9 460 353 529
rail 0.2027 886 437 1146 569
rail 0.1543 25 449 383 499
rail 0.1398 -27 450 439 561
rail 0.1180 -31 460 274 504
rail 0.0651 25 468 186 499
rail 0.0483 901 464 1089 543
rail 0.0442 106 400 581 506
rail 0.0336 -4 421 422 490
rail 0.0329 -2 483 325 567
rail 0.0271 932 485 1141 578
rail 0.0217 1034 351 1935 1070
rail 0.0203 146 431 655 484
rail 0.0198 71 469 142 499
rail 0.0183 907 468 1027 511
rail 0.0170 935 492 1190 629
rail 0.0156 854 433 1039 510
rail 0.0124 10 448 168 481
rail 0.0115 16 474 166 511
rail 0.0097 103 440 444 483
rail 0.0094 -9 463 138 504
rail 0.0080 982 520 1110 571
rail 0.0079 300 434 581 471
rail 0.0075 1380 104 1939 1109
rail 0.0071 232 420 451 515
rail 0.0065 -6 500 180 552
rail 0.0063 871 426 971 488
rail 0.0062 202 429 218 487
rail 0.0058 275 367 430 503
rail 0.0055 418 430 660 469
rail 0.0046 884 440 1389 701
rail 0.0043 41 440 137 486
rail 0.0041 75 456 128 491
rail 0.0034 231 446 554 501
rail 0.0030 3 469 165 540
rail 0.0030 179 456 257 496
rail 0.0028 955 497 1077 552
rail 0.0027 442 420 637 458
rail 0.0026 427 430 549 471
rail 0.0026 -15 455 287 631
rail 0.0026 661 421 784 453
rail 0.0025 149 457 442 497
rail 0.0024 16 430 298 473
rail 0.0024 857 433 943 474
rail 0.0023 16 517 242 572
rail 0.0023 591 399 719 458
rail 0.0023 841 437 1194 863
rail 0.0021 132 463 394 537
rail 0.0020 16 515 553 696
rail 0.0019 310 355 373 513
rail 0.0019 10 432 149 525
rail 0.0019 292 408 357 528
rail 0.0018 5 510 146 583
rail 0.0018 -2 304 167 739
rail 0.0018 297 416 745 515
rail 0.0018 102 457 248 498
rail 0.0018 362 430 474 466
rail 0.0017 980 476 1136 546
rail 0.0017 21 333 397 556
rail 0.0016 224 449 476 546
rail 0.0016 540 400 610 470
rail 0.0016 720 425 799 452
rail 0.0014 137 418 383 505
rail 0.0014 483 387 712 461
rail 0.0014 913 459 1288 601
rail 0.0014 947 468 1081 522
rail 0.0013 824 412 949 464
rail 0.0013 863 445 945 489
rail 0.0012 241 433 355 484
rail 0.0012 175 442 325 485
rail 0.0012 217 417 395 475
rail 0.0012 467 423 717 479
rail 0.0012 496 403 648 472
rail 0.0011 64 451 203 489
rail 0.0010 5 437 95 505
rail 0.0010 852 399 928 488
rail 0.0010 121 439 246 489
switch-indicator 0.0762 481 441 493 460
switch-unknown 0.0288 960 492 1029 518
switch-unknown 0.0280 939 486 1013 511
switch-unknown 0.0154 969 502 1033 527
switch-unknown 0.0084 942 482 1049 527
switch-unknown 0.0069 936 478 1000 504
switch-unknown 0.0067 989 509 1046 538
switch-unknown 0.0059 913 463 990 499
switch-unknown 0.0050 999 517 1080 550
switch-unknown 0.0047 875 426 921 474
switch-unknown 0.0029 891 427 952 479
switch-unknown 0.0028 890 451 962 485
switch-unknown 0.0026 735 434 778 451
switch-unknown 0.0017 798 404 842 459
switch-unknown 0.0015 886 450 917 482
switch-unknown 0.0013 750 428 798 451
switch-unknown 0.0010 945 498 1014 528
switch-static 0.0347 86 472 129 496
switch-static 0.0149 235 612 337 646
switch-static 0.0054 229 599 375 655
switch-static 0.0049 48 478 132 508
switch-static 0.0032 125 572 441 664
switch-static 0.0030 62 445 118 477
switch-static 0.0029 961 480 1024 509
switch-static 0.0026 85 479 164 509
switch-static 0.0021 988 476 1040 509
switch-static 0.0016 68 536 149 563
switch-static 0.0016 259 605 354 641
switch-static 0.0014 46 532 127 566
track-sign-front 0.3181 201 416 214 445
track-sign-front 0.1768 934 406 943 424
track-sign-front 0.1704 198 378 214 468
track-sign-front 0.1315 614 393 625 449
track-sign-front 0.1097 336 376 348 488
track-sign-front 0.0619 693 408 702 450
track-sign-front 0.0543 197 359 212 376
track-sign-front 0.0533 932 412 942 443
track-sign-front 0.0429 865 417 876 445
track-sign-front 0.0208 194 347 208 380
track-sign-front 0.0207 198 335 214 390
track-sign-front 0.0205 200 419 216 470
track-sign-front 0.0174 76 340 104 364
track-sign-front 0.0154 1347 398 1370 423
track-sign-front 0.0079 931 403 944 429
track-sign-front 0.0050 927 420 956 485
track-sign-front 0.0045 193 412 223 454
track-sign-front 0.0039 1027 436 1042 457
track-sign-front 0.0027 193 337 209 432
track-sign-front 0.0025 1239 555 1264 584
track-sign-front 0.0017 72 355 102 442
track-sign-front 0.0017 256 362 268 452
track-sign-front 0.0014 1014 431 1044 473
track-sign-front 0.0013 515 367 537 450
track-sign-front 0.0013 1007 422 1042 461
track-sign-front 0.0011 175 408 238 470
track-sign-front 0.0010 556 275 575 298
track-sign-front 0.0010 256 412 280 455
track-signal-front 0.7879 320 280 346 324
track-signal-front 0.6490 192 259 212 296
track-signal-front 0.6155 691 331 710 357
track-signal-front 0.5942 614 340 628 370
track-signal-front 0.5824 193 303 211 330
track-signal-front 0.5448 931 352 948 379
track-signal-front 0.4922 865 343 879 368
track-signal-front 0.4194 805 371 816 394
track-signal-front 0.2962 866 359 879 387
track-signal-front 0.2622 325 329 346 362
track-signal-front 0.2536 692 364 708 388
track-signal-front 0.2489 614 358 629 388
track-signal-front 0.2142 867 371 878 390
track-signal-front 0.0463 524 333 538 369
track-signal-front 0.0251 691 325 709 344
track-signal-front 0.0249 520 329 536 386
track-signal-front 0.0234 613 346 629 412
track-signal-front 0.0165 868 364 887 400
track-signal-front 0.0151 934 350 964 376
track-signal-front 0.0138 75 342 103 364
track-signal-front 0.0133 696 330 721 352
track-signal-front 0.0129 869 341 884 372
track-signal-front 0.0120 192 249 210 269
track-signal-front 0.0107 519 320 537 359
track-signal-front 0.0082 190 239 218 367
track-signal-front 0.0078 658 306 683 328
track-signal-front 0.0069 197 307 214 346
track-signal-front 0.0066 687 332 713 373
track-signal-front 0.0065 657 314 697 342
track-signal-front 0.0054 609 339 634 374
track-signal-front 0.0049 807 371 818 387
track-signal-front 0.0045 252 306 271 323
track-signal-front 0.0040 926 349 953 385
track-signal-front 0.0039 687 363 715 393
track-signal-front 0.0039 256 306 280 324
track-signal-front 0.0038 803 374 817 421
track-signal-front 0.0035 191 295 210 349
track-signal-front 0.0033 651 307 690 357
track-signal-front 0.0033 322 263 381 354
track-signal-front 0.0028 563 311 591 410
track-signal-front 0.0027 518 312 537 339
track-signal-front 0.0024 313 273 361 332
track-signal-front 0.0024 196 282 215 373
track-signal-front 0.0024 505 309 534 335
track-signal-front 0.0019 608 352 634 399
track-signal-front 0.0018 338 315 385 359
track-signal-front 0.0017 860 340 887 375
track-signal-front 0.0016 641 326 689 398
track-signal-front 0.0016 371 322 399 348
track-signal-front 0.0013 685 341 739 427
track-signal-front 0.0012 558 276 579 299
track-signal-front 0.0012 326 254 355 308
track-signal-front 0.0012 336 251 382 418
track-signal-front 0.0011 420 312 451 337
track-signal-front 0.0010 311 129 363 519
track-signal-front 0.0010 400 320 437 348
track-signal-back 0.0084 802 371 816 406
track-signal-back 0.0010 423 317 451 343
pole 0.2273 333 317 352 512
pole 0.1442 336 397 350 516
pole 0.1386 196 357 216 480
pole 0.1372 194 274 215 490
pole 0.1154 569 394 579 470
pole 0.0964 327 328 357 547
pole 0.0864 568 347 582 466
pole 0.0771 613 368 626 452
pole 0.0673 564 304 580 466
pole 0.0600 691 357 707 459
pole 0.0572 198 409 214 466
pole 0.0506 335 345 349 471
pole 0.0494 616 402 627 451
pole 0.0493 692 410 703 450
pole 0.0412 864 397 877 453
pole 0.0411 197 337 211 426
pole 0.0388 647 372 660 450
pole 0.0375 325 328 347 364
pole 0.0310 197 350 223 536
pole 0.0262 522 301 539 409
pole 0.0222 865 364 880 464
pole 0.0167 642 384 663 463
pole 0.0141 335 312 372 507
pole 0.0138 564 250 587 477
pole 0.0137 518 313 535 447
pole 0.0121 192 289 210 438
pole 0.0094 150 386 243 531
pole 0.0091 863 412 884 463
pole 0.0071 329 409 352 535
pole 0.0069 651 312 673 476
pole 0.0068 615 408 630 471
pole 0.0063 869 354 899 464
pole 0.0054 320 388 367 524
pole 0.0049 565 289 612 464
pole 0.0047 319 219 367 550
pole 0.0044 864 387 909 476
pole 0.0034 257 325 266 447
pole 0.0034 689 416 703 466
pole 0.0031 75 358 101 449
pole 0.0030 869 347 886 418
pole 0.0029 439 355 454 452
pole 0.0029 561 349 593 462
pole 0.0029 791 390 819 458
pole 0.0028 334 399 379 506
pole 0.0026 190 348 210 469
pole 0.0025 574 353 626 482
pole 0.0024 38 339 105 527
pole 0.0023 513 292 541 435
pole 0.0019 676 295 716 456
pole 0.0018 611 294 671 450
pole 0.0016 184 266 231 507
pole 0.0016 20 71 110 793
pole 0.0015 56 368 146 524
pole 0.0015 517 360 548 450
pole 0.0014 529 378 600 491
pole 0.0014 645 274 684 450
pole 0.0013 2 -56 77 817
pole 0.0012 343 326 383 455
pole 0.0012 1516 33 1601 811
pole 0.0011 689 317 721 422
pole 0.0010 1379 33 1750 904
pole 0.0010 51 280 99 491
pole 0.0010 598 367 648 454
pole 0.0010 16 403 115 475
pole 0.0010 692 304 733 464
rail-occluder 0.0994 481 439 493 459
rail-occluder 0.0207 197 453 219 490
rail-occluder 0.0182 1622 151 1918 1072
rail-occluder 0.0174 693 418 703 459
rail-occluder 0.0148 203 429 217 482
rail-occluder 0.0122 484 439 507 462
rail-occluder 0.0090 81 457 124 488
rail-occluder 0.0069 328 430 352 514
rail-occluder 0.0039 481 448 497 475
rail-occluder 0.0029 191 459 245 493
rail-occluder 0.0026 384 430 452 464
rail-occluder 0.0021 462 426 498 463
rail-occluder 0.0017 402 433 481 467
rail-occluder 0.0015 140 457 215 494
rail-occluder 0.0012 148 432 218 490
rail-occluder 0.0010 1159 383 1919 1065
