guard-rail 0.4903 1125 827 1149 902
guard-rail 0.0235 1463 836 1477 929
guard-rail 0.0203 1452 846 1472 921
guard-rail 0.0198 1259 601 1347 693
guard-rail 0.0162 1131 817 1162 885
guard-rail 0.0080 1110 828 1162 911
guard-rail 0.0062 1129 840 1158 914
guard-rail 0.0041 1047 712 1228 1014
guard-rail 0.0039 1099 678 1180 707
guard-rail 0.0035 1297 610 1363 687
guard-rail 0.0032 1461 809 1481 998
guard-rail 0.0026 1449 870 1469 930
guard-rail 0.0025 1054 1016 1080 1074
guard-rail 0.0024 1145 668 1223 708
guard-rail 0.0023 1145 645 1223 693
guard-rail 0.0021 1404 652 1442 688
guard-rail 0.0021 1472 784 1490 991
guard-rail 0.0019 1463 821 1480 885
guard-rail 0.0019 1178 619 1251 679
guard-rail 0.0018 1474 840 1489 935
guard-rail 0.0015 1123 671 1198 707
guard-rail 0.0014 1120 860 1145 930
guard-rail 0.0014 923 671 1014 710
guard-rail 0.0014 1122 822 1234 904
guard-rail 0.0012 1442 830 1482 916
guard-rail 0.0012 1446 823 1471 872
guard-rail 0.0012 954 669 1034 705
train-car 0.7608 0 510 720 709
train-car 0.0607 -5 527 1211 734
train-car 0.0270 799 520 1173 619
train-car 0.0145 972 530 1168 592
train-car 0.0063 668 529 828 648
train-car 0.0053 729 549 1152 681
train-car 0.0048 444 431 532 662
train-car 0.0034 85 446 957 681
train-car 0.0027 550 462 935 665
train-car 0.0027 -16 303 1258 751
train-car 0.0022 138 457 1470 799
train-car 0.0021 630 520 1242 737
train-car 0.0016 256 529 725 676
train-car 0.0013 820 417 1172 685
train-car 0.0012 342 483 594 670
rail 0.9182 1185 588 1525 1079
rail 0.8881 1045 598 1354 1076
rail 0.8182 -1 594 1288 967
rail 0.4733 1205 590 1388 697
rail 0.2925 1194 642 1294 705
rail 0.2056 1205 598 1298 697
rail 0.1626 1275 595 1444 692
rail 0.1180 1261 576 1534 637
rail 0.1151 -5 685 945 917
rail 0.0914 0 584 1128 802
rail 0.0888 1216 601 1282 637
rail 0.0341 1233 593 1325 704
rail 0.0339 200 544 1722 1073
rail 0.0287 1228 586 1328 622
rail 0.0269 1244 578 1413 629
rail 0.0194 1061 618 1330 702
rail 0.0192 1457 584 1530 614
rail 0.0144 1262 595 1394 659
rail 0.0141 13 527 693 723
rail 0.0132 1348 587 1503 634
rail 0.0128 1232 569 1564 673
rail 0.0120 794 524 1175 630
rail 0.0112 995 611 1252 692
rail 0.0112 272 693 1335 1084
rail 0.0098 1391 581 1506 619
rail 0.0097 304 555 1689 794
rail 0.0089 781 579 1461 721
rail 0.0087 1121 663 1292 723
rail 0.0087 665 554 1203 676
rail 0.0085 1455 594 1522 627
rail 0.0073 1159 621 1329 740
rail 0.0072 1095 557 1446 805
rail 0.0071 1362 576 1551 623
rail 0.0066 1157 611 1278 686
rail 0.0058 811 641 1163 716
rail 0.0056 910 533 1548 886
rail 0.0052 1093 590 1276 681
rail 0.0047 1343 605 1375 671
rail 0.0045 1293 570 1516 613
rail 0.0043 1145 630 1223 664
rail 0.0042 701 613 1185 730
rail 0.0041 1398 595 1453 626
rail 0.0039 1174 602 1258 640
rail 0.0036 1407 593 1494 630
rail 0.0036 1307 584 1452 622
rail 0.0035 1442 580 1547 625
rail 0.0034 1214 567 1322 642
rail 0.0032 1342 590 1403 664
rail 0.0031 24 751 686 931
rail 0.0027 1138 647 1239 692
rail 0.0025 900 667 1040 711
rail 0.0024 1276 580 1337 609
rail 0.0024 1434 582 1520 607
rail 0.0022 1235 574 1330 611
rail 0.0021 1018 619 1223 667
rail 0.0020 1225 578 1284 610
rail 0.0019 1190 571 1280 632
rail 0.0019 1187 614 1425 727
rail 0.0017 1148 596 1234 623
rail 0.0017 779 587 917 667
rail 0.0017 926 579 1243 674
rail 0.0016 1297 617 1375 701
rail 0.0015 1465 576 1621 616
rail 0.0014 1093 648 1289 780
rail 0.0014 1138 612 1187 650
rail 0.0013 825 659 1052 733
rail 0.0013 1217 567 1268 605
rail 0.0013 780 574 1032 689
rail 0.0012 947 621 1324 885
rail 0.0012 1107 615 1183 656
rail 0.0012 236 729 670 880
rail 0.0012 -3 771 229 1037
rail 0.0011 1387 613 1515 687
rail 0.0011 1480 594 1552 652
rail 0.0010 1143 553 1368 712
rail 0.0010 70 771 776 1060
rail 0.0010 883 655 1019 700
rail 0.0010 761 540 1075 660
rail 0.0010 699 640 983 750
rail 0.0010 741 566 949 745
switch-indicator 0.4022 1349 626 1379 686
switch-indicator 0.1523 1558 651 1582 683
switch-indicator 0.0403 493 711 539 746
switch-indicator 0.0346 1147 642 1167 663
switch-indicator 0.0120 1410 598 1440 621
switch-indicator 0.0107 1346 608 1373 666
switch-indicator 0.0072 1386 595 1439 625
switch-indicator 0.0062 1039 670 1108 720
switch-indicator 0.0056 1145 639 1173 673
switch-indicator 0.0053 1142 609 1179 646
switch-indicator 0.0050 1401 591 1449 617
switch-indicator 0.0050 1351 597 1393 657
switch-indicator 0.0031 902 625 924 671
switch-indicator 0.0027 1528 636 1586 682
switch-indicator 0.0027 1183 597 1235 622
switch-indicator 0.0026 1125 636 1169 665
switch-indicator 0.0022 1553 640 1587 691
switch-indicator 0.0020 1144 602 1184 624
switch-indicator 0.0018 1355 625 1418 683
switch-indicator 0.0015 1304 622 1364 701
switch-left 0.1392 1190 655 1289 708
switch-left 0.0147 1178 682 1293 719
switch-left 0.0012 1400 670 1513 708
switch-right 0.1618 1193 657 1285 705
switch-right 0.0025 1238 666 1300 705
switch-right 0.0014 1405 658 1501 693
switch-right 0.0013 1399 671 1513 706
switch-unknown 0.1763 1218 606 1280 631
switch-unknown 0.0209 1455 598 1503 620
switch-unknown 0.0189 1227 603 1313 643
switch-unknown 0.0134 1282 588 1324 614
switch-unknown 0.0118 1241 589 1318 620
switch-unknown 0.0097 1290 586 1364 619
switch-unknown 0.0089 1295 604 1362 637
switch-unknown 0.0087 1270 600 1344 643
switch-unknown 0.0080 1316 590 1388 617
switch-unknown 0.0075 1045 630 1186 664
switch-unknown 0.0073 1423 589 1483 615
switch-unknown 0.0048 1462 581 1533 606
switch-unknown 0.0043 1225 570 1281 612
switch-unknown 0.0042 1426 598 1480 623
switch-unknown 0.0036 1341 586 1412 615
switch-unknown 0.0033 1178 603 1247 633
switch-unknown 0.0026 935 653 1058 691
switch-unknown 0.0022 1451 578 1502 608
switch-unknown 0.0022 1214 552 1268 609
switch-unknown 0.0013 884 672 1014 713
switch-unknown 0.0012 1017 635 1117 672
switch-unknown 0.0012 1247 561 1319 613
switch-static 0.2883 1039 677 1101 711
switch-static 0.0627 744 686 790 710
switch-static 0.0367 1047 670 1121 707
switch-static 0.0221 748 678 807 705
switch-static 0.0165 1001 636 1081 661
switch-static 0.0153 1128 639 1168 661
switch-static 0.0103 1001 655 1090 695
switch-static 0.0096 1346 663 1385 695
switch-static 0.0092 1149 634 1215 664
switch-static 0.0075 976 650 1069 683
switch-static 0.0068 231 712 292 739
switch-static 0.0050 1123 638 1173 676
switch-static 0.0041 741 680 782 704
switch-static 0.0041 1008 632 1078 652
switch-static 0.0041 1356 647 1423 689
switch-static 0.0039 1023 635 1106 666
switch-static 0.0034 1493 654 1548 688
switch-static 0.0034 975 671 1067 704
switch-static 0.0033 1141 640 1179 673
switch-static 0.0032 726 687 769 711
switch-static 0.0032 964 639 1038 661
switch-static 0.0031 1050 644 1169 693
switch-static 0.0031 1018 684 1091 721
switch-static 0.0030 1151 601 1229 640
switch-static 0.0028 987 631 1058 654
switch-static 0.0027 1337 639 1389 690
switch-static 0.0022 1472 660 1514 687
switch-static 0.0021 1154 594 1224 622
switch-static 0.0018 953 650 1133 707
switch-static 0.0017 1591 712 1644 754
switch-static 0.0016 1119 614 1177 652
switch-static 0.0015 760 656 837 704
switch-static 0.0013 1303 668 1361 707
switch-static 0.0011 1348 623 1428 681
switch-static 0.0011 1495 630 1550 672
switch-static 0.0010 1491 594 1544 649
switch-static 0.0010 1280 665 1329 707
switch-static 0.0010 1590 741 1685 799
track-sign-front 0.1884 832 609 860 643
track-sign-front 0.0098 821 599 889 646
track-sign-front 0.0079 834 585 864 661
track-sign-front 0.0066 834 622 858 659
track-sign-front 0.0060 1293 580 1321 606
track-sign-front 0.0043 1531 522 1563 588
track-sign-front 0.0036 1112 570 1123 607
track-sign-front 0.0026 1527 537 1548 575
track-sign-front 0.0018 1541 506 1572 594
track-sign-front 0.0016 820 565 863 649
track-sign-front 0.0010 1290 502 1324 601
track-signal-back 0.0031 1551 400 1573 581
track-signal-back 0.0017 1554 435 1573 534
track-signal-back 0.0013 1170 443 1186 522
track-signal-back 0.0012 1167 429 1184 483
track-signal-back 0.0011 448 437 477 495
pole 0.5692 821 92 870 754
pole 0.2946 859 198 927 745
pole 0.2354 481 380 504 678
pole 0.0924 1550 397 1574 629
pole 0.0457 797 121 902 756
pole 0.0449 573 218 599 684
pole 0.0210 618 378 644 643
pole 0.0167 577 372 594 674
pole 0.0128 833 327 893 763
pole 0.0115 895 354 921 692
pole 0.0107 578 293 618 706
pole 0.0104 580 240 595 585
pole 0.0102 1166 456 1193 593
pole 0.0101 1298 412 1314 611
pole 0.0100 458 376 515 690
pole 0.0073 593 371 639 673
pole 0.0066 1159 435 1184 608
pole 0.0049 1135 417 1153 632
pole 0.0049 1540 449 1568 596
pole 0.0048 1553 454 1570 596
pole 0.0046 1129 389 1149 630
pole 0.0043 1391 484 1415 615
pole 0.0043 887 109 928 669
pole 0.0040 555 233 608 688
pole 0.0039 835 364 869 689
pole 0.0039 866 442 979 693
pole 0.0037 1524 439 1546 610
pole 0.0033 766 252 868 768
pole 0.0029 1172 478 1203 610
pole 0.0029 1121 314 1152 624
pole 0.0025 1285 393 1305 624
pole 0.0025 910 256 982 686
pole 0.0025 1535 488 1561 623
pole 0.0025 889 253 919 581
pole 0.0024 734 491 1125 660
pole 0.0021 930 362 960 658
pole 0.0018 993 384 1012 638
pole 0.0017 1538 403 1591 625
pole 0.0017 830 375 858 636
pole 0.0017 881 393 1044 680
pole 0.0017 1275 454 1307 595
pole 0.0015 1589 242 1633 672
pole 0.0014 1216 518 1253 598
pole 0.0014 1185 470 1213 588
pole 0.0013 482 459 502 604
pole 0.0013 833 202 860 540
pole 0.0013 1352 469 1369 598
pole 0.0012 757 551 940 703
pole 0.0012 1138 414 1184 624
pole 0.0011 1186 490 1237 602
pole 0.0011 1303 389 1324 626
pole 0.0010 1304 459 1329 598
pole 0.0010 1346 507 1373 599
pole 0.0010 625 375 658 635
pole 0.0010 449 405 476 535
rail-occluder 0.0322 495 711 535 743
rail-occluder 0.0067 838 639 867 756
rail-occluder 0.0057 837 576 868 702
rail-occluder 0.0048 905 627 926 669
rail-occluder 0.0033 1112 571 1123 609
rail-occluder 0.0033 1 761 151 1013
rail-occluder 0.0027 816 566 906 688
rail-occluder 0.0022 820 653 856 735
rail-occluder 0.0017 847 647 878 749
rail-occluder 0.0016 1372 587 1443 616
rail-occluder 0.0015 839 541 1126 643
rail-occluder 0.0012 -1 757 95 940
rail-occluder 0.0012 894 601 921 666
rail-occluder 0.0012 896 639 945 685
rail-occluder 0.0011 805 596 1027 677
rail-occluder 0.0010 1379 554 1428 616
rail-occluder 0.0010 826 662 879 757
