crossing 0.7353 774 852 1213 1073
crossing 0.0030 765 842 1094 1008
platform 0.0013 1253 786 1780 1030
rail 0.9069 473 556 1232 1077
rail 0.0036 275 534 1148 907
rail 0.0020 371 571 928 815
rail 0.0018 -24 580 1096 1076
rail 0.0014 0 533 36 1085
switch-indicator 0.0021 564 641 578 671
track-sign-front 0.0183 0 456 30 629
track-sign-front 0.0071 530 524 546 568
track-signal-back 0.0318 1 439 31 508
track-signal-back 0.0260 0 445 31 611
track-signal-back 0.0013 6 434 49 512
person 0.6535 1826 623 1920 901
person 0.0222 1835 638 1920 778
person 0.0120 1869 659 1921 957
person 0.0035 1784 627 1885 893
person 0.0024 1502 842 1701 994
person 0.0015 1831 694 1915 840
person 0.0012 1846 764 1917 945
person 0.0010 1772 657 1918 1024
pole 0.0033 524 530 546 580
pole 0.0010 500 499 546 582
rail-occluder 0.0149 512 530 544 574
rail-occluder 0.0077 528 530 546 576
rail-occluder 0.0047 499 535 542 599
rail-occluder 0.0025 534 520 556 581
rail-occluder 0.0022 522 534 543 600
rail-occluder 0.0015 472 522 529 585
rail-occluder 0.0011 439 531 563 582
