crossing 0.0038 435 784 543 815
guard-rail 0.0010 670 768 712 1050
rail 0.9641 21 661 552 1081
rail 0.8629 345 666 943 1078
rail 0.0039 301 667 489 800
rail 0.0018 538 702 760 1046
rail 0.0017 290 653 849 848
rail 0.0017 302 680 542 890
rail 0.0012 270 672 548 1064
switch-indicator 0.0014 384 681 409 779
track-sign-front 0.0039 415 648 433 669
track-sign-front 0.0020 407 610 421 680
track-sign-front 0.0019 738 649 769 676
track-signal-back 0.0394 638 519 665 566
track-signal-back 0.0010 626 513 677 571
track-signal-back 0.0010 639 537 666 588
pole 0.0572 400 656 417 756
pole 0.0027 328 609 355 697
rail-occluder 0.4107 320 642 351 695
rail-occluder 0.0738 406 643 420 667
rail-occluder 0.0554 396 659 419 753
rail-occluder 0.0131 375 659 427 771
rail-occluder 0.0110 402 647 419 699
rail-occluder 0.0083 311 643 385 710
rail-occluder 0.0082 244 639 283 698
rail-occluder 0.0072 270 624 306 684
rail-occluder 0.0060 259 629 293 685
rail-occluder 0.0041 262 637 330 699
rail-occluder 0.0035 356 670 408 770
rail-occluder 0.0026 306 612 347 691
rail-occluder 0.0026 349 654 448 778
rail-occluder 0.0023 236 644 272 731
rail-occluder 0.0022 353 662 400 726
rail-occluder 0.0018 286 668 473 805
rail-occluder 0.0017 281 610 305 667
rail-occluder 0.0017 223 643 300 722
rail-occluder 0.0016 400 642 427 672
rail-occluder 0.0015 294 629 365 734
rail-occluder 0.0012 420 649 447 679
