train-car 0.0014 789 531 890 595
platform 0.8609 8 564 978 1081
rail 0.9590 974 563 1301 1074
track-sign-front 0.5129 1101 585 1118 616
track-sign-front 0.0438 1103 583 1129 617
track-sign-front 0.0384 1037 562 1053 578
track-sign-front 0.0286 497 613 513 639
track-sign-front 0.0159 576 567 618 588
track-sign-front 0.0142 899 561 914 583
track-sign-front 0.0110 948 550 963 570
track-sign-front 0.0030 894 566 912 604
track-sign-front 0.0029 1022 561 1051 579
track-sign-front 0.0029 952 552 971 572
track-sign-front 0.0028 499 605 515 632
track-sign-front 0.0023 1095 577 1124 623
track-sign-front 0.0020 1164 662 1182 689
track-sign-front 0.0019 944 486 960 572
track-sign-front 0.0017 495 613 513 660
track-sign-front 0.0015 1036 567 1055 596
track-sign-front 0.0014 900 525 927 587
track-sign-front 0.0014 493 611 520 644
track-sign-front 0.0010 1030 561 1060 583
track-signal-front 0.0017 946 479 960 534
pole 0.0119 896 332 911 636
pole 0.0024 894 365 925 649
pole 0.0023 946 476 962 579
