crossing 0.0513 1108 507 1164 521
crossing 0.0171 987 503 1041 519
crossing 0.0110 1096 504 1146 518
crossing 0.0056 1122 509 1179 524
crossing 0.0037 1076 502 1122 517
crossing 0.0032 1047 430 1085 445
crossing 0.0019 1028 433 1063 448
crossing 0.0017 982 506 1033 526
crossing 0.0014 1097 500 1152 526
crossing 0.0012 989 496 1071 517
platform 0.9637 1 423 1000 1079
platform 0.8970 1086 414 1915 838
platform 0.0025 1083 416 1386 492
rail 0.9656 651 419 1046 1076
rail 0.9358 1052 406 1910 1082
track-signal-front 0.0323 988 383 1001 404
track-signal-front 0.0065 984 377 997 402
track-signal-front 0.0040 988 380 1016 402
track-signal-front 0.0034 982 388 998 420
track-signal-front 0.0020 986 382 1020 420
track-signal-front 0.0020 985 369 1002 389
track-signal-front 0.0015 1 333 30 486
track-signal-front 0.0013 1 341 66 481
track-signal-front 0.0011 1088 360 1104 384
track-signal-front 0.0010 14 472 56 515
track-signal-back 0.0019 1 201 44 306
track-signal-back 0.0012 0 286 61 474
person 0.5977 1419 404 1470 521
person 0.0149 1264 392 1298 482
person 0.0050 1433 402 1500 524
person 0.0036 1249 403 1313 480
person 0.0028 346 364 454 575
person 0.0020 1197 473 1209 510
person 0.0019 464 384 559 564
person 0.0017 1672 422 1715 566
person 0.0017 331 389 533 569
person 0.0012 563 400 605 546
person 0.0011 499 389 586 553
person 0.0011 463 359 536 502
rail-occluder 0.0025 1197 475 1209 512
