crossing 0.4998 890 576 944 595
crossing 0.0114 880 559 945 597
crossing 0.0096 859 567 913 593
crossing 0.0044 864 576 905 594
crossing 0.0041 898 545 941 580
crossing 0.0038 894 580 957 599
crossing 0.0014 857 573 951 639
crossing 0.0011 876 544 932 589
guard-rail 0.0178 841 689 865 749
guard-rail 0.0178 828 683 960 758
guard-rail 0.0177 843 676 865 728
guard-rail 0.0127 1000 650 1082 701
guard-rail 0.0101 833 693 853 744
guard-rail 0.0101 961 638 1119 720
guard-rail 0.0099 859 611 885 691
guard-rail 0.0093 847 651 873 711
guard-rail 0.0062 993 634 1059 692
guard-rail 0.0062 983 654 1063 720
guard-rail 0.0056 1027 636 1099 674
guard-rail 0.0042 841 671 927 737
guard-rail 0.0041 850 599 951 699
guard-rail 0.0040 845 641 903 721
guard-rail 0.0039 830 680 853 725
guard-rail 0.0033 865 605 892 670
guard-rail 0.0028 1004 624 1121 692
guard-rail 0.0027 980 671 1057 744
guard-rail 0.0022 975 649 1034 700
guard-rail 0.0020 847 650 953 729
guard-rail 0.0020 837 704 876 758
guard-rail 0.0017 1047 632 1120 715
guard-rail 0.0017 1019 645 1106 730
guard-rail 0.0013 809 650 948 784
guard-rail 0.0013 1056 631 1109 675
guard-rail 0.0011 1009 627 1164 749
train-car 0.0035 1232 48 1851 995
platform 0.0192 1191 88 1859 1083
rail 0.8749 668 540 978 1078
rail 0.7046 836 613 1224 756
rail 0.2763 750 560 1247 1082
rail 0.0503 817 678 959 773
rail 0.0455 1064 680 1199 771
rail 0.0155 824 588 1231 869
rail 0.0115 757 581 1122 786
rail 0.0062 851 597 1013 1064
rail 0.0057 972 584 1191 727
rail 0.0044 816 629 1076 739
rail 0.0035 836 648 965 732
rail 0.0025 648 483 1224 884
rail 0.0021 1008 620 1155 734
rail 0.0010 840 671 1111 763
switch-indicator 0.5976 1135 681 1193 771
switch-indicator 0.4740 1096 677 1206 773
switch-indicator 0.0788 869 478 897 536
switch-indicator 0.0198 908 498 937 549
switch-indicator 0.0156 1038 567 1075 621
switch-indicator 0.0130 1050 706 1204 766
switch-indicator 0.0128 879 486 926 549
switch-indicator 0.0064 787 533 812 591
switch-indicator 0.0061 1037 527 1155 736
switch-indicator 0.0047 989 678 1205 762
switch-indicator 0.0041 1028 551 1071 613
switch-indicator 0.0034 1081 689 1166 769
switch-indicator 0.0033 833 528 854 586
switch-indicator 0.0033 1030 593 1094 656
switch-indicator 0.0030 791 519 829 581
switch-indicator 0.0029 1080 551 1118 600
switch-indicator 0.0024 835 554 861 594
switch-indicator 0.0024 1053 633 1177 756
switch-indicator 0.0022 912 561 1175 739
switch-indicator 0.0021 988 578 1137 675
switch-indicator 0.0016 1031 507 1146 650
switch-indicator 0.0016 1080 643 1152 743
switch-indicator 0.0016 1149 686 1216 776
switch-indicator 0.0016 807 535 848 609
switch-indicator 0.0013 1056 548 1122 652
switch-indicator 0.0012 1010 558 1045 628
switch-indicator 0.0012 1146 518 1239 590
switch-indicator 0.0010 1059 590 1113 669
switch-indicator 0.0010 784 533 818 625
switch-left 0.3095 828 686 972 758
switch-left 0.0071 827 722 966 775
switch-left 0.0056 811 658 999 809
switch-left 0.0029 857 677 967 735
switch-right 0.2907 828 687 971 759
switch-right 0.0014 837 650 990 729
switch-static 0.0692 1089 677 1208 771
switch-static 0.0044 1003 707 1192 770
switch-static 0.0013 1007 736 1187 776
track-sign-front 0.3288 1151 576 1192 620
track-sign-front 0.1398 792 431 832 467
track-sign-front 0.0257 961 493 989 517
track-sign-front 0.0223 626 568 648 656
track-sign-front 0.0103 788 534 812 588
track-sign-front 0.0094 767 154 805 190
track-sign-front 0.0071 1008 308 1032 544
track-sign-front 0.0071 1006 381 1033 471
track-sign-front 0.0048 1010 393 1055 459
track-sign-front 0.0043 955 493 986 529
track-sign-front 0.0040 1012 336 1045 499
track-sign-front 0.0032 1014 394 1046 439
track-sign-front 0.0029 1710 129 1727 149
track-sign-front 0.0028 939 484 981 526
track-sign-front 0.0026 1457 61 1504 99
track-sign-front 0.0016 1090 546 1132 604
track-sign-front 0.0013 763 128 802 189
track-sign-front 0.0012 620 561 641 647
track-sign-front 0.0012 920 453 953 512
track-sign-front 0.0012 1708 127 1733 158
track-sign-front 0.0011 918 389 950 471
track-sign-front 0.0011 1120 565 1184 633
track-sign-front 0.0010 791 444 829 517
track-signal-front 0.4994 1019 459 1049 512
track-signal-front 0.2174 793 429 834 467
track-signal-front 0.0406 111 131 194 255
track-signal-front 0.0246 115 137 188 183
track-signal-front 0.0185 871 473 896 524
track-signal-front 0.0165 1024 491 1045 533
track-signal-front 0.0124 1028 456 1062 516
track-signal-front 0.0049 1010 448 1049 498
track-signal-front 0.0043 914 396 938 466
track-signal-front 0.0034 1006 454 1058 522
track-signal-front 0.0028 799 432 872 468
track-signal-front 0.0027 143 137 209 219
track-signal-front 0.0025 147 132 193 179
track-signal-front 0.0016 858 424 897 486
track-signal-front 0.0014 168 132 203 197
track-signal-front 0.0013 1009 431 1071 581
track-signal-front 0.0012 898 380 924 434
track-signal-front 0.0011 866 418 894 464
track-signal-front 0.0011 1208 432 1229 471
track-signal-front 0.0011 873 421 918 479
track-signal-front 0.0010 884 402 929 466
track-signal-front 0.0010 896 366 922 415
track-signal-back 0.0029 1460 55 1506 93
pole 0.3561 1111 25 1170 728
pole 0.0287 995 242 1017 575
pole 0.0278 989 224 1008 551
pole 0.0275 1002 259 1033 587
pole 0.0140 1012 429 1041 529
pole 0.0115 1009 199 1029 524
pole 0.0102 1093 54 1147 686
pole 0.0086 1017 176 1032 500
pole 0.0080 789 425 835 470
pole 0.0070 982 119 1013 577
pole 0.0064 1072 18 1203 738
pole 0.0058 1094 468 1150 733
pole 0.0048 969 221 994 550
pole 0.0041 798 418 846 596
pole 0.0031 933 210 962 546
pole 0.0028 1122 -28 1162 529
pole 0.0026 938 187 955 491
pole 0.0024 1006 341 1066 639
pole 0.0023 1124 244 1151 587
pole 0.0023 1084 372 1227 685
pole 0.0022 776 111 839 625
pole 0.0021 985 146 1040 614
pole 0.0018 1016 244 1043 540
pole 0.0016 921 349 946 509
pole 0.0015 1110 247 1138 577
pole 0.0015 924 286 953 538
pole 0.0013 997 460 1045 534
pole 0.0012 792 420 830 542
pole 0.0011 961 172 989 510
rail-occluder 0.0653 1153 569 1196 626
rail-occluder 0.0151 1142 640 1196 755
rail-occluder 0.0128 1135 540 1196 674
rail-occluder 0.0126 907 505 934 545
rail-occluder 0.0124 868 481 903 540
rail-occluder 0.0101 846 460 899 542
rail-occluder 0.0086 1100 489 1155 759
rail-occluder 0.0082 1100 418 1181 723
rail-occluder 0.0081 1067 564 1186 764
rail-occluder 0.0077 1145 535 1226 618
rail-occluder 0.0063 1152 621 1192 678
rail-occluder 0.0056 1065 619 1164 734
rail-occluder 0.0043 1125 498 1200 733
rail-occluder 0.0040 787 433 828 582
rail-occluder 0.0040 881 485 924 543
rail-occluder 0.0040 1144 605 1197 694
rail-occluder 0.0033 1085 631 1149 717
rail-occluder 0.0031 787 500 813 582
rail-occluder 0.0025 1093 492 1238 667
rail-occluder 0.0024 1090 459 1136 696
rail-occluder 0.0020 1152 578 1199 660
rail-occluder 0.0020 1176 480 1194 515
rail-occluder 0.0020 766 483 797 543
rail-occluder 0.0018 815 433 911 573
rail-occluder 0.0018 785 526 819 612
rail-occluder 0.0017 921 464 942 503
rail-occluder 0.0017 1143 509 1232 569
rail-occluder 0.0015 1159 523 1252 585
rail-occluder 0.0015 941 486 981 525
rail-occluder 0.0015 773 414 843 600
rail-occluder 0.0014 836 449 882 564
rail-occluder 0.0013 1100 622 1178 720
rail-occluder 0.0011 1165 552 1249 749
rail-occluder 0.0010 1128 511 1207 600
