crossing 0.0122 711 901 1045 1082
crossing 0.0107 39 905 519 1074
guard-rail 0.0804 829 791 867 918
guard-rail 0.0155 822 825 856 923
guard-rail 0.0104 842 774 884 903
guard-rail 0.0071 962 787 987 906
guard-rail 0.0058 769 725 942 1035
guard-rail 0.0030 854 763 916 905
guard-rail 0.0019 858 772 891 890
guard-rail 0.0018 970 800 1000 909
platform 0.3417 1004 639 1876 1078
platform 0.0011 9 678 653 1053
rail 0.9507 733 606 1027 1076
rail 0.9108 21 612 877 1076
rail 0.0125 899 601 1049 1079
rail 0.0115 934 607 1140 1078
rail 0.0112 938 608 1014 1072
rail 0.0107 827 603 970 898
rail 0.0033 913 614 984 920
rail 0.0032 1112 664 1920 1074
rail 0.0019 197 619 821 928
rail 0.0014 950 662 1090 924
rail 0.0013 922 628 1030 906
rail 0.0010 947 642 990 934
switch-unknown 0.0016 819 625 878 652
track-sign-front 0.0149 1071 561 1094 590
track-sign-front 0.0074 776 574 789 603
track-sign-front 0.0035 680 566 701 591
track-sign-front 0.0021 677 571 700 603
track-sign-front 0.0019 773 567 799 616
track-sign-front 0.0017 1069 545 1093 582
track-signal-front 0.0288 624 527 660 575
track-signal-front 0.0138 776 573 789 605
track-signal-front 0.0137 985 575 1003 599
track-signal-front 0.0089 1070 562 1094 626
track-signal-front 0.0043 624 545 667 585
track-signal-front 0.0038 677 565 700 591
track-signal-front 0.0029 817 567 830 598
track-signal-front 0.0022 777 566 810 598
track-signal-front 0.0021 974 574 1002 611
track-signal-front 0.0020 -1 245 42 607
track-signal-front 0.0015 882 570 910 596
track-signal-front 0.0013 628 529 683 589
track-signal-front 0.0013 664 547 698 588
track-signal-front 0.0011 1199 464 1238 492
track-signal-front 0.0010 965 567 1003 597
