rail 0.9668 244 607 832 1078
rail 0.9554 732 604 1197 1078
rail 0.0036 530 620 838 1070
rail 0.0010 417 680 678 1014
track-sign-front 0.1552 948 594 963 612
track-sign-front 0.0928 725 551 744 611
track-sign-front 0.0582 1350 690 1384 731
track-sign-front 0.0510 724 578 741 615
track-sign-front 0.0425 945 589 960 606
track-sign-front 0.0323 784 581 798 605
track-sign-front 0.0139 1074 612 1101 632
track-sign-front 0.0113 1351 609 1391 730
track-sign-front 0.0102 901 589 933 613
track-sign-front 0.0101 901 591 920 609
track-sign-front 0.0072 711 555 738 630
track-sign-front 0.0046 1082 611 1108 635
track-sign-front 0.0021 1342 693 1394 741
track-sign-front 0.0020 948 590 980 624
track-sign-front 0.0020 942 593 971 616
track-sign-front 0.0019 851 581 880 606
track-sign-front 0.0018 1080 613 1102 653
track-sign-front 0.0016 979 600 999 629
track-sign-front 0.0016 848 569 870 613
track-sign-front 0.0015 1359 588 1394 689
track-sign-front 0.0011 894 588 915 629
track-sign-front 0.0010 938 587 965 609
track-sign-front 0.0010 894 577 918 606
pole 0.2823 733 477 760 632
pole 0.0886 723 527 746 625
pole 0.0490 767 540 793 614
pole 0.0321 784 559 800 605
pole 0.0290 717 454 752 662
pole 0.0281 751 495 775 622
pole 0.0152 722 473 775 650
pole 0.0150 724 574 743 632
pole 0.0137 794 499 814 616
pole 0.0107 703 459 735 656
pole 0.0059 728 579 752 656
pole 0.0057 778 576 796 613
pole 0.0044 688 372 725 687
pole 0.0038 712 527 737 664
pole 0.0026 779 500 821 614
pole 0.0024 767 580 800 648
pole 0.0023 705 508 746 681
pole 0.0021 803 483 815 602
pole 0.0020 680 493 709 656
pole 0.0015 752 535 802 623
pole 0.0014 732 512 801 686
pole 0.0010 778 592 806 642
