crossing 0.0154 1703 621 1907 653
crossing 0.0078 1641 622 1889 667
crossing 0.0073 1861 613 1923 640
crossing 0.0063 1572 594 1754 625
crossing 0.0054 1763 619 1909 645
crossing 0.0026 1595 601 1696 626
crossing 0.0024 1539 584 1867 641
crossing 0.0024 1640 637 1882 691
crossing 0.0024 1591 581 1828 620
crossing 0.0023 1648 602 1881 649
crossing 0.0019 1613 598 1714 620
crossing 0.0017 1793 622 1883 641
crossing 0.0017 1885 612 1920 659
crossing 0.0013 1596 566 1831 604
rail 0.8982 916 602 1919 1077
rail 0.5731 -20 598 1833 1078
rail 0.0285 1441 632 1911 1076
rail 0.0060 304 581 1889 894
rail 0.0050 76 388 1942 828
rail 0.0042 1244 572 1882 653
rail 0.0030 899 590 1890 751
rail 0.0023 933 561 1876 674
rail 0.0022 1887 563 1919 1068
rail 0.0012 1226 540 1894 613
rail 0.0012 1178 612 1740 695
rail 0.0012 594 633 1401 803
rail 0.0012 1505 599 1908 705
rail 0.0011 13 629 1090 971
track-sign-front 0.0152 1207 301 1234 333
track-sign-front 0.0096 1409 502 1431 560
track-sign-front 0.0027 1565 365 1594 430
track-sign-front 0.0010 1411 447 1433 522
track-sign-front 0.0010 1396 462 1436 561
track-signal-front 0.1225 1669 363 1691 409
track-signal-front 0.0244 1669 344 1694 395
track-signal-front 0.0144 1664 378 1694 417
track-signal-front 0.0102 1568 346 1590 378
track-signal-front 0.0044 1678 338 1697 362
track-signal-front 0.0019 1565 353 1593 427
track-signal-front 0.0011 1675 388 1719 425
track-signal-front 0.0011 1677 399 1699 437
track-signal-back 0.3338 1252 385 1287 416
track-signal-back 0.2700 1253 333 1284 385
track-signal-back 0.1467 1208 297 1241 331
track-signal-back 0.0859 1518 131 1549 197
track-signal-back 0.0682 1207 255 1258 332
track-signal-back 0.0205 1566 342 1592 406
track-signal-back 0.0141 1205 196 1266 324
track-signal-back 0.0062 1381 341 1419 417
track-signal-back 0.0059 1518 159 1545 197
track-signal-back 0.0054 1241 335 1290 402
track-signal-back 0.0043 1384 304 1419 506
track-signal-back 0.0026 1567 343 1587 371
track-signal-back 0.0023 1394 323 1423 456
track-signal-back 0.0022 1393 358 1425 421
track-signal-back 0.0021 1385 348 1416 385
track-signal-back 0.0020 1248 365 1293 419
track-signal-back 0.0019 1250 372 1279 432
track-signal-back 0.0018 1241 234 1292 471
track-signal-back 0.0016 1234 330 1275 386
track-signal-back 0.0014 1241 382 1270 419
track-signal-back 0.0012 1391 336 1424 383
track-signal-back 0.0011 1507 121 1555 212
track-signal-back 0.0010 1383 301 1419 382
person 0.5778 1765 449 1807 555
person 0.0144 1780 446 1822 548
person 0.0032 1775 413 1837 605
person 0.0023 1809 422 1825 509
person 0.0012 1775 434 1803 519
person 0.0012 1802 452 1829 551
pole 0.5556 1339 -6 1388 674
pole 0.3285 453 55 571 1066
pole 0.1922 1848 20 1888 630
pole 0.0396 1352 125 1407 697
pole 0.0245 1855 238 1889 582
pole 0.0236 1322 2 1416 694
pole 0.0088 1857 -2 1909 602
pole 0.0083 516 74 610 1045
pole 0.0048 485 198 565 911
pole 0.0033 1382 283 1417 568
pole 0.0018 1684 365 1703 557
pole 0.0016 1375 249 1404 567
pole 0.0012 1406 494 1437 571
pole 0.0010 1256 343 1278 577
pole 0.0010 1819 45 1927 581
pole 0.0010 1860 409 1898 601
