crossing 0.8207 953 730 1161 860
crossing 0.8068 458 718 734 827
crossing 0.0184 389 646 784 923
crossing 0.0093 968 821 1181 878
crossing 0.0071 441 776 655 832
crossing 0.0063 215 567 879 972
crossing 0.0037 1027 738 1143 848
crossing 0.0016 449 711 612 822
crossing 0.0013 840 571 1248 1014
crossing 0.0011 930 536 959 550
guard-rail 0.0086 1098 744 1151 842
rail 0.9746 948 540 1328 1077
rail 0.9707 0 545 941 1075
rail 0.0016 962 601 1216 945
switch-static 0.0012 575 668 612 702
track-sign-front 0.3038 1590 538 1610 748
track-sign-front 0.1562 473 635 487 679
track-sign-front 0.1317 1285 645 1301 741
track-sign-front 0.1296 1459 722 1477 849
track-sign-front 0.0729 589 568 607 598
track-sign-front 0.0504 1593 548 1607 681
track-sign-front 0.0408 1461 778 1477 879
track-sign-front 0.0383 1284 648 1300 698
track-sign-front 0.0116 1282 647 1309 755
track-sign-front 0.0096 1455 744 1483 881
track-sign-front 0.0094 1262 639 1302 660
track-sign-front 0.0092 225 673 235 761
track-sign-front 0.0090 475 633 489 724
track-sign-front 0.0087 473 631 489 659
track-sign-front 0.0064 620 646 638 665
track-sign-front 0.0063 3 665 28 783
track-sign-front 0.0040 1590 601 1614 792
track-sign-front 0.0032 466 631 493 703
track-sign-front 0.0030 12 687 30 789
track-sign-front 0.0028 582 657 622 682
track-sign-front 0.0024 1462 822 1477 877
track-sign-front 0.0024 1167 549 1182 605
track-sign-front 0.0023 586 539 605 597
track-sign-front 0.0023 1581 551 1605 740
track-sign-front 0.0022 1591 635 1607 747
track-sign-front 0.0020 581 665 607 687
track-sign-front 0.0019 225 688 241 751
track-sign-front 0.0019 1020 551 1053 582
track-sign-front 0.0016 1249 635 1291 657
track-sign-front 0.0014 1631 676 1649 758
track-sign-front 0.0014 1164 560 1181 630
track-sign-front 0.0012 828 476 842 535
track-sign-front 0.0011 1166 476 1183 631
track-sign-front 0.0011 2 669 23 744
track-sign-front 0.0011 615 643 639 671
track-sign-front 0.0010 1250 629 1309 652
track-sign-front 0.0010 1120 653 1142 681
track-sign-front 0.0010 1591 543 1631 763
track-sign-front 0.0010 1013 553 1040 586
track-signal-front 0.4566 1584 493 1652 537
track-signal-front 0.0243 1587 465 1643 532
track-signal-front 0.0144 1588 428 1616 543
track-signal-front 0.0076 1579 492 1622 543
track-signal-front 0.0037 1574 461 1660 580
track-signal-front 0.0021 1591 412 1611 514
