guard-rail 0.0010 982 476 1032 524
train-car 0.9207 1086 167 1914 1066
rail 0.9365 674 445 1057 1071
rail 0.5594 711 804 1062 1077
rail 0.0091 967 428 1016 453
rail 0.0072 1041 427 1098 469
rail 0.0049 770 595 1072 1015
rail 0.0030 1080 458 1729 1049
rail 0.0028 792 786 1065 960
rail 0.0023 1062 433 1096 467
rail 0.0021 837 812 1015 1057
rail 0.0016 960 416 1021 460
rail 0.0015 1002 434 1089 470
rail 0.0013 975 437 1037 469
rail 0.0010 978 427 1076 485
rail 0.0010 987 464 1038 503
switch-indicator 0.0040 965 430 1006 454
switch-indicator 0.0038 839 577 871 639
switch-left 0.2391 710 802 1067 1076
switch-left 0.0163 804 788 1065 950
switch-left 0.0031 810 893 1069 1071
switch-left 0.0028 861 802 1072 886
switch-left 0.0011 776 650 1068 981
switch-right 0.1907 716 799 1066 1081
switch-right 0.0202 807 787 1065 943
switch-unknown 0.0119 968 429 1015 450
switch-unknown 0.0025 988 467 1036 498
switch-unknown 0.0014 976 434 1036 464
switch-static 0.6187 1091 773 1238 860
switch-static 0.0591 1062 783 1189 853
switch-static 0.0319 1071 803 1138 858
switch-static 0.0237 1137 772 1249 833
switch-static 0.0025 1074 826 1118 865
switch-static 0.0019 1126 759 1295 856
switch-static 0.0017 1137 789 1248 869
switch-static 0.0011 1044 792 1232 912
switch-static 0.0010 1038 678 1290 946
switch-static 0.0010 1143 816 1221 873
track-sign-front 0.0106 963 425 1011 451
track-sign-front 0.0049 974 420 1029 451
track-sign-front 0.0034 859 424 884 478
track-sign-front 0.0029 860 426 882 455
track-sign-front 0.0021 870 452 897 544
track-sign-front 0.0021 1005 352 1021 375
track-sign-front 0.0021 867 428 890 527
track-sign-front 0.0018 849 425 875 456
track-sign-front 0.0017 972 406 1016 442
track-sign-front 0.0016 1017 421 1082 453
track-sign-front 0.0015 872 477 913 567
track-sign-front 0.0011 1010 345 1026 365
track-sign-front 0.0011 874 517 902 575
track-sign-front 0.0010 1070 456 1095 493
track-signal-front 0.0065 1010 352 1028 371
track-signal-front 0.0028 1014 351 1045 375
track-signal-front 0.0013 1005 352 1032 391
