crossing 0.5640 1408 492 1510 532
crossing 0.1668 1170 497 1296 526
crossing 0.1601 1386 519 1487 546
crossing 0.0773 1145 505 1280 537
crossing 0.0707 1438 488 1517 508
crossing 0.0560 1219 495 1339 523
crossing 0.0478 1442 491 1524 524
crossing 0.0386 1135 525 1215 545
crossing 0.0305 1429 500 1562 551
crossing 0.0173 1452 483 1533 501
crossing 0.0151 1376 502 1493 544
crossing 0.0150 1375 533 1458 551
crossing 0.0142 1453 505 1533 546
crossing 0.0078 1483 483 1558 518
crossing 0.0063 1157 489 1327 538
crossing 0.0051 1258 493 1393 521
crossing 0.0049 1014 545 1083 569
crossing 0.0045 1401 485 1516 516
crossing 0.0044 1486 479 1553 500
crossing 0.0043 1383 482 1519 556
crossing 0.0043 1098 513 1257 550
crossing 0.0042 1077 527 1204 555
crossing 0.0033 1147 521 1275 547
crossing 0.0030 1439 479 1546 506
crossing 0.0017 1393 485 1472 512
crossing 0.0017 1354 531 1414 552
crossing 0.0016 1266 505 1389 536
crossing 0.0015 1343 453 1559 590
crossing 0.0014 1421 491 1584 575
crossing 0.0011 1203 487 1394 535
crossing 0.0010 1364 489 1467 525
crossing 0.0010 929 546 1066 577
crossing 0.0010 1344 524 1415 546
crossing 0.0010 1172 503 1354 548
platform 0.0463 3 530 1136 698
platform 0.0129 -4 674 285 1083
platform 0.0093 163 503 1289 641
platform 0.0033 117 514 953 613
platform 0.0014 -32 407 1306 725
platform 0.0011 325 516 780 579
rail 0.8410 1096 451 1632 1076
rail 0.5253 -38 487 1609 740
rail 0.0138 40 455 1756 1017
rail 0.0031 253 495 1364 653
rail 0.0023 1479 479 1563 525
rail 0.0022 -11 565 955 764
rail 0.0017 7 533 1262 932
rail 0.0016 -34 626 495 810
rail 0.0015 1307 455 1883 1051
rail 0.0014 0 651 673 870
rail 0.0014 7 647 198 702
rail 0.0013 1269 477 1540 1054
rail 0.0010 -6 660 191 829
rail 0.0010 -4 665 171 727
rail 0.0010 31 635 594 750
switch-indicator 0.2762 1535 524 1606 575
switch-indicator 0.2623 1533 512 1561 568
switch-indicator 0.0748 1555 637 1598 665
switch-indicator 0.0424 1506 514 1561 564
switch-indicator 0.0376 1594 469 1608 498
switch-indicator 0.0085 1539 600 1612 659
switch-indicator 0.0055 1530 507 1557 543
switch-indicator 0.0045 864 552 881 583
switch-indicator 0.0043 1552 532 1671 577
switch-indicator 0.0035 1549 627 1609 673
switch-indicator 0.0028 1498 494 1640 585
switch-indicator 0.0021 1574 466 1626 504
switch-indicator 0.0017 1535 573 1639 640
switch-unknown 0.0014 1507 469 1581 499
switch-static 0.0777 1490 536 1532 563
switch-static 0.0562 1490 526 1549 571
switch-static 0.0451 1554 636 1601 665
switch-static 0.0282 1506 518 1575 568
switch-static 0.0152 1533 509 1558 540
switch-static 0.0119 1499 537 1539 574
switch-static 0.0056 1051 553 1080 572
switch-static 0.0040 1553 531 1670 577
switch-static 0.0026 1508 512 1622 591
switch-static 0.0021 1040 545 1096 573
switch-static 0.0015 1059 552 1103 572
switch-static 0.0010 1339 530 1383 549
track-sign-front 0.1241 1128 418 1168 451
track-sign-front 0.0184 1071 405 1096 445
track-sign-front 0.0060 1681 343 1718 386
track-sign-front 0.0059 1063 386 1094 468
track-sign-front 0.0043 1689 330 1725 379
track-sign-front 0.0022 858 553 880 587
track-sign-front 0.0020 1072 392 1093 507
track-sign-front 0.0019 1349 401 1382 424
track-sign-front 0.0017 1452 421 1467 441
track-sign-front 0.0016 1687 348 1720 409
track-sign-front 0.0016 1088 412 1134 454
track-sign-front 0.0015 1683 331 1711 429
track-sign-front 0.0013 1697 299 1725 401
track-sign-front 0.0010 1133 454 1152 526
track-sign-front 0.0010 1241 456 1277 511
track-signal-front 0.0492 1064 340 1090 371
track-signal-front 0.0088 1555 355 1577 371
track-signal-front 0.0062 1058 306 1090 402
track-signal-front 0.0051 1503 366 1521 390
track-signal-front 0.0023 1065 341 1096 420
track-signal-front 0.0022 1562 352 1588 374
track-signal-front 0.0015 1252 450 1268 475
track-signal-front 0.0011 1410 333 1436 367
track-signal-front 0.0010 1386 332 1419 370
fence 0.3670 1 677 296 1058
person 0.4481 481 481 519 560
person 0.1142 1884 505 1919 582
person 0.0058 468 487 505 561
person 0.0022 493 484 547 560
person 0.0020 1865 508 1910 591
person 0.0018 557 461 589 541
person 0.0010 1888 478 1921 562
pole 0.4797 1679 7 1723 627
pole 0.4732 1041 188 1091 571
pole 0.1426 1630 219 1647 467
pole 0.0915 1059 283 1100 572
pole 0.0439 1030 207 1059 551
pole 0.0291 1656 125 1717 579
pole 0.0089 1021 177 1121 548
pole 0.0057 1632 341 1647 470
pole 0.0053 1049 322 1086 572
pole 0.0041 1062 353 1125 491
pole 0.0037 1059 375 1078 565
pole 0.0029 1661 26 1753 602
pole 0.0027 1632 271 1643 421
pole 0.0022 1632 209 1672 504
pole 0.0015 1626 279 1653 483
pole 0.0013 1671 206 1734 596
pole 0.0013 1063 387 1087 563
pole 0.0012 1607 224 1658 495
rail-occluder 0.4989 0 676 291 1054
rail-occluder 0.1492 1592 465 1607 490
rail-occluder 0.0247 0 679 269 881
rail-occluder 0.0059 865 552 881 585
rail-occluder 0.0041 310 631 323 706
rail-occluder 0.0035 1587 464 1614 493
rail-occluder 0.0019 302 636 327 708
rail-occluder 0.0019 2 683 260 785
rail-occluder 0.0018 308 626 322 678
rail-occluder 0.0013 1587 438 1631 494
