crossing 0.0580 1091 776 1223 810
crossing 0.0243 1152 604 1204 630
crossing 0.0129 1140 639 1206 669
crossing 0.0114 1132 652 1210 681
crossing 0.0079 1156 591 1204 623
crossing 0.0074 1097 760 1224 800
crossing 0.0066 1057 585 1121 608
crossing 0.0040 1077 576 1142 612
crossing 0.0039 1111 583 1163 616
crossing 0.0033 1022 580 1109 606
crossing 0.0016 1102 722 1223 772
crossing 0.0013 1118 600 1156 622
crossing 0.0010 1069 783 1226 836
guard-rail 0.0068 986 663 1044 688
guard-rail 0.0014 739 793 887 881
platform 0.9375 1245 633 1914 1078
platform 0.0014 1449 722 1672 1000
rail 0.9504 1009 594 1281 1075
rail 0.8056 619 870 1147 1076
rail 0.8031 263 593 1134 1078
rail 0.3413 192 857 1018 1078
rail 0.0608 612 730 1027 939
rail 0.0535 604 689 1152 1101
rail 0.0117 389 642 643 1075
rail 0.0103 580 875 891 1077
rail 0.0097 404 667 965 1023
rail 0.0092 703 780 926 894
rail 0.0084 628 836 1517 1073
rail 0.0052 1009 567 1108 600
rail 0.0040 1156 589 1204 625
rail 0.0032 176 583 746 1088
rail 0.0031 262 951 915 1081
rail 0.0029 1140 586 1208 642
rail 0.0026 1054 570 1131 603
rail 0.0025 856 894 1178 1076
rail 0.0023 1089 567 1143 597
rail 0.0023 731 897 1045 1059
rail 0.0022 647 659 1051 885
rail 0.0020 1106 568 1166 597
rail 0.0019 515 713 779 987
rail 0.0018 898 592 1187 1093
rail 0.0018 574 755 912 1004
rail 0.0017 277 706 589 1078
rail 0.0017 739 986 1204 1081
rail 0.0016 822 953 1388 1077
rail 0.0016 -39 892 771 1080
rail 0.0015 965 867 1595 1075
rail 0.0014 1579 666 1926 845
rail 0.0013 1129 631 1212 681
rail 0.0013 1505 628 1908 791
rail 0.0013 370 568 1025 919
rail 0.0012 537 989 1048 1080
rail 0.0012 999 648 1144 692
rail 0.0011 1128 569 1192 602
rail 0.0011 1113 584 1165 614
rail 0.0011 1065 641 1208 693
switch-left 0.0114 894 684 1011 737
switch-left 0.0084 977 650 1084 691
switch-left 0.0065 677 816 893 904
switch-left 0.0048 862 727 963 781
switch-left 0.0045 980 663 1047 689
switch-left 0.0041 800 692 992 793
switch-left 0.0033 602 791 882 961
switch-left 0.0023 755 742 856 779
switch-left 0.0022 1001 1034 1140 1077
switch-left 0.0021 834 747 950 806
switch-left 0.0015 771 735 994 872
switch-left 0.0014 1121 665 1207 710
switch-left 0.0014 627 989 881 1071
switch-left 0.0013 949 654 1067 708
switch-left 0.0012 996 639 1118 694
switch-left 0.0012 666 797 792 864
switch-left 0.0010 870 657 1088 767
switch-right 0.0602 812 725 981 787
switch-right 0.0564 642 806 890 898
switch-right 0.0404 878 705 990 754
switch-right 0.0196 970 660 1050 690
switch-right 0.0141 748 730 946 801
switch-right 0.0128 762 727 902 768
switch-right 0.0126 892 680 998 719
switch-right 0.0117 828 712 974 766
switch-right 0.0107 984 650 1084 691
switch-right 0.0103 1130 651 1213 680
switch-right 0.0095 854 731 964 777
switch-right 0.0078 732 739 872 782
switch-right 0.0066 792 714 909 755
switch-right 0.0065 571 745 959 950
switch-right 0.0060 908 690 1016 734
switch-right 0.0055 723 779 926 862
switch-right 0.0051 943 668 1037 700
switch-right 0.0047 756 755 952 833
switch-right 0.0045 599 804 765 867
switch-right 0.0034 712 751 961 888
switch-right 0.0033 1119 663 1218 706
switch-right 0.0030 729 680 1065 853
switch-right 0.0027 923 676 1025 715
switch-right 0.0025 828 745 955 807
switch-right 0.0022 639 795 780 853
switch-right 0.0021 588 775 793 889
switch-right 0.0021 846 697 960 743
switch-right 0.0019 681 764 836 818
switch-right 0.0017 892 674 965 704
switch-right 0.0016 706 746 862 798
switch-right 0.0016 677 779 821 849
switch-right 0.0013 821 705 925 747
switch-right 0.0011 863 684 956 721
switch-right 0.0010 687 803 832 877
switch-unknown 0.0438 987 654 1060 684
switch-unknown 0.0243 1014 651 1125 680
switch-unknown 0.0171 998 644 1084 677
switch-unknown 0.0044 1007 626 1090 660
switch-unknown 0.0033 1091 565 1140 596
switch-unknown 0.0033 1107 565 1163 596
switch-unknown 0.0031 1028 614 1104 654
switch-unknown 0.0029 1010 568 1103 600
switch-unknown 0.0025 1058 568 1131 604
switch-unknown 0.0024 1057 582 1120 609
switch-unknown 0.0021 1049 598 1117 632
switch-unknown 0.0017 818 719 919 761
switch-unknown 0.0016 923 667 1029 703
switch-unknown 0.0010 1131 565 1187 602
switch-unknown 0.0010 1021 578 1113 607
track-sign-front 0.2705 1259 317 1279 343
track-sign-front 0.0161 1226 571 1263 600
track-sign-front 0.0061 1260 324 1279 360
track-sign-front 0.0033 1165 469 1181 497
track-sign-front 0.0023 947 433 967 466
track-sign-front 0.0022 1005 486 1022 582
track-sign-front 0.0017 1004 488 1021 526
track-sign-front 0.0012 1184 347 1206 376
track-signal-front 0.0040 948 434 968 464
track-signal-front 0.0012 1069 314 1115 360
track-signal-back 0.2026 1258 318 1279 342
car 0.7017 433 632 662 798
car 0.0634 197 602 893 1039
car 0.0486 408 603 637 1052
car 0.0310 1224 569 1264 601
car 0.0027 304 586 855 848
car 0.0012 588 596 820 728
person 0.7369 1343 560 1398 731
person 0.5688 1406 555 1464 728
person 0.2130 448 613 634 1073
person 0.0438 1224 569 1263 602
person 0.0419 1329 557 1376 703
person 0.0328 1355 552 1394 682
person 0.0264 1362 554 1417 707
person 0.0151 1417 563 1479 779
person 0.0101 1322 569 1356 657
person 0.0092 1357 563 1473 743
person 0.0077 1409 554 1456 652
person 0.0046 383 578 405 628
person 0.0041 1218 563 1268 616
person 0.0031 395 649 556 1077
person 0.0028 606 523 629 582
person 0.0023 1359 559 1387 612
person 0.0023 1442 547 1501 776
person 0.0022 1303 569 1432 725
person 0.0022 1351 564 1381 601
person 0.0018 1365 598 1431 730
person 0.0013 1445 581 1481 719
person 0.0012 1277 574 1302 631
person 0.0012 1278 565 1317 641
person 0.0012 1890 745 1920 858
person 0.0011 0 775 33 1091
person 0.0011 1311 562 1357 628
person 0.0011 800 499 838 599
person 0.0010 376 556 415 630
pole 0.0254 483 626 641 1069
pole 0.0027 1006 504 1022 606
rail-occluder 0.0551 429 611 641 1070
rail-occluder 0.0125 1010 573 1038 602
rail-occluder 0.0097 1009 570 1082 601
rail-occluder 0.0016 1893 744 1918 848
