guard-rail 0.0022 1521 884 1765 938
guard-rail 0.0011 1494 880 1837 976
guard-rail 0.0011 1478 856 1571 892
train-car 0.0022 817 713 852 749
rail 0.8707 315 760 824 1076
rail 0.8515 922 763 1918 1078
rail 0.8213 716 757 1178 1078
rail 0.7640 1 769 762 1044
rail 0.6789 1068 761 1914 869
rail 0.3095 0 804 601 946
rail 0.1393 1461 771 1914 825
rail 0.0439 1344 806 1925 934
rail 0.0299 1264 833 1919 1069
rail 0.0286 742 766 800 790
rail 0.0279 709 767 768 792
rail 0.0277 4 843 372 946
rail 0.0273 1655 779 1912 815
rail 0.0190 1174 758 1880 823
rail 0.0142 1470 782 1917 871
rail 0.0131 1481 648 1824 819
rail 0.0112 1476 868 1911 958
rail 0.0101 1687 789 1925 829
rail 0.0095 681 770 747 797
rail 0.0090 821 747 1593 844
rail 0.0090 1 867 249 969
rail 0.0081 1296 730 1934 845
rail 0.0081 726 752 785 777
rail 0.0071 687 761 802 807
rail 0.0069 7 839 224 905
rail 0.0052 105 785 726 902
rail 0.0051 969 819 1599 1022
rail 0.0048 936 758 1412 830
rail 0.0048 736 749 817 778
rail 0.0047 1607 764 1923 804
rail 0.0046 752 763 831 791
rail 0.0046 1007 755 1638 816
rail 0.0045 787 747 1895 910
rail 0.0044 706 751 765 776
rail 0.0043 289 815 573 881
rail 0.0032 1120 701 1688 836
rail 0.0028 4 840 441 1020
rail 0.0027 1605 789 1912 852
rail 0.0026 0 894 148 966
rail 0.0025 7 856 152 934
rail 0.0024 517 745 775 1078
rail 0.0020 664 757 708 794
rail 0.0020 769 753 1224 914
rail 0.0020 1358 824 1594 893
rail 0.0019 740 769 834 815
rail 0.0017 0 892 184 1019
rail 0.0016 1697 807 1920 859
rail 0.0016 1240 666 1576 825
rail 0.0015 1774 783 1933 815
rail 0.0014 886 755 1274 811
rail 0.0013 1462 815 1605 879
rail 0.0012 0 901 86 978
rail 0.0012 1090 650 1891 876
rail 0.0012 901 763 1452 895
rail 0.0012 1677 738 1907 844
rail 0.0011 1417 830 1539 891
rail 0.0010 739 714 851 812
rail 0.0010 1475 915 1890 1076
switch-indicator 0.2351 424 825 447 860
switch-indicator 0.0200 462 829 482 856
switch-indicator 0.0069 420 822 463 869
switch-indicator 0.0036 422 823 442 849
switch-indicator 0.0033 114 819 134 853
switch-indicator 0.0020 100 818 132 859
switch-left 0.0011 1449 853 1554 889
switch-unknown 0.1727 728 774 786 795
switch-unknown 0.1678 706 775 764 795
switch-unknown 0.1019 712 767 766 789
switch-unknown 0.0992 674 774 745 796
switch-unknown 0.0563 742 766 797 787
switch-unknown 0.0248 766 784 817 811
switch-unknown 0.0198 657 773 727 802
switch-unknown 0.0181 735 753 774 774
switch-unknown 0.0178 738 771 807 799
switch-unknown 0.0151 781 797 821 819
switch-unknown 0.0095 711 749 759 775
switch-unknown 0.0042 752 759 828 793
switch-unknown 0.0035 733 783 782 812
switch-unknown 0.0034 745 745 806 777
switch-unknown 0.0031 649 786 717 817
switch-unknown 0.0020 448 835 530 876
switch-unknown 0.0010 784 771 843 825
switch-static 0.3568 1313 981 1438 1041
switch-static 0.0507 1089 807 1131 827
switch-static 0.0404 1073 802 1127 824
switch-static 0.0314 1052 795 1084 816
switch-static 0.0285 1277 798 1337 818
switch-static 0.0275 1465 849 1535 873
switch-static 0.0272 1215 909 1347 959
switch-static 0.0151 1098 811 1133 833
switch-static 0.0143 1080 886 1494 982
switch-static 0.0098 1246 923 1485 1033
switch-static 0.0091 1064 799 1107 819
switch-static 0.0055 1224 900 1381 976
switch-static 0.0035 1030 788 1075 808
switch-static 0.0033 1261 951 1445 1058
switch-static 0.0033 1037 834 1584 1020
switch-static 0.0029 1422 838 1530 867
switch-static 0.0028 1307 968 1520 1048
switch-static 0.0027 1474 836 1558 867
switch-static 0.0025 1038 794 1078 817
switch-static 0.0022 1353 819 1401 844
switch-static 0.0019 1256 797 1321 816
switch-static 0.0019 1266 936 1626 1054
switch-static 0.0017 1283 933 1434 1003
switch-static 0.0015 1235 919 1329 968
switch-static 0.0014 1267 793 1384 817
switch-static 0.0014 1172 870 1562 1062
switch-static 0.0013 1459 855 1541 885
switch-static 0.0012 1301 1003 1453 1076
switch-static 0.0012 1101 814 1163 856
switch-static 0.0011 1009 783 1092 808
track-sign-front 0.6933 468 295 520 350
track-sign-front 0.2570 40 828 79 867
track-sign-front 0.1933 1394 667 1409 813
track-sign-front 0.1376 834 722 851 752
track-sign-front 0.1326 592 593 616 874
track-sign-front 0.1214 582 554 622 1014
track-sign-front 0.0565 916 724 932 747
track-sign-front 0.0429 1647 667 1665 808
track-sign-front 0.0424 594 656 614 800
track-sign-front 0.0350 212 712 226 736
track-sign-front 0.0300 829 812 849 848
track-sign-front 0.0240 152 774 168 826
track-sign-front 0.0214 1784 629 1799 660
track-sign-front 0.0172 1648 721 1662 801
track-sign-front 0.0167 1391 641 1407 759
track-sign-front 0.0157 669 728 682 771
track-sign-front 0.0146 498 774 514 793
track-sign-front 0.0125 1395 736 1407 817
track-sign-front 0.0119 1612 514 1637 538
track-sign-front 0.0116 1398 714 1413 817
track-sign-front 0.0097 1641 634 1663 775
track-sign-front 0.0084 877 753 888 775
track-sign-front 0.0080 461 270 527 365
track-sign-front 0.0075 1774 622 1800 669
track-sign-front 0.0071 835 732 849 770
track-sign-front 0.0068 151 768 168 798
track-sign-front 0.0058 794 800 853 840
track-sign-front 0.0057 662 744 701 800
track-sign-front 0.0055 588 703 617 936
track-sign-front 0.0050 1382 671 1420 837
track-sign-front 0.0042 594 792 621 1078
track-sign-front 0.0040 665 716 685 778
track-sign-front 0.0038 364 783 374 809
track-sign-front 0.0038 870 710 893 781
track-sign-front 0.0034 586 771 620 868
track-sign-front 0.0033 1393 776 1406 834
track-sign-front 0.0033 1398 649 1415 752
track-sign-front 0.0030 211 684 227 737
track-sign-front 0.0028 115 803 134 847
track-sign-front 0.0024 872 747 904 788
track-sign-front 0.0024 876 700 936 786
track-sign-front 0.0017 577 749 629 889
track-sign-front 0.0016 1771 595 1802 679
track-sign-front 0.0016 600 681 629 802
track-sign-front 0.0016 209 716 224 747
track-sign-front 0.0016 824 821 847 890
track-sign-front 0.0015 362 783 376 832
track-sign-front 0.0013 589 692 613 833
track-sign-front 0.0012 570 292 616 709
track-sign-front 0.0012 1781 600 1804 660
track-sign-front 0.0011 207 711 234 739
track-sign-front 0.0011 409 241 543 395
track-sign-front 0.0011 363 752 375 817
track-sign-front 0.0010 108 801 130 855
track-sign-front 0.0010 352 775 375 813
track-signal-front 0.8408 424 3 558 301
track-signal-front 0.8154 1362 526 1394 613
track-signal-front 0.8040 1609 516 1642 602
track-signal-front 0.7442 565 496 623 582
track-signal-front 0.7022 272 588 306 635
track-signal-front 0.2259 1384 631 1410 676
track-signal-front 0.1828 1382 612 1410 639
track-signal-front 0.1481 1630 598 1666 624
track-signal-front 0.0929 115 736 131 763
track-signal-front 0.0720 1389 646 1407 676
track-signal-front 0.0478 834 721 851 749
track-signal-front 0.0128 1387 610 1424 637
track-signal-front 0.0124 116 728 134 753
track-signal-front 0.0124 1612 515 1644 559
track-signal-front 0.0112 820 707 851 753
track-signal-front 0.0097 1619 495 1662 748
track-signal-front 0.0091 1611 558 1642 614
track-signal-front 0.0086 561 387 642 719
track-signal-front 0.0082 1371 521 1406 710
track-signal-front 0.0044 568 446 635 618
track-signal-front 0.0039 1373 570 1408 639
track-signal-front 0.0036 277 635 305 677
track-signal-front 0.0034 110 733 138 766
track-signal-front 0.0031 1393 644 1418 692
track-signal-front 0.0028 1386 567 1425 726
track-signal-front 0.0024 1639 630 1663 677
track-signal-front 0.0022 1603 510 1652 634
track-signal-front 0.0022 1387 620 1425 676
track-signal-front 0.0022 1627 532 1673 606
track-signal-front 0.0014 117 732 152 759
track-signal-front 0.0013 1617 595 1657 626
track-signal-front 0.0011 582 493 645 577
track-signal-front 0.0011 265 536 315 697
track-signal-back 0.0031 1637 630 1663 691
pole 0.5657 799 295 836 921
pole 0.4709 1641 606 1667 823
pole 0.4422 278 634 301 894
pole 0.4317 582 517 622 1070
pole 0.3845 1393 643 1410 826
pole 0.3115 1764 428 1797 815
pole 0.2790 551 198 637 1067
pole 0.1799 1386 591 1414 839
pole 0.1341 669 598 686 785
pole 0.0940 915 586 932 777
pole 0.0782 923 600 946 782
pole 0.0780 1629 513 1669 826
pole 0.0605 661 581 683 791
pole 0.0594 986 635 1000 772
pole 0.0491 874 591 904 787
pole 0.0449 630 505 648 802
pole 0.0389 1112 475 1133 778
pole 0.0379 877 633 890 773
pole 0.0271 263 621 313 902
pole 0.0262 875 551 893 811
pole 0.0248 678 596 710 788
pole 0.0230 593 401 641 909
pole 0.0216 282 642 323 886
pole 0.0216 557 643 640 1071
pole 0.0208 965 609 996 781
pole 0.0198 644 571 676 794
pole 0.0188 1484 529 1504 778
pole 0.0159 793 365 854 991
pole 0.0158 1554 637 1751 828
pole 0.0124 201 479 225 814
pole 0.0117 1380 587 1412 737
pole 0.0113 563 -17 621 907
pole 0.0107 221 646 365 910
pole 0.0106 914 717 933 755
pole 0.0101 1119 490 1137 795
pole 0.0093 708 599 734 791
pole 0.0091 511 31 659 1123
pole 0.0082 1646 713 1663 810
pole 0.0079 1779 477 1804 778
pole 0.0078 283 739 300 873
pole 0.0072 1771 516 1794 785
pole 0.0071 911 590 957 794
pole 0.0068 797 521 815 821
pole 0.0068 1396 695 1414 830
pole 0.0062 800 455 823 799
pole 0.0060 588 633 616 935
pole 0.0060 271 694 297 932
pole 0.0057 1616 606 1662 827
pole 0.0052 719 558 738 804
pole 0.0050 1349 582 1374 813
pole 0.0049 1776 552 1799 741
pole 0.0049 807 505 835 827
pole 0.0049 570 134 611 738
pole 0.0045 1373 595 1427 844
pole 0.0044 569 544 617 878
pole 0.0043 1638 624 1662 733
pole 0.0042 599 591 629 836
pole 0.0040 9 140 127 975
pole 0.0038 1616 704 1668 857
pole 0.0036 940 607 995 793
pole 0.0036 977 624 1008 778
pole 0.0035 1774 618 1796 818
pole 0.0035 871 564 942 835
pole 0.0034 822 709 850 751
pole 0.0034 815 321 888 916
pole 0.0032 869 644 922 779
pole 0.0031 481 623 673 1116
pole 0.0030 282 683 297 832
pole 0.0030 684 639 725 781
pole 0.0029 236 625 293 910
pole 0.0028 632 452 650 710
pole 0.0027 738 629 762 771
pole 0.0026 872 495 888 779
pole 0.0026 821 489 847 811
pole 0.0026 570 470 654 850
pole 0.0026 1210 634 1226 759
pole 0.0024 493 578 513 812
pole 0.0024 836 459 911 891
pole 0.0024 989 640 1012 759
pole 0.0023 811 546 854 952
pole 0.0020 1772 418 1840 819
pole 0.0020 630 606 645 751
pole 0.0019 601 506 636 804
pole 0.0018 1063 613 1081 771
pole 0.0018 1418 538 1497 852
pole 0.0017 764 335 880 969
pole 0.0017 1610 713 1742 856
pole 0.0017 1278 644 1537 843
pole 0.0017 1488 627 1504 765
pole 0.0016 633 556 646 650
pole 0.0016 1489 551 1519 788
pole 0.0015 761 641 843 870
pole 0.0015 622 563 653 793
pole 0.0015 779 533 806 817
pole 0.0015 703 642 749 784
pole 0.0014 1093 487 1117 760
pole 0.0014 808 744 849 876
pole 0.0014 268 759 297 878
pole 0.0013 831 596 867 809
pole 0.0013 1373 716 1443 862
pole 0.0013 805 390 829 718
pole 0.0013 344 539 380 879
pole 0.0012 882 682 935 806
pole 0.0012 793 625 820 767
pole 0.0012 411 0 604 1038
pole 0.0011 1609 508 1659 796
pole 0.0011 871 695 889 795
pole 0.0011 875 481 912 779
pole 0.0010 352 522 372 824
pole 0.0010 872 600 888 707
pole 0.0010 735 547 764 812
pole 0.0010 803 841 819 935
pole 0.0010 1728 414 1795 782
rail-occluder 0.1530 423 826 450 862
rail-occluder 0.0894 967 750 988 773
rail-occluder 0.0557 434 825 473 861
rail-occluder 0.0257 455 828 482 863
rail-occluder 0.0199 973 748 991 769
rail-occluder 0.0156 916 725 938 763
rail-occluder 0.0088 1219 744 1238 766
rail-occluder 0.0066 414 822 453 886
rail-occluder 0.0049 1216 742 1230 761
rail-occluder 0.0020 952 760 990 791
rail-occluder 0.0020 260 821 282 859
rail-occluder 0.0019 925 741 985 798
rail-occluder 0.0017 254 838 288 891
rail-occluder 0.0016 652 778 702 806
rail-occluder 0.0014 835 727 850 777
rail-occluder 0.0014 1229 751 1260 776
rail-occluder 0.0013 666 748 703 799
rail-occluder 0.0010 874 750 889 782
