rail 0.9564 932 565 1196 1076
rail 0.9465 199 566 963 1077
rail 0.9149 986 560 1922 1064
rail 0.0947 1085 577 1920 850
rail 0.0106 1027 566 1235 640
rail 0.0071 1041 544 1148 673
rail 0.0046 1223 602 1908 716
rail 0.0034 1083 585 1273 633
rail 0.0033 995 566 1100 620
rail 0.0030 1090 555 1172 646
rail 0.0029 1009 536 1090 628
rail 0.0018 993 573 1054 604
rail 0.0015 1019 572 1359 687
rail 0.0015 1014 558 1113 660
rail 0.0013 1126 586 1198 626
switch-indicator 0.0042 1277 618 1292 636
switch-indicator 0.0012 1265 620 1290 638
switch-unknown 0.0017 1011 569 1079 615
switch-unknown 0.0015 1109 592 1174 637
switch-unknown 0.0010 955 559 993 581
track-sign-front 0.5601 1079 581 1097 604
track-sign-front 0.2136 1078 557 1098 621
track-sign-front 0.0466 1114 547 1127 604
track-sign-front 0.0384 1117 501 1129 608
track-sign-front 0.0248 919 556 932 572
track-sign-front 0.0185 1108 522 1130 627
track-sign-front 0.0151 1074 541 1103 638
track-sign-front 0.0132 1266 565 1311 593
track-sign-front 0.0118 1274 578 1298 617
track-sign-front 0.0067 1071 577 1104 614
track-sign-front 0.0046 1279 617 1295 639
track-sign-front 0.0036 1339 567 1359 590
track-sign-front 0.0031 815 574 832 609
track-sign-front 0.0028 1317 568 1359 593
track-sign-front 0.0028 924 556 966 578
track-sign-front 0.0024 1276 571 1306 598
track-sign-front 0.0023 1083 648 1097 683
track-sign-front 0.0021 1262 546 1304 592
track-sign-front 0.0011 922 530 966 583
track-signal-front 0.5045 1073 463 1102 501
track-signal-front 0.0241 1074 473 1098 515
track-signal-front 0.0072 1039 457 1057 478
track-signal-front 0.0062 1037 458 1054 497
track-signal-front 0.0018 1062 460 1115 511
track-signal-front 0.0013 1074 474 1119 521
track-signal-front 0.0013 1058 461 1105 486
pole 0.2224 1071 463 1103 689
pole 0.1358 1078 561 1096 684
pole 0.0654 1072 460 1102 512
pole 0.0625 1080 496 1096 628
pole 0.0384 1106 479 1128 674
pole 0.0339 1115 477 1131 632
pole 0.0278 1028 461 1045 589
pole 0.0201 1016 463 1038 597
pole 0.0155 1004 483 1035 601
pole 0.0148 1112 537 1129 617
pole 0.0135 1056 471 1119 686
pole 0.0119 1080 530 1107 663
pole 0.0105 1040 448 1097 680
pole 0.0084 982 492 1013 598
pole 0.0065 1071 435 1103 589
pole 0.0064 1074 542 1123 697
pole 0.0041 1463 230 1529 639
pole 0.0037 1022 483 1052 608
pole 0.0025 1117 482 1137 589
pole 0.0023 955 522 987 589
pole 0.0022 1088 489 1142 670
pole 0.0020 1025 541 1107 673
pole 0.0020 1102 558 1163 637
pole 0.0017 1019 452 1067 592
pole 0.0017 975 554 1021 589
pole 0.0016 1108 499 1136 612
pole 0.0016 1084 596 1109 683
pole 0.0016 996 552 1040 602
pole 0.0016 964 482 986 593
pole 0.0015 1015 538 1075 618
pole 0.0013 1436 207 1562 630
pole 0.0010 1093 532 1150 625
rail-occluder 0.0042 1007 575 1035 602
rail-occluder 0.0011 1075 649 1095 685
