guard-rail 0.0151 881 565 943 597
guard-rail 0.0034 929 545 989 585
rail 0.9714 4 515 1010 1078
rail 0.9669 1016 506 1335 1076
rail 0.4111 1691 523 1932 577
rail 0.0674 1636 507 1904 555
rail 0.0609 974 512 1049 538
rail 0.0542 1685 510 1924 624
rail 0.0515 961 512 1028 550
rail 0.0364 1754 511 1941 564
rail 0.0363 951 519 1013 556
rail 0.0282 935 515 1040 567
rail 0.0199 1615 532 1921 660
rail 0.0193 973 508 1021 534
rail 0.0184 1501 511 1926 593
rail 0.0146 896 527 1014 588
rail 0.0131 1730 504 1930 542
rail 0.0113 920 536 991 585
rail 0.0106 1772 533 1928 602
rail 0.0100 1734 531 1890 571
rail 0.0089 1598 565 1920 728
rail 0.0087 1012 508 1064 541
rail 0.0058 1739 589 1921 717
rail 0.0053 925 524 997 562
rail 0.0047 895 551 970 588
rail 0.0047 1431 543 1902 759
rail 0.0042 1035 514 1071 547
rail 0.0037 1574 519 1868 574
rail 0.0033 1776 545 1927 645
rail 0.0031 1805 521 1903 569
rail 0.0029 1830 508 1932 585
rail 0.0029 1841 546 1920 653
rail 0.0026 1766 626 1923 762
rail 0.0024 1829 620 1922 712
rail 0.0022 1767 516 1855 555
rail 0.0019 958 488 1006 538
rail 0.0019 1346 509 1912 657
rail 0.0019 27 717 696 1073
rail 0.0019 1843 638 1920 757
rail 0.0016 889 501 1053 609
rail 0.0015 1694 477 1913 543
rail 0.0015 1679 509 1812 551
rail 0.0015 1857 519 1911 619
rail 0.0015 1683 604 1921 792
rail 0.0014 1761 483 1964 556
rail 0.0011 1879 536 1920 617
rail 0.0011 1601 598 1909 887
rail 0.0011 1722 524 1806 567
rail 0.0010 1849 629 1918 685
switch-indicator 0.0994 959 606 979 633
switch-indicator 0.0028 951 599 982 635
switch-left 0.0144 907 554 975 588
switch-left 0.0027 881 566 953 597
switch-left 0.0025 927 545 991 584
switch-right 0.0146 910 555 972 588
switch-right 0.0011 1039 529 1074 561
switch-unknown 0.0213 955 520 1020 554
switch-unknown 0.0175 936 530 1004 563
switch-unknown 0.0161 1018 510 1064 539
switch-unknown 0.0104 924 541 985 580
switch-unknown 0.0058 1036 515 1067 544
switch-unknown 0.0048 1038 526 1069 552
switch-unknown 0.0042 897 553 965 586
switch-static 0.0041 951 601 985 660
switch-static 0.0040 919 640 983 667
switch-static 0.0025 925 566 976 608
switch-static 0.0017 1171 689 1242 715
switch-static 0.0016 899 550 987 603
track-sign-front 0.7749 1382 522 1424 573
track-sign-front 0.0354 865 524 878 547
track-sign-front 0.0090 864 533 876 556
track-sign-front 0.0072 862 499 881 545
track-sign-front 0.0032 1118 486 1134 522
track-sign-front 0.0023 1363 475 1442 607
track-sign-front 0.0022 869 513 889 545
track-sign-front 0.0019 1387 498 1418 537
track-sign-front 0.0012 0 674 14 737
track-sign-front 0.0011 1326 528 1519 583
track-signal-back 0.0602 977 438 990 467
track-signal-back 0.0032 971 432 992 516
pole 0.1999 1876 312 1898 567
pole 0.0311 1880 485 1890 573
pole 0.0136 1876 408 1894 612
pole 0.0111 1877 466 1892 559
pole 0.0088 1869 321 1891 585
pole 0.0078 1872 493 1898 593
pole 0.0074 1874 163 1908 575
pole 0.0063 1860 307 1912 574
pole 0.0047 1878 471 1908 580
pole 0.0044 1877 383 1892 531
pole 0.0031 1854 464 1904 591
pole 0.0024 1865 34 1919 615
pole 0.0021 1879 383 1907 527
pole 0.0015 1861 513 1915 621
pole 0.0013 1844 94 1903 553
pole 0.0011 971 438 993 515
pole 0.0011 1812 435 1918 598
pole 0.0010 1880 349 1895 494
rail-occluder 0.0106 1782 537 1836 566
rail-occluder 0.0076 1788 546 1827 569
rail-occluder 0.0028 1775 542 1817 577
rail-occluder 0.0021 1624 489 1708 563
rail-occluder 0.0020 1455 485 1872 573
rail-occluder 0.0012 1661 502 1711 561
rail-occluder 0.0011 1676 507 1761 552
rail-occluder 0.0010 1585 500 1782 561
rail-occluder 0.0010 1886 525 1920 621
