crossing 0.0023 880 696 977 728
crossing 0.0018 1613 789 1921 1047
crossing 0.0014 1748 805 1921 1031
guard-rail 0.0050 881 707 1027 814
guard-rail 0.0046 914 706 999 779
guard-rail 0.0041 944 702 985 754
guard-rail 0.0024 967 716 1013 812
guard-rail 0.0019 946 712 1034 820
guard-rail 0.0017 961 705 1033 774
rail 0.8994 807 543 1158 1077
rail 0.7443 864 718 1071 1076
rail 0.0089 939 559 1149 1002
rail 0.0049 967 732 1064 1076
rail 0.0011 859 741 946 1077
switch-indicator 0.4764 786 646 811 692
switch-indicator 0.0196 752 679 771 717
switch-indicator 0.0079 1027 637 1049 674
switch-indicator 0.0034 773 641 829 697
switch-indicator 0.0024 746 679 778 728
switch-indicator 0.0015 766 647 799 707
switch-indicator 0.0014 756 675 793 735
switch-left 0.2123 869 707 999 778
switch-left 0.0055 862 719 1022 839
switch-left 0.0053 932 701 1061 758
switch-left 0.0016 831 615 1031 859
switch-right 0.3186 872 706 993 775
switch-right 0.0095 932 708 1116 814
switch-right 0.0055 883 706 1025 816
switch-right 0.0032 932 697 1064 761
switch-right 0.0015 883 695 974 730
switch-static 0.6163 787 701 848 737
switch-static 0.4358 785 709 856 762
switch-static 0.2809 1002 716 1088 764
switch-static 0.2181 1003 704 1069 739
switch-static 0.1991 786 734 862 767
switch-static 0.1706 1020 738 1098 771
switch-static 0.1019 783 676 832 726
switch-static 0.0735 775 674 852 738
switch-static 0.0214 789 644 820 697
switch-static 0.0113 792 690 879 729
switch-static 0.0113 749 668 778 720
switch-static 0.0096 978 701 1045 742
switch-static 0.0069 767 691 872 778
switch-static 0.0036 976 670 1106 785
switch-static 0.0034 751 692 838 746
switch-static 0.0030 756 620 873 789
switch-static 0.0029 978 722 1078 791
switch-static 0.0024 953 695 979 718
switch-static 0.0014 749 713 842 764
track-sign-front 0.1042 770 569 792 599
track-sign-front 0.0061 749 660 769 715
track-sign-front 0.0047 1152 560 1206 595
track-sign-front 0.0041 977 544 996 573
track-sign-front 0.0033 955 457 972 584
track-sign-front 0.0024 775 601 803 684
track-sign-front 0.0023 942 462 975 587
track-sign-front 0.0023 904 533 942 565
track-sign-front 0.0022 923 532 972 576
track-sign-front 0.0020 767 550 796 591
track-sign-front 0.0019 948 533 994 580
track-sign-front 0.0019 757 571 791 612
track-sign-front 0.0016 1216 549 1244 581
track-sign-front 0.0010 740 616 770 685
track-sign-front 0.0010 1174 556 1235 588
track-signal-back 0.0105 958 443 970 470
track-signal-back 0.0087 957 444 970 504
track-signal-back 0.0016 915 485 937 520
track-signal-back 0.0015 941 447 978 570
pole 0.0096 959 449 970 577
pole 0.0054 955 427 971 616
