crossing 0.7302 369 624 592 788
crossing 0.5276 751 661 925 786
crossing 0.1661 342 683 557 800
crossing 0.1507 546 593 1022 1080
crossing 0.1284 343 736 545 796
crossing 0.1025 786 725 917 788
crossing 0.0307 468 616 603 760
crossing 0.0184 503 619 589 694
crossing 0.0147 670 626 926 772
crossing 0.0101 501 623 585 657
crossing 0.0059 699 631 1003 910
crossing 0.0053 425 642 530 767
crossing 0.0048 520 612 610 733
crossing 0.0042 214 537 654 949
crossing 0.0023 583 543 1031 883
crossing 0.0021 808 672 915 768
crossing 0.0018 484 619 554 652
crossing 0.0016 667 611 790 644
crossing 0.0015 371 752 485 794
crossing 0.0013 450 614 582 682
guard-rail 0.0049 504 605 594 780
guard-rail 0.0020 776 678 800 786
rail 0.9367 2 578 597 1078
rail 0.8569 487 591 1019 1076
rail 0.0056 640 617 855 1065
rail 0.0034 589 605 937 798
rail 0.0014 189 663 429 1022
switch-static 0.0114 1 853 38 897
track-sign-front 0.1116 418 395 437 436
track-sign-front 0.0781 423 488 448 520
track-sign-front 0.0559 367 406 401 442
track-sign-front 0.0263 1025 124 1051 162
track-sign-front 0.0206 409 388 440 439
track-sign-front 0.0188 855 456 876 497
track-sign-front 0.0155 170 312 269 427
track-sign-front 0.0139 1135 268 1212 400
track-sign-front 0.0121 1203 317 1259 388
track-sign-front 0.0083 408 490 438 534
track-sign-front 0.0078 847 458 872 511
track-sign-front 0.0071 419 484 453 536
track-sign-front 0.0066 596 495 608 547
track-sign-front 0.0055 1186 288 1258 398
track-sign-front 0.0048 813 378 836 469
track-sign-front 0.0048 635 543 656 656
track-sign-front 0.0048 395 494 421 531
track-sign-front 0.0042 624 621 645 764
track-sign-front 0.0038 592 493 609 562
track-sign-front 0.0034 579 322 605 359
track-sign-front 0.0034 410 454 446 521
track-sign-front 0.0033 275 575 298 618
track-sign-front 0.0032 411 426 436 492
track-sign-front 0.0031 594 473 608 537
track-sign-front 0.0029 1020 127 1059 172
track-sign-front 0.0028 783 484 807 509
track-sign-front 0.0027 398 399 443 480
track-sign-front 0.0027 426 487 474 525
track-sign-front 0.0023 413 381 448 424
track-sign-front 0.0023 730 405 747 444
track-sign-front 0.0021 366 429 406 480
track-sign-front 0.0018 602 585 667 771
track-sign-front 0.0018 387 498 414 535
track-sign-front 0.0017 637 628 651 762
track-sign-front 0.0016 1081 92 1108 126
track-sign-front 0.0015 627 509 650 725
track-sign-front 0.0015 625 569 651 664
track-sign-front 0.0014 537 491 570 553
track-sign-front 0.0013 937 357 954 442
track-sign-front 0.0013 356 402 410 451
track-sign-front 0.0013 1181 122 1203 144
track-sign-front 0.0012 381 383 447 443
track-sign-front 0.0012 423 492 447 612
track-sign-front 0.0011 633 582 653 767
track-sign-front 0.0011 428 549 446 639
track-sign-front 0.0010 586 455 612 549
track-sign-front 0.0010 623 597 646 711
track-signal-front 0.4149 212 426 266 528
track-signal-front 0.2063 994 373 1039 487
track-signal-front 0.1277 1000 416 1035 491
track-signal-front 0.0977 849 458 874 497
track-signal-front 0.0718 939 400 955 480
track-signal-front 0.0481 905 460 923 508
track-signal-front 0.0325 1006 457 1031 487
track-signal-front 0.0315 224 430 290 522
track-signal-front 0.0226 942 421 960 485
track-signal-front 0.0175 980 368 1030 457
track-signal-front 0.0148 194 427 242 533
track-signal-front 0.0130 978 376 1014 423
track-signal-front 0.0109 1185 455 1207 501
track-signal-front 0.0090 940 382 968 485
track-signal-front 0.0071 913 423 952 498
track-signal-front 0.0054 199 394 261 510
track-signal-front 0.0048 535 507 554 533
track-signal-front 0.0047 846 452 881 509
track-signal-front 0.0046 735 464 760 500
track-signal-front 0.0046 776 482 800 508
track-signal-front 0.0044 1008 357 1078 476
track-signal-front 0.0041 300 520 324 565
track-signal-front 0.0037 893 427 925 508
track-signal-front 0.0030 763 471 797 506
track-signal-front 0.0028 525 28 671 115
track-signal-front 0.0027 726 468 747 511
track-signal-front 0.0027 959 366 994 462
track-signal-front 0.0027 190 397 288 540
track-signal-front 0.0020 417 423 440 497
track-signal-front 0.0018 812 420 839 482
track-signal-front 0.0017 780 477 807 511
track-signal-front 0.0017 903 456 932 517
track-signal-front 0.0015 934 442 960 488
track-signal-front 0.0015 465 28 655 141
track-signal-front 0.0015 225 405 267 500
track-signal-front 0.0014 1046 428 1084 493
track-signal-front 0.0014 732 404 758 443
track-signal-front 0.0014 893 469 925 513
track-signal-front 0.0012 213 412 249 493
track-signal-front 0.0012 818 458 865 493
track-signal-front 0.0011 173 423 230 529
track-signal-front 0.0010 944 432 973 513
track-signal-front 0.0010 877 395 914 468
track-signal-front 0.0010 925 365 952 460
track-signal-front 0.0010 1581 426 1604 471
track-signal-front 0.0010 862 393 889 472
track-signal-back 0.0060 1124 263 1210 404
track-signal-back 0.0046 1070 356 1108 404
track-signal-back 0.0043 1056 348 1099 423
track-signal-back 0.0030 1044 349 1090 461
track-signal-back 0.0013 1066 358 1107 443
track-signal-back 0.0011 1058 302 1103 394
person 0.7572 188 561 273 774
person 0.7039 1032 537 1094 737
person 0.0094 1011 513 1055 725
person 0.0056 300 521 324 567
person 0.0037 273 572 294 619
person 0.0033 190 603 315 806
person 0.0030 225 563 286 749
person 0.0029 1048 539 1119 750
person 0.0029 181 556 241 724
person 0.0021 1009 541 1047 662
person 0.0013 187 612 244 760
person 0.0010 263 570 295 671
pole 0.3430 614 126 663 761
pole 0.2808 583 87 641 738
pole 0.0937 574 60 617 730
pole 0.0286 631 237 672 706
pole 0.0058 560 331 581 626
pole 0.0046 572 315 607 642
pole 0.0045 608 593 630 786
pole 0.0041 625 143 683 873
pole 0.0039 634 496 653 703
pole 0.0037 556 222 590 685
pole 0.0036 624 602 645 775
pole 0.0034 586 55 694 773
pole 0.0033 593 337 614 635
pole 0.0028 614 439 650 782
pole 0.0023 422 460 446 640
pole 0.0021 551 389 576 625
pole 0.0015 620 304 657 650
pole 0.0014 596 486 615 613
pole 0.0013 381 546 393 652
pole 0.0013 635 605 652 777
pole 0.0012 590 475 609 582
pole 0.0012 478 409 501 606
pole 0.0011 570 271 593 602
pole 0.0011 566 482 602 615
pole 0.0010 1208 463 1229 747
