guard-rail 0.6618 879 726 903 770
guard-rail 0.0976 888 727 912 769
guard-rail 0.0955 874 715 895 767
guard-rail 0.0487 870 706 908 803
guard-rail 0.0376 564 662 653 699
guard-rail 0.0189 703 736 719 771
guard-rail 0.0094 707 742 724 774
guard-rail 0.0079 842 681 944 827
guard-rail 0.0037 687 620 743 668
guard-rail 0.0036 586 650 646 683
guard-rail 0.0029 674 639 729 670
guard-rail 0.0018 861 726 881 769
guard-rail 0.0018 602 641 672 682
guard-rail 0.0016 704 644 738 673
guard-rail 0.0015 658 633 720 677
guard-rail 0.0014 619 641 684 698
guard-rail 0.0013 622 667 677 716
guard-rail 0.0013 694 733 726 772
guard-rail 0.0012 543 630 609 676
guard-rail 0.0011 882 727 926 791
guard-rail 0.0010 859 678 918 793
rail 0.9121 784 546 1057 1071
rail 0.8962 -3 550 790 1079
rail 0.8509 664 623 1004 1074
rail 0.4325 2 721 591 1075
rail 0.1970 731 561 824 589
rail 0.1064 718 557 796 595
rail 0.0926 703 558 820 609
rail 0.0778 761 562 829 583
rail 0.0695 694 579 760 620
rail 0.0544 742 594 768 631
rail 0.0365 743 550 811 584
rail 0.0360 711 566 759 609
rail 0.0314 669 603 738 654
rail 0.0309 732 552 779 584
rail 0.0231 701 586 805 638
rail 0.0169 -1 822 63 1058
rail 0.0161 795 564 832 584
rail 0.0128 1 820 93 982
rail 0.0117 763 565 835 601
rail 0.0092 709 536 761 593
rail 0.0086 779 569 825 595
rail 0.0083 785 557 840 589
rail 0.0080 682 550 816 636
rail 0.0075 679 601 761 631
rail 0.0066 1 833 62 885
rail 0.0055 0 826 72 927
rail 0.0051 686 553 750 627
rail 0.0044 326 579 770 1036
rail 0.0043 1 834 124 1065
rail 0.0035 1 813 34 1053
rail 0.0034 805 530 1950 1070
rail 0.0033 634 548 777 709
rail 0.0032 802 549 840 583
rail 0.0027 218 724 501 1011
rail 0.0026 675 593 757 669
rail 0.0022 755 551 852 607
rail 0.0020 0 799 160 996
rail 0.0017 2 910 198 1072
rail 0.0015 666 534 918 818
rail 0.0013 661 527 787 618
rail 0.0012 2 818 99 870
rail 0.0012 823 753 1047 1082
rail 0.0011 1 759 119 928
rail 0.0011 645 581 854 1061
rail 0.0010 714 527 860 614
rail 0.0010 1 983 158 1078
rail 0.0010 685 620 744 663
switch-indicator 0.2787 751 602 764 633
switch-indicator 0.0068 891 610 936 638
switch-indicator 0.0031 861 576 891 626
switch-indicator 0.0030 733 600 778 637
switch-left 0.1578 480 696 624 751
switch-left 0.1081 521 693 622 737
switch-left 0.0478 550 667 652 711
switch-left 0.0411 662 612 720 651
switch-left 0.0192 469 707 579 767
switch-left 0.0129 509 687 641 771
switch-left 0.0089 442 722 590 782
switch-left 0.0056 362 627 708 928
switch-left 0.0031 613 635 710 688
switch-left 0.0018 0 981 235 1078
switch-left 0.0015 421 676 628 792
switch-left 0.0011 640 603 721 660
switch-left 0.0010 655 638 720 674
switch-right 0.2057 673 609 720 637
switch-right 0.1877 525 690 630 739
switch-right 0.1507 686 603 734 626
switch-right 0.1004 451 705 591 771
switch-right 0.0458 664 613 718 651
switch-right 0.0418 550 667 653 711
switch-right 0.0119 579 652 670 692
switch-right 0.0015 800 574 830 592
switch-right 0.0013 600 641 676 683
switch-unknown 0.0444 696 584 754 619
switch-unknown 0.0028 635 613 704 665
switch-static 0.4614 499 665 546 690
switch-static 0.2920 419 696 496 735
switch-static 0.2199 445 694 534 730
switch-static 0.1033 663 606 716 630
switch-static 0.0955 639 602 694 630
switch-static 0.0943 445 690 572 744
switch-static 0.0849 643 604 675 624
switch-static 0.0829 873 619 904 635
switch-static 0.0663 628 605 662 623
switch-static 0.0319 422 708 476 737
switch-static 0.0220 478 671 551 715
switch-static 0.0164 498 659 543 682
switch-static 0.0157 680 591 759 637
switch-static 0.0095 542 630 578 646
switch-static 0.0050 501 645 573 686
switch-static 0.0038 1 837 60 868
switch-static 0.0017 420 681 511 726
switch-static 0.0017 811 560 866 591
switch-static 0.0017 513 666 595 697
switch-static 0.0016 870 581 924 645
switch-static 0.0011 379 645 638 793
switch-static 0.0011 862 618 899 639
track-sign-front 0.0078 276 656 302 725
track-sign-front 0.0069 913 562 929 593
track-sign-front 0.0065 918 582 933 632
track-sign-front 0.0037 257 612 275 639
track-sign-front 0.0030 922 612 936 634
track-sign-front 0.0021 887 561 926 592
track-sign-front 0.0018 852 571 890 602
track-sign-front 0.0014 912 540 934 592
track-sign-front 0.0012 0 628 13 673
track-sign-front 0.0011 549 520 570 580
track-sign-front 0.0011 258 613 277 660
track-sign-front 0.0011 690 502 736 601
track-signal-back 0.1275 699 486 710 514
track-signal-back 0.0225 699 483 710 545
track-signal-back 0.0089 720 461 740 498
track-signal-back 0.0063 840 469 856 511
track-signal-back 0.0058 839 474 852 501
track-signal-back 0.0055 691 457 740 543
track-signal-back 0.0045 729 470 740 495
track-signal-back 0.0042 726 464 738 486
track-signal-back 0.0038 696 472 709 580
track-signal-back 0.0037 835 467 851 495
track-signal-back 0.0033 692 462 710 516
track-signal-back 0.0027 548 365 567 446
track-signal-back 0.0017 786 514 814 557
track-signal-back 0.0015 825 469 855 526
track-signal-back 0.0011 730 484 749 544
pole 0.0791 1338 67 1450 976
pole 0.0789 1 255 32 880
pole 0.0407 -3 123 49 954
pole 0.0368 642 304 658 629
pole 0.0090 236 15 294 822
pole 0.0050 488 243 502 579
pole 0.0050 250 231 287 780
pole 0.0034 697 481 712 556
pole 0.0032 637 298 652 593
pole 0.0026 -1 37 98 908
pole 0.0019 643 435 659 576
pole 0.0019 696 452 709 603
pole 0.0018 473 245 504 592
pole 0.0016 545 347 576 654
pole 0.0012 194 48 288 786
pole 0.0012 1279 76 1423 962
pole 0.0011 636 330 667 611
pole 0.0011 251 135 307 701
pole 0.0010 699 461 757 591
