train-car 0.0060 815 565 830 592
train-car 0.0047 644 558 687 596
train-car 0.0031 706 569 858 600
train-car 0.0018 770 559 872 599
train-car 0.0014 652 557 716 601
train-car 0.0013 632 557 663 595
train-car 0.0011 737 574 822 607
rail 0.9432 29 593 786 1075
rail 0.9207 782 603 1162 1076
rail 0.6707 1 596 708 870
rail 0.5744 0 597 656 727
rail 0.1813 833 601 1926 788
rail 0.0402 11 620 453 699
rail 0.0352 764 595 1913 956
rail 0.0166 1808 666 1916 1070
rail 0.0107 4 643 342 715
rail 0.0040 8 665 540 920
rail 0.0026 1269 641 1923 776
rail 0.0025 1856 587 1919 1060
rail 0.0020 -2 628 327 683
rail 0.0019 220 673 441 840
rail 0.0018 1774 824 1917 1079
rail 0.0018 701 575 1704 715
rail 0.0016 -1 643 217 700
rail 0.0014 -2 612 409 781
rail 0.0014 233 616 461 699
rail 0.0014 170 591 717 670
rail 0.0013 199 631 428 724
rail 0.0012 212 593 742 765
rail 0.0012 -2 654 324 832
rail 0.0011 -3 641 180 747
rail 0.0010 11 595 356 677
switch-indicator 0.0090 915 610 923 627
switch-indicator 0.0044 1126 692 1145 713
switch-indicator 0.0024 1110 664 1136 709
switch-indicator 0.0021 818 621 830 637
track-sign-front 0.1365 554 640 580 717
track-sign-front 0.0226 1095 621 1114 706
track-sign-front 0.0171 880 564 918 585
track-sign-front 0.0132 874 566 906 586
track-sign-front 0.0111 584 564 600 643
track-sign-front 0.0107 586 605 597 633
track-sign-front 0.0102 915 610 923 627
track-sign-front 0.0066 710 591 722 639
track-sign-front 0.0058 903 559 924 617
track-sign-front 0.0029 813 552 849 603
track-sign-front 0.0023 817 605 830 635
track-sign-front 0.0023 561 611 594 699
track-sign-front 0.0013 1091 643 1109 710
track-sign-front 0.0011 862 555 903 589
track-signal-front 0.5477 982 516 998 548
track-signal-front 0.4769 816 503 834 531
track-signal-front 0.4128 910 515 922 547
track-signal-front 0.3267 955 564 969 584
track-signal-front 0.3260 708 498 725 543
track-signal-front 0.2276 816 516 831 551
track-signal-front 0.0808 819 508 838 541
track-signal-front 0.0591 817 568 828 586
track-signal-front 0.0324 907 521 922 558
track-signal-front 0.0122 818 497 839 523
track-signal-front 0.0112 946 523 1004 594
track-signal-front 0.0102 956 565 986 596
track-signal-front 0.0087 986 515 1006 550
track-signal-front 0.0029 904 509 930 538
track-signal-front 0.0028 948 564 978 589
track-signal-front 0.0022 977 510 1003 543
track-signal-front 0.0020 953 547 1011 617
track-signal-front 0.0020 901 513 949 549
track-signal-front 0.0013 902 518 930 552
track-signal-back 0.4927 1089 533 1112 564
track-signal-back 0.3720 707 496 725 535
track-signal-back 0.2901 1090 539 1111 582
track-signal-back 0.0866 709 521 724 553
track-signal-back 0.0307 816 533 829 560
track-signal-back 0.0298 584 476 602 506
track-signal-back 0.0220 704 493 729 552
track-signal-back 0.0180 706 487 723 513
track-signal-back 0.0085 909 507 924 526
track-signal-back 0.0083 582 460 602 518
track-signal-back 0.0081 554 544 571 590
track-signal-back 0.0070 812 484 836 518
track-signal-back 0.0043 583 512 604 613
track-signal-back 0.0032 1098 532 1148 566
track-signal-back 0.0022 1088 517 1117 582
track-signal-back 0.0018 667 441 693 473
track-signal-back 0.0017 696 469 724 544
track-signal-back 0.0015 551 516 570 564
track-signal-back 0.0012 582 479 606 580
track-signal-back 0.0011 816 511 844 589
track-signal-back 0.0011 702 514 730 566
pole 0.1570 706 516 721 643
pole 0.0360 818 561 829 608
pole 0.0261 1090 527 1108 688
pole 0.0251 906 541 926 637
pole 0.0198 914 584 924 630
pole 0.0197 585 525 599 634
pole 0.0177 1096 558 1113 691
pole 0.0160 1095 622 1114 703
pole 0.0148 703 488 729 590
pole 0.0130 586 472 603 689
pole 0.0100 983 602 994 627
pole 0.0060 670 543 706 630
pole 0.0042 672 524 689 603
pole 0.0041 701 523 731 633
pole 0.0029 583 583 600 648
pole 0.0027 580 347 609 678
pole 0.0023 708 585 724 643
pole 0.0022 786 554 836 619
pole 0.0018 569 460 603 661
pole 0.0018 813 498 839 570
pole 0.0017 585 602 599 636
pole 0.0015 1080 546 1122 699
pole 0.0014 815 536 846 618
pole 0.0014 962 541 1000 627
pole 0.0013 956 563 990 601
pole 0.0012 583 443 605 612
rail-occluder 0.2024 554 637 581 717
rail-occluder 0.0312 1094 631 1114 706
rail-occluder 0.0166 985 608 995 624
rail-occluder 0.0016 982 606 997 628
rail-occluder 0.0015 545 624 595 721
