crossing 0.0018 868 974 1173 1077
guard-rail 0.4863 892 763 1150 1079
guard-rail 0.2263 357 572 1158 1078
guard-rail 0.0348 660 628 901 1057
guard-rail 0.0112 885 772 933 1088
guard-rail 0.0083 878 755 973 1075
guard-rail 0.0021 751 617 1252 1071
guard-rail 0.0020 848 747 911 1073
guard-rail 0.0018 817 745 889 1071
guard-rail 0.0013 964 829 1199 1073
guard-rail 0.0010 582 615 823 1044
platform 0.0055 0 562 338 648
platform 0.0036 -6 568 199 632
rail 0.9071 362 561 1223 1084
rail 0.7294 708 605 1924 938
rail 0.0301 875 748 931 1076
rail 0.0034 5 558 298 656
rail 0.0033 -7 567 152 625
rail 0.0019 791 614 1095 685
rail 0.0018 903 659 1210 1075
rail 0.0012 0 562 154 680
rail 0.0011 549 563 1073 673
rail 0.0010 469 548 653 612
track-sign-front 0.5215 641 531 661 553
track-sign-front 0.1747 594 614 634 641
track-sign-front 0.0610 359 524 373 547
track-sign-front 0.0378 1193 617 1209 637
track-sign-front 0.0268 245 413 317 450
track-sign-front 0.0179 597 593 651 650
track-sign-front 0.0129 637 586 658 646
track-sign-front 0.0112 701 571 713 589
track-sign-front 0.0064 641 529 680 560
track-sign-front 0.0054 1192 623 1208 652
track-sign-front 0.0048 1195 606 1209 629
track-sign-front 0.0039 640 529 661 602
track-sign-front 0.0030 247 380 310 476
track-sign-front 0.0030 703 535 715 594
track-sign-front 0.0023 704 567 719 589
track-sign-front 0.0023 889 581 912 624
track-sign-front 0.0021 899 582 916 616
track-sign-front 0.0016 284 418 339 459
track-sign-front 0.0016 1189 616 1215 641
track-sign-front 0.0014 609 517 662 626
track-sign-front 0.0014 254 557 283 590
track-sign-front 0.0013 357 461 374 565
track-sign-front 0.0012 350 523 380 549
track-sign-front 0.0012 895 534 914 640
track-sign-front 0.0011 699 567 715 596
track-signal-front 0.0131 462 437 475 471
track-signal-front 0.0017 291 417 338 480
track-signal-back 0.0687 253 502 297 563
track-signal-back 0.0597 244 410 310 501
track-signal-back 0.0305 259 440 301 508
track-signal-back 0.0252 243 318 331 595
track-signal-back 0.0221 257 412 333 482
track-signal-back 0.0060 248 434 311 609
track-signal-back 0.0034 263 468 309 535
track-signal-back 0.0023 240 419 286 474
track-signal-back 0.0015 305 498 334 557
track-signal-back 0.0011 286 380 337 522
track-signal-back 0.0011 703 460 720 546
track-signal-back 0.0010 306 474 337 542
fence 0.0010 -3 552 227 649
pole 0.5213 596 2 667 732
pole 0.2423 560 358 577 611
pole 0.1437 462 451 475 590
pole 0.1396 249 226 344 645
pole 0.1192 459 373 477 601
pole 0.0265 297 229 352 627
pole 0.0190 898 419 915 642
pole 0.0176 557 270 641 673
pole 0.0167 562 483 576 617
pole 0.0163 557 123 660 815
pole 0.0156 623 41 681 702
pole 0.0143 556 268 585 625
pole 0.0124 1190 362 1220 686
pole 0.0116 561 431 573 580
pole 0.0089 545 337 600 627
pole 0.0080 614 232 671 759
pole 0.0067 532 391 555 608
pole 0.0060 465 494 479 600
pole 0.0059 515 380 536 610
pole 0.0048 585 407 645 724
pole 0.0041 326 298 366 613
pole 0.0041 531 457 548 594
pole 0.0039 285 343 336 537
pole 0.0039 563 395 576 537
pole 0.0037 462 412 476 497
pole 0.0034 353 323 373 594
pole 0.0034 638 324 678 698
pole 0.0029 519 476 537 578
pole 0.0020 541 16 623 731
pole 0.0019 527 485 544 604
pole 0.0017 454 444 483 598
pole 0.0017 132 562 149 644
pole 0.0017 549 499 588 642
pole 0.0016 601 377 630 649
pole 0.0014 703 443 719 611
pole 0.0014 393 481 426 581
pole 0.0012 900 462 913 607
pole 0.0012 316 260 354 571
pole 0.0011 643 502 674 631
pole 0.0011 461 537 479 594
pole 0.0011 582 52 719 886
pole 0.0010 576 486 661 665
pole 0.0010 562 345 578 495
rail-occluder 0.0365 562 584 579 612
rail-occluder 0.0261 1006 633 1033 692
rail-occluder 0.0133 625 585 658 649
rail-occluder 0.0103 978 629 1039 697
rail-occluder 0.0048 527 580 615 616
rail-occluder 0.0035 0 567 143 626
rail-occluder 0.0028 598 590 655 669
rail-occluder 0.0028 952 622 1063 694
rail-occluder 0.0025 700 573 715 597
rail-occluder 0.0016 1011 600 1031 686
rail-occluder 0.0016 774 601 828 636
rail-occluder 0.0015 17 566 48 620
rail-occluder 0.0011 590 527 642 617
rail-occluder 0.0011 994 637 1046 728
