crossing 0.0033 1573 851 1915 1069
crossing 0.0022 976 752 1198 817
train-car 0.0638 1570 531 1613 561
train-car 0.0228 1492 531 1540 563
train-car 0.0014 1577 523 1641 559
rail 0.8862 1542 573 1912 1074
rail 0.6212 373 563 1510 1082
rail 0.0124 830 642 1399 854
rail 0.0115 697 553 1478 929
rail 0.0028 1193 579 1494 810
rail 0.0022 35 657 1196 1079
rail 0.0014 1883 613 1919 1082
rail 0.0011 22 701 407 1067
switch-left 0.0026 918 720 1227 841
switch-left 0.0014 921 758 1173 831
switch-right 0.0013 938 740 1197 829
track-sign-front 0.0218 0 154 73 335
track-sign-front 0.0035 1253 447 1274 473
track-sign-front 0.0015 1397 485 1416 511
track-sign-front 0.0013 1685 499 1704 521
track-sign-front 0.0011 1513 168 1536 189
track-signal-front 0.0035 23 361 96 504
track-signal-back 0.0171 30 354 95 504
car 0.0760 1569 533 1610 562
car 0.0719 1491 534 1537 568
car 0.0032 1500 522 1596 568
car 0.0026 19 730 416 1075
car 0.0010 1558 523 1627 567
person 0.7904 581 549 639 733
person 0.7858 648 553 708 728
person 0.7593 1237 564 1324 815
person 0.7566 1145 529 1190 657
person 0.4810 1057 533 1091 630
person 0.4763 596 553 691 729
person 0.1639 910 527 951 654
person 0.0210 1364 530 1385 595
person 0.0120 1404 526 1428 587
person 0.0113 1063 577 1086 629
person 0.0093 1347 530 1372 601
person 0.0064 1161 525 1204 635
person 0.0040 1366 524 1404 592
person 0.0034 1178 530 1210 628
person 0.0034 994 513 1028 630
person 0.0025 919 509 987 650
person 0.0023 1244 579 1322 703
person 0.0023 1039 523 1085 629
person 0.0021 1413 520 1434 570
person 0.0018 1617 525 1652 568
person 0.0017 662 553 737 740
person 0.0016 1129 526 1340 720
person 0.0016 1322 526 1362 600
person 0.0015 591 550 629 611
person 0.0013 1150 562 1197 683
person 0.0013 894 513 942 645
person 0.0011 580 541 624 665
person 0.0011 1152 503 1196 612
person 0.0010 653 539 703 660
person 0.0010 541 566 656 730
person 0.0010 1420 523 1453 578
pole 0.0031 766 17 812 562
rail-occluder 0.5528 1239 563 1323 822
rail-occluder 0.0103 1261 711 1296 825
rail-occluder 0.0090 1262 571 1361 813
rail-occluder 0.0026 1251 657 1309 826
rail-occluder 0.0021 1276 714 1304 818
rail-occluder 0.0015 975 533 1604 881
