crossing 0.8553 527 723 770 857
crossing 0.8549 899 729 1022 854
crossing 0.0126 861 583 921 598
crossing 0.0098 849 579 898 596
crossing 0.0072 464 610 881 977
crossing 0.0057 952 724 1014 849
crossing 0.0047 1882 636 1920 696
crossing 0.0037 902 730 963 838
crossing 0.0034 898 581 943 601
crossing 0.0032 521 734 670 836
crossing 0.0031 582 730 699 848
crossing 0.0029 641 731 750 849
crossing 0.0023 1848 475 1916 842
crossing 0.0017 523 817 692 877
crossing 0.0015 1837 583 1917 736
crossing 0.0012 1871 619 1916 686
crossing 0.0010 1889 651 1919 711
guard-rail 0.0096 961 728 1016 842
guard-rail 0.0062 905 730 952 833
guard-rail 0.0026 901 733 928 848
guard-rail 0.0016 787 693 812 723
train-car 0.0013 849 575 902 600
platform 0.0021 847 578 907 597
rail 0.9487 192 569 922 1077
rail 0.9485 862 577 1112 1076
rail 0.5574 1650 304 1919 1085
rail 0.0105 1819 321 1916 1087
rail 0.0030 364 700 845 931
rail 0.0029 909 662 1037 879
rail 0.0017 1853 512 1921 1088
rail 0.0016 445 627 929 1014
rail 0.0014 1392 222 2002 1010
rail 0.0011 1536 374 1862 861
switch-static 0.0033 1004 668 1042 688
switch-static 0.0023 747 636 776 654
track-sign-front 0.1033 197 553 268 616
track-sign-front 0.0707 741 575 754 594
track-sign-front 0.0082 849 571 866 588
track-sign-front 0.0054 1381 565 1439 636
track-sign-front 0.0050 958 536 982 587
track-sign-front 0.0039 1037 613 1047 635
track-sign-front 0.0039 955 581 981 607
track-sign-front 0.0033 848 563 861 581
track-sign-front 0.0024 1096 660 1120 678
track-sign-front 0.0021 1031 613 1045 635
track-sign-front 0.0019 1037 586 1050 634
track-sign-front 0.0019 1832 379 1862 438
track-sign-front 0.0017 741 616 764 660
track-sign-front 0.0015 242 570 273 624
track-sign-front 0.0015 924 580 970 607
track-sign-front 0.0014 213 680 250 765
track-sign-front 0.0012 838 570 881 605
track-sign-front 0.0012 817 601 841 619
track-sign-front 0.0012 1178 576 1200 603
track-sign-front 0.0010 966 581 989 609
track-sign-front 0.0010 1674 655 1915 1044
track-signal-front 0.0314 961 544 972 562
track-signal-front 0.0012 740 560 757 583
track-signal-back 0.0510 740 571 755 592
track-signal-back 0.0419 964 542 974 561
track-signal-back 0.0050 962 533 988 568
track-signal-back 0.0026 702 554 720 581
track-signal-back 0.0017 959 542 974 567
rail-occluder 0.0016 1651 474 1921 1105
rail-occluder 0.0015 1713 667 1913 1071
