guard-rail 0.0014 945 447 994 491
rail 0.9672 927 432 1916 1078
rail 0.9653 651 432 1023 1079
rail 0.0160 947 437 1036 473
rail 0.0039 1007 418 1038 468
rail 0.0026 885 438 1023 481
rail 0.0024 978 422 1062 468
rail 0.0017 958 426 1051 485
rail 0.0015 975 440 1063 498
rail 0.0014 1398 413 1915 505
rail 0.0011 937 444 1004 496
switch-unknown 0.0023 950 432 998 465
track-sign-front 0.0860 677 435 696 476
track-sign-front 0.0204 678 454 698 501
track-sign-front 0.0147 677 419 696 449
track-sign-front 0.0038 671 426 699 504
track-sign-front 0.0032 675 397 695 438
track-sign-front 0.0020 1343 357 1360 393
track-sign-front 0.0020 1112 197 1130 231
track-sign-front 0.0019 1336 361 1357 398
track-sign-front 0.0018 1034 456 1058 488
track-sign-front 0.0013 677 389 699 427
track-sign-front 0.0013 1018 417 1057 487
track-sign-front 0.0010 1447 471 1469 555
track-sign-front 0.0010 682 476 701 522
pole 0.1375 1020 368 1031 446
pole 0.0625 1019 402 1030 452
pole 0.0137 1017 338 1033 441
pole 0.0072 1010 415 1037 469
pole 0.0011 1001 387 1041 484
rail-occluder 0.0314 1730 440 1748 496
rail-occluder 0.0024 1717 437 1760 500
rail-occluder 0.0017 1686 433 1799 497
