crossing 0.0028 345 501 453 537
guard-rail 0.1448 632 586 670 629
guard-rail 0.1146 632 680 666 759
guard-rail 0.0311 527 512 766 987
guard-rail 0.0222 638 572 680 615
guard-rail 0.0111 621 562 686 634
guard-rail 0.0103 605 603 680 745
guard-rail 0.0093 496 647 514 690
guard-rail 0.0087 565 674 681 755
guard-rail 0.0056 598 605 701 829
guard-rail 0.0047 492 624 522 670
guard-rail 0.0033 566 540 719 629
guard-rail 0.0031 514 560 712 654
guard-rail 0.0027 649 683 679 759
guard-rail 0.0023 542 542 735 794
guard-rail 0.0020 594 591 649 639
guard-rail 0.0017 591 554 697 617
guard-rail 0.0015 654 714 677 766
guard-rail 0.0015 451 620 570 678
guard-rail 0.0015 454 633 560 705
guard-rail 0.0014 571 580 668 649
guard-rail 0.0014 495 650 520 726
guard-rail 0.0014 635 559 703 608
guard-rail 0.0011 409 650 465 688
guard-rail 0.0010 489 645 646 742
guard-rail 0.0010 476 605 510 651
train-car 0.0206 677 391 721 435
train-car 0.0203 662 385 735 441
train-car 0.0115 662 477 749 526
train-car 0.0021 658 365 740 482
train-car 0.0011 685 394 749 430
rail 0.8608 241 455 812 1080
rail 0.8019 0 460 165 755
rail 0.6558 998 472 1915 684
rail 0.1792 1272 502 1927 615
rail 0.0671 268 455 722 790
rail 0.0545 -13 550 649 1064
rail 0.0458 1314 528 1962 685
rail 0.0306 0 532 151 886
rail 0.0184 1554 582 1930 676
rail 0.0161 667 480 744 527
rail 0.0110 -2 464 90 730
rail 0.0107 682 475 756 510
rail 0.0099 457 488 739 747
rail 0.0059 635 472 699 506
rail 0.0052 1034 479 1709 581
rail 0.0042 545 468 789 1064
rail 0.0040 0 453 42 702
rail 0.0039 1037 468 1488 547
rail 0.0038 0 657 150 1076
rail 0.0038 319 488 620 1039
rail 0.0035 603 475 725 527
rail 0.0035 0 922 157 1079
rail 0.0026 1618 384 1953 866
rail 0.0026 1512 550 1980 620
rail 0.0025 456 466 752 602
rail 0.0025 378 499 642 783
rail 0.0025 0 992 150 1075
rail 0.0023 195 435 680 622
rail 0.0021 720 459 1919 895
rail 0.0017 709 472 795 508
rail 0.0016 1013 391 1511 637
rail 0.0016 1671 493 1921 748
rail 0.0016 0 435 71 628
rail 0.0015 546 505 754 666
rail 0.0015 609 454 726 510
rail 0.0015 24 460 167 572
rail 0.0014 5 790 443 1080
rail 0.0013 -34 441 278 769
rail 0.0013 14 426 178 630
rail 0.0013 0 554 74 1032
rail 0.0013 450 544 669 898
rail 0.0013 598 465 694 503
rail 0.0012 81 486 288 717
rail 0.0011 1155 489 1716 639
rail 0.0011 1431 484 1952 579
rail 0.0010 672 177 1729 970
rail 0.0010 1121 449 1617 543
rail 0.0010 927 472 1207 520
switch-left 0.0107 671 481 745 530
switch-right 0.0015 537 696 678 768
switch-unknown 0.1158 673 485 742 521
switch-unknown 0.0154 683 476 753 509
switch-unknown 0.0141 644 469 705 503
switch-unknown 0.0075 656 502 736 539
switch-unknown 0.0019 710 478 793 525
switch-unknown 0.0015 716 470 790 506
switch-static 0.0068 643 469 693 497
switch-static 0.0013 61 712 144 778
track-sign-front 0.3039 242 423 258 479
track-sign-front 0.1978 950 520 1079 688
track-sign-front 0.0279 364 400 382 428
track-sign-front 0.0095 215 412 262 473
track-sign-front 0.0093 245 416 263 462
track-sign-front 0.0070 354 390 378 431
track-sign-front 0.0055 354 348 384 438
track-sign-front 0.0054 350 321 371 397
track-sign-front 0.0053 168 555 226 657
track-sign-front 0.0045 973 432 1000 490
track-sign-front 0.0031 899 498 949 561
track-sign-front 0.0028 369 401 384 460
track-sign-front 0.0024 957 574 1045 690
track-sign-front 0.0023 72 354 104 377
track-sign-front 0.0022 1410 722 1449 833
track-sign-front 0.0016 1296 483 1318 508
track-sign-front 0.0015 963 433 996 507
track-sign-front 0.0014 853 448 893 528
track-sign-front 0.0013 131 343 154 367
track-sign-front 0.0012 61 352 94 380
track-sign-front 0.0011 372 425 384 489
track-sign-front 0.0011 1781 661 1812 687
track-signal-front 0.3502 199 0 298 86
track-signal-front 0.0114 272 329 294 364
track-signal-front 0.0076 604 289 622 315
track-signal-front 0.0052 268 320 309 366
track-signal-front 0.0035 353 271 378 329
track-signal-front 0.0030 71 355 92 381
track-signal-front 0.0030 246 103 282 144
track-signal-front 0.0012 119 -173 351 41
pole 0.5813 1476 12 1536 638
pole 0.4201 1170 -44 1266 851
pole 0.3217 1023 265 1048 514
pole 0.1875 846 197 988 585
pole 0.1497 1029 286 1058 504
pole 0.1265 1044 294 1066 510
pole 0.0657 1777 148 1921 1001
pole 0.0286 235 417 262 490
pole 0.0265 904 216 1002 528
pole 0.0215 972 263 1008 508
pole 0.0208 1017 250 1065 512
pole 0.0198 965 247 990 525
pole 0.0188 1139 93 1309 940
pole 0.0186 1050 356 1063 498
pole 0.0186 239 307 265 528
pole 0.0174 1118 383 1412 660
pole 0.0170 1126 277 1146 498
pole 0.0136 1418 306 1438 519
pole 0.0135 512 218 551 516
pole 0.0127 1469 262 1530 630
pole 0.0116 1038 348 1061 496
pole 0.0100 1291 269 1314 491
pole 0.0079 809 -25 865 592
pole 0.0069 1439 34 1566 650
pole 0.0069 803 31 951 613
pole 0.0066 1007 326 1041 509
pole 0.0064 1158 296 1269 716
pole 0.0062 1094 236 1447 827
pole 0.0061 1188 102 1289 721
pole 0.0059 1110 274 1144 502
pole 0.0053 225 271 268 497
pole 0.0049 1542 274 1570 551
pole 0.0046 243 426 267 522
pole 0.0045 804 127 893 621
pole 0.0043 245 406 263 473
pole 0.0043 974 357 1001 501
pole 0.0042 505 -11 575 559
pole 0.0042 1407 302 1449 549
pole 0.0041 842 270 928 542
pole 0.0041 1515 210 1578 624
pole 0.0040 942 232 1012 561
pole 0.0039 1121 234 1160 536
pole 0.0037 1133 474 1315 553
pole 0.0036 1421 346 1435 481
pole 0.0036 1023 318 1042 470
pole 0.0036 1764 239 1881 689
pole 0.0036 1072 -17 1270 973
pole 0.0035 1494 104 1590 728
pole 0.0033 947 194 993 492
pole 0.0031 1157 359 1281 576
pole 0.0031 1675 409 1698 556
pole 0.0030 502 204 540 485
pole 0.0030 1100 56 1193 714
pole 0.0028 848 193 1578 922
pole 0.0027 1374 290 1397 485
pole 0.0027 1069 270 1104 505
pole 0.0021 918 492 1069 662
pole 0.0021 374 422 384 495
pole 0.0020 1127 374 1150 482
pole 0.0019 239 440 258 536
pole 0.0019 1806 241 1928 701
pole 0.0018 986 415 1028 514
pole 0.0018 1423 468 1497 612
pole 0.0018 210 314 259 516
pole 0.0017 965 372 989 499
pole 0.0017 355 265 388 478
pole 0.0016 1291 148 1319 519
pole 0.0016 1671 356 1707 563
pole 0.0016 1469 424 1547 625
pole 0.0015 768 34 857 602
pole 0.0015 1363 80 1543 715
pole 0.0014 1420 274 1688 674
pole 0.0014 1023 144 1081 540
pole 0.0013 1129 320 1145 461
pole 0.0013 528 226 572 501
pole 0.0012 1675 299 1747 563
pole 0.0012 1158 330 1219 685
pole 0.0012 1208 -17 1274 592
pole 0.0012 769 123 980 762
pole 0.0011 219 367 277 526
pole 0.0011 1383 295 1433 519
pole 0.0011 238 261 285 504
pole 0.0010 1395 340 1473 573
pole 0.0010 481 234 523 492
pole 0.0010 1269 153 1335 606
pole 0.0010 1806 341 1909 614
pole 0.0010 371 438 386 508
rail-occluder 0.1643 950 517 1084 689
rail-occluder 0.1000 239 423 258 474
rail-occluder 0.0368 234 420 263 496
rail-occluder 0.0109 163 559 225 672
rail-occluder 0.0067 216 417 261 470
rail-occluder 0.0062 1235 451 1278 510
rail-occluder 0.0048 1156 516 1179 556
rail-occluder 0.0037 1301 512 1632 615
rail-occluder 0.0036 1397 518 1515 609
rail-occluder 0.0033 973 433 999 490
rail-occluder 0.0028 204 427 233 471
rail-occluder 0.0024 989 425 1034 499
rail-occluder 0.0023 1408 520 1485 587
rail-occluder 0.0023 1150 460 1360 519
rail-occluder 0.0018 1213 439 1280 529
rail-occluder 0.0018 1195 458 1295 516
rail-occluder 0.0014 622 466 669 501
rail-occluder 0.0014 1294 484 1320 511
rail-occluder 0.0014 1032 425 1061 515
rail-occluder 0.0013 1140 508 1203 557
rail-occluder 0.0012 616 475 664 511
rail-occluder 0.0012 965 436 995 504
rail-occluder 0.0012 720 404 1402 791
rail-occluder 0.0011 209 417 272 503
rail-occluder 0.0011 1190 451 1319 559
rail-occluder 0.0010 979 447 1050 507
