crossing 0.1605 508 661 1272 1073
crossing 0.0921 614 701 1255 865
crossing 0.0506 522 675 891 764
crossing 0.0493 447 657 961 818
crossing 0.0452 638 676 829 720
crossing 0.0254 598 680 866 735
crossing 0.0131 831 623 916 639
crossing 0.0099 4 668 532 776
crossing 0.0077 492 700 819 783
crossing 0.0074 749 717 1097 854
crossing 0.0042 0 680 306 787
crossing 0.0031 810 613 895 637
crossing 0.0027 680 680 789 714
crossing 0.0023 -18 679 186 763
crossing 0.0022 862 625 927 642
crossing 0.0022 817 624 895 643
crossing 0.0021 464 740 721 808
crossing 0.0020 635 660 908 714
crossing 0.0013 824 747 1121 834
crossing 0.0011 640 700 938 808
crossing 0.0010 804 720 1440 866
crossing 0.0010 -4 667 220 724
platform 0.0468 627 589 872 644
platform 0.0091 613 612 879 713
platform 0.0084 692 591 921 629
platform 0.0045 646 592 913 677
platform 0.0033 796 615 908 638
platform 0.0022 767 586 850 628
platform 0.0012 540 640 873 738
platform 0.0012 712 576 849 634
platform 0.0011 810 579 866 612
rail 0.8861 5 664 734 1077
rail 0.7411 495 667 1266 1076
rail 0.0354 130 624 1087 1047
rail 0.0290 733 708 1893 892
rail 0.0193 -2 685 351 1085
rail 0.0180 600 688 1820 1021
rail 0.0135 -1 676 568 874
rail 0.0122 -4 655 693 801
rail 0.0082 71 631 950 845
rail 0.0073 327 647 972 955
rail 0.0061 -1 690 187 1035
rail 0.0032 0 681 236 812
rail 0.0030 255 689 863 827
rail 0.0021 43 616 673 748
rail 0.0019 158 713 368 1057
rail 0.0019 260 734 551 1020
rail 0.0018 -5 683 137 792
rail 0.0017 225 761 696 1076
rail 0.0016 0 680 51 829
rail 0.0015 674 761 1474 1078
rail 0.0013 34 870 691 1085
rail 0.0011 0 659 26 825
rail 0.0011 2 676 64 904
rail 0.0011 -24 569 725 915
rail 0.0010 979 657 1795 830
switch-right 0.0016 296 793 548 885
track-sign-front 0.2486 663 476 708 516
track-sign-front 0.0249 948 521 965 541
track-sign-front 0.0066 962 624 974 689
track-sign-front 0.0062 945 516 968 555
track-sign-front 0.0044 1258 53 1360 128
track-sign-front 0.0035 949 518 982 573
track-sign-front 0.0034 1163 499 1201 530
track-sign-front 0.0033 818 573 861 606
track-sign-front 0.0031 976 545 993 584
track-sign-front 0.0027 966 528 989 605
track-sign-front 0.0024 959 600 977 675
track-sign-front 0.0022 833 569 858 597
track-sign-front 0.0020 954 626 972 672
track-sign-front 0.0017 1512 280 1544 322
track-sign-front 0.0016 937 484 964 559
track-sign-front 0.0014 662 485 710 536
track-sign-front 0.0014 1437 530 1456 556
track-sign-front 0.0013 962 542 983 658
track-sign-front 0.0012 666 462 700 490
track-signal-front 0.7462 1188 0 1263 144
track-signal-front 0.1578 871 493 884 512
track-signal-front 0.0805 1457 266 1483 318
track-signal-front 0.0701 1459 270 1481 296
track-signal-front 0.0575 767 492 779 520
track-signal-front 0.0534 1901 257 1920 348
track-signal-front 0.0397 1693 259 1734 344
track-signal-front 0.0288 767 499 782 532
track-signal-front 0.0275 1454 261 1486 346
track-signal-front 0.0103 853 493 882 520
track-signal-front 0.0033 93 524 111 553
track-signal-front 0.0033 816 496 843 528
track-signal-front 0.0027 391 516 412 547
track-signal-front 0.0022 769 514 790 564
track-signal-front 0.0021 631 371 657 429
track-signal-front 0.0011 769 506 805 546
track-signal-front 0.0010 760 490 815 528
track-signal-back 0.0209 948 518 970 545
track-signal-back 0.0058 767 503 781 541
track-signal-back 0.0035 871 493 887 523
track-signal-back 0.0026 628 368 655 427
track-signal-back 0.0010 814 496 845 529
person 0.0017 1165 569 1187 629
person 0.0015 377 547 405 632
person 0.0013 389 517 412 558
person 0.0012 92 522 112 556
pole 0.0086 1269 91 1304 668
pole 0.0078 1745 -59 1814 1091
pole 0.0063 926 235 953 648
pole 0.0055 931 266 948 608
pole 0.0025 964 491 982 712
pole 0.0019 1244 25 1317 655
pole 0.0017 936 268 969 747
pole 0.0015 0 553 14 645
pole 0.0015 0 586 11 652
pole 0.0015 968 483 988 652
pole 0.0011 948 414 983 706
