train-car 0.9309 10 -6 864 1080
rail 0.9560 879 501 1184 1080
rail 0.0013 873 505 916 535
rail 0.0010 870 495 897 531
switch-static 0.0036 1396 902 1526 1027
switch-static 0.0020 1412 915 1589 1051
switch-static 0.0017 1435 908 1560 1015
switch-static 0.0016 1389 938 1474 1033
switch-static 0.0011 1394 838 1574 1026
track-sign-front 0.4985 1753 379 1791 449
track-sign-front 0.0152 1709 615 1741 710
track-sign-front 0.0124 1568 261 1668 364
track-sign-front 0.0116 978 488 998 513
track-sign-front 0.0045 970 477 990 502
track-sign-front 0.0043 1739 390 1796 462
track-sign-front 0.0029 1701 601 1742 801
track-sign-front 0.0023 1597 289 1671 361
track-sign-front 0.0018 1732 315 1800 550
track-sign-front 0.0012 984 492 1003 529
track-sign-front 0.0012 1694 486 1739 763
track-sign-front 0.0012 988 486 1015 521
track-sign-front 0.0011 1713 522 1749 742
track-sign-front 0.0011 1720 372 1794 449
track-signal-front 0.1095 1658 2 1829 196
track-signal-front 0.0229 1652 0 1881 305
track-signal-front 0.0121 1785 173 1913 309
track-signal-front 0.0052 1577 -41 1842 211
track-signal-front 0.0013 1692 25 1796 164
track-signal-back 0.0147 1568 259 1664 363
track-signal-back 0.0132 1786 172 1912 311
track-signal-back 0.0056 1632 6 1852 305
pole 0.0027 1631 -43 1763 1008
