rail 0.9244 980 577 1295 1078
rail 0.0020 1792 692 1919 1072
rail 0.0011 1856 635 1918 1076
rail 0.0011 1227 610 1928 1087
switch-static 0.0029 1081 653 1109 670
track-sign-front 0.6897 875 564 896 595
track-sign-front 0.6333 701 596 744 640
track-sign-front 0.1351 1456 470 1481 503
track-sign-front 0.1014 912 548 927 583
track-sign-front 0.0187 908 563 928 610
track-sign-front 0.0181 664 685 705 719
track-sign-front 0.0094 1458 467 1498 506
track-sign-front 0.0091 876 603 895 651
track-sign-front 0.0033 901 550 932 590
track-sign-front 0.0026 873 541 931 600
track-sign-front 0.0024 872 555 901 609
track-sign-front 0.0023 919 554 959 590
track-sign-front 0.0020 908 527 929 567
track-sign-front 0.0017 949 557 985 586
track-sign-front 0.0015 1905 570 1919 678
track-sign-front 0.0013 692 616 733 666
track-sign-front 0.0012 911 597 930 629
track-sign-front 0.0011 1083 653 1113 677
track-sign-front 0.0010 1551 532 1572 562
track-signal-back 0.0014 781 499 797 538
