crossing 0.0018 976 473 1019 511
crossing 0.0011 949 476 1003 508
guard-rail 0.7888 237 599 767 1078
guard-rail 0.7640 894 539 978 1081
guard-rail 0.7107 991 520 1078 1080
guard-rail 0.5226 883 493 1037 1093
guard-rail 0.4861 61 713 605 1076
guard-rail 0.1312 942 492 1120 1082
guard-rail 0.0320 193 755 523 1049
guard-rail 0.0180 1037 505 1139 1083
guard-rail 0.0035 4 743 497 979
guard-rail 0.0018 1012 612 1063 960
guard-rail 0.0016 825 544 946 1029
guard-rail 0.0015 960 511 981 594
guard-rail 0.0015 298 822 578 1038
guard-rail 0.0014 743 510 1122 1088
guard-rail 0.0014 1012 482 1103 991
guard-rail 0.0013 908 622 972 964
guard-rail 0.0010 343 749 643 1082
rail 0.9099 851 482 1130 1075
rail 0.7934 17 510 939 1078
rail 0.0036 862 485 980 1066
rail 0.0021 979 468 1023 496
rail 0.0019 997 459 1036 496
rail 0.0017 941 475 1012 498
rail 0.0013 899 475 998 503
rail 0.0013 976 473 1021 517
rail 0.0010 997 475 1038 514
track-sign-front 0.0236 875 465 895 484
track-sign-front 0.0114 1104 507 1132 534
track-sign-front 0.0074 1014 461 1048 499
track-sign-front 0.0074 995 450 1038 501
track-sign-front 0.0044 1013 445 1042 481
track-sign-front 0.0036 1001 444 1031 486
track-sign-front 0.0028 982 457 1022 499
track-sign-front 0.0028 877 460 915 484
track-sign-front 0.0024 875 463 902 490
track-sign-front 0.0021 806 465 838 496
track-sign-front 0.0021 908 374 924 429
track-sign-front 0.0018 1013 475 1050 519
track-sign-front 0.0016 763 515 786 566
track-sign-front 0.0015 800 466 825 497
track-sign-front 0.0015 1090 501 1120 539
track-sign-front 0.0013 664 451 692 487
track-sign-front 0.0012 997 472 1038 515
track-signal-front 0.0035 982 414 993 434
track-signal-front 0.0031 981 411 996 450
track-signal-front 0.0012 1006 428 1035 475
track-signal-front 0.0012 1066 409 1088 455
pole 0.0016 985 431 1017 497
