crossing 0.0012 753 676 807 732
guard-rail 0.0040 755 663 774 724
guard-rail 0.0035 770 667 810 719
guard-rail 0.0029 653 666 724 724
guard-rail 0.0013 4 833 207 952
guard-rail 0.0012 766 695 821 728
guard-rail 0.0011 751 674 767 738
guard-rail 0.0010 869 818 927 906
guard-rail 0.0010 683 655 727 716
platform 0.6518 -3 698 546 950
platform 0.1539 776 643 866 668
platform 0.0133 779 633 898 660
platform 0.0093 771 650 815 701
platform 0.0043 767 641 822 664
platform 0.0039 768 641 858 692
platform 0.0030 776 647 895 681
platform 0.0020 805 649 868 677
platform 0.0014 116 741 412 899
platform 0.0012 774 670 867 719
platform 0.0011 766 635 950 687
rail 0.9555 752 645 1039 1077
rail 0.9500 5 654 745 1074
rail 0.0132 7 794 266 1019
rail 0.0093 1250 721 1899 865
rail 0.0076 1727 734 1922 975
rail 0.0075 1 856 167 1047
rail 0.0037 -5 727 385 1046
rail 0.0022 5 841 161 946
rail 0.0021 1458 742 1908 901
rail 0.0014 0 875 127 996
rail 0.0012 741 829 993 1069
rail 0.0011 1663 670 1890 1017
rail 0.0011 0 909 137 1095
rail 0.0011 2 849 98 963
track-sign-front 0.2353 480 627 503 647
track-sign-front 0.0205 186 555 216 594
track-sign-front 0.0119 268 657 287 675
track-sign-front 0.0091 656 640 666 667
track-sign-front 0.0074 290 572 344 616
track-sign-front 0.0069 301 598 322 625
track-sign-front 0.0035 657 633 668 654
track-sign-front 0.0025 652 629 679 670
track-sign-front 0.0024 314 576 349 603
track-sign-front 0.0022 1079 628 1100 659
track-sign-front 0.0021 939 643 958 667
track-sign-front 0.0013 167 550 225 598
track-sign-front 0.0012 573 655 598 697
track-sign-front 0.0011 793 626 864 660
track-sign-front 0.0011 582 678 604 709
track-sign-front 0.0010 268 659 287 718
track-sign-front 0.0010 818 617 878 657
track-signal-front 0.0015 285 573 334 599
pole 0.1409 1726 540 1870 1010
pole 0.0191 1756 107 1918 1073
pole 0.0118 1836 101 1920 1131
pole 0.0068 1291 451 1439 847
pole 0.0019 1587 609 1875 956
pole 0.0015 1851 330 1917 983
pole 0.0014 1811 318 1905 990
pole 0.0013 1536 383 1849 1015
pole 0.0010 1629 440 1937 1049
