crossing 0.0012 884 409 918 430
crossing 0.0010 897 404 931 423
rail 0.9672 699 420 1100 1077
track-sign-front 0.0383 999 406 1014 423
track-sign-front 0.0195 1511 798 1543 833
track-sign-front 0.0073 1034 392 1047 413
track-sign-front 0.0032 1511 777 1545 847
track-sign-front 0.0030 795 390 824 411
track-sign-front 0.0023 1510 702 1551 877
track-sign-front 0.0023 1000 401 1017 432
track-sign-front 0.0022 1247 415 1263 436
track-sign-front 0.0017 1521 694 1552 802
track-sign-front 0.0016 1507 716 1547 816
track-sign-front 0.0011 1522 633 1558 819
