rail 0.9539 482 405 961 1076
track-sign-front 0.0061 303 391 313 410
track-sign-front 0.0053 585 380 602 413
track-sign-front 0.0051 1125 803 1164 839
track-sign-front 0.0024 301 388 318 415
track-sign-front 0.0021 1114 801 1170 851
track-sign-front 0.0018 332 348 349 382
track-sign-front 0.0017 333 356 351 406
track-sign-front 0.0012 586 350 611 409
track-sign-front 0.0012 301 369 349 418
track-sign-front 0.0011 463 421 480 471
track-signal-front 0.3201 532 341 545 366
track-signal-front 0.0146 533 345 546 390
track-signal-front 0.0058 529 335 543 355
track-signal-front 0.0058 535 333 550 354
track-signal-front 0.0017 591 352 610 377
track-signal-front 0.0017 528 338 553 370
pole 0.0706 461 273 480 460
pole 0.0037 461 317 487 491
pole 0.0030 463 399 479 471
pole 0.0026 433 273 461 476
pole 0.0025 426 281 452 455
pole 0.0025 422 326 438 430
pole 0.0014 521 354 551 458
pole 0.0012 464 408 497 455
pole 0.0012 225 -46 295 881
rail-occluder 0.0010 331 377 355 412
