crossing 0.5746 940 628 988 647
crossing 0.0137 953 625 1010 646
crossing 0.0051 935 614 999 650
crossing 0.0038 908 630 958 647
crossing 0.0021 984 623 1031 642
rail 0.9566 876 559 1150 1076
rail 0.0090 1886 626 1920 1080
rail 0.0026 1831 634 1919 1068
rail 0.0022 1880 933 1920 1080
rail 0.0019 1869 830 1919 1083
rail 0.0016 1893 751 1920 1029
rail 0.0015 8 15 150 227
rail 0.0011 -5 -57 215 289
switch-static 0.0012 1875 986 1920 1073
track-sign-front 0.7669 1180 585 1210 621
track-sign-front 0.3453 1026 552 1038 570
track-sign-front 0.0931 837 617 853 645
track-sign-front 0.0785 1068 604 1080 625
track-sign-front 0.0092 975 543 1020 568
track-sign-front 0.0037 732 617 749 648
track-sign-front 0.0032 835 605 853 631
track-sign-front 0.0026 1170 579 1213 628
track-sign-front 0.0025 1018 549 1046 574
track-sign-front 0.0018 1060 557 1083 586
track-sign-front 0.0018 830 615 858 648
track-sign-front 0.0018 897 561 914 585
track-sign-front 0.0017 965 540 990 567
track-sign-front 0.0014 1876 987 1920 1076
track-sign-front 0.0013 1012 516 1035 574
track-sign-front 0.0011 1025 510 1042 572
track-sign-front 0.0011 896 557 925 590
pole 0.0010 -19 -61 302 463
