guard-rail 0.7815 556 856 676 1053
guard-rail 0.3245 927 854 951 1020
guard-rail 0.1023 480 726 821 1078
guard-rail 0.0876 578 775 714 1036
guard-rail 0.0432 912 860 943 1025
guard-rail 0.0307 592 859 675 1001
guard-rail 0.0223 932 841 947 972
guard-rail 0.0132 925 841 942 973
guard-rail 0.0077 157 812 288 856
guard-rail 0.0069 937 850 961 1020
guard-rail 0.0066 915 852 965 1040
guard-rail 0.0064 -1 863 114 924
guard-rail 0.0063 878 848 958 1035
guard-rail 0.0047 0 879 81 930
guard-rail 0.0038 5 843 151 935
guard-rail 0.0027 896 852 935 1030
guard-rail 0.0025 937 897 954 1038
guard-rail 0.0024 82 814 277 873
guard-rail 0.0022 203 798 296 837
guard-rail 0.0021 -1 834 77 894
guard-rail 0.0019 -1 878 40 937
guard-rail 0.0018 -1 802 30 869
guard-rail 0.0018 144 795 311 846
guard-rail 0.0018 3 808 104 866
guard-rail 0.0017 1 824 156 898
guard-rail 0.0017 137 826 229 861
guard-rail 0.0014 26 815 175 868
guard-rail 0.0013 225 793 317 828
guard-rail 0.0013 -2 826 35 893
guard-rail 0.0012 180 787 364 835
guard-rail 0.0010 290 797 841 1112
train-car 0.7502 1071 491 1920 823
train-car 0.5867 1008 617 1148 678
train-car 0.1657 741 639 863 677
train-car 0.0619 995 618 1912 901
train-car 0.0432 741 631 858 659
train-car 0.0134 998 591 1160 697
train-car 0.0049 712 612 813 680
train-car 0.0037 930 620 1119 672
train-car 0.0036 1699 483 1918 895
train-car 0.0027 995 608 1053 677
train-car 0.0019 1014 635 1137 697
train-car 0.0016 1016 599 1244 712
train-car 0.0015 959 578 1081 670
train-car 0.0014 755 621 892 676
train-car 0.0013 530 633 600 676
train-car 0.0013 1272 530 1397 637
train-car 0.0013 1321 515 1642 761
train-car 0.0012 519 626 702 682
train-car 0.0012 1012 625 1089 685
train-car 0.0011 1003 521 1165 735
platform 0.9518 910 648 1911 1070
platform 0.0851 734 646 864 680
platform 0.0156 677 623 850 674
platform 0.0134 763 626 863 677
platform 0.0129 767 652 861 690
platform 0.0123 676 649 847 687
platform 0.0103 562 646 715 679
platform 0.0085 816 661 880 692
platform 0.0047 547 657 759 692
platform 0.0039 692 593 762 691
platform 0.0039 799 643 895 677
platform 0.0036 636 649 784 705
platform 0.0020 811 618 885 691
platform 0.0015 920 647 1028 684
platform 0.0014 659 578 725 721
platform 0.0013 586 657 684 689
platform 0.0011 919 623 1074 668
rail 0.9504 704 652 981 1080
rail 0.9223 506 657 865 1079
rail 0.7701 2 665 803 955
rail 0.6447 1 684 562 848
rail 0.3890 1 697 345 807
rail 0.0972 -3 721 270 839
rail 0.0600 34 749 267 812
rail 0.0598 16 685 373 760
rail 0.0501 0 747 162 843
rail 0.0450 77 670 697 786
rail 0.0268 0 712 329 913
rail 0.0238 0 757 126 816
rail 0.0234 -8 712 235 786
rail 0.0196 5 733 181 801
rail 0.0195 0 756 83 849
rail 0.0171 2 768 59 811
rail 0.0163 114 712 371 767
rail 0.0143 0 780 144 894
rail 0.0125 178 661 824 842
rail 0.0119 1 759 67 792
rail 0.0110 26 746 137 794
rail 0.0108 86 763 214 803
rail 0.0105 0 776 34 845
rail 0.0100 -5 670 333 735
rail 0.0100 226 698 357 727
rail 0.0085 0 765 38 793
rail 0.0078 167 709 274 735
rail 0.0053 221 702 290 732
rail 0.0053 76 616 536 748
rail 0.0048 95 730 376 809
rail 0.0048 -1 738 164 937
rail 0.0044 0 869 88 934
rail 0.0043 0 767 86 918
rail 0.0043 -2 804 120 871
rail 0.0041 39 753 105 788
rail 0.0040 1 821 219 933
rail 0.0038 127 662 598 730
rail 0.0038 352 683 735 770
rail 0.0034 -6 727 130 782
rail 0.0034 121 767 173 799
rail 0.0030 429 665 757 743
rail 0.0029 0 800 32 870
rail 0.0027 -3 759 538 984
rail 0.0027 250 692 348 720
rail 0.0025 1 842 130 964
rail 0.0024 365 682 614 727
rail 0.0024 1 830 114 896
rail 0.0024 112 760 344 816
rail 0.0023 373 690 528 731
rail 0.0021 920 643 1056 688
rail 0.0020 874 645 960 1098
rail 0.0017 733 823 955 1065
rail 0.0016 189 713 426 793
rail 0.0016 533 655 767 719
rail 0.0016 0 876 69 967
rail 0.0016 73 782 328 859
rail 0.0016 241 702 541 780
rail 0.0015 563 667 715 711
rail 0.0014 48 807 261 876
rail 0.0014 34 726 190 774
rail 0.0014 215 689 397 768
rail 0.0014 176 736 446 845
rail 0.0013 727 667 842 701
rail 0.0013 687 682 818 717
rail 0.0012 10 692 158 753
rail 0.0012 0 823 37 899
rail 0.0011 0 858 45 920
rail 0.0011 511 669 608 713
rail 0.0011 -3 680 162 799
rail 0.0010 1068 901 1311 1066
rail 0.0010 3 723 71 776
rail 0.0010 0 803 247 1036
rail 0.0010 288 734 553 803
switch-indicator 0.1125 138 774 161 791
switch-indicator 0.0779 195 714 212 730
switch-indicator 0.0539 74 757 91 778
switch-indicator 0.0303 186 711 207 731
switch-indicator 0.0246 193 711 251 732
switch-indicator 0.0170 70 755 108 782
switch-indicator 0.0157 469 753 489 775
switch-indicator 0.0092 151 688 172 715
switch-indicator 0.0017 188 707 219 729
switch-indicator 0.0015 173 708 218 739
switch-left 0.0012 616 864 777 949
switch-right 0.0044 783 853 952 916
switch-right 0.0035 606 854 791 926
switch-unknown 0.0121 250 700 337 723
switch-unknown 0.0070 239 710 280 732
switch-unknown 0.0067 759 664 842 693
switch-unknown 0.0024 742 669 827 702
switch-static 0.0069 0 766 36 792
switch-static 0.0057 0 762 64 789
switch-static 0.0033 726 699 766 718
track-sign-front 0.0561 390 646 409 707
track-sign-front 0.0559 390 639 408 665
track-sign-front 0.0264 1305 528 1386 617
track-sign-front 0.0029 548 664 575 698
track-sign-front 0.0022 44 177 72 199
track-sign-front 0.0021 149 671 164 713
track-sign-front 0.0011 386 621 413 691
track-signal-front 0.0053 103 275 132 335
track-signal-front 0.0053 810 606 843 659
track-signal-front 0.0047 819 601 832 627
track-signal-front 0.0032 905 577 940 663
track-signal-front 0.0025 932 546 971 666
track-signal-front 0.0020 814 607 869 659
track-signal-front 0.0017 861 601 897 657
track-signal-front 0.0016 105 281 148 342
track-signal-back 0.4128 393 572 410 598
track-signal-back 0.0017 958 548 973 631
pole 0.7207 520 282 560 825
pole 0.3823 691 490 709 722
pole 0.3622 345 464 363 718
pole 0.2804 1699 187 1744 860
pole 0.2668 1071 278 1108 723
pole 0.1112 680 492 713 735
pole 0.0836 318 485 339 716
pole 0.0685 720 512 738 708
pole 0.0454 527 307 583 826
pole 0.0448 389 645 410 711
pole 0.0392 690 532 727 741
pole 0.0387 389 578 408 703
pole 0.0386 732 562 756 687
pole 0.0360 713 552 745 696
pole 0.0240 310 527 330 712
pole 0.0216 726 539 739 685
pole 0.0216 1082 502 1102 714
pole 0.0210 960 551 974 667
pole 0.0188 1564 653 1581 943
pole 0.0178 1157 442 1173 715
pole 0.0147 1042 278 1099 728
pole 0.0140 1343 625 1360 875
pole 0.0140 389 629 409 681
pole 0.0126 1025 612 1109 676
pole 0.0120 343 575 360 719
pole 0.0118 1160 609 1170 732
pole 0.0114 668 495 744 732
pole 0.0095 694 534 706 686
pole 0.0093 301 478 375 729
pole 0.0084 366 507 410 732
pole 0.0081 1059 508 1083 706
pole 0.0072 660 521 690 734
pole 0.0072 293 540 332 711
pole 0.0069 521 421 548 771
pole 0.0068 1003 560 1033 682
pole 0.0066 692 634 722 719
pole 0.0063 386 629 416 731
pole 0.0062 511 482 539 754
pole 0.0060 348 535 365 675
pole 0.0049 1665 276 1803 871
pole 0.0047 721 604 794 681
pole 0.0044 1012 596 1082 679
pole 0.0041 1337 602 1356 830
pole 0.0037 318 536 332 683
pole 0.0035 1163 611 1175 724
pole 0.0035 37 450 54 752
pole 0.0034 1021 517 1058 697
pole 0.0030 630 520 782 739
pole 0.0030 383 559 415 693
pole 0.0030 702 515 751 710
pole 0.0028 1062 290 1091 622
pole 0.0028 337 623 399 753
pole 0.0027 358 555 395 732
pole 0.0026 695 505 705 634
pole 0.0026 965 559 1028 681
pole 0.0026 675 593 843 717
pole 0.0025 661 589 718 710
pole 0.0023 1083 341 1109 669
pole 0.0023 32 338 62 786
pole 0.0022 1688 368 1766 819
pole 0.0022 1345 686 1358 822
pole 0.0021 659 574 688 686
pole 0.0020 258 590 305 713
pole 0.0018 1049 398 1088 712
pole 0.0018 489 452 558 857
pole 0.0018 1699 221 1732 573
pole 0.0017 878 405 901 707
pole 0.0016 504 477 579 803
pole 0.0016 352 615 388 730
pole 0.0016 1549 576 1588 918
pole 0.0015 1159 510 1170 651
pole 0.0015 1566 732 1579 870
pole 0.0014 1160 475 1181 732
pole 0.0014 254 512 334 727
pole 0.0014 492 524 520 722
pole 0.0014 1027 359 1078 744
pole 0.0014 1715 484 1752 812
pole 0.0013 1711 356 1739 699
pole 0.0013 571 601 646 694
pole 0.0013 1339 657 1353 783
pole 0.0013 868 372 896 687
pole 0.0013 1161 596 1182 703
pole 0.0012 941 599 999 679
pole 0.0012 499 319 636 829
pole 0.0012 1156 579 1176 691
pole 0.0011 1660 375 1682 679
pole 0.0011 508 548 537 690
pole 0.0010 1142 424 1171 728
pole 0.0010 588 579 624 690
pole 0.0010 1150 519 1178 709
pole 0.0010 521 423 612 798
pole 0.0010 1032 455 1067 706
pole 0.0010 1643 213 1719 831
rail-occluder 0.2659 512 723 531 751
rail-occluder 0.1153 239 713 266 733
rail-occluder 0.1047 354 693 374 726
rail-occluder 0.1030 240 718 264 750
rail-occluder 0.0842 139 774 161 792
rail-occluder 0.0519 246 710 271 727
rail-occluder 0.0503 388 671 407 717
rail-occluder 0.0425 350 692 366 722
rail-occluder 0.0236 444 698 462 720
rail-occluder 0.0217 231 712 274 738
rail-occluder 0.0210 448 690 463 717
rail-occluder 0.0199 468 753 492 774
rail-occluder 0.0183 514 716 540 745
rail-occluder 0.0181 234 732 264 775
rail-occluder 0.0168 560 721 596 741
rail-occluder 0.0162 229 721 258 756
rail-occluder 0.0161 514 715 544 807
rail-occluder 0.0161 507 754 524 833
rail-occluder 0.0144 372 681 401 730
rail-occluder 0.0121 190 716 217 734
rail-occluder 0.0110 645 673 667 697
rail-occluder 0.0109 45 757 95 783
rail-occluder 0.0108 542 721 602 750
rail-occluder 0.0107 56 760 105 790
rail-occluder 0.0089 684 660 709 725
rail-occluder 0.0086 283 666 314 705
rail-occluder 0.0083 541 715 595 739
rail-occluder 0.0077 145 679 164 719
rail-occluder 0.0076 549 675 570 699
rail-occluder 0.0074 345 691 384 730
rail-occluder 0.0074 125 764 159 788
rail-occluder 0.0073 290 690 339 713
rail-occluder 0.0065 275 686 324 715
rail-occluder 0.0065 689 654 717 731
rail-occluder 0.0059 702 633 752 701
rail-occluder 0.0053 137 774 185 797
rail-occluder 0.0053 690 684 713 731
rail-occluder 0.0052 443 693 471 722
rail-occluder 0.0051 244 693 311 728
rail-occluder 0.0048 838 669 860 695
rail-occluder 0.0044 142 691 173 733
rail-occluder 0.0042 720 701 753 722
rail-occluder 0.0042 104 671 146 725
rail-occluder 0.0041 287 698 352 723
rail-occluder 0.0040 493 754 520 808
rail-occluder 0.0038 218 743 257 796
rail-occluder 0.0038 634 663 676 689
rail-occluder 0.0038 682 686 705 734
rail-occluder 0.0037 502 788 518 837
rail-occluder 0.0036 375 670 418 719
rail-occluder 0.0034 613 675 670 701
rail-occluder 0.0033 722 687 776 713
rail-occluder 0.0030 255 561 357 779
rail-occluder 0.0028 468 725 514 773
rail-occluder 0.0028 715 650 797 689
rail-occluder 0.0027 463 750 501 777
rail-occluder 0.0027 217 730 279 779
rail-occluder 0.0027 322 690 393 725
rail-occluder 0.0025 704 665 759 730
rail-occluder 0.0024 636 671 675 704
rail-occluder 0.0022 804 668 859 695
rail-occluder 0.0021 312 686 455 731
rail-occluder 0.0021 384 641 420 711
rail-occluder 0.0020 410 691 506 725
rail-occluder 0.0019 256 649 337 716
rail-occluder 0.0018 337 671 461 774
rail-occluder 0.0018 259 637 301 711
rail-occluder 0.0018 104 679 162 745
rail-occluder 0.0017 80 670 183 726
rail-occluder 0.0016 544 667 612 715
rail-occluder 0.0016 209 772 250 800
rail-occluder 0.0016 526 672 571 714
rail-occluder 0.0015 492 722 538 841
rail-occluder 0.0015 660 671 803 723
rail-occluder 0.0015 531 733 576 780
rail-occluder 0.0015 76 696 148 756
rail-occluder 0.0014 175 713 225 743
rail-occluder 0.0013 577 674 649 710
rail-occluder 0.0013 551 642 614 698
rail-occluder 0.0013 453 681 522 723
rail-occluder 0.0013 552 648 680 691
rail-occluder 0.0012 102 757 182 789
rail-occluder 0.0012 599 665 712 712
rail-occluder 0.0012 695 683 809 716
rail-occluder 0.0012 657 633 716 716
rail-occluder 0.0011 612 660 695 689
rail-occluder 0.0011 498 686 585 764
rail-occluder 0.0010 565 726 628 748
rail-occluder 0.0010 55 762 150 802
rail-occluder 0.0010 563 701 647 740
