train-car 0.0018 829 484 872 511
train-car 0.0011 845 486 898 510
train-car 0.0010 817 473 854 514
rail 0.9604 891 499 1187 1076
rail 0.9496 30 502 898 1076
rail 0.7881 3 510 839 801
rail 0.2614 774 508 840 538
rail 0.0913 753 502 817 538
rail 0.0742 792 507 893 534
rail 0.0692 698 507 810 545
rail 0.0279 622 509 812 569
rail 0.0189 837 505 900 530
rail 0.0174 763 514 837 554
rail 0.0161 744 501 848 548
rail 0.0140 724 504 796 538
rail 0.0133 812 491 890 531
rail 0.0110 623 528 780 584
rail 0.0097 334 502 857 719
rail 0.0094 859 498 920 523
rail 0.0091 759 494 842 533
rail 0.0086 737 518 821 567
rail 0.0066 888 495 947 524
rail 0.0064 787 515 865 552
rail 0.0056 510 512 801 606
rail 0.0055 706 535 801 578
rail 0.0053 36 488 816 670
rail 0.0031 3 567 563 744
rail 0.0022 593 491 838 591
rail 0.0021 561 533 809 635
rail 0.0018 1593 16 1899 1111
rail 0.0015 30 588 691 874
rail 0.0014 608 549 720 591
rail 0.0014 542 565 717 622
switch-unknown 0.0222 842 508 899 530
switch-unknown 0.0166 776 515 826 553
switch-unknown 0.0145 867 505 911 526
switch-unknown 0.0125 861 495 921 525
switch-unknown 0.0072 709 560 776 583
switch-unknown 0.0069 756 523 805 572
switch-unknown 0.0069 664 556 732 586
switch-unknown 0.0063 664 540 736 576
switch-unknown 0.0062 713 537 794 584
switch-unknown 0.0046 797 516 856 551
switch-unknown 0.0022 641 543 696 573
switch-unknown 0.0011 915 496 964 526
switch-static 0.0138 724 562 785 583
switch-static 0.0129 756 565 783 581
switch-static 0.0068 667 552 705 584
switch-static 0.0037 578 576 613 598
switch-static 0.0017 632 555 698 588
switch-static 0.0015 584 570 632 599
switch-static 0.0014 769 565 814 585
switch-static 0.0011 570 574 623 605
switch-static 0.0011 653 572 712 596
track-sign-front 0.0195 1043 489 1066 522
track-sign-front 0.0087 1028 467 1055 508
track-sign-front 0.0047 1022 459 1046 495
track-sign-front 0.0039 1038 474 1066 509
track-sign-front 0.0031 1029 460 1050 485
track-sign-front 0.0017 1047 490 1076 544
track-sign-front 0.0010 1009 476 1044 532
track-sign-front 0.0010 1037 492 1071 533
track-signal-front 0.0027 832 477 868 510
track-signal-front 0.0019 843 477 896 512
pole 0.0025 1610 -34 1900 1060
rail-occluder 0.0118 667 547 700 577
rail-occluder 0.0104 593 572 624 592
rail-occluder 0.0029 600 567 640 591
rail-occluder 0.0017 581 570 621 599
