crossing 0.6753 959 736 1091 775
crossing 0.4681 1367 726 1516 763
crossing 0.1842 1738 732 1882 766
crossing 0.0843 1330 719 1475 756
crossing 0.0479 957 743 1024 773
crossing 0.0406 1301 622 1344 777
crossing 0.0240 1788 729 1915 766
crossing 0.0160 1654 722 1882 772
crossing 0.0118 1301 723 1408 760
crossing 0.0083 1753 700 1919 767
crossing 0.0082 1293 704 1411 751
crossing 0.0052 1847 741 1919 778
crossing 0.0042 1315 735 1393 765
crossing 0.0037 1293 584 1357 811
crossing 0.0036 1654 684 1913 781
crossing 0.0029 926 679 1118 853
crossing 0.0028 1317 694 1441 726
crossing 0.0023 1279 630 1409 772
crossing 0.0021 1881 730 1921 771
crossing 0.0019 1297 705 1671 795
crossing 0.0017 1326 682 1545 833
crossing 0.0017 940 710 1100 773
crossing 0.0016 937 577 966 592
crossing 0.0014 1885 744 1920 783
crossing 0.0012 947 578 979 594
crossing 0.0011 1262 648 1582 812
crossing 0.0010 1306 673 1391 729
crossing 0.0010 938 730 1067 799
crossing 0.0010 894 625 1186 921
guard-rail 0.0013 1834 824 1919 1052
guard-rail 0.0012 1804 928 1921 1028
platform 0.9055 -1 587 943 1076
platform 0.5819 1084 579 1919 779
platform 0.1717 1337 620 1934 750
platform 0.0675 1067 581 1380 628
platform 0.0245 1231 595 1894 712
platform 0.0236 1535 646 1914 761
platform 0.0200 1271 582 1344 634
platform 0.0111 1645 690 1915 772
platform 0.0080 1745 705 1920 768
platform 0.0045 1153 597 1696 662
platform 0.0043 1282 601 1370 639
platform 0.0031 1049 580 1412 670
platform 0.0029 1439 571 1535 677
platform 0.0028 1339 567 1937 895
platform 0.0026 1815 718 1918 775
platform 0.0025 1133 578 1455 777
platform 0.0024 1755 694 1920 828
platform 0.0019 1457 581 1566 732
platform 0.0016 1332 617 1407 662
platform 0.0016 1281 592 1379 759
platform 0.0016 1481 636 1717 733
platform 0.0015 1626 656 1922 857
platform 0.0014 1612 600 1700 763
platform 0.0014 1648 659 1925 736
platform 0.0013 1339 596 1574 705
platform 0.0011 1564 631 1746 757
platform 0.0011 1288 607 1620 668
platform 0.0011 1146 583 1317 625
platform 0.0010 1101 554 1489 688
rail 0.9599 944 581 1282 1073
rail 0.8977 983 573 1919 1043
rail 0.0040 1242 609 1907 851
rail 0.0016 1569 668 1931 808
rail 0.0011 1851 765 1920 1047
track-sign-front 0.5080 1296 592 1335 631
track-sign-front 0.0362 1235 534 1254 550
track-sign-front 0.0252 1381 544 1396 564
track-sign-front 0.0226 1320 522 1337 546
track-sign-front 0.0128 1651 565 1671 605
track-sign-front 0.0069 1349 602 1378 658
track-sign-front 0.0052 111 39 139 75
track-sign-front 0.0043 1297 582 1351 656
track-sign-front 0.0039 1494 565 1515 640
track-sign-front 0.0033 1490 489 1515 678
track-sign-front 0.0031 1298 564 1327 629
track-sign-front 0.0029 1227 533 1257 555
track-sign-front 0.0025 1324 516 1343 543
track-sign-front 0.0025 1490 531 1510 581
track-sign-front 0.0023 1028 546 1049 595
track-sign-front 0.0014 1315 522 1337 566
track-sign-front 0.0014 1490 499 1511 611
track-sign-front 0.0013 1493 514 1520 582
track-sign-front 0.0012 1204 536 1233 554
track-sign-front 0.0011 1795 318 1819 338
track-sign-front 0.0011 1333 606 1388 653
track-sign-front 0.0010 1644 550 1676 611
track-sign-front 0.0010 1273 583 1328 631
track-signal-front 0.0275 1036 516 1045 545
track-signal-front 0.0151 1037 510 1047 535
track-signal-front 0.0085 1034 525 1046 566
track-signal-front 0.0081 1027 511 1044 549
track-signal-front 0.0064 1319 521 1337 548
track-signal-front 0.0029 968 508 984 533
track-signal-front 0.0026 1485 430 1520 486
track-signal-front 0.0022 973 506 999 560
track-signal-front 0.0021 1009 519 1050 583
track-signal-front 0.0020 982 518 1001 580
track-signal-front 0.0020 1485 403 1524 468
track-signal-front 0.0014 1491 465 1508 502
track-signal-front 0.0014 1492 469 1508 542
track-signal-front 0.0011 1322 505 1339 543
track-signal-back 0.0038 1486 407 1526 456
pole 0.4639 1298 584 1335 798
pole 0.1314 1308 605 1328 802
pole 0.0282 1497 576 1517 729
pole 0.0195 1504 606 1516 728
pole 0.0148 1312 658 1332 810
pole 0.0138 1658 564 1673 778
pole 0.0066 1240 571 1368 787
pole 0.0060 1493 529 1516 674
pole 0.0054 1660 623 1671 758
pole 0.0038 1451 579 1562 730
pole 0.0030 1562 582 1769 765
pole 0.0029 1311 709 1326 799
pole 0.0026 1283 585 1324 803
pole 0.0022 1389 601 1631 735
pole 0.0021 1103 552 1525 923
pole 0.0021 1483 452 1517 690
pole 0.0020 1621 568 1709 752
pole 0.0019 1500 603 1526 765
pole 0.0016 1506 630 1523 739
pole 0.0016 1314 720 1335 789
pole 0.0016 1640 546 1678 794
pole 0.0014 1483 535 1532 724
rail-occluder 0.0178 1359 620 1378 665
rail-occluder 0.0020 1358 623 1384 697
