platform 0.9156 1148 823 1917 1076
platform 0.0079 0 851 41 1005
platform 0.0024 0 853 66 1039
rail 0.9670 737 595 1045 1076
rail 0.9442 0 605 928 1074
rail 0.0025 901 597 952 627
rail 0.0020 0 860 33 969
rail 0.0015 895 566 950 627
rail 0.0011 921 599 961 622
rail 0.0010 410 606 530 735
switch-indicator 0.0091 877 626 891 645
switch-unknown 0.0031 925 594 957 620
switch-static 0.0750 849 683 890 702
switch-static 0.0264 608 692 651 708
switch-static 0.0063 877 626 897 646
switch-static 0.0023 854 687 893 712
switch-static 0.0018 618 689 663 706
track-sign-front 0.8158 1403 617 1459 654
track-sign-front 0.8068 453 637 536 721
track-sign-front 0.3348 663 598 683 619
track-sign-front 0.2655 1023 598 1047 621
track-sign-front 0.1134 1896 674 1918 705
track-sign-front 0.0297 0 858 31 902
track-sign-front 0.0275 1765 619 1797 669
track-sign-front 0.0108 1405 582 1448 644
track-sign-front 0.0095 1407 567 1437 622
track-sign-front 0.0060 1401 625 1458 707
track-sign-front 0.0053 1410 638 1447 761
track-sign-front 0.0036 258 682 290 729
track-sign-front 0.0030 872 602 897 650
track-sign-front 0.0029 1372 510 1485 755
track-sign-front 0.0023 668 581 706 618
track-sign-front 0.0021 1890 656 1915 707
track-sign-front 0.0021 871 594 912 646
track-sign-front 0.0019 455 603 532 804
track-sign-front 0.0016 0 856 34 968
track-sign-front 0.0015 1744 621 1810 672
track-sign-front 0.0015 4 803 24 893
track-sign-front 0.0015 1025 594 1069 619
track-sign-front 0.0011 1304 583 1328 608
track-sign-front 0.0011 487 746 507 887
track-sign-front 0.0010 212 599 748 844
track-signal-front 0.0971 1221 4 1426 259
track-signal-front 0.0032 419 476 444 505
track-signal-back 0.7596 1229 1 1422 271
person 0.0133 135 721 166 831
pole 0.3584 874 468 887 641
pole 0.1674 483 667 506 918
pole 0.1473 472 616 520 974
pole 0.0595 867 494 904 637
pole 0.0450 485 750 514 956
pole 0.0274 901 509 922 630
pole 0.0131 494 796 518 958
pole 0.0052 875 497 894 692
pole 0.0051 474 666 501 960
pole 0.0039 870 544 894 639
pole 0.0030 462 739 505 976
pole 0.0027 500 852 515 945
pole 0.0027 864 466 883 639
pole 0.0026 872 547 919 634
pole 0.0025 485 727 503 876
pole 0.0022 492 849 511 949
pole 0.0021 463 605 561 929
pole 0.0018 871 455 918 673
pole 0.0014 482 725 535 968
pole 0.0012 454 658 532 1047
pole 0.0010 884 0 973 742
rail-occluder 0.0028 -1 856 39 967
