guard-rail 0.0010 1116 714 1161 1062
platform 0.3743 1079 417 1169 440
platform 0.1861 1275 440 1323 503
platform 0.0219 1063 414 1181 460
platform 0.0174 1221 433 1279 463
platform 0.0170 1106 422 1198 447
platform 0.0129 1220 424 1260 455
platform 0.0129 1154 417 1214 444
platform 0.0105 1179 413 1228 448
platform 0.0059 1121 413 1206 435
platform 0.0051 1157 409 1220 435
platform 0.0047 1261 446 1322 531
platform 0.0042 1174 404 1239 435
platform 0.0038 1251 425 1344 525
platform 0.0029 1217 399 1261 433
platform 0.0027 1216 445 1317 504
platform 0.0016 1255 432 1327 470
platform 0.0012 1187 427 1240 456
platform 0.0010 1185 430 1293 491
rail 0.9584 695 433 1158 1078
rail 0.9528 1147 434 1918 1078
rail 0.9117 1138 430 1479 1076
rail 0.7232 1077 431 1174 1082
rail 0.6755 1244 458 1908 773
rail 0.4496 1839 540 1921 621
rail 0.3808 1838 583 1920 670
rail 0.3315 1841 611 1918 733
rail 0.2065 1824 562 1923 641
rail 0.1779 1826 523 1922 594
rail 0.0766 1316 447 1403 491
rail 0.0680 1861 604 1919 699
rail 0.0446 1069 418 1167 452
rail 0.0369 1821 509 1920 567
rail 0.0345 1733 554 1927 647
rail 0.0339 1338 521 1928 687
rail 0.0288 1845 624 1921 822
rail 0.0225 1331 440 1401 477
rail 0.0172 1764 567 1917 726
rail 0.0160 1868 632 1920 750
rail 0.0158 1863 511 1922 561
rail 0.0157 1849 496 1918 548
rail 0.0149 1275 440 1335 489
rail 0.0145 1053 440 1149 481
rail 0.0142 1315 454 1400 529
rail 0.0134 1056 455 1111 495
rail 0.0115 1317 434 1393 467
rail 0.0085 1782 530 1859 597
rail 0.0079 1242 157 1842 769
rail 0.0058 1717 503 1942 574
rail 0.0045 1887 481 1920 548
rail 0.0045 1796 488 1931 544
rail 0.0035 1818 464 1918 636
rail 0.0034 1760 510 1856 639
rail 0.0030 1128 429 1194 463
rail 0.0030 1697 374 1931 707
rail 0.0028 1765 559 1872 662
rail 0.0028 1761 598 1920 882
rail 0.0023 1792 584 1874 642
rail 0.0022 1723 471 1943 546
rail 0.0019 1236 436 1371 516
rail 0.0017 1109 626 1164 1054
rail 0.0017 1272 431 1385 463
rail 0.0016 1062 470 1100 509
rail 0.0015 1819 641 1910 947
rail 0.0013 1312 468 1397 576
rail 0.0013 1042 451 1107 482
rail 0.0013 1346 454 1432 499
rail 0.0011 1092 475 1166 854
rail 0.0010 1605 543 1917 652
rail 0.0010 1798 589 1880 694
switch-indicator 0.0021 1053 507 1078 551
switch-indicator 0.0012 997 485 1011 505
switch-unknown 0.0087 1152 430 1198 461
switch-unknown 0.0076 1057 458 1108 493
switch-unknown 0.0025 1068 453 1139 485
switch-static 0.0121 1201 541 1239 574
track-sign-front 0.4551 1785 543 1838 597
track-sign-front 0.1769 689 579 726 621
track-sign-front 0.0985 1277 441 1322 502
track-sign-front 0.0179 1223 420 1259 458
track-sign-front 0.0080 1229 397 1259 429
track-sign-front 0.0068 1899 442 1919 511
track-sign-front 0.0059 1273 356 1289 381
track-sign-front 0.0056 1770 521 1852 651
track-sign-front 0.0033 1217 388 1261 437
track-sign-front 0.0030 998 483 1011 505
track-sign-front 0.0024 1263 451 1324 521
track-sign-front 0.0023 1788 509 1843 578
track-sign-front 0.0022 711 624 733 666
track-sign-front 0.0020 1781 589 1855 635
track-sign-front 0.0020 1279 426 1328 475
track-sign-front 0.0013 1876 439 1920 525
track-sign-front 0.0013 699 589 728 657
track-sign-front 0.0011 1770 549 1829 625
track-signal-front 0.0087 1274 356 1291 380
track-signal-front 0.0026 1255 356 1290 381
track-signal-front 0.0014 1165 380 1206 417
track-signal-front 0.0013 1278 354 1298 378
pole 0.0171 1269 131 1834 779
pole 0.0020 1346 201 1642 726
pole 0.0015 1788 233 1897 709
pole 0.0015 1680 226 1927 804
pole 0.0014 1281 419 1326 486
pole 0.0012 1740 87 1880 844
pole 0.0012 1626 89 1862 841
rail-occluder 0.5451 1373 98 1890 774
rail-occluder 0.3244 1273 443 1322 505
rail-occluder 0.0215 1202 540 1243 577
rail-occluder 0.0072 1274 435 1383 491
rail-occluder 0.0043 1209 510 1259 594
rail-occluder 0.0037 1065 469 1097 510
rail-occluder 0.0035 1194 531 1256 583
rail-occluder 0.0026 1453 238 1751 749
rail-occluder 0.0024 1261 430 1341 542
rail-occluder 0.0019 1383 153 1672 698
rail-occluder 0.0017 1790 560 1867 632
rail-occluder 0.0016 1236 507 1262 603
rail-occluder 0.0012 1487 470 1706 748
rail-occluder 0.0012 1251 461 1356 574
rail-occluder 0.0012 1319 496 1394 597
rail-occluder 0.0011 1280 479 1330 558
rail-occluder 0.0011 1285 447 1369 535
