crossing 0.0054 480 648 624 686
crossing 0.0012 454 646 639 719
guard-rail 0.0835 1172 419 1275 488
guard-rail 0.0241 1177 464 1256 539
guard-rail 0.0193 1170 413 1235 472
guard-rail 0.0063 1160 428 1223 520
guard-rail 0.0063 1176 457 1226 529
guard-rail 0.0053 699 508 792 558
guard-rail 0.0036 1042 392 1105 495
guard-rail 0.0016 1165 468 1279 564
train-car 0.8801 558 313 1002 527
train-car 0.0373 848 361 1006 425
train-car 0.0185 680 341 1011 450
train-car 0.0123 807 360 989 471
train-car 0.0065 527 422 685 530
train-car 0.0049 909 362 1008 415
train-car 0.0040 1086 380 1130 408
train-car 0.0038 657 364 974 503
train-car 0.0031 1109 381 1168 410
train-car 0.0028 862 368 1047 464
train-car 0.0023 1084 364 1133 395
train-car 0.0014 745 365 853 488
train-car 0.0014 1130 378 1174 415
train-car 0.0012 457 344 768 567
train-car 0.0010 1124 354 1168 401
rail 0.9593 722 393 1125 1075
rail 0.8597 1157 396 1922 1078
rail 0.8593 8 428 1055 1035
rail 0.8059 1045 407 1177 510
rail 0.7613 1256 418 1908 643
rail 0.5088 708 450 874 560
rail 0.4859 1223 408 1532 519
rail 0.4372 1396 432 1900 558
rail 0.3541 1628 529 1918 642
rail 0.3067 1615 480 1912 551
rail 0.2997 1118 414 1232 1080
rail 0.2211 741 470 863 544
rail 0.1729 766 441 895 546
rail 0.1714 1042 462 1139 514
rail 0.1708 1133 400 1550 1079
rail 0.1409 1522 305 1637 583
rail 0.1292 841 447 887 510
rail 0.1281 711 497 846 564
rail 0.1045 1358 437 1540 524
rail 0.0803 1523 485 1922 626
rail 0.0791 1189 400 1470 479
rail 0.0727 1164 410 1281 488
rail 0.0655 1338 418 1645 546
rail 0.0626 1420 445 1596 548
rail 0.0596 1649 503 1918 589
rail 0.0543 1662 468 1910 523
rail 0.0513 1253 407 1393 454
rail 0.0504 1707 490 1913 541
rail 0.0378 1285 412 1462 465
rail 0.0324 1467 362 1650 551
rail 0.0308 -3 609 640 997
rail 0.0308 1351 427 1502 489
rail 0.0290 1298 451 1406 515
rail 0.0279 1268 412 1355 447
rail 0.0263 1040 398 1115 516
rail 0.0259 1413 462 1572 521
rail 0.0245 1022 403 1147 1083
rail 0.0229 1713 559 1917 654
rail 0.0223 1118 412 1182 488
rail 0.0212 1321 407 1562 479
rail 0.0202 1145 402 1341 507
rail 0.0192 817 444 903 516
rail 0.0172 798 458 885 532
rail 0.0154 1392 493 1459 538
rail 0.0133 1313 429 1403 496
rail 0.0125 691 506 802 558
rail 0.0122 1300 415 1402 456
rail 0.0118 1358 424 1634 492
rail 0.0106 1364 422 1484 462
rail 0.0106 1391 313 1847 574
rail 0.0092 1785 481 1912 519
rail 0.0088 645 490 853 609
rail 0.0088 1100 402 1262 493
rail 0.0086 534 443 673 534
rail 0.0081 1225 402 1347 440
rail 0.0081 1166 620 1229 1080
rail 0.0075 1741 511 1919 572
rail 0.0073 1322 435 1696 683
rail 0.0073 1304 411 1353 440
rail 0.0072 547 530 664 571
rail 0.0066 847 365 1000 433
rail 0.0061 1479 417 1664 622
rail 0.0058 1256 433 1562 581
rail 0.0056 496 448 927 571
rail 0.0054 1738 537 1919 623
rail 0.0054 1188 404 1322 468
rail 0.0051 1477 523 1919 710
rail 0.0050 1885 381 1920 806
rail 0.0048 1153 415 1231 496
rail 0.0046 1256 219 1937 654
rail 0.0042 1561 454 1874 533
rail 0.0040 1759 582 1917 681
rail 0.0039 361 452 849 622
rail 0.0036 1816 457 1902 509
rail 0.0036 994 427 1174 558
rail 0.0034 1581 415 1898 507
rail 0.0034 1428 491 1651 556
rail 0.0033 1261 436 1435 532
rail 0.0033 694 402 959 578
rail 0.0031 790 457 1054 585
rail 0.0031 1122 366 1623 654
rail 0.0030 1301 406 1449 443
rail 0.0028 1173 397 1296 433
rail 0.0026 826 468 965 529
rail 0.0026 1096 421 1169 516
rail 0.0025 1422 437 1567 481
rail 0.0024 1169 511 1352 1083
rail 0.0023 635 486 713 563
rail 0.0021 128 396 1074 776
rail 0.0020 1858 408 1917 785
rail 0.0020 892 449 1003 505
rail 0.0019 1152 398 1250 427
rail 0.0019 1476 476 1604 537
rail 0.0017 1244 379 1484 449
rail 0.0017 949 433 1130 1011
rail 0.0016 1658 480 1830 533
rail 0.0016 525 499 657 565
rail 0.0016 569 511 713 567
rail 0.0016 1272 457 1911 825
rail 0.0016 1313 404 1382 440
rail 0.0016 575 423 942 643
rail 0.0014 707 375 992 495
rail 0.0014 1653 578 1924 696
rail 0.0013 1227 626 1603 1072
rail 0.0012 917 367 1008 424
rail 0.0012 650 502 775 563
rail 0.0012 979 417 1391 1085
rail 0.0012 630 426 897 550
rail 0.0012 1725 537 1921 730
rail 0.0012 753 425 885 485
rail 0.0011 1805 617 1914 677
rail 0.0011 828 410 914 488
rail 0.0011 1022 407 1090 507
rail 0.0010 1838 558 1916 696
rail 0.0010 1256 435 1354 498
switch-indicator 0.2774 931 477 974 534
switch-indicator 0.1751 1360 496 1391 528
switch-indicator 0.1019 1343 475 1381 519
switch-indicator 0.0750 1338 468 1363 505
switch-indicator 0.0542 1403 501 1431 538
switch-indicator 0.0516 907 518 927 578
switch-indicator 0.0493 847 447 886 507
switch-indicator 0.0248 904 485 938 577
switch-indicator 0.0234 917 484 946 571
switch-indicator 0.0223 568 457 676 547
switch-indicator 0.0219 634 469 665 543
switch-indicator 0.0197 592 455 643 534
switch-indicator 0.0172 1287 436 1465 526
switch-indicator 0.0076 946 481 1012 535
switch-indicator 0.0065 604 472 670 560
switch-indicator 0.0046 584 483 648 561
switch-indicator 0.0035 1212 571 1244 677
switch-indicator 0.0034 549 454 640 526
switch-indicator 0.0026 646 487 698 563
switch-indicator 0.0024 907 510 950 581
switch-indicator 0.0020 1319 468 1371 512
switch-indicator 0.0020 902 525 934 592
switch-indicator 0.0018 650 471 679 540
switch-indicator 0.0016 594 534 668 570
switch-indicator 0.0015 1206 567 1235 644
switch-indicator 0.0014 606 463 772 568
switch-indicator 0.0013 904 470 964 589
switch-indicator 0.0011 887 442 1024 584
switch-indicator 0.0010 1166 544 1236 686
switch-left 0.1481 1036 470 1127 521
switch-left 0.1088 667 544 802 589
switch-left 0.0878 697 501 845 568
switch-left 0.0708 686 524 826 576
switch-left 0.0236 752 495 855 541
switch-left 0.0225 1444 484 1543 531
switch-left 0.0098 730 516 859 560
switch-left 0.0068 1471 506 1549 547
switch-left 0.0025 1023 487 1123 531
switch-left 0.0016 638 562 780 605
switch-left 0.0016 1024 476 1094 519
switch-right 0.2608 1035 475 1123 518
switch-right 0.1072 668 544 801 590
switch-right 0.0722 688 525 824 575
switch-right 0.0260 1445 485 1542 530
switch-right 0.0231 763 492 872 535
switch-right 0.0184 1453 520 1539 555
switch-right 0.0092 733 516 856 560
switch-right 0.0078 1471 506 1549 547
switch-right 0.0059 989 479 1085 531
switch-right 0.0022 623 557 752 597
switch-right 0.0018 660 536 769 577
switch-unknown 0.3720 1137 412 1183 431
switch-unknown 0.0727 1129 404 1174 428
switch-unknown 0.0627 1125 411 1177 442
switch-unknown 0.0415 1412 479 1533 530
switch-unknown 0.0400 1298 415 1354 443
switch-unknown 0.0357 1149 407 1199 429
switch-unknown 0.0296 1319 419 1385 450
switch-unknown 0.0252 1371 425 1425 451
switch-unknown 0.0247 1348 424 1402 451
switch-unknown 0.0233 1090 389 1128 407
switch-unknown 0.0223 1137 411 1203 440
switch-unknown 0.0213 1278 412 1336 437
switch-unknown 0.0183 1346 433 1406 471
switch-unknown 0.0176 1372 432 1437 471
switch-unknown 0.0154 1389 434 1462 474
switch-unknown 0.0121 1329 432 1388 489
switch-unknown 0.0119 1390 424 1454 455
switch-unknown 0.0114 1388 445 1475 511
switch-unknown 0.0085 1476 489 1544 530
switch-unknown 0.0068 1422 461 1521 514
switch-unknown 0.0065 1474 508 1545 545
switch-unknown 0.0064 1371 439 1444 512
switch-unknown 0.0042 1066 395 1160 503
switch-unknown 0.0042 1319 402 1378 438
switch-unknown 0.0032 1127 376 1176 415
switch-unknown 0.0027 1353 409 1396 437
switch-unknown 0.0016 1084 392 1125 419
switch-unknown 0.0015 1475 466 1553 511
switch-unknown 0.0011 1159 392 1238 429
switch-unknown 0.0010 1155 383 1211 420
switch-static 0.3330 1451 527 1509 555
switch-static 0.2387 958 487 1021 531
switch-static 0.0608 1476 531 1541 564
switch-static 0.0352 1407 508 1498 549
switch-static 0.0303 1449 573 1512 605
switch-static 0.0259 996 483 1087 528
switch-static 0.0224 1404 514 1437 553
switch-static 0.0207 1452 516 1556 583
switch-static 0.0193 1353 502 1392 530
switch-static 0.0183 1460 540 1537 578
switch-static 0.0177 1433 521 1522 569
switch-static 0.0170 1377 522 1432 549
switch-static 0.0132 827 584 902 609
switch-static 0.0129 1493 547 1538 575
switch-static 0.0117 1446 576 1522 622
switch-static 0.0109 1151 522 1203 563
switch-static 0.0102 1358 523 1411 548
switch-static 0.0086 1447 611 1545 657
switch-static 0.0079 809 588 874 614
switch-static 0.0059 1470 623 1542 655
switch-static 0.0039 1379 507 1462 553
switch-static 0.0035 600 538 665 572
switch-static 0.0034 857 581 937 613
switch-static 0.0032 1429 577 1498 618
switch-static 0.0032 740 597 818 623
switch-static 0.0022 561 534 654 573
switch-static 0.0020 818 582 914 631
switch-static 0.0018 835 575 913 602
switch-static 0.0018 722 487 914 578
switch-static 0.0017 1411 569 1494 602
switch-static 0.0017 980 461 1061 518
switch-static 0.0016 747 584 853 621
switch-static 0.0015 928 493 1031 552
switch-static 0.0014 848 600 939 643
switch-static 0.0013 879 540 933 608
switch-static 0.0011 753 601 838 629
track-sign-front 0.0340 1865 428 1893 475
track-sign-front 0.0133 463 414 487 442
track-sign-front 0.0043 1876 421 1913 486
track-sign-front 0.0027 512 379 554 427
track-sign-front 0.0026 500 384 543 422
track-sign-front 0.0021 527 406 590 441
track-sign-front 0.0018 531 334 556 363
track-sign-front 0.0016 1900 407 1921 479
track-sign-front 0.0011 524 448 560 522
track-sign-front 0.0010 773 434 839 473
track-sign-front 0.0010 1901 365 1920 520
person 0.0018 534 445 593 520
pole 0.7211 1539 246 1626 587
pole 0.1331 1486 312 1712 576
pole 0.0243 1893 35 1919 546
pole 0.0206 1376 279 1818 597
pole 0.0194 1902 382 1920 680
pole 0.0037 1902 171 1920 502
pole 0.0030 1873 4 1922 572
pole 0.0029 1506 298 1602 612
pole 0.0019 1865 370 1921 764
pole 0.0019 1896 453 1919 743
rail-occluder 0.3800 934 479 970 533
rail-occluder 0.1359 851 449 885 495
rail-occluder 0.0854 1408 504 1430 539
rail-occluder 0.0627 1337 465 1359 499
rail-occluder 0.0373 939 483 1001 534
rail-occluder 0.0297 1380 495 1423 532
rail-occluder 0.0296 1865 430 1893 479
rail-occluder 0.0277 1286 425 1330 474
rail-occluder 0.0274 803 449 909 525
rail-occluder 0.0228 533 448 668 532
rail-occluder 0.0213 1311 424 1365 481
rail-occluder 0.0203 1344 456 1392 514
rail-occluder 0.0189 1270 414 1319 447
rail-occluder 0.0158 905 488 927 570
rail-occluder 0.0130 1270 423 1316 476
rail-occluder 0.0109 847 459 890 520
rail-occluder 0.0093 1126 412 1182 482
rail-occluder 0.0076 1871 421 1906 491
rail-occluder 0.0074 1290 451 1404 510
rail-occluder 0.0063 877 479 953 576
rail-occluder 0.0061 847 452 913 501
rail-occluder 0.0055 1857 435 1902 507
rail-occluder 0.0054 1260 400 1313 436
rail-occluder 0.0052 1357 488 1441 535
rail-occluder 0.0037 567 450 641 527
rail-occluder 0.0035 1222 407 1293 461
rail-occluder 0.0035 1626 425 1888 523
rail-occluder 0.0031 865 478 932 519
rail-occluder 0.0030 1404 414 1482 460
rail-occluder 0.0030 889 431 1016 562
rail-occluder 0.0028 1618 389 1858 478
rail-occluder 0.0028 592 452 661 533
rail-occluder 0.0026 1283 443 1325 489
rail-occluder 0.0024 927 460 967 492
rail-occluder 0.0023 1232 392 1288 429
rail-occluder 0.0023 636 458 664 535
rail-occluder 0.0020 1829 448 1898 512
rail-occluder 0.0019 1441 411 1495 456
rail-occluder 0.0017 1445 399 1473 441
rail-occluder 0.0017 1210 420 1282 482
rail-occluder 0.0015 1848 405 1903 493
rail-occluder 0.0014 1901 420 1921 537
rail-occluder 0.0014 1457 396 1473 435
rail-occluder 0.0012 1206 391 1261 428
rail-occluder 0.0010 535 451 589 531
