crossing 0.0114 1188 547 1268 568
crossing 0.0076 1240 564 1315 584
crossing 0.0047 1257 568 1331 587
crossing 0.0043 1217 553 1299 575
crossing 0.0036 834 498 912 526
crossing 0.0031 861 501 930 531
crossing 0.0027 959 519 1024 539
crossing 0.0027 977 519 1050 539
crossing 0.0020 733 524 781 546
crossing 0.0015 1188 536 1232 556
crossing 0.0012 1001 517 1079 540
guard-rail 0.0209 1684 717 1904 792
guard-rail 0.0055 1768 739 1918 845
guard-rail 0.0038 1764 736 1905 787
guard-rail 0.0032 1801 793 1922 896
guard-rail 0.0027 1636 695 1894 775
guard-rail 0.0024 1682 717 1818 774
guard-rail 0.0023 1832 756 1919 859
guard-rail 0.0018 1836 818 1919 906
guard-rail 0.0016 1832 714 1919 793
guard-rail 0.0014 1770 834 1920 940
guard-rail 0.0013 1717 728 1807 782
guard-rail 0.0013 1705 692 1921 880
guard-rail 0.0013 1789 729 1881 772
guard-rail 0.0012 1692 786 1915 935
guard-rail 0.0011 1703 883 1916 980
train-car 0.8549 5 383 702 847
train-car 0.0025 218 461 443 755
rail 0.9599 17 495 777 1072
rail 0.9357 829 505 1186 1077
rail 0.9336 888 508 1920 1070
rail 0.8201 1031 520 1919 807
rail 0.1105 1256 560 1917 743
rail 0.0623 723 498 823 529
rail 0.0324 742 505 807 532
rail 0.0125 1356 612 1921 804
rail 0.0114 761 499 873 532
rail 0.0101 1635 693 1915 799
rail 0.0074 830 504 928 536
rail 0.0067 752 487 843 528
rail 0.0064 1094 503 1878 651
rail 0.0057 1494 652 1910 771
rail 0.0054 1464 603 1927 734
rail 0.0051 690 489 770 523
rail 0.0050 669 498 741 538
rail 0.0046 660 482 735 523
rail 0.0042 863 514 936 544
rail 0.0041 1002 515 1272 574
rail 0.0038 728 502 855 546
rail 0.0032 788 486 891 526
rail 0.0032 695 503 762 540
rail 0.0032 1066 521 1220 563
rail 0.0030 716 489 807 540
rail 0.0029 928 507 1237 559
rail 0.0028 1642 766 1918 961
rail 0.0027 1115 529 1211 565
rail 0.0026 1701 587 1924 650
rail 0.0024 1173 542 1755 696
rail 0.0024 1051 523 1385 592
rail 0.0023 1450 756 1919 1020
rail 0.0022 900 505 1313 601
rail 0.0021 1789 839 1920 920
rail 0.0021 1699 856 1921 959
rail 0.0019 945 510 1462 640
rail 0.0019 791 498 964 550
rail 0.0019 1393 565 1929 935
rail 0.0018 656 472 683 539
rail 0.0018 636 489 729 549
rail 0.0014 983 510 1194 546
rail 0.0014 1676 666 1875 721
rail 0.0013 1609 859 1920 1016
rail 0.0013 1764 683 1918 770
rail 0.0013 1298 648 1911 1075
rail 0.0012 1601 575 1924 705
rail 0.0012 1121 523 1315 577
rail 0.0012 755 522 791 545
rail 0.0011 937 516 1045 542
rail 0.0011 902 522 966 556
rail 0.0011 1686 613 1916 716
rail 0.0010 812 514 949 561
rail 0.0010 1586 658 1888 735
rail 0.0010 1737 898 1923 963
switch-unknown 0.0205 885 531 943 551
switch-unknown 0.0118 865 515 936 543
switch-unknown 0.0062 1226 558 1305 579
switch-unknown 0.0051 844 509 918 534
switch-unknown 0.0048 1198 552 1274 573
switch-unknown 0.0028 1237 561 1317 587
switch-unknown 0.0017 901 520 965 554
switch-unknown 0.0017 1182 544 1242 571
switch-unknown 0.0012 897 543 950 577
switch-static 0.0053 1185 551 1239 570
switch-static 0.0012 849 601 873 630
switch-static 0.0012 1155 550 1213 575
track-sign-front 0.0732 655 519 671 572
track-sign-front 0.0516 661 478 680 518
track-sign-front 0.0025 848 602 867 626
track-sign-front 0.0022 656 477 698 557
track-sign-front 0.0021 647 525 667 574
track-sign-front 0.0014 696 454 746 514
track-sign-front 0.0010 299 448 317 486
track-signal-front 0.1170 660 473 677 510
track-signal-front 0.0084 695 465 722 520
track-signal-front 0.0072 658 474 688 519
track-signal-front 0.0050 659 464 679 484
track-signal-front 0.0033 695 424 723 481
track-signal-front 0.0016 660 437 702 495
track-signal-back 0.0091 833 435 847 489
track-signal-back 0.0061 699 423 718 456
track-signal-back 0.0043 818 432 852 499
track-signal-back 0.0019 702 413 731 464
track-signal-back 0.0015 696 426 744 494
track-signal-back 0.0015 833 433 850 465
person 0.0334 661 477 681 520
person 0.0053 656 493 678 564
person 0.0047 654 516 676 574
person 0.0013 660 482 702 552
person 0.0010 647 523 667 573
pole 0.1159 938 417 953 538
pole 0.0658 931 369 956 545
pole 0.0361 981 353 996 528
pole 0.0297 952 350 990 546
pole 0.0252 921 347 939 531
pole 0.0236 898 395 911 517
pole 0.0210 914 388 951 523
pole 0.0170 830 446 848 521
pole 0.0074 928 362 974 552
pole 0.0066 963 368 996 515
pole 0.0061 823 472 855 529
pole 0.0057 890 411 924 526
pole 0.0050 801 443 851 528
pole 0.0041 975 429 994 525
pole 0.0037 922 356 933 490
pole 0.0031 795 468 828 513
pole 0.0031 911 345 964 538
pole 0.0019 832 436 848 491
pole 0.0018 740 470 816 520
pole 0.0017 986 361 998 486
pole 0.0016 973 353 1003 531
pole 0.0013 659 461 682 526
pole 0.0013 0 115 58 814
pole 0.0011 900 343 936 524
pole 0.0010 3 123 122 814
rail-occluder 0.0326 1150 539 1171 572
rail-occluder 0.0301 936 460 955 535
rail-occluder 0.0231 929 513 961 539
rail-occluder 0.0093 790 501 851 531
rail-occluder 0.0082 936 516 985 540
rail-occluder 0.0072 1152 532 1172 561
rail-occluder 0.0065 800 468 852 536
rail-occluder 0.0055 891 512 954 548
rail-occluder 0.0051 1153 537 1220 572
rail-occluder 0.0049 1157 552 1211 573
rail-occluder 0.0043 911 455 957 543
rail-occluder 0.0042 1143 551 1164 572
rail-occluder 0.0036 1139 535 1183 573
rail-occluder 0.0026 972 470 1001 532
rail-occluder 0.0026 818 499 878 536
rail-occluder 0.0020 948 522 992 549
rail-occluder 0.0016 936 449 999 552
rail-occluder 0.0015 1377 587 1397 606
rail-occluder 0.0015 970 525 1013 549
rail-occluder 0.0012 922 468 968 532
rail-occluder 0.0011 1762 675 1808 712
rail-occluder 0.0010 1059 513 1118 539
