guard-rail 0.6090 910 644 940 712
guard-rail 0.2808 629 637 639 708
guard-rail 0.1834 533 512 592 540
guard-rail 0.1283 692 523 705 554
guard-rail 0.1256 633 638 642 710
guard-rail 0.1226 687 520 703 548
guard-rail 0.0883 630 478 704 510
guard-rail 0.0507 641 507 701 546
guard-rail 0.0151 517 519 571 553
guard-rail 0.0134 660 467 718 491
guard-rail 0.0132 493 532 544 557
guard-rail 0.0132 460 540 518 569
guard-rail 0.0109 449 549 504 577
guard-rail 0.0108 756 495 1020 963
guard-rail 0.0099 639 642 648 718
guard-rail 0.0092 547 506 610 533
guard-rail 0.0073 525 501 600 552
guard-rail 0.0064 698 522 733 554
guard-rail 0.0060 859 631 996 730
guard-rail 0.0055 684 479 715 521
guard-rail 0.0050 681 517 712 549
guard-rail 0.0044 522 551 567 575
guard-rail 0.0042 524 496 576 536
guard-rail 0.0033 624 634 635 684
guard-rail 0.0023 622 634 647 711
guard-rail 0.0023 890 638 949 710
guard-rail 0.0022 578 488 641 519
guard-rail 0.0021 571 505 631 538
guard-rail 0.0018 469 526 521 549
guard-rail 0.0017 615 482 687 524
guard-rail 0.0016 907 599 931 685
guard-rail 0.0016 698 542 715 574
guard-rail 0.0014 551 518 601 554
guard-rail 0.0013 636 629 651 693
guard-rail 0.0011 878 613 958 740
guard-rail 0.0010 929 625 975 719
rail 0.9256 -3 440 742 977
rail 0.8891 679 426 1134 1087
rail 0.8572 1270 642 1915 1076
rail 0.7628 819 426 1921 1072
rail 0.7472 0 475 549 634
rail 0.6708 776 768 1085 1078
rail 0.6183 623 757 769 1078
rail 0.4220 696 771 786 1076
rail 0.3933 587 450 954 1086
rail 0.2527 573 769 680 1077
rail 0.2147 914 775 1121 1077
rail 0.1457 1162 621 1529 746
rail 0.1308 -3 502 372 612
rail 0.1234 655 594 1050 1011
rail 0.0906 791 735 1037 902
rail 0.0806 1051 597 1633 809
rail 0.0510 621 763 835 925
rail 0.0288 863 785 1041 1054
rail 0.0276 5 531 253 607
rail 0.0273 -3 497 273 577
rail 0.0243 752 758 1004 973
rail 0.0208 574 734 887 1074
rail 0.0199 736 802 789 1064
rail 0.0181 738 803 970 1060
rail 0.0168 565 432 779 1093
rail 0.0126 -18 452 541 568
rail 0.0118 752 788 825 1078
rail 0.0111 -1 486 570 784
rail 0.0090 612 771 718 1030
rail 0.0085 594 759 753 880
rail 0.0082 556 794 644 1047
rail 0.0062 589 673 774 945
rail 0.0061 665 820 748 1074
rail 0.0059 -5 74 168 985
rail 0.0055 -9 474 322 555
rail 0.0053 602 756 676 994
rail 0.0044 809 500 1439 1036
rail 0.0041 720 744 813 1043
rail 0.0040 3 484 164 563
rail 0.0036 5 525 176 587
rail 0.0035 1178 512 1850 935
rail 0.0035 47 550 185 592
rail 0.0033 628 474 698 534
rail 0.0030 -6 409 361 695
rail 0.0029 895 591 1205 971
rail 0.0029 -1 523 305 692
rail 0.0027 997 824 1128 1078
rail 0.0026 5 384 192 761
rail 0.0025 54 438 719 684
rail 0.0024 1 460 240 530
rail 0.0023 938 443 1667 871
rail 0.0023 651 730 907 827
rail 0.0022 846 443 970 481
rail 0.0021 7 553 164 629
rail 0.0021 1613 551 1921 788
rail 0.0021 1533 729 1925 1071
rail 0.0020 812 559 1120 1028
rail 0.0016 708 437 743 461
rail 0.0016 1483 499 1918 731
rail 0.0015 548 559 700 1056
rail 0.0014 737 767 891 963
rail 0.0012 480 796 668 1034
rail 0.0011 617 449 737 544
rail 0.0010 575 748 660 944
rail 0.0010 752 436 826 465
rail 0.0010 80 501 414 569
switch-indicator 0.2022 642 449 661 470
switch-indicator 0.1715 917 454 937 488
switch-indicator 0.0913 647 445 659 462
switch-indicator 0.0530 746 485 777 518
switch-indicator 0.0167 989 522 1042 577
switch-indicator 0.0127 635 447 668 474
switch-indicator 0.0036 918 459 940 506
switch-indicator 0.0032 1228 517 1257 550
switch-indicator 0.0020 1225 483 1252 521
switch-indicator 0.0020 991 450 1010 469
switch-indicator 0.0018 879 443 936 484
switch-indicator 0.0015 1099 718 1204 810
switch-indicator 0.0013 1113 497 1126 516
switch-indicator 0.0010 1222 489 1256 549
switch-indicator 0.0010 1126 720 1181 783
switch-left 0.2246 1197 634 1439 705
switch-left 0.1665 753 752 1046 931
switch-left 0.1208 608 739 846 897
switch-left 0.1083 704 747 1030 1074
switch-left 0.0977 1217 648 1480 733
switch-left 0.0485 1186 627 1357 679
switch-left 0.0366 622 484 699 530
switch-left 0.0302 705 757 911 874
switch-left 0.0242 751 737 1023 855
switch-left 0.0221 630 744 947 942
switch-left 0.0211 831 757 1014 877
switch-left 0.0119 1269 677 1514 741
switch-left 0.0071 1621 877 1925 1052
switch-left 0.0054 588 728 800 838
switch-left 0.0048 1174 620 1327 663
switch-left 0.0036 1318 648 1531 726
switch-left 0.0036 620 500 700 547
switch-left 0.0033 634 471 714 519
switch-left 0.0032 1295 645 1455 709
switch-left 0.0029 1447 746 1917 1058
switch-left 0.0029 1573 834 1908 1004
switch-left 0.0029 1163 612 1420 748
switch-left 0.0023 636 760 747 872
switch-left 0.0015 1175 591 1369 706
switch-left 0.0013 812 742 987 827
switch-left 0.0012 1727 893 1925 1024
switch-left 0.0012 1666 949 1920 1076
switch-left 0.0011 653 751 834 851
switch-right 0.2054 1200 633 1437 709
switch-right 0.1714 757 743 1037 887
switch-right 0.1703 607 743 846 891
switch-right 0.1211 644 474 706 495
switch-right 0.1107 625 483 702 520
switch-right 0.0746 1219 649 1477 733
switch-right 0.0688 1182 622 1387 685
switch-right 0.0258 620 496 705 538
switch-right 0.0180 707 751 907 852
switch-right 0.0169 699 443 743 463
switch-right 0.0135 634 461 696 500
switch-right 0.0101 1187 618 1335 666
switch-right 0.0065 722 771 903 910
switch-right 0.0062 663 470 718 493
switch-right 0.0046 828 758 1079 965
switch-right 0.0033 594 702 822 802
switch-right 0.0029 610 726 891 836
switch-right 0.0014 750 706 1007 798
switch-right 0.0014 1249 640 1363 692
switch-unknown 0.0201 707 440 741 456
switch-static 0.6097 995 728 1186 804
switch-static 0.5849 1417 637 1540 689
switch-static 0.3939 988 555 1069 600
switch-static 0.3063 747 492 787 523
switch-static 0.2176 1004 595 1106 647
switch-static 0.0462 623 458 658 481
switch-static 0.0426 980 531 1084 613
switch-static 0.0393 1031 750 1214 818
switch-static 0.0347 711 512 773 539
switch-static 0.0342 1042 736 1149 800
switch-static 0.0312 745 484 804 514
switch-static 0.0291 631 454 697 499
switch-static 0.0274 987 526 1040 582
switch-static 0.0238 964 745 1094 789
switch-static 0.0234 1393 632 1565 713
switch-static 0.0223 1378 632 1506 686
switch-static 0.0213 601 463 645 483
switch-static 0.0188 463 666 565 696
switch-static 0.0152 1460 630 1569 688
switch-static 0.0103 1080 721 1178 787
switch-static 0.0090 751 440 785 462
switch-static 0.0084 1132 780 1205 812
switch-static 0.0082 773 476 812 500
switch-static 0.0080 1431 608 1561 682
switch-static 0.0079 718 484 776 530
switch-static 0.0061 92 555 160 579
switch-static 0.0058 930 652 1210 884
switch-static 0.0057 977 750 1130 803
switch-static 0.0052 963 563 1074 617
switch-static 0.0048 1027 591 1129 637
switch-static 0.0047 757 503 811 529
switch-static 0.0047 734 480 797 531
switch-static 0.0040 1320 642 1479 700
switch-static 0.0036 1182 699 1280 739
switch-static 0.0033 957 512 1051 579
switch-static 0.0032 758 436 821 466
switch-static 0.0031 1337 630 1466 683
switch-static 0.0031 1005 761 1176 833
switch-static 0.0030 82 546 151 573
switch-static 0.0023 960 606 1092 654
switch-static 0.0023 949 555 1163 681
switch-static 0.0019 1444 649 1548 704
switch-static 0.0018 456 1030 554 1074
switch-static 0.0017 641 459 706 488
switch-static 0.0016 991 450 1016 472
switch-static 0.0016 1017 734 1123 784
switch-static 0.0016 1024 606 1133 653
switch-static 0.0015 952 709 1134 787
switch-static 0.0015 1403 650 1502 701
switch-static 0.0014 1102 717 1200 811
switch-static 0.0014 468 654 591 703
switch-static 0.0014 694 453 753 501
switch-static 0.0014 980 758 1064 797
switch-static 0.0013 1229 521 1257 552
switch-static 0.0012 721 520 783 549
switch-static 0.0011 1355 647 1450 693
switch-static 0.0011 459 485 515 518
switch-static 0.0010 89 643 123 659
switch-static 0.0010 919 561 1458 838
track-sign-front 0.1205 759 442 779 460
track-sign-front 0.0134 1223 485 1246 514
track-sign-front 0.0126 918 453 937 483
track-sign-front 0.0018 916 425 937 479
track-sign-front 0.0013 640 436 659 466
track-signal-back 0.0547 611 366 622 388
track-signal-back 0.0379 608 369 629 391
track-signal-back 0.0200 727 358 742 377
track-signal-back 0.0072 643 376 656 395
track-signal-back 0.0034 376 210 403 239
track-signal-back 0.0025 716 358 733 381
track-signal-back 0.0019 729 362 744 391
track-signal-back 0.0018 723 356 741 389
track-signal-back 0.0013 643 368 661 388
track-signal-back 0.0013 727 345 741 367
pole 0.2945 376 222 393 542
pole 0.0250 386 219 413 540
pole 0.0032 362 200 410 547
pole 0.0023 -4 3 100 1038
pole 0.0018 378 317 390 467
rail-occluder 0.2481 916 455 937 487
rail-occluder 0.0018 907 447 941 497
rail-occluder 0.0016 750 438 777 462
