guard-rail 0.0257 1138 659 1197 691
guard-rail 0.0185 1069 636 1126 677
guard-rail 0.0109 1080 659 1109 706
guard-rail 0.0068 1126 665 1170 700
guard-rail 0.0067 1082 658 1130 701
guard-rail 0.0062 1107 651 1168 692
guard-rail 0.0042 1151 667 1214 701
guard-rail 0.0037 1120 642 1193 677
guard-rail 0.0018 1087 693 1108 724
guard-rail 0.0014 1153 646 1202 680
guard-rail 0.0012 1103 633 1156 663
guard-rail 0.0012 1091 693 1117 732
guard-rail 0.0011 1733 938 1923 1055
guard-rail 0.0011 1173 664 1224 695
guard-rail 0.0011 1744 898 1927 975
rail 0.9558 875 584 1145 1075
rail 0.9453 1 582 995 1077
rail 0.9377 1033 588 1563 1079
rail 0.2130 1089 632 1926 1081
rail 0.0096 1055 620 1123 668
rail 0.0044 1070 624 1129 653
rail 0.0030 1079 586 1514 854
rail 0.0020 1712 921 1922 1060
rail 0.0012 1031 601 1171 707
rail 0.0011 1125 654 1430 1034
rail 0.0011 1041 604 1405 789
switch-indicator 0.3536 860 651 876 686
switch-indicator 0.0155 854 650 883 690
switch-indicator 0.0024 1018 645 1036 667
switch-indicator 0.0010 853 624 891 694
switch-left 0.0098 1060 619 1128 665
switch-left 0.0093 1071 639 1129 675
switch-right 0.0351 1067 631 1128 661
switch-right 0.0044 1071 644 1136 684
switch-unknown 0.1153 1062 624 1112 651
switch-unknown 0.0488 1053 618 1102 642
switch-unknown 0.0044 1044 592 1093 632
switch-unknown 0.0029 1039 601 1079 638
switch-unknown 0.0014 1053 581 1116 631
switch-static 0.0068 1069 624 1129 651
switch-static 0.0032 1019 637 1058 667
switch-static 0.0025 1016 641 1038 666
switch-static 0.0015 1023 647 1043 669
track-sign-front 0.0485 829 577 843 592
track-sign-front 0.0251 1297 611 1308 633
track-sign-front 0.0125 824 577 853 598
track-sign-front 0.0073 1685 634 1748 672
track-sign-front 0.0070 996 596 1009 623
track-sign-front 0.0058 857 639 878 685
track-sign-front 0.0044 1296 614 1307 653
track-sign-front 0.0042 993 563 1026 629
track-sign-front 0.0037 643 602 660 633
track-sign-front 0.0020 1295 598 1310 641
track-sign-front 0.0015 624 596 656 626
track-sign-front 0.0011 849 570 877 602
track-sign-front 0.0011 1092 572 1132 597
track-sign-front 0.0010 642 582 661 645
track-signal-front 0.0059 1859 61 1920 229
track-signal-front 0.0022 1874 69 1920 178
track-signal-back 0.0066 1848 64 1917 221
pole 0.0551 1004 486 1018 621
pole 0.0125 997 516 1016 626
pole 0.0062 1002 483 1013 598
pole 0.0042 1019 514 1057 629
pole 0.0024 994 480 1024 640
pole 0.0020 1010 486 1047 624
pole 0.0013 995 562 1024 632
rail-occluder 0.0081 1229 698 1300 725
rail-occluder 0.0018 1213 677 1274 714
rail-occluder 0.0015 1309 618 1454 678
rail-occluder 0.0013 995 581 1014 628
