crossing 0.0068 841 845 957 886
crossing 0.0046 851 853 986 899
crossing 0.0042 848 845 918 872
crossing 0.0035 735 725 781 743
crossing 0.0034 944 927 1109 991
crossing 0.0022 616 757 680 789
crossing 0.0014 920 897 1082 967
crossing 0.0011 613 798 711 869
guard-rail 0.0192 966 927 1290 1075
guard-rail 0.0056 1118 986 1297 1073
guard-rail 0.0021 1165 1008 1288 1062
guard-rail 0.0011 992 969 1107 1072
guard-rail 0.0011 960 937 1138 1070
platform 0.8917 3 874 536 1075
platform 0.1373 1212 911 1918 1072
platform 0.0033 1495 852 1723 968
platform 0.0020 1287 787 1922 1064
platform 0.0019 106 903 415 1055
platform 0.0017 17 759 578 959
platform 0.0016 1650 627 1922 974
platform 0.0013 875 832 1915 1093
rail 0.9557 676 694 1299 1076
rail 0.9457 580 692 777 1076
rail 0.5872 627 724 752 773
rail 0.1684 660 710 755 748
rail 0.1494 608 730 778 790
rail 0.0586 683 712 746 739
rail 0.0420 682 739 752 791
rail 0.0407 707 713 756 740
rail 0.0321 687 719 771 749
rail 0.0208 940 873 1297 1075
rail 0.0191 646 705 801 762
rail 0.0174 734 702 801 733
rail 0.0125 632 725 679 752
rail 0.0073 605 695 805 859
rail 0.0052 727 700 783 726
rail 0.0039 706 700 757 730
rail 0.0036 776 848 1821 1082
rail 0.0027 675 679 746 738
rail 0.0026 621 746 689 791
rail 0.0023 708 696 844 748
rail 0.0021 586 696 662 1079
rail 0.0020 869 788 1095 1001
rail 0.0019 1104 480 1490 597
rail 0.0018 640 678 812 785
rail 0.0015 927 934 1646 1088
rail 0.0014 564 691 972 1076
rail 0.0014 620 740 744 808
rail 0.0012 577 668 750 788
rail 0.0012 736 723 782 746
rail 0.0011 552 598 846 870
rail 0.0010 702 734 1114 1019
switch-indicator 0.5533 729 763 748 811
switch-indicator 0.0191 1579 836 1649 922
switch-indicator 0.0059 698 757 739 796
switch-indicator 0.0032 1012 845 1046 887
switch-indicator 0.0014 1556 839 1611 936
switch-indicator 0.0010 1028 852 1046 901
switch-left 0.0019 627 756 680 785
switch-right 0.1637 625 747 680 774
switch-right 0.1092 629 739 672 764
switch-right 0.0042 628 758 679 783
switch-unknown 0.1437 707 724 756 745
switch-unknown 0.1232 712 718 753 739
switch-unknown 0.0959 725 725 766 741
switch-unknown 0.0204 631 725 671 748
switch-unknown 0.0133 708 695 748 731
switch-unknown 0.0111 730 699 779 724
switch-unknown 0.0016 638 662 684 732
switch-static 0.0272 595 762 637 786
switch-static 0.0211 590 767 625 790
switch-static 0.0161 655 738 736 789
switch-static 0.0141 736 706 795 733
switch-static 0.0121 542 947 598 978
switch-static 0.0046 577 773 623 805
switch-static 0.0024 568 952 597 982
switch-static 0.0022 939 846 1004 873
switch-static 0.0021 691 756 747 796
switch-static 0.0019 586 732 653 779
switch-static 0.0018 963 852 1023 881
switch-static 0.0018 525 944 564 979
switch-static 0.0015 1241 1023 1299 1044
switch-static 0.0010 567 937 606 968
switch-static 0.0010 568 792 614 828
track-sign-front 0.6175 1374 411 1410 444
track-sign-front 0.5429 938 746 959 771
track-sign-front 0.4311 1111 724 1140 761
track-sign-front 0.3779 454 719 480 759
track-sign-front 0.3568 1537 741 1580 779
track-sign-front 0.1642 897 722 917 761
track-sign-front 0.0299 452 739 482 788
track-sign-front 0.0251 563 627 579 652
track-sign-front 0.0198 452 765 480 792
track-sign-front 0.0155 1367 404 1418 452
track-sign-front 0.0117 1386 412 1423 444
track-sign-front 0.0101 902 723 918 748
track-sign-front 0.0056 1348 361 1409 398
track-sign-front 0.0039 1367 355 1424 410
track-sign-front 0.0033 857 680 882 725
track-sign-front 0.0032 447 719 493 765
track-sign-front 0.0022 1348 368 1381 400
track-sign-front 0.0021 1027 838 1045 887
track-sign-front 0.0019 840 681 878 723
track-sign-front 0.0015 845 694 876 731
track-sign-front 0.0012 1093 721 1146 770
track-sign-front 0.0011 1339 383 1372 441
track-sign-front 0.0011 1541 753 1580 812
track-sign-front 0.0010 1324 394 1353 440
track-signal-front 0.8404 866 150 934 381
track-signal-front 0.3739 1348 212 1432 369
track-signal-front 0.2102 668 637 677 659
track-signal-front 0.1312 1352 330 1425 375
track-signal-front 0.0189 850 129 880 392
track-signal-front 0.0162 718 636 729 657
track-signal-front 0.0137 863 265 935 372
track-signal-front 0.0120 667 634 676 652
track-signal-front 0.0037 811 626 831 665
track-signal-front 0.0029 850 178 871 302
track-signal-front 0.0026 918 144 945 384
track-signal-front 0.0026 861 151 918 285
track-signal-front 0.0021 1350 295 1426 425
track-signal-front 0.0017 1355 204 1492 358
track-signal-front 0.0013 1342 233 1397 380
track-signal-front 0.0012 711 621 725 664
track-signal-front 0.0011 1347 199 1428 296
track-signal-front 0.0011 841 149 905 387
track-signal-front 0.0010 779 586 822 659
track-signal-back 0.2271 717 640 728 664
track-signal-back 0.2038 609 636 621 662
track-signal-back 0.1958 669 638 677 658
track-signal-back 0.0622 670 641 679 669
track-signal-back 0.0277 561 629 583 657
track-signal-back 0.0078 570 623 583 649
track-signal-back 0.0074 714 639 728 688
track-signal-back 0.0067 721 640 748 665
track-signal-back 0.0045 782 605 801 641
track-signal-back 0.0014 668 640 680 690
track-signal-back 0.0014 776 603 802 685
track-signal-back 0.0010 781 602 835 685
pole 0.0052 810 472 834 741
pole 0.0045 666 644 695 734
pole 0.0028 848 137 883 424
pole 0.0027 681 656 741 750
pole 0.0020 1011 174 1175 970
pole 0.0017 1580 55 1667 982
pole 0.0016 770 613 801 729
pole 0.0013 821 464 858 744
pole 0.0010 713 641 729 692
rail-occluder 0.0016 762 697 822 733
