crossing 0.0251 975 729 1121 781
crossing 0.0019 1226 676 1337 725
guard-rail 0.0059 1019 877 1059 1005
guard-rail 0.0043 1011 763 1191 864
guard-rail 0.0038 1024 916 1053 970
guard-rail 0.0032 1075 764 1138 828
guard-rail 0.0025 1091 742 1151 790
guard-rail 0.0022 995 764 1055 909
guard-rail 0.0019 1005 814 1112 1053
guard-rail 0.0014 991 777 1022 900
guard-rail 0.0013 1104 779 1152 850
rail 0.7698 970 564 1398 1082
rail 0.7545 1096 626 1919 1061
rail 0.4774 994 757 1333 1079
rail 0.0852 1257 702 1918 936
rail 0.0280 988 761 1246 968
rail 0.0108 956 680 1174 935
rail 0.0042 852 572 1246 1035
rail 0.0037 1327 55 1785 1067
rail 0.0022 1017 668 1291 906
rail 0.0020 1257 623 1861 845
rail 0.0020 996 761 1088 1065
rail 0.0018 998 774 1173 1076
switch-indicator 0.6801 815 726 879 795
switch-indicator 0.0017 1328 615 1344 649
switch-indicator 0.0015 826 713 876 773
switch-left 0.1999 973 765 1158 855
switch-left 0.0303 973 752 1206 914
switch-left 0.0025 1006 769 1121 839
switch-left 0.0013 909 746 994 788
switch-right 0.3334 978 761 1153 854
switch-right 0.0360 968 747 1129 811
switch-right 0.0038 1005 764 1120 834
switch-static 0.3992 817 728 880 798
switch-static 0.1186 882 757 973 793
switch-static 0.0521 851 727 942 796
switch-static 0.0490 1121 756 1175 787
switch-static 0.0487 917 760 968 791
switch-static 0.0209 860 764 943 795
switch-static 0.0124 800 811 895 893
switch-static 0.0086 805 740 898 822
switch-static 0.0041 815 805 886 848
switch-static 0.0039 783 851 904 908
switch-static 0.0036 923 736 968 785
switch-static 0.0034 1409 770 1543 811
switch-static 0.0029 1233 725 1262 748
switch-static 0.0022 824 783 906 840
switch-static 0.0019 1105 733 1170 785
switch-static 0.0010 918 758 1000 802
track-sign-front 0.0643 1153 673 1171 703
track-sign-front 0.0379 935 558 947 578
track-sign-front 0.0150 931 540 965 585
track-sign-front 0.0105 907 536 942 575
track-sign-front 0.0080 895 537 910 563
track-sign-front 0.0079 1726 674 1749 700
track-sign-front 0.0031 1328 614 1344 644
track-sign-front 0.0029 1719 671 1748 709
track-sign-front 0.0024 1730 675 1755 708
track-sign-front 0.0019 894 541 910 582
track-signal-front 0.0304 958 513 970 550
track-signal-front 0.0214 952 493 965 528
track-signal-front 0.0175 961 528 972 553
track-signal-front 0.0010 1041 484 1055 508
track-signal-back 0.0257 953 502 968 540
track-signal-back 0.0163 948 489 964 524
track-signal-back 0.0047 946 486 960 512
track-signal-back 0.0042 957 510 971 550
track-signal-back 0.0014 953 483 969 510
track-signal-back 0.0011 1037 483 1057 515
pole 0.0041 1627 16 1777 1108
pole 0.0018 1378 49 1758 1101
pole 0.0013 894 469 910 620
rail-occluder 0.0020 1207 672 1317 736
rail-occluder 0.0018 1226 694 1278 749
