crossing 0.7587 748 661 930 752
crossing 0.1603 699 575 987 854
crossing 0.0070 746 443 785 456
crossing 0.0035 787 657 900 714
crossing 0.0034 776 652 910 684
crossing 0.0020 734 437 781 455
crossing 0.0018 847 670 941 758
crossing 0.0016 764 450 812 469
crossing 0.0013 750 437 794 460
guard-rail 0.0102 911 664 949 811
guard-rail 0.0057 929 726 949 802
guard-rail 0.0050 909 672 936 762
guard-rail 0.0030 775 468 1031 1052
guard-rail 0.0024 915 722 955 802
guard-rail 0.0014 882 671 952 787
guard-rail 0.0011 864 674 933 753
guard-rail 0.0010 763 675 790 743
rail 0.9580 673 435 1070 1079
track-sign-front 0.0023 434 537 458 672
track-sign-front 0.0022 1677 617 1722 772
track-signal-front 0.0030 1017 264 1032 289
track-signal-front 0.0018 1631 829 1663 890
track-signal-front 0.0013 829 360 841 379
track-signal-front 0.0012 868 350 879 372
track-signal-front 0.0011 1636 825 1662 858
track-signal-back 0.0036 782 372 793 394
person 0.0012 1086 490 1101 545
