crossing 0.8319 978 515 1065 547
crossing 0.5888 696 517 821 553
crossing 0.5382 1220 521 1342 557
crossing 0.4795 409 521 569 560
crossing 0.3069 1461 528 1591 557
crossing 0.2907 1494 531 1637 560
crossing 0.1803 1399 523 1512 549
crossing 0.1521 735 515 835 545
crossing 0.1372 462 516 597 552
crossing 0.1137 1310 505 1793 576
crossing 0.0863 1408 532 1507 555
crossing 0.0820 1207 519 1294 541
crossing 0.0804 384 533 526 566
crossing 0.0637 1465 527 1547 551
crossing 0.0561 1543 533 1672 558
crossing 0.0280 1437 519 1620 565
crossing 0.0227 493 513 613 543
crossing 0.0118 1332 520 1472 546
crossing 0.0109 1399 515 1554 558
crossing 0.0108 1271 532 1360 558
crossing 0.0079 1493 543 1645 573
crossing 0.0077 1485 524 1679 570
crossing 0.0077 989 515 1064 532
crossing 0.0066 1336 522 1424 542
crossing 0.0063 1199 506 1279 532
crossing 0.0059 570 511 647 531
crossing 0.0058 1265 505 1598 568
crossing 0.0052 1299 522 1408 550
crossing 0.0050 537 512 639 541
crossing 0.0046 526 482 603 517
crossing 0.0042 663 526 786 562
crossing 0.0042 573 499 652 525
crossing 0.0038 671 503 749 536
crossing 0.0037 1202 503 1309 543
crossing 0.0036 1465 503 1573 562
crossing 0.0035 351 547 507 579
crossing 0.0033 492 507 592 534
crossing 0.0027 1593 534 1687 555
crossing 0.0027 671 490 831 583
crossing 0.0026 320 477 667 645
crossing 0.0024 1341 527 1416 551
crossing 0.0022 1238 514 1473 565
crossing 0.0022 1197 511 1247 530
crossing 0.0021 242 518 610 603
crossing 0.0021 543 491 627 523
crossing 0.0019 1315 530 1396 555
crossing 0.0018 649 452 867 606
crossing 0.0018 462 502 577 541
crossing 0.0018 715 506 796 538
crossing 0.0017 378 544 485 567
crossing 0.0016 1186 497 1231 524
crossing 0.0015 942 422 1098 634
crossing 0.0015 959 502 1037 535
crossing 0.0014 1352 528 1457 556
crossing 0.0012 764 512 863 542
crossing 0.0011 1019 517 1080 545
crossing 0.0011 1448 536 1606 579
crossing 0.0010 1260 443 1700 671
crossing 0.0010 1199 484 1372 606
crossing 0.0010 732 508 875 550
guard-rail 0.0016 0 722 39 810
train-car 0.1336 989 373 1021 410
train-car 0.0065 984 372 1036 419
train-car 0.0038 991 366 1016 400
train-car 0.0028 967 334 1021 442
train-car 0.0027 1075 356 1118 425
train-car 0.0020 1008 393 1074 421
train-car 0.0019 992 379 1071 410
train-car 0.0016 935 371 998 410
train-car 0.0014 1060 391 1151 464
train-car 0.0010 1050 375 1102 417
rail 0.9543 1080 407 1915 1076
rail 0.9414 767 402 1158 1074
rail 0.9276 1 413 997 1076
rail 0.3061 1116 415 1918 734
rail 0.2638 6 413 812 814
rail 0.2516 716 414 861 467
rail 0.1021 702 427 816 473
rail 0.0680 752 412 895 453
rail 0.0572 731 419 822 461
rail 0.0558 603 431 818 492
rail 0.0368 1109 345 1158 508
rail 0.0361 695 368 755 483
rail 0.0317 1140 411 1284 466
rail 0.0263 1267 456 1891 660
rail 0.0215 1291 469 1921 902
rail 0.0191 1086 376 1162 486
rail 0.0189 629 450 751 492
rail 0.0165 652 410 839 481
rail 0.0161 757 412 849 443
rail 0.0139 1145 419 1368 500
rail 0.0134 753 423 841 469
rail 0.0128 691 434 783 488
rail 0.0111 1099 388 1198 477
rail 0.0103 683 454 769 490
rail 0.0102 755 411 936 489
rail 0.0098 805 413 946 454
rail 0.0096 1376 491 1914 606
rail 0.0091 573 445 771 505
rail 0.0090 1087 398 1334 484
rail 0.0076 688 426 835 507
rail 0.0068 896 354 935 512
rail 0.0068 1169 417 1256 454
rail 0.0066 1466 543 1912 772
rail 0.0066 1058 394 1136 461
rail 0.0064 795 405 855 443
rail 0.0057 887 388 941 482
rail 0.0057 604 467 717 504
rail 0.0055 743 403 814 450
rail 0.0042 217 458 806 632
rail 0.0041 716 445 794 480
rail 0.0039 574 413 847 521
rail 0.0038 686 395 891 493
rail 0.0036 711 369 786 474
rail 0.0032 838 416 913 445
rail 0.0031 1172 414 1339 471
rail 0.0031 921 404 1001 457
rail 0.0031 1582 513 1919 657
rail 0.0030 1173 431 1287 481
rail 0.0029 1759 574 1904 648
rail 0.0029 1122 398 1179 464
rail 0.0029 1149 414 1229 451
rail 0.0028 1747 557 1909 618
rail 0.0028 811 403 876 437
rail 0.0027 703 334 864 478
rail 0.0026 1116 401 1250 447
rail 0.0026 1271 434 1842 576
rail 0.0024 1765 562 1921 742
rail 0.0024 6 518 544 802
rail 0.0021 896 420 979 468
rail 0.0020 1039 394 1095 421
rail 0.0018 1062 392 1123 435
rail 0.0016 1592 555 1918 992
rail 0.0016 754 451 854 487
rail 0.0016 1264 399 1318 474
rail 0.0016 1842 568 1919 651
rail 0.0016 1254 428 1567 515
rail 0.0012 844 406 965 492
rail 0.0012 1278 391 1362 507
rail 0.0012 1855 570 1919 721
rail 0.0012 1720 535 1921 680
rail 0.0012 554 458 747 527
rail 0.0012 1074 408 1131 478
rail 0.0011 1039 402 1101 440
rail 0.0011 1 682 228 855
rail 0.0011 1 668 138 801
rail 0.0010 1002 405 1202 522
rail 0.0010 1 601 270 804
switch-indicator 0.0127 1489 485 1526 519
switch-indicator 0.0048 1865 485 1902 544
switch-indicator 0.0014 1866 485 1889 530
switch-indicator 0.0010 558 458 575 492
switch-right 0.0022 597 472 687 506
switch-unknown 0.0059 1180 433 1251 470
switch-unknown 0.0058 617 470 702 503
switch-unknown 0.0054 710 436 756 489
switch-unknown 0.0046 1197 442 1264 475
switch-unknown 0.0045 685 445 737 492
switch-unknown 0.0019 1217 444 1295 475
switch-unknown 0.0011 1256 428 1310 476
switch-unknown 0.0010 1219 458 1290 485
switch-unknown 0.0010 1134 423 1189 468
switch-unknown 0.0010 569 496 655 529
switch-static 0.2271 1756 576 1836 610
switch-static 0.0469 1490 487 1533 520
switch-static 0.0292 678 493 737 516
switch-static 0.0274 942 486 985 506
switch-static 0.0245 1668 550 1791 587
switch-static 0.0221 603 491 681 519
switch-static 0.0185 1656 552 1847 601
switch-static 0.0184 1723 565 1842 607
switch-static 0.0175 647 489 727 519
switch-static 0.0172 681 453 741 497
switch-static 0.0147 647 459 720 493
switch-static 0.0110 1592 534 1833 588
switch-static 0.0095 1749 572 1889 620
switch-static 0.0094 558 476 584 497
switch-static 0.0085 623 501 694 521
switch-static 0.0085 661 457 714 483
switch-static 0.0084 588 504 671 524
switch-static 0.0082 691 488 743 511
switch-static 0.0067 1475 477 1546 525
switch-static 0.0063 784 420 860 472
switch-static 0.0059 1211 461 1253 480
switch-static 0.0058 1624 533 1706 561
switch-static 0.0057 601 473 679 504
switch-static 0.0050 721 617 756 642
switch-static 0.0050 873 492 929 518
switch-static 0.0047 726 448 782 479
switch-static 0.0046 1637 530 1749 566
switch-static 0.0039 1763 585 1856 624
switch-static 0.0038 586 470 645 501
switch-static 0.0038 641 503 729 527
switch-static 0.0036 238 607 314 629
switch-static 0.0035 945 516 1004 543
switch-static 0.0030 1164 431 1219 463
switch-static 0.0030 769 456 838 482
switch-static 0.0029 567 508 650 535
switch-static 0.0028 1193 459 1246 484
switch-static 0.0026 881 489 955 522
switch-static 0.0024 839 504 948 537
switch-static 0.0023 918 507 980 539
switch-static 0.0023 809 423 886 478
switch-static 0.0022 737 449 815 481
switch-static 0.0022 553 474 592 502
switch-static 0.0019 632 456 701 483
switch-static 0.0018 1647 531 1724 554
switch-static 0.0016 1891 580 1919 623
switch-static 0.0015 668 502 756 539
switch-static 0.0014 793 460 860 488
switch-static 0.0014 1393 542 1516 572
switch-static 0.0013 1 712 75 780
switch-static 0.0013 1882 531 1920 567
switch-static 0.0013 1888 546 1920 610
switch-static 0.0013 1637 543 1767 582
switch-static 0.0012 1522 639 1580 664
switch-static 0.0011 1845 581 1919 629
switch-static 0.0011 571 521 644 547
switch-static 0.0011 880 508 959 539
switch-static 0.0011 624 464 802 540
switch-static 0.0010 231 603 350 635
track-sign-front 0.0031 270 479 285 527
track-sign-front 0.0023 1279 379 1309 452
track-sign-front 0.0017 1278 418 1303 448
track-sign-front 0.0017 512 400 526 420
track-sign-front 0.0015 511 396 523 413
track-sign-front 0.0013 1248 380 1263 418
track-sign-front 0.0013 510 402 524 445
track-signal-front 0.0100 248 263 326 319
track-signal-front 0.0044 275 194 319 265
track-signal-front 0.0030 410 279 434 331
track-signal-back 0.8234 711 215 753 278
track-signal-back 0.8215 710 282 749 324
track-signal-back 0.8026 913 220 943 274
track-signal-back 0.7981 1321 293 1358 343
track-signal-back 0.7881 912 285 942 324
track-signal-back 0.7777 1128 224 1159 282
track-signal-back 0.7651 1322 223 1362 285
track-signal-back 0.7216 1126 290 1155 334
track-signal-back 0.6738 819 312 839 339
track-signal-back 0.2320 818 327 840 354
track-signal-back 0.1812 711 268 751 354
track-signal-back 0.1272 1123 251 1158 411
track-signal-back 0.0693 912 250 941 377
track-signal-back 0.0681 709 234 755 307
track-signal-back 0.0399 711 219 748 470
track-signal-back 0.0279 820 299 839 321
track-signal-back 0.0273 914 188 944 501
track-signal-back 0.0254 761 342 776 372
track-signal-back 0.0170 821 327 842 378
track-signal-back 0.0157 916 321 940 398
track-signal-back 0.0135 711 320 747 358
track-signal-back 0.0083 716 306 742 410
track-signal-back 0.0082 1317 214 1366 330
track-signal-back 0.0080 1130 275 1156 324
track-signal-back 0.0077 819 308 843 404
track-signal-back 0.0074 992 368 1015 397
track-signal-back 0.0066 913 196 940 220
track-signal-back 0.0056 1081 337 1107 410
track-signal-back 0.0055 757 327 782 375
track-signal-back 0.0047 922 217 954 270
track-signal-back 0.0043 1324 258 1362 333
track-signal-back 0.0040 910 304 942 351
track-signal-back 0.0036 743 317 777 400
track-signal-back 0.0035 1310 163 1368 497
track-signal-back 0.0034 273 179 322 260
track-signal-back 0.0033 1335 291 1395 339
track-signal-back 0.0032 903 211 953 280
track-signal-back 0.0031 1126 208 1159 261
track-signal-back 0.0029 803 286 840 382
track-signal-back 0.0026 1108 217 1172 285
track-signal-back 0.0026 925 227 955 298
track-signal-back 0.0025 917 178 945 261
track-signal-back 0.0023 1324 316 1354 413
track-signal-back 0.0021 756 283 778 415
track-signal-back 0.0021 700 151 755 496
track-signal-back 0.0019 785 325 838 386
track-signal-back 0.0019 915 201 945 234
track-signal-back 0.0017 715 196 747 226
track-signal-back 0.0017 718 178 753 262
track-signal-back 0.0015 1108 196 1170 344
track-signal-back 0.0013 905 159 951 368
track-signal-back 0.0013 1324 225 1392 289
track-signal-back 0.0013 1117 190 1158 225
track-signal-back 0.0012 1099 306 1154 422
track-signal-back 0.0012 1119 284 1166 344
track-signal-back 0.0011 1325 209 1366 261
track-signal-back 0.0010 1109 237 1170 431
track-signal-back 0.0010 908 302 931 423
pole 0.4418 1128 206 1154 528
pole 0.4219 913 195 942 524
pole 0.3651 1330 325 1352 517
pole 0.3129 1329 228 1358 541
pole 0.2992 712 212 744 505
pole 0.1066 709 257 732 503
pole 0.0929 912 308 936 513
pole 0.0742 1294 248 1315 526
pole 0.0673 1113 316 1155 533
pole 0.0556 710 363 734 487
pole 0.0357 1122 371 1153 481
pole 0.0328 736 226 770 498
pole 0.0261 1100 226 1152 538
pole 0.0239 1298 301 1327 514
pole 0.0232 722 240 760 517
pole 0.0206 1088 350 1162 509
pole 0.0167 702 175 760 491
pole 0.0159 701 381 740 515
pole 0.0150 1316 292 1365 519
pole 0.0138 816 318 842 448
pole 0.0107 907 360 950 495
pole 0.0097 1351 227 1387 540
pole 0.0091 1289 352 1347 510
pole 0.0077 899 381 936 488
pole 0.0063 1341 347 1382 512
pole 0.0062 714 314 737 459
pole 0.0060 1327 417 1351 522
pole 0.0057 1295 323 1311 464
pole 0.0056 1127 315 1150 461
pole 0.0053 713 349 785 489
pole 0.0050 758 295 775 423
pole 0.0045 828 320 848 443
pole 0.0041 1084 292 1108 456
pole 0.0041 900 185 958 512
pole 0.0034 1076 344 1114 428
pole 0.0029 915 337 941 437
pole 0.0028 1304 364 1390 518
pole 0.0026 1109 100 1169 582
pole 0.0023 909 419 935 467
pole 0.0022 1060 380 1121 434
pole 0.0019 716 270 848 528
pole 0.0018 919 226 960 424
pole 0.0018 1374 283 1396 488
pole 0.0018 751 279 786 498
pole 0.0015 788 326 831 454
pole 0.0015 1094 325 1154 446
pole 0.0014 1283 345 1307 491
pole 0.0013 897 188 930 496
pole 0.0012 1279 215 1325 512
pole 0.0011 1089 175 1133 476
pole 0.0010 909 324 929 448
rail-occluder 0.0374 1490 486 1532 521
rail-occluder 0.0150 707 456 741 492
