guard-rail 0.4720 547 698 658 762
guard-rail 0.3985 779 701 796 770
guard-rail 0.0606 534 718 622 769
guard-rail 0.0394 574 689 674 750
guard-rail 0.0264 772 696 804 773
guard-rail 0.0264 764 702 786 772
guard-rail 0.0146 679 720 714 772
guard-rail 0.0123 790 683 806 742
guard-rail 0.0074 509 675 648 775
guard-rail 0.0072 1020 594 1050 630
guard-rail 0.0058 750 614 791 638
guard-rail 0.0053 740 690 791 770
guard-rail 0.0053 494 680 685 816
guard-rail 0.0051 780 679 802 727
guard-rail 0.0049 773 610 829 645
guard-rail 0.0038 604 687 690 737
guard-rail 0.0027 1038 621 1051 658
guard-rail 0.0026 400 563 813 934
guard-rail 0.0025 1004 629 1034 670
guard-rail 0.0024 661 717 724 777
guard-rail 0.0023 680 705 749 776
guard-rail 0.0021 537 722 668 783
guard-rail 0.0020 753 608 819 654
guard-rail 0.0017 764 688 810 796
guard-rail 0.0014 781 670 814 775
guard-rail 0.0013 688 654 841 847
guard-rail 0.0012 753 731 780 778
guard-rail 0.0011 796 688 818 754
guard-rail 0.0011 1112 594 1162 621
guard-rail 0.0010 1121 585 1173 612
train-car 0.2302 818 524 849 553
train-car 0.1274 822 529 856 564
train-car 0.0043 801 470 839 568
train-car 0.0032 806 522 870 568
train-car 0.0012 836 527 899 566
rail 0.9281 1022 552 1917 1075
rail 0.9277 942 560 1205 1071
rail 0.9092 6 551 827 1074
rail 0.8786 448 549 835 1079
rail 0.8244 1062 562 1918 784
rail 0.7918 -2 558 740 776
rail 0.4012 911 554 986 605
rail 0.1117 110 643 488 735
rail 0.0883 930 567 996 614
rail 0.0805 915 547 970 591
rail 0.0724 852 548 953 591
rail 0.0469 933 557 1049 1079
rail 0.0428 817 548 875 587
rail 0.0373 829 549 914 582
rail 0.0291 802 564 852 604
rail 0.0262 954 548 1024 609
rail 0.0208 832 537 904 573
rail 0.0158 986 552 1052 582
rail 0.0079 982 555 1058 602
rail 0.0070 939 588 997 1073
rail 0.0065 901 547 1011 621
rail 0.0057 929 539 996 590
rail 0.0056 801 538 878 600
rail 0.0054 969 545 1024 586
rail 0.0043 899 528 974 593
rail 0.0037 242 556 761 689
rail 0.0032 1189 598 1745 763
rail 0.0030 812 555 917 616
rail 0.0029 781 569 841 626
rail 0.0028 233 562 884 894
rail 0.0024 862 552 943 618
rail 0.0022 651 560 834 1058
rail 0.0021 1329 613 1936 769
rail 0.0021 6 608 568 854
rail 0.0020 786 534 839 568
rail 0.0016 1009 556 1102 598
rail 0.0012 742 533 1171 1088
rail 0.0012 1193 597 1729 1031
rail 0.0010 294 701 798 1068
rail 0.0010 915 554 1055 771
switch-indicator 0.0140 1467 615 1486 638
switch-indicator 0.0036 1282 618 1296 648
switch-indicator 0.0013 1459 612 1494 642
switch-left 0.1004 948 590 995 621
switch-left 0.0676 920 945 1215 1071
switch-left 0.0365 777 597 835 629
switch-left 0.0080 766 592 838 647
switch-left 0.0015 958 957 1137 1055
switch-left 0.0012 1026 558 1123 603
switch-right 0.1863 774 598 836 628
switch-right 0.1366 946 581 994 620
switch-right 0.0333 785 586 837 619
switch-right 0.0325 916 936 1208 1068
switch-right 0.0234 951 596 1000 627
switch-right 0.0023 1003 595 1051 628
switch-unknown 0.1828 1022 561 1068 585
switch-unknown 0.0973 1008 559 1056 589
switch-unknown 0.0782 1036 560 1087 583
switch-unknown 0.0758 1043 564 1113 586
switch-unknown 0.0592 784 587 838 617
switch-unknown 0.0439 790 578 836 608
switch-unknown 0.0429 1071 571 1139 592
switch-unknown 0.0423 804 564 851 601
switch-unknown 0.0394 1017 566 1058 599
switch-unknown 0.0304 989 551 1050 580
switch-unknown 0.0212 1089 577 1148 599
switch-unknown 0.0180 1009 572 1055 614
switch-unknown 0.0061 1101 579 1162 606
switch-unknown 0.0035 1026 565 1081 596
switch-unknown 0.0022 805 569 871 616
switch-unknown 0.0022 761 538 793 573
switch-unknown 0.0021 738 554 775 577
switch-unknown 0.0019 667 579 728 602
switch-unknown 0.0018 782 526 843 572
switch-unknown 0.0016 754 547 796 581
switch-static 0.0061 860 692 897 711
track-sign-front 0.0087 1901 677 1919 721
track-sign-front 0.0075 99 532 120 561
track-sign-front 0.0047 638 502 662 551
track-sign-front 0.0028 1282 611 1296 646
track-sign-front 0.0027 635 477 655 578
track-sign-front 0.0025 101 507 124 547
track-sign-front 0.0018 99 541 119 582
track-sign-front 0.0015 99 490 124 537
track-sign-front 0.0011 1186 529 1196 567
track-signal-back 0.0017 867 417 893 550
track-signal-back 0.0015 803 449 817 535
pole 0.7016 1286 94 1355 832
pole 0.6265 630 208 660 665
pole 0.1356 875 221 904 630
pole 0.1136 774 425 784 568
pole 0.0624 1138 428 1153 589
pole 0.0470 782 427 803 568
pole 0.0445 886 334 913 632
pole 0.0366 635 276 653 628
pole 0.0303 584 401 601 618
pole 0.0199 900 359 919 607
pole 0.0186 870 330 893 633
pole 0.0176 956 456 968 569
pole 0.0134 99 157 134 703
pole 0.0122 632 445 656 649
pole 0.0109 768 459 787 579
pole 0.0109 769 398 782 573
pole 0.0096 685 467 696 569
pole 0.0085 1085 460 1100 569
pole 0.0083 896 273 916 596
pole 0.0072 677 457 712 584
pole 0.0068 866 235 923 638
pole 0.0063 1028 464 1058 571
pole 0.0063 903 428 929 573
pole 0.0061 1184 526 1194 569
pole 0.0057 612 371 651 651
pole 0.0049 877 240 891 589
pole 0.0045 715 466 734 579
pole 0.0044 586 334 606 633
pole 0.0035 586 440 599 583
pole 0.0035 919 461 976 601
pole 0.0035 934 413 967 592
pole 0.0033 1140 496 1154 591
pole 0.0031 1207 244 1437 864
pole 0.0029 640 413 660 619
pole 0.0025 680 445 697 599
pole 0.0025 869 430 891 577
pole 0.0024 905 469 941 594
pole 0.0024 1003 462 1028 560
pole 0.0023 888 426 916 577
pole 0.0022 971 465 1017 586
pole 0.0022 905 499 966 619
pole 0.0022 994 456 1046 575
pole 0.0020 837 507 901 578
pole 0.0019 619 310 677 669
pole 0.0016 1095 441 1128 577
pole 0.0016 1142 427 1156 557
pole 0.0015 952 403 973 581
pole 0.0014 736 457 787 588
pole 0.0014 780 451 835 574
pole 0.0014 802 420 818 562
pole 0.0013 1049 458 1083 564
pole 0.0013 989 459 1013 559
pole 0.0013 875 441 927 625
pole 0.0013 1131 412 1159 582
pole 0.0012 104 183 154 655
pole 0.0011 765 415 794 578
pole 0.0011 917 373 960 597
pole 0.0011 574 421 606 608
pole 0.0010 787 494 844 565
pole 0.0010 597 462 661 672
pole 0.0010 95 341 125 695
rail-occluder 0.4371 278 665 310 706
rail-occluder 0.0241 258 662 317 713
rail-occluder 0.0122 233 659 339 720
rail-occluder 0.0114 287 665 317 699
rail-occluder 0.0095 1902 678 1920 727
rail-occluder 0.0089 1282 620 1296 649
rail-occluder 0.0056 1470 617 1485 640
rail-occluder 0.0030 1210 611 1234 626
rail-occluder 0.0026 268 674 314 726
rail-occluder 0.0025 1184 530 1193 563
rail-occluder 0.0022 233 669 297 716
rail-occluder 0.0021 1201 607 1231 623
rail-occluder 0.0019 1895 678 1915 721
rail-occluder 0.0019 276 643 316 697
rail-occluder 0.0014 749 545 779 573
rail-occluder 0.0010 1896 666 1921 751
