crossing 0.0016 1647 851 1785 899
crossing 0.0013 1633 846 1868 918
guard-rail 0.4181 981 758 1012 802
guard-rail 0.1254 207 975 357 1080
guard-rail 0.0828 929 788 1058 883
guard-rail 0.0760 975 754 1001 797
guard-rail 0.0740 874 607 1193 1071
guard-rail 0.0662 770 769 797 810
guard-rail 0.0385 977 752 1037 809
guard-rail 0.0281 776 792 806 826
guard-rail 0.0269 770 760 795 792
guard-rail 0.0177 900 799 1036 861
guard-rail 0.0135 775 707 803 737
guard-rail 0.0123 983 826 1090 899
guard-rail 0.0108 783 719 809 753
guard-rail 0.0101 751 697 799 733
guard-rail 0.0095 212 1009 309 1081
guard-rail 0.0091 1031 832 1092 897
guard-rail 0.0084 961 775 1039 850
guard-rail 0.0076 769 754 818 790
guard-rail 0.0075 630 684 696 714
guard-rail 0.0070 790 807 924 880
guard-rail 0.0065 617 695 667 719
guard-rail 0.0063 969 730 1007 794
guard-rail 0.0051 967 722 994 780
guard-rail 0.0046 702 674 787 736
guard-rail 0.0046 1019 838 1104 920
guard-rail 0.0045 715 706 750 755
guard-rail 0.0040 883 798 975 859
guard-rail 0.0040 756 768 784 806
guard-rail 0.0037 778 796 874 841
guard-rail 0.0034 643 668 725 710
guard-rail 0.0033 802 805 898 858
guard-rail 0.0033 832 886 872 1070
guard-rail 0.0032 772 720 801 757
guard-rail 0.0028 959 832 1113 927
guard-rail 0.0027 719 654 803 720
guard-rail 0.0025 932 684 1084 876
guard-rail 0.0023 954 720 1047 832
guard-rail 0.0022 765 767 821 827
guard-rail 0.0022 650 738 682 769
guard-rail 0.0021 996 766 1056 826
guard-rail 0.0020 777 804 834 858
guard-rail 0.0019 746 746 781 785
guard-rail 0.0019 788 770 838 809
guard-rail 0.0018 757 751 809 812
guard-rail 0.0017 701 709 736 760
guard-rail 0.0016 770 677 810 722
guard-rail 0.0016 1052 846 1108 916
guard-rail 0.0015 982 771 1084 870
guard-rail 0.0015 654 727 693 768
guard-rail 0.0013 1016 849 1162 1036
guard-rail 0.0012 713 708 778 758
guard-rail 0.0011 794 758 837 789
guard-rail 0.0011 1020 879 1109 946
guard-rail 0.0010 131 877 455 1085
guard-rail 0.0010 809 826 910 928
guard-rail 0.0010 232 952 419 1071
rail 0.9567 -3 613 843 1077
rail 0.9123 1044 657 1920 1079
rail 0.8156 695 646 1222 1077
rail 0.5358 913 835 1310 1077
rail 0.4917 2 690 467 849
rail 0.2922 427 639 633 732
rail 0.2461 824 825 1007 1075
rail 0.2351 204 973 354 1077
rail 0.2299 859 750 1197 1071
rail 0.2212 1214 676 1923 904
rail 0.2028 862 796 1098 975
rail 0.1145 722 724 1069 990
rail 0.0602 801 812 914 1075
rail 0.0601 -1 715 351 819
rail 0.0391 917 924 1250 1067
rail 0.0192 -5 729 362 923
rail 0.0174 964 565 1357 1145
rail 0.0172 1032 848 1192 1073
rail 0.0131 13 977 348 1077
rail 0.0130 766 762 1017 921
rail 0.0109 510 642 652 716
rail 0.0108 817 826 868 1075
rail 0.0104 6 631 640 880
rail 0.0103 876 850 1114 1076
rail 0.0101 776 627 830 653
rail 0.0095 3 728 198 846
rail 0.0086 427 655 546 736
rail 0.0082 216 1018 322 1077
rail 0.0076 902 861 995 1082
rail 0.0069 451 617 740 721
rail 0.0068 198 576 804 912
rail 0.0064 1069 860 1352 1076
rail 0.0060 2 733 129 818
rail 0.0055 477 672 644 738
rail 0.0054 350 656 621 757
rail 0.0046 1 739 132 898
rail 0.0045 -21 696 530 961
rail 0.0041 749 631 820 655
rail 0.0041 242 637 770 814
rail 0.0034 1157 657 1266 705
rail 0.0034 691 642 800 723
rail 0.0032 913 843 1171 990
rail 0.0027 11 743 102 852
rail 0.0026 513 654 605 708
rail 0.0025 692 802 1043 1087
rail 0.0025 971 991 1239 1077
rail 0.0025 1470 740 1904 889
rail 0.0022 1086 878 1237 1071
rail 0.0022 1532 807 1867 919
rail 0.0022 1166 676 1683 808
rail 0.0021 18 729 98 783
rail 0.0020 11 694 236 787
rail 0.0020 565 642 649 697
rail 0.0019 809 610 839 649
rail 0.0018 888 825 1031 1004
rail 0.0017 830 874 902 1078
rail 0.0017 868 867 934 1080
rail 0.0017 94 700 438 790
rail 0.0016 2 517 123 928
rail 0.0016 721 716 901 1076
rail 0.0016 776 792 1278 1208
rail 0.0016 1378 746 1926 1023
rail 0.0015 393 645 572 717
rail 0.0015 732 626 779 652
rail 0.0014 744 618 836 666
rail 0.0014 1609 822 1918 980
rail 0.0014 -35 755 510 1165
rail 0.0014 1075 960 1271 1074
rail 0.0013 779 798 855 1074
rail 0.0013 151 892 393 1088
rail 0.0013 471 661 567 723
rail 0.0012 1195 678 1543 764
rail 0.0012 30 1022 300 1086
rail 0.0011 705 627 792 682
rail 0.0011 2 702 82 835
rail 0.0010 1470 831 1915 1075
rail 0.0010 7 863 438 1071
rail 0.0010 1168 662 1353 722
switch-indicator 0.0508 1003 658 1026 704
switch-indicator 0.0192 990 661 1022 702
switch-indicator 0.0110 1010 655 1035 700
switch-indicator 0.0017 994 611 1016 699
switch-indicator 0.0010 988 655 1039 711
switch-left 0.1752 706 662 786 708
switch-left 0.0786 869 769 1187 1056
switch-left 0.0765 793 805 966 911
switch-left 0.0731 892 811 1051 912
switch-left 0.0434 857 801 1001 882
switch-left 0.0260 921 990 1219 1075
switch-left 0.0249 893 853 1067 947
switch-left 0.0113 886 907 1191 1064
switch-left 0.0041 819 818 1034 948
switch-left 0.0026 696 653 804 733
switch-left 0.0026 965 993 1130 1069
switch-left 0.0018 787 816 898 890
switch-left 0.0017 819 824 927 932
switch-left 0.0015 30 1023 302 1084
switch-left 0.0013 967 1024 1189 1083
switch-left 0.0012 939 933 1111 1035
switch-right 0.2672 711 660 783 692
switch-right 0.2259 877 799 1084 916
switch-right 0.2008 792 814 979 901
switch-right 0.0854 894 806 1047 879
switch-right 0.0680 889 796 1164 1026
switch-right 0.0649 814 781 1059 1023
switch-right 0.0618 810 817 961 966
switch-right 0.0371 722 654 794 684
switch-right 0.0154 889 800 1004 859
switch-right 0.0128 804 808 909 880
switch-right 0.0063 704 678 787 733
switch-right 0.0029 786 796 966 871
switch-right 0.0025 674 669 765 709
switch-right 0.0021 644 673 725 707
switch-right 0.0017 913 838 1028 929
switch-right 0.0015 842 807 950 880
switch-right 0.0014 676 661 756 695
switch-right 0.0014 936 818 1046 902
switch-right 0.0012 723 665 800 714
switch-unknown 0.0455 724 655 792 685
switch-unknown 0.0421 765 633 819 654
switch-unknown 0.0275 750 641 814 669
switch-unknown 0.0268 780 628 827 650
switch-unknown 0.0134 706 651 777 678
switch-unknown 0.0078 812 611 840 646
switch-unknown 0.0030 819 604 856 638
switch-unknown 0.0020 675 668 765 710
switch-unknown 0.0015 736 621 774 651
switch-unknown 0.0015 1168 663 1253 704
switch-unknown 0.0012 764 647 807 678
switch-static 0.5965 1096 807 1243 860
switch-static 0.0297 1065 819 1224 873
switch-static 0.0218 650 656 714 687
switch-static 0.0193 551 682 609 710
switch-static 0.0115 644 652 692 678
switch-static 0.0112 1080 822 1172 858
switch-static 0.0093 644 653 678 671
switch-static 0.0089 981 664 1022 708
switch-static 0.0077 657 650 704 672
switch-static 0.0057 985 684 1351 1007
switch-static 0.0051 519 674 607 713
switch-static 0.0050 690 643 738 673
switch-static 0.0041 569 679 628 708
switch-static 0.0033 975 676 998 708
switch-static 0.0032 765 647 804 676
switch-static 0.0032 1062 803 1181 861
switch-static 0.0029 1122 817 1268 876
switch-static 0.0029 1653 855 1780 905
switch-static 0.0020 676 655 754 696
switch-static 0.0013 738 990 832 1065
switch-static 0.0012 579 975 644 1022
switch-static 0.0011 1604 847 1822 915
switch-static 0.0010 823 624 848 659
track-sign-front 0.8309 1068 594 1094 624
track-sign-front 0.0374 960 610 974 630
track-sign-front 0.0093 1071 589 1096 640
track-sign-front 0.0074 445 656 477 707
track-sign-front 0.0068 958 529 971 554
track-sign-front 0.0060 973 601 1009 652
track-sign-front 0.0037 994 610 1015 696
track-sign-front 0.0030 1065 565 1100 683
track-sign-front 0.0029 1071 589 1114 625
track-sign-front 0.0028 448 646 476 687
track-sign-front 0.0027 799 622 838 658
track-sign-front 0.0016 960 614 980 656
track-sign-front 0.0016 923 548 944 608
track-sign-front 0.0016 954 609 982 634
track-sign-front 0.0011 956 522 972 563
track-sign-front 0.0010 983 575 1012 646
track-signal-back 0.0103 690 447 713 509
track-signal-back 0.0028 688 421 712 573
track-signal-back 0.0014 957 518 973 564
track-signal-back 0.0013 948 518 970 560
track-signal-back 0.0012 791 535 804 573
pole 0.4462 603 373 619 697
pole 0.2852 417 223 469 766
pole 0.1763 1067 239 1097 755
pole 0.1308 593 375 616 710
pole 0.0620 681 421 705 682
pole 0.0417 604 387 634 706
pole 0.0396 16 81 92 1030
pole 0.0360 1694 20 1787 855
pole 0.0282 443 247 481 768
pole 0.0160 30 164 78 862
pole 0.0081 1051 212 1090 749
pole 0.0071 384 274 485 766
pole 0.0067 42 86 131 941
pole 0.0061 564 396 589 702
pole 0.0042 10 213 59 905
pole 0.0040 605 466 615 613
pole 0.0040 646 403 686 698
pole 0.0031 617 443 641 696
pole 0.0023 679 526 701 663
pole 0.0020 719 426 743 674
pole 0.0020 1703 256 1770 837
pole 0.0019 819 580 843 643
pole 0.0018 688 503 705 646
pole 0.0016 432 430 486 779
pole 0.0016 687 399 722 648
pole 0.0014 1075 294 1095 625
pole 0.0014 1668 81 1839 1041
pole 0.0013 353 246 427 779
pole 0.0012 450 534 484 726
pole 0.0011 1057 386 1081 690
pole 0.0010 1062 292 1115 822
pole 0.0010 788 524 810 630
pole 0.0010 588 377 646 693
rail-occluder 0.1284 404 702 430 758
rail-occluder 0.0392 1072 614 1102 730
rail-occluder 0.0194 400 663 485 755
rail-occluder 0.0136 399 688 455 756
rail-occluder 0.0101 441 656 479 741
rail-occluder 0.0097 1000 617 1022 712
rail-occluder 0.0063 993 645 1027 710
rail-occluder 0.0033 406 662 439 767
rail-occluder 0.0022 366 696 464 767
rail-occluder 0.0017 1006 653 1041 701
rail-occluder 0.0017 586 645 629 694
rail-occluder 0.0016 553 655 617 706
rail-occluder 0.0011 13 744 95 843
rail-occluder 0.0010 399 711 430 792
rail-occluder 0.0010 592 633 620 678
