guard-rail 0.0063 860 683 913 749
guard-rail 0.0018 878 663 944 708
guard-rail 0.0014 850 688 879 750
guard-rail 0.0012 849 699 876 777
guard-rail 0.0012 1748 992 1921 1073
guard-rail 0.0011 900 692 963 752
rail 0.9484 12 549 876 1077
rail 0.8705 725 553 1094 1078
rail 0.3288 794 682 1023 1077
rail 0.0507 803 646 1006 822
rail 0.0058 776 564 1025 922
rail 0.0016 0 890 481 1079
switch-left 0.1682 857 681 954 754
switch-right 0.2864 857 675 955 748
switch-right 0.0208 860 665 947 713
switch-right 0.0012 864 672 912 730
switch-static 0.5912 947 655 1010 691
switch-static 0.0102 2 986 55 1080
switch-static 0.0079 967 662 1027 691
switch-static 0.0022 632 845 748 887
switch-static 0.0020 955 659 1025 708
switch-static 0.0018 0 996 35 1089
switch-static 0.0014 1463 1002 1739 1071
switch-static 0.0012 919 647 998 686
switch-static 0.0010 910 659 995 714
track-sign-front 0.1215 667 560 684 584
track-sign-front 0.0153 667 565 683 597
track-sign-front 0.0078 47 708 69 757
track-sign-front 0.0054 982 550 996 571
track-sign-front 0.0050 666 562 705 585
track-sign-front 0.0030 1038 557 1060 586
track-sign-front 0.0029 34 698 68 754
track-sign-front 0.0021 264 678 287 780
track-sign-front 0.0012 969 554 994 576
track-sign-front 0.0011 1034 576 1055 613
track-sign-front 0.0010 1300 579 1324 603
track-sign-front 0.0010 960 542 997 574
track-signal-back 0.7838 265 245 332 403
track-signal-back 0.7693 818 439 845 488
track-signal-back 0.0272 258 530 290 623
track-signal-back 0.0209 822 491 840 550
track-signal-back 0.0144 821 457 841 585
track-signal-back 0.0075 822 444 861 490
track-signal-back 0.0040 1032 551 1054 584
track-signal-back 0.0020 263 302 328 446
track-signal-back 0.0017 883 518 909 556
track-signal-back 0.0012 1037 555 1060 588
track-signal-back 0.0011 798 442 842 491
track-signal-back 0.0011 254 456 289 643
pole 0.3465 823 454 839 657
pole 0.0954 825 537 838 654
pole 0.0347 6 -25 79 1039
pole 0.0340 820 517 844 649
pole 0.0113 817 398 845 658
pole 0.0102 822 561 842 670
pole 0.0046 817 489 834 656
pole 0.0027 822 452 866 672
pole 0.0016 806 461 854 654
pole 0.0015 766 475 779 582
pole 0.0011 765 436 780 623
