guard-rail 0.6761 731 749 855 1035
guard-rail 0.0627 1102 620 1444 1077
guard-rail 0.0286 1198 765 1420 1069
guard-rail 0.0143 596 668 1030 1099
guard-rail 0.0114 1056 1002 1070 1077
guard-rail 0.0068 1061 487 1083 521
guard-rail 0.0029 1049 995 1067 1074
guard-rail 0.0023 1092 464 1141 547
guard-rail 0.0017 1123 717 1321 925
guard-rail 0.0016 1084 437 1137 527
guard-rail 0.0014 1158 583 1199 636
guard-rail 0.0014 986 514 1067 567
guard-rail 0.0014 1065 647 1322 1033
guard-rail 0.0011 686 587 916 1051
guard-rail 0.0010 1058 976 1074 1071
rail 0.9631 1074 421 1887 1078
rail 0.9120 648 433 1082 1081
rail 0.8942 976 525 1446 1071
rail 0.0204 693 647 1021 1064
rail 0.0180 1194 730 1427 1063
rail 0.0025 1270 833 1439 1073
rail 0.0021 1086 670 1573 1073
rail 0.0019 775 554 1070 1016
rail 0.0010 624 549 932 1051
rail 0.0010 1204 478 1485 1025
rail 0.0010 1083 434 1139 535
switch-indicator 0.0488 889 495 921 532
switch-indicator 0.0346 1058 492 1075 520
switch-indicator 0.0279 836 519 858 551
switch-indicator 0.0094 845 507 896 552
switch-indicator 0.0065 876 489 924 543
switch-indicator 0.0057 1048 490 1073 525
switch-indicator 0.0042 1058 476 1080 524
switch-indicator 0.0039 879 492 902 539
switch-indicator 0.0017 857 497 913 561
switch-left 0.2442 962 508 1048 559
switch-left 0.0063 958 524 1048 588
switch-left 0.0032 962 507 1075 602
switch-left 0.0011 779 759 1011 870
switch-right 0.3100 958 510 1049 557
switch-right 0.0740 969 505 1040 541
switch-right 0.0015 811 739 1024 849
switch-right 0.0015 979 514 1069 568
switch-unknown 0.0058 1073 432 1108 457
switch-unknown 0.0025 1038 424 1091 452
switch-unknown 0.0016 1028 426 1061 445
switch-static 0.0391 895 497 924 528
switch-static 0.0338 934 495 975 521
switch-static 0.0134 1781 774 1902 837
switch-static 0.0082 1048 490 1076 532
switch-static 0.0015 873 495 954 542
switch-static 0.0014 459 706 581 794
track-sign-front 0.0186 836 518 856 547
track-sign-front 0.0057 958 430 977 451
track-sign-front 0.0028 957 436 973 456
track-sign-front 0.0022 1806 433 1845 468
track-sign-front 0.0022 1805 430 1831 461
track-sign-front 0.0016 885 480 911 520
track-sign-front 0.0011 877 479 922 540
track-sign-front 0.0010 1795 426 1840 463
track-signal-front 0.0011 1232 342 1249 370
track-signal-back 0.0028 1230 340 1247 366
