crossing 0.0012 972 573 1026 592
guard-rail 0.1751 974 713 984 756
guard-rail 0.1511 977 706 988 750
guard-rail 0.1046 1134 714 1143 752
guard-rail 0.0179 1129 714 1139 752
guard-rail 0.0075 972 732 983 772
guard-rail 0.0073 1138 714 1147 759
guard-rail 0.0029 970 701 997 753
guard-rail 0.0028 979 679 993 733
guard-rail 0.0018 1123 706 1140 749
guard-rail 0.0012 955 722 974 768
guard-rail 0.0011 1136 650 1146 751
guard-rail 0.0010 984 700 1019 748
platform 0.2243 1053 564 1132 593
platform 0.1678 1074 568 1149 601
platform 0.1604 1017 560 1059 582
platform 0.1406 1027 560 1107 586
platform 0.0269 1011 557 1045 579
platform 0.0230 1068 559 1159 583
platform 0.0157 977 563 1029 586
platform 0.0137 1049 542 1128 586
platform 0.0091 1032 567 1111 595
platform 0.0075 1048 558 1146 612
platform 0.0064 1017 569 1068 592
platform 0.0058 1004 572 1034 591
platform 0.0051 648 584 921 628
platform 0.0038 946 559 1002 590
platform 0.0016 928 562 984 590
platform 0.0011 504 576 917 648
platform 0.0011 1008 542 1100 611
rail 0.9599 311 575 996 1078
rail 0.9102 943 570 1208 1073
rail 0.1916 1105 577 1143 607
rail 0.1845 1076 567 1147 601
rail 0.0111 1053 561 1142 611
rail 0.0084 1107 591 1145 624
rail 0.0019 891 573 1075 1068
switch-indicator 0.0011 1158 589 1179 611
switch-left 0.0067 1105 592 1145 622
switch-right 0.0201 1115 597 1145 617
switch-unknown 0.0952 1110 582 1144 607
switch-static 0.0032 1143 597 1167 616
switch-static 0.0023 1125 581 1178 618
track-sign-front 0.0562 1234 605 1257 631
track-sign-front 0.0034 587 692 602 741
track-sign-front 0.0015 766 540 787 565
track-sign-front 0.0010 893 556 942 594
track-signal-back 0.0070 1194 522 1211 543
track-signal-back 0.0038 1082 534 1106 557
