rail 0.9696 1065 413 1891 1081
rail 0.9649 658 413 1055 1078
rail 0.0026 1011 437 1059 1064
track-sign-front 0.9086 312 558 415 650
track-sign-front 0.2707 375 648 437 692
track-sign-front 0.0075 948 399 987 426
track-sign-front 0.0058 959 405 989 430
track-sign-front 0.0057 971 406 1005 431
track-sign-front 0.0052 951 398 969 423
track-sign-front 0.0022 285 524 439 728
track-sign-front 0.0019 406 652 441 691
track-sign-front 0.0014 949 405 971 434
track-sign-front 0.0013 994 408 1021 433
track-sign-front 0.0012 324 623 412 667
