guard-rail 0.5123 1487 839 1816 996
guard-rail 0.0673 1600 822 1920 973
guard-rail 0.0480 1744 808 1921 923
guard-rail 0.0305 1541 844 1922 1053
guard-rail 0.0190 1786 837 1923 943
guard-rail 0.0180 1744 846 1917 1026
guard-rail 0.0179 1470 833 1698 947
guard-rail 0.0125 1807 822 1921 908
guard-rail 0.0118 1012 601 1056 627
guard-rail 0.0113 376 650 515 697
guard-rail 0.0093 1647 737 1923 904
guard-rail 0.0087 1661 892 1927 1069
guard-rail 0.0083 1672 683 1908 742
guard-rail 0.0080 1062 624 1126 652
guard-rail 0.0077 1827 853 1920 1041
guard-rail 0.0071 1232 684 1942 1098
guard-rail 0.0061 1699 793 1914 883
guard-rail 0.0058 1043 624 1102 648
guard-rail 0.0046 1038 609 1097 642
guard-rail 0.0039 392 668 497 703
guard-rail 0.0037 1576 826 1858 910
guard-rail 0.0036 379 643 465 688
guard-rail 0.0034 1434 774 1711 970
guard-rail 0.0032 1405 806 1853 1078
guard-rail 0.0031 1831 858 1918 959
guard-rail 0.0030 370 674 467 705
guard-rail 0.0030 1878 836 1917 941
guard-rail 0.0028 354 652 549 732
guard-rail 0.0028 995 596 1044 625
guard-rail 0.0026 351 663 445 696
guard-rail 0.0022 321 678 424 710
guard-rail 0.0022 986 619 1037 652
guard-rail 0.0021 1475 826 1643 911
guard-rail 0.0019 1572 854 1753 972
guard-rail 0.0018 1875 843 1921 1025
guard-rail 0.0016 1786 912 1927 1060
guard-rail 0.0016 805 597 848 621
guard-rail 0.0013 1751 678 1914 730
guard-rail 0.0013 1786 809 1892 884
guard-rail 0.0012 1080 648 1144 672
guard-rail 0.0011 433 647 539 692
guard-rail 0.0011 1011 622 1074 652
guard-rail 0.0011 1780 691 1928 754
guard-rail 0.0011 917 616 976 660
guard-rail 0.0010 1498 818 1787 924
guard-rail 0.0010 1742 696 1837 730
guard-rail 0.0010 944 613 1028 657
train-car 0.0128 -2 458 448 650
rail 0.9577 925 544 1312 1079
rail 0.8802 0 539 922 1078
rail 0.8744 974 557 1915 1057
rail 0.7395 2 546 865 783
rail 0.6850 1075 568 1913 731
rail 0.4621 866 561 989 614
rail 0.2747 1261 583 1921 685
rail 0.1986 924 582 988 614
rail 0.1522 590 558 885 639
rail 0.1263 0 696 346 815
rail 0.1057 266 641 333 698
rail 0.1024 4 633 536 808
rail 0.0894 840 556 893 582
rail 0.0805 845 557 941 591
rail 0.0634 18 590 697 715
rail 0.0524 455 566 847 652
rail 0.0333 820 552 884 576
rail 0.0321 12 621 460 714
rail 0.0302 812 547 832 582
rail 0.0295 1363 626 1926 750
rail 0.0269 323 556 895 687
rail 0.0263 131 602 473 773
rail 0.0230 867 560 920 583
rail 0.0219 584 585 819 648
rail 0.0212 942 586 1012 617
rail 0.0199 436 598 719 671
rail 0.0162 0 666 290 924
rail 0.0159 623 549 869 600
rail 0.0138 1057 550 1174 602
rail 0.0138 4 759 241 860
rail 0.0135 1038 557 1230 631
rail 0.0126 849 544 1002 645
rail 0.0115 793 550 922 601
rail 0.0113 -1 717 171 807
rail 0.0113 874 551 971 587
rail 0.0108 1667 675 1919 748
rail 0.0104 1441 663 1919 849
rail 0.0096 800 547 847 582
rail 0.0092 551 562 818 616
rail 0.0091 6 499 844 663
rail 0.0085 488 609 647 673
rail 0.0078 945 555 1299 760
rail 0.0072 951 569 1023 602
rail 0.0071 764 549 871 588
rail 0.0068 752 553 958 619
rail 0.0063 1572 642 1922 724
rail 0.0063 866 586 979 636
rail 0.0061 808 572 881 614
rail 0.0060 841 571 905 613
rail 0.0059 911 546 981 593
rail 0.0049 1059 586 1164 644
rail 0.0049 1120 559 1154 590
rail 0.0047 704 555 858 583
rail 0.0046 1216 608 1904 908
rail 0.0045 1530 751 1932 1075
rail 0.0042 396 643 539 700
rail 0.0040 631 599 773 636
rail 0.0039 1640 831 1935 988
rail 0.0039 374 620 609 719
rail 0.0039 1039 557 1144 614
rail 0.0039 648 572 813 630
rail 0.0038 345 641 559 740
rail 0.0036 1099 487 1876 660
rail 0.0036 1742 695 1921 764
rail 0.0035 584 609 701 653
rail 0.0034 1071 548 1158 582
rail 0.0034 -4 690 495 871
rail 0.0032 1633 704 1924 936
rail 0.0032 874 542 1008 1054
rail 0.0032 935 571 1094 636
rail 0.0030 298 613 611 782
rail 0.0029 1006 547 1262 659
rail 0.0029 261 655 318 731
rail 0.0027 0 725 84 808
rail 0.0026 423 567 708 753
rail 0.0025 78 685 371 767
rail 0.0025 972 574 1383 693
rail 0.0025 835 550 1806 848
rail 0.0025 1603 670 1925 799
rail 0.0024 1479 791 1914 969
rail 0.0023 726 553 896 645
rail 0.0022 0 747 123 836
rail 0.0020 -1 687 162 779
rail 0.0020 667 519 916 625
rail 0.0019 863 546 1102 694
rail 0.0019 947 554 1112 616
rail 0.0019 440 640 575 693
rail 0.0018 -2 653 310 725
rail 0.0018 1079 568 1192 634
rail 0.0018 152 692 345 748
rail 0.0016 105 741 250 808
rail 0.0016 1094 551 1181 591
rail 0.0016 897 594 1092 1077
rail 0.0016 1365 741 1781 1001
rail 0.0015 714 540 995 663
rail 0.0015 463 520 796 628
rail 0.0015 551 596 729 661
rail 0.0013 643 557 915 731
rail 0.0013 828 527 1014 724
rail 0.0013 927 524 995 604
rail 0.0012 899 520 1080 619
rail 0.0012 1118 576 1743 663
rail 0.0012 1200 607 1285 657
rail 0.0012 1013 522 1197 619
rail 0.0012 1626 765 1907 885
rail 0.0012 700 569 801 617
rail 0.0011 1426 609 1645 692
rail 0.0010 1146 616 1204 648
rail 0.0010 -41 629 326 1063
rail 0.0010 255 484 978 810
rail 0.0010 1010 587 1237 681
rail 0.0010 1604 921 1929 1078
rail 0.0010 237 554 777 643
rail 0.0010 251 645 532 805
rail 0.0010 932 579 1021 1082
switch-indicator 0.7220 719 708 762 832
switch-indicator 0.3832 554 616 584 658
switch-indicator 0.3242 1231 621 1257 650
switch-indicator 0.1093 1157 630 1174 648
switch-indicator 0.1034 1233 581 1274 608
switch-indicator 0.0923 1105 609 1123 637
switch-indicator 0.0904 813 549 827 580
switch-indicator 0.0378 589 647 626 666
switch-indicator 0.0363 1001 583 1028 602
switch-indicator 0.0354 582 636 628 669
switch-indicator 0.0202 1105 609 1144 651
switch-indicator 0.0199 726 699 759 730
switch-indicator 0.0177 544 615 599 667
switch-indicator 0.0153 555 638 619 676
switch-indicator 0.0118 1133 563 1147 581
switch-indicator 0.0113 1009 587 1043 616
switch-indicator 0.0102 1095 605 1122 643
switch-indicator 0.0072 1136 561 1163 584
switch-indicator 0.0064 1146 628 1182 651
switch-indicator 0.0050 1152 622 1195 647
switch-indicator 0.0043 1018 570 1062 607
switch-indicator 0.0040 1068 579 1123 622
switch-indicator 0.0037 740 558 800 589
switch-indicator 0.0025 1038 575 1096 619
switch-indicator 0.0017 690 718 756 847
switch-indicator 0.0016 1112 573 1162 621
switch-left 0.1814 942 593 996 618
switch-left 0.0148 945 599 1008 631
switch-left 0.0056 318 671 464 710
switch-left 0.0027 362 644 481 692
switch-left 0.0023 941 614 1010 645
switch-left 0.0020 272 674 425 718
switch-left 0.0012 651 616 759 657
switch-left 0.0010 301 686 478 733
switch-right 0.2137 941 589 992 618
switch-right 0.0674 939 580 986 609
switch-right 0.0307 943 600 1010 631
switch-right 0.0065 296 675 448 715
switch-right 0.0043 413 644 558 695
switch-right 0.0029 331 661 464 700
switch-right 0.0024 940 613 1010 646
switch-right 0.0014 289 688 449 731
switch-right 0.0011 944 618 1031 657
switch-unknown 0.2442 857 561 895 578
switch-unknown 0.0353 869 560 916 581
switch-unknown 0.0351 825 548 886 578
switch-unknown 0.0086 636 605 730 641
switch-unknown 0.0072 818 578 868 605
switch-unknown 0.0039 921 543 973 587
switch-unknown 0.0023 606 615 678 651
switch-unknown 0.0023 637 593 733 628
switch-unknown 0.0019 685 601 768 633
switch-unknown 0.0010 687 577 775 620
switch-static 0.3482 88 791 240 868
switch-static 0.0899 995 586 1040 612
switch-static 0.0702 943 586 1011 617
switch-static 0.0699 23 783 254 887
switch-static 0.0564 871 612 910 631
switch-static 0.0497 2 798 162 881
switch-static 0.0386 113 774 239 839
switch-static 0.0239 995 597 1045 623
switch-static 0.0221 401 638 458 663
switch-static 0.0210 6 800 104 866
switch-static 0.0179 600 633 665 661
switch-static 0.0161 1120 628 1172 651
switch-static 0.0139 875 566 942 618
switch-static 0.0098 845 567 904 618
switch-static 0.0081 955 569 1023 605
switch-static 0.0080 621 624 688 650
switch-static 0.0078 3 820 139 910
switch-static 0.0078 597 646 652 671
switch-static 0.0077 1099 618 1135 650
switch-static 0.0068 887 590 954 636
switch-static 0.0055 641 621 722 647
switch-static 0.0040 405 638 537 677
switch-static 0.0032 874 616 929 646
switch-static 0.0031 136 782 285 862
switch-static 0.0022 394 631 451 653
switch-static 0.0021 901 622 949 650
switch-static 0.0020 834 603 887 628
switch-static 0.0019 26 788 130 851
switch-static 0.0019 69 727 361 853
switch-static 0.0019 124 820 231 873
switch-static 0.0018 1 748 169 846
switch-static 0.0018 850 614 912 645
switch-static 0.0015 66 825 255 894
switch-static 0.0013 362 634 447 663
switch-static 0.0012 -21 808 228 947
switch-static 0.0012 297 651 388 698
switch-static 0.0012 322 665 422 698
switch-static 0.0012 555 666 622 698
switch-static 0.0012 0 798 47 871
switch-static 0.0011 664 622 745 652
switch-static 0.0010 289 716 408 759
switch-static 0.0010 57 802 155 865
track-sign-front 0.1003 1051 453 1065 487
track-sign-front 0.0954 730 701 759 724
track-sign-front 0.0519 468 532 480 551
track-sign-front 0.0355 1218 750 1234 772
track-sign-front 0.0166 1206 467 1218 582
track-sign-front 0.0097 469 467 482 515
track-sign-front 0.0090 467 548 483 611
track-sign-front 0.0055 1231 577 1272 602
track-sign-front 0.0039 275 632 320 659
track-sign-front 0.0037 1202 551 1217 597
track-sign-front 0.0036 651 551 662 568
track-sign-front 0.0025 1201 439 1215 570
track-sign-front 0.0022 1170 548 1207 579
track-sign-front 0.0022 1800 618 1813 658
track-sign-front 0.0020 467 515 481 556
track-sign-front 0.0016 468 450 484 541
track-sign-front 0.0015 1219 751 1235 814
track-sign-front 0.0013 1213 748 1241 774
track-sign-front 0.0013 1148 553 1184 578
track-signal-front 0.0076 469 469 482 512
track-signal-front 0.0042 467 424 484 559
track-signal-front 0.0039 850 502 876 555
track-signal-front 0.0036 915 489 927 507
track-signal-back 0.1826 1052 456 1066 490
track-signal-back 0.0051 914 491 929 514
track-signal-back 0.0015 1047 453 1072 488
track-signal-back 0.0010 886 480 930 529
pole 0.3210 1201 358 1219 598
pole 0.0731 1052 421 1068 597
pole 0.0666 1004 438 1014 572
pole 0.0624 733 447 746 577
pole 0.0562 1795 342 1815 672
pole 0.0470 764 429 779 570
pole 0.0393 734 433 769 576
pole 0.0369 990 429 1017 572
pole 0.0114 756 395 779 585
pole 0.0113 18 108 52 708
pole 0.0087 1337 417 1351 597
pole 0.0082 814 441 844 574
pole 0.0076 1203 412 1217 558
pole 0.0074 798 462 826 582
pole 0.0070 976 448 994 562
pole 0.0068 782 437 812 574
pole 0.0055 695 444 706 574
pole 0.0051 835 477 866 557
pole 0.0046 1048 485 1080 600
pole 0.0036 769 364 784 573
pole 0.0032 1029 416 1077 597
pole 0.0028 1047 308 1061 557
pole 0.0027 685 436 704 570
pole 0.0025 468 391 484 579
pole 0.0023 964 474 993 577
pole 0.0022 699 454 718 583
pole 0.0021 1207 454 1222 604
pole 0.0019 776 394 795 579
pole 0.0019 1189 360 1239 607
pole 0.0018 1339 491 1350 606
pole 0.0016 1060 483 1097 590
pole 0.0015 1800 346 1834 663
pole 0.0014 770 404 782 536
pole 0.0014 824 435 838 558
pole 0.0014 748 438 792 611
pole 0.0013 763 392 790 576
pole 0.0012 25 322 47 629
pole 0.0010 828 495 873 574
rail-occluder 0.6189 274 641 315 688
rail-occluder 0.4438 1233 583 1276 606
rail-occluder 0.2205 1279 589 1313 621
rail-occluder 0.1969 1232 612 1266 647
rail-occluder 0.1511 1233 622 1255 651
rail-occluder 0.0791 742 560 755 580
rail-occluder 0.0588 249 638 331 702
rail-occluder 0.0487 1233 582 1306 612
rail-occluder 0.0357 1228 581 1287 626
rail-occluder 0.0150 1599 670 1623 707
rail-occluder 0.0112 553 624 593 687
rail-occluder 0.0108 1257 586 1316 637
rail-occluder 0.0102 739 552 751 578
rail-occluder 0.0102 736 558 759 589
rail-occluder 0.0079 1455 639 1472 666
rail-occluder 0.0071 269 632 329 679
rail-occluder 0.0070 469 579 484 607
rail-occluder 0.0062 810 548 827 579
rail-occluder 0.0061 252 658 315 723
rail-occluder 0.0047 1045 550 1091 614
rail-occluder 0.0040 736 571 771 607
rail-occluder 0.0039 1058 554 1125 611
rail-occluder 0.0037 1581 660 1626 700
rail-occluder 0.0036 1282 585 1342 622
rail-occluder 0.0029 753 576 784 602
rail-occluder 0.0024 1265 578 1327 624
rail-occluder 0.0024 1194 621 1250 653
rail-occluder 0.0021 550 602 583 637
rail-occluder 0.0020 1206 569 1296 614
rail-occluder 0.0018 1059 531 1109 580
rail-occluder 0.0016 1217 555 1273 625
rail-occluder 0.0016 1199 576 1219 627
rail-occluder 0.0014 1800 622 1814 662
rail-occluder 0.0013 1211 527 1304 715
rail-occluder 0.0013 1248 611 1298 659
rail-occluder 0.0012 468 578 493 614
rail-occluder 0.0011 640 550 677 588
rail-occluder 0.0010 1291 598 1350 631
rail-occluder 0.0010 270 621 431 688
rail-occluder 0.0010 1547 648 1590 687
