crossing 0.1609 115 791 711 1078
crossing 0.0412 381 793 713 905
crossing 0.0165 358 784 705 1039
crossing 0.0037 789 809 1184 1079
crossing 0.0035 450 791 713 865
crossing 0.0017 532 794 695 846
guard-rail 0.2263 38 791 707 1075
guard-rail 0.0665 1070 619 1123 728
guard-rail 0.0313 325 818 665 1067
guard-rail 0.0196 1189 489 1246 718
guard-rail 0.0168 1064 530 1136 561
guard-rail 0.0167 1066 565 1147 735
guard-rail 0.0108 1130 495 1256 731
guard-rail 0.0100 1204 510 1238 639
guard-rail 0.0096 1044 525 1100 556
guard-rail 0.0093 765 806 931 1068
guard-rail 0.0086 1216 496 1243 616
guard-rail 0.0053 1062 548 1127 575
guard-rail 0.0043 1184 525 1229 758
guard-rail 0.0039 1065 645 1106 732
guard-rail 0.0032 1165 545 1219 746
guard-rail 0.0027 1047 510 1081 539
guard-rail 0.0024 1151 515 1222 567
guard-rail 0.0023 874 614 981 668
guard-rail 0.0020 86 940 237 1017
guard-rail 0.0020 22 926 245 1038
guard-rail 0.0019 893 602 990 655
guard-rail 0.0019 1045 551 1111 578
guard-rail 0.0016 822 569 1031 709
guard-rail 0.0016 1191 604 1224 738
guard-rail 0.0015 1211 540 1246 650
guard-rail 0.0015 1054 524 1216 736
guard-rail 0.0013 1017 537 1079 562
guard-rail 0.0012 1208 519 1245 765
guard-rail 0.0011 377 778 777 1021
guard-rail 0.0011 754 751 1143 1071
guard-rail 0.0011 855 623 956 678
guard-rail 0.0010 1166 539 1217 600
guard-rail 0.0010 413 831 580 1053
train-car 0.0014 692 412 1297 591
train-car 0.0011 1 396 1243 652
platform 0.0230 -11 493 1144 930
platform 0.0055 -5 587 619 796
platform 0.0012 -61 446 719 797
platform 0.0010 -4 597 676 1038
rail 0.9167 23 479 1269 1072
rail 0.8811 755 492 1259 1075
rail 0.1961 11 784 714 1078
rail 0.0302 1151 472 1387 1071
rail 0.0182 391 497 1227 887
rail 0.0151 1090 511 1268 770
rail 0.0065 1159 488 1265 543
rail 0.0060 1056 531 1209 722
rail 0.0058 628 475 1212 738
rail 0.0056 1169 484 1264 664
rail 0.0048 1125 496 1252 586
rail 0.0031 961 499 1259 819
rail 0.0031 589 550 993 758
rail 0.0030 1141 499 1232 1083
rail 0.0027 1091 471 1287 647
rail 0.0026 1208 480 1288 530
rail 0.0023 1150 475 1308 727
rail 0.0019 1015 453 1360 920
rail 0.0018 511 548 1138 1076
rail 0.0018 796 504 1158 701
rail 0.0015 21 902 515 1080
rail 0.0014 1264 453 1333 502
rail 0.0014 600 608 887 773
rail 0.0013 1184 478 1309 628
rail 0.0013 587 512 1108 662
rail 0.0012 1160 394 1276 1046
rail 0.0011 1209 458 1322 514
rail 0.0011 0 611 57 799
rail 0.0010 6 934 206 1064
switch-indicator 0.0130 1052 513 1075 533
switch-indicator 0.0026 1795 892 1852 1077
switch-left 0.0016 11 944 259 1064
switch-left 0.0012 14 910 522 1075
switch-right 0.0017 1087 519 1176 566
switch-unknown 0.1518 1210 489 1264 514
switch-unknown 0.0562 1145 502 1231 531
switch-unknown 0.0493 1230 482 1288 507
switch-unknown 0.0477 1179 493 1254 522
switch-unknown 0.0422 1144 504 1185 527
switch-unknown 0.0310 1082 518 1156 545
switch-unknown 0.0272 1096 509 1168 536
switch-unknown 0.0211 1081 527 1143 558
switch-unknown 0.0200 1129 503 1203 535
switch-unknown 0.0144 1246 470 1310 503
switch-unknown 0.0118 1202 494 1260 533
switch-unknown 0.0046 1092 530 1167 564
switch-unknown 0.0046 1049 513 1116 548
switch-unknown 0.0025 1222 496 1284 525
switch-unknown 0.0024 1255 450 1317 491
switch-unknown 0.0018 1083 548 1133 575
switch-unknown 0.0013 1119 525 1195 564
switch-unknown 0.0011 1250 499 1297 522
switch-static 0.0010 1272 474 1319 512
track-sign-front 0.1515 1332 438 1356 487
track-sign-front 0.0053 1335 493 1358 522
track-sign-front 0.0052 1327 429 1350 471
track-sign-front 0.0015 1330 476 1354 523
track-sign-front 0.0011 901 407 930 434
track-sign-front 0.0011 1334 442 1365 514
track-signal-front 0.0047 1792 890 1850 1078
track-signal-front 0.0041 910 408 931 432
track-signal-back 0.0031 1293 389 1312 434
track-signal-back 0.0015 1322 426 1353 492
pole 0.0016 1327 427 1350 475
rail-occluder 0.0100 1050 512 1076 535
rail-occluder 0.0015 1271 452 1323 504
