rail 0.9670 12 527 784 1076
rail 0.9306 724 532 1112 1077
track-sign-front 0.0153 679 501 693 571
track-sign-front 0.0080 859 527 878 567
track-sign-front 0.0048 843 532 875 570
track-sign-front 0.0038 857 497 874 563
track-sign-front 0.0035 682 509 700 574
track-sign-front 0.0033 762 523 782 552
track-sign-front 0.0017 817 538 841 562
track-sign-front 0.0016 857 466 873 545
track-sign-front 0.0011 767 531 786 552
track-signal-front 0.0444 664 459 686 512
track-signal-front 0.0352 665 460 682 488
track-signal-front 0.0017 661 443 689 538
pole 0.1878 673 457 690 569
pole 0.0489 682 468 696 576
pole 0.0277 656 452 687 564
pole 0.0264 664 449 686 530
pole 0.0066 670 459 701 578
pole 0.0047 624 458 645 548
pole 0.0034 662 453 682 496
pole 0.0024 676 423 704 557
pole 0.0012 703 451 732 553
pole 0.0012 622 402 643 527
pole 0.0012 972 474 999 579
pole 0.0012 684 430 731 602
pole 0.0011 680 509 700 574
pole 0.0011 858 397 879 573
pole 0.0011 859 471 878 552
pole 0.0010 960 471 989 588
pole 0.0010 937 428 961 587
pole 0.0010 644 450 705 576
