crossing 0.0029 866 697 942 718
rail 0.9706 612 546 970 1077
rail 0.9353 811 544 1594 1079
rail 0.0017 789 561 972 1062
rail 0.0017 1610 351 1899 1062
switch-indicator 0.0127 764 653 778 681
switch-indicator 0.0020 1348 641 1369 714
switch-static 0.0072 1066 585 1106 602
switch-static 0.0065 1061 583 1094 598
switch-static 0.0022 1278 673 1337 699
switch-static 0.0019 1082 579 1135 614
switch-static 0.0011 1264 657 1309 683
switch-static 0.0010 1288 671 1360 707
track-sign-front 0.2454 651 494 675 527
track-sign-front 0.1614 646 523 675 550
track-sign-front 0.1376 632 308 676 345
track-sign-front 0.1363 648 500 676 545
track-sign-front 0.1045 781 517 806 539
track-sign-front 0.1018 1761 502 1801 540
track-sign-front 0.0843 667 461 704 484
track-sign-front 0.0617 982 487 995 507
track-sign-front 0.0550 784 511 813 542
track-sign-front 0.0450 653 483 681 516
track-sign-front 0.0293 1019 495 1035 515
track-sign-front 0.0199 766 524 800 581
track-sign-front 0.0175 785 473 818 556
track-sign-front 0.0155 648 519 684 563
track-sign-front 0.0152 763 654 778 678
track-sign-front 0.0112 1014 490 1033 507
track-sign-front 0.0104 1111 560 1124 580
track-sign-front 0.0093 977 474 994 502
track-sign-front 0.0076 772 507 820 587
track-sign-front 0.0060 642 530 669 556
track-sign-front 0.0044 980 502 996 560
track-sign-front 0.0042 677 434 724 471
track-sign-front 0.0040 684 495 715 573
track-sign-front 0.0038 778 457 805 557
track-sign-front 0.0036 1112 564 1127 585
track-sign-front 0.0035 983 526 1002 566
track-sign-front 0.0025 950 525 963 555
track-sign-front 0.0020 970 446 990 472
track-sign-front 0.0019 749 527 788 565
track-sign-front 0.0017 1108 464 1124 490
track-sign-front 0.0014 687 473 717 536
track-sign-front 0.0013 1424 293 1457 328
track-sign-front 0.0013 743 508 788 551
track-sign-front 0.0013 733 555 785 596
track-sign-front 0.0012 1003 493 1039 530
track-sign-front 0.0010 945 509 995 556
track-sign-front 0.0010 655 439 691 481
track-sign-front 0.0010 643 487 670 526
track-sign-front 0.0010 1107 476 1125 517
track-signal-front 0.7990 668 367 731 459
track-signal-front 0.5775 1450 312 1540 428
track-signal-front 0.0312 636 313 696 361
track-signal-front 0.0305 885 393 902 415
track-signal-front 0.0131 1388 438 1414 468
track-signal-front 0.0123 677 342 731 412
track-signal-front 0.0066 681 311 728 366
track-signal-front 0.0056 682 263 698 290
track-signal-front 0.0049 648 326 721 406
track-signal-front 0.0040 649 369 701 450
track-signal-front 0.0031 696 311 767 366
track-signal-front 0.0028 1441 331 1494 432
track-signal-front 0.0023 705 295 764 332
track-signal-front 0.0022 653 468 683 532
track-signal-front 0.0021 724 387 760 434
track-signal-front 0.0021 655 304 705 347
track-signal-front 0.0019 649 354 746 487
track-signal-front 0.0019 683 365 753 409
track-signal-front 0.0017 632 297 686 411
track-signal-front 0.0016 623 333 669 386
track-signal-front 0.0016 717 366 765 405
track-signal-front 0.0015 882 400 903 443
track-signal-front 0.0014 696 333 762 387
track-signal-front 0.0013 685 303 728 344
track-signal-front 0.0013 1488 367 1530 422
track-signal-front 0.0013 727 289 764 326
track-signal-front 0.0012 638 358 694 418
track-signal-front 0.0011 682 263 704 304
track-signal-back 0.0208 784 405 811 438
pole 0.0345 785 410 816 613
pole 0.0215 889 462 899 566
pole 0.0172 784 499 812 559
pole 0.0159 799 415 821 592
pole 0.0131 778 384 803 582
pole 0.0128 798 484 819 567
pole 0.0068 765 374 827 639
pole 0.0054 776 504 814 592
pole 0.0049 779 428 800 540
pole 0.0039 799 518 828 578
pole 0.0039 656 453 697 657
pole 0.0034 665 488 710 733
pole 0.0032 723 359 805 658
pole 0.0031 888 510 902 572
pole 0.0030 887 449 896 544
pole 0.0028 865 466 904 576
pole 0.0024 677 556 705 730
pole 0.0019 781 397 815 528
pole 0.0017 752 508 799 611
pole 0.0015 946 524 960 564
pole 0.0014 847 532 871 564
pole 0.0014 791 473 826 581
pole 0.0014 734 393 766 572
pole 0.0012 710 416 743 546
pole 0.0010 645 430 722 698
rail-occluder 0.0061 773 544 800 597
rail-occluder 0.0021 773 522 815 581
rail-occluder 0.0017 772 540 810 618
rail-occluder 0.0016 798 545 826 596
