rail 0.9570 109 573 819 1076
rail 0.8316 755 572 1163 1077
rail 0.0012 810 593 984 1067
switch-static 0.0013 280 808 377 849
track-sign-front 0.3340 852 560 863 569
track-sign-front 0.0513 855 559 866 572
track-sign-front 0.0241 851 558 865 577
track-sign-front 0.0040 511 623 530 646
track-sign-front 0.0010 487 558 512 592
track-signal-back 0.0022 1149 505 1201 591
pole 0.0922 725 466 738 604
pole 0.0254 727 482 745 607
pole 0.0065 773 495 791 591
pole 0.0058 718 473 734 586
pole 0.0021 776 494 804 592
pole 0.0017 722 527 744 602
pole 0.0011 717 484 756 607
pole 0.0011 759 540 794 595
