crossing 0.8287 978 754 1219 926
crossing 0.5995 350 738 698 908
crossing 0.4243 964 560 1339 1045
crossing 0.3493 210 654 825 968
crossing 0.1335 13 573 960 1093
crossing 0.0070 906 726 1249 995
crossing 0.0045 414 743 592 888
crossing 0.0019 26 844 622 1079
crossing 0.0018 1006 858 1233 934
crossing 0.0017 496 751 704 886
crossing 0.0010 56 954 436 1079
guard-rail 0.0107 1075 749 1228 906
guard-rail 0.0038 1136 769 1212 897
guard-rail 0.0038 983 749 1008 925
guard-rail 0.0033 339 738 624 896
guard-rail 0.0016 552 749 706 883
guard-rail 0.0011 992 751 1042 924
guard-rail 0.0010 1082 668 1321 1011
rail 0.9547 967 528 1345 1079
rail 0.9131 1041 531 1919 747
rail 0.8982 34 516 981 1093
rail 0.0441 263 661 897 982
rail 0.0039 1094 462 1879 686
rail 0.0027 1047 540 1718 679
track-sign-front 0.0729 1114 532 1123 571
track-sign-front 0.0208 1296 688 1317 732
track-sign-front 0.0142 1036 528 1060 557
track-sign-front 0.0129 1045 533 1065 557
track-sign-front 0.0122 1114 509 1125 554
track-sign-front 0.0121 1038 499 1064 562
track-sign-front 0.0118 860 561 879 574
track-sign-front 0.0067 1443 681 1464 740
track-sign-front 0.0035 851 558 873 572
track-sign-front 0.0020 1006 530 1040 554
track-sign-front 0.0016 1043 540 1058 582
track-sign-front 0.0014 995 488 1040 562
track-sign-front 0.0012 1290 687 1325 752
track-signal-back 0.0247 779 445 800 470
track-signal-back 0.0017 783 449 813 482
track-signal-back 0.0016 776 437 797 466
track-signal-back 0.0016 796 432 839 473
track-signal-back 0.0014 800 421 832 461
pole 0.2826 1050 396 1065 586
pole 0.0190 1112 515 1126 577
pole 0.0130 1113 532 1124 572
pole 0.0059 1112 479 1128 566
pole 0.0050 1042 470 1061 584
pole 0.0035 994 470 1010 543
pole 0.0031 1115 543 1126 592
pole 0.0024 1054 382 1085 584
pole 0.0023 992 459 1020 545
pole 0.0016 1046 401 1060 544
pole 0.0011 1046 385 1072 569
rail-occluder 0.6965 1785 672 1817 741
rail-occluder 0.1593 1608 674 1637 741
rail-occluder 0.0991 1874 789 1919 938
rail-occluder 0.0764 1784 667 1823 796
rail-occluder 0.0064 1790 671 1836 732
rail-occluder 0.0030 1873 754 1920 1052
rail-occluder 0.0029 1112 539 1125 580
rail-occluder 0.0021 1050 527 1128 573
rail-occluder 0.0019 1044 531 1070 561
rail-occluder 0.0017 1601 661 1652 759
rail-occluder 0.0016 1515 660 1722 743
