guard-rail 0.2515 1061 851 1087 1023
guard-rail 0.0234 1294 882 1543 1033
guard-rail 0.0230 1052 838 1075 1033
guard-rail 0.0166 1067 836 1102 1052
guard-rail 0.0151 1122 765 1624 1084
guard-rail 0.0146 1040 747 1066 783
guard-rail 0.0128 1030 712 1063 764
guard-rail 0.0128 1056 754 1084 1041
guard-rail 0.0096 1054 871 1072 1000
guard-rail 0.0090 1041 741 1083 783
guard-rail 0.0085 1032 715 1100 769
guard-rail 0.0073 1338 898 1602 1073
guard-rail 0.0060 1056 841 1078 970
guard-rail 0.0058 1010 682 1082 734
guard-rail 0.0051 1014 712 1039 750
guard-rail 0.0035 1248 860 1508 985
guard-rail 0.0034 1326 886 1477 1005
guard-rail 0.0027 1045 737 1119 784
guard-rail 0.0027 1050 827 1127 1057
guard-rail 0.0026 947 731 1206 1098
guard-rail 0.0022 1014 753 1038 784
guard-rail 0.0022 1380 918 1471 993
guard-rail 0.0021 997 692 1051 739
guard-rail 0.0019 1031 755 1053 800
guard-rail 0.0017 1046 755 1081 798
guard-rail 0.0017 1122 733 1177 765
guard-rail 0.0016 1075 866 1116 1006
guard-rail 0.0016 1120 740 1171 781
guard-rail 0.0012 1008 767 1036 804
guard-rail 0.0011 1038 708 1118 746
guard-rail 0.0011 1065 906 1080 1046
guard-rail 0.0010 1070 908 1088 1043
guard-rail 0.0010 1084 739 1142 787
platform 0.0058 750 587 993 633
platform 0.0044 629 587 737 626
platform 0.0037 541 595 726 647
platform 0.0020 703 570 1063 634
platform 0.0014 606 573 712 632
platform 0.0014 467 615 710 670
platform 0.0011 487 583 742 675
platform 0.0010 726 568 1021 605
rail 0.9668 591 596 895 1077
rail 0.9295 5 596 779 1075
rail 0.8044 991 644 1625 1079
rail 0.7886 874 609 1352 1078
rail 0.0459 814 602 1032 672
rail 0.0318 1034 721 1344 1075
rail 0.0150 785 599 926 645
rail 0.0141 1177 749 1598 1057
rail 0.0129 1264 744 1922 1073
rail 0.0106 34 593 723 865
rail 0.0084 885 617 1011 683
rail 0.0076 926 625 1039 685
rail 0.0072 931 693 1223 1106
rail 0.0072 935 615 1002 651
rail 0.0061 721 586 968 644
rail 0.0050 693 575 1025 663
rail 0.0036 899 610 985 655
rail 0.0028 731 596 870 640
rail 0.0026 971 637 1124 1055
rail 0.0024 837 620 898 650
rail 0.0017 866 593 1100 719
rail 0.0016 791 580 1056 634
rail 0.0014 1148 761 1320 1072
rail 0.0013 1144 688 1401 1027
rail 0.0012 5 670 535 927
rail 0.0012 623 562 1058 632
rail 0.0010 873 533 1905 965
rail 0.0010 216 670 452 845
switch-indicator 0.0726 757 667 772 697
switch-indicator 0.0313 947 659 970 687
switch-indicator 0.0078 754 667 783 701
switch-indicator 0.0052 913 616 947 669
switch-indicator 0.0049 919 635 948 685
switch-indicator 0.0048 923 614 965 650
switch-indicator 0.0031 916 616 982 682
switch-indicator 0.0015 751 603 798 639
switch-indicator 0.0012 972 579 1014 628
switch-indicator 0.0010 755 618 786 655
switch-left 0.0030 989 667 1082 722
switch-left 0.0026 963 652 1061 714
switch-left 0.0010 1040 723 1127 771
switch-right 0.0568 981 666 1051 695
switch-right 0.0280 992 675 1074 703
switch-right 0.0109 967 659 1058 707
switch-right 0.0106 840 625 889 646
switch-right 0.0078 1009 679 1093 713
switch-right 0.0050 1010 686 1083 732
switch-right 0.0039 1012 696 1108 741
switch-right 0.0010 1035 708 1122 747
switch-unknown 0.0572 991 671 1060 698
switch-unknown 0.0387 958 653 1035 689
switch-unknown 0.0290 942 632 1002 681
switch-unknown 0.0096 942 617 1000 648
switch-unknown 0.0080 841 624 894 646
switch-unknown 0.0078 945 655 988 686
switch-unknown 0.0058 827 611 894 642
switch-unknown 0.0044 972 640 1047 680
switch-unknown 0.0015 730 605 781 643
switch-static 0.0157 710 714 772 737
switch-static 0.0150 495 709 541 726
switch-static 0.0149 946 656 983 686
switch-static 0.0107 1360 728 1399 751
switch-static 0.0107 1137 727 1203 754
switch-static 0.0069 943 663 965 691
switch-static 0.0054 978 668 1037 692
switch-static 0.0047 925 614 976 687
switch-static 0.0043 1154 725 1210 747
switch-static 0.0041 908 711 964 737
switch-static 0.0032 770 678 814 707
switch-static 0.0028 945 725 992 750
switch-static 0.0025 752 712 807 740
switch-static 0.0022 956 651 1047 698
switch-static 0.0022 924 718 983 750
switch-static 0.0019 492 713 540 739
switch-static 0.0017 771 691 822 725
switch-static 0.0014 878 630 990 689
switch-static 0.0013 909 678 943 725
switch-static 0.0010 962 719 1010 754
track-sign-front 0.0028 440 630 472 661
track-sign-front 0.0014 1899 781 1918 839
track-sign-front 0.0013 525 607 550 644
track-sign-front 0.0011 507 618 526 644
track-signal-front 0.0092 693 507 726 614
track-signal-front 0.0083 702 524 732 587
track-signal-front 0.0017 784 543 817 607
track-signal-front 0.0017 799 503 814 534
track-signal-front 0.0011 725 519 762 582
track-signal-front 0.0010 501 476 517 502
track-signal-front 0.0010 616 517 635 542
track-signal-back 0.0034 471 367 505 439
track-signal-back 0.0034 451 369 485 417
track-signal-back 0.0032 666 454 687 498
track-signal-back 0.0021 463 361 498 408
track-signal-back 0.0020 796 498 811 553
track-signal-back 0.0019 709 520 738 560
track-signal-back 0.0016 687 494 721 590
track-signal-back 0.0011 488 375 512 443
pole 0.0265 699 522 724 622
pole 0.0131 673 427 695 640
pole 0.0072 697 564 723 633
pole 0.0066 1079 460 1094 641
pole 0.0063 645 402 678 653
pole 0.0056 675 490 707 613
pole 0.0046 686 462 718 621
pole 0.0038 660 515 722 629
pole 0.0023 664 422 691 588
pole 0.0021 700 570 744 632
pole 0.0018 786 515 815 606
pole 0.0018 1210 273 1250 668
pole 0.0016 622 530 648 629
pole 0.0013 634 467 690 650
pole 0.0013 1071 418 1100 636
pole 0.0013 608 557 669 638
pole 0.0012 1064 524 1096 638
pole 0.0010 646 487 686 615
rail-occluder 0.0049 1069 611 1091 633
rail-occluder 0.0035 691 597 722 632
rail-occluder 0.0032 911 608 954 651
rail-occluder 0.0020 1016 575 1040 621
rail-occluder 0.0019 710 598 753 637
rail-occluder 0.0014 771 598 830 637
rail-occluder 0.0012 780 570 822 626
rail-occluder 0.0011 645 597 720 636
rail-occluder 0.0011 1061 592 1090 633
rail-occluder 0.0010 983 594 1044 651
