guard-rail 0.2014 1181 509 1250 560
guard-rail 0.0730 1179 489 1235 521
guard-rail 0.0535 1590 658 1920 878
guard-rail 0.0507 1761 681 1921 852
guard-rail 0.0371 1271 492 1345 525
guard-rail 0.0294 1173 486 1222 509
guard-rail 0.0222 1679 644 1919 797
guard-rail 0.0202 1827 701 1920 873
guard-rail 0.0199 1256 509 1329 535
guard-rail 0.0197 1281 505 1370 538
guard-rail 0.0159 1371 601 1459 649
guard-rail 0.0155 1167 500 1231 555
guard-rail 0.0148 1191 521 1278 569
guard-rail 0.0146 1310 511 1397 545
guard-rail 0.0139 1210 513 1286 545
guard-rail 0.0124 1194 490 1251 528
guard-rail 0.0120 1405 622 1532 691
guard-rail 0.0116 1168 484 1338 551
guard-rail 0.0107 1303 526 1409 563
guard-rail 0.0089 1311 496 1392 527
guard-rail 0.0075 1280 524 1343 552
guard-rail 0.0069 1330 514 1418 550
guard-rail 0.0068 1791 685 1925 786
guard-rail 0.0057 1180 514 1259 608
guard-rail 0.0053 1595 597 1910 758
guard-rail 0.0051 1363 578 1488 640
guard-rail 0.0047 1274 480 1343 513
guard-rail 0.0041 1220 492 1288 527
guard-rail 0.0041 1220 479 1418 549
guard-rail 0.0036 1198 473 1261 510
guard-rail 0.0036 1317 544 1443 585
guard-rail 0.0036 1867 706 1919 833
guard-rail 0.0034 1696 622 1919 731
guard-rail 0.0034 1371 599 1523 662
guard-rail 0.0034 1341 530 1459 573
guard-rail 0.0032 1327 601 1434 665
guard-rail 0.0030 1338 498 1408 524
guard-rail 0.0028 1248 506 1502 622
guard-rail 0.0027 1250 523 1321 552
guard-rail 0.0024 1123 455 1320 606
guard-rail 0.0022 1233 468 1343 518
guard-rail 0.0020 1369 610 1475 693
guard-rail 0.0019 1294 548 1373 582
guard-rail 0.0018 1378 552 1522 609
guard-rail 0.0018 1198 530 1294 603
guard-rail 0.0016 1844 578 1922 660
guard-rail 0.0014 1220 496 1438 593
guard-rail 0.0012 1877 717 1920 910
guard-rail 0.0012 1401 568 1546 625
guard-rail 0.0012 1290 475 1369 512
guard-rail 0.0010 1221 470 1288 509
rail 0.9679 696 418 1073 1076
rail 0.9248 1071 423 1928 1080
rail 0.8611 1372 640 1920 1076
rail 0.8114 1125 425 1918 776
rail 0.2330 1201 434 1915 623
rail 0.0608 1581 654 1917 888
rail 0.0512 1407 587 1920 848
rail 0.0107 1357 500 1916 738
rail 0.0100 1193 509 1744 989
rail 0.0081 1776 696 1921 949
rail 0.0071 1708 661 1924 817
rail 0.0065 1100 437 1311 561
rail 0.0062 1370 618 1632 788
rail 0.0062 1121 428 1476 553
rail 0.0059 1455 676 1765 1052
rail 0.0057 1071 426 1156 462
rail 0.0054 1159 442 1385 529
rail 0.0050 1057 426 1196 495
rail 0.0049 1300 560 1702 775
rail 0.0048 1139 452 1292 535
rail 0.0047 1020 423 1063 452
rail 0.0044 1106 445 1245 523
rail 0.0042 1013 424 1117 456
rail 0.0040 1222 442 1498 520
rail 0.0038 1045 427 1137 477
rail 0.0037 1264 618 1675 856
rail 0.0037 1618 571 1919 733
rail 0.0035 1049 424 1238 543
rail 0.0033 1014 418 1051 448
rail 0.0032 1097 435 1172 474
rail 0.0029 1203 545 1469 665
rail 0.0028 1681 686 1924 1004
rail 0.0024 1196 435 1633 538
rail 0.0024 1103 426 1205 466
rail 0.0022 1064 420 1343 611
rail 0.0021 1767 571 1920 707
rail 0.0021 1160 454 1590 690
rail 0.0021 1266 460 1441 513
rail 0.0020 1052 417 1129 461
rail 0.0019 1276 471 1382 514
rail 0.0016 1838 577 1922 663
rail 0.0014 1210 437 1445 490
rail 0.0014 1031 422 1099 478
rail 0.0014 1067 428 1117 473
rail 0.0012 1837 747 1920 1046
rail 0.0012 1779 781 1920 1075
rail 0.0012 1627 778 1921 1077
switch-indicator 0.0468 866 539 898 595
switch-indicator 0.0049 1158 502 1239 585
switch-indicator 0.0011 1135 495 1168 588
switch-left 0.0857 1311 603 1477 699
switch-left 0.0547 1363 625 1534 710
switch-left 0.0176 1381 651 1562 741
switch-left 0.0098 1280 610 1420 684
switch-left 0.0064 1329 637 1489 724
switch-left 0.0049 1371 584 1626 754
switch-left 0.0044 1391 651 1641 780
switch-right 0.1706 1317 614 1505 708
switch-right 0.0887 1300 606 1456 677
switch-right 0.0489 1356 634 1564 724
switch-right 0.0106 1382 653 1613 752
switch-right 0.0101 1349 602 1460 656
switch-right 0.0064 1370 588 1542 695
switch-right 0.0036 1284 599 1393 646
switch-unknown 0.0169 1157 479 1218 507
switch-unknown 0.0135 1023 424 1056 449
switch-unknown 0.0129 1132 472 1188 503
switch-unknown 0.0105 1091 435 1143 463
switch-unknown 0.0079 1104 435 1165 469
switch-unknown 0.0073 1105 422 1162 456
switch-unknown 0.0056 1143 479 1179 515
switch-unknown 0.0046 1121 459 1170 499
switch-unknown 0.0043 1062 418 1118 453
switch-unknown 0.0040 1123 438 1191 473
switch-unknown 0.0034 1027 414 1098 455
switch-unknown 0.0023 1122 425 1187 458
switch-unknown 0.0020 1151 443 1216 473
switch-unknown 0.0010 1015 432 1052 462
switch-unknown 0.0010 1019 450 1062 493
switch-static 0.1110 1174 616 1279 669
switch-static 0.0455 866 539 901 596
switch-static 0.0359 1182 646 1270 684
switch-static 0.0256 856 562 898 608
switch-static 0.0157 1212 627 1290 668
switch-static 0.0136 1161 572 1199 630
switch-static 0.0093 849 590 893 631
switch-static 0.0066 1161 578 1231 635
switch-static 0.0042 823 590 895 640
switch-static 0.0039 1247 640 1311 676
switch-static 0.0027 890 545 935 595
switch-static 0.0026 1130 475 1168 512
switch-static 0.0026 1141 575 1314 687
switch-static 0.0019 808 630 859 674
switch-static 0.0017 1136 495 1183 598
switch-static 0.0016 1153 525 1280 657
switch-static 0.0015 1066 448 1101 489
switch-static 0.0015 1421 616 1557 687
switch-static 0.0011 1126 571 1179 617
track-sign-front 0.0830 946 417 961 439
track-sign-front 0.0820 909 388 922 407
track-sign-front 0.0087 938 418 953 465
track-sign-front 0.0058 470 402 526 431
track-sign-front 0.0038 937 415 965 442
track-sign-front 0.0018 905 384 943 486
track-sign-front 0.0015 1135 497 1167 586
track-sign-front 0.0014 946 367 993 450
track-signal-front 0.0014 972 348 990 392
track-signal-back 0.0055 1169 344 1179 372
track-signal-back 0.0020 1172 340 1184 363
track-signal-back 0.0018 975 351 990 411
track-signal-back 0.0013 1134 353 1153 417
pole 0.0316 1210 325 1219 446
pole 0.0303 1532 187 1550 491
pole 0.0176 1005 310 1025 446
pole 0.0088 979 315 1006 447
pole 0.0086 910 175 925 491
pole 0.0060 1022 317 1045 442
pole 0.0018 998 341 1039 452
pole 0.0014 1066 369 1102 457
pole 0.0014 975 346 991 421
pole 0.0014 1206 364 1235 447
pole 0.0013 1309 282 1324 483
pole 0.0012 1165 316 1215 446
rail-occluder 0.0387 1530 543 1548 587
rail-occluder 0.0198 1143 499 1171 561
rail-occluder 0.0123 1400 460 1423 480
rail-occluder 0.0047 1158 560 1202 624
rail-occluder 0.0021 1521 536 1553 582
rail-occluder 0.0017 1523 544 1595 592
rail-occluder 0.0016 1402 458 1434 486
rail-occluder 0.0014 1469 497 1600 610
rail-occluder 0.0013 1443 453 1467 485
rail-occluder 0.0012 1483 460 1509 500
rail-occluder 0.0012 1434 456 1474 497
rail-occluder 0.0012 1252 408 1300 446
