guard-rail 0.1715 857 786 907 815
guard-rail 0.1460 985 771 1047 803
guard-rail 0.0359 979 766 1058 817
guard-rail 0.0258 853 790 884 816
guard-rail 0.0231 943 784 993 815
guard-rail 0.0197 1012 771 1061 798
guard-rail 0.0113 879 780 941 808
guard-rail 0.0112 967 781 1025 815
guard-rail 0.0077 825 835 1117 1074
guard-rail 0.0064 878 789 938 822
guard-rail 0.0058 860 767 907 796
guard-rail 0.0054 1536 737 1579 762
guard-rail 0.0045 1490 686 1580 763
guard-rail 0.0044 821 767 939 846
guard-rail 0.0043 849 751 898 797
guard-rail 0.0043 1003 792 1070 820
guard-rail 0.0029 847 775 956 828
guard-rail 0.0023 1537 694 1599 736
guard-rail 0.0017 937 752 1167 826
guard-rail 0.0015 889 764 957 792
guard-rail 0.0015 920 764 970 790
guard-rail 0.0013 831 744 905 904
guard-rail 0.0012 1020 803 1095 827
guard-rail 0.0012 870 703 1166 902
guard-rail 0.0012 500 996 630 1070
guard-rail 0.0011 323 1021 518 1078
guard-rail 0.0010 1021 771 1080 808
rail 0.9415 1466 662 1918 1075
rail 0.9196 1242 656 1490 1076
rail 0.9116 334 631 1197 1076
rail 0.7907 1485 669 1925 879
rail 0.2152 1582 679 1922 813
rail 0.1091 1730 718 1916 803
rail 0.0850 1660 709 1922 855
rail 0.0508 1467 665 1898 770
rail 0.0221 1822 724 1915 801
rail 0.0215 1569 702 1841 752
rail 0.0207 1478 695 1564 757
rail 0.0179 1589 774 1894 866
rail 0.0146 1484 674 1611 747
rail 0.0134 1645 699 1913 763
rail 0.0128 1752 734 1918 875
rail 0.0125 1839 738 1916 857
rail 0.0123 1745 681 1926 784
rail 0.0121 1481 669 1549 701
rail 0.0116 595 661 1514 908
rail 0.0110 1662 797 1854 857
rail 0.0091 1460 653 1552 726
rail 0.0081 1660 711 1745 741
rail 0.0074 987 664 1492 756
rail 0.0073 1470 668 1507 693
rail 0.0072 1779 810 1881 841
rail 0.0070 1526 686 1663 727
rail 0.0058 1480 673 1598 715
rail 0.0056 1509 677 1637 718
rail 0.0052 866 667 1478 829
rail 0.0052 1479 658 1687 749
rail 0.0045 591 662 1125 983
rail 0.0041 1764 605 1918 794
rail 0.0041 1862 777 1918 871
rail 0.0039 1870 731 1919 801
rail 0.0039 1574 708 1901 982
rail 0.0031 629 765 1240 1066
rail 0.0027 1453 649 1591 787
rail 0.0024 346 785 971 1077
rail 0.0024 1571 711 1755 760
rail 0.0024 1844 659 1909 795
rail 0.0023 1150 681 1408 725
rail 0.0023 1540 690 1792 738
rail 0.0022 1789 722 1880 780
rail 0.0021 748 644 1294 860
rail 0.0020 1795 791 1916 863
rail 0.0019 1145 659 1464 733
rail 0.0018 1134 635 1168 660
rail 0.0018 1518 700 1796 816
rail 0.0017 1870 802 1920 966
rail 0.0017 1706 719 1862 774
rail 0.0016 1873 744 1918 849
rail 0.0014 1887 832 1920 921
rail 0.0013 1409 645 1816 838
rail 0.0013 1669 701 1809 834
rail 0.0013 1577 627 1937 759
rail 0.0012 1737 659 1903 747
rail 0.0012 1382 659 1612 945
rail 0.0011 1792 784 1922 979
rail 0.0010 1288 620 1689 1042
switch-indicator 0.0495 1202 685 1214 699
switch-indicator 0.0158 851 724 896 757
switch-indicator 0.0155 1419 729 1436 754
switch-indicator 0.0072 1200 681 1216 704
switch-indicator 0.0072 1206 688 1223 703
switch-indicator 0.0048 1748 714 1777 734
switch-indicator 0.0023 847 743 889 787
switch-indicator 0.0020 1197 688 1219 720
switch-indicator 0.0019 1296 634 1305 651
switch-indicator 0.0017 912 1003 984 1076
switch-indicator 0.0010 832 730 900 790
switch-left 0.0193 1490 735 1563 767
switch-left 0.0025 326 1015 595 1078
switch-right 0.0933 1485 734 1559 762
switch-right 0.0077 1474 706 1543 752
switch-unknown 0.2804 1477 668 1517 686
switch-unknown 0.0604 1485 666 1534 691
switch-unknown 0.0426 1477 650 1515 680
switch-unknown 0.0381 1471 671 1505 689
switch-unknown 0.0232 1119 638 1164 661
switch-unknown 0.0194 1106 649 1148 667
switch-unknown 0.0131 1102 653 1138 670
switch-unknown 0.0115 1610 706 1676 733
switch-unknown 0.0083 1486 650 1536 678
switch-unknown 0.0077 1559 695 1635 720
switch-unknown 0.0067 1418 632 1451 708
switch-unknown 0.0067 1582 699 1662 729
switch-unknown 0.0060 1626 710 1704 734
switch-unknown 0.0060 1453 617 1500 695
switch-unknown 0.0056 1350 675 1402 693
switch-unknown 0.0054 1575 700 1757 740
switch-unknown 0.0040 1498 661 1569 702
switch-unknown 0.0027 1540 684 1609 709
switch-unknown 0.0013 1127 629 1166 656
switch-unknown 0.0012 1628 701 1699 725
switch-static 0.0333 1607 743 1662 764
switch-static 0.0311 1781 813 1857 842
switch-static 0.0301 1490 737 1563 765
switch-static 0.0202 1714 819 1788 843
switch-static 0.0199 857 725 893 746
switch-static 0.0156 1693 716 1716 735
switch-static 0.0089 1721 815 1842 847
switch-static 0.0061 1409 730 1434 754
switch-static 0.0038 1713 797 1866 843
switch-static 0.0038 1631 722 1692 755
switch-static 0.0034 1417 733 1438 764
switch-static 0.0034 1702 811 1784 837
switch-static 0.0025 1799 794 1910 859
switch-static 0.0014 1565 746 1628 766
switch-static 0.0014 1887 852 1920 899
switch-static 0.0013 1702 713 1772 737
switch-static 0.0012 1555 735 1637 765
switch-static 0.0011 863 720 910 740
switch-static 0.0010 1690 797 1796 845
track-sign-front 0.0671 205 831 242 863
track-sign-front 0.0338 1345 655 1355 688
track-sign-front 0.0193 926 632 940 649
track-sign-front 0.0153 1838 225 1892 259
track-sign-front 0.0099 1138 635 1164 656
track-sign-front 0.0058 1345 617 1355 684
track-sign-front 0.0055 1422 726 1436 752
track-sign-front 0.0050 1073 587 1090 608
track-sign-front 0.0049 1148 632 1168 654
track-sign-front 0.0027 1846 572 1883 632
track-sign-front 0.0027 926 628 944 657
track-sign-front 0.0024 1295 634 1304 653
track-sign-front 0.0020 1543 609 1560 673
track-sign-front 0.0019 338 274 372 300
track-sign-front 0.0018 1840 584 1903 674
track-sign-front 0.0018 1848 477 1879 695
track-sign-front 0.0017 1540 547 1555 634
track-sign-front 0.0012 1294 621 1305 656
track-sign-front 0.0010 1098 676 1126 716
track-sign-front 0.0010 1882 632 1922 710
track-signal-front 0.7514 1827 275 1908 385
track-signal-front 0.6914 1832 390 1916 479
track-signal-front 0.6502 1408 483 1443 538
track-signal-front 0.6157 1410 534 1444 574
track-signal-front 0.4852 1409 491 1444 578
track-signal-front 0.2891 1822 290 1917 479
track-signal-front 0.0629 1502 247 1545 288
track-signal-front 0.0231 1823 192 1857 219
track-signal-front 0.0167 1406 262 1429 292
track-signal-front 0.0166 1543 599 1556 630
track-signal-front 0.0152 1839 230 1886 263
track-signal-front 0.0112 1820 192 1877 235
track-signal-front 0.0103 1497 230 1534 286
track-signal-front 0.0081 1403 525 1452 581
track-signal-front 0.0055 1494 231 1524 268
track-signal-front 0.0055 1401 474 1453 610
track-signal-front 0.0051 1544 583 1557 619
track-signal-front 0.0033 1827 201 1902 256
track-signal-front 0.0032 1868 252 1921 501
track-signal-front 0.0026 1820 197 1914 367
track-signal-front 0.0024 1804 232 1922 539
track-signal-front 0.0024 1867 388 1919 500
track-signal-front 0.0019 1865 273 1921 402
track-signal-front 0.0014 1836 226 1901 283
track-signal-front 0.0013 1496 242 1547 341
track-signal-front 0.0012 1528 579 1551 625
track-signal-front 0.0012 1506 257 1550 302
pole 0.3946 1831 466 1904 843
pole 0.3703 1806 238 1919 869
pole 0.3489 1416 552 1437 744
pole 0.0531 1344 646 1355 680
pole 0.0486 1410 482 1444 761
pole 0.0294 1343 557 1356 689
pole 0.0159 1420 580 1442 712
pole 0.0093 1782 526 1901 809
pole 0.0085 1849 466 1882 742
pole 0.0073 1462 533 1489 726
pole 0.0072 197 66 277 1056
pole 0.0071 1411 608 1435 723
pole 0.0053 1395 476 1433 734
pole 0.0051 1453 582 1497 730
pole 0.0042 1420 467 1465 743
pole 0.0041 1401 553 1459 749
pole 0.0037 1880 537 1919 758
pole 0.0032 1341 487 1361 688
pole 0.0030 1421 620 1454 753
pole 0.0029 1846 641 1907 811
pole 0.0028 1477 566 1500 707
pole 0.0024 1338 541 1354 672
pole 0.0023 1336 523 1371 699
pole 0.0021 1756 338 1892 899
pole 0.0019 1539 514 1556 667
pole 0.0014 1443 629 1513 752
pole 0.0014 1209 537 1229 660
pole 0.0014 1339 588 1412 741
pole 0.0014 1840 522 1900 744
pole 0.0011 1216 540 1234 655
pole 0.0010 1350 560 1388 690
rail-occluder 0.0536 1344 654 1355 689
rail-occluder 0.0313 1696 717 1714 736
rail-occluder 0.0078 1685 718 1716 739
rail-occluder 0.0071 1341 663 1358 694
rail-occluder 0.0069 1862 780 1913 858
rail-occluder 0.0051 1268 696 1289 711
rail-occluder 0.0025 1694 716 1718 746
rail-occluder 0.0021 1136 632 1164 661
rail-occluder 0.0020 1853 750 1918 844
rail-occluder 0.0019 1750 714 1804 741
rail-occluder 0.0016 1882 788 1919 867
rail-occluder 0.0015 1240 695 1289 715
rail-occluder 0.0010 1339 653 1407 699
rail-occluder 0.0010 1817 779 1910 853
