guard-rail 0.0029 955 399 998 423
guard-rail 0.0017 957 407 1008 440
guard-rail 0.0016 178 527 277 559
guard-rail 0.0011 326 484 422 517
guard-rail 0.0010 247 506 346 535
rail 0.9364 1 385 914 1074
rail 0.8968 812 388 1199 1082
rail 0.8709 944 394 1917 1077
rail 0.7519 896 395 968 463
rail 0.7278 1 403 778 645
rail 0.5516 947 684 1188 1076
rail 0.5025 -3 398 692 514
rail 0.4435 3 396 629 460
rail 0.3777 -6 428 545 563
rail 0.2073 2 432 456 513
rail 0.1802 890 430 951 469
rail 0.1103 2 483 437 598
rail 0.0830 837 673 878 1080
rail 0.0774 501 403 716 455
rail 0.0509 333 397 777 458
rail 0.0459 170 393 827 490
rail 0.0251 508 402 674 435
rail 0.0211 831 392 922 431
rail 0.0209 1063 703 1203 1079
rail 0.0201 595 412 711 455
rail 0.0192 507 420 724 475
rail 0.0182 921 399 980 455
rail 0.0155 560 402 758 445
rail 0.0143 818 674 1118 1072
rail 0.0133 77 387 703 436
rail 0.0132 33 421 373 462
rail 0.0113 813 504 1032 995
rail 0.0111 860 392 955 443
rail 0.0100 -10 380 397 442
rail 0.0085 199 411 791 565
rail 0.0084 31 401 380 437
rail 0.0077 44 375 267 483
rail 0.0073 14 498 351 563
rail 0.0070 -7 171 505 729
rail 0.0070 13 339 343 784
rail 0.0068 173 461 446 537
rail 0.0067 19 413 329 543
rail 0.0066 4 475 354 541
rail 0.0064 268 410 619 453
rail 0.0061 53 455 395 509
rail 0.0056 552 430 683 467
rail 0.0054 75 412 426 448
rail 0.0053 267 444 350 470
rail 0.0053 157 499 389 545
rail 0.0049 -6 401 270 462
rail 0.0048 918 386 974 424
rail 0.0048 187 426 434 488
rail 0.0048 414 411 689 488
rail 0.0047 759 412 961 1085
rail 0.0046 810 371 916 1118
rail 0.0046 281 401 609 435
rail 0.0043 6 436 159 492
rail 0.0042 -6 412 178 455
rail 0.0042 499 413 619 441
rail 0.0041 6 329 535 488
rail 0.0040 114 506 334 554
rail 0.0039 -12 427 321 488
rail 0.0039 604 431 709 480
rail 0.0039 458 383 745 442
rail 0.0035 934 397 979 433
rail 0.0035 822 712 856 1056
rail 0.0034 208 431 437 463
rail 0.0033 2 504 464 731
rail 0.0031 261 426 528 492
rail 0.0030 15 392 171 473
rail 0.0030 545 404 634 429
rail 0.0029 -3 431 115 475
rail 0.0029 2 393 172 435
rail 0.0028 560 381 789 469
rail 0.0028 514 417 574 440
rail 0.0026 121 394 439 430
rail 0.0026 216 445 391 487
rail 0.0026 240 480 446 529
rail 0.0025 59 519 385 606
rail 0.0025 474 393 790 496
rail 0.0024 181 494 432 578
rail 0.0024 563 411 657 449
rail 0.0024 903 383 954 423
rail 0.0024 0 457 76 498
rail 0.0024 828 403 883 436
rail 0.0023 -3 415 86 456
rail 0.0022 632 394 738 444
rail 0.0022 2 478 154 558
rail 0.0019 1868 672 1919 784
rail 0.0019 0 480 85 527
rail 0.0018 873 389 969 516
rail 0.0018 241 417 447 451
rail 0.0017 0 441 30 484
rail 0.0016 0 456 34 494
rail 0.0016 211 395 413 459
rail 0.0015 839 593 1049 802
rail 0.0013 0 524 91 597
rail 0.0013 1856 695 1918 826
rail 0.0013 408 279 594 474
rail 0.0013 0 499 110 554
rail 0.0013 588 412 758 479
rail 0.0013 1770 586 1921 789
rail 0.0013 272 397 426 422
rail 0.0013 849 738 889 1092
rail 0.0013 243 455 441 503
rail 0.0013 892 405 998 497
rail 0.0013 -5 396 78 432
rail 0.0012 959 595 1414 1037
rail 0.0012 805 664 945 1074
rail 0.0012 854 714 920 1059
rail 0.0012 -5 416 44 460
rail 0.0012 2 491 168 648
rail 0.0011 383 381 626 478
rail 0.0011 0 428 81 510
rail 0.0011 599 453 936 953
rail 0.0011 945 390 982 416
rail 0.0011 515 332 682 485
rail 0.0011 40 375 365 419
rail 0.0011 1814 640 1920 776
rail 0.0010 447 313 666 423
rail 0.0010 840 683 1172 849
switch-indicator 0.0465 655 470 678 495
switch-indicator 0.0093 636 456 663 491
switch-indicator 0.0016 626 432 690 478
switch-indicator 0.0011 1035 410 1052 444
switch-indicator 0.0010 749 399 794 434
switch-left 0.2199 828 671 1089 818
switch-left 0.0883 888 446 949 474
switch-left 0.0383 891 438 945 466
switch-left 0.0074 850 668 1025 781
switch-left 0.0043 97 515 353 570
switch-left 0.0027 354 478 490 516
switch-left 0.0024 161 523 291 563
switch-left 0.0023 898 444 974 483
switch-left 0.0021 203 505 344 541
switch-left 0.0015 881 465 961 507
switch-left 0.0015 307 482 438 521
switch-right 0.2452 890 435 951 471
switch-right 0.2337 832 670 1090 821
switch-right 0.0506 850 664 1045 752
switch-right 0.0050 886 451 942 479
switch-right 0.0039 346 477 497 516
switch-right 0.0023 300 481 444 521
switch-right 0.0020 897 442 973 486
switch-right 0.0019 849 652 1013 717
switch-right 0.0014 884 466 956 506
switch-unknown 0.0173 622 416 684 451
switch-unknown 0.0144 926 404 978 447
switch-unknown 0.0142 939 402 977 423
switch-unknown 0.0095 917 382 973 424
switch-unknown 0.0078 640 413 715 452
switch-unknown 0.0065 829 401 884 424
switch-unknown 0.0058 627 404 690 437
switch-unknown 0.0054 899 376 954 422
switch-unknown 0.0047 644 394 724 439
switch-unknown 0.0042 578 435 655 468
switch-unknown 0.0042 599 406 672 434
switch-unknown 0.0039 145 504 354 548
switch-unknown 0.0038 950 390 978 413
switch-unknown 0.0037 324 479 465 518
switch-unknown 0.0024 380 466 507 504
switch-unknown 0.0023 821 401 861 422
switch-unknown 0.0022 543 435 628 465
switch-unknown 0.0021 176 515 276 546
switch-unknown 0.0021 366 430 617 478
switch-unknown 0.0021 226 509 323 538
switch-unknown 0.0020 524 439 594 468
switch-unknown 0.0015 391 479 487 508
switch-unknown 0.0014 423 464 505 492
switch-unknown 0.0014 476 443 552 475
switch-unknown 0.0014 807 407 860 437
switch-unknown 0.0013 669 388 741 433
switch-unknown 0.0013 456 436 522 471
switch-unknown 0.0012 228 494 322 525
switch-unknown 0.0012 368 451 613 505
switch-static 0.3785 721 648 810 697
switch-static 0.2875 829 463 866 487
switch-static 0.1251 824 466 863 499
switch-static 0.0287 656 467 686 490
switch-static 0.0278 692 640 820 724
switch-static 0.0253 815 474 858 509
switch-static 0.0156 716 619 798 687
switch-static 0.0134 663 450 714 481
switch-static 0.0115 688 447 721 470
switch-static 0.0101 706 658 842 765
switch-static 0.0097 740 635 846 692
switch-static 0.0085 731 611 788 672
switch-static 0.0068 656 481 685 506
switch-static 0.0066 819 460 876 511
switch-static 0.0059 635 436 683 485
switch-static 0.0058 842 444 895 480
switch-static 0.0054 614 434 661 470
switch-static 0.0053 699 443 752 468
switch-static 0.0051 726 443 770 464
switch-static 0.0048 945 455 981 482
switch-static 0.0048 814 453 859 487
switch-static 0.0048 477 523 525 543
switch-static 0.0041 837 396 914 448
switch-static 0.0037 479 527 512 549
switch-static 0.0034 774 652 856 694
switch-static 0.0033 747 653 840 709
switch-static 0.0032 707 613 857 712
switch-static 0.0023 803 511 859 539
switch-static 0.0023 671 657 795 749
switch-static 0.0022 476 516 545 539
switch-static 0.0021 667 603 822 695
switch-static 0.0018 630 454 670 492
switch-static 0.0016 754 412 799 443
switch-static 0.0015 506 437 578 472
switch-static 0.0015 798 482 839 513
switch-static 0.0014 182 491 274 521
switch-static 0.0013 927 422 979 478
switch-static 0.0012 164 512 247 542
switch-static 0.0012 679 694 799 767
switch-static 0.0010 475 522 538 552
track-sign-front 0.0075 1037 413 1052 438
track-sign-front 0.0064 1171 339 1204 373
track-sign-front 0.0023 1776 459 1869 548
track-sign-front 0.0012 1165 379 1271 459
track-signal-back 0.0546 899 329 914 349
track-signal-back 0.0103 837 318 850 348
track-signal-back 0.0071 897 324 911 342
track-signal-back 0.0054 890 327 915 376
track-signal-back 0.0039 839 316 852 338
track-signal-back 0.0026 811 300 846 368
track-signal-back 0.0021 919 329 947 353
track-signal-back 0.0018 797 261 821 377
track-signal-back 0.0014 893 328 922 352
track-signal-back 0.0014 835 325 855 383
pole 0.7189 479 9 527 543
pole 0.3763 730 90 747 443
pole 0.3393 317 159 334 430
pole 0.3165 88 -28 183 773
pole 0.3026 675 75 711 469
pole 0.1962 550 229 568 421
pole 0.1705 768 219 784 422
pole 0.1651 319 168 347 422
pole 0.1292 330 182 353 425
pole 0.0967 674 96 692 443
pole 0.0758 782 215 807 422
pole 0.0634 600 231 616 417
pole 0.0458 26 224 321 731
pole 0.0430 668 189 702 470
pole 0.0395 66 -82 242 940
pole 0.0375 737 135 767 450
pole 0.0329 588 213 615 421
pole 0.0303 491 125 535 502
pole 0.0298 721 213 750 452
pole 0.0275 49 -32 152 763
pole 0.0271 745 209 784 445
pole 0.0266 668 70 740 479
pole 0.0163 765 219 802 433
pole 0.0134 38 74 71 453
pole 0.0121 702 70 755 472
pole 0.0103 338 228 355 419
pole 0.0078 725 249 773 447
pole 0.0075 307 164 330 449
pole 0.0075 47 192 207 825
pole 0.0072 434 7 539 543
pole 0.0066 445 273 462 396
pole 0.0065 674 213 732 456
pole 0.0060 796 220 819 420
pole 0.0054 540 225 575 479
pole 0.0051 110 -11 233 678
pole 0.0048 320 261 333 406
pole 0.0047 450 269 473 399
pole 0.0039 500 166 526 490
pole 0.0038 652 224 691 447
pole 0.0036 331 289 359 419
pole 0.0035 34 12 88 644
pole 0.0034 49 286 214 556
pole 0.0031 605 264 644 407
pole 0.0031 668 93 687 398
pole 0.0031 122 -22 178 538
pole 0.0030 708 289 754 450
pole 0.0029 545 164 565 435
pole 0.0027 602 237 612 373
pole 0.0027 29 254 158 595
pole 0.0025 662 55 697 454
pole 0.0024 277 346 289 396
pole 0.0023 727 222 747 368
pole 0.0020 343 255 362 414
pole 0.0019 39 368 231 678
pole 0.0018 326 224 349 374
pole 0.0017 652 148 714 487
pole 0.0017 731 202 754 344
pole 0.0016 691 250 766 460
pole 0.0015 306 162 361 422
pole 0.0015 566 242 621 422
pole 0.0015 273 174 379 431
pole 0.0014 541 289 567 410
pole 0.0014 777 261 816 438
pole 0.0013 239 316 256 405
pole 0.0013 753 278 806 470
pole 0.0012 450 201 481 442
pole 0.0012 723 139 786 452
pole 0.0011 542 357 568 423
pole 0.0011 620 274 723 525
pole 0.0010 15 128 75 606
pole 0.0010 746 225 823 433
pole 0.0010 1753 33 1912 783
rail-occluder 0.0353 297 446 320 466
rail-occluder 0.0274 275 398 285 419
rail-occluder 0.0158 273 397 291 422
rail-occluder 0.0097 531 417 560 436
rail-occluder 0.0077 284 428 321 466
rail-occluder 0.0067 529 417 582 439
rail-occluder 0.0057 276 373 287 421
rail-occluder 0.0056 265 403 294 430
rail-occluder 0.0047 284 449 324 479
rail-occluder 0.0042 326 390 375 422
rail-occluder 0.0041 340 392 381 416
rail-occluder 0.0041 535 402 581 432
rail-occluder 0.0034 290 423 352 468
rail-occluder 0.0022 182 437 224 462
rail-occluder 0.0020 87 364 172 459
rail-occluder 0.0019 311 409 380 451
rail-occluder 0.0019 273 357 294 415
rail-occluder 0.0017 178 422 231 461
rail-occluder 0.0017 682 424 730 463
rail-occluder 0.0016 703 299 758 444
rail-occluder 0.0014 297 440 379 465
rail-occluder 0.0012 731 393 781 428
rail-occluder 0.0010 292 386 359 432
rail-occluder 0.0010 78 374 148 442
rail-occluder 0.0010 254 402 305 435
rail-occluder 0.0010 282 449 356 486
