guard-rail 0.0036 702 656 756 682
guard-rail 0.0023 766 612 845 670
guard-rail 0.0018 1799 809 1924 916
guard-rail 0.0016 706 663 758 704
guard-rail 0.0015 1803 804 1921 862
guard-rail 0.0013 742 625 820 674
guard-rail 0.0012 1842 824 1920 952
guard-rail 0.0011 715 654 777 687
guard-rail 0.0010 742 651 807 687
rail 0.9562 -1 580 889 1074
rail 0.9337 852 573 1182 1076
rail 0.8929 919 584 1920 1071
rail 0.1663 820 519 860 677
rail 0.0837 784 557 879 676
rail 0.0230 812 570 878 650
rail 0.0149 827 547 894 643
rail 0.0056 863 576 928 609
rail 0.0056 800 595 868 672
rail 0.0039 752 594 860 685
rail 0.0035 862 539 927 603
rail 0.0032 1835 803 1920 855
rail 0.0029 889 553 937 598
rail 0.0029 1879 804 1921 850
rail 0.0023 815 607 855 666
rail 0.0022 1807 798 1922 895
rail 0.0020 670 579 876 719
rail 0.0015 1335 693 1431 906
rail 0.0013 1801 820 1922 950
rail 0.0010 733 589 840 659
rail 0.0010 777 573 944 696
rail 0.0010 1247 658 1877 931
switch-indicator 0.0014 1109 663 1133 687
switch-right 0.0024 702 656 758 684
switch-unknown 0.0113 900 579 931 598
switch-unknown 0.0082 878 575 922 602
switch-unknown 0.0040 768 591 852 650
switch-unknown 0.0016 893 578 938 604
switch-static 0.1121 651 648 688 676
switch-static 0.0372 1858 796 1922 836
switch-static 0.0211 1883 789 1921 832
switch-static 0.0121 673 652 731 679
switch-static 0.0036 614 656 671 690
switch-static 0.0029 1381 675 1415 697
switch-static 0.0028 1884 805 1922 849
switch-static 0.0026 587 674 626 696
switch-static 0.0022 713 649 748 677
switch-static 0.0021 636 665 688 691
switch-static 0.0021 1110 667 1129 686
switch-static 0.0014 610 673 654 693
track-sign-front 0.5601 1248 588 1263 609
track-sign-front 0.2432 1016 570 1031 594
track-sign-front 0.1042 470 647 499 691
track-sign-front 0.0302 1017 563 1030 623
track-sign-front 0.0155 975 533 1015 609
track-sign-front 0.0140 1447 608 1461 630
track-sign-front 0.0135 735 573 748 594
track-sign-front 0.0127 1242 585 1268 611
track-sign-front 0.0087 737 579 750 601
track-sign-front 0.0072 1384 677 1411 695
track-sign-front 0.0059 1111 667 1132 682
track-sign-front 0.0055 1246 592 1262 642
track-sign-front 0.0054 1355 589 1384 633
track-sign-front 0.0040 1446 611 1458 664
track-sign-front 0.0038 832 610 855 661
track-sign-front 0.0030 1008 523 1039 638
track-sign-front 0.0024 734 542 749 624
track-sign-front 0.0022 1011 553 1037 606
track-sign-front 0.0022 1349 557 1386 657
track-sign-front 0.0021 1374 667 1403 691
track-sign-front 0.0015 1438 609 1456 635
track-sign-front 0.0013 452 645 509 696
track-sign-front 0.0013 1354 529 1387 608
track-sign-front 0.0012 1346 532 1383 717
track-sign-front 0.0010 188 674 217 698
track-signal-front 0.4630 1084 429 1110 489
track-signal-front 0.4562 835 493 857 519
track-signal-front 0.3486 1082 491 1107 538
track-signal-front 0.0153 1079 520 1107 564
track-signal-front 0.0106 1079 493 1101 557
track-signal-front 0.0012 824 492 856 529
track-signal-front 0.0011 1069 516 1102 591
track-signal-front 0.0010 1073 425 1123 495
track-signal-front 0.0010 804 478 829 536
track-signal-back 0.3443 1082 492 1107 537
track-signal-back 0.0359 1445 606 1461 632
track-signal-back 0.0159 1084 421 1109 484
track-signal-back 0.0052 1087 425 1110 460
track-signal-back 0.0035 1435 539 1462 614
track-signal-back 0.0021 1428 525 1458 593
track-signal-back 0.0016 1447 585 1463 623
pole 0.5654 969 484 981 607
pole 0.4794 1078 472 1112 699
pole 0.3432 1020 474 1033 610
pole 0.2257 1328 149 1397 868
pole 0.2233 825 515 856 677
pole 0.1904 1075 513 1100 678
pole 0.1429 893 502 905 597
pole 0.1155 834 513 849 653
pole 0.0551 896 500 921 596
pole 0.0551 1086 530 1114 677
pole 0.0530 1015 557 1032 600
pole 0.0480 961 472 990 621
pole 0.0403 1080 466 1109 604
pole 0.0387 821 555 868 659
pole 0.0311 1335 556 1380 884
pole 0.0278 860 491 891 606
pole 0.0276 1068 425 1102 691
pole 0.0267 976 468 1013 622
pole 0.0260 953 482 980 609
pole 0.0257 1011 475 1038 613
pole 0.0175 836 544 892 640
pole 0.0159 1806 21 1858 844
pole 0.0137 1017 573 1040 664
pole 0.0127 878 517 917 615
pole 0.0098 1017 578 1029 650
pole 0.0096 895 543 931 601
pole 0.0095 1015 556 1033 637
pole 0.0094 829 498 847 627
pole 0.0084 1100 515 1140 684
pole 0.0066 901 479 937 602
pole 0.0062 805 484 850 687
pole 0.0055 1297 128 1428 910
pole 0.0055 1314 494 1387 841
pole 0.0031 1078 586 1107 680
pole 0.0028 830 440 863 627
pole 0.0022 922 512 985 614
pole 0.0021 962 553 982 615
pole 0.0021 1070 557 1118 689
pole 0.0020 1339 588 1367 823
pole 0.0020 1013 518 1063 666
pole 0.0019 1347 117 1393 699
pole 0.0014 1105 525 1136 635
pole 0.0014 731 394 751 671
pole 0.0013 1327 577 1453 863
pole 0.0011 823 486 881 672
pole 0.0011 840 500 910 608
pole 0.0011 1295 619 1397 893
pole 0.0011 1327 520 1357 775
pole 0.0010 943 472 1019 623
pole 0.0010 884 513 933 594
pole 0.0010 720 408 761 711
rail-occluder 0.0292 1341 672 1384 853
rail-occluder 0.0185 1354 724 1388 868
rail-occluder 0.0074 1345 698 1382 798
rail-occluder 0.0045 1345 716 1410 884
rail-occluder 0.0038 1341 658 1417 837
rail-occluder 0.0028 1377 677 1408 699
rail-occluder 0.0023 1079 593 1106 678
rail-occluder 0.0021 1014 615 1027 649
