crossing 0.0647 1224 700 1289 751
crossing 0.0449 1213 697 1320 761
guard-rail 0.0466 1228 701 1254 752
guard-rail 0.0103 1234 693 1279 753
rail 0.9642 1074 582 1369 1077
switch-static 0.0189 1338 744 1419 788
switch-static 0.0065 1338 766 1406 802
switch-static 0.0060 1328 742 1400 769
switch-static 0.0050 1340 773 1380 804
switch-static 0.0024 1364 759 1423 796
track-sign-front 0.7603 932 681 982 737
track-sign-front 0.4122 1358 612 1377 642
track-sign-front 0.1557 1225 575 1237 598
track-sign-front 0.0776 1221 579 1235 604
track-sign-front 0.0309 1225 560 1238 584
track-sign-front 0.0058 1221 556 1259 599
track-sign-front 0.0053 921 664 992 775
track-sign-front 0.0051 1364 525 1379 572
track-sign-front 0.0047 1361 611 1402 642
track-sign-front 0.0044 941 600 977 644
track-sign-front 0.0041 1189 578 1204 611
track-sign-front 0.0033 1189 568 1204 596
track-sign-front 0.0027 1291 570 1315 588
track-sign-front 0.0026 1366 526 1382 627
track-sign-front 0.0015 927 635 977 747
track-sign-front 0.0013 1114 676 1134 722
track-sign-front 0.0012 925 610 971 670
track-sign-front 0.0012 938 659 983 724
track-sign-front 0.0011 1286 572 1317 605
track-sign-front 0.0011 925 675 1066 738
track-sign-front 0.0010 1223 572 1266 612
track-signal-front 0.6590 1362 491 1383 526
track-signal-front 0.0033 1269 514 1289 541
track-signal-front 0.0019 1373 498 1418 535
track-signal-front 0.0016 1273 507 1292 534
track-signal-front 0.0016 1407 493 1444 526
track-signal-front 0.0014 1351 488 1400 532
track-signal-front 0.0012 1266 515 1281 547
track-signal-front 0.0011 1277 511 1309 539
track-signal-front 0.0011 1420 492 1454 522
person 0.1664 734 793 805 919
person 0.0041 746 785 850 920
person 0.0015 705 769 832 932
pole 0.0018 18 31 239 1004
