guard-rail 0.0258 674 611 762 665
guard-rail 0.0023 659 628 743 676
guard-rail 0.0015 712 612 778 662
guard-rail 0.0011 273 598 824 1073
rail 0.9598 868 518 1184 1078
rail 0.9577 -3 512 873 1078
rail 0.5435 770 527 886 579
rail 0.2629 655 530 838 642
rail 0.1478 812 522 890 564
rail 0.1465 745 532 828 586
rail 0.1044 730 541 874 593
rail 0.0536 743 517 894 633
rail 0.0535 643 559 795 660
rail 0.0440 774 524 853 567
rail 0.0206 866 518 902 543
rail 0.0205 838 519 890 550
rail 0.0135 749 519 825 566
rail 0.0091 879 517 955 548
rail 0.0069 865 525 917 565
rail 0.0053 904 525 979 556
rail 0.0034 916 528 1006 574
rail 0.0033 860 513 895 537
rail 0.0024 828 541 908 589
rail 0.0021 712 524 816 577
rail 0.0021 871 547 926 591
rail 0.0016 1 541 744 864
rail 0.0013 807 484 844 558
rail 0.0012 875 507 909 539
rail 0.0010 815 489 886 553
rail 0.0010 698 590 839 655
switch-indicator 0.0074 528 616 549 646
switch-indicator 0.0017 504 614 539 647
switch-left 0.2220 638 610 749 670
switch-left 0.0999 664 596 784 657
switch-left 0.0841 729 573 815 618
switch-left 0.0771 687 561 817 640
switch-left 0.0541 623 631 721 677
switch-left 0.0254 705 591 797 633
switch-left 0.0167 732 596 816 629
switch-left 0.0161 763 577 825 612
switch-left 0.0142 590 645 704 680
switch-left 0.0063 622 618 712 663
switch-left 0.0029 628 585 762 692
switch-right 0.2121 639 609 765 665
switch-right 0.1166 622 623 714 673
switch-right 0.0802 744 551 828 595
switch-right 0.0651 734 577 814 618
switch-right 0.0560 663 581 810 648
switch-right 0.0158 764 575 822 610
switch-right 0.0118 588 646 707 680
switch-unknown 0.0834 832 529 890 560
switch-unknown 0.0540 868 518 897 540
switch-unknown 0.0495 849 521 892 547
switch-unknown 0.0151 865 514 891 534
switch-unknown 0.0127 866 523 915 562
switch-unknown 0.0065 875 508 909 535
switch-unknown 0.0037 852 547 893 581
switch-unknown 0.0034 873 549 922 587
switch-static 0.1244 546 636 603 666
switch-static 0.0518 737 729 805 777
switch-static 0.0337 561 637 635 667
switch-static 0.0280 532 626 591 659
switch-static 0.0223 558 631 605 657
switch-static 0.0149 566 648 641 672
switch-static 0.0107 762 602 824 630
switch-static 0.0056 610 618 673 650
switch-static 0.0054 537 624 626 680
switch-static 0.0052 624 618 709 662
switch-static 0.0047 580 622 654 654
switch-static 0.0037 600 625 694 673
switch-static 0.0031 917 529 973 562
switch-static 0.0024 727 534 807 581
switch-static 0.0023 784 559 868 615
switch-static 0.0022 730 718 777 759
switch-static 0.0021 752 737 822 782
switch-static 0.0014 781 602 856 633
switch-static 0.0012 527 650 585 677
switch-static 0.0010 529 614 603 667
track-sign-front 0.0015 750 476 769 531
track-sign-front 0.0014 676 490 696 512
track-sign-front 0.0014 924 457 952 552
track-sign-front 0.0011 1023 482 1035 546
track-sign-front 0.0011 1057 497 1073 526
track-signal-front 0.0084 994 438 1006 461
track-signal-back 0.0099 749 437 770 498
track-signal-back 0.0017 814 448 828 528
track-signal-back 0.0014 812 449 826 487
pole 0.0434 1024 271 1038 606
pole 0.0123 1016 298 1033 617
pole 0.0046 935 417 945 545
pole 0.0044 811 463 837 571
pole 0.0028 914 416 947 553
pole 0.0015 938 416 947 526
