train-car 0.0617 1171 570 1864 625
train-car 0.0152 1221 509 1916 630
train-car 0.0118 1347 551 1931 615
train-car 0.0041 1292 540 1627 631
train-car 0.0036 1341 565 1664 608
train-car 0.0023 1219 407 1915 679
train-car 0.0013 1316 488 1732 602
train-car 0.0012 1421 422 1816 619
rail 0.9697 254 582 1018 1076
rail 0.9542 1009 594 1250 1073
rail 0.8917 1042 597 1915 996
rail 0.7305 1070 589 1923 737
rail 0.6950 1027 596 1094 716
rail 0.6145 1000 589 1083 1076
rail 0.2977 1196 587 1909 650
rail 0.2854 1288 675 1477 794
rail 0.1358 1246 608 1927 691
rail 0.0838 1432 632 1485 798
rail 0.0724 1043 597 1095 651
rail 0.0689 1207 555 1906 626
rail 0.0630 1008 611 1723 831
rail 0.0420 1252 493 1929 617
rail 0.0314 999 981 1257 1079
rail 0.0282 1060 608 1366 702
rail 0.0233 1025 594 1078 677
rail 0.0226 1117 607 1262 665
rail 0.0185 1392 628 1563 959
rail 0.0164 1065 599 1097 627
rail 0.0154 1030 615 1171 721
rail 0.0154 1010 633 1101 750
rail 0.0122 1598 607 1922 645
rail 0.0118 1423 625 1523 901
rail 0.0116 1741 614 1928 643
rail 0.0106 1372 641 1926 730
rail 0.0094 1095 585 1210 675
rail 0.0085 1073 540 1252 679
rail 0.0070 1095 475 1175 698
rail 0.0066 1694 592 1927 621
rail 0.0066 1563 613 1924 676
rail 0.0057 1771 622 1927 656
rail 0.0055 1194 592 1481 674
rail 0.0055 1153 611 1237 649
rail 0.0051 1099 627 1283 691
rail 0.0047 1019 664 1088 785
rail 0.0042 1029 594 1072 623
rail 0.0041 1162 558 1511 738
rail 0.0037 1173 615 1221 644
rail 0.0035 1027 649 1253 818
rail 0.0033 1183 619 1220 662
rail 0.0032 1019 585 1054 721
rail 0.0030 1062 604 1468 769
rail 0.0029 1577 661 1913 717
rail 0.0027 1105 602 1345 644
rail 0.0022 1715 626 1902 664
rail 0.0021 1526 616 1804 643
rail 0.0020 1166 642 1261 687
rail 0.0020 1554 620 1864 658
rail 0.0020 1342 608 1659 638
rail 0.0019 1064 578 1150 628
rail 0.0017 1138 593 1325 620
rail 0.0016 1318 631 1695 1046
rail 0.0016 1051 551 1368 734
rail 0.0015 1054 597 1153 643
rail 0.0015 1062 544 1151 658
rail 0.0013 1103 620 1206 702
rail 0.0011 1061 604 1150 686
rail 0.0011 1556 619 1724 641
rail 0.0010 1622 649 1899 689
rail 0.0010 1536 597 1892 632
rail 0.0010 1378 624 1941 894
rail 0.0010 970 564 1187 794
rail 0.0010 977 512 1891 787
rail 0.0010 1431 560 1953 699
switch-indicator 0.5033 811 842 877 945
switch-indicator 0.2083 1116 697 1173 736
switch-indicator 0.1246 1189 622 1203 637
switch-indicator 0.0245 1145 709 1197 738
switch-indicator 0.0098 1130 657 1158 705
switch-indicator 0.0078 1187 623 1214 648
switch-indicator 0.0046 1189 717 1208 736
switch-indicator 0.0033 812 609 830 671
switch-indicator 0.0020 805 834 873 1015
switch-indicator 0.0012 1346 938 1382 1001
switch-left 0.3025 1019 684 1089 736
switch-left 0.0187 993 988 1258 1077
switch-left 0.0145 1022 704 1096 743
switch-right 0.3398 1021 680 1088 729
switch-right 0.0042 1030 697 1117 738
switch-unknown 0.1919 1067 600 1097 618
switch-unknown 0.0967 1052 603 1096 635
switch-unknown 0.0266 1183 622 1206 644
switch-unknown 0.0159 1028 589 1072 620
switch-unknown 0.0050 1179 648 1248 682
switch-unknown 0.0028 1164 644 1221 676
switch-unknown 0.0027 1009 582 1045 610
switch-unknown 0.0024 1064 579 1145 621
switch-unknown 0.0022 1071 560 1117 618
switch-unknown 0.0015 1019 599 1048 651
switch-unknown 0.0012 960 573 1015 613
switch-unknown 0.0011 1060 596 1146 639
switch-unknown 0.0010 1042 553 1090 622
switch-static 0.5698 812 992 1010 1062
switch-static 0.5328 1111 696 1173 737
switch-static 0.4497 1235 986 1369 1055
switch-static 0.2357 1259 980 1415 1039
switch-static 0.1827 1314 990 1419 1034
switch-static 0.1132 1157 769 1197 799
switch-static 0.0675 1215 990 1328 1042
switch-static 0.0401 1100 689 1164 725
switch-static 0.0215 1230 1008 1340 1067
switch-static 0.0187 1042 986 1300 1071
switch-static 0.0139 823 992 927 1055
switch-static 0.0124 1194 973 1416 1071
switch-static 0.0116 1308 953 1402 1041
switch-static 0.0096 1102 714 1159 741
switch-static 0.0086 805 895 962 1032
switch-static 0.0077 1237 945 1404 1035
switch-static 0.0066 1352 992 1433 1031
switch-static 0.0061 871 998 974 1058
switch-static 0.0037 1216 972 1320 1024
switch-static 0.0036 1167 713 1208 739
switch-static 0.0025 790 845 930 980
switch-static 0.0024 789 957 996 1048
switch-static 0.0023 818 978 935 1032
switch-static 0.0014 1074 643 1135 716
switch-static 0.0013 1391 995 1432 1023
switch-static 0.0012 884 994 1030 1046
switch-static 0.0011 1203 979 1289 1046
switch-static 0.0010 1162 772 1221 803
track-sign-front 0.8695 294 691 335 843
track-sign-front 0.3524 1435 623 1482 811
track-sign-front 0.0181 1360 618 1579 775
track-sign-front 0.0160 1400 621 1492 813
track-sign-front 0.0139 1135 565 1157 621
track-sign-front 0.0130 811 606 829 665
track-sign-front 0.0065 956 553 976 593
track-sign-front 0.0058 812 598 826 632
track-sign-front 0.0052 1133 507 1158 636
track-sign-front 0.0029 1407 644 1478 743
track-sign-front 0.0021 1299 518 1340 634
track-sign-front 0.0014 1570 537 1598 625
track-sign-front 0.0013 1574 481 1608 618
track-sign-front 0.0012 254 663 381 837
track-sign-front 0.0011 1138 473 1153 520
track-signal-front 0.1093 1438 487 1468 532
track-signal-front 0.0584 964 551 977 569
track-signal-front 0.0272 963 549 976 582
track-signal-front 0.0235 1437 482 1460 519
track-signal-front 0.0117 965 537 983 570
track-signal-front 0.0073 954 542 978 571
track-signal-front 0.0013 1568 386 1586 482
pole 0.6802 1572 380 1605 637
pole 0.4669 1297 417 1327 641
pole 0.3570 1140 439 1165 673
pole 0.2928 1430 607 1484 920
pole 0.2790 1779 339 1817 615
pole 0.2341 1246 479 1260 611
pole 0.1364 1304 373 1340 661
pole 0.1207 1534 422 1554 617
pole 0.1026 1192 490 1203 615
pole 0.0585 1109 460 1140 671
pole 0.0499 1179 460 1199 639
pole 0.0463 1295 440 1314 626
pole 0.0430 1140 584 1155 675
pole 0.0399 1135 482 1158 706
pole 0.0388 1124 441 1163 724
pole 0.0249 1434 495 1464 648
pole 0.0198 1427 486 1476 732
pole 0.0185 1115 490 1130 625
pole 0.0166 1128 502 1177 699
pole 0.0150 1430 500 1446 617
pole 0.0105 1281 472 1317 621
pole 0.0104 1273 476 1907 627
pole 0.0096 1429 725 1472 953
pole 0.0095 1436 487 1465 549
pole 0.0076 1575 412 1630 630
pole 0.0075 1240 485 1267 615
pole 0.0072 1140 568 1162 688
pole 0.0067 1556 472 1604 678
pole 0.0065 1574 454 1599 603
pole 0.0063 1197 488 1206 600
pole 0.0062 1142 505 1162 639
pole 0.0061 1299 427 1358 684
pole 0.0055 1300 498 1336 647
pole 0.0051 1319 368 1349 646
pole 0.0050 1633 475 1651 596
pole 0.0046 1429 449 1456 623
pole 0.0044 1305 473 1329 623
pole 0.0041 1180 480 1260 633
pole 0.0039 1444 527 1473 638
pole 0.0035 1183 493 1213 616
pole 0.0035 1445 506 1467 604
pole 0.0032 961 548 978 590
pole 0.0032 1318 466 1601 692
pole 0.0030 1276 456 1342 641
pole 0.0028 1502 437 1581 616
pole 0.0027 1201 486 1727 761
pole 0.0026 1155 471 1214 664
pole 0.0025 1417 502 1458 643
pole 0.0025 1398 463 1474 687
pole 0.0024 960 564 980 614
pole 0.0023 1405 669 1482 995
pole 0.0021 1576 490 1603 657
pole 0.0021 1311 441 1333 590
pole 0.0020 1615 416 1647 616
pole 0.0020 1535 569 1556 605
pole 0.0020 1754 360 1823 638
pole 0.0019 1126 442 1191 663
pole 0.0019 1074 525 1120 652
pole 0.0019 1136 426 1155 605
pole 0.0018 1430 409 1807 626
pole 0.0018 1053 514 1083 597
pole 0.0017 1160 445 1192 643
pole 0.0016 1069 497 1117 613
pole 0.0015 1145 468 1171 616
pole 0.0015 1796 346 1832 615
pole 0.0014 955 532 1002 613
pole 0.0013 1069 444 1155 702
pole 0.0013 1478 473 1616 617
pole 0.0012 1315 346 1335 592
pole 0.0012 1765 421 1847 685
pole 0.0012 1370 637 1514 1023
pole 0.0011 965 537 983 574
pole 0.0011 1170 369 1598 682
pole 0.0010 1135 466 1154 556
pole 0.0010 1229 506 1282 620
pole 0.0010 1787 459 1819 599
rail-occluder 0.8920 1302 683 1400 794
rail-occluder 0.3448 1366 611 1433 658
rail-occluder 0.1634 1435 613 1485 789
rail-occluder 0.0717 1444 593 1471 622
rail-occluder 0.0506 1294 588 1325 643
rail-occluder 0.0395 1142 622 1155 665
rail-occluder 0.0374 1667 679 1687 699
rail-occluder 0.0348 1342 612 1395 650
rail-occluder 0.0268 1427 600 1474 712
rail-occluder 0.0195 1361 603 1406 639
rail-occluder 0.0148 1297 582 1342 637
rail-occluder 0.0139 1574 600 1599 643
rail-occluder 0.0136 1419 637 1486 1001
rail-occluder 0.0135 1185 619 1428 762
rail-occluder 0.0132 1391 617 1547 778
rail-occluder 0.0124 1186 619 1206 640
rail-occluder 0.0116 1373 603 1428 639
rail-occluder 0.0112 1424 588 1495 621
rail-occluder 0.0104 1292 595 1313 641
rail-occluder 0.0089 1658 677 1694 701
rail-occluder 0.0080 1290 577 1363 682
rail-occluder 0.0067 1445 619 1482 691
rail-occluder 0.0055 1176 618 1208 653
rail-occluder 0.0051 1269 599 1508 727
rail-occluder 0.0050 1411 579 1451 636
rail-occluder 0.0048 1634 676 1722 705
rail-occluder 0.0045 1337 584 1455 715
rail-occluder 0.0045 1428 724 1473 955
rail-occluder 0.0043 1426 622 1500 699
rail-occluder 0.0043 1280 577 1313 621
rail-occluder 0.0043 1182 591 1203 639
rail-occluder 0.0040 1618 620 1663 637
rail-occluder 0.0039 1543 604 1632 641
rail-occluder 0.0037 1298 611 1320 648
rail-occluder 0.0036 1567 573 1595 634
rail-occluder 0.0035 1319 580 1384 636
rail-occluder 0.0033 1576 618 1610 650
rail-occluder 0.0033 1303 739 1411 802
rail-occluder 0.0032 1141 631 1166 689
rail-occluder 0.0032 1258 670 1430 824
rail-occluder 0.0028 1590 616 1653 641
rail-occluder 0.0028 1741 615 1777 639
rail-occluder 0.0027 1522 629 1558 656
rail-occluder 0.0026 1765 637 1803 669
rail-occluder 0.0026 1627 619 1700 640
rail-occluder 0.0025 1666 624 1712 650
rail-occluder 0.0022 1304 684 1354 796
rail-occluder 0.0022 1256 595 1348 641
rail-occluder 0.0022 1489 603 1675 640
rail-occluder 0.0018 1660 685 1686 725
rail-occluder 0.0018 1668 629 1897 672
rail-occluder 0.0018 1686 626 1729 651
rail-occluder 0.0018 1387 597 1475 745
rail-occluder 0.0018 811 609 831 675
rail-occluder 0.0017 1179 551 1200 677
rail-occluder 0.0017 1497 628 1554 656
rail-occluder 0.0016 1545 586 1630 631
rail-occluder 0.0015 1467 573 1527 617
rail-occluder 0.0015 1471 627 1531 657
rail-occluder 0.0014 1578 667 1784 701
rail-occluder 0.0014 1577 623 1800 652
rail-occluder 0.0014 1265 526 1378 709
rail-occluder 0.0014 1654 617 1722 644
rail-occluder 0.0013 1616 619 1673 646
rail-occluder 0.0013 1897 619 1920 672
rail-occluder 0.0013 1737 619 1789 666
rail-occluder 0.0013 1338 540 1411 617
rail-occluder 0.0013 1288 437 1382 686
rail-occluder 0.0013 1338 626 1462 683
rail-occluder 0.0013 1306 617 1364 649
rail-occluder 0.0013 1347 584 1649 614
rail-occluder 0.0013 1360 637 1439 672
rail-occluder 0.0013 1532 616 1710 641
rail-occluder 0.0012 1526 575 1566 613
rail-occluder 0.0012 1411 666 1579 1010
rail-occluder 0.0012 1276 611 1344 649
rail-occluder 0.0012 1734 661 1763 689
rail-occluder 0.0011 1322 557 1385 608
rail-occluder 0.0011 1367 513 1400 596
rail-occluder 0.0011 1514 619 1572 646
rail-occluder 0.0011 1586 621 1702 646
rail-occluder 0.0010 1328 674 1405 739
rail-occluder 0.0010 1500 588 1663 627
rail-occluder 0.0010 1395 631 1462 704
rail-occluder 0.0010 1253 586 1339 620
rail-occluder 0.0010 1187 610 1264 637
rail-occluder 0.0010 1771 633 1839 664
