rail 0.9679 794 511 1102 1074
rail 0.8653 965 511 1921 1074
rail 0.6919 1558 563 1922 753
rail 0.6277 1127 619 1649 1068
rail 0.1481 1614 571 1928 666
rail 0.0256 1765 584 1922 717
rail 0.0219 1724 577 1953 627
rail 0.0185 1797 569 1923 667
rail 0.0177 1850 564 1922 728
rail 0.0103 1567 558 1910 627
rail 0.0068 1884 555 1921 733
rail 0.0061 1594 598 1909 851
rail 0.0060 1687 610 1928 774
rail 0.0049 1206 636 1454 1058
rail 0.0045 1193 703 1917 1088
rail 0.0038 1767 545 1925 618
rail 0.0036 1442 557 1913 677
rail 0.0035 1681 579 1787 749
rail 0.0027 1287 688 1596 1045
rail 0.0027 1801 628 1917 750
rail 0.0026 1776 621 1919 838
rail 0.0025 1629 410 1929 712
rail 0.0021 946 535 1094 1056
rail 0.0021 1544 568 1836 651
rail 0.0019 1730 586 1894 653
rail 0.0016 1348 564 1888 799
rail 0.0015 1731 607 1894 682
rail 0.0014 1818 614 1913 683
rail 0.0013 1453 542 1873 616
rail 0.0012 950 517 1028 573
rail 0.0011 1886 618 1918 758
rail 0.0011 1854 636 1922 742
rail 0.0010 1673 593 1807 675
switch-indicator 0.6586 1219 601 1257 643
switch-indicator 0.0259 1225 610 1269 651
switch-indicator 0.0033 1174 543 1304 726
switch-indicator 0.0028 1152 561 1167 585
switch-indicator 0.0021 1237 600 1293 656
switch-indicator 0.0018 1201 594 1251 638
switch-indicator 0.0016 1007 564 1026 593
switch-indicator 0.0011 1143 562 1165 586
switch-left 0.1212 1116 632 1243 686
switch-left 0.0229 1110 625 1209 661
switch-left 0.0035 1094 615 1190 672
switch-left 0.0026 1095 611 1249 719
switch-left 0.0016 1140 641 1272 701
switch-right 0.1865 1108 626 1222 677
switch-right 0.0370 1085 620 1195 657
switch-right 0.0093 1082 614 1155 641
switch-right 0.0017 1116 616 1244 721
switch-unknown 0.0106 1081 613 1156 643
switch-unknown 0.0018 946 507 996 550
switch-unknown 0.0016 971 502 1011 550
switch-static 0.0912 1216 598 1263 654
switch-static 0.0530 1132 608 1248 665
switch-static 0.0171 1113 624 1205 660
switch-static 0.0070 1143 618 1224 652
switch-static 0.0060 1073 612 1131 640
switch-static 0.0054 1144 638 1245 687
switch-static 0.0040 1056 661 1080 688
switch-static 0.0034 1890 812 1920 879
switch-static 0.0025 1199 636 1268 678
switch-static 0.0025 1068 618 1117 647
switch-static 0.0023 1114 621 1244 702
switch-static 0.0020 1238 625 1296 660
switch-static 0.0019 1886 796 1919 859
switch-static 0.0019 1047 622 1094 671
switch-static 0.0016 1010 568 1029 602
switch-static 0.0015 1868 800 1919 883
switch-static 0.0012 1053 615 1095 640
switch-static 0.0010 1048 661 1089 697
track-sign-front 0.0127 869 481 888 516
track-sign-front 0.0083 871 461 887 506
track-sign-front 0.0070 1097 487 1110 527
track-sign-front 0.0070 662 242 684 278
track-sign-front 0.0056 1098 477 1118 526
track-sign-front 0.0033 1092 497 1107 547
track-sign-front 0.0022 870 494 889 532
track-sign-front 0.0016 652 238 692 281
track-sign-front 0.0015 1847 531 1897 627
track-sign-front 0.0015 473 529 509 557
track-sign-front 0.0012 1896 540 1922 622
track-sign-front 0.0011 1097 447 1109 516
track-sign-front 0.0011 1847 495 1892 601
track-sign-front 0.0010 828 487 872 519
track-signal-front 0.0306 923 460 933 484
track-signal-front 0.0297 920 458 931 481
track-signal-front 0.0130 925 465 938 486
track-signal-front 0.0076 1853 482 1894 545
track-signal-front 0.0052 1852 486 1875 582
track-signal-front 0.0039 1896 465 1920 558
track-signal-front 0.0026 919 454 953 485
track-signal-back 0.0966 869 378 889 427
track-signal-back 0.0324 974 450 999 472
track-signal-back 0.0234 975 449 989 468
track-signal-back 0.0146 984 451 1009 484
track-signal-back 0.0087 871 397 890 443
track-signal-back 0.0061 971 442 982 461
track-signal-back 0.0052 1032 441 1051 470
track-signal-back 0.0044 872 443 889 486
track-signal-back 0.0041 1037 438 1050 463
track-signal-back 0.0035 993 456 1028 490
track-signal-back 0.0035 919 455 933 484
track-signal-back 0.0025 989 445 1039 480
track-signal-back 0.0021 1022 453 1046 489
track-signal-back 0.0020 872 454 913 497
track-signal-back 0.0020 958 441 998 495
track-signal-back 0.0014 867 427 913 485
track-signal-back 0.0014 1097 431 1113 496
track-signal-back 0.0013 1040 442 1055 468
track-signal-back 0.0011 865 371 895 417
pole 0.6542 1575 3 1658 811
pole 0.1933 1872 161 1917 777
pole 0.0588 1846 97 1912 727
pole 0.0266 1853 525 1869 617
pole 0.0260 1894 531 1920 722
pole 0.0078 1849 451 1894 705
pole 0.0068 1853 454 1876 612
pole 0.0053 1795 82 1928 763
pole 0.0049 1851 549 1919 722
pole 0.0047 1824 490 1902 679
pole 0.0036 1896 412 1920 693
pole 0.0031 1859 363 1923 732
pole 0.0029 1818 533 1874 623
pole 0.0025 1880 581 1919 755
pole 0.0024 1830 494 1868 612
pole 0.0018 1894 459 1918 587
pole 0.0014 1802 431 1913 738
pole 0.0012 1897 303 1919 617
pole 0.0012 1866 361 1905 618
pole 0.0012 1462 41 1625 766
rail-occluder 0.0082 1657 577 1781 752
rail-occluder 0.0077 1839 558 1880 624
rail-occluder 0.0050 1677 591 1756 703
rail-occluder 0.0038 1805 574 1874 619
rail-occluder 0.0032 1818 575 1906 656
rail-occluder 0.0032 1674 591 1709 649
rail-occluder 0.0031 1771 574 1909 627
rail-occluder 0.0016 1710 597 1768 660
rail-occluder 0.0016 1670 587 1705 629
rail-occluder 0.0016 1791 585 1880 642
rail-occluder 0.0014 1662 592 1697 643
rail-occluder 0.0010 1781 581 1851 623
