platform 0.3998 503 282 739 326
platform 0.0080 492 274 672 317
platform 0.0063 492 296 802 343
platform 0.0038 498 251 761 345
platform 0.0027 517 285 933 357
platform 0.0011 603 287 704 325
platform 0.0011 466 253 719 302
platform 0.0010 496 244 752 430
platform 0.0010 493 273 587 308
rail 0.8046 532 318 980 1071
rail 0.2038 520 316 775 623
rail 0.0928 481 327 722 1084
rail 0.0400 116 388 555 1026
rail 0.0308 528 301 848 853
rail 0.0131 360 351 649 1083
rail 0.0106 225 417 566 827
rail 0.0048 573 325 740 539
rail 0.0038 524 326 701 802
rail 0.0034 360 554 556 1045
rail 0.0033 689 412 1053 1074
rail 0.0032 186 453 450 964
rail 0.0025 489 302 712 512
rail 0.0024 317 396 514 754
rail 0.0020 655 543 920 1042
rail 0.0020 450 547 659 1048
rail 0.0017 575 436 823 1049
rail 0.0017 464 177 1926 1032
rail 0.0015 169 234 671 832
rail 0.0013 -7 599 494 1080
rail 0.0011 414 410 591 933
rail 0.0010 551 552 725 1041
rail 0.0010 367 292 771 702
switch-static 0.0017 563 444 612 489
switch-static 0.0010 558 408 639 550
track-sign-front 0.0568 419 491 443 530
track-sign-front 0.0244 864 399 899 461
track-sign-front 0.0144 506 307 529 363
track-sign-front 0.0095 512 316 531 375
track-sign-front 0.0039 502 313 521 353
track-sign-front 0.0029 855 396 883 461
track-sign-front 0.0027 870 405 906 484
track-sign-front 0.0016 564 445 610 487
track-sign-front 0.0011 410 465 444 534
rail-occluder 0.0033 509 309 532 362
rail-occluder 0.0010 505 287 549 336
