guard-rail 0.0196 1102 487 1157 539
guard-rail 0.0093 1098 479 1145 523
guard-rail 0.0019 1117 500 1189 552
train-car 0.5116 1076 421 1149 469
train-car 0.0036 1054 380 1168 501
train-car 0.0035 1083 445 1148 500
train-car 0.0024 1079 438 1124 487
train-car 0.0015 1090 426 1181 485
rail 0.9718 853 456 1182 1078
rail 0.9645 -2 442 1082 1074
rail 0.9624 1094 469 1914 1075
rail 0.0059 875 451 1060 496
switch-indicator 0.0034 909 523 924 543
switch-indicator 0.0025 1467 586 1483 628
switch-static 0.0054 909 526 926 543
track-sign-front 0.0423 547 540 571 565
track-sign-front 0.0033 778 398 790 418
track-sign-front 0.0019 1471 56 1603 142
track-sign-front 0.0019 1467 583 1482 626
track-sign-front 0.0018 1226 507 1240 527
track-sign-front 0.0015 778 389 789 414
track-sign-front 0.0014 778 399 790 438
track-signal-front 0.0216 1519 6 1656 69
track-signal-back 0.2966 911 310 935 357
track-signal-back 0.0867 863 359 875 397
track-signal-back 0.0384 1481 60 1547 145
track-signal-back 0.0207 1510 7 1652 72
track-signal-back 0.0170 1475 45 1585 150
track-signal-back 0.0093 862 357 874 454
track-signal-back 0.0064 1486 14 1627 111
track-signal-back 0.0064 912 283 941 352
track-signal-back 0.0046 915 281 944 321
track-signal-back 0.0034 1522 3 1626 51
track-signal-back 0.0015 1518 -17 1713 85
track-signal-back 0.0011 890 303 944 362
track-signal-back 0.0010 896 319 931 397
pole 0.5369 1537 46 1665 1047
pole 0.3711 911 294 924 544
pole 0.0574 915 361 924 508
pole 0.0444 908 305 933 379
pole 0.0241 862 365 872 493
pole 0.0185 907 413 923 522
pole 0.0148 910 312 941 538
pole 0.0064 948 298 964 518
pole 0.0061 907 381 933 532
pole 0.0056 1576 210 1659 913
pole 0.0052 908 459 921 501
pole 0.0046 904 279 933 469
pole 0.0032 951 345 963 471
pole 0.0023 1550 175 1626 876
pole 0.0023 905 461 927 530
pole 0.0020 954 290 969 489
pole 0.0019 1436 25 1753 1075
pole 0.0013 912 388 961 518
pole 0.0011 946 375 968 495
pole 0.0010 1478 77 1611 1049
pole 0.0010 913 302 989 551
