guard-rail 0.0019 879 632 927 655
train-car 0.0191 853 579 868 600
train-car 0.0024 849 577 877 606
rail 0.9627 872 601 1221 1078
rail 0.9192 4 614 832 1080
rail 0.6560 689 626 887 685
rail 0.6504 6 760 617 1076
rail 0.5242 -8 657 619 873
rail 0.0545 741 623 932 662
rail 0.0190 1 712 414 876
rail 0.0091 662 641 885 711
rail 0.0052 251 643 733 1008
rail 0.0032 667 603 841 672
rail 0.0030 654 604 913 764
rail 0.0026 801 615 897 658
rail 0.0025 863 624 906 650
rail 0.0024 1 758 255 860
rail 0.0021 697 654 850 699
rail 0.0019 445 713 647 822
rail 0.0019 721 610 784 661
rail 0.0018 202 795 488 1025
rail 0.0016 2 769 141 865
rail 0.0011 -18 650 461 800
switch-indicator 0.0069 549 650 588 684
switch-indicator 0.0019 2 756 20 796
switch-left 0.1346 440 749 640 815
switch-left 0.0355 491 743 652 798
switch-left 0.0239 670 650 814 696
switch-left 0.0213 714 663 785 691
switch-left 0.0196 651 669 756 711
switch-left 0.0186 382 771 610 847
switch-left 0.0096 624 684 739 721
switch-left 0.0080 543 722 686 770
switch-left 0.0022 444 702 707 840
switch-left 0.0015 511 673 737 811
switch-left 0.0012 482 760 595 812
switch-left 0.0011 394 755 549 822
switch-right 0.1645 464 746 647 805
switch-right 0.1375 658 672 753 703
switch-right 0.1002 686 660 785 691
switch-right 0.0846 412 758 625 833
switch-right 0.0240 533 741 662 786
switch-right 0.0177 617 684 722 720
switch-right 0.0057 579 698 692 736
switch-right 0.0038 565 723 693 767
switch-right 0.0024 658 683 744 715
switch-right 0.0014 404 700 742 869
switch-right 0.0013 519 732 622 775
switch-unknown 0.0833 693 649 822 688
switch-unknown 0.0549 874 630 907 647
switch-unknown 0.0184 861 630 912 653
switch-unknown 0.0152 804 629 885 653
switch-unknown 0.0099 785 622 868 652
switch-unknown 0.0088 768 619 842 648
switch-unknown 0.0085 737 621 820 657
switch-unknown 0.0075 820 610 884 652
switch-unknown 0.0072 729 635 825 679
switch-unknown 0.0021 758 629 855 666
switch-unknown 0.0015 871 642 921 666
switch-static 0.1058 429 740 504 769
switch-static 0.0442 442 734 520 765
switch-static 0.0348 413 760 616 821
switch-static 0.0224 1106 757 1156 787
switch-static 0.0163 475 730 545 757
switch-static 0.0161 593 690 645 712
switch-static 0.0097 422 735 525 782
switch-static 0.0059 444 746 591 798
switch-static 0.0057 543 664 585 694
switch-static 0.0051 570 699 656 734
switch-static 0.0049 549 650 588 684
switch-static 0.0043 1100 754 1175 798
switch-static 0.0029 556 713 636 742
switch-static 0.0027 1118 749 1158 780
switch-static 0.0021 488 727 579 764
switch-static 0.0021 437 724 502 754
switch-static 0.0017 372 748 480 787
switch-static 0.0016 447 715 553 768
switch-static 0.0015 456 722 525 753
switch-static 0.0013 189 710 651 825
switch-static 0.0011 367 761 425 789
switch-static 0.0010 553 683 627 717
track-sign-front 0.0489 1030 607 1046 625
track-sign-front 0.0469 992 655 1008 677
track-sign-front 0.0107 741 608 751 626
track-sign-front 0.0073 738 616 755 641
track-sign-front 0.0060 1035 610 1059 632
track-sign-front 0.0057 554 642 583 679
track-sign-front 0.0051 1028 427 1050 461
track-sign-front 0.0042 1121 753 1169 791
track-sign-front 0.0032 1025 596 1042 626
track-sign-front 0.0020 1024 606 1054 631
track-sign-front 0.0019 557 616 574 659
track-sign-front 0.0015 985 652 1013 680
track-sign-front 0.0012 990 636 1014 677
track-signal-front 0.0966 853 577 866 595
track-signal-front 0.0073 848 559 863 587
track-signal-front 0.0029 1028 437 1050 462
track-signal-back 0.0019 927 533 940 569
pole 0.0121 17 324 97 907
pole 0.0072 7 392 166 938
pole 0.0061 6 322 60 905
pole 0.0030 57 272 158 865
pole 0.0020 101 349 178 882
pole 0.0015 300 289 341 751
pole 0.0011 4 223 40 834
rail-occluder 0.0018 2 755 20 801
