crossing 0.591 703 759 812 810
crossing 0.0239 945 748 1059 813
crossing 0.0133 692 782 786 813
crossing 0.0117 728 752 850 800
crossing 0.0091 694 725 823 826
crossing 0.0070 389 603 938 1068
crossing 0.0053 620 729 888 861
crossing 0.0023 682 788 751 813
crossing 0.0019 657 783 715 808
crossing 0.0017 714 727 810 795
crossing 0.0016 944 697 1060 851
guard-rail 0.0042 926 770 956 1042
guard-rail 0.0018 1048 827 1078 964
guard-rail 0.0017 1046 790 1085 1027
platform 0.3655 309 642 884 1081
platform 0.0052 -28 643 779 1052
platform 0.0047 404 693 717 935
platform 0.0029 255 658 789 917
rail 0.9366 355 619 916 1078
rail 0.9153 897 621 1119 1075
rail 0.2971 1053 615 1570 1073
rail 0.0047 1183 640 1924 1076
rail 0.0038 919 626 1083 910
rail 0.0033 911 629 1009 1069
rail 0.0015 500 677 789 1039
rail 0.0010 802 509 1213 1007
track-sign-front 0.0047 713 550 732 582
track-sign-front 0.0028 915 610 930 627
track-sign-front 0.0024 906 611 927 633
track-signal-front 0.2691 957 526 971 552
track-signal-front 0.0249 959 500 979 548
track-signal-front 0.0074 951 521 977 553
track-signal-front 0.0061 909 466 924 490
track-signal-front 0.0052 912 614 927 633
track-signal-front 0.0051 950 503 979 568
track-signal-front 0.0049 715 550 734 578
track-signal-front 0.0041 975 537 1006 576
track-signal-front 0.0041 989 548 1005 578
track-signal-front 0.0036 959 505 991 559
track-signal-front 0.0029 1098 545 1116 569
track-signal-front 0.0022 887 530 903 554
track-signal-front 0.0020 952 538 975 595
track-signal-front 0.0019 914 534 939 559
track-signal-front 0.0016 913 617 929 642
track-signal-front 0.0014 994 544 1013 571
track-signal-front 0.0010 938 482 977 542
track-signal-front 0.0010 637 592 655 620
track-signal-back 0.0204 594 418 677 501
track-signal-back 0.0068 492 506 533 558
track-signal-back 0.0017 650 438 684 513
track-signal-back 0.0015 496 516 544 608
track-signal-back 0.0013 501 544 541 644
