crossing 0.0256 1462 726 1731 848
train-car 0.7147 30 19 1622 1083
train-car 0.2066 1753 455 1825 586
train-car 0.0067 1623 513 1655 605
train-car 0.0050 1715 447 1764 594
train-car 0.0025 1644 544 1696 590
train-car 0.0019 1634 490 1678 601
train-car 0.0012 697 185 1686 993
train-car 0.0012 1662 547 1706 588
train-car 0.0011 1701 458 1744 593
platform 0.0737 1769 603 1844 728
platform 0.0013 1721 584 1860 753
rail 0.9040 1269 602 1827 1078
rail 0.1407 1778 603 1848 721
rail 0.0606 1685 629 1894 1079
rail 0.0578 1420 650 1778 983
rail 0.0220 1790 600 1858 657
rail 0.0060 1786 507 1864 779
rail 0.0052 1645 620 1752 679
rail 0.0033 1646 608 1844 725
rail 0.0025 1638 604 1740 645
rail 0.0024 1649 602 1699 646
rail 0.0022 1279 805 1741 1065
rail 0.0018 1690 539 1853 729
rail 0.0016 1547 622 1841 1075
rail 0.0016 1610 609 1718 676
rail 0.0015 0 913 82 1081
rail 0.0015 1794 607 1889 731
rail 0.0014 1780 567 1847 669
rail 0.0012 1774 417 1906 834
rail 0.0010 1596 571 1882 815
switch-unknown 0.0043 1656 656 1746 687
switch-unknown 0.0038 1653 615 1741 674
switch-unknown 0.0019 1669 605 1705 636
switch-unknown 0.0012 1670 667 1756 698
track-sign-front 0.7553 1756 450 1824 575
track-sign-front 0.0107 1770 398 1833 639
track-sign-front 0.0081 1728 435 1760 588
track-sign-front 0.0036 1758 435 1822 519
track-sign-front 0.0025 1733 440 1756 535
track-sign-front 0.0020 1740 444 1801 529
track-sign-front 0.0014 1706 462 1736 585
track-signal-front 0.0045 1671 456 1683 489
track-signal-front 0.0040 1670 454 1695 487
track-signal-front 0.0022 1697 449 1714 479
track-signal-front 0.0013 1676 452 1703 484
track-signal-front 0.0012 1668 458 1682 563
track-signal-back 0.0017 1735 444 1754 497
track-signal-back 0.0014 1670 454 1684 496
fence 0.0355 1753 609 1850 726
pole 0.0522 1787 594 1805 725
pole 0.0513 1775 604 1841 730
pole 0.0116 1784 475 1805 743
pole 0.0070 1854 -78 1915 1017
pole 0.0025 1703 493 1844 769
pole 0.0022 1784 521 1841 712
pole 0.0016 1314 22 1395 808
pole 0.0014 1828 30 1903 931
pole 0.0013 1647 469 1686 600
pole 0.0013 1868 136 1912 791
pole 0.0012 1784 548 1804 665
pole 0.0011 1793 84 1890 1045
pole 0.0011 1624 502 1650 602
rail-occluder 0.0275 1740 606 1837 725
rail-occluder 0.0027 1714 621 1784 754
rail-occluder 0.0020 1737 629 1802 739
