crossing 0.0167 903 775 952 801
crossing 0.0060 894 744 952 800
crossing 0.0011 899 783 956 823
guard-rail 0.0134 921 771 951 1085
guard-rail 0.0124 905 771 964 806
guard-rail 0.0105 896 736 951 803
guard-rail 0.0041 903 780 953 821
guard-rail 0.0032 898 726 938 781
guard-rail 0.0027 933 780 986 808
guard-rail 0.0026 922 778 966 832
guard-rail 0.0024 881 742 925 797
guard-rail 0.0014 874 763 941 804
guard-rail 0.0014 938 785 982 824
guard-rail 0.0014 915 727 962 777
rail 0.9271 802 645 1074 1077
rail 0.0314 920 751 1067 1080
rail 0.0148 926 768 960 1087
rail 0.0064 795 682 947 1079
switch-indicator 0.0081 831 761 852 792
switch-static 0.0027 846 762 902 794
switch-static 0.0021 827 759 862 793
track-sign-front 0.5471 1224 615 1270 662
track-sign-front 0.3366 1157 629 1197 678
track-sign-front 0.3114 1106 631 1132 661
track-sign-front 0.2974 1012 703 1028 725
track-sign-front 0.0919 748 649 770 674
track-sign-front 0.0173 1157 624 1224 672
track-sign-front 0.0117 885 641 910 678
track-sign-front 0.0099 1125 627 1174 672
track-sign-front 0.0088 831 761 855 794
track-sign-front 0.0086 811 637 829 666
track-sign-front 0.0067 1052 707 1074 736
track-sign-front 0.0062 730 650 761 673
track-sign-front 0.0056 1005 701 1035 728
track-sign-front 0.0055 887 688 909 720
track-sign-front 0.0053 904 632 939 672
track-sign-front 0.0040 1015 706 1030 744
track-sign-front 0.0039 1108 644 1133 678
track-sign-front 0.0038 872 649 898 682
track-sign-front 0.0031 858 459 879 487
track-sign-front 0.0030 1062 712 1086 749
track-sign-front 0.0025 666 532 698 556
track-sign-front 0.0021 916 628 933 658
track-sign-front 0.0020 919 631 944 667
track-sign-front 0.0020 1073 728 1092 767
track-sign-front 0.0016 1013 691 1046 723
track-sign-front 0.0014 1054 688 1076 729
track-sign-front 0.0013 652 531 689 555
track-sign-front 0.0013 678 532 711 557
track-sign-front 0.0013 869 671 901 713
track-sign-front 0.0012 800 645 824 682
track-sign-front 0.0011 1106 670 1127 697
track-sign-front 0.0011 1219 629 1264 683
track-sign-front 0.0010 807 628 825 668
track-sign-front 0.0010 851 454 877 494
track-signal-front 0.5346 1106 631 1133 659
track-signal-back 0.0036 803 597 820 635
track-signal-back 0.0012 803 591 822 618
