crossing 0.0038 1282 790 1385 822
platform 0.8202 1555 794 1924 963
platform 0.7131 167 810 934 1076
platform 0.0240 1468 782 1929 1061
platform 0.0133 1596 705 1723 810
platform 0.0036 -47 735 787 1066
platform 0.0021 1528 696 1802 940
rail 0.8492 914 778 1194 1078
rail 0.8017 1140 769 1918 1078
rail 0.0050 1562 805 1908 1047
rail 0.0031 867 753 1448 1073
switch-indicator 0.2303 1347 742 1380 776
switch-indicator 0.0633 1431 740 1462 784
switch-indicator 0.0315 1343 736 1385 796
switch-indicator 0.0220 1163 783 1182 801
switch-indicator 0.0145 1551 809 1568 833
switch-indicator 0.0129 1436 741 1474 794
switch-indicator 0.0063 1318 778 1386 817
switch-indicator 0.0059 1300 747 1360 786
switch-indicator 0.0031 1308 734 1323 776
switch-indicator 0.0029 1452 752 1484 811
switch-indicator 0.0024 1312 742 1347 775
switch-indicator 0.0024 1414 741 1462 804
switch-indicator 0.0019 1335 763 1397 814
switch-indicator 0.0014 1423 761 1459 809
switch-indicator 0.0013 1293 756 1335 791
switch-indicator 0.0011 1160 783 1186 819
switch-indicator 0.0010 1546 807 1577 837
switch-left 0.0038 986 802 1163 845
switch-left 0.0010 971 794 1170 872
switch-unknown 0.0138 1010 794 1144 831
switch-unknown 0.0021 1036 791 1130 822
switch-static 0.0056 1151 785 1176 819
switch-static 0.0044 1271 784 1384 816
switch-static 0.0041 1154 781 1189 804
switch-static 0.0023 1312 794 1380 820
switch-static 0.0022 1161 785 1185 816
switch-static 0.0014 1578 854 1617 878
track-sign-front 0.3050 1446 615 1479 659
track-sign-front 0.1997 1431 738 1463 770
track-sign-front 0.1369 1479 721 1503 742
track-sign-front 0.1001 1606 695 1711 790
track-sign-front 0.0954 1256 412 1276 441
track-sign-front 0.0732 1725 695 1762 744
track-sign-front 0.0461 1460 725 1502 749
track-sign-front 0.0429 1454 462 1494 500
track-sign-front 0.0413 895 630 922 679
track-sign-front 0.0339 1476 708 1503 748
track-sign-front 0.0171 948 749 991 774
track-sign-front 0.0167 1309 395 1331 431
track-sign-front 0.0157 1469 658 1500 727
track-sign-front 0.0127 1476 660 1501 700
track-sign-front 0.0123 1458 657 1496 694
track-sign-front 0.0087 1290 470 1319 504
track-sign-front 0.0085 1437 612 1487 671
track-sign-front 0.0080 1272 538 1313 570
track-sign-front 0.0076 1586 856 1613 876
track-sign-front 0.0064 1160 780 1179 798
track-sign-front 0.0059 1445 621 1475 684
track-sign-front 0.0054 1429 692 1464 780
track-sign-front 0.0046 918 325 943 368
track-sign-front 0.0046 902 743 931 791
track-sign-front 0.0042 1063 413 1084 457
track-sign-front 0.0041 1154 554 1172 578
track-sign-front 0.0037 1454 670 1496 762
track-sign-front 0.0027 1167 779 1189 798
track-sign-front 0.0027 1310 367 1333 424
track-sign-front 0.0024 1257 418 1276 463
track-sign-front 0.0024 1731 719 1764 745
track-sign-front 0.0024 869 465 904 503
track-sign-front 0.0018 1306 707 1319 733
track-sign-front 0.0018 1146 555 1170 586
track-sign-front 0.0016 1287 447 1322 501
track-sign-front 0.0015 1457 610 1500 649
track-sign-front 0.0014 893 730 931 779
track-sign-front 0.0013 1684 334 1726 377
track-sign-front 0.0012 1576 836 1615 880
track-signal-front 0.7497 1448 500 1483 603
track-signal-front 0.5016 902 512 935 618
track-signal-front 0.1461 1446 606 1480 669
track-signal-front 0.0679 903 503 935 563
track-signal-front 0.0389 791 716 880 799
track-signal-front 0.0135 1451 621 1486 682
track-signal-front 0.0098 1450 553 1481 621
track-signal-front 0.0089 1450 477 1487 533
track-signal-front 0.0073 936 452 953 493
track-signal-front 0.0071 1450 500 1512 578
track-signal-front 0.0064 1018 546 1035 574
track-signal-front 0.0063 920 447 950 509
track-signal-front 0.0062 1000 377 1023 430
track-signal-front 0.0044 1455 520 1501 613
track-signal-front 0.0032 1441 578 1474 666
track-signal-front 0.0032 894 504 944 587
track-signal-front 0.0031 1063 411 1088 458
track-signal-front 0.0028 1441 495 1474 573
track-signal-front 0.0028 894 519 998 601
track-signal-front 0.0024 907 541 944 640
track-signal-front 0.0024 901 588 935 665
track-signal-front 0.0020 1434 567 1487 684
track-signal-front 0.0015 889 468 936 529
track-signal-front 0.0014 998 407 1029 454
track-signal-front 0.0014 1004 334 1024 369
track-signal-front 0.0012 1458 610 1498 648
track-signal-front 0.0011 1446 492 1476 540
track-signal-front 0.0010 1010 544 1040 577
person-group 0.0012 -31 593 289 1049
person 0.6925 0 611 159 1067
person 0.2325 275 482 331 612
person 0.0176 -1 588 139 885
person 0.0161 12 560 272 1073
person 0.0044 261 421 328 645
person 0.0029 -1 669 86 1003
person 0.0021 1363 450 1386 487
person 0.0018 1637 431 1666 516
person 0.0011 52 679 194 1003
pole 0.0037 1066 42 1097 675
pole 0.0018 1712 53 1779 963
pole 0.0012 1075 110 1093 432
pole 0.0012 165 -16 275 1057
pole 0.0011 1073 61 1103 490
rail-occluder 0.0084 947 747 993 775
rail-occluder 0.0035 1269 784 1385 817
rail-occluder 0.0014 934 748 996 791
rail-occluder 0.0011 1158 776 1181 802
