crossing 0.0021 1042 579 1094 600
rail 0.9732 1018 555 1916 1076
rail 0.9654 898 552 1215 1075
switch-unknown 0.0011 1025 565 1071 591
track-sign-front 0.8122 482 634 542 750
track-sign-front 0.2669 950 536 960 555
track-sign-front 0.2427 460 486 552 579
track-sign-front 0.0649 1093 534 1103 551
track-sign-front 0.0484 477 559 551 747
track-sign-front 0.0254 949 533 962 561
track-sign-front 0.0110 169 658 204 745
track-sign-front 0.0105 1092 528 1102 546
track-sign-front 0.0099 952 534 963 550
track-sign-front 0.0070 1264 559 1284 580
track-sign-front 0.0069 946 540 965 574
track-sign-front 0.0055 1030 535 1052 556
track-sign-front 0.0049 1090 529 1104 560
track-sign-front 0.0046 920 551 931 579
track-sign-front 0.0024 1076 540 1107 595
track-sign-front 0.0020 635 648 666 703
track-sign-front 0.0019 642 650 665 684
track-sign-front 0.0015 472 631 568 778
track-sign-front 0.0015 912 542 935 580
track-sign-front 0.0011 453 320 559 700
track-sign-front 0.0011 1259 557 1294 584
track-sign-front 0.0011 1015 535 1049 559
track-sign-front 0.0010 448 489 560 634
track-sign-front 0.0010 483 691 541 786
track-signal-front 0.0041 1030 530 1049 554
track-signal-front 0.0032 1202 449 1237 491
track-signal-front 0.0017 1193 473 1212 508
track-signal-back 0.0010 1212 426 1248 489
pole 0.0123 1174 384 1196 637
pole 0.0010 -10 17 161 1118
pole 0.0010 1183 383 1205 594
