guard-rail 0.6347 836 547 1000 1084
guard-rail 0.5951 790 549 827 1082
guard-rail 0.3846 725 459 1066 1078
guard-rail 0.1602 787 528 868 1076
guard-rail 0.0708 804 548 849 635
guard-rail 0.0301 799 545 837 609
guard-rail 0.0281 763 468 921 1099
guard-rail 0.0276 1000 934 1052 1079
guard-rail 0.0241 817 551 853 607
guard-rail 0.0235 801 738 828 1073
guard-rail 0.0112 794 714 816 1059
guard-rail 0.0100 848 577 878 641
guard-rail 0.0077 855 597 880 644
guard-rail 0.0066 741 541 809 1077
guard-rail 0.0059 802 561 825 665
guard-rail 0.0033 790 540 835 587
guard-rail 0.0029 782 459 817 991
guard-rail 0.0027 814 740 856 1075
guard-rail 0.0017 886 658 1020 1081
guard-rail 0.0015 895 731 967 1075
guard-rail 0.0015 855 601 890 674
guard-rail 0.0013 824 549 892 660
guard-rail 0.0013 804 622 834 966
guard-rail 0.0012 867 600 897 642
guard-rail 0.0012 820 535 858 583
guard-rail 0.0012 780 526 819 765
guard-rail 0.0011 991 910 1067 1051
guard-rail 0.0011 775 549 803 645
guard-rail 0.0011 832 592 881 683
guard-rail 0.0010 806 1002 829 1076
rail 0.9361 715 441 1074 1075
switch-static 0.0049 630 623 750 676
switch-static 0.0016 646 601 756 660
switch-static 0.0012 700 590 768 619
switch-static 0.0011 639 644 733 680
