crossing 0.8991 1387 732 1924 1077
crossing 0.6530 917 679 1353 1074
crossing 0.0159 938 767 1275 979
crossing 0.0131 1414 740 1773 957
crossing 0.0020 1489 771 1820 1040
crossing 0.0016 914 827 1261 1087
crossing 0.0014 964 755 1229 903
crossing 0.0013 1396 743 1549 788
crossing 0.0011 1583 753 1926 985
train-car 0.8875 1318 431 1550 729
platform 0.0078 1460 658 1699 737
platform 0.0050 1458 639 1830 703
platform 0.0031 1457 624 1692 678
platform 0.0020 1431 645 1846 755
rail 0.9116 918 671 1362 1074
rail 0.5714 1385 736 1926 1078
rail 0.0029 868 692 1884 1070
track-sign-front 0.0027 980 404 1014 516
track-sign-front 0.0019 1057 561 1080 593
track-signal-front 0.0562 1613 603 1638 629
track-signal-front 0.0334 1599 472 1622 537
track-signal-front 0.0259 1602 478 1629 551
track-signal-front 0.0153 1571 525 1597 561
track-signal-front 0.0088 1641 482 1671 512
track-signal-front 0.0069 1617 480 1671 518
track-signal-front 0.0066 1592 527 1621 557
track-signal-front 0.0053 1566 494 1618 564
track-signal-front 0.0047 1593 468 1616 525
track-signal-front 0.0043 457 352 507 452
track-signal-front 0.0033 1610 485 1641 542
track-signal-back 0.0123 1571 525 1597 561
track-signal-back 0.0106 1595 474 1626 540
track-signal-back 0.0039 1591 525 1621 558
track-signal-back 0.0024 986 405 1027 514
track-signal-back 0.0020 1580 482 1616 554
track-signal-back 0.0016 1567 493 1590 542
track-signal-back 0.0011 1059 456 1089 502
person 0.5693 1102 579 1152 675
person 0.2438 1273 591 1308 666
person 0.2437 1049 591 1086 727
person 0.0104 1061 573 1130 683
person 0.0018 1054 543 1084 669
person 0.0011 1293 584 1333 672
pole 0.0194 975 333 1009 709
pole 0.0042 970 174 1017 768
pole 0.0032 1043 557 1087 707
pole 0.0021 977 379 1013 548
pole 0.0014 966 394 1030 723
pole 0.0012 980 259 1021 620
