crossing 0.0249 894 462 963 488
crossing 0.0047 923 462 1004 485
rail 0.9614 616 412 1005 1073
rail 0.9377 872 422 1833 1077
rail 0.5026 825 418 898 492
rail 0.2594 854 428 938 482
rail 0.0445 822 411 868 508
rail 0.0331 891 452 944 487
rail 0.0071 817 431 881 541
rail 0.0065 827 445 907 508
rail 0.0036 822 393 851 494
rail 0.0032 1069 430 1164 460
rail 0.0030 1077 434 1192 470
rail 0.0024 838 406 907 441
rail 0.0023 1033 428 1276 475
rail 0.0018 806 420 848 530
rail 0.0014 828 410 971 507
rail 0.0014 691 396 970 808
rail 0.0010 843 412 1068 520
rail 0.0010 811 408 925 551
switch-unknown 0.1481 892 453 942 483
switch-unknown 0.0549 850 418 935 469
switch-unknown 0.0140 896 460 962 488
switch-unknown 0.0039 840 407 904 440
switch-unknown 0.0014 890 442 987 486
track-sign-front 0.0013 812 418 827 502
track-sign-front 0.0010 799 353 821 380
track-signal-front 0.0042 893 332 907 361
