guard-rail 0.3110 1001 698 1057 728
guard-rail 0.0609 998 686 1068 739
guard-rail 0.0375 989 682 1035 717
guard-rail 0.0269 1011 703 1060 743
guard-rail 0.0233 1006 631 1049 658
guard-rail 0.0126 916 652 962 710
guard-rail 0.0104 912 684 921 723
guard-rail 0.0101 912 659 942 723
guard-rail 0.0081 989 657 1043 707
guard-rail 0.0069 914 645 987 691
guard-rail 0.0058 994 626 1038 656
guard-rail 0.0039 907 690 916 728
guard-rail 0.0034 1013 644 1066 694
guard-rail 0.0031 976 622 1026 667
guard-rail 0.0029 1025 677 1095 719
guard-rail 0.0025 974 656 1023 701
guard-rail 0.0022 917 628 1151 836
guard-rail 0.0021 930 683 959 723
guard-rail 0.0020 935 664 982 722
guard-rail 0.0018 972 616 1021 644
guard-rail 0.0015 1051 727 1120 761
guard-rail 0.0013 1026 714 1093 754
rail 0.9646 6 601 892 1076
rail 0.9468 881 590 1126 1076
rail 0.9136 919 625 1679 1078
rail 0.4334 -4 648 714 908
rail 0.3349 -1 704 490 891
rail 0.2473 -5 617 518 694
rail 0.0530 13 600 674 676
rail 0.0241 0 625 509 755
rail 0.0178 0 622 345 679
rail 0.0107 1 637 346 718
rail 0.0091 910 633 964 676
rail 0.0079 31 596 903 803
rail 0.0069 816 611 870 636
rail 0.0046 773 616 854 648
rail 0.0045 -1 563 675 733
rail 0.0037 908 616 1128 860
rail 0.0034 43 727 375 865
rail 0.0034 914 629 958 658
rail 0.0026 830 605 880 630
rail 0.0022 -12 724 540 1028
rail 0.0020 -9 624 176 678
rail 0.0018 227 569 692 655
rail 0.0017 881 591 935 620
rail 0.0017 1085 580 1368 701
rail 0.0017 730 608 867 660
rail 0.0017 0 634 192 735
rail 0.0015 454 600 830 728
rail 0.0015 -13 596 233 665
rail 0.0012 867 612 927 645
rail 0.0012 968 584 1840 911
rail 0.0012 152 734 456 880
rail 0.0012 902 588 942 623
rail 0.0011 840 604 900 638
rail 0.0011 828 560 1205 926
rail 0.0011 852 598 902 628
rail 0.0011 784 601 891 651
rail 0.0011 265 676 643 833
rail 0.0010 581 610 814 695
rail 0.0010 912 594 964 622
switch-left 0.0129 911 638 970 681
switch-right 0.3489 912 639 957 664
switch-right 0.0325 909 632 949 658
switch-unknown 0.0621 910 632 948 656
switch-unknown 0.0243 816 613 866 634
switch-unknown 0.0116 802 619 853 642
switch-unknown 0.0095 903 590 940 615
switch-unknown 0.0078 841 606 897 635
switch-unknown 0.0068 879 584 937 618
switch-unknown 0.0046 911 587 962 618
switch-unknown 0.0043 830 605 877 629
switch-unknown 0.0036 862 606 928 647
switch-unknown 0.0036 854 589 899 631
switch-unknown 0.0033 775 622 843 653
switch-unknown 0.0016 815 616 876 646
switch-unknown 0.0011 935 616 994 646
switch-static 0.0031 916 626 987 668
switch-static 0.0026 862 649 887 674
switch-static 0.0019 851 619 907 668
switch-static 0.0015 755 843 811 884
switch-static 0.0015 877 623 946 661
track-sign-front 0.0555 124 322 140 344
track-sign-front 0.0048 1036 586 1049 601
track-sign-front 0.0016 116 321 147 345
track-signal-front 0.0085 1701 343 1720 384
track-signal-front 0.0022 1880 482 1896 508
track-signal-front 0.0020 1707 344 1729 381
track-signal-front 0.0013 1699 344 1721 412
track-signal-back 0.0300 0 388 11 469
track-signal-back 0.0172 931 557 945 581
track-signal-back 0.0051 928 551 947 585
track-signal-back 0.0019 913 549 950 602
track-signal-back 0.0016 0 380 24 484
pole 0.4769 336 157 369 670
pole 0.0783 1413 38 1474 704
pole 0.0237 339 308 363 651
pole 0.0157 718 314 733 649
pole 0.0082 348 130 381 645
pole 0.0078 605 375 620 595
pole 0.0074 344 470 364 666
pole 0.0059 711 305 736 698
pole 0.0027 325 299 377 691
pole 0.0022 321 342 356 666
pole 0.0018 1778 82 1833 516
pole 0.0018 0 379 22 633
pole 0.0017 131 302 170 737
pole 0.0016 0 348 35 775
pole 0.0015 1360 52 1485 631
pole 0.0012 860 523 898 634
pole 0.0011 347 239 368 579
pole 0.0011 607 416 617 558
pole 0.0010 117 346 189 774
pole 0.0010 1436 109 1517 630
rail-occluder 0.0043 442 531 581 645
rail-occluder 0.0031 706 647 744 671
rail-occluder 0.0025 1079 575 1347 688
rail-occluder 0.0019 697 651 736 677
rail-occluder 0.0014 341 599 363 655
rail-occluder 0.0010 1098 579 1230 666
