guard-rail 0.6826 613 735 743 1082
guard-rail 0.3073 993 549 1056 584
guard-rail 0.1447 894 800 944 1077
guard-rail 0.1380 923 804 961 1079
guard-rail 0.1320 977 537 1041 571
guard-rail 0.0630 1006 548 1074 594
guard-rail 0.0604 942 805 980 1078
guard-rail 0.0522 1029 551 1067 584
guard-rail 0.0375 1110 820 1266 1079
guard-rail 0.0336 901 496 971 543
guard-rail 0.0293 995 533 1030 562
guard-rail 0.0252 752 506 805 530
guard-rail 0.0208 1065 577 1125 629
guard-rail 0.0203 922 508 996 555
guard-rail 0.0201 966 528 1027 560
guard-rail 0.0197 912 511 972 575
guard-rail 0.0182 717 508 791 535
guard-rail 0.0116 913 540 943 584
guard-rail 0.0096 956 803 999 1078
guard-rail 0.0096 753 483 815 530
guard-rail 0.0094 1062 566 1116 613
guard-rail 0.0093 988 557 1052 608
guard-rail 0.0073 1013 559 1057 603
guard-rail 0.0056 917 539 967 583
guard-rail 0.0030 765 495 836 532
guard-rail 0.0030 697 564 755 605
guard-rail 0.0029 701 512 763 543
guard-rail 0.0026 864 756 917 1077
guard-rail 0.0024 811 502 859 532
guard-rail 0.0022 980 565 1030 612
guard-rail 0.0021 851 498 908 539
guard-rail 0.0021 897 543 921 592
guard-rail 0.0017 714 736 985 1049
guard-rail 0.0017 683 571 746 616
guard-rail 0.0016 926 788 1011 1074
guard-rail 0.0013 938 541 998 585
guard-rail 0.0012 1024 586 1126 636
guard-rail 0.0011 885 517 926 581
guard-rail 0.0010 998 591 1041 632
train-car 0.7627 14 373 619 579
train-car 0.0113 224 378 534 563
train-car 0.0050 328 333 403 608
train-car 0.0017 186 399 371 543
rail 0.9577 4 480 852 1078
rail 0.9309 597 459 967 1078
rail 0.9234 860 472 1282 1075
rail 0.8452 855 481 1901 1078
rail 0.5944 1 467 662 656
rail 0.5164 1069 740 1275 1083
rail 0.4111 617 743 741 1082
rail 0.1349 555 472 728 510
rail 0.1281 612 467 708 503
rail 0.0527 644 661 945 996
rail 0.0203 642 464 757 504
rail 0.0182 600 476 679 506
rail 0.0168 1130 831 1272 1076
rail 0.0150 789 475 841 500
rail 0.0149 882 610 1204 991
rail 0.0147 584 469 660 504
rail 0.0106 458 481 702 540
rail 0.0106 632 437 690 494
rail 0.0105 632 474 722 511
rail 0.0105 609 456 741 514
rail 0.0083 616 402 664 499
rail 0.0079 -1 522 365 671
rail 0.0065 848 467 901 495
rail 0.0063 4 509 512 720
rail 0.0057 528 719 905 1094
rail 0.0055 567 482 658 515
rail 0.0047 659 425 705 504
rail 0.0046 293 465 792 563
rail 0.0046 887 481 968 535
rail 0.0046 96 455 851 714
rail 0.0042 803 476 858 521
rail 0.0031 760 473 809 498
rail 0.0031 521 474 662 518
rail 0.0030 2 549 237 663
rail 0.0023 843 472 946 525
rail 0.0022 756 486 811 530
rail 0.0022 73 501 301 648
rail 0.0019 859 473 911 517
rail 0.0019 508 490 669 534
rail 0.0019 936 731 1247 1062
rail 0.0017 750 501 970 1028
rail 0.0017 835 457 869 485
rail 0.0015 852 457 888 488
rail 0.0014 -3 573 221 724
rail 0.0013 722 464 795 500
rail 0.0013 556 474 626 513
rail 0.0012 508 400 741 579
rail 0.0012 579 449 791 531
rail 0.0011 652 450 779 516
rail 0.0011 853 469 992 559
rail 0.0010 778 470 851 515
rail 0.0010 561 550 797 1053
switch-indicator 0.0098 767 469 808 499
switch-left 0.2100 667 724 923 853
switch-left 0.0674 895 493 948 529
switch-left 0.0348 900 780 1155 904
switch-left 0.0264 654 719 928 965
switch-left 0.0228 904 498 969 541
switch-left 0.0121 882 701 1212 979
switch-left 0.0102 890 487 945 512
switch-left 0.0098 718 708 884 800
switch-left 0.0029 858 479 911 513
switch-left 0.0019 959 764 1119 869
switch-right 0.1971 894 494 944 518
switch-right 0.1947 813 483 843 504
switch-right 0.1559 641 672 934 865
switch-right 0.0486 875 480 921 503
switch-right 0.0484 698 703 901 805
switch-right 0.0417 809 498 846 521
switch-right 0.0218 888 497 936 527
switch-right 0.0197 903 497 971 542
switch-right 0.0128 797 483 844 517
switch-right 0.0061 751 507 807 530
switch-right 0.0059 858 474 912 515
switch-right 0.0047 754 493 811 525
switch-right 0.0016 917 744 1128 846
switch-right 0.0015 767 503 834 526
switch-right 0.0012 811 506 861 531
switch-unknown 0.0507 814 468 858 497
switch-unknown 0.0254 836 460 868 479
switch-unknown 0.0180 850 466 898 494
switch-unknown 0.0110 811 456 852 487
switch-unknown 0.0093 852 459 887 482
switch-static 0.0647 899 492 966 519
switch-static 0.0281 789 473 838 501
switch-static 0.0253 891 487 943 510
switch-static 0.0165 641 530 694 550
switch-static 0.0163 701 514 759 538
switch-static 0.0088 927 495 977 519
switch-static 0.0056 916 485 969 513
switch-static 0.0044 733 493 786 537
switch-static 0.0030 620 522 700 550
switch-static 0.0026 1332 958 1416 1008
switch-static 0.0013 696 498 762 534
switch-static 0.0012 617 534 668 558
track-sign-front 0.4328 192 351 226 448
track-sign-front 0.0495 517 485 528 502
track-sign-front 0.0486 189 386 227 536
track-sign-front 0.0448 194 446 223 513
track-sign-front 0.0141 199 467 221 519
track-sign-front 0.0128 365 365 394 442
track-sign-front 0.0094 967 448 981 472
track-sign-front 0.0086 969 445 989 469
track-sign-front 0.0076 362 345 395 417
track-sign-front 0.0052 32 530 50 558
track-sign-front 0.0039 968 437 981 464
track-sign-front 0.0036 361 367 395 496
track-sign-front 0.0033 161 389 268 530
track-sign-front 0.0032 1304 474 1325 534
track-sign-front 0.0015 1304 449 1326 519
track-sign-front 0.0014 359 396 393 551
track-sign-front 0.0013 334 393 415 514
track-sign-front 0.0012 192 368 250 505
track-sign-front 0.0012 361 433 391 518
track-signal-back 0.0200 193 342 226 417
track-signal-back 0.0124 750 344 763 430
track-signal-back 0.0048 749 347 763 376
track-signal-back 0.0044 807 409 840 439
track-signal-back 0.0043 363 345 390 404
track-signal-back 0.0030 787 385 821 467
track-signal-back 0.0011 193 326 224 384
track-signal-back 0.0011 879 409 913 443
track-signal-back 0.0011 885 410 909 432
pole 0.4446 678 258 694 525
pole 0.3816 363 -16 403 657
pole 0.1992 629 329 644 500
pole 0.1030 632 290 659 518
pole 0.0853 199 458 221 621
pole 0.0532 750 348 764 487
pole 0.0265 652 308 694 520
pole 0.0212 375 251 422 672
pole 0.0174 753 346 773 484
pole 0.0169 195 399 226 638
pole 0.0144 622 322 641 501
pole 0.0129 347 63 424 779
pole 0.0128 396 28 431 619
pole 0.0109 659 402 706 518
pole 0.0108 99 310 626 596
pole 0.0106 263 324 492 607
pole 0.0096 670 321 700 520
pole 0.0075 733 365 753 490
pole 0.0066 743 393 769 509
pole 0.0065 681 321 690 474
pole 0.0060 617 390 658 503
pole 0.0060 204 506 218 624
pole 0.0046 674 153 700 518
pole 0.0039 0 -14 28 581
pole 0.0035 709 296 762 533
pole 0.0027 172 366 260 541
pole 0.0027 399 263 424 566
pole 0.0026 337 277 436 580
pole 0.0025 539 163 576 423
pole 0.0024 1292 110 1327 716
pole 0.0022 182 76 494 711
pole 0.0022 751 395 804 511
pole 0.0021 373 115 390 455
pole 0.0020 679 337 702 487
pole 0.0019 403 380 430 620
pole 0.0017 307 99 365 669
pole 0.0017 781 415 821 504
pole 0.0016 665 268 720 525
pole 0.0016 670 413 732 516
pole 0.0016 168 395 265 646
pole 0.0016 135 492 287 639
pole 0.0014 304 9 457 651
pole 0.0014 -1 233 12 534
pole 0.0013 665 212 689 529
pole 0.0013 712 405 768 512
pole 0.0013 410 178 427 498
pole 0.0012 383 202 451 635
pole 0.0010 623 324 712 521
pole 0.0010 788 384 816 475
pole 0.0010 681 281 692 423
rail-occluder 0.0055 516 481 532 507
rail-occluder 0.0031 743 458 772 498
rail-occluder 0.0020 690 456 771 501
rail-occluder 0.0015 370 521 404 594
rail-occluder 0.0014 29 526 49 564
