guard-rail 0.0014 1742 326 1792 448
guard-rail 0.0012 1752 322 1843 444
rail 0.8089 694 488 1075 1079
rail 0.6345 897 477 1103 1080
rail 0.5680 1716 285 1921 1078
rail 0.3445 820 472 1244 1079
rail 0.1588 493 467 919 803
rail 0.1487 90 474 930 1074
rail 0.1011 1739 286 1886 564
rail 0.0921 1761 282 1876 462
rail 0.0854 1560 281 1896 1082
rail 0.0558 1833 244 1921 1084
rail 0.0336 1756 294 1922 758
rail 0.0311 1662 253 1873 902
rail 0.0125 1849 260 1920 590
rail 0.0111 1699 293 1843 610
rail 0.0066 997 520 1291 1078
rail 0.0064 1817 280 1919 480
rail 0.0061 1866 435 1921 1054
rail 0.0049 1287 335 1845 1071
rail 0.0047 1882 294 1921 562
rail 0.0039 1773 277 1857 350
rail 0.0033 1705 303 1790 567
rail 0.0027 1543 398 1774 1004
rail 0.0027 1747 473 1923 931
rail 0.0022 649 442 915 729
rail 0.0019 1771 593 1919 1088
rail 0.0018 899 497 1073 842
rail 0.0018 1723 297 1816 473
rail 0.0018 539 463 953 1064
rail 0.0018 1639 286 1802 748
rail 0.0018 1625 256 1937 580
rail 0.0014 1785 273 1860 314
rail 0.0013 1846 287 1900 439
rail 0.0011 1623 543 1902 964
rail 0.0011 1780 250 1846 292
rail 0.0010 926 531 1059 750
rail 0.0010 1800 301 1895 414
rail 0.0010 1696 234 1866 458
rail 0.0010 877 499 1058 652
switch-indicator 0.0595 1648 233 1666 257
switch-left 0.0864 1766 308 1873 410
switch-left 0.0707 926 538 1061 637
switch-left 0.0017 902 502 1070 666
switch-left 0.0015 926 493 1056 611
switch-right 0.1179 1763 320 1874 397
switch-right 0.0804 924 530 1062 636
switch-right 0.0619 1770 307 1868 367
switch-right 0.0374 1757 308 1878 455
switch-right 0.0263 1774 291 1861 339
switch-right 0.0179 931 518 1054 586
switch-unknown 0.0145 1778 281 1853 320
switch-unknown 0.0118 1778 293 1863 339
switch-unknown 0.0031 1753 308 1854 371
switch-unknown 0.0014 1782 248 1845 290
switch-static 0.0014 879 505 1058 645
switch-static 0.0014 897 525 935 560
track-sign-front 0.0340 542 476 560 505
track-signal-front 0.1637 1646 233 1666 255
track-signal-front 0.1041 1854 226 1870 247
track-signal-front 0.0064 1854 229 1871 262
track-signal-front 0.0042 1840 222 1870 255
track-signal-front 0.0034 1848 225 1877 251
track-signal-front 0.0013 1646 205 1672 262
