platform 0.0242 -21 693 1499 916
platform 0.0025 221 689 1227 835
rail 0.9281 945 724 1787 1077
rail 0.8611 0 693 1778 1081
rail 0.0062 29 581 1797 910
rail 0.0061 -3 738 940 1066
rail 0.0033 7 840 684 1077
rail 0.0025 8 730 889 897
rail 0.0021 1282 746 1903 1074
rail 0.0021 779 13 1768 369
rail 0.0020 313 717 1485 938
rail 0.0013 -3 796 504 1007
rail 0.0011 335 -113 1687 368
track-sign-front 0.0936 730 542 766 572
track-sign-front 0.0310 741 545 777 572
track-sign-front 0.0170 777 622 808 660
track-sign-front 0.0092 766 605 807 668
track-sign-front 0.0050 1048 400 1075 426
track-sign-front 0.0047 731 516 771 576
track-sign-front 0.0037 603 258 673 320
track-sign-front 0.0014 746 543 788 585
track-sign-front 0.0013 732 534 777 591
track-sign-front 0.0012 1055 398 1086 425
track-signal-front 0.2987 688 370 757 476
track-signal-front 0.1446 719 367 755 468
track-signal-front 0.0466 726 359 752 437
track-signal-front 0.0285 685 416 764 520
track-signal-front 0.0127 728 360 749 396
track-signal-front 0.0097 711 365 782 469
track-signal-front 0.0041 699 409 781 493
track-signal-front 0.0019 679 385 727 478
track-signal-front 0.0017 719 426 777 515
track-signal-front 0.0014 695 450 770 551
track-signal-front 0.0012 686 360 736 436
track-signal-front 0.0010 1465 551 1487 577
track-signal-front 0.0010 737 424 805 484
track-signal-back 0.0015 604 264 672 326
pole 0.0037 1755 58 1919 1077
pole 0.0010 1723 75 1825 1041
