crossing 0.0189 1025 570 1057 591
crossing 0.0116 1006 572 1039 590
crossing 0.0056 973 571 1018 590
guard-rail 0.0016 1231 644 1270 679
platform 0.2927 1025 559 1068 584
platform 0.1479 961 561 1018 584
platform 0.0883 1012 561 1048 584
platform 0.0762 1102 561 1237 598
platform 0.0478 1032 550 1083 583
platform 0.0355 945 554 1009 582
platform 0.0234 1052 556 1123 592
platform 0.0170 1137 560 1233 584
platform 0.0139 1043 570 1081 594
platform 0.0134 1070 567 1159 599
platform 0.0121 928 560 989 590
platform 0.0105 1023 569 1063 591
platform 0.0087 999 552 1051 583
platform 0.0054 941 556 1025 595
platform 0.0042 970 569 1022 591
platform 0.0040 1103 568 1182 594
platform 0.0038 1012 557 1078 593
platform 0.0037 1070 559 1218 585
platform 0.0036 949 570 1000 592
platform 0.0033 1076 558 1141 584
platform 0.0025 938 547 989 578
platform 0.0022 1003 570 1043 591
platform 0.0021 1029 559 1182 628
platform 0.0014 1024 543 1080 604
platform 0.0011 1102 554 1175 585
rail 0.9630 1107 577 1641 1076
rail 0.9575 913 570 1165 1076
rail 0.8768 330 574 997 1077
rail 0.4740 1080 574 1228 645
rail 0.0794 1138 584 1220 629
rail 0.0358 1068 570 1177 610
rail 0.0284 1110 582 1190 641
rail 0.0162 1154 589 1231 655
rail 0.0120 1088 570 1387 1072
rail 0.0077 1072 563 1258 685
rail 0.0067 1230 581 1913 725
rail 0.0046 1104 598 1226 663
rail 0.0022 1135 572 1247 672
rail 0.0020 1229 626 1502 1034
rail 0.0016 552 658 804 1017
rail 0.0016 1141 558 1248 592
rail 0.0015 1025 555 1184 633
rail 0.0012 910 599 1015 1074
rail 0.0011 1037 595 1172 1073
switch-indicator 0.0066 1254 619 1272 638
switch-indicator 0.0064 1242 620 1269 645
switch-left 0.0646 1176 622 1230 650
switch-left 0.0266 1173 611 1239 656
switch-left 0.0187 1151 594 1231 650
switch-left 0.0069 1181 636 1245 667
switch-right 0.2870 1175 617 1231 644
switch-right 0.1472 1167 608 1225 638
switch-right 0.0372 1155 587 1217 629
switch-right 0.0274 1182 627 1252 660
switch-right 0.0020 1129 610 1201 649
switch-right 0.0012 1189 642 1259 673
switch-unknown 0.0103 1169 593 1218 625
switch-static 0.0546 1247 623 1267 638
switch-static 0.0466 1122 690 1170 710
switch-static 0.0444 1196 621 1262 641
switch-static 0.0097 1240 622 1272 641
switch-static 0.0064 1671 934 1768 989
switch-static 0.0025 1121 658 1195 751
switch-static 0.0022 1109 686 1157 714
switch-static 0.0016 1680 943 1803 1001
switch-static 0.0011 1251 628 1276 647
switch-static 0.0010 1116 606 1173 652
track-sign-front 0.0010 12 624 48 653
track-signal-front 0.0015 1214 516 1239 570
track-signal-back 0.0115 1216 520 1232 541
track-signal-back 0.0015 1027 537 1062 561
track-signal-back 0.0010 1044 533 1087 563
track-signal-back 0.0010 942 503 963 524
rail-occluder 0.0024 1159 561 1235 592
rail-occluder 0.0012 1249 602 1269 634
