crossing 0.7608 816 622 930 703
crossing 0.3651 339 662 465 691
crossing 0.3634 288 681 413 706
crossing 0.2233 351 645 487 687
crossing 0.1793 306 671 445 695
crossing 0.0717 347 625 526 680
crossing 0.0670 296 658 471 702
crossing 0.0413 808 619 909 673
crossing 0.0170 264 685 396 717
crossing 0.0065 287 680 379 698
crossing 0.0032 722 569 1039 831
crossing 0.0028 340 599 505 707
crossing 0.0024 768 540 984 742
crossing 0.0019 267 684 358 706
crossing 0.0016 172 647 483 729
crossing 0.0015 270 591 548 738
crossing 0.0014 626 408 1170 845
crossing 0.0011 376 670 480 699
guard-rail 0.0039 825 626 848 713
guard-rail 0.0037 874 628 937 711
guard-rail 0.0020 828 648 842 717
platform 0.1260 646 535 768 594
platform 0.0230 584 510 766 595
platform 0.0189 327 621 512 680
platform 0.0085 350 607 544 665
platform 0.0044 695 540 762 589
platform 0.0042 626 524 780 630
platform 0.0035 209 581 508 639
platform 0.0031 365 572 564 633
platform 0.0031 660 539 823 579
platform 0.0021 535 530 771 645
platform 0.0019 656 542 721 590
platform 0.0015 514 498 721 591
platform 0.0015 19 562 526 662
platform 0.0011 266 581 572 707
rail 0.9651 755 543 1103 1079
rail 0.7339 0 590 545 968
rail 0.0029 1700 667 1922 767
rail 0.0022 1645 662 1937 823
rail 0.0022 1742 686 1924 848
rail 0.0016 1749 708 1922 1035
rail 0.0015 -3 566 534 764
rail 0.0010 1689 674 1917 934
rail 0.0010 170 648 439 905
track-sign-front 0.0091 87 482 145 527
track-sign-front 0.0038 1652 642 1673 670
track-sign-front 0.0023 647 66 714 97
track-sign-front 0.0020 509 540 548 576
track-sign-front 0.0018 94 359 132 411
track-sign-front 0.0013 490 553 540 597
track-sign-front 0.0011 475 548 506 579
track-sign-front 0.0010 545 76 588 101
track-signal-front 0.7787 636 89 716 211
track-signal-front 0.4306 530 96 610 217
track-signal-front 0.1799 552 418 569 456
track-signal-front 0.1156 561 90 712 221
track-signal-front 0.0735 607 4 651 75
track-signal-front 0.0216 795 442 812 465
track-signal-front 0.0197 601 1 666 98
track-signal-front 0.0173 606 466 668 588
track-signal-front 0.0115 682 448 706 476
track-signal-front 0.0102 546 418 573 487
track-signal-front 0.0086 535 451 569 511
track-signal-front 0.0076 677 446 719 480
track-signal-front 0.0043 763 435 813 468
track-signal-front 0.0043 720 394 739 470
track-signal-front 0.0040 710 436 741 482
track-signal-front 0.0038 607 0 649 41
track-signal-front 0.0037 791 451 815 479
track-signal-front 0.0035 525 466 560 522
track-signal-front 0.0034 520 509 558 567
track-signal-front 0.0032 549 101 648 215
track-signal-front 0.0028 736 433 771 472
track-signal-front 0.0024 537 460 575 533
track-signal-front 0.0023 685 474 718 543
track-signal-front 0.0023 536 513 580 566
track-signal-front 0.0022 606 6 706 78
track-signal-front 0.0022 608 455 649 561
track-signal-front 0.0021 597 -5 641 59
track-signal-front 0.0020 546 410 574 449
track-signal-front 0.0019 764 435 790 459
track-signal-front 0.0019 787 441 819 468
track-signal-front 0.0018 598 85 688 181
track-signal-front 0.0015 553 423 581 473
track-signal-front 0.0015 718 353 738 409
track-signal-front 0.0014 612 61 735 224
track-signal-front 0.0014 572 273 652 659
track-signal-front 0.0013 733 422 764 462
track-signal-front 0.0013 609 44 700 106
track-signal-front 0.0011 709 422 739 520
track-signal-front 0.0011 573 -2 664 150
track-signal-front 0.0011 519 456 545 510
track-signal-back 0.3932 531 95 607 216
track-signal-back 0.0014 86 362 130 428
person 0.0224 164 572 188 634
person 0.0127 1103 606 1124 630
person 0.0013 142 566 183 665
pole 0.2382 591 -58 671 789
pole 0.0196 570 -93 735 757
pole 0.0109 708 14 751 632
pole 0.0055 696 -35 762 765
pole 0.0038 614 74 741 665
pole 0.0036 606 274 662 692
pole 0.0030 507 -109 681 770
pole 0.0025 587 185 680 636
pole 0.0023 516 595 530 673
pole 0.0011 1651 2 1778 728
rail-occluder 0.0135 516 569 530 675
rail-occluder 0.0043 510 541 532 681
rail-occluder 0.0021 491 558 538 679
