guard-rail 0.0065 1779 980 1924 1079
train-car 0.8111 1176 260 1920 987
platform 0.0036 692 556 855 605
platform 0.0022 718 551 878 589
rail 0.9682 893 550 1213 1075
rail 0.9422 1032 565 1910 1074
rail 0.8430 55 571 949 1075
rail 0.7963 2 591 678 817
rail 0.2703 502 586 717 656
rail 0.1006 413 584 737 676
rail 0.0710 615 568 762 641
rail 0.0621 485 602 655 653
rail 0.0522 587 588 717 643
rail 0.0459 281 593 712 708
rail 0.0228 0 705 367 807
rail 0.0113 -2 661 443 786
rail 0.0103 521 611 614 643
rail 0.0089 181 596 792 754
rail 0.0088 378 611 654 687
rail 0.0061 1776 976 1919 1085
rail 0.0041 537 611 675 649
rail 0.0038 10 738 249 813
rail 0.0028 1032 559 1212 641
rail 0.0026 570 593 657 635
rail 0.0026 569 546 725 663
rail 0.0024 6 694 249 769
rail 0.0022 510 587 626 641
rail 0.0022 6 583 502 730
rail 0.0022 350 549 875 739
rail 0.0021 697 563 823 624
rail 0.0020 -7 693 527 851
rail 0.0017 1120 645 1204 696
rail 0.0013 480 534 764 720
rail 0.0012 469 618 613 658
rail 0.0012 596 599 769 660
rail 0.0012 0 730 272 898
rail 0.0011 1068 555 1200 604
rail 0.0011 0 615 348 843
rail 0.0010 580 434 742 682
rail 0.0010 1070 569 1273 752
switch-indicator 0.0355 1049 603 1066 620
switch-indicator 0.0023 1043 601 1074 623
switch-unknown 0.0144 561 605 656 640
switch-unknown 0.0104 589 600 682 638
switch-unknown 0.0041 517 618 609 648
switch-unknown 0.0017 499 623 582 654
switch-unknown 0.0015 555 596 628 633
switch-unknown 0.0013 945 563 979 588
switch-static 0.1873 1151 657 1195 695
switch-static 0.0179 1147 659 1192 679
switch-static 0.0137 1369 657 1404 682
switch-static 0.0131 381 697 444 714
switch-static 0.0100 1159 652 1212 703
switch-static 0.0029 1365 661 1407 696
switch-static 0.0029 357 690 444 718
switch-static 0.0023 1041 603 1073 623
switch-static 0.0023 176 784 242 811
switch-static 0.0016 1129 661 1188 691
track-sign-front 0.0200 1370 658 1403 682
track-sign-front 0.0157 1202 647 1228 689
track-sign-front 0.0150 667 560 690 595
track-sign-front 0.0038 666 510 692 627
track-sign-front 0.0023 848 553 878 614
track-sign-front 0.0022 702 496 722 613
track-sign-front 0.0019 674 548 736 625
track-sign-front 0.0013 656 561 706 604
track-sign-front 0.0011 671 605 694 653
track-signal-front 0.0039 1087 481 1117 527
track-signal-back 0.5273 937 455 955 501
track-signal-back 0.4239 809 453 828 501
track-signal-back 0.3291 1017 486 1029 513
track-signal-back 0.0164 843 374 873 583
track-signal-back 0.0112 804 452 832 519
track-signal-back 0.0076 834 435 878 519
track-signal-back 0.0062 1019 485 1031 504
track-signal-back 0.0061 1016 486 1030 533
track-signal-back 0.0044 931 423 948 462
track-signal-back 0.0043 1092 473 1107 530
track-signal-back 0.0032 932 440 952 488
track-signal-back 0.0016 938 452 967 548
track-signal-back 0.0014 499 464 517 518
track-signal-back 0.0013 926 443 958 552
track-signal-back 0.0011 1050 473 1081 544
pole 0.4555 697 0 753 679
pole 0.3541 865 224 899 684
pole 0.2440 661 331 688 631
pole 0.2415 877 303 898 649
pole 0.1226 0 -85 155 1117
pole 0.0909 1270 328 1292 605
pole 0.0495 687 323 720 636
pole 0.0320 1155 408 1170 585
pole 0.0282 877 349 913 593
pole 0.0244 939 457 957 595
pole 0.0189 653 326 708 640
pole 0.0131 854 307 879 623
pole 0.0106 843 363 889 625
pole 0.0068 1012 502 1029 583
pole 0.0060 109 -20 196 1043
pole 0.0056 697 337 732 623
pole 0.0054 870 269 892 617
pole 0.0051 809 414 827 639
pole 0.0049 848 123 878 669
pole 0.0045 703 423 722 636
pole 0.0045 933 447 959 517
pole 0.0043 847 400 874 663
pole 0.0041 914 444 952 621
pole 0.0039 662 46 736 789
pole 0.0036 1158 438 1176 573
pole 0.0035 712 -16 787 683
pole 0.0026 703 424 742 627
pole 0.0022 735 431 761 620
pole 0.0022 850 460 898 670
pole 0.0021 897 490 950 610
pole 0.0020 877 413 902 551
pole 0.0019 938 457 980 587
pole 0.0019 1145 411 1179 579
pole 0.0018 8 145 140 813
pole 0.0018 804 458 821 590
pole 0.0018 850 529 877 635
pole 0.0017 870 445 921 627
pole 0.0017 660 72 700 659
pole 0.0015 930 387 955 610
pole 0.0015 661 416 680 557
pole 0.0014 633 14 762 620
pole 0.0013 850 104 901 706
pole 0.0012 838 492 875 620
pole 0.0012 1017 487 1032 556
pole 0.0011 760 497 842 626
pole 0.0011 801 450 831 547
pole 0.0010 805 442 852 663
rail-occluder 0.1560 718 567 765 624
rail-occluder 0.0757 638 567 765 643
rail-occluder 0.0579 1200 650 1225 699
rail-occluder 0.0375 666 586 693 643
rail-occluder 0.0163 656 575 706 649
rail-occluder 0.0094 1186 649 1223 711
rail-occluder 0.0088 853 571 884 618
rail-occluder 0.0076 1198 649 1233 734
rail-occluder 0.0063 744 567 774 620
rail-occluder 0.0057 693 574 776 632
rail-occluder 0.0039 851 572 883 663
rail-occluder 0.0019 850 550 892 639
rail-occluder 0.0019 867 563 907 621
rail-occluder 0.0018 867 531 919 615
rail-occluder 0.0010 667 552 743 627
