guard-rail 0.0971 981 379 993 406
guard-rail 0.0571 782 978 810 1081
guard-rail 0.0240 976 383 990 410
guard-rail 0.0202 1080 360 1133 396
guard-rail 0.0176 1076 387 1110 417
guard-rail 0.0137 1082 382 1123 408
guard-rail 0.0101 917 537 952 609
guard-rail 0.0065 975 377 993 422
guard-rail 0.0055 1073 399 1101 441
guard-rail 0.0040 1053 357 1099 396
guard-rail 0.0040 924 296 1028 572
guard-rail 0.0024 1057 385 1103 426
guard-rail 0.0024 974 375 1002 408
guard-rail 0.0021 989 369 1029 412
guard-rail 0.0021 790 979 825 1079
guard-rail 0.0014 767 962 818 1077
guard-rail 0.0014 921 528 983 615
guard-rail 0.0012 1114 336 1200 377
guard-rail 0.0012 963 370 1009 419
guard-rail 0.0012 1044 377 1108 445
guard-rail 0.0011 906 502 959 603
guard-rail 0.0010 1724 504 1811 535
guard-rail 0.0010 1128 358 1196 390
guard-rail 0.0010 1121 379 1142 410
rail 0.9173 1043 320 1908 930
rail 0.8645 710 294 1101 1081
rail 0.8415 918 339 1134 597
rail 0.8208 1082 317 1911 576
rail 0.7704 917 307 1164 1082
rail 0.7227 1210 336 1913 487
rail 0.2775 1457 370 1914 470
rail 0.1018 1631 403 1908 474
rail 0.0935 1371 362 1930 538
rail 0.0711 790 424 1077 825
rail 0.0523 1071 324 1137 357
rail 0.0374 768 976 1162 1076
rail 0.0353 1474 432 1930 577
rail 0.0322 1087 336 1145 378
rail 0.0317 1080 326 1389 393
rail 0.0251 1726 425 1903 478
rail 0.0187 1113 341 1289 391
rail 0.0160 1082 329 1229 361
rail 0.0154 1682 454 1908 547
rail 0.0143 1794 431 1875 473
rail 0.0133 1078 327 1562 421
rail 0.0076 917 435 1090 586
rail 0.0049 1781 453 1888 525
rail 0.0040 1604 476 1921 584
rail 0.0040 1036 315 1118 358
rail 0.0036 1059 321 1128 342
rail 0.0031 1664 486 1872 555
rail 0.0030 895 363 1125 846
rail 0.0030 1804 130 1921 980
rail 0.0030 1178 353 1224 385
rail 0.0026 1664 430 1917 516
rail 0.0025 1604 389 1922 667
rail 0.0022 921 459 1174 761
rail 0.0020 1032 315 1109 338
rail 0.0019 225 887 622 1035
rail 0.0019 914 302 999 610
rail 0.0019 1149 349 1415 404
rail 0.0018 1715 490 1859 537
rail 0.0018 1090 319 1130 345
rail 0.0017 1118 330 1193 356
rail 0.0017 1190 322 1543 392
rail 0.0016 977 378 1405 911
rail 0.0016 1505 389 1837 458
rail 0.0016 982 328 1094 508
rail 0.0015 1457 367 1693 441
rail 0.0015 1659 405 1824 452
rail 0.0014 1030 306 1342 421
rail 0.0014 1752 490 1914 559
rail 0.0014 1048 336 1100 380
rail 0.0013 1282 321 1852 409
rail 0.0013 1560 446 1872 533
rail 0.0012 1041 297 1193 444
rail 0.0012 1036 308 1560 494
rail 0.0011 1701 415 1862 460
rail 0.0011 774 973 829 1081
rail 0.0011 1658 339 1913 449
rail 0.0011 1803 468 1923 636
rail 0.0010 1312 374 1747 602
switch-indicator 0.0390 1187 356 1208 376
switch-indicator 0.0090 1055 340 1086 367
switch-indicator 0.0060 1051 319 1097 356
switch-indicator 0.0048 594 596 646 720
switch-indicator 0.0018 1050 332 1096 382
switch-indicator 0.0012 1189 573 1313 628
switch-left 0.3246 906 524 1076 614
switch-right 0.3376 904 516 1081 614
switch-right 0.1179 1096 337 1142 365
switch-right 0.0233 1077 335 1141 377
switch-unknown 0.3586 1096 343 1141 369
switch-unknown 0.0833 1072 328 1137 357
switch-unknown 0.0624 1100 335 1143 358
switch-unknown 0.0134 1069 315 1118 342
switch-unknown 0.0121 1093 321 1128 341
switch-unknown 0.0072 1043 311 1094 336
switch-unknown 0.0017 1015 306 1073 330
switch-unknown 0.0010 1091 343 1152 395
switch-static 0.5041 1100 578 1312 629
switch-static 0.4949 303 931 608 1072
switch-static 0.1396 621 695 763 786
switch-static 0.1156 1099 581 1242 619
switch-static 0.0933 545 745 647 788
switch-static 0.0801 192 923 527 1063
switch-static 0.0787 623 911 743 980
switch-static 0.0727 427 923 752 1047
switch-static 0.0575 352 956 736 1078
switch-static 0.0184 1180 582 1289 624
switch-static 0.0162 666 687 784 752
switch-static 0.0128 654 739 757 793
switch-static 0.0111 1100 587 1188 622
switch-static 0.0110 556 901 747 999
switch-static 0.0107 178 926 371 1047
switch-static 0.0103 552 726 708 784
switch-static 0.0080 1167 1001 1300 1072
switch-static 0.0070 614 709 708 775
switch-static 0.0061 1225 591 1315 632
switch-static 0.0051 494 965 767 1053
switch-static 0.0047 614 943 748 987
switch-static 0.0045 668 767 736 795
switch-static 0.0043 644 903 759 951
switch-static 0.0039 419 1007 665 1078
switch-static 0.0031 383 920 543 1037
switch-static 0.0029 1076 538 1355 649
switch-static 0.0027 1090 592 1147 624
switch-static 0.0027 661 761 795 803
switch-static 0.0021 571 640 662 772
switch-static 0.0021 326 967 526 1072
switch-static 0.0020 513 722 653 805
switch-static 0.0020 197 934 300 1038
switch-static 0.0020 1034 510 1379 707
switch-static 0.0018 625 673 752 749
switch-static 0.0016 591 700 683 764
switch-static 0.0016 389 939 494 1057
switch-static 0.0012 451 961 619 1066
switch-static 0.0012 337 999 603 1089
switch-static 0.0011 1076 586 1298 655
switch-static 0.0010 156 886 446 1010
switch-static 0.0010 601 642 786 796
track-sign-front 0.0289 942 327 959 347
track-sign-front 0.0183 503 531 531 721
track-sign-front 0.0136 941 329 959 363
track-sign-front 0.0130 1541 338 1561 362
track-sign-front 0.0114 498 530 528 559
track-sign-front 0.0087 940 311 962 347
track-sign-front 0.0063 593 596 648 736
track-sign-front 0.0033 1412 274 1433 336
track-sign-front 0.0030 497 526 547 691
track-sign-front 0.0024 1544 324 1583 369
track-sign-front 0.0019 929 325 954 351
track-sign-front 0.0019 1315 327 1353 370
track-sign-front 0.0012 499 530 532 629
track-sign-front 0.0012 937 325 966 352
track-sign-front 0.0011 937 277 964 315
track-sign-front 0.0010 499 527 538 571
track-signal-front 0.0035 1266 262 1282 290
track-signal-front 0.0032 1405 239 1417 282
track-signal-front 0.0026 1258 266 1279 291
track-signal-back 0.0356 1081 263 1093 284
track-signal-back 0.0211 1119 237 1128 256
track-signal-back 0.0182 1078 259 1089 277
track-signal-back 0.0100 1115 230 1134 288
track-signal-back 0.0081 1081 251 1092 267
track-signal-back 0.0029 1250 260 1282 289
track-signal-back 0.0028 1117 231 1130 258
track-signal-back 0.0024 1190 249 1205 278
track-signal-back 0.0022 1185 237 1202 288
track-signal-back 0.0017 1187 240 1198 267
track-signal-back 0.0017 1116 225 1128 246
track-signal-back 0.0011 1121 261 1151 302
pole 0.0100 1838 13 1918 1017
pole 0.0057 1747 28 1923 978
pole 0.0047 1759 295 1918 681
pole 0.0027 1859 123 1917 732
pole 0.0023 1844 333 1916 603
pole 0.0021 1406 217 1423 363
pole 0.0021 1412 271 1433 339
pole 0.0015 1827 428 1918 511
pole 0.0013 1412 279 1442 371
pole 0.0010 1885 17 1918 644
rail-occluder 0.2058 1806 440 1845 485
rail-occluder 0.0684 1802 436 1862 498
rail-occluder 0.0671 1191 357 1208 376
rail-occluder 0.0297 1313 379 1342 409
rail-occluder 0.0169 1805 434 1828 469
rail-occluder 0.0168 1497 370 1512 393
rail-occluder 0.0123 1810 443 1890 504
rail-occluder 0.0120 1796 431 1872 473
rail-occluder 0.0108 1792 433 1838 471
rail-occluder 0.0089 1542 338 1559 363
rail-occluder 0.0069 1376 351 1422 379
rail-occluder 0.0069 1789 181 1891 767
rail-occluder 0.0061 1367 347 1407 378
rail-occluder 0.0057 1313 373 1378 406
rail-occluder 0.0053 1313 340 1347 388
rail-occluder 0.0051 1598 396 1633 420
rail-occluder 0.0051 1494 374 1530 398
rail-occluder 0.0040 1572 390 1623 417
rail-occluder 0.0038 1321 330 1372 383
rail-occluder 0.0037 1272 370 1372 410
rail-occluder 0.0036 1317 383 1371 412
rail-occluder 0.0035 1397 360 1450 383
rail-occluder 0.0032 1337 312 1368 371
rail-occluder 0.0027 1542 336 1567 371
rail-occluder 0.0021 1253 342 1392 410
rail-occluder 0.0020 1349 358 1408 396
rail-occluder 0.0020 1496 357 1517 396
rail-occluder 0.0018 1793 455 1873 524
rail-occluder 0.0017 1499 433 1550 471
rail-occluder 0.0016 1597 401 1642 431
rail-occluder 0.0016 1766 431 1826 477
rail-occluder 0.0015 1492 334 1542 386
rail-occluder 0.0014 1199 358 1261 384
rail-occluder 0.0013 1309 332 1410 413
rail-occluder 0.0013 1516 373 1575 409
rail-occluder 0.0012 1371 357 1437 387
rail-occluder 0.0011 1536 387 1659 420
rail-occluder 0.0011 1814 419 1904 471
rail-occluder 0.0010 1466 365 1543 400
rail-occluder 0.0010 1410 347 1474 382
rail-occluder 0.0010 1532 379 1607 408
rail-occluder 0.0010 1346 309 1400 380
