crossing 0.5042 1127 583 1173 594
crossing 0.3796 988 580 1041 591
crossing 0.2737 1163 581 1199 593
crossing 0.1327 978 578 1034 595
crossing 0.0982 1007 578 1057 592
crossing 0.0866 1130 580 1186 597
crossing 0.0560 954 576 1002 590
crossing 0.0469 1095 581 1146 592
crossing 0.0302 1159 577 1202 599
crossing 0.0282 1019 571 1087 589
crossing 0.0139 1171 581 1211 595
crossing 0.0118 1068 576 1126 590
crossing 0.0108 1080 582 1124 595
crossing 0.0099 1002 574 1066 595
crossing 0.0022 931 576 986 590
crossing 0.0011 1097 579 1152 601
platform 0.9426 1200 585 1920 1077
platform 0.7814 0 565 1047 926
platform 0.0017 1499 675 1676 1006
rail 0.9697 1118 530 1531 1077
rail 0.8635 15 549 1103 1072
rail 0.0131 1295 574 1912 764
rail 0.0027 1475 616 1916 794
rail 0.0021 1346 595 1921 960
rail 0.0013 1624 542 1882 795
track-sign-front 0.2342 1215 511 1227 528
track-sign-front 0.1377 1005 536 1020 570
track-sign-front 0.1182 1182 538 1193 560
track-sign-front 0.1109 1180 540 1190 555
track-sign-front 0.0976 1240 554 1253 577
track-sign-front 0.0650 784 493 808 517
track-sign-front 0.0446 903 543 916 569
track-sign-front 0.0284 1213 507 1232 534
track-sign-front 0.0212 851 473 863 500
track-sign-front 0.0210 1339 525 1355 560
track-sign-front 0.0128 1173 575 1211 593
track-sign-front 0.0118 1338 496 1355 518
track-sign-front 0.0117 902 539 914 552
track-sign-front 0.0103 1302 507 1317 526
track-sign-front 0.0103 790 494 821 526
track-sign-front 0.0092 1336 504 1355 551
track-sign-front 0.0074 598 483 619 505
track-sign-front 0.0059 904 537 924 553
track-sign-front 0.0057 1178 523 1210 567
track-sign-front 0.0053 1076 505 1088 525
track-sign-front 0.0042 944 576 981 591
track-sign-front 0.0034 901 541 918 584
track-sign-front 0.0030 1071 500 1089 542
track-sign-front 0.0024 1177 536 1191 564
track-sign-front 0.0023 1759 373 1786 418
track-sign-front 0.0021 801 502 827 531
track-sign-front 0.0017 999 536 1028 574
track-sign-front 0.0017 593 481 615 511
track-sign-front 0.0017 1215 471 1226 518
track-sign-front 0.0015 782 494 805 536
track-sign-front 0.0010 705 543 726 567
track-sign-front 0.0010 1233 553 1261 581
track-signal-front 0.0522 850 471 862 495
track-signal-front 0.0401 1077 504 1087 518
track-signal-front 0.0046 1129 486 1153 517
track-signal-front 0.0029 1078 487 1091 505
track-signal-front 0.0015 1075 500 1089 525
pole 0.2528 1625 486 1665 732
pole 0.1609 1733 488 1782 757
pole 0.0460 1550 477 1574 671
pole 0.0192 179 455 239 750
pole 0.0176 1740 236 1788 777
pole 0.0097 1687 482 1774 757
pole 0.0077 1560 472 1652 721
pole 0.0051 1425 508 1861 759
pole 0.0022 343 471 397 726
pole 0.0021 1489 489 1507 632
pole 0.0020 1543 488 1591 690
pole 0.0013 1632 532 1663 673
pole 0.0012 1518 492 1734 753
pole 0.0012 1521 483 1566 647
pole 0.0011 162 459 309 744
