crossing 0.0028 1872 886 1921 1074
crossing 0.0014 1774 864 1922 1080
train-car 0.8854 11 -11 900 1107
train-car 0.0015 1018 557 1083 604
rail 0.9535 799 596 1252 1072
rail 0.0107 294 618 942 1080
rail 0.0011 467 659 925 955
track-sign-front 0.0012 957 559 976 608
track-sign-front 0.0012 962 556 978 581
track-sign-front 0.0011 1810 627 1836 656
track-signal-front 0.3425 1046 496 1060 516
track-signal-front 0.0786 1044 493 1056 511
track-signal-front 0.0171 1045 494 1065 525
track-signal-front 0.0122 1050 492 1066 511
track-signal-front 0.0102 955 439 971 463
track-signal-front 0.0034 1055 491 1086 520
track-signal-front 0.0019 1027 495 1050 518
track-signal-front 0.0010 942 424 970 459
car 0.0758 1019 555 1085 602
car 0.0027 1112 571 1134 628
car 0.0025 1087 566 1133 630
car 0.0017 954 581 974 615
car 0.0017 1055 566 1124 629
car 0.0017 1046 556 1107 614
person 0.0012 1113 577 1132 626
