rail 0.9669 895 566 1168 1076
switch-indicator 0.0016 1066 621 1087 648
track-sign-front 0.0162 1127 614 1142 638
track-sign-front 0.0133 1028 557 1042 573
track-sign-front 0.0112 1067 624 1086 643
track-sign-front 0.0064 1015 557 1039 575
track-sign-front 0.0032 903 578 923 609
track-sign-front 0.0024 927 532 947 569
track-sign-front 0.0019 539 942 567 1031
track-sign-front 0.0018 966 553 1009 585
track-sign-front 0.0018 901 566 920 600
track-sign-front 0.0013 956 565 994 590
track-sign-front 0.0010 1026 554 1043 579
track-sign-front 0.0010 928 543 962 593
track-signal-front 0.0017 935 533 948 557
track-signal-back 0.0933 211 21 289 213
track-signal-back 0.0606 144 13 290 220
pole 0.0176 135 78 278 1117
pole 0.0010 -2 42 54 1002
