train-car 0.0017 1090 590 1141 620
platform 0.9656 1035 621 1912 1079
rail 0.9674 1000 596 1242 1076
rail 0.0012 1109 597 1202 652
rail 0.0012 1133 584 1180 657
switch-static 0.0092 943 743 981 767
switch-static 0.0011 6 862 160 1049
track-sign-front 0.1900 959 604 973 620
track-sign-front 0.0297 957 599 974 629
track-sign-front 0.0154 1094 591 1114 621
track-sign-front 0.0118 1096 586 1128 621
track-sign-front 0.0102 1244 571 1259 593
track-sign-front 0.0100 961 560 974 586
track-sign-front 0.0084 1135 518 1155 643
track-sign-front 0.0081 1125 563 1156 634
track-sign-front 0.0055 1008 555 1036 586
track-sign-front 0.0042 1089 593 1107 627
track-sign-front 0.0023 227 75 251 107
track-sign-front 0.0021 1242 545 1260 620
track-sign-front 0.0017 1870 1004 1919 1081
track-sign-front 0.0016 954 598 1000 627
track-sign-front 0.0016 998 563 1040 612
track-sign-front 0.0015 911 624 943 658
track-sign-front 0.0015 1239 569 1256 600
track-sign-front 0.0013 1091 548 1132 637
track-sign-front 0.0010 976 576 1017 618
track-sign-front 0.0010 1541 630 1576 657
track-signal-front 0.0046 1016 564 1039 588
track-signal-front 0.0045 962 558 975 581
track-signal-front 0.0041 1014 553 1032 577
track-signal-front 0.0019 1018 544 1037 572
pole 0.0095 1136 481 1155 677
pole 0.0056 1170 424 1190 688
pole 0.0049 1143 447 1177 670
pole 0.0045 1251 404 1266 713
pole 0.0042 1135 504 1169 642
pole 0.0013 1168 581 1192 666
pole 0.0010 1126 583 1156 649
