guard-rail 0.1226 799 722 903 945
guard-rail 0.0632 703 589 1003 1072
guard-rail 0.0481 695 1023 740 1075
guard-rail 0.0301 952 701 1036 1075
guard-rail 0.0265 808 756 891 896
guard-rail 0.0161 903 716 949 1060
guard-rail 0.0156 693 1001 757 1080
guard-rail 0.0147 1047 742 1140 1064
guard-rail 0.0076 1061 777 1094 944
guard-rail 0.0070 723 710 916 989
guard-rail 0.0061 1063 807 1090 906
guard-rail 0.0058 1060 797 1124 986
guard-rail 0.0058 982 713 1022 1051
guard-rail 0.0046 1565 726 1813 813
guard-rail 0.0033 687 966 780 1076
guard-rail 0.0030 794 800 880 913
guard-rail 0.0028 1059 799 1081 894
guard-rail 0.0025 1749 771 1915 907
guard-rail 0.0023 1611 738 1768 801
guard-rail 0.0019 688 889 809 1074
guard-rail 0.0019 692 1040 729 1079
guard-rail 0.0018 890 708 935 1021
guard-rail 0.0018 688 770 902 1077
guard-rail 0.0018 677 1030 724 1076
guard-rail 0.0015 923 668 1011 720
guard-rail 0.0013 956 667 1043 719
guard-rail 0.0012 1836 786 1920 841
guard-rail 0.0012 966 771 1016 1079
guard-rail 0.0010 1595 736 1703 784
guard-rail 0.0010 1090 896 1165 1079
train-car 0.1922 1712 507 1910 617
train-car 0.1406 1210 525 1271 547
train-car 0.0914 1702 518 1925 574
train-car 0.0122 1190 522 1260 550
train-car 0.0118 1893 449 1923 613
train-car 0.0118 1703 509 1815 596
train-car 0.0114 1785 516 1911 561
train-car 0.0083 1218 529 1301 583
train-car 0.0057 1242 525 1307 562
train-car 0.0052 1419 467 1462 621
train-car 0.0046 1712 444 1813 624
train-car 0.0039 1723 447 1925 645
train-car 0.0035 1429 509 1518 589
train-car 0.0035 1185 517 1281 573
train-car 0.0031 649 552 814 609
train-car 0.0030 1152 534 1270 577
train-car 0.0023 1538 517 1904 606
train-car 0.0020 1195 504 1281 548
train-car 0.0019 1322 540 1436 575
train-car 0.0019 1846 483 1927 584
train-car 0.0019 598 525 799 673
train-car 0.0017 1712 493 1777 589
train-car 0.0015 1672 526 1850 606
train-car 0.0014 703 538 762 620
train-car 0.0013 1357 534 1457 568
train-car 0.0013 1815 493 1963 624
train-car 0.0010 1856 413 1925 660
platform 0.0156 3 780 216 902
rail 0.9392 1061 553 1919 1075
rail 0.9355 4 565 1029 1070
rail 0.8627 679 559 1171 1078
rail 0.8199 1284 560 1918 725
rail 0.7837 3 580 979 803
rail 0.5775 962 566 1067 626
rail 0.5100 1554 712 1916 897
rail 0.4174 1226 559 1343 633
rail 0.3685 1035 564 1137 626
rail 0.3405 1243 555 1311 607
rail 0.2751 919 713 1023 1077
rail 0.2690 1065 570 1126 621
rail 0.2007 1252 574 1923 909
rail 0.1607 1024 561 1106 604
rail 0.0916 3 702 303 778
rail 0.0897 4 622 620 785
rail 0.0893 895 636 994 1060
rail 0.0833 1194 558 1299 605
rail 0.0764 1234 586 1370 653
rail 0.0729 1044 570 1110 613
rail 0.0728 913 580 1177 1078
rail 0.0718 1087 577 1157 630
rail 0.0549 -6 670 430 757
rail 0.0533 961 581 1015 628
rail 0.0484 1248 552 1311 585
rail 0.0450 959 585 1048 635
rail 0.0442 1671 751 1919 930
rail 0.0415 1259 580 1407 672
rail 0.0407 1305 561 1629 631
rail 0.0378 944 565 1022 602
rail 0.0336 1217 539 1295 589
rail 0.0304 1086 546 1171 619
rail 0.0285 1314 556 1906 647
rail 0.0284 732 698 1040 1079
rail 0.0284 1260 554 1389 600
rail 0.0280 1420 684 1882 847
rail 0.0253 1705 542 1924 652
rail 0.0247 1001 567 1073 614
rail 0.0237 973 583 1089 647
rail 0.0214 1218 583 1320 630
rail 0.0194 878 564 1014 601
rail 0.0185 1607 619 1923 816
rail 0.0172 1287 554 1462 598
rail 0.0171 911 704 973 1040
rail 0.0171 891 577 1029 625
rail 0.0171 1017 560 1070 584
rail 0.0135 155 622 461 773
rail 0.0135 1186 571 1261 608
rail 0.0122 936 557 1094 652
rail 0.0115 873 674 1075 847
rail 0.0110 1743 757 1919 872
rail 0.0109 1188 562 1244 598
rail 0.0103 982 559 1063 584
rail 0.0099 1349 556 1589 596
rail 0.0096 971 700 1020 1032
rail 0.0090 1212 556 1631 745
rail 0.0088 -14 698 245 753
rail 0.0087 1339 542 1519 615
rail 0.0080 1055 627 1089 662
rail 0.0077 963 557 1029 585
rail 0.0073 1088 556 1230 609
rail 0.0065 1030 559 1099 586
rail 0.0065 1634 721 1928 837
rail 0.0060 1008 549 1163 644
rail 0.0055 1326 580 1676 651
rail 0.0054 0 683 279 736
rail 0.0053 791 571 1013 627
rail 0.0053 1285 559 1364 593
rail 0.0052 856 581 952 607
rail 0.0052 1281 568 1422 605
rail 0.0046 -25 711 198 770
rail 0.0045 1676 591 1916 691
rail 0.0045 1169 541 1192 604
rail 0.0044 1093 546 1762 797
rail 0.0042 1411 650 1613 721
rail 0.0042 395 620 778 700
rail 0.0041 1220 548 1400 709
rail 0.0040 1785 563 1914 656
rail 0.0038 1156 545 1208 603
rail 0.0036 1128 542 1194 612
rail 0.0035 1123 560 1332 648
rail 0.0034 1280 572 1362 619
rail 0.0032 1310 558 1402 594
rail 0.0031 904 548 1096 798
rail 0.0029 1 706 256 926
rail 0.0027 1832 791 1920 903
rail 0.0027 1760 803 1920 962
rail 0.0026 1107 562 1195 624
rail 0.0025 1818 770 1920 858
rail 0.0025 452 508 846 749
rail 0.0024 1902 544 1921 632
rail 0.0024 1538 733 1788 826
rail 0.0024 1480 656 1657 792
rail 0.0024 1271 538 1386 577
rail 0.0022 753 546 852 686
rail 0.0022 -21 724 239 798
rail 0.0021 20 558 653 723
rail 0.0020 665 715 887 1061
rail 0.0019 1046 553 1140 589
rail 0.0018 1600 783 1867 964
rail 0.0018 1310 617 1629 785
rail 0.0018 1465 608 1686 692
rail 0.0017 617 573 840 620
rail 0.0016 947 554 1006 586
rail 0.0016 -2 652 319 717
rail 0.0016 1309 573 1394 599
rail 0.0016 1140 522 1294 620
rail 0.0016 1606 748 1926 1067
rail 0.0015 113 615 799 743
rail 0.0015 1425 558 1768 610
rail 0.0014 1870 578 1919 698
rail 0.0014 1437 668 1909 1008
rail 0.0014 1287 526 1715 661
rail 0.0014 1149 563 1223 613
rail 0.0013 996 631 1098 698
rail 0.0013 1752 663 1920 712
rail 0.0013 1899 562 1920 668
rail 0.0013 1059 546 1215 657
rail 0.0012 1578 702 1894 806
rail 0.0012 1704 643 1913 707
rail 0.0012 906 750 1112 1082
rail 0.0011 1330 490 1494 631
rail 0.0010 1032 623 1099 676
rail 0.0010 1837 827 1921 956
rail 0.0010 969 565 1125 748
rail 0.0010 -5 674 178 784
rail 0.0010 832 555 1086 674
rail 0.0010 1044 725 1194 1059
rail 0.0010 1475 568 1734 633
switch-indicator 0.2360 1060 636 1084 667
switch-left 0.1739 925 673 1031 731
switch-left 0.1162 1084 596 1144 628
switch-left 0.1084 1301 630 1392 664
switch-left 0.0456 1421 672 1523 707
switch-left 0.0355 1320 635 1412 672
switch-left 0.0288 1278 619 1356 648
switch-left 0.0275 942 597 1053 681
switch-left 0.0251 1380 665 1477 697
switch-left 0.0160 1469 688 1584 725
switch-left 0.0152 927 727 1021 773
switch-left 0.0128 1522 708 1673 758
switch-left 0.0109 1349 654 1447 686
switch-left 0.0108 1332 648 1419 678
switch-left 0.0083 1560 717 1727 786
switch-left 0.0080 1288 619 1410 681
switch-left 0.0075 1507 694 1632 737
switch-left 0.0074 922 652 1036 760
switch-left 0.0071 906 675 1054 818
switch-left 0.0064 1376 653 1497 710
switch-left 0.0038 1423 681 1531 722
switch-left 0.0038 1511 689 1698 804
switch-left 0.0037 932 655 1017 707
switch-left 0.0034 1090 599 1160 639
switch-left 0.0021 907 602 1055 778
switch-left 0.0021 1482 700 1621 756
switch-left 0.0014 913 693 1020 744
switch-left 0.0011 1306 640 1448 696
switch-left 0.0010 1103 615 1173 643
switch-right 0.2783 931 672 1028 725
switch-right 0.1781 960 599 1017 634
switch-right 0.1487 921 697 1034 753
switch-right 0.1089 1086 596 1143 629
switch-right 0.1071 1275 618 1374 653
switch-right 0.1022 1300 630 1392 666
switch-right 0.0406 1420 672 1524 708
switch-right 0.0325 1318 635 1412 673
switch-right 0.0311 1257 599 1349 647
switch-right 0.0230 1381 664 1476 699
switch-right 0.0197 924 725 1025 775
switch-right 0.0195 1407 672 1493 699
switch-right 0.0173 1425 665 1614 740
switch-right 0.0164 1492 711 1809 813
switch-right 0.0128 1333 645 1491 696
switch-right 0.0115 1544 728 1766 800
switch-right 0.0110 952 618 1022 651
switch-right 0.0100 1348 654 1448 688
switch-right 0.0075 1395 659 1528 715
switch-right 0.0015 892 575 1127 993
switch-right 0.0010 1105 617 1171 642
switch-unknown 0.1972 1065 575 1127 623
switch-unknown 0.1119 1036 563 1093 600
switch-unknown 0.1027 965 568 1032 610
switch-unknown 0.0627 1012 563 1074 589
switch-unknown 0.0617 961 584 1014 627
switch-unknown 0.0496 1022 561 1065 581
switch-unknown 0.0405 951 567 1015 600
switch-unknown 0.0381 1249 589 1327 636
switch-unknown 0.0336 882 583 950 603
switch-unknown 0.0331 1203 570 1284 615
switch-unknown 0.0273 868 587 934 608
switch-unknown 0.0173 969 557 1020 582
switch-unknown 0.0161 1192 573 1250 608
switch-unknown 0.0160 1237 586 1295 628
switch-unknown 0.0152 991 556 1054 583
switch-unknown 0.0144 847 592 924 615
switch-unknown 0.0139 1038 557 1088 585
switch-unknown 0.0137 1274 552 1321 581
switch-unknown 0.0084 838 599 906 620
switch-unknown 0.0078 908 570 981 596
switch-unknown 0.0070 890 571 961 601
switch-unknown 0.0070 814 605 890 628
switch-unknown 0.0065 954 556 999 581
switch-unknown 0.0059 1211 592 1271 623
switch-unknown 0.0030 802 610 864 632
switch-unknown 0.0022 1057 541 1126 592
switch-unknown 0.0016 1111 610 1182 636
switch-unknown 0.0015 573 641 657 664
switch-unknown 0.0014 812 593 907 626
switch-unknown 0.0010 1257 618 1321 646
switch-static 0.1299 1572 691 1647 717
switch-static 0.1261 1051 638 1087 680
switch-static 0.1082 1674 842 1760 891
switch-static 0.0804 1036 672 1102 692
switch-static 0.0723 1564 695 1663 727
switch-static 0.0662 1478 667 1555 690
switch-static 0.0540 1458 665 1535 693
switch-static 0.0372 1525 684 1616 714
switch-static 0.0358 1496 681 1582 715
switch-static 0.0283 1478 673 1567 709
switch-static 0.0234 1024 661 1087 690
switch-static 0.0228 1052 655 1090 686
switch-static 0.0173 1500 672 1574 694
switch-static 0.0155 962 587 1042 637
switch-static 0.0145 1010 595 1054 640
switch-static 0.0127 1034 628 1084 672
switch-static 0.0077 1609 789 1856 907
switch-static 0.0068 1398 640 1854 787
switch-static 0.0057 1361 635 1436 671
switch-static 0.0051 990 616 1045 658
switch-static 0.0046 1517 694 1620 734
switch-static 0.0037 1602 698 1720 738
switch-static 0.0031 1680 812 1783 886
switch-static 0.0031 1110 610 1183 638
switch-static 0.0029 971 660 1041 699
switch-static 0.0027 1627 694 1691 724
switch-static 0.0026 1489 717 1857 969
switch-static 0.0025 1648 847 1754 910
switch-static 0.0024 1390 624 1429 643
switch-static 0.0024 594 639 667 662
switch-static 0.0023 1398 625 1446 661
switch-static 0.0023 1336 627 1412 650
switch-static 0.0021 1468 655 1524 678
switch-static 0.0019 1561 681 1711 753
switch-static 0.0018 1528 679 1609 701
switch-static 0.0015 1521 664 1679 776
switch-static 0.0014 1552 679 1634 704
switch-static 0.0012 1032 651 1105 699
switch-static 0.0011 875 709 927 741
switch-static 0.0010 868 716 921 751
track-sign-front 0.7148 276 543 315 595
track-sign-front 0.5814 770 533 805 571
track-sign-front 0.2651 477 529 494 551
track-sign-front 0.1728 1170 538 1185 557
track-sign-front 0.1027 669 341 687 632
track-sign-front 0.0580 767 516 805 594
track-sign-front 0.0198 673 415 685 521
track-sign-front 0.0078 773 323 816 370
track-sign-front 0.0064 671 437 684 577
track-sign-front 0.0062 1887 255 1919 290
track-sign-front 0.0041 1144 492 1194 577
track-sign-front 0.0039 770 424 808 702
track-sign-front 0.0037 652 373 690 398
track-sign-front 0.0032 1165 537 1193 563
track-sign-front 0.0032 260 515 327 634
track-sign-front 0.0031 248 475 347 699
track-sign-front 0.0029 295 541 344 603
track-sign-front 0.0029 478 527 509 556
track-sign-front 0.0028 762 365 814 448
track-sign-front 0.0028 274 410 338 656
track-sign-front 0.0028 794 460 821 558
track-sign-front 0.0028 1172 519 1250 581
track-sign-front 0.0027 470 529 498 558
track-sign-front 0.0025 318 515 344 588
track-sign-front 0.0023 746 407 783 438
track-sign-front 0.0022 663 534 692 629
track-sign-front 0.0022 1377 522 1433 572
track-sign-front 0.0022 284 655 304 701
track-sign-front 0.0020 760 396 800 452
track-sign-front 0.0018 734 560 758 608
track-sign-front 0.0018 281 591 312 667
track-sign-front 0.0017 790 501 826 592
track-sign-front 0.0017 1132 513 1158 585
track-sign-front 0.0015 653 381 675 401
track-sign-front 0.0015 752 460 791 548
track-sign-front 0.0014 1781 511 1847 562
track-sign-front 0.0013 776 105 794 127
track-sign-front 0.0012 665 374 693 568
track-sign-front 0.0011 1341 528 1415 572
track-sign-front 0.0010 668 536 716 623
track-signal-front 0.8436 636 210 703 353
track-signal-front 0.0067 769 323 814 372
track-signal-front 0.0046 657 207 780 366
track-signal-front 0.0016 777 371 814 414
track-signal-front 0.0016 773 329 814 457
track-signal-front 0.0014 240 341 255 390
track-signal-front 0.0010 242 342 255 364
track-signal-back 0.0180 764 288 813 372
track-signal-back 0.0147 1411 379 1447 441
track-signal-back 0.0121 46 301 78 375
track-signal-back 0.0119 106 314 132 387
track-signal-back 0.0084 760 223 816 403
track-signal-back 0.0036 1330 448 1345 473
track-signal-back 0.0020 1327 447 1343 491
track-signal-back 0.0013 1309 492 1326 536
track-signal-back 0.0012 148 320 183 392
pole 0.7570 279 20 358 793
pole 0.6405 1413 369 1451 632
pole 0.5858 664 351 701 827
pole 0.2438 752 175 827 754
pole 0.1890 1760 103 1806 696
pole 0.1741 669 345 686 667
pole 0.1215 1496 463 1507 592
pole 0.0954 770 390 810 792
pole 0.0545 480 234 506 632
pole 0.0531 1165 346 1191 610
pole 0.0432 669 423 690 765
pole 0.0271 1415 499 1446 635
pole 0.0223 653 529 704 855
pole 0.0215 1424 443 1456 639
pole 0.0213 1896 450 1921 611
pole 0.0189 1139 452 1153 575
pole 0.0146 748 426 824 702
pole 0.0145 679 356 760 841
pole 0.0144 1142 366 1173 628
pole 0.0118 1461 462 1499 601
pole 0.0100 766 480 807 702
pole 0.0086 1889 253 1919 663
pole 0.0079 701 139 845 836
pole 0.0074 1498 453 1514 574
pole 0.0073 798 427 821 617
pole 0.0073 1770 358 1802 665
pole 0.0072 1406 521 1469 644
pole 0.0065 665 449 731 741
pole 0.0057 1182 364 1204 606
pole 0.0048 1397 417 1438 644
pole 0.0046 755 383 778 629
pole 0.0045 1454 407 1486 621
pole 0.0042 1727 435 1848 638
pole 0.0036 1783 326 1811 643
pole 0.0034 711 408 845 735
pole 0.0034 1497 393 1511 599
pole 0.0033 773 554 813 741
pole 0.0033 648 400 801 770
pole 0.0032 658 189 715 794
pole 0.0031 772 197 821 548
pole 0.0031 767 474 836 746
pole 0.0030 0 211 58 1023
pole 0.0030 1150 347 1203 606
pole 0.0028 1417 435 1450 585
pole 0.0027 1148 470 1188 600
pole 0.0027 674 369 703 693
pole 0.0023 1312 489 1346 580
pole 0.0023 485 225 533 629
pole 0.0022 1340 462 1519 680
pole 0.0022 1728 109 1843 671
pole 0.0021 1885 88 1919 563
pole 0.0020 1140 430 1160 554
pole 0.0020 1075 474 1100 583
pole 0.0020 1793 348 1819 619
pole 0.0019 1743 498 1886 579
pole 0.0019 1774 125 1876 717
pole 0.0019 476 257 497 559
pole 0.0018 1745 234 1820 658
pole 0.0018 456 183 515 676
pole 0.0017 1478 466 1513 595
pole 0.0017 223 26 371 851
pole 0.0015 778 309 812 494
pole 0.0015 1171 441 1198 574
pole 0.0015 797 457 828 563
pole 0.0015 1901 343 1920 636
pole 0.0015 1360 379 1440 647
pole 0.0014 668 487 687 622
pole 0.0014 660 226 699 656
pole 0.0013 614 547 801 800
pole 0.0013 1007 493 1029 576
pole 0.0013 1871 173 1920 695
pole 0.0012 296 -87 381 656
pole 0.0011 1375 524 1438 573
pole 0.0011 1139 432 1175 573
pole 0.0011 752 465 769 592
pole 0.0011 757 392 791 589
pole 0.0010 1182 451 1217 572
pole 0.0010 1052 471 1092 587
pole 0.0010 787 350 815 563
pole 0.0010 1293 519 1362 583
pole 0.0010 0 771 176 1080
rail-occluder 0.1987 646 725 673 803
rail-occluder 0.1168 286 661 314 751
rail-occluder 0.0612 285 646 332 755
rail-occluder 0.0258 1722 545 1920 650
rail-occluder 0.0234 1651 633 1666 660
rail-occluder 0.0225 0 766 206 980
rail-occluder 0.0220 650 711 694 803
rail-occluder 0.0128 1650 636 1670 674
rail-occluder 0.0091 1900 525 1920 624
rail-occluder 0.0086 1168 539 1188 603
rail-occluder 0.0081 1425 560 1446 633
rail-occluder 0.0077 291 642 365 760
rail-occluder 0.0059 0 732 215 885
rail-occluder 0.0054 1145 529 1190 622
rail-occluder 0.0046 1646 631 1667 693
rail-occluder 0.0040 1172 567 1193 609
rail-occluder 0.0035 1442 556 1504 589
rail-occluder 0.0034 1428 592 1446 641
rail-occluder 0.0031 1822 561 1919 649
rail-occluder 0.0030 271 619 311 752
rail-occluder 0.0026 262 671 325 752
rail-occluder 0.0025 1415 599 1442 650
rail-occluder 0.0025 658 648 700 808
rail-occluder 0.0023 1423 541 1469 613
rail-occluder 0.0022 638 719 665 790
rail-occluder 0.0019 281 584 315 719
rail-occluder 0.0018 1121 559 1186 630
rail-occluder 0.0016 1802 535 1905 632
rail-occluder 0.0014 283 645 306 716
rail-occluder 0.0014 763 559 806 627
rail-occluder 0.0013 1636 631 1683 672
rail-occluder 0.0013 621 702 706 842
rail-occluder 0.0012 698 565 764 621
rail-occluder 0.0011 640 631 691 669
rail-occluder 0.0011 648 648 685 674
rail-occluder 0.0010 308 649 352 742
rail-occluder 0.0010 730 566 774 616
