crossing 0.4285 1198 562 1246 578
crossing 0.1388 1202 543 1261 572
crossing 0.0327 1040 556 1106 575
crossing 0.0172 1022 546 1154 582
crossing 0.0133 1055 555 1115 585
crossing 0.0111 1190 565 1245 594
crossing 0.0081 1210 554 1270 580
crossing 0.0059 1172 558 1237 575
crossing 0.0037 1066 556 1146 592
crossing 0.0034 1068 544 1156 571
crossing 0.0033 1036 557 1077 590
crossing 0.0024 1004 552 1086 571
crossing 0.0010 1182 553 1257 605
platform 0.9516 1363 639 1914 1075
platform 0.7804 0 547 1018 891
platform 0.0014 1476 696 1767 1022
rail 0.9597 1092 494 1442 1077
rail 0.9245 26 515 1252 1077
rail 0.3283 2 567 223 676
rail 0.2010 985 492 1193 524
rail 0.1504 2 560 464 670
rail 0.1449 0 550 886 693
rail 0.1197 1207 513 1278 560
rail 0.0851 -1 612 110 675
rail 0.0446 -1 603 70 659
rail 0.0435 1039 495 1229 542
rail 0.0339 0 620 59 674
rail 0.0313 1175 506 1258 547
rail 0.0301 1008 498 1236 570
rail 0.0280 4 549 324 636
rail 0.0216 1145 504 1235 540
rail 0.0195 102 564 312 623
rail 0.0180 -2 640 54 684
rail 0.0169 60 550 256 610
rail 0.0167 1019 506 1163 603
rail 0.0158 963 500 1160 543
rail 0.0153 0 594 80 710
rail 0.0150 1209 503 1266 539
rail 0.0136 2 626 162 692
rail 0.0133 1152 505 1216 529
rail 0.0133 1238 506 1308 553
rail 0.0131 1104 499 1224 526
rail 0.0114 4 559 154 650
rail 0.0113 2 635 94 684
rail 0.0113 1182 503 1248 532
rail 0.0103 171 574 271 619
rail 0.0088 1222 499 1294 539
rail 0.0087 0 633 65 718
rail 0.0083 25 580 67 622
rail 0.0080 1034 472 1144 548
rail 0.0077 1043 500 1136 528
rail 0.0068 32 547 673 637
rail 0.0065 1129 496 1201 548
rail 0.0061 1100 486 1177 527
rail 0.0059 1143 492 1184 528
rail 0.0059 120 559 234 604
rail 0.0053 1257 499 1308 531
rail 0.0051 1032 519 1267 583
rail 0.0050 105 581 322 666
rail 0.0046 2 588 348 691
rail 0.0046 2 618 212 730
rail 0.0042 1250 524 1310 562
rail 0.0041 1046 479 1133 523
rail 0.0040 3 560 75 645
rail 0.0039 969 490 1214 637
rail 0.0038 -1 629 113 749
rail 0.0038 51 564 198 639
rail 0.0031 1128 538 1193 571
rail 0.0029 95 571 214 623
rail 0.0025 -10 524 742 839
rail 0.0024 1134 523 1222 574
rail 0.0023 1191 497 1317 573
rail 0.0018 -1 581 44 636
rail 0.0017 1039 534 1186 578
rail 0.0017 1160 476 1318 618
rail 0.0017 1147 543 1172 567
rail 0.0016 986 458 1213 519
rail 0.0015 1001 508 1101 535
rail 0.0014 167 553 346 607
rail 0.0014 1035 551 1180 625
rail 0.0014 1277 498 1319 527
rail 0.0012 1037 489 1280 610
rail 0.0011 1283 507 1314 544
rail 0.0011 0 621 145 820
rail 0.0011 2 605 420 750
rail 0.0011 1091 477 1262 530
rail 0.0010 1157 439 1265 513
rail 0.0010 39 454 821 662
rail 0.0010 0 555 36 623
switch-indicator 0.2038 1052 574 1073 626
switch-indicator 0.0303 1297 580 1321 611
switch-indicator 0.0197 46 583 65 608
switch-indicator 0.0130 1049 570 1106 628
switch-indicator 0.0060 1065 589 1116 631
switch-indicator 0.0016 1294 583 1325 627
switch-indicator 0.0015 18 575 65 609
switch-unknown 0.0696 1211 513 1289 557
switch-unknown 0.0244 1159 506 1221 532
switch-unknown 0.0119 1267 501 1304 526
switch-unknown 0.0107 1149 491 1176 524
switch-unknown 0.0106 1184 494 1246 533
switch-unknown 0.0091 1253 501 1309 551
switch-unknown 0.0088 1222 491 1294 538
switch-unknown 0.0073 1148 500 1180 541
switch-static 0.0219 1150 548 1169 564
switch-static 0.0116 1082 579 1129 621
switch-static 0.0082 1089 596 1121 625
switch-static 0.0039 1290 579 1317 616
switch-static 0.0038 1145 548 1184 569
switch-static 0.0028 1145 537 1208 573
switch-static 0.0021 1258 527 1310 564
switch-static 0.0018 1102 541 1172 582
switch-static 0.0016 116 577 199 617
switch-static 0.0014 1095 572 1154 614
track-sign-front 0.5855 1414 535 1450 627
track-sign-front 0.5162 1450 549 1483 579
track-sign-front 0.4460 1422 440 1469 514
track-sign-front 0.4454 956 693 987 757
track-sign-front 0.2420 1390 414 1413 473
track-sign-front 0.1842 1430 509 1458 538
track-sign-front 0.1412 1429 545 1479 602
track-sign-front 0.0434 1411 430 1468 487
track-sign-front 0.0419 1391 476 1421 541
track-sign-front 0.0411 1422 570 1447 647
track-sign-front 0.0316 1402 414 1436 469
track-sign-front 0.0291 1298 580 1321 610
track-sign-front 0.0268 1400 536 1432 622
track-sign-front 0.0231 1441 539 1485 650
track-sign-front 0.0224 1408 459 1462 531
track-sign-front 0.0224 1050 562 1082 603
track-sign-front 0.0191 1451 544 1486 597
track-sign-front 0.0167 1388 515 1410 573
track-sign-front 0.0151 1422 430 1457 463
track-sign-front 0.0141 1400 360 1437 410
track-sign-front 0.0136 1418 386 1443 440
track-sign-front 0.0135 1392 536 1418 644
track-sign-front 0.0120 1403 529 1472 645
track-sign-front 0.0106 1439 512 1469 543
track-sign-front 0.0103 1385 364 1408 407
track-sign-front 0.0096 1388 377 1413 433
track-sign-front 0.0092 1286 506 1308 542
track-sign-front 0.0092 1381 419 1414 496
track-sign-front 0.0089 1284 500 1307 523
track-sign-front 0.0084 1385 500 1408 556
track-sign-front 0.0057 1290 528 1309 560
track-sign-front 0.0054 1380 470 1413 539
track-sign-front 0.0052 1384 538 1405 617
track-sign-front 0.0052 849 503 887 532
track-sign-front 0.0049 1399 423 1467 556
track-sign-front 0.0046 1383 28 1412 343
track-sign-front 0.0041 843 499 873 523
track-sign-front 0.0039 927 430 946 460
track-sign-front 0.0039 50 503 73 539
track-sign-front 0.0026 1386 450 1408 522
track-sign-front 0.0024 1393 592 1413 648
track-sign-front 0.0023 1415 611 1442 655
track-sign-front 0.0021 1384 374 1404 422
track-sign-front 0.0021 837 503 882 542
track-sign-front 0.0019 1379 414 1438 477
track-sign-front 0.0018 52 453 81 601
track-sign-front 0.0017 1380 324 1404 395
track-sign-front 0.0015 1386 351 1415 395
track-sign-front 0.0014 1394 614 1418 653
track-sign-front 0.0011 936 471 958 510
track-sign-front 0.0010 949 677 995 776
track-sign-front 0.0010 1376 559 1410 640
track-sign-front 0.0010 1390 225 1409 328
track-signal-front 0.8116 1404 287 1455 360
track-signal-front 0.6314 1419 439 1469 511
track-signal-front 0.1764 857 384 882 425
track-signal-front 0.0415 858 304 913 398
track-signal-front 0.0313 858 373 891 431
track-signal-front 0.0031 924 416 947 454
track-signal-front 0.0031 862 330 909 426
track-signal-front 0.0026 1420 361 1449 409
track-signal-front 0.0014 1388 181 1410 372
track-signal-front 0.0013 1387 251 1412 337
track-signal-front 0.0013 1423 427 1511 517
track-signal-front 0.0012 849 343 902 461
track-signal-front 0.0012 904 387 942 441
track-signal-front 0.0011 1407 320 1453 380
track-signal-front 0.0010 1378 270 1407 353
pole 0.4447 50 19 100 690
pole 0.0842 1085 402 1098 531
pole 0.0544 1201 413 1215 519
pole 0.0161 115 335 130 578
pole 0.0161 1149 442 1165 519
pole 0.0154 1195 409 1210 519
pole 0.0097 718 250 739 571
pole 0.0072 1082 425 1116 530
pole 0.0062 108 348 130 654
pole 0.0051 1167 411 1216 530
pole 0.0047 1040 409 1052 516
pole 0.0045 1379 16 1417 354
pole 0.0042 1202 410 1235 514
pole 0.0041 117 390 128 527
pole 0.0032 1053 391 1104 525
pole 0.0028 1131 433 1169 528
pole 0.0024 38 20 138 654
pole 0.0023 88 263 133 679
pole 0.0018 110 413 131 550
pole 0.0016 1202 434 1263 522
pole 0.0016 64 342 105 678
pole 0.0013 41 167 117 856
pole 0.0013 1043 436 1121 533
pole 0.0012 699 264 738 555
pole 0.0010 1313 234 1339 535
rail-occluder 0.2296 212 580 237 647
rail-occluder 0.1822 208 581 230 616
rail-occluder 0.0808 1052 570 1073 624
rail-occluder 0.0458 47 580 68 609
rail-occluder 0.0438 220 598 242 649
rail-occluder 0.0322 221 616 240 641
rail-occluder 0.0286 186 576 251 622
rail-occluder 0.0231 22 568 135 648
rail-occluder 0.0226 50 576 100 627
rail-occluder 0.0209 1050 563 1082 606
rail-occluder 0.0203 42 578 77 621
rail-occluder 0.0188 969 520 1003 568
rail-occluder 0.0145 197 572 222 613
rail-occluder 0.0137 5 587 95 664
rail-occluder 0.0133 1052 583 1070 641
rail-occluder 0.0130 149 576 294 652
rail-occluder 0.0130 214 572 250 631
rail-occluder 0.0128 208 579 258 650
rail-occluder 0.0076 131 607 329 651
rail-occluder 0.0073 28 581 65 615
rail-occluder 0.0068 274 642 290 661
rail-occluder 0.0046 40 599 114 679
rail-occluder 0.0044 950 517 1016 565
rail-occluder 0.0043 244 553 273 593
rail-occluder 0.0042 64 578 94 611
rail-occluder 0.0039 115 555 139 604
rail-occluder 0.0024 248 559 310 629
rail-occluder 0.0024 219 623 252 653
rail-occluder 0.0024 248 555 294 603
rail-occluder 0.0024 959 558 990 594
rail-occluder 0.0023 90 567 167 629
rail-occluder 0.0023 962 544 1006 590
rail-occluder 0.0019 165 561 391 630
rail-occluder 0.0015 115 534 131 592
rail-occluder 0.0014 249 556 270 575
rail-occluder 0.0012 1052 571 1079 676
rail-occluder 0.0012 91 544 138 627
rail-occluder 0.0012 260 604 301 667
rail-occluder 0.0010 267 554 318 613
rail-occluder 0.0010 271 640 292 670
rail-occluder 0.0010 1037 557 1076 593
