guard-rail 0.0016 816 600 878 636
rail 0.9647 150 564 920 1077
rail 0.9602 879 562 1132 1075
rail 0.8957 941 551 1916 1079
rail 0.7634 997 561 1909 772
rail 0.1579 1200 596 1902 719
rail 0.0088 1146 593 1909 879
rail 0.0064 1446 648 1922 746
rail 0.0031 1008 568 1627 690
rail 0.0030 1700 674 1918 717
rail 0.0024 938 570 1014 617
rail 0.0023 958 566 1115 633
rail 0.0021 1591 664 1916 729
rail 0.0019 1033 563 1376 745
rail 0.0018 964 539 1058 639
rail 0.0017 945 548 1235 669
rail 0.0017 1553 510 1777 714
rail 0.0013 1704 691 1914 740
rail 0.0012 967 564 1029 624
switch-unknown 0.0060 923 557 967 590
switch-unknown 0.0046 910 561 950 584
switch-unknown 0.0035 936 556 1001 604
switch-unknown 0.0029 941 573 1008 613
switch-unknown 0.0012 911 532 945 589
switch-static 0.0015 852 641 894 666
track-sign-front 0.7310 1156 616 1197 682
track-sign-front 0.2470 1602 592 1630 644
track-sign-front 0.2083 1641 523 1677 606
track-sign-front 0.2025 1638 486 1679 646
track-sign-front 0.1485 1619 714 1671 753
track-sign-front 0.1317 1633 403 1683 718
track-sign-front 0.1177 480 571 508 643
track-sign-front 0.0471 1618 488 1668 712
track-sign-front 0.0448 1614 654 1656 714
track-sign-front 0.0399 1137 531 1156 563
track-sign-front 0.0371 431 529 467 570
track-sign-front 0.0253 1135 503 1158 598
track-sign-front 0.0231 426 525 468 596
track-sign-front 0.0212 1148 560 1201 722
track-sign-front 0.0200 747 569 760 597
track-sign-front 0.0140 1157 606 1204 626
track-sign-front 0.0128 1142 534 1162 602
track-sign-front 0.0062 483 594 507 690
track-sign-front 0.0060 485 563 532 639
track-sign-front 0.0057 459 555 497 641
track-sign-front 0.0056 1157 595 1204 639
track-sign-front 0.0054 847 566 861 586
track-sign-front 0.0048 1125 515 1162 564
track-sign-front 0.0046 848 560 860 579
track-sign-front 0.0040 452 545 517 647
track-sign-front 0.0038 441 628 476 687
track-sign-front 0.0033 1117 610 1188 689
track-sign-front 0.0028 750 566 771 593
track-sign-front 0.0021 1084 602 1228 695
track-sign-front 0.0020 1135 531 1163 578
track-sign-front 0.0019 1147 592 1189 807
track-sign-front 0.0019 845 564 878 597
track-sign-front 0.0016 423 524 481 637
track-sign-front 0.0015 1140 572 1198 636
track-sign-front 0.0013 1205 573 1224 614
track-sign-front 0.0012 496 535 531 595
track-sign-front 0.0011 1129 505 1162 646
track-sign-front 0.0010 447 608 493 691
track-signal-front 0.0086 1895 364 1918 445
track-signal-front 0.0024 904 496 919 512
track-signal-front 0.0022 896 497 920 516
track-signal-front 0.0014 1889 364 1912 418
track-signal-front 0.0013 1881 425 1912 481
track-signal-back 0.3056 1000 425 1019 468
track-signal-back 0.0435 999 453 1018 477
track-signal-back 0.0427 472 293 516 356
track-signal-back 0.0128 458 364 519 441
track-signal-back 0.0126 457 384 526 481
track-signal-back 0.0117 461 296 519 389
track-signal-back 0.0063 996 424 1020 488
track-signal-back 0.0045 482 427 544 483
track-signal-back 0.0027 478 287 514 327
track-signal-back 0.0022 473 415 537 469
track-signal-back 0.0022 459 357 504 419
track-signal-back 0.0020 495 440 547 500
track-signal-back 0.0019 453 399 504 505
track-signal-back 0.0012 506 306 559 357
track-signal-back 0.0010 466 344 539 419
pole 0.6624 1104 274 1171 771
pole 0.4723 1598 302 1651 731
pole 0.4109 998 441 1018 648
pole 0.2846 1614 371 1674 730
pole 0.0782 999 504 1015 632
pole 0.0296 1575 275 1681 739
pole 0.0153 1071 240 1206 797
pole 0.0136 1134 484 1159 663
pole 0.0120 1094 430 1199 759
pole 0.0118 1634 316 1685 722
pole 0.0113 1585 366 1636 706
pole 0.0108 1553 296 1629 720
pole 0.0100 1591 558 1660 729
pole 0.0076 1641 434 1679 661
pole 0.0065 995 523 1024 651
pole 0.0061 1634 497 1686 632
pole 0.0053 986 435 1035 640
pole 0.0052 1118 455 1165 742
pole 0.0048 978 555 1021 628
pole 0.0036 1104 392 1144 706
pole 0.0036 1068 346 1161 758
pole 0.0034 1068 572 1224 698
pole 0.0029 1545 364 1734 758
pole 0.0026 1603 115 1667 764
pole 0.0024 929 516 968 594
pole 0.0022 1132 373 1239 795
pole 0.0019 1611 326 1642 644
pole 0.0019 1640 535 1669 722
pole 0.0018 1155 579 1196 818
pole 0.0016 983 517 1071 636
pole 0.0014 1089 478 1155 731
pole 0.0013 1107 558 1175 716
pole 0.0013 1605 273 1635 595
pole 0.0012 1532 101 1698 749
pole 0.0012 948 488 1001 605
pole 0.0011 1587 270 1617 597
pole 0.0010 1113 347 1162 667
pole 0.0010 1024 523 1255 795
rail-occluder 0.3027 1599 592 1643 708
rail-occluder 0.1046 1603 625 1652 738
rail-occluder 0.0413 1582 596 1665 737
rail-occluder 0.0398 1431 587 1816 726
rail-occluder 0.0256 1209 596 1223 615
rail-occluder 0.0135 1601 617 1628 721
rail-occluder 0.0113 1624 710 1672 750
rail-occluder 0.0080 1636 594 1663 708
rail-occluder 0.0047 1604 694 1670 749
rail-occluder 0.0034 1207 590 1226 618
rail-occluder 0.0024 1197 600 1221 621
rail-occluder 0.0018 1624 665 1670 720
rail-occluder 0.0016 1151 538 1210 728
rail-occluder 0.0015 1588 651 1628 726
rail-occluder 0.0012 1185 589 1242 622
rail-occluder 0.0012 1576 660 1721 721
