rail 0.9006 1002 603 1738 1078
rail 0.0129 1400 628 1653 1007
rail 0.0021 1506 650 1707 1054
rail 0.0010 1490 679 1606 996
switch-indicator 0.0464 1506 666 1618 943
switch-indicator 0.0028 1512 644 1601 848
track-sign-front 0.0052 1522 688 1616 887
track-sign-front 0.0022 1473 571 1496 600
track-sign-front 0.0012 1546 744 1595 988
track-sign-front 0.0010 1474 568 1510 618
pole 0.0014 1585 561 1602 627
rail-occluder 0.1423 1519 635 1612 859
rail-occluder 0.1036 1537 635 1600 786
rail-occluder 0.0182 1503 659 1619 973
rail-occluder 0.0061 1538 631 1621 719
rail-occluder 0.0037 1532 631 1669 775
rail-occluder 0.0034 1531 641 1586 722
rail-occluder 0.0024 1515 638 1675 905
rail-occluder 0.0016 1626 573 1643 613
rail-occluder 0.0011 1579 590 1605 655
