crossing 0.0073 1858 916 1919 1045
rail 0.9582 233 587 833 1073
rail 0.8825 733 586 1195 1077
rail 0.0990 1862 894 1918 1079
rail 0.0186 1821 854 1918 1072
rail 0.0070 1755 905 1915 1082
rail 0.0046 1876 946 1921 1071
rail 0.0036 1828 969 1920 1077
rail 0.0018 1871 906 1920 1015
rail 0.0016 1723 996 1915 1077
rail 0.0015 1853 824 1916 1021
rail 0.0012 1874 1014 1919 1081
switch-indicator 0.0023 1881 981 1919 1081
track-sign-front 0.8936 1700 748 1859 918
track-sign-front 0.1654 1007 573 1019 642
track-sign-front 0.0629 1009 562 1021 584
track-sign-front 0.0310 900 586 915 605
track-sign-front 0.0195 1099 656 1119 681
track-sign-front 0.0151 1004 610 1017 651
track-sign-front 0.0146 722 558 734 569
track-sign-front 0.0072 1007 556 1022 611
track-sign-front 0.0030 717 562 733 577
track-sign-front 0.0029 905 585 919 603
track-sign-front 0.0014 1103 655 1135 686
track-sign-front 0.0013 1101 662 1123 699
track-sign-front 0.0011 1000 573 1025 646
track-signal-front 0.6166 1010 494 1029 533
track-signal-front 0.0436 1008 549 1024 584
track-signal-front 0.0169 722 561 734 574
track-signal-front 0.0128 1005 481 1033 524
track-signal-front 0.0038 1003 493 1030 577
track-signal-front 0.0018 715 544 732 576
track-signal-front 0.0013 1012 558 1044 584
pole 0.0010 721 554 736 579
rail-occluder 0.0010 1876 1016 1918 1082
