train-car 0.5649 3 521 906 685
train-car 0.0285 16 478 702 637
train-car 0.0195 637 519 917 554
train-car 0.0068 155 521 836 610
train-car 0.0034 1518 497 1912 570
train-car 0.0033 275 523 607 619
train-car 0.0032 -11 412 744 708
train-car 0.0029 632 479 689 574
train-car 0.0028 687 503 975 549
train-car 0.0027 580 528 925 571
train-car 0.0024 1832 431 1931 617
train-car 0.0021 608 504 747 563
train-car 0.0020 479 512 799 574
train-car 0.0014 492 502 702 597
train-car 0.0014 1751 489 1922 551
train-car 0.0012 573 494 645 606
train-car 0.0012 1652 469 1936 723
train-car 0.0011 -2 535 543 665
train-car 0.0010 551 470 617 630
train-car 0.0010 274 514 464 632
train-car 0.0010 1673 487 1888 563
platform 0.9394 1091 544 1922 1080
platform 0.3312 1210 540 1906 634
platform 0.0291 1230 516 1892 587
platform 0.0030 1283 547 1920 708
platform 0.0014 1280 521 1580 624
platform 0.0013 1423 501 1867 572
rail 0.9588 1028 540 1294 1076
rail 0.9556 267 542 1059 1074
rail 0.7472 9 542 1000 771
rail 0.7395 1169 538 1911 730
rail 0.0384 630 535 921 567
rail 0.0293 1307 604 1871 770
rail 0.0238 1356 562 1909 663
rail 0.0175 1453 618 1938 724
rail 0.0173 625 529 1036 584
rail 0.0137 1491 517 1922 580
rail 0.0131 1233 513 1593 662
rail 0.0087 1506 652 1838 761
rail 0.0079 395 533 997 591
rail 0.0074 613 545 943 590
rail 0.0038 17 571 700 713
rail 0.0036 307 529 1051 653
rail 0.0031 1655 632 1918 678
rail 0.0026 1220 544 1906 921
rail 0.0025 924 534 1061 563
rail 0.0024 393 560 990 839
rail 0.0021 602 524 1061 627
rail 0.0019 1671 658 1911 735
rail 0.0017 683 525 827 564
rail 0.0016 836 528 1004 564
rail 0.0016 697 478 1075 555
rail 0.0016 1625 641 1838 684
rail 0.0015 853 509 1082 550
rail 0.0014 -2 603 742 903
rail 0.0013 1542 547 1887 593
rail 0.0013 1091 514 1154 560
rail 0.0012 1014 538 1086 567
rail 0.0012 449 622 738 891
rail 0.0010 1718 643 1898 682
rail 0.0010 426 582 761 734
switch-unknown 0.0120 1045 539 1087 561
switch-unknown 0.0049 1054 530 1105 563
switch-unknown 0.0036 1048 548 1085 570
switch-unknown 0.0034 1025 532 1079 564
switch-unknown 0.0014 999 533 1049 574
switch-unknown 0.0012 954 528 1027 567
switch-unknown 0.0011 1004 548 1035 586
track-sign-front 0.0065 608 482 629 548
track-sign-front 0.0059 131 470 153 522
track-sign-front 0.0036 136 512 168 533
track-sign-front 0.0025 57 478 76 525
track-sign-front 0.0021 126 512 158 535
track-sign-front 0.0010 1856 425 1872 469
track-signal-front 0.0219 624 501 641 526
track-signal-front 0.0167 620 497 636 535
track-signal-front 0.0156 1043 504 1054 526
track-signal-front 0.0067 1039 492 1074 530
track-signal-front 0.0014 57 480 75 512
pole 0.5918 1302 502 1315 621
pole 0.5824 1259 498 1274 611
pole 0.4875 585 229 615 628
pole 0.4646 1389 480 1411 684
pole 0.4515 1452 482 1474 683
pole 0.3947 1232 503 1241 596
pole 0.3549 1845 390 1918 891
pole 0.2991 1197 496 1210 589
pole 0.2921 1155 498 1176 570
pole 0.2909 881 414 890 556
pole 0.2175 1421 479 1440 682
pole 0.1820 1139 505 1153 561
pole 0.1363 1158 489 1199 582
pole 0.1018 1653 487 1663 575
pole 0.1000 736 445 745 570
pole 0.0955 1737 465 1753 591
pole 0.0932 960 445 970 549
pole 0.0606 827 460 834 559
pole 0.0594 1735 457 1770 597
pole 0.0537 1619 485 1636 575
pole 0.0504 650 432 662 555
pole 0.0391 1624 477 1663 584
pole 0.0344 1768 465 1781 590
pole 0.0287 1096 500 1133 562
pole 0.0274 1859 114 1921 840
pole 0.0255 1192 514 1208 601
pole 0.0222 1260 496 1298 615
pole 0.0213 1131 466 1156 574
pole 0.0212 1543 496 1559 570
pole 0.0190 1382 485 1433 682
pole 0.0190 824 476 838 559
pole 0.0189 1253 494 1281 617
pole 0.0177 1305 491 1317 575
pole 0.0176 1555 488 1580 573
pole 0.0159 939 423 973 554
pole 0.0157 1378 505 1556 684
pole 0.0153 599 436 630 617
pole 0.0129 1449 485 1505 659
pole 0.0128 728 476 748 574
pole 0.0121 1097 493 1120 545
pole 0.0114 867 472 894 573
pole 0.0112 641 459 679 585
pole 0.0111 820 433 864 571
pole 0.0106 1297 497 1323 616
pole 0.0106 121 331 140 550
pole 0.0104 583 436 613 620
pole 0.0103 1702 465 1801 594
pole 0.0093 878 476 901 570
pole 0.0082 1140 499 1190 575
pole 0.0079 738 446 748 553
pole 0.0068 1384 428 1414 649
pole 0.0064 1565 480 1612 574
pole 0.0063 664 473 698 577
pole 0.0062 873 413 900 561
pole 0.0059 291 413 313 651
pole 0.0058 919 421 939 550
pole 0.0058 1259 487 1275 555
pole 0.0055 967 457 997 552
pole 0.0053 1228 482 1240 561
pole 0.0053 1486 514 1509 567
pole 0.0050 946 473 987 568
pole 0.0049 641 421 664 554
pole 0.0045 1412 402 1435 683
pole 0.0043 613 497 655 596
pole 0.0040 619 495 638 545
pole 0.0038 939 486 970 566
pole 0.0038 679 461 702 558
pole 0.0037 1039 498 1060 544
pole 0.0037 1161 511 1180 604
pole 0.0034 768 465 791 556
pole 0.0034 1187 497 1224 596
pole 0.0033 1358 521 1374 576
pole 0.0032 1812 278 1934 909
pole 0.0031 1079 482 1116 540
pole 0.0030 1129 497 1247 589
pole 0.0030 284 393 306 635
pole 0.0029 1562 475 1584 564
pole 0.0028 1448 572 1470 698
pole 0.0027 1355 510 1370 557
pole 0.0026 126 404 152 574
pole 0.0025 1455 465 1478 627
pole 0.0024 777 477 786 519
pole 0.0024 1751 417 1773 577
pole 0.0024 576 499 611 610
pole 0.0024 896 437 946 562
pole 0.0024 733 486 760 567
pole 0.0023 1450 601 1469 671
pole 0.0023 1715 473 1748 581
pole 0.0022 1446 402 1470 689
pole 0.0022 1736 447 1817 586
pole 0.0021 673 492 730 568
pole 0.0021 1737 532 1754 593
pole 0.0020 1851 480 1870 556
pole 0.0019 1387 562 1407 673
pole 0.0018 965 485 1014 559
pole 0.0018 576 275 637 634
pole 0.0018 1580 482 1637 589
pole 0.0017 1634 488 1857 586
pole 0.0017 1529 492 1601 596
pole 0.0016 1054 417 1082 542
pole 0.0016 1079 426 1104 545
pole 0.0016 1255 514 1531 675
pole 0.0016 1866 213 1912 447
pole 0.0015 1041 501 1057 528
pole 0.0015 1045 447 1058 539
pole 0.0014 1215 501 1258 605
pole 0.0014 279 396 296 624
pole 0.0014 520 470 672 613
pole 0.0013 1576 486 1710 584
pole 0.0013 839 424 931 566
pole 0.0013 300 433 323 633
pole 0.0012 926 406 937 530
pole 0.0012 1261 483 1284 549
pole 0.0012 844 417 884 556
pole 0.0012 556 516 577 596
pole 0.0012 1308 488 1327 536
pole 0.0011 294 497 311 614
pole 0.0011 1576 509 1648 617
pole 0.0011 686 462 699 528
pole 0.0011 598 295 632 578
pole 0.0011 1367 466 1411 598
pole 0.0010 110 332 151 658
pole 0.0010 1541 475 1565 562
pole 0.0010 1402 537 1462 687
pole 0.0010 1856 205 1899 375
rail-occluder 0.3054 1494 635 1549 691
rail-occluder 0.0401 1453 538 1526 676
rail-occluder 0.0382 1472 615 1528 685
rail-occluder 0.0211 1332 571 1697 746
rail-occluder 0.0194 1564 657 1717 743
rail-occluder 0.0183 1486 635 1653 710
rail-occluder 0.0181 869 531 892 564
rail-occluder 0.0137 1475 632 1525 658
rail-occluder 0.0126 1466 615 1566 729
rail-occluder 0.0123 950 536 970 559
rail-occluder 0.0122 1472 633 1515 695
rail-occluder 0.0121 1463 626 1507 673
rail-occluder 0.0110 1494 633 1771 762
rail-occluder 0.0094 1511 643 1617 701
rail-occluder 0.0091 659 525 688 580
rail-occluder 0.0082 666 554 687 578
rail-occluder 0.0075 947 534 983 561
rail-occluder 0.0070 641 516 688 585
rail-occluder 0.0068 1619 497 1636 575
rail-occluder 0.0065 1658 673 1718 747
rail-occluder 0.0062 649 550 683 578
rail-occluder 0.0060 1493 628 1549 660
rail-occluder 0.0042 1127 508 1162 566
rail-occluder 0.0037 1618 677 1709 752
rail-occluder 0.0032 1092 512 1144 558
rail-occluder 0.0031 802 532 959 565
rail-occluder 0.0030 1683 685 1718 747
rail-occluder 0.0027 669 521 744 569
rail-occluder 0.0026 699 519 767 567
rail-occluder 0.0025 1468 642 1534 712
rail-occluder 0.0025 592 530 753 574
rail-occluder 0.0023 829 523 885 569
rail-occluder 0.0023 1707 652 1730 675
rail-occluder 0.0021 612 504 655 588
rail-occluder 0.0019 1485 513 1510 567
rail-occluder 0.0017 803 516 851 568
rail-occluder 0.0013 1710 652 1746 672
rail-occluder 0.0012 1564 501 1625 577
rail-occluder 0.0012 617 551 737 581
rail-occluder 0.0010 857 547 894 585
rail-occluder 0.0010 768 525 835 570
