guard-rail 0.0477 734 767 901 851
guard-rail 0.0454 1134 913 1185 1074
guard-rail 0.0306 999 651 1045 675
guard-rail 0.0169 961 707 1016 736
guard-rail 0.0159 947 680 1003 708
guard-rail 0.0150 970 658 1028 687
guard-rail 0.0146 772 724 950 870
guard-rail 0.0139 1132 918 1170 1025
guard-rail 0.0113 944 700 1009 727
guard-rail 0.0099 1017 761 1070 1055
guard-rail 0.0096 622 746 957 904
guard-rail 0.0095 953 671 1000 697
guard-rail 0.0089 793 740 950 818
guard-rail 0.0069 1109 858 1188 1057
guard-rail 0.0063 972 717 1025 759
guard-rail 0.0063 1074 642 1123 679
guard-rail 0.0062 1096 813 1155 996
guard-rail 0.0061 928 802 955 865
guard-rail 0.0058 1153 979 1188 1079
guard-rail 0.0057 1166 1031 1192 1076
guard-rail 0.0051 1032 815 1068 998
guard-rail 0.0051 1112 859 1142 943
guard-rail 0.0049 1006 921 1043 1076
guard-rail 0.0046 1118 875 1168 1006
guard-rail 0.0041 1112 857 1160 963
guard-rail 0.0041 738 797 853 861
guard-rail 0.0040 1008 649 1065 679
guard-rail 0.0038 1037 867 1064 944
guard-rail 0.0036 937 685 986 708
guard-rail 0.0036 952 717 1092 794
guard-rail 0.0036 837 735 950 791
guard-rail 0.0035 1006 975 1030 1078
guard-rail 0.0035 934 899 957 1070
guard-rail 0.0033 698 685 1047 859
guard-rail 0.0033 796 752 900 841
guard-rail 0.0033 947 720 1006 751
guard-rail 0.0031 983 708 1069 754
guard-rail 0.0029 850 726 952 770
guard-rail 0.0029 529 687 1053 980
guard-rail 0.0029 923 702 989 732
guard-rail 0.0028 906 723 980 757
guard-rail 0.0027 1051 662 1113 704
guard-rail 0.0021 1017 934 1045 1040
guard-rail 0.0020 932 812 973 1065
guard-rail 0.0020 977 734 1029 776
guard-rail 0.0020 975 642 1030 672
guard-rail 0.0018 1087 664 1121 706
guard-rail 0.0017 1021 669 1079 721
guard-rail 0.0017 242 694 452 737
guard-rail 0.0016 1013 873 1057 1045
guard-rail 0.0016 710 716 910 843
guard-rail 0.0015 1061 753 1098 797
guard-rail 0.0014 1146 937 1190 1040
guard-rail 0.0014 988 666 1044 705
guard-rail 0.0014 883 735 949 773
guard-rail 0.0013 813 665 1086 775
guard-rail 0.0013 1114 882 1144 970
guard-rail 0.0013 325 700 418 729
guard-rail 0.0013 1004 1020 1024 1078
guard-rail 0.0012 650 770 854 878
guard-rail 0.0011 957 889 1033 1083
guard-rail 0.0011 859 705 936 736
guard-rail 0.0011 1172 1047 1197 1079
guard-rail 0.0011 494 675 581 697
guard-rail 0.0011 897 830 950 887
guard-rail 0.0011 994 774 1133 1075
guard-rail 0.0011 883 706 959 739
guard-rail 0.0010 869 850 919 904
guard-rail 0.0010 432 848 725 1060
train-car 0.9129 1204 498 1364 691
train-car 0.0036 1131 469 1446 717
train-car 0.0010 1174 506 1255 658
rail 0.9470 1251 685 1854 1076
rail 0.8605 98 576 1165 1076
rail 0.8093 738 601 1180 1076
rail 0.7501 -3 590 1071 759
rail 0.2609 -2 620 771 805
rail 0.2440 7 618 692 716
rail 0.2259 930 705 1092 1079
rail 0.2208 977 598 1205 1080
rail 0.1953 -1 650 575 773
rail 0.0664 3 750 649 950
rail 0.0610 -5 692 443 800
rail 0.0500 171 839 754 1073
rail 0.0349 1062 600 1169 661
rail 0.0263 1064 617 1139 664
rail 0.0251 1125 586 1200 621
rail 0.0237 241 578 1142 688
rail 0.0237 -13 644 460 714
rail 0.0211 -4 703 526 873
rail 0.0196 333 603 965 671
rail 0.0154 -2 675 361 754
rail 0.0142 367 577 1181 816
rail 0.0139 1113 596 1174 629
rail 0.0111 0 779 375 926
rail 0.0108 471 588 1027 657
rail 0.0094 -4 722 271 798
rail 0.0089 1086 583 1221 645
rail 0.0084 0 724 344 841
rail 0.0084 1078 601 1157 629
rail 0.0069 282 617 820 685
rail 0.0065 162 635 718 756
rail 0.0065 935 754 999 1069
rail 0.0057 384 887 689 1074
rail 0.0046 4 588 529 691
rail 0.0044 493 632 732 676
rail 0.0040 1307 650 1910 904
rail 0.0038 646 578 1113 640
rail 0.0038 1138 587 1216 636
rail 0.0037 1586 722 1922 1043
rail 0.0035 179 664 436 729
rail 0.0034 328 741 1073 1076
rail 0.0033 720 614 786 637
rail 0.0033 1031 577 1203 686
rail 0.0031 1097 619 1158 647
rail 0.0030 397 626 629 656
rail 0.0028 441 638 523 663
rail 0.0027 1167 736 1248 868
rail 0.0026 -1 718 101 815
rail 0.0026 491 606 776 645
rail 0.0024 -6 693 267 746
rail 0.0024 930 580 1122 611
rail 0.0023 624 612 796 645
rail 0.0022 1007 623 1162 746
rail 0.0022 -4 604 387 852
rail 0.0021 -14 672 280 724
rail 0.0021 1010 736 1073 1041
rail 0.0020 557 626 760 667
rail 0.0020 793 755 1106 1083
rail 0.0020 1045 602 1118 656
rail 0.0020 389 632 705 737
rail 0.0020 69 704 385 778
rail 0.0019 811 573 1076 605
rail 0.0019 1136 572 1205 613
rail 0.0019 914 584 1156 648
rail 0.0019 888 600 1184 896
rail 0.0019 1 825 286 1004
rail 0.0018 519 666 849 816
rail 0.0018 -10 728 392 1004
rail 0.0017 1151 551 1219 624
rail 0.0017 417 618 638 645
rail 0.0016 313 676 592 805
rail 0.0015 1155 568 1185 615
rail 0.0015 1161 540 1242 659
rail 0.0015 974 775 1160 1073
rail 0.0015 570 626 1001 795
rail 0.0015 784 594 959 627
rail 0.0015 -19 638 274 698
rail 0.0014 565 603 818 660
rail 0.0014 613 586 1153 725
rail 0.0014 369 724 635 807
rail 0.0013 -18 494 907 829
rail 0.0013 799 591 1044 620
rail 0.0013 1011 550 1240 648
rail 0.0013 696 562 910 628
rail 0.0013 711 602 798 633
rail 0.0012 443 703 744 817
rail 0.0012 670 597 800 626
rail 0.0012 498 629 615 657
rail 0.0012 1187 558 1235 686
rail 0.0012 1737 763 1920 1014
rail 0.0012 1173 561 1223 636
rail 0.0011 136 692 415 746
rail 0.0011 -20 527 458 720
rail 0.0011 1 768 152 938
rail 0.0011 0 802 253 909
rail 0.0011 719 604 890 641
rail 0.0011 1426 736 1677 1019
rail 0.0011 704 558 1065 621
rail 0.0011 571 723 822 936
rail 0.0011 1123 564 1245 635
rail 0.0011 402 622 616 683
rail 0.0010 456 613 847 776
rail 0.0010 0 656 121 789
rail 0.0010 -3 627 312 678
rail 0.0010 995 581 1088 607
rail 0.0010 33 780 326 865
switch-indicator 0.2510 1208 756 1256 833
switch-indicator 0.2096 1202 759 1235 834
switch-indicator 0.2035 1233 764 1263 834
switch-indicator 0.1744 535 620 552 637
switch-indicator 0.0821 900 564 912 577
switch-indicator 0.0306 940 565 953 576
switch-indicator 0.0257 59 601 106 637
switch-indicator 0.0255 742 615 770 632
switch-indicator 0.0164 593 580 607 605
switch-indicator 0.0128 944 568 958 583
switch-indicator 0.0122 81 601 104 635
switch-indicator 0.0116 536 607 554 634
switch-indicator 0.0097 1270 833 1312 858
switch-indicator 0.0089 735 596 774 637
switch-indicator 0.0079 525 619 563 642
switch-indicator 0.0072 1266 835 1326 870
switch-indicator 0.0064 898 561 914 584
switch-indicator 0.0040 583 579 609 613
switch-indicator 0.0025 1187 750 1223 838
switch-indicator 0.0023 500 619 555 640
switch-indicator 0.0023 710 591 758 629
switch-indicator 0.0020 901 599 927 623
switch-indicator 0.0015 532 580 584 636
switch-indicator 0.0013 1253 811 1326 872
switch-indicator 0.0012 937 562 954 580
switch-indicator 0.0012 36 601 72 644
switch-indicator 0.0011 61 599 109 672
switch-indicator 0.0010 567 582 622 613
switch-indicator 0.0010 610 571 665 619
switch-left 0.2495 988 719 1091 778
switch-left 0.0349 1060 641 1121 672
switch-left 0.0089 980 705 1103 828
switch-left 0.0027 990 746 1091 801
switch-left 0.0021 1049 663 1114 704
switch-right 0.2963 985 722 1098 782
switch-right 0.0996 1076 625 1131 656
switch-right 0.0683 1000 713 1096 760
switch-right 0.0393 1059 641 1123 671
switch-right 0.0143 1047 649 1111 680
switch-right 0.0058 970 741 1104 808
switch-right 0.0041 1027 672 1115 719
switch-right 0.0028 975 683 1109 806
switch-right 0.0024 1046 664 1116 703
switch-unknown 0.1081 1082 615 1142 651
switch-unknown 0.0581 1116 598 1171 625
switch-unknown 0.0496 1102 607 1163 638
switch-unknown 0.0340 1131 587 1194 618
switch-unknown 0.0208 1154 583 1201 614
switch-unknown 0.0162 1085 600 1152 628
switch-unknown 0.0039 1155 567 1184 613
switch-unknown 0.0032 1149 592 1208 631
switch-unknown 0.0031 666 634 751 657
switch-unknown 0.0031 1064 602 1101 650
switch-unknown 0.0023 546 651 679 685
switch-unknown 0.0016 554 655 618 682
switch-unknown 0.0013 377 676 505 708
switch-unknown 0.0010 452 672 577 701
switch-static 0.3551 1135 717 1180 739
switch-static 0.1606 355 819 474 860
switch-static 0.0196 354 812 546 866
switch-static 0.0190 1143 624 1169 644
switch-static 0.0180 441 647 502 671
switch-static 0.0160 1271 836 1316 858
switch-static 0.0146 1137 720 1195 747
switch-static 0.0145 97 785 621 897
switch-static 0.0143 1003 647 1042 671
switch-static 0.0138 1011 644 1064 667
switch-static 0.0123 1123 708 1184 749
switch-static 0.0086 1124 597 1181 640
switch-static 0.0060 1179 762 1238 834
switch-static 0.0048 705 609 770 639
switch-static 0.0046 388 829 492 865
switch-static 0.0043 730 620 777 644
switch-static 0.0042 1103 619 1159 648
switch-static 0.0037 260 810 476 875
switch-static 0.0036 1135 698 1180 734
switch-static 0.0033 367 796 512 856
switch-static 0.0031 692 631 766 656
switch-static 0.0030 329 819 432 856
switch-static 0.0025 881 637 910 655
switch-static 0.0024 1103 707 1148 738
switch-static 0.0023 1188 774 1221 843
switch-static 0.0022 429 679 508 701
switch-static 0.0022 284 796 459 850
switch-static 0.0016 310 777 559 908
switch-static 0.0016 553 671 615 692
switch-static 0.0016 1186 821 1224 858
switch-static 0.0014 670 609 753 642
switch-static 0.0014 854 628 905 655
switch-static 0.0013 705 648 754 667
switch-static 0.0013 528 656 605 685
switch-static 0.0013 1116 679 1162 737
switch-static 0.0012 470 664 562 689
switch-static 0.0011 1134 732 1181 771
switch-static 0.0011 411 652 486 686
switch-static 0.0011 438 628 501 654
switch-static 0.0010 299 827 453 872
switch-static 0.0010 1182 840 1227 867
track-sign-front 0.0519 835 544 850 570
track-sign-front 0.0262 1269 836 1312 858
track-sign-front 0.0190 82 602 103 633
track-sign-front 0.0049 830 539 849 577
track-sign-front 0.0023 834 526 851 568
track-sign-front 0.0021 810 526 855 609
track-sign-front 0.0014 1240 766 1262 807
track-sign-front 0.0013 541 485 560 530
track-signal-front 0.3376 1079 529 1089 546
track-signal-front 0.0200 47 606 85 636
track-signal-front 0.0185 1077 526 1091 555
track-signal-front 0.0033 1071 486 1098 555
track-signal-front 0.0031 36 606 72 638
track-signal-front 0.0011 23 526 96 617
track-signal-front 0.0011 820 431 854 532
track-signal-back 0.1020 1177 518 1187 535
track-signal-back 0.0381 1176 518 1187 554
track-signal-back 0.0060 1174 516 1187 582
track-signal-back 0.0022 1870 97 1918 209
track-signal-back 0.0015 1166 512 1230 553
pole 0.4764 807 314 844 644
pole 0.3538 5 -13 121 861
pole 0.0920 798 67 853 657
pole 0.0830 1082 522 1091 620
pole 0.0762 1025 422 1044 605
pole 0.0490 47 75 117 783
pole 0.0399 0 233 88 882
pole 0.0382 1024 457 1037 597
pole 0.0263 526 386 553 628
pole 0.0139 1062 520 1097 621
pole 0.0102 1 82 61 779
pole 0.0097 819 331 870 629
pole 0.0077 774 81 889 641
pole 0.0060 1863 4 1920 1036
pole 0.0058 1023 425 1066 613
pole 0.0047 1165 543 1199 625
pole 0.0045 507 345 563 636
pole 0.0042 1009 442 1052 604
pole 0.0040 536 411 560 607
pole 0.0039 66 8 130 684
pole 0.0037 794 531 809 601
pole 0.0032 5 470 123 885
pole 0.0029 762 329 820 632
pole 0.0026 914 464 934 598
pole 0.0025 1076 480 1130 609
pole 0.0024 1033 388 1085 630
pole 0.0024 794 425 820 640
pole 0.0024 1113 489 1128 569
pole 0.0021 26 374 135 771
pole 0.0018 1020 398 1040 587
pole 0.0018 1173 509 1188 595
pole 0.0016 1884 183 1918 853
pole 0.0016 1072 440 1096 599
pole 0.0016 67 26 205 913
pole 0.0015 958 432 1063 619
pole 0.0015 832 481 853 610
pole 0.0013 1110 452 1127 585
pole 0.0012 46 495 107 651
pole 0.0011 771 520 845 659
pole 0.0011 790 514 805 603
pole 0.0010 1035 457 1114 649
pole 0.0010 513 371 548 594
pole 0.0010 812 527 847 620
pole 0.0010 780 321 945 659
rail-occluder 0.0198 1081 586 1094 626
rail-occluder 0.0137 746 616 782 633
rail-occluder 0.0110 1029 573 1058 610
rail-occluder 0.0080 450 642 509 662
rail-occluder 0.0076 812 597 839 641
rail-occluder 0.0063 897 562 917 609
rail-occluder 0.0058 776 567 818 624
rail-occluder 0.0052 1053 571 1097 624
rail-occluder 0.0052 786 572 801 605
rail-occluder 0.0051 830 603 869 640
rail-occluder 0.0049 1009 578 1040 609
rail-occluder 0.0042 0 728 77 845
rail-occluder 0.0040 789 539 808 610
rail-occluder 0.0039 761 576 806 623
rail-occluder 0.0027 773 600 835 644
rail-occluder 0.0024 526 622 584 658
rail-occluder 0.0024 772 595 878 641
rail-occluder 0.0022 895 583 942 620
rail-occluder 0.0016 84 608 112 667
rail-occluder 0.0016 844 608 892 642
rail-occluder 0.0015 469 625 554 656
rail-occluder 0.0014 732 613 802 637
rail-occluder 0.0013 920 568 968 603
rail-occluder 0.0013 2 737 38 845
rail-occluder 0.0012 3 708 78 790
rail-occluder 0.0012 874 596 923 649
rail-occluder 0.0011 59 576 109 704
rail-occluder 0.0011 840 591 901 626
rail-occluder 0.0011 821 586 875 633
rail-occluder 0.0011 728 618 780 646
rail-occluder 0.0011 940 567 962 588
rail-occluder 0.0010 419 636 485 663
rail-occluder 0.0010 756 589 939 633
