guard-rail 0.0012 914 515 959 594
train-car 0.5486 954 454 1465 580
train-car 0.0676 893 479 930 498
train-car 0.0116 952 434 1739 600
train-car 0.0032 2 442 156 600
train-car 0.0026 898 472 969 495
train-car 0.0021 915 375 1486 658
train-car 0.0014 1112 463 1394 572
train-car 0.0014 925 472 1226 567
train-car 0.0012 896 450 938 497
train-car 0.0012 876 447 919 500
platform 0.0560 619 488 844 525
platform 0.0532 884 483 927 501
platform 0.0137 818 493 885 534
platform 0.0123 842 489 912 521
platform 0.0112 560 476 846 537
platform 0.0054 649 501 879 565
platform 0.0050 610 452 842 517
platform 0.0041 848 473 920 501
platform 0.0028 552 468 808 513
platform 0.0025 690 479 819 533
platform 0.0014 532 463 869 575
platform 0.0012 652 495 814 542
rail 0.9577 870 489 1175 1076
rail 0.7005 8 488 835 639
rail 0.6705 -4 495 850 885
rail 0.1433 8 516 639 609
rail 0.0793 889 482 926 504
rail 0.0791 125 500 780 591
rail 0.0313 4 524 547 679
rail 0.0190 277 532 566 593
rail 0.0167 398 487 816 609
rail 0.0140 356 502 850 674
rail 0.0098 594 492 821 536
rail 0.0083 842 486 915 522
rail 0.0069 830 497 901 537
rail 0.0069 459 488 803 557
rail 0.0055 67 431 435 620
rail 0.0053 269 525 534 569
rail 0.0043 630 488 863 573
rail 0.0033 901 497 944 540
rail 0.0030 858 501 931 533
rail 0.0030 380 545 476 601
rail 0.0027 339 514 578 558
rail 0.0020 322 508 881 805
rail 0.0019 4 491 320 667
rail 0.0018 293 515 454 553
rail 0.0018 748 496 911 608
rail 0.0016 352 497 550 585
rail 0.0015 224 521 400 603
rail 0.0015 801 481 901 544
rail 0.0015 313 542 505 602
rail 0.0014 248 539 473 624
rail 0.0013 198 543 354 593
rail 0.0013 901 473 967 511
rail 0.0012 252 503 483 596
rail 0.0012 -26 572 370 1071
rail 0.0011 514 506 787 593
rail 0.0011 195 547 323 622
rail 0.0011 467 528 736 651
rail 0.0010 394 516 528 555
rail 0.0010 41 539 365 715
rail 0.0010 320 521 424 561
switch-unknown 0.0032 904 500 942 532
track-sign-front 0.0403 454 523 467 545
track-sign-front 0.0041 1006 495 1019 536
track-sign-front 0.0017 1327 497 1353 561
track-sign-front 0.0015 996 477 1019 526
track-sign-front 0.0015 1900 511 1918 574
track-sign-front 0.0012 0 24 86 139
track-sign-front 0.0011 989 504 1019 558
track-sign-front 0.0011 932 462 983 496
track-signal-front 0.1570 1585 390 1641 469
track-signal-front 0.0097 1590 464 1639 520
track-signal-front 0.0094 1585 401 1645 521
track-signal-front 0.0075 1589 389 1638 422
track-signal-front 0.0029 463 402 477 449
track-signal-front 0.0019 1585 375 1626 418
track-signal-front 0.0012 462 387 499 468
track-signal-back 0.2036 621 334 642 385
track-signal-back 0.1736 622 390 639 426
track-signal-back 0.0594 621 359 641 401
track-signal-back 0.0095 632 388 670 443
track-signal-back 0.0093 1588 470 1639 531
track-signal-back 0.0055 619 334 639 359
track-signal-back 0.0051 801 382 816 452
track-signal-back 0.0026 844 394 874 488
track-signal-back 0.0022 716 390 738 458
track-signal-back 0.0020 661 380 677 460
track-signal-back 0.0017 804 383 816 417
track-signal-back 0.0013 1592 501 1638 539
track-signal-back 0.0012 620 353 660 414
track-signal-back 0.0010 709 388 728 457
pole 0.6226 185 25 314 642
pole 0.4793 795 371 815 537
pole 0.1984 569 331 590 554
pole 0.1873 618 363 634 542
pole 0.1640 841 375 854 502
pole 0.1144 620 410 631 548
pole 0.0600 461 360 476 549
pole 0.0557 618 448 629 560
pole 0.0529 161 312 185 555
pole 0.0503 717 388 729 514
pole 0.0494 328 264 375 550
pole 0.0477 186 274 270 641
pole 0.0470 563 337 611 557
pole 0.0364 543 394 604 579
pole 0.0317 788 388 810 554
pole 0.0307 658 360 674 516
pole 0.0251 802 369 839 514
pole 0.0227 556 406 590 564
pole 0.0183 157 295 206 603
pole 0.0170 201 318 249 594
pole 0.0165 612 338 645 523
pole 0.0151 353 321 379 544
pole 0.0122 831 374 862 535
pole 0.0117 791 447 813 538
pole 0.0114 290 150 371 605
pole 0.0108 321 272 352 539
pole 0.0092 710 421 739 526
pole 0.0090 171 294 243 575
pole 0.0068 142 97 244 644
pole 0.0064 359 388 376 527
pole 0.0063 786 403 833 544
pole 0.0059 873 420 918 520
pole 0.0059 570 386 586 530
pole 0.0053 739 421 790 533
pole 0.0046 87 337 415 700
pole 0.0046 502 360 519 549
pole 0.0046 456 411 471 545
pole 0.0043 194 387 235 611
pole 0.0041 460 410 485 547
pole 0.0040 607 380 639 566
pole 0.0034 453 358 486 570
pole 0.0034 851 450 918 515
pole 0.0033 15 285 289 706
pole 0.0033 746 427 825 575
pole 0.0033 593 393 659 556
pole 0.0032 845 405 898 523
pole 0.0031 166 365 181 506
pole 0.0029 0 -7 66 652
pole 0.0024 1008 381 1021 493
pole 0.0024 525 393 728 533
pole 0.0024 800 384 817 454
pole 0.0023 501 380 513 487
pole 0.0023 199 219 289 548
pole 0.0023 652 442 701 524
pole 0.0021 346 279 385 497
pole 0.0021 684 433 741 528
pole 0.0021 462 381 479 469
pole 0.0021 824 444 873 521
pole 0.0020 626 446 848 557
pole 0.0020 843 388 871 495
pole 0.0020 634 413 675 538
pole 0.0019 917 384 935 504
pole 0.0019 352 367 396 581
pole 0.0019 1 76 126 677
pole 0.0018 746 386 777 523
pole 0.0018 144 439 300 693
pole 0.0015 160 398 267 604
pole 0.0015 320 338 392 569
pole 0.0014 621 373 704 526
pole 0.0014 539 443 715 555
pole 0.0014 565 348 585 494
pole 0.0014 644 357 684 523
pole 0.0014 459 351 499 513
pole 0.0014 691 395 756 515
pole 0.0014 1853 241 1918 1071
pole 0.0014 1006 361 1026 558
pole 0.0014 632 469 671 539
pole 0.0012 338 381 378 522
pole 0.0012 893 426 942 513
pole 0.0012 148 335 191 567
pole 0.0011 449 342 475 526
pole 0.0011 501 394 515 453
pole 0.0011 255 254 369 679
pole 0.0011 503 405 529 556
pole 0.0011 365 346 391 519
pole 0.0010 664 447 767 523
rail-occluder 0.5492 531 493 608 567
rail-occluder 0.2525 2 520 612 1055
rail-occluder 0.1162 748 517 831 581
rail-occluder 0.0672 607 507 630 564
rail-occluder 0.0553 -3 541 415 853
rail-occluder 0.0542 453 524 466 547
rail-occluder 0.0377 599 533 628 561
rail-occluder 0.0351 504 485 633 591
rail-occluder 0.0344 617 487 635 560
rail-occluder 0.0297 609 528 629 556
rail-occluder 0.0260 744 500 851 602
rail-occluder 0.0259 0 516 300 761
rail-occluder 0.0216 819 491 885 535
rail-occluder 0.0195 406 549 439 599
rail-occluder 0.0173 518 516 591 567
rail-occluder 0.0162 169 582 471 1028
rail-occluder 0.0156 746 521 789 570
rail-occluder 0.0131 2 546 221 710
rail-occluder 0.0090 761 480 879 567
rail-occluder 0.0087 401 538 439 580
rail-occluder 0.0078 359 544 487 601
rail-occluder 0.0078 423 524 471 563
rail-occluder 0.0067 792 474 870 538
rail-occluder 0.0065 228 528 671 886
rail-occluder 0.0054 248 553 293 632
rail-occluder 0.0050 571 519 668 564
rail-occluder 0.0043 634 497 661 550
rail-occluder 0.0042 374 525 425 565
rail-occluder 0.0042 526 485 725 563
rail-occluder 0.0040 375 537 469 586
rail-occluder 0.0040 520 467 587 561
rail-occluder 0.0036 353 585 539 830
rail-occluder 0.0036 387 550 430 594
rail-occluder 0.0032 354 510 388 549
rail-occluder 0.0032 365 512 409 553
rail-occluder 0.0030 718 501 811 564
rail-occluder 0.0030 291 559 503 873
rail-occluder 0.0028 1 455 159 669
rail-occluder 0.0028 471 493 572 583
rail-occluder 0.0027 397 558 451 612
rail-occluder 0.0026 498 535 628 582
rail-occluder 0.0026 207 534 300 673
rail-occluder 0.0026 395 525 489 569
rail-occluder 0.0023 225 512 311 623
rail-occluder 0.0022 353 526 452 566
rail-occluder 0.0022 263 551 306 598
rail-occluder 0.0021 447 518 717 604
rail-occluder 0.0021 0 569 179 816
rail-occluder 0.0020 3 560 264 949
rail-occluder 0.0017 413 568 455 608
rail-occluder 0.0016 357 504 381 537
rail-occluder 0.0016 341 519 399 560
rail-occluder 0.0016 545 545 622 573
rail-occluder 0.0016 6 567 124 654
rail-occluder 0.0016 580 447 663 561
rail-occluder 0.0015 387 521 437 559
rail-occluder 0.0013 445 446 721 644
rail-occluder 0.0013 393 520 527 555
rail-occluder 0.0012 625 489 913 673
rail-occluder 0.0012 244 548 358 634
rail-occluder 0.0012 727 492 874 644
rail-occluder 0.0011 489 503 556 556
rail-occluder 0.0011 589 545 635 573
rail-occluder 0.0011 341 509 377 549
rail-occluder 0.0010 735 516 802 609
