guard-rail 0.1986 884 538 954 695
guard-rail 0.1774 913 551 945 694
guard-rail 0.0484 907 550 973 688
guard-rail 0.0329 849 532 953 639
guard-rail 0.0231 823 537 1029 935
guard-rail 0.0132 872 538 935 743
guard-rail 0.0111 840 535 986 699
guard-rail 0.0070 883 536 984 636
guard-rail 0.0056 827 528 1007 611
guard-rail 0.0027 879 535 958 598
guard-rail 0.0025 932 573 975 709
guard-rail 0.0023 1624 1013 1705 1073
guard-rail 0.0021 916 595 937 716
guard-rail 0.0017 903 569 945 748
guard-rail 0.0015 805 530 943 780
guard-rail 0.0014 931 542 979 649
guard-rail 0.0013 920 585 958 726
guard-rail 0.0013 824 529 945 587
rail 0.9376 800 528 1054 1076
rail 0.0046 1612 1007 1713 1074
rail 0.0017 1608 951 1774 1062
rail 0.0012 1508 994 1713 1086
switch-indicator 0.0633 1666 904 1808 1017
switch-indicator 0.0025 1648 852 1842 1022
switch-static 0.0823 1674 906 1805 1017
switch-static 0.0075 1657 908 1885 1039
pole 0.0036 700 43 811 596
pole 0.0018 746 107 803 618
rail-occluder 0.0103 773 504 803 565
rail-occluder 0.0037 762 514 812 570
