crossing 0.0107 1088 609 1126 624
crossing 0.0092 1007 572 1041 593
crossing 0.0020 1071 599 1122 628
train-car 0.0403 1012 564 1041 586
train-car 0.0271 1003 554 1045 585
rail 0.9688 1042 570 1912 1077
rail 0.9628 937 570 1202 1077
switch-indicator 0.0050 1319 685 1370 716
switch-indicator 0.0027 1310 673 1350 706
switch-unknown 0.0018 1076 605 1128 627
switch-static 0.0123 1311 684 1360 711
switch-static 0.0094 1328 690 1382 726
switch-static 0.0065 1180 626 1218 645
switch-static 0.0060 1183 630 1233 651
switch-static 0.0046 905 688 929 718
switch-static 0.0036 1337 720 1387 746
switch-static 0.0034 1175 622 1200 641
switch-static 0.0032 865 693 923 726
switch-static 0.0025 1168 621 1209 651
switch-static 0.0025 1302 681 1343 713
switch-static 0.0020 1344 708 1391 737
switch-static 0.0016 1203 632 1238 652
switch-static 0.0011 1287 695 1337 722
switch-static 0.0010 910 685 953 714
track-sign-front 0.9004 591 755 664 1003
track-sign-front 0.0945 956 567 969 585
track-sign-front 0.0572 1163 573 1177 592
track-sign-front 0.0329 599 756 666 834
track-sign-front 0.0183 956 568 972 599
track-sign-front 0.0135 596 741 670 898
track-sign-front 0.0086 1164 563 1176 580
track-sign-front 0.0068 598 812 658 963
track-sign-front 0.0068 592 883 659 1007
track-sign-front 0.0043 600 1004 624 1030
track-sign-front 0.0040 1161 570 1180 608
track-sign-front 0.0039 954 557 966 577
track-sign-front 0.0037 974 553 1032 595
track-sign-front 0.0012 999 543 1021 576
