guard-rail 0.5311 1005 725 1070 771
guard-rail 0.4991 881 724 894 777
guard-rail 0.3413 1081 718 1151 773
guard-rail 0.3031 880 734 890 780
guard-rail 0.2243 1559 956 1762 1077
guard-rail 0.1935 1059 716 1133 763
guard-rail 0.1856 663 750 709 795
guard-rail 0.1359 1096 735 1156 779
guard-rail 0.1336 1541 969 1691 1062
guard-rail 0.1093 1625 938 1919 1077
guard-rail 0.0938 1249 769 1389 814
guard-rail 0.0796 1065 710 1157 752
guard-rail 0.0787 1022 719 1100 769
guard-rail 0.0673 883 692 912 766
guard-rail 0.0591 884 678 957 736
guard-rail 0.0553 1012 730 1089 786
guard-rail 0.0490 1035 700 1105 748
guard-rail 0.0415 1004 671 1043 689
guard-rail 0.0386 414 916 524 1070
guard-rail 0.0380 648 758 696 806
guard-rail 0.0370 1542 919 1764 1010
guard-rail 0.0358 706 684 774 710
guard-rail 0.0323 939 708 959 754
guard-rail 0.0271 993 715 1057 763
guard-rail 0.0271 677 689 740 713
guard-rail 0.0250 886 702 930 774
guard-rail 0.0238 1012 677 1073 705
guard-rail 0.0220 1609 951 1775 1016
guard-rail 0.0220 1014 701 1086 755
guard-rail 0.0219 701 686 760 722
guard-rail 0.0206 1032 687 1096 716
guard-rail 0.0184 906 697 962 744
guard-rail 0.0180 1267 756 1404 802
guard-rail 0.0176 666 691 712 714
guard-rail 0.0175 1262 782 1356 823
guard-rail 0.0170 1306 766 1448 811
guard-rail 0.0156 685 739 722 774
guard-rail 0.0154 1543 891 1838 1040
guard-rail 0.0154 1203 743 1318 784
guard-rail 0.0139 863 744 879 779
guard-rail 0.0137 1055 690 1120 718
guard-rail 0.0121 1103 723 1200 771
guard-rail 0.0120 1174 742 1257 785
guard-rail 0.0116 1635 958 1790 1066
guard-rail 0.0111 1204 728 1317 765
guard-rail 0.0092 1591 864 1799 961
guard-rail 0.0091 1071 753 1148 802
guard-rail 0.0090 948 711 965 760
guard-rail 0.0088 1015 749 1070 791
guard-rail 0.0088 1235 748 1377 794
guard-rail 0.0083 1745 930 1928 1058
guard-rail 0.0082 964 668 1020 694
guard-rail 0.0081 863 727 880 766
guard-rail 0.0074 1218 746 1595 855
guard-rail 0.0063 1030 735 1134 789
guard-rail 0.0061 937 671 996 698
guard-rail 0.0060 1056 722 1396 846
guard-rail 0.0057 1115 714 1190 743
guard-rail 0.0057 1121 656 1517 963
guard-rail 0.0055 1664 884 1910 1047
guard-rail 0.0053 1207 761 1319 799
guard-rail 0.0052 1609 886 1861 977
guard-rail 0.0051 1198 757 1275 793
guard-rail 0.0047 697 742 729 782
guard-rail 0.0046 1319 773 1491 835
guard-rail 0.0046 1270 774 1432 828
guard-rail 0.0041 1645 958 1746 1006
guard-rail 0.0041 968 699 1111 820
guard-rail 0.0040 1071 687 1146 720
guard-rail 0.0038 703 674 775 701
guard-rail 0.0037 705 716 749 759
guard-rail 0.0035 937 693 983 746
guard-rail 0.0034 1159 750 1299 822
guard-rail 0.0034 870 750 891 796
guard-rail 0.0033 1755 902 1915 976
guard-rail 0.0033 1149 724 1229 760
guard-rail 0.0032 1520 844 1797 989
guard-rail 0.0032 1328 760 1423 799
guard-rail 0.0029 875 720 900 780
guard-rail 0.0029 1382 768 1520 818
guard-rail 0.0028 1499 895 1709 1018
guard-rail 0.0027 1148 737 1235 782
guard-rail 0.0027 1105 750 1158 795
guard-rail 0.0026 1411 786 1551 833
guard-rail 0.0025 470 916 522 1068
guard-rail 0.0025 1788 917 1920 1007
guard-rail 0.0024 1104 675 1179 704
guard-rail 0.0023 1372 758 1484 799
guard-rail 0.0022 667 741 742 792
guard-rail 0.0021 989 684 1238 828
guard-rail 0.0021 1032 667 1101 700
guard-rail 0.0021 1026 692 1168 784
guard-rail 0.0020 610 767 680 811
guard-rail 0.0020 760 657 818 707
guard-rail 0.0020 1245 728 1357 768
guard-rail 0.0019 1598 853 1750 931
guard-rail 0.0019 742 687 806 723
guard-rail 0.0018 1840 926 1920 1056
guard-rail 0.0018 860 725 891 788
guard-rail 0.0017 1028 749 1112 800
guard-rail 0.0017 616 706 747 840
guard-rail 0.0017 1148 715 1225 741
guard-rail 0.0015 880 754 895 789
guard-rail 0.0015 878 692 948 758
guard-rail 0.0015 1621 826 1702 899
guard-rail 0.0013 1300 759 1841 1021
guard-rail 0.0013 1194 718 1276 752
guard-rail 0.0013 944 735 962 782
guard-rail 0.0012 1295 744 1724 894
guard-rail 0.0012 1496 932 1669 1043
guard-rail 0.0011 1222 720 1300 754
guard-rail 0.0011 1161 713 1260 747
guard-rail 0.0011 1096 707 1222 763
guard-rail 0.0011 1614 933 1721 999
guard-rail 0.0011 1299 728 1404 765
guard-rail 0.0010 1346 730 1560 841
guard-rail 0.0010 1784 944 1886 1063
guard-rail 0.0010 845 768 873 821
guard-rail 0.0010 496 746 588 790
guard-rail 0.0010 1621 836 1771 909
rail 0.9440 727 639 1021 1077
rail 0.9341 0 647 807 1076
rail 0.8871 913 635 1804 1076
rail 0.1826 1555 969 1749 1075
rail 0.0178 1614 948 1890 1077
rail 0.0156 1538 976 1674 1067
rail 0.0090 -1 689 574 949
rail 0.0057 392 882 548 1074
rail 0.0049 951 640 1499 980
rail 0.0046 1493 802 1851 1070
rail 0.0036 1642 970 1782 1075
rail 0.0034 1269 732 1859 959
rail 0.0029 1591 847 1898 1005
rail 0.0023 1242 763 1953 1137
rail 0.0021 782 678 1214 1076
rail 0.0020 866 638 904 665
rail 0.0020 1138 684 1678 929
rail 0.0020 1576 997 1706 1081
rail 0.0017 357 684 835 1071
rail 0.0012 1741 960 1921 1078
rail 0.0012 1040 727 1315 1021
rail 0.0011 198 747 453 977
rail 0.0011 1063 634 1574 874
rail 0.0011 16 864 461 1076
rail 0.0010 73 776 639 1070
rail 0.0010 -6 711 331 861
switch-indicator 0.1160 1661 806 1683 837
switch-indicator 0.0033 1656 796 1689 847
switch-indicator 0.0033 99 858 122 887
switch-indicator 0.0021 1649 807 1679 840
switch-indicator 0.0012 1671 784 1751 833
switch-indicator 0.0011 1713 782 1748 814
switch-left 0.0330 743 667 799 697
switch-left 0.0046 726 663 804 707
switch-left 0.0020 862 652 905 676
switch-right 0.2171 886 673 949 703
switch-right 0.0888 753 660 810 687
switch-right 0.0887 735 670 799 698
switch-right 0.0570 878 665 939 692
switch-right 0.0282 887 680 954 734
switch-right 0.0271 708 683 773 713
switch-right 0.0096 940 658 1005 686
switch-right 0.0084 868 642 911 663
switch-right 0.0062 914 662 981 691
switch-right 0.0022 700 674 776 702
switch-right 0.0015 1410 791 1780 930
switch-right 0.0012 726 657 804 715
switch-unknown 0.0759 769 656 811 676
switch-unknown 0.0741 753 660 809 688
switch-unknown 0.0293 868 640 909 659
switch-unknown 0.0265 992 664 1037 685
switch-unknown 0.0156 975 659 1026 681
switch-unknown 0.0088 1000 668 1060 693
switch-unknown 0.0073 969 649 1020 674
switch-unknown 0.0073 989 649 1036 673
switch-unknown 0.0063 888 636 940 663
switch-unknown 0.0049 910 637 969 664
switch-unknown 0.0025 942 643 998 677
switch-unknown 0.0020 1128 677 1192 697
switch-unknown 0.0019 855 621 898 658
switch-unknown 0.0014 1100 670 1179 694
switch-unknown 0.0013 1008 638 1065 673
switch-unknown 0.0012 730 627 795 667
switch-unknown 0.0010 1063 664 1120 697
switch-unknown 0.0010 869 609 925 665
switch-static 0.0183 668 691 708 708
switch-static 0.0108 858 645 906 677
switch-static 0.0089 1659 809 1693 846
switch-static 0.0035 781 651 836 678
switch-static 0.0029 835 654 878 679
switch-static 0.0016 92 857 128 890
switch-static 0.0014 1129 674 1185 694
switch-static 0.0012 1671 784 1752 833
switch-static 0.0011 772 699 820 723
switch-static 0.0010 779 635 844 673
track-sign-front 0.0097 1442 682 1456 700
track-sign-front 0.0039 1290 672 1317 697
track-sign-front 0.0035 599 625 619 653
track-sign-front 0.0023 1268 651 1288 672
track-sign-front 0.0020 544 656 569 689
track-sign-front 0.0017 548 652 570 678
track-sign-front 0.0011 1263 646 1304 692
track-sign-front 0.0010 1447 682 1463 706
track-signal-front 0.0017 605 625 620 643
track-signal-back 0.0898 911 594 922 613
track-signal-back 0.0201 913 588 925 604
track-signal-back 0.0164 845 591 859 617
track-signal-back 0.0161 790 592 804 611
track-signal-back 0.0129 907 593 927 642
track-signal-back 0.0083 847 584 858 606
track-signal-back 0.0081 968 590 980 641
track-signal-back 0.0069 848 587 866 613
track-signal-back 0.0061 913 588 946 612
track-signal-back 0.0051 788 585 802 617
track-signal-back 0.0036 792 585 808 605
track-signal-back 0.0021 805 582 859 615
track-signal-back 0.0013 784 595 815 653
pole 0.0152 548 439 562 715
pole 0.0142 1042 554 1053 656
pole 0.0050 969 593 982 647
pole 0.0045 729 555 744 661
pole 0.0029 845 581 860 645
pole 0.0013 965 584 995 660
