guard-rail 0.0038 848 750 961 1063
guard-rail 0.0026 868 782 934 1012
guard-rail 0.0012 883 860 911 931
rail 0.8433 610 738 1071 1077
rail 0.0208 1328 -94 1645 370
rail 0.0048 836 762 1083 1076
track-sign-front 0.0049 807 566 828 605
track-sign-front 0.0040 1040 763 1055 782
track-signal-front 0.0626 1351 12 1616 286
track-signal-back 0.7718 1350 7 1613 278
track-signal-back 0.0063 1386 127 1601 281
track-signal-back 0.0060 806 575 827 604
track-signal-back 0.0041 728 544 750 592
track-signal-back 0.0024 802 554 825 607
track-signal-back 0.0014 721 538 757 584
pole 0.0096 772 447 795 767
pole 0.0094 775 427 811 865
pole 0.0048 786 453 826 857
pole 0.0022 797 504 826 688
pole 0.0016 776 406 835 995
pole 0.0013 757 454 799 853
pole 0.0013 780 526 807 777
pole 0.0010 782 533 847 894
