guard-rail 0.0072 867 797 899 889
guard-rail 0.0050 674 733 760 788
guard-rail 0.0046 881 765 913 872
guard-rail 0.0043 1841 893 1921 1048
guard-rail 0.0043 878 738 926 991
guard-rail 0.0038 728 721 803 793
guard-rail 0.0035 1834 1021 1866 1074
guard-rail 0.0034 863 781 908 937
guard-rail 0.0027 1843 1005 1872 1080
guard-rail 0.0020 924 673 994 730
guard-rail 0.0019 905 726 953 801
guard-rail 0.0019 758 714 820 763
guard-rail 0.0018 1829 940 1898 1081
guard-rail 0.0015 1815 1005 1874 1076
guard-rail 0.0015 842 730 928 1035
guard-rail 0.0014 877 803 918 917
guard-rail 0.0013 975 727 1007 836
guard-rail 0.0012 1880 913 1920 1100
guard-rail 0.0011 950 713 1013 816
guard-rail 0.0010 883 742 926 833
platform 0.0011 1019 527 1063 574
rail 0.9242 1062 545 1908 1077
rail 0.8839 290 551 977 1079
rail 0.8714 3 568 895 949
rail 0.8418 741 536 1036 1082
rail 0.8291 1123 547 1919 803
rail 0.5051 842 718 1002 1078
rail 0.4620 237 719 823 1076
rail 0.1253 894 678 1015 860
rail 0.1047 1254 571 1918 720
rail 0.0484 731 738 977 1078
rail 0.0270 11 609 724 827
rail 0.0134 498 657 786 1022
rail 0.0087 1528 396 1830 748
rail 0.0085 636 617 858 996
rail 0.0066 1514 616 1925 756
rail 0.0061 871 706 957 1034
rail 0.0056 1348 613 1920 874
rail 0.0047 1799 682 1918 739
rail 0.0037 411 742 707 1046
rail 0.0026 1758 641 1922 769
rail 0.0025 957 571 1033 1048
rail 0.0025 1757 671 1915 725
rail 0.0020 1870 905 1920 946
rail 0.0017 1604 665 1920 866
rail 0.0016 480 549 959 912
rail 0.0013 1235 536 1895 664
rail 0.0013 1388 660 1920 1061
rail 0.0013 668 596 942 1082
rail 0.0012 1781 682 1920 793
rail 0.0012 1843 681 1921 724
rail 0.0011 971 622 1112 832
rail 0.0010 1128 549 1297 592
rail 0.0010 1882 686 1920 747
rail 0.0010 1 680 532 916
rail 0.0010 1154 554 1393 595
rail 0.0010 929 712 997 1049
rail 0.0010 1852 688 1920 795
switch-indicator 0.0032 1538 682 1567 711
switch-indicator 0.0022 1013 577 1031 596
switch-indicator 0.0016 1838 910 1872 961
switch-left 0.1819 912 713 1007 801
switch-left 0.0859 711 711 806 769
switch-left 0.0130 681 723 792 784
switch-left 0.0050 661 691 833 809
switch-left 0.0019 691 646 876 806
switch-right 0.3263 912 711 1006 788
switch-right 0.1100 706 714 804 768
switch-right 0.0361 723 706 824 752
switch-right 0.0108 682 724 793 784
switch-right 0.0046 596 685 829 817
switch-right 0.0032 922 681 1003 732
switch-right 0.0023 753 697 830 741
switch-right 0.0019 956 702 1028 745
switch-right 0.0012 896 732 963 801
switch-right 0.0011 942 712 1014 818
switch-static 0.6797 1013 693 1083 728
switch-static 0.4097 683 698 736 729
switch-static 0.2032 858 699 911 727
switch-static 0.1414 1845 905 1917 955
switch-static 0.0194 677 706 744 745
switch-static 0.0140 1538 684 1567 707
switch-static 0.0095 852 693 924 738
switch-static 0.0085 1836 911 1908 978
switch-static 0.0074 759 833 826 855
switch-static 0.0061 847 706 907 750
switch-static 0.0058 662 717 721 754
switch-static 0.0051 1039 695 1099 727
switch-static 0.0050 883 698 927 739
switch-static 0.0033 1390 953 1579 1065
switch-static 0.0033 1011 673 1071 711
switch-static 0.0032 1870 906 1920 945
switch-static 0.0029 884 687 931 720
switch-static 0.0029 718 692 787 726
switch-static 0.0028 1864 898 1921 1003
switch-static 0.0027 872 709 932 769
switch-static 0.0026 666 742 710 780
switch-static 0.0025 1011 705 1077 737
switch-static 0.0025 814 695 913 746
switch-static 0.0020 1529 688 1572 716
switch-static 0.0017 1484 948 1567 1039
switch-static 0.0014 962 700 1029 744
switch-static 0.0010 1371 979 1493 1051
switch-static 0.0010 1835 910 1873 961
track-sign-front 0.0084 1021 515 1060 576
track-sign-front 0.0048 491 650 517 684
track-sign-front 0.0037 495 633 523 682
track-sign-front 0.0031 1647 252 1672 276
track-sign-front 0.0022 494 600 522 715
track-sign-front 0.0017 1730 620 1758 651
track-sign-front 0.0017 1788 627 1812 660
track-sign-front 0.0016 485 623 517 680
track-sign-front 0.0015 1740 616 1771 649
track-sign-front 0.0011 1003 545 1042 610
track-sign-front 0.0011 918 513 954 571
track-sign-front 0.0010 153 664 187 690
track-sign-front 0.0010 154 665 171 687
track-signal-front 0.2743 957 505 967 522
track-signal-front 0.2345 923 522 932 536
track-signal-front 0.1617 1009 497 1021 520
track-signal-front 0.0859 918 509 962 539
track-signal-front 0.0811 922 513 935 536
track-signal-front 0.0387 1006 504 1021 530
track-signal-front 0.0074 954 502 968 529
track-signal-front 0.0026 1005 497 1022 544
track-signal-back 0.2595 864 501 884 527
track-signal-back 0.2115 1010 485 1025 525
track-signal-back 0.1821 737 509 749 531
track-signal-back 0.1364 1013 479 1027 510
track-signal-back 0.1278 856 507 870 529
track-signal-back 0.1057 886 506 898 526
track-signal-back 0.0205 855 499 873 553
track-signal-back 0.0107 1012 450 1039 525
track-signal-back 0.0090 1015 456 1028 486
track-signal-back 0.0063 1004 476 1023 503
track-signal-back 0.0056 884 499 898 546
track-signal-back 0.0054 920 477 940 503
track-signal-back 0.0036 1319 476 1332 548
track-signal-back 0.0031 884 483 910 510
track-signal-back 0.0027 846 442 856 463
track-signal-back 0.0022 927 478 954 509
track-signal-back 0.0015 856 499 892 530
track-signal-back 0.0014 845 498 900 544
track-signal-back 0.0011 1007 478 1034 513
track-signal-back 0.0010 842 442 860 521
track-signal-back 0.0010 1011 434 1041 487
track-signal-back 0.0010 1315 475 1330 506
pole 0.7237 1754 238 1802 785
pole 0.6425 486 246 518 807
pole 0.5297 1119 219 1154 769
pole 0.3776 1373 391 1388 634
pole 0.2481 1246 429 1260 611
pole 0.1026 850 494 887 609
pole 0.0545 879 512 902 592
pole 0.0392 1147 453 1170 589
pole 0.0366 1159 445 1172 581
pole 0.0316 1010 453 1038 567
pole 0.0265 1674 254 1801 767
pole 0.0228 1011 452 1066 586
pole 0.0207 1008 490 1026 538
pole 0.0180 1165 451 1175 569
pole 0.0180 1111 308 1168 863
pole 0.0175 1038 461 1092 578
pole 0.0163 1765 239 1849 788
pole 0.0162 1250 434 1276 609
pole 0.0157 1324 466 1335 591
pole 0.0151 1134 380 1155 671
pole 0.0150 1595 398 1609 620
pole 0.0125 1247 536 1258 597
pole 0.0114 1376 441 1385 591
pole 0.0110 1075 462 1089 558
pole 0.0106 630 434 644 626
pole 0.0099 822 456 846 594
pole 0.0087 1358 398 1386 642
pole 0.0087 1377 549 1390 647
pole 0.0082 1378 457 1390 605
pole 0.0067 1062 172 1156 863
pole 0.0066 1156 329 1172 643
pole 0.0065 1524 366 1829 756
pole 0.0062 1002 491 1045 587
pole 0.0060 488 508 522 821
pole 0.0052 641 434 666 623
pole 0.0052 1366 393 1396 636
pole 0.0047 1374 481 1391 668
pole 0.0047 823 501 858 600
pole 0.0046 735 494 757 602
pole 0.0044 1126 460 1160 594
pole 0.0043 1127 288 1149 634
pole 0.0042 491 431 531 772
pole 0.0041 1238 431 1269 613
pole 0.0038 1203 470 1226 583
pole 0.0037 1320 484 1342 600
pole 0.0035 632 465 641 606
pole 0.0034 1375 520 1394 633
pole 0.0031 1135 292 1166 630
pole 0.0030 1025 511 1058 584
pole 0.0028 829 466 879 620
pole 0.0027 473 247 581 787
pole 0.0027 483 437 512 770
pole 0.0027 660 443 686 615
pole 0.0023 795 458 825 593
pole 0.0022 1775 305 1911 775
pole 0.0020 523 439 551 705
pole 0.0020 1282 456 1335 597
pole 0.0018 488 569 519 735
pole 0.0016 1520 272 1556 649
pole 0.0016 977 514 1018 584
pole 0.0016 467 540 531 801
pole 0.0016 757 469 790 597
pole 0.0015 1371 412 1383 536
pole 0.0015 1155 426 1178 556
pole 0.0014 1085 230 1206 776
pole 0.0014 1581 268 1782 691
pole 0.0013 1165 375 1178 603
pole 0.0013 1124 216 1146 510
pole 0.0013 1368 386 1383 599
pole 0.0012 1597 438 1607 586
pole 0.0011 488 195 543 778
pole 0.0011 1043 442 1068 546
pole 0.0010 1081 445 1100 543
pole 0.0010 1249 477 1297 606
pole 0.0010 812 455 860 599
pole 0.0010 617 513 653 627
pole 0.0010 1244 430 1253 564
pole 0.0010 1091 428 1145 633
rail-occluder 0.1021 851 523 886 607
rail-occluder 0.0346 849 563 867 606
rail-occluder 0.0144 870 522 902 603
rail-occluder 0.0126 1245 549 1259 598
rail-occluder 0.0096 1246 571 1258 593
rail-occluder 0.0094 835 542 894 604
rail-occluder 0.0062 1375 592 1388 645
rail-occluder 0.0050 838 560 879 611
rail-occluder 0.0046 1378 599 1392 641
rail-occluder 0.0032 921 517 936 557
rail-occluder 0.0025 841 511 899 621
rail-occluder 0.0025 806 537 865 611
rail-occluder 0.0024 795 571 864 619
rail-occluder 0.0024 716 567 747 606
rail-occluder 0.0016 1733 621 1756 657
rail-occluder 0.0012 776 550 899 603
rail-occluder 0.0011 634 566 683 619
rail-occluder 0.0011 1372 618 1387 644
rail-occluder 0.0011 1226 567 1261 606
rail-occluder 0.0011 758 543 801 595
rail-occluder 0.0011 1184 544 1245 591
rail-occluder 0.0011 1193 515 1233 584
rail-occluder 0.0010 835 580 875 641
rail-occluder 0.0010 768 541 831 595
rail-occluder 0.0010 727 567 768 608
rail-occluder 0.0010 772 572 837 624
rail-occluder 0.0010 710 549 751 611
