crossing 0.1553 796 680 877 701
crossing 0.1504 902 676 965 698
crossing 0.1236 1218 686 1265 703
crossing 0.1056 1002 663 1069 693
crossing 0.0308 781 688 856 711
crossing 0.0134 823 673 904 697
crossing 0.0115 1204 650 1257 726
crossing 0.0070 1217 686 1264 723
crossing 0.0046 867 673 937 702
crossing 0.0042 1187 676 1251 711
crossing 0.0031 760 692 847 717
crossing 0.0030 1234 686 1311 705
crossing 0.0022 1216 671 1279 699
crossing 0.0017 1005 685 1069 720
guard-rail 0.4959 1066 724 1080 777
guard-rail 0.0671 1065 702 1077 772
guard-rail 0.0403 898 731 908 776
guard-rail 0.0277 1057 720 1070 772
guard-rail 0.0117 900 661 961 696
guard-rail 0.0099 826 668 910 694
guard-rail 0.0093 1060 724 1089 782
guard-rail 0.0086 699 706 817 746
guard-rail 0.0081 1075 664 1150 717
guard-rail 0.0061 1048 675 1117 838
guard-rail 0.0045 1008 685 1073 718
guard-rail 0.0043 1064 679 1111 738
guard-rail 0.0043 1023 681 1096 839
guard-rail 0.0041 979 647 1036 687
guard-rail 0.0040 896 722 913 771
guard-rail 0.0033 1057 700 1082 776
guard-rail 0.0030 729 699 828 736
guard-rail 0.0026 858 634 950 700
guard-rail 0.0022 894 692 908 769
guard-rail 0.0022 901 736 914 778
guard-rail 0.0022 1066 742 1081 806
guard-rail 0.0018 693 699 848 761
guard-rail 0.0017 886 719 901 768
guard-rail 0.0013 843 626 916 674
guard-rail 0.0012 936 639 997 697
guard-rail 0.0010 1080 712 1116 775
train-car 0.0144 968 561 1012 606
train-car 0.0040 972 516 993 616
train-car 0.0035 973 542 1003 596
train-car 0.0029 970 555 1008 585
train-car 0.0025 974 569 1041 607
train-car 0.0023 919 576 984 609
train-car 0.0010 1174 522 1234 586
platform 0.0040 1098 546 1376 754
platform 0.0016 1111 587 1454 694
rail 0.9429 42 618 940 1076
rail 0.9394 1059 578 1915 1077
rail 0.8962 939 579 1205 1077
rail 0.7028 1162 577 1920 778
rail 0.5756 978 581 1060 682
rail 0.2522 999 618 1061 680
rail 0.1672 1483 645 1917 755
rail 0.0834 955 577 1039 643
rail 0.0834 914 584 1032 659
rail 0.0807 1384 622 1916 721
rail 0.0630 897 608 960 658
rail 0.0534 1251 639 1902 875
rail 0.0400 932 580 1018 624
rail 0.0216 1119 591 1617 723
rail 0.0215 856 587 1099 1078
rail 0.0172 1604 685 1924 766
rail 0.0112 1023 572 1071 676
rail 0.0102 887 624 951 671
rail 0.0101 860 592 1075 710
rail 0.0086 932 593 1012 682
rail 0.0060 1004 591 1071 709
rail 0.0052 1137 584 1466 670
rail 0.0051 1014 574 1060 648
rail 0.0044 1505 642 1846 714
rail 0.0044 909 590 986 624
rail 0.0043 1804 702 1911 777
rail 0.0037 657 614 972 802
rail 0.0035 1334 513 1732 736
rail 0.0034 686 665 907 761
rail 0.0033 1079 598 1313 750
rail 0.0033 877 581 985 692
rail 0.0033 743 660 929 721
rail 0.0031 943 480 1064 662
rail 0.0030 1753 675 1913 740
rail 0.0030 908 566 1112 791
rail 0.0028 970 558 1044 604
rail 0.0028 1401 689 1923 942
rail 0.0025 854 648 951 689
rail 0.0024 978 644 1037 685
rail 0.0016 830 620 930 685
rail 0.0016 534 630 899 902
rail 0.0015 773 490 1233 953
rail 0.0013 894 652 964 697
rail 0.0010 444 653 790 985
rail 0.0010 398 599 1011 973
rail 0.0010 1882 697 1920 760
rail 0.0010 1848 679 1919 732
rail 0.0010 1078 581 1198 667
switch-left 0.0500 1006 629 1068 689
switch-left 0.0027 976 645 1037 684
switch-right 0.2816 1003 646 1066 687
switch-right 0.2318 900 615 942 643
switch-right 0.0565 1001 663 1070 694
switch-right 0.0171 892 621 945 654
switch-right 0.0044 902 660 960 696
switch-right 0.0027 711 694 846 741
switch-unknown 0.1143 900 608 938 631
switch-unknown 0.0566 903 611 949 642
switch-unknown 0.0248 894 622 944 653
switch-unknown 0.0201 939 582 1008 616
switch-unknown 0.0102 909 586 983 625
switch-unknown 0.0066 886 597 939 628
switch-static 0.1757 1082 666 1142 705
switch-static 0.0448 1088 671 1168 715
switch-static 0.0315 1082 684 1147 717
switch-static 0.0265 1257 791 1311 821
switch-static 0.0181 1018 655 1071 688
switch-static 0.0147 1155 674 1199 708
switch-static 0.0144 1140 671 1188 714
switch-static 0.0104 1270 786 1337 812
switch-static 0.0091 1022 676 1089 706
switch-static 0.0068 1094 643 1137 685
switch-static 0.0040 860 600 901 633
switch-static 0.0038 1297 785 1335 808
switch-static 0.0037 1020 610 1070 686
switch-static 0.0037 1094 655 1207 730
switch-static 0.0030 1235 784 1318 831
switch-static 0.0029 1127 671 1198 736
switch-static 0.0022 1067 688 1111 736
switch-static 0.0016 1161 678 1211 742
track-sign-front 0.7701 694 591 716 626
track-sign-front 0.4897 632 639 659 846
track-sign-front 0.0277 577 548 606 582
track-sign-front 0.0276 1734 630 1747 696
track-sign-front 0.0207 1206 669 1256 708
track-sign-front 0.0188 634 641 653 777
track-sign-front 0.0188 642 434 666 461
track-sign-front 0.0108 621 591 674 863
track-sign-front 0.0064 53 648 84 693
track-sign-front 0.0062 636 427 678 463
track-sign-front 0.0062 695 586 714 612
track-sign-front 0.0042 867 600 891 620
track-sign-front 0.0026 635 781 653 853
track-sign-front 0.0024 1159 667 1211 707
track-sign-front 0.0023 570 523 605 592
track-sign-front 0.0022 649 431 686 465
track-sign-front 0.0021 575 507 598 556
track-sign-front 0.0020 666 566 704 737
track-sign-front 0.0018 1201 614 1241 733
track-sign-front 0.0016 621 467 654 496
track-sign-front 0.0016 1458 564 1482 617
track-sign-front 0.0014 580 503 608 551
track-sign-front 0.0014 635 467 668 500
track-sign-front 0.0014 671 605 704 702
track-sign-front 0.0013 631 626 664 726
track-sign-front 0.0012 587 503 625 616
track-sign-front 0.0012 1201 460 1229 556
track-signal-front 0.7893 618 362 709 427
track-signal-front 0.6997 1185 287 1244 425
track-signal-front 0.0897 1193 411 1224 446
track-signal-front 0.0094 971 548 1004 583
track-signal-front 0.0050 972 535 992 592
track-signal-front 0.0031 1430 476 1457 535
track-signal-front 0.0031 637 425 680 464
track-signal-front 0.0024 1185 406 1236 452
track-signal-front 0.0023 661 364 710 428
track-signal-front 0.0019 612 326 749 429
track-signal-front 0.0017 1432 442 1456 570
track-signal-front 0.0016 1074 448 1091 473
track-signal-front 0.0015 1437 438 1460 532
track-signal-front 0.0013 1434 485 1465 555
track-signal-front 0.0012 987 535 1032 584
track-signal-front 0.0012 1451 524 1482 562
track-signal-front 0.0011 616 324 718 544
track-signal-back 0.7861 1816 347 1869 424
track-signal-back 0.7818 1807 251 1865 340
track-signal-back 0.6884 1528 304 1580 415
track-signal-back 0.5686 1803 421 1850 474
track-signal-back 0.4656 1185 293 1241 420
track-signal-back 0.4233 1522 236 1578 296
track-signal-back 0.3416 1529 304 1577 352
track-signal-back 0.2869 1527 411 1569 453
track-signal-back 0.1021 1525 402 1576 478
track-signal-back 0.0637 875 513 888 543
track-signal-back 0.0592 1527 440 1572 516
track-signal-back 0.0408 1804 397 1863 478
track-signal-back 0.0369 1530 488 1569 527
track-signal-back 0.0174 1520 367 1579 552
track-signal-back 0.0136 877 519 890 552
track-signal-back 0.0130 1821 417 1868 468
track-signal-back 0.0102 1203 499 1230 603
track-signal-back 0.0100 1799 269 1861 666
track-signal-back 0.0066 1812 442 1855 495
track-signal-back 0.0060 1840 450 1884 525
track-signal-back 0.0057 1450 392 1467 451
track-signal-back 0.0054 1837 473 1862 516
track-signal-back 0.0050 1523 477 1563 538
track-signal-back 0.0050 1187 290 1238 364
track-signal-back 0.0049 1857 410 1903 484
track-signal-back 0.0045 1787 353 1858 438
track-signal-back 0.0038 1854 430 1893 541
track-signal-back 0.0038 1812 319 1860 368
track-signal-back 0.0037 1833 285 1898 652
track-signal-back 0.0035 1829 347 1897 423
track-signal-back 0.0034 1801 231 1904 337
track-signal-back 0.0033 1544 362 1592 580
track-signal-back 0.0030 1541 297 1589 386
track-signal-back 0.0030 1432 483 1449 523
track-signal-back 0.0029 876 521 893 571
track-signal-back 0.0023 1551 304 1601 415
track-signal-back 0.0023 1889 44 1921 227
track-signal-back 0.0022 1843 334 1888 490
track-signal-back 0.0020 1859 32 1919 214
track-signal-back 0.0016 1895 393 1920 478
track-signal-back 0.0013 1564 411 1604 486
track-signal-back 0.0013 877 505 891 532
track-signal-back 0.0013 1336 490 1350 531
track-signal-back 0.0012 1764 374 1802 451
track-signal-back 0.0012 1553 384 1601 479
track-signal-back 0.0012 1432 468 1451 537
track-signal-back 0.0011 1220 280 1258 435
track-signal-back 0.0011 1812 284 1873 406
track-signal-back 0.0010 1532 341 1583 452
track-signal-back 0.0010 1534 482 1586 566
pole 0.4806 1543 335 1592 794
pole 0.3605 1842 334 1882 776
pole 0.3552 1200 411 1239 804
pole 0.2484 628 453 671 879
pole 0.2097 1369 526 1389 695
pole 0.1227 1206 463 1233 745
pole 0.0961 1355 568 1388 702
pole 0.0940 1295 405 1309 616
pole 0.0577 1557 434 1587 782
pole 0.0383 1244 537 1879 781
pole 0.0360 1850 466 1878 771
pole 0.0328 1191 275 1244 855
pole 0.0322 626 198 683 971
pole 0.0296 1558 515 1606 795
pole 0.0250 1205 624 1255 752
pole 0.0217 975 470 985 602
pole 0.0163 1187 568 1255 777
pole 0.0155 1513 282 1615 789
pole 0.0151 1161 394 1251 913
pole 0.0137 1364 437 1400 711
pole 0.0130 1203 410 1226 664
pole 0.0127 1522 365 1578 665
pole 0.0103 1228 299 1293 741
pole 0.0095 1188 482 1274 810
pole 0.0093 1842 421 1867 741
pole 0.0091 1297 442 1307 591
pole 0.0088 1193 286 1233 655
pole 0.0078 650 425 714 814
pole 0.0077 1230 562 1515 711
pole 0.0074 1210 550 1233 692
pole 0.0067 1206 492 1236 613
pole 0.0064 1515 500 1593 784
pole 0.0063 592 357 702 974
pole 0.0060 1352 528 1407 712
pole 0.0057 1789 274 1877 768
pole 0.0054 1600 369 1639 768
pole 0.0053 1427 545 1459 703
pole 0.0053 1828 473 1892 802
pole 0.0049 974 446 990 623
pole 0.0049 1765 560 1781 688
pole 0.0044 1857 386 1885 659
pole 0.0039 1115 531 1360 764
pole 0.0035 1209 293 1257 658
pole 0.0035 1352 482 1717 766
pole 0.0034 1484 415 1573 807
pole 0.0033 640 498 666 804
pole 0.0033 1741 595 1766 708
pole 0.0032 1427 577 1449 671
pole 0.0030 1381 364 1434 691
pole 0.0030 643 229 719 958
pole 0.0029 1209 511 1242 653
pole 0.0029 1762 469 1780 690
pole 0.0029 1294 522 1311 626
pole 0.0029 1285 481 1308 612
pole 0.0025 1430 565 1450 635
pole 0.0024 1735 355 1902 802
pole 0.0024 1438 562 1475 636
pole 0.0023 1299 398 1335 656
pole 0.0023 592 486 770 897
pole 0.0021 1460 574 1479 619
pole 0.0021 1281 437 1339 695
pole 0.0019 1287 413 1316 625
pole 0.0019 1610 402 1628 701
pole 0.0019 1358 568 1913 721
pole 0.0019 1183 490 1229 706
pole 0.0018 1540 426 1578 626
pole 0.0018 1434 505 1481 676
pole 0.0018 1370 560 1400 683
pole 0.0017 1201 439 1241 632
pole 0.0016 1402 563 1486 690
pole 0.0015 1195 372 1226 505
pole 0.0015 1824 210 1901 741
pole 0.0014 1594 519 1671 762
pole 0.0014 1853 551 1877 654
pole 0.0014 1371 505 1391 612
pole 0.0013 1436 431 1463 610
pole 0.0013 1169 275 1279 777
pole 0.0012 1343 395 1408 681
pole 0.0012 1430 422 1452 625
pole 0.0012 1577 353 1668 789
pole 0.0011 1587 444 1631 762
pole 0.0011 1190 355 1300 695
pole 0.0010 1444 421 1471 590
pole 0.0010 1189 461 1216 602
pole 0.0010 1333 414 1361 632
rail-occluder 0.4310 1532 709 1568 792
rail-occluder 0.4057 1855 725 1903 789
rail-occluder 0.4028 1777 707 1827 764
rail-occluder 0.4002 1355 623 1374 701
rail-occluder 0.3273 1808 710 1907 785
rail-occluder 0.2216 1786 708 1870 780
rail-occluder 0.1212 1653 661 1668 719
rail-occluder 0.1171 1429 681 1445 725
rail-occluder 0.0670 1428 659 1442 710
rail-occluder 0.0655 1357 615 1389 707
rail-occluder 0.0458 1880 730 1915 784
rail-occluder 0.0371 1441 678 1524 778
rail-occluder 0.0347 1549 708 1589 798
rail-occluder 0.0340 1428 687 1451 737
rail-occluder 0.0275 1736 692 1909 780
rail-occluder 0.0257 1418 673 1669 818
rail-occluder 0.0161 1469 689 1567 764
rail-occluder 0.0136 1197 706 1234 812
rail-occluder 0.0125 1429 620 1444 693
rail-occluder 0.0124 1735 630 1747 696
rail-occluder 0.0113 1268 617 1482 720
rail-occluder 0.0112 1151 667 1184 711
rail-occluder 0.0101 1458 686 1535 741
rail-occluder 0.0097 1648 675 1670 741
rail-occluder 0.0093 1276 607 1422 697
rail-occluder 0.0083 1356 580 1377 694
rail-occluder 0.0079 1354 650 1369 710
rail-occluder 0.0079 1660 661 1682 726
rail-occluder 0.0076 1391 642 1453 740
rail-occluder 0.0072 1430 687 1504 726
rail-occluder 0.0072 1646 667 1676 718
rail-occluder 0.0060 1427 586 1449 710
rail-occluder 0.0058 1565 651 1759 721
rail-occluder 0.0053 1364 618 1403 689
rail-occluder 0.0050 1608 665 1716 747
rail-occluder 0.0049 1353 658 1388 712
rail-occluder 0.0046 1601 682 1642 712
rail-occluder 0.0044 1727 643 1743 697
rail-occluder 0.0043 1850 715 1910 816
rail-occluder 0.0042 1658 636 1673 696
rail-occluder 0.0041 1333 626 1627 809
rail-occluder 0.0037 1734 662 1748 700
rail-occluder 0.0036 1532 686 1566 739
rail-occluder 0.0035 1425 651 1453 714
rail-occluder 0.0035 1349 632 1437 707
rail-occluder 0.0033 1560 622 1625 768
rail-occluder 0.0032 1418 595 1474 741
rail-occluder 0.0030 1370 670 1445 723
rail-occluder 0.0027 1335 577 1398 695
rail-occluder 0.0025 1215 680 1265 731
rail-occluder 0.0025 1569 669 1598 779
rail-occluder 0.0023 1592 686 1638 731
rail-occluder 0.0022 1662 651 1685 700
rail-occluder 0.0022 1548 626 1590 782
rail-occluder 0.0020 1382 686 1435 734
rail-occluder 0.0017 1183 645 1247 789
rail-occluder 0.0016 1624 659 1697 705
rail-occluder 0.0016 1508 614 1553 652
rail-occluder 0.0015 1739 667 1925 863
rail-occluder 0.0014 1508 587 1558 680
rail-occluder 0.0013 1596 613 1725 724
rail-occluder 0.0013 1162 596 1667 791
rail-occluder 0.0013 1496 675 1555 739
rail-occluder 0.0012 1154 650 1220 722
rail-occluder 0.0012 1185 691 1256 820
rail-occluder 0.0012 1758 709 1840 808
rail-occluder 0.0011 1403 574 1472 677
rail-occluder 0.0011 1564 666 1610 747
rail-occluder 0.0011 1577 677 1743 789
rail-occluder 0.0010 1655 678 1702 748
