crossing 0.0030 406 710 532 796
guard-rail 0.0017 205 996 276 1073
rail 0.9070 0 649 669 1076
rail 0.6820 942 649 1552 1074
rail 0.5270 1015 648 1147 826
rail 0.1687 660 672 952 1075
rail 0.1660 556 678 803 851
rail 0.0760 1023 630 1066 700
rail 0.0750 1015 626 1076 770
rail 0.0633 509 678 703 822
rail 0.0618 1047 642 1127 678
rail 0.0523 1039 623 1133 672
rail 0.0480 994 697 1262 934
rail 0.0454 1036 728 1191 839
rail 0.0426 1016 626 1137 740
rail 0.0407 985 635 1061 703
rail 0.0402 977 615 1048 689
rail 0.0393 535 676 817 1074
rail 0.0315 1033 626 1088 680
rail 0.0263 1097 691 1850 1076
rail 0.0209 1403 754 1926 1073
rail 0.0185 944 642 1084 763
rail 0.0172 1737 856 1918 1075
rail 0.0159 1031 689 1132 804
rail 0.0156 982 618 1079 733
rail 0.0155 1419 796 1535 1068
rail 0.0145 757 827 998 1072
rail 0.0135 197 985 307 1074
rail 0.0125 905 639 1277 1064
rail 0.0120 0 728 142 970
rail 0.0114 728 666 839 736
rail 0.0113 1362 765 1606 1069
rail 0.0102 88 888 387 1064
rail 0.0091 1059 615 1126 661
rail 0.0086 554 686 902 916
rail 0.0085 433 681 651 804
rail 0.0084 1644 779 1923 1073
rail 0.0084 1059 657 1166 769
rail 0.0084 977 615 1147 672
rail 0.0083 0 714 201 875
rail 0.0083 941 644 1119 836
rail 0.0082 1 705 133 836
rail 0.0078 551 670 679 783
rail 0.0076 721 630 849 714
rail 0.0061 1 719 81 880
rail 0.0058 1020 634 1223 791
rail 0.0052 1455 775 1513 1066
rail 0.0049 -1 898 264 1076
rail 0.0048 1000 703 1124 838
rail 0.0047 12 793 463 1077
rail 0.0044 709 677 812 748
rail 0.0044 646 677 813 814
rail 0.0042 775 638 827 688
rail 0.0041 1838 862 1920 1060
rail 0.0040 1 849 158 1069
rail 0.0040 711 647 858 760
rail 0.0038 0 747 214 1042
rail 0.0036 1086 746 1220 815
rail 0.0035 795 643 844 694
rail 0.0033 805 873 1090 1074
rail 0.0033 705 654 771 726
rail 0.0030 917 601 977 659
rail 0.0030 939 656 1063 721
rail 0.0030 0 732 63 1049
rail 0.0029 766 623 865 687
rail 0.0028 268 674 794 1072
rail 0.0026 617 684 738 816
rail 0.0025 1106 658 1190 728
rail 0.0024 -2 722 331 976
rail 0.0020 1122 776 1606 1082
rail 0.0020 933 641 1015 693
rail 0.0020 922 587 1076 718
rail 0.0019 1101 669 1157 752
rail 0.0019 692 685 769 803
rail 0.0019 443 624 850 933
rail 0.0019 0 683 324 832
rail 0.0018 707 691 796 779
rail 0.0018 0 692 212 801
rail 0.0018 866 581 965 646
rail 0.0017 710 926 954 1080
rail 0.0017 125 960 326 1075
rail 0.0017 1135 694 1413 1056
rail 0.0016 891 616 979 672
rail 0.0016 1143 668 1673 950
rail 0.0016 847 616 1242 894
rail 0.0016 774 634 1072 747
rail 0.0016 1216 658 1607 779
rail 0.0015 1 684 81 816
rail 0.0015 1149 631 1267 698
rail 0.0015 775 672 867 743
rail 0.0015 185 712 446 1014
rail 0.0014 994 666 1416 861
rail 0.0014 1028 590 1154 637
rail 0.0014 0 711 34 917
rail 0.0013 0 562 63 875
rail 0.0012 1133 645 1465 770
rail 0.0012 -1 594 141 877
rail 0.0012 566 703 709 860
rail 0.0011 1081 683 1176 805
rail 0.0011 1471 769 1734 1057
rail 0.0011 1219 673 1503 1061
rail 0.0011 1777 724 1918 1004
rail 0.0011 1612 632 1927 1012
rail 0.0010 745 757 909 1062
rail 0.0010 -3 655 533 880
rail 0.0010 750 689 900 780
rail 0.0010 0 691 42 845
switch-indicator 0.4851 981 604 1008 646
switch-indicator 0.4214 1118 620 1149 657
switch-indicator 0.4185 714 620 745 665
switch-indicator 0.2595 802 583 818 605
switch-indicator 0.2370 856 621 875 649
switch-indicator 0.2117 1049 632 1066 665
switch-indicator 0.0957 1045 632 1073 682
switch-indicator 0.0882 1114 633 1149 681
switch-indicator 0.0879 909 628 930 659
switch-indicator 0.0868 800 580 821 614
switch-indicator 0.0663 797 584 819 646
switch-indicator 0.0604 1113 672 1137 710
switch-indicator 0.0598 784 633 808 666
switch-indicator 0.0592 1031 634 1065 690
switch-indicator 0.0531 1050 642 1122 677
switch-indicator 0.0467 1041 623 1131 672
switch-indicator 0.0447 1123 623 1159 666
switch-indicator 0.0443 975 615 1047 689
switch-indicator 0.0437 720 608 753 657
switch-indicator 0.0433 850 614 883 649
switch-indicator 0.0413 817 704 829 728
switch-indicator 0.0341 726 630 763 689
switch-indicator 0.0337 769 628 800 672
switch-indicator 0.0312 895 623 931 658
switch-indicator 0.0277 858 605 878 635
switch-indicator 0.0263 1111 667 1149 719
switch-indicator 0.0256 967 611 1004 667
switch-indicator 0.0204 987 634 1057 701
switch-indicator 0.0202 718 597 748 642
switch-indicator 0.0197 807 578 825 603
switch-indicator 0.0194 782 638 819 683
switch-indicator 0.0193 759 637 799 684
switch-indicator 0.0161 847 623 878 655
switch-indicator 0.0160 800 594 840 659
switch-indicator 0.0151 907 622 960 669
switch-indicator 0.0145 1082 623 1157 677
switch-indicator 0.0144 792 621 842 671
switch-indicator 0.0135 706 616 759 678
switch-indicator 0.0132 1036 620 1063 666
switch-indicator 0.0128 813 684 830 732
switch-indicator 0.0118 862 601 921 658
switch-indicator 0.0117 966 636 1029 692
switch-indicator 0.0116 809 700 832 734
switch-indicator 0.0105 1123 641 1176 684
switch-indicator 0.0098 968 603 1034 659
switch-indicator 0.0094 767 541 792 587
switch-indicator 0.0089 839 592 872 642
switch-indicator 0.0089 1122 608 1149 635
switch-indicator 0.0086 832 638 867 677
switch-indicator 0.0084 1126 615 1157 651
switch-indicator 0.0082 1067 616 1123 661
switch-indicator 0.0081 802 642 838 692
switch-indicator 0.0078 729 630 839 712
switch-indicator 0.0077 752 598 848 672
switch-indicator 0.0074 976 528 1004 569
switch-indicator 0.0074 908 639 937 670
switch-indicator 0.0070 890 586 916 641
switch-indicator 0.0070 1094 674 1140 745
switch-indicator 0.0058 923 602 971 660
switch-indicator 0.0057 980 525 1006 608
switch-indicator 0.0054 760 528 800 573
switch-indicator 0.0053 723 655 749 722
switch-indicator 0.0046 707 629 741 692
switch-indicator 0.0045 776 530 813 573
switch-indicator 0.0044 761 608 800 668
switch-indicator 0.0044 781 618 853 689
switch-indicator 0.0040 802 589 876 662
switch-indicator 0.0040 1128 666 1166 719
switch-indicator 0.0039 845 598 899 659
switch-indicator 0.0037 722 545 746 607
switch-indicator 0.0035 724 662 788 736
switch-indicator 0.0034 724 538 772 600
switch-indicator 0.0032 883 541 919 593
switch-indicator 0.0031 818 712 831 738
switch-indicator 0.0030 897 580 932 646
switch-indicator 0.0030 880 532 925 569
switch-indicator 0.0028 723 582 765 634
switch-indicator 0.0028 745 532 783 577
switch-indicator 0.0028 980 551 1011 645
switch-indicator 0.0026 777 573 814 625
switch-indicator 0.0024 906 591 986 662
switch-indicator 0.0023 936 642 1009 693
switch-indicator 0.0022 1044 653 1126 723
switch-indicator 0.0019 846 638 887 677
switch-indicator 0.0017 1148 627 1207 676
switch-indicator 0.0017 802 525 845 593
switch-indicator 0.0017 204 983 298 1073
switch-indicator 0.0017 1112 613 1171 661
switch-indicator 0.0016 765 532 795 556
switch-indicator 0.0015 821 699 842 737
switch-indicator 0.0015 821 541 855 605
switch-indicator 0.0013 850 523 913 575
switch-indicator 0.0013 787 530 814 558
switch-indicator 0.0012 695 601 780 725
switch-indicator 0.0012 985 528 1014 571
switch-indicator 0.0012 896 545 937 602
switch-indicator 0.0010 947 540 1025 613
switch-indicator 0.0010 800 575 834 607
switch-indicator 0.0010 1186 622 1242 678
switch-indicator 0.0010 953 572 1008 653
switch-left 0.1006 1023 731 1167 831
switch-left 0.0128 561 646 648 697
switch-left 0.0078 553 655 654 732
switch-right 0.0783 1039 750 1187 833
switch-right 0.0208 555 647 647 703
switch-right 0.0042 1020 734 1126 828
switch-unknown 0.0662 559 646 647 694
switch-unknown 0.0328 555 669 660 729
switch-unknown 0.0312 550 689 667 745
switch-unknown 0.0280 1058 755 1199 833
switch-unknown 0.0198 1032 724 1182 822
switch-unknown 0.0063 730 669 820 727
switch-unknown 0.0051 1107 765 1206 826
switch-unknown 0.0041 939 653 1062 724
switch-unknown 0.0040 1086 747 1178 812
switch-unknown 0.0031 550 674 597 725
switch-unknown 0.0026 1026 740 1121 826
switch-unknown 0.0023 590 673 715 772
switch-unknown 0.0021 1049 770 1142 834
switch-unknown 0.0019 1058 698 1152 790
switch-unknown 0.0019 548 682 597 755
switch-unknown 0.0018 623 689 685 748
switch-unknown 0.0015 725 683 794 741
switch-unknown 0.0015 774 667 836 726
switch-unknown 0.0013 417 703 559 791
switch-unknown 0.0011 1122 778 1240 836
switch-unknown 0.0011 1115 753 1196 808
switch-unknown 0.0011 585 698 670 777
track-sign-front 0.0151 173 390 197 435
track-sign-front 0.0015 1469 776 1516 1048
track-sign-front 0.0010 0 292 15 382
track-signal-front 0.0195 617 483 635 504
track-signal-front 0.0027 21 504 41 531
track-signal-front 0.0024 527 469 553 504
track-signal-front 0.0023 792 486 808 503
track-signal-front 0.0022 1244 529 1257 549
track-signal-front 0.0016 612 481 643 507
track-signal-front 0.0012 787 488 807 510
track-signal-front 0.0011 12 499 40 542
pole 0.0021 117 221 197 907
pole 0.0015 111 327 161 809
pole 0.0012 97 107 171 927
