crossing 0.0019 -1 690 68 719
crossing 0.0019 0 687 33 721
train-car 0.0042 2 529 211 613
train-car 0.0016 0 561 323 640
train-car 0.0015 -2 558 513 667
train-car 0.0013 11 545 386 615
platform 0.9542 -2 574 930 1076
platform 0.0151 21 554 709 640
platform 0.0035 165 571 829 627
rail 0.9645 871 568 1129 1075
rail 0.8403 5 573 882 797
rail 0.8332 972 596 1915 1078
rail 0.1931 5 566 807 679
rail 0.0827 1009 583 1063 624
rail 0.0478 1016 594 1074 632
rail 0.0312 982 570 1056 613
rail 0.0097 914 585 1130 793
rail 0.0074 12 590 667 721
rail 0.0062 948 562 1044 602
rail 0.0061 262 575 886 657
rail 0.0046 -7 615 534 697
rail 0.0036 962 534 1024 613
rail 0.0033 998 596 1086 649
rail 0.0032 1034 621 1083 647
rail 0.0025 932 517 1069 612
rail 0.0025 0 621 311 673
rail 0.0021 986 570 1115 654
rail 0.0019 0 637 521 746
rail 0.0019 -3 638 312 695
rail 0.0013 -8 601 320 653
rail 0.0012 919 558 1025 589
rail 0.0012 982 589 1224 755
rail 0.0012 1010 599 1130 668
rail 0.0011 979 520 1082 668
rail 0.0011 -4 587 543 659
switch-indicator 0.0105 1096 621 1117 640
switch-unknown 0.0492 1040 628 1094 646
switch-unknown 0.0352 1019 597 1072 633
switch-unknown 0.0160 1051 627 1114 650
switch-unknown 0.0083 1029 621 1087 649
switch-unknown 0.0015 918 553 979 590
switch-static 0.0301 1093 623 1117 642
switch-static 0.0015 1222 727 1291 752
switch-static 0.0013 13 718 87 748
switch-static 0.0012 -1 699 75 746
switch-static 0.0010 -1 695 32 745
track-sign-front 0.0409 1099 622 1116 639
track-sign-front 0.0202 646 311 671 333
track-sign-front 0.0073 1283 237 1395 852
track-sign-front 0.0047 647 300 680 337
track-sign-front 0.0025 1282 571 1305 641
track-sign-front 0.0013 1093 621 1122 643
track-sign-front 0.0011 1062 536 1086 592
pole 0.7305 283 136 355 709
pole 0.6289 1273 -1 1401 991
pole 0.3981 853 484 864 597
pole 0.3974 782 458 795 601
pole 0.3039 856 483 869 592
pole 0.1336 973 436 988 609
pole 0.0305 849 518 862 598
pole 0.0225 782 524 793 597
pole 0.0202 727 503 741 592
pole 0.0125 825 476 861 606
pole 0.0121 873 498 907 589
pole 0.0097 286 368 316 693
pole 0.0088 774 455 803 609
pole 0.0084 938 462 963 599
pole 0.0083 849 520 879 602
pole 0.0077 514 411 527 637
pole 0.0065 731 491 757 602
pole 0.0063 966 424 999 627
pole 0.0041 1278 350 1384 915
pole 0.0035 1300 71 1513 919
pole 0.0033 955 430 989 609
pole 0.0033 1256 92 1340 1002
pole 0.0032 923 493 979 603
pole 0.0032 974 466 1016 646
pole 0.0025 939 448 953 582
pole 0.0025 791 462 849 604
pole 0.0024 721 525 745 595
pole 0.0019 1190 8 1348 967
pole 0.0018 880 541 923 587
pole 0.0018 949 533 997 600
pole 0.0018 271 511 333 697
pole 0.0017 838 488 883 599
pole 0.0016 516 473 527 588
pole 0.0015 181 362 208 561
pole 0.0015 213 449 406 700
pole 0.0015 294 130 415 693
pole 0.0014 896 515 947 593
pole 0.0014 757 467 799 595
pole 0.0013 271 302 326 722
pole 0.0011 731 483 741 554
pole 0.0010 1270 284 1314 820
pole 0.0010 177 514 444 653
pole 0.0010 729 532 776 598
pole 0.0010 948 496 1011 593
rail-occluder 0.0036 1095 620 1118 644
rail-occluder 0.0011 776 566 793 598
rail-occluder 0.0010 848 563 864 601
