guard-rail 0.0066 943 570 999 612
guard-rail 0.0032 929 582 995 643
guard-rail 0.0017 979 669 1014 730
guard-rail 0.0016 919 587 994 705
guard-rail 0.0014 872 690 939 736
train-car 0.8680 1005 131 1918 1074
train-car 0.0086 935 523 969 561
rail 0.8901 -8 553 962 1076
rail 0.8752 728 548 1012 1070
rail 0.7400 751 789 1014 1075
rail 0.6087 912 546 1062 1086
rail 0.3622 875 570 986 723
rail 0.1571 884 554 968 590
rail 0.1182 894 545 958 581
rail 0.0559 918 536 974 577
rail 0.0433 876 541 980 609
rail 0.0424 935 528 990 568
rail 0.0343 873 566 934 607
rail 0.0304 887 642 990 741
rail 0.0252 668 563 929 646
rail 0.0237 850 575 906 604
rail 0.0197 929 558 988 589
rail 0.0188 953 599 1055 968
rail 0.0185 906 541 985 589
rail 0.0169 860 598 924 695
rail 0.0152 908 565 980 619
rail 0.0100 967 538 1013 571
rail 0.0070 804 545 1142 1079
rail 0.0068 744 786 869 1085
rail 0.0060 726 553 942 618
rail 0.0059 840 574 875 605
rail 0.0059 70 605 677 931
rail 0.0055 870 649 1016 812
rail 0.0053 966 560 1010 585
rail 0.0048 992 523 1040 580
rail 0.0046 548 559 956 675
rail 0.0046 967 516 1014 556
rail 0.0042 699 583 961 810
rail 0.0039 -5 534 892 810
rail 0.0032 773 532 907 631
rail 0.0031 853 514 985 658
rail 0.0028 761 789 964 892
rail 0.0025 632 607 721 683
rail 0.0024 894 528 962 563
rail 0.0023 992 549 1036 588
rail 0.0021 602 582 753 696
rail 0.0021 707 628 900 1016
rail 0.0019 833 612 911 693
rail 0.0018 705 509 1090 850
rail 0.0018 879 756 1028 883
rail 0.0016 922 731 1054 946
rail 0.0015 688 594 828 639
rail 0.0015 511 551 958 774
rail 0.0012 783 580 960 741
rail 0.0012 917 569 998 659
rail 0.0011 824 522 913 599
rail 0.0011 928 793 1017 1081
rail 0.0010 432 568 966 947
rail 0.0010 1026 520 1046 585
switch-indicator 0.0960 862 620 886 657
switch-indicator 0.0359 379 634 412 786
switch-indicator 0.0141 864 617 895 702
switch-indicator 0.0125 378 649 404 734
switch-indicator 0.0027 361 621 422 804
switch-left 0.3400 825 777 1004 896
switch-left 0.3048 890 678 988 738
switch-left 0.0249 805 793 1023 958
switch-left 0.0233 888 616 990 724
switch-right 0.3467 825 774 1004 897
switch-right 0.3375 893 669 987 734
switch-right 0.1221 858 773 996 844
switch-right 0.0048 942 575 995 612
switch-right 0.0026 851 792 965 884
switch-right 0.0014 894 701 990 745
switch-unknown 0.2124 867 585 918 609
switch-unknown 0.1289 853 582 901 609
switch-unknown 0.1052 874 571 929 603
switch-unknown 0.0475 873 576 950 612
switch-unknown 0.0382 857 615 897 649
switch-unknown 0.0314 863 597 924 632
switch-unknown 0.0295 879 541 942 581
switch-unknown 0.0209 934 560 990 590
switch-unknown 0.0176 970 560 1010 584
switch-unknown 0.0142 968 529 1017 574
switch-unknown 0.0124 914 566 976 614
switch-unknown 0.0035 966 569 1002 603
switch-unknown 0.0015 718 604 793 634
switch-static 0.4445 705 786 802 826
switch-static 0.2126 794 714 846 750
switch-static 0.0784 726 758 847 819
switch-static 0.0777 985 737 1055 792
switch-static 0.0682 1035 766 1123 802
switch-static 0.0679 1057 774 1116 801
switch-static 0.0646 802 724 875 756
switch-static 0.0398 757 737 848 802
switch-static 0.0336 1035 744 1111 792
switch-static 0.0258 783 764 847 810
switch-static 0.0206 1009 755 1106 807
switch-static 0.0154 712 549 973 1013
switch-static 0.0147 789 699 858 754
switch-static 0.0143 740 783 857 823
switch-static 0.0137 995 757 1067 800
switch-static 0.0127 987 726 1036 768
switch-static 0.0098 1004 726 1064 782
switch-static 0.0090 987 700 1034 747
switch-static 0.0089 1038 717 1091 784
switch-static 0.0066 812 732 877 774
switch-static 0.0059 1044 778 1125 822
switch-static 0.0054 843 704 902 739
switch-static 0.0052 985 677 1021 738
switch-static 0.0048 1045 720 1090 745
switch-static 0.0048 708 739 875 845
switch-static 0.0037 1008 768 1131 841
switch-static 0.0028 700 790 807 854
switch-static 0.0028 628 655 950 902
switch-static 0.0022 707 765 848 917
switch-static 0.0019 665 758 804 850
switch-static 0.0016 860 655 907 734
switch-static 0.0016 790 762 901 814
switch-static 0.0015 805 697 839 734
switch-static 0.0013 736 615 918 833
switch-static 0.0012 1009 711 1068 753
track-sign-front 0.1992 372 637 410 660
track-sign-front 0.1587 372 640 407 688
track-sign-front 0.1179 660 521 681 547
track-sign-front 0.0947 793 711 837 746
track-sign-front 0.0604 843 476 857 571
track-sign-front 0.0453 840 520 858 568
track-sign-front 0.0187 378 649 403 733
track-sign-front 0.0164 658 516 683 565
track-sign-front 0.0146 597 601 611 634
track-sign-front 0.0117 824 524 857 570
track-sign-front 0.0074 660 506 681 637
track-sign-front 0.0048 692 571 712 602
track-sign-front 0.0031 378 637 416 707
track-sign-front 0.0030 736 539 749 566
track-sign-front 0.0026 657 503 690 665
track-sign-front 0.0024 1027 518 1046 581
track-sign-front 0.0019 1820 635 1883 706
track-sign-front 0.0014 733 529 761 576
track-sign-front 0.0011 370 622 417 681
track-signal-front 0.0025 1025 503 1049 558
track-signal-front 0.0013 946 459 986 568
track-signal-front 0.0010 992 508 1041 554
pole 0.6526 649 229 687 677
pole 0.1212 845 449 856 580
pole 0.0151 841 478 858 618
pole 0.0142 838 458 884 586
pole 0.0126 741 388 761 620
pole 0.0124 806 433 855 580
pole 0.0103 804 422 819 592
pole 0.0087 939 453 959 568
pole 0.0086 827 429 858 613
pole 0.0080 660 490 682 654
pole 0.0039 592 461 614 646
pole 0.0036 869 466 924 581
pole 0.0030 688 277 739 680
pole 0.0030 655 281 678 630
pole 0.0028 894 503 956 578
pole 0.0027 841 489 895 622
pole 0.0022 616 234 723 695
pole 0.0021 367 653 415 878
pole 0.0018 1215 223 1249 716
pole 0.0017 806 430 816 555
pole 0.0013 899 443 948 571
pole 0.0013 882 452 911 572
pole 0.0012 597 246 654 674
pole 0.0012 326 641 458 932
pole 0.0011 738 400 786 626
pole 0.0010 1192 80 1266 943
rail-occluder 0.5152 653 624 686 676
rail-occluder 0.1089 394 680 409 791
rail-occluder 0.0997 386 639 408 799
rail-occluder 0.0973 848 582 871 605
rail-occluder 0.0665 380 647 406 740
rail-occluder 0.0505 859 615 894 648
rail-occluder 0.0114 667 622 706 671
rail-occluder 0.0097 396 726 409 790
rail-occluder 0.0092 856 607 882 639
rail-occluder 0.0084 864 613 906 681
rail-occluder 0.0053 663 525 691 675
rail-occluder 0.0046 367 611 421 802
rail-occluder 0.0037 691 567 711 615
rail-occluder 0.0031 591 557 749 749
rail-occluder 0.0029 818 575 863 610
rail-occluder 0.0022 870 614 920 711
rail-occluder 0.0020 853 625 878 710
rail-occluder 0.0014 324 608 468 859
rail-occluder 0.0013 753 604 801 634
rail-occluder 0.0012 633 621 675 674
rail-occluder 0.0010 389 715 416 796
