crossing 0.0018 636 433 685 454
guard-rail 0.0026 1055 550 1865 1070
guard-rail 0.0015 1088 504 1764 699
train-car 0.8674 730 327 899 535
train-car 0.0030 668 294 968 549
train-car 0.0014 686 346 827 530
train-car 0.0010 717 414 837 526
platform 0.0255 691 444 753 503
rail 0.9744 511 431 872 1074
rail 0.8746 796 505 1835 1083
rail 0.6212 1053 478 1911 685
rail 0.2165 988 486 1914 862
rail 0.0325 690 443 757 510
rail 0.0210 1373 557 1917 753
rail 0.0186 1341 509 1926 637
rail 0.0126 902 478 1079 543
rail 0.0072 907 471 1217 543
rail 0.0056 1470 551 1922 668
rail 0.0051 1037 474 1334 535
rail 0.0047 1574 587 1923 722
rail 0.0034 907 437 1054 519
rail 0.0033 1373 581 1920 910
rail 0.0031 1081 482 1458 550
rail 0.0030 953 470 1685 598
rail 0.0024 911 474 1073 515
rail 0.0024 1723 612 1921 743
rail 0.0023 1148 489 1304 539
rail 0.0022 907 490 1160 566
rail 0.0021 1668 585 1917 668
rail 0.0019 1607 621 1910 770
rail 0.0018 985 467 1260 524
rail 0.0017 13 446 595 1049
rail 0.0012 882 470 1037 528
rail 0.0011 903 475 1313 600
switch-unknown 0.0019 982 491 1051 528
switch-unknown 0.0019 1204 500 1253 531
switch-unknown 0.0016 989 503 1048 547
switch-unknown 0.0014 944 488 1039 529
switch-unknown 0.0013 949 501 1039 544
track-sign-front 0.4572 951 412 980 444
track-sign-front 0.4096 557 413 573 428
track-sign-front 0.2678 478 407 503 447
track-sign-front 0.0339 554 411 570 431
track-sign-front 0.0077 552 412 579 434
track-sign-front 0.0015 937 411 992 450
track-sign-front 0.0013 554 420 577 471
track-sign-front 0.0012 415 505 435 525
track-signal-front 0.1163 427 179 460 271
track-signal-front 0.0333 647 367 660 388
track-signal-front 0.0019 634 363 660 387
track-signal-front 0.0013 433 180 464 218
track-signal-back 0.6629 1034 180 1070 265
track-signal-back 0.5811 427 189 461 275
track-signal-back 0.4652 435 316 459 344
track-signal-back 0.4356 430 264 459 293
track-signal-back 0.2627 427 246 462 291
track-signal-back 0.1508 1039 306 1081 349
track-signal-back 0.1073 1037 260 1070 289
track-signal-back 0.0361 434 301 460 340
track-signal-back 0.0304 344 306 377 344
track-signal-back 0.0226 1035 223 1073 319
track-signal-back 0.0194 1037 182 1070 219
track-signal-back 0.0131 427 292 461 354
track-signal-back 0.0095 437 320 460 369
track-signal-back 0.0058 433 177 482 281
track-signal-back 0.0048 329 289 375 352
track-signal-back 0.0036 332 309 384 365
track-signal-back 0.0032 337 343 375 383
track-signal-back 0.0023 435 328 470 385
track-signal-back 0.0022 1040 317 1082 376
track-signal-back 0.0017 332 351 378 409
track-signal-back 0.0015 475 363 503 424
track-signal-back 0.0014 1029 269 1081 470
track-signal-back 0.0013 335 386 378 426
track-signal-back 0.0013 483 400 506 439
track-signal-back 0.0011 1048 294 1094 346
track-signal-back 0.0010 461 199 487 286
track-signal-back 0.0010 398 292 472 357
fence 0.2372 991 487 1916 846
pole 0.1350 1205 26 1237 553
pole 0.0402 1205 223 1228 543
pole 0.0316 1048 317 1073 501
pole 0.0140 1037 284 1079 413
pole 0.0037 1032 259 1087 479
pole 0.0033 1181 44 1245 524
pole 0.0020 1212 195 1249 552
pole 0.0017 1192 262 1241 538
pole 0.0015 1049 400 1071 500
pole 0.0010 1184 231 1222 538
rail-occluder 0.0018 1210 505 1251 532
rail-occluder 0.0016 1045 465 1075 507
rail-occluder 0.0012 1008 523 1041 560
