guard-rail 0.6945 1230 696 1281 749
guard-rail 0.0606 1225 694 1265 732
guard-rail 0.0378 1208 688 1282 737
guard-rail 0.0093 1155 631 1228 655
guard-rail 0.0084 1244 703 1347 751
guard-rail 0.0066 1182 662 1323 776
guard-rail 0.0046 1239 687 1298 722
guard-rail 0.0046 1157 639 1209 667
guard-rail 0.0045 1552 689 1633 718
guard-rail 0.0041 1157 687 1431 760
guard-rail 0.0040 1363 702 1446 728
guard-rail 0.0040 1149 635 1363 807
guard-rail 0.0036 1198 671 1340 736
guard-rail 0.0036 1537 690 1654 730
guard-rail 0.0025 1583 701 1702 746
guard-rail 0.0018 1399 703 1503 739
guard-rail 0.0016 1235 658 1284 703
guard-rail 0.0015 1334 690 1418 717
guard-rail 0.0014 1200 633 1252 665
guard-rail 0.0013 1398 717 1502 758
guard-rail 0.0012 1341 698 1423 726
guard-rail 0.0011 1323 695 1391 725
guard-rail 0.0010 1432 710 1510 741
platform 0.5697 960 563 1062 590
platform 0.1604 759 562 939 602
platform 0.0360 954 552 1072 603
platform 0.0200 945 558 1032 585
platform 0.0192 826 562 953 591
platform 0.0182 718 581 903 618
platform 0.0154 691 560 935 619
platform 0.0110 803 560 904 596
platform 0.0108 1003 548 1169 600
platform 0.0099 983 534 1081 597
platform 0.0091 1087 585 1125 620
platform 0.0076 962 579 1074 631
platform 0.0057 788 550 878 606
platform 0.0049 1040 574 1142 625
platform 0.0044 784 550 961 582
platform 0.0030 1077 568 1130 631
platform 0.0029 933 541 1027 589
platform 0.0027 848 557 1031 590
platform 0.0027 763 494 880 607
platform 0.0020 824 538 921 589
platform 0.0020 1038 489 1118 613
platform 0.0018 804 522 893 601
platform 0.0017 1003 572 1112 622
platform 0.0015 662 545 960 660
platform 0.0011 893 546 1021 570
rail 0.9685 821 567 1121 1078
rail 0.9275 1086 585 1909 1076
rail 0.9165 2 598 938 1077
rail 0.7555 1188 587 1919 862
rail 0.2042 0 685 490 842
rail 0.0591 1355 623 1919 802
rail 0.0558 -1 681 349 756
rail 0.0231 -4 712 523 930
rail 0.0229 -10 627 878 876
rail 0.0189 6 693 303 798
rail 0.0178 -1 650 633 802
rail 0.0140 9 677 258 728
rail 0.0128 1203 602 1858 753
rail 0.0112 1514 667 1920 848
rail 0.0109 801 563 930 602
rail 0.0091 1169 78 1556 796
rail 0.0086 1166 148 1772 1001
rail 0.0073 1100 419 1570 827
rail 0.0072 -11 658 449 734
rail 0.0051 -2 687 201 746
rail 0.0046 1115 598 1458 777
rail 0.0042 1054 581 1613 944
rail 0.0034 1158 650 1340 757
rail 0.0029 -1 715 316 860
rail 0.0023 438 587 725 817
rail 0.0022 1162 588 1285 627
rail 0.0020 1166 594 1244 621
rail 0.0020 1740 715 1920 853
rail 0.0018 1653 734 1918 932
rail 0.0017 -6 699 179 776
rail 0.0016 1604 694 1909 809
rail 0.0016 1330 120 1575 753
rail 0.0015 1146 573 1595 688
rail 0.0014 1456 654 1672 768
rail 0.0014 1155 611 1246 645
rail 0.0013 268 520 874 927
rail 0.0013 6 659 302 716
rail 0.0011 1766 761 1921 934
rail 0.0011 97 680 453 793
rail 0.0011 1107 581 1337 711
rail 0.0010 1163 537 1680 805
rail 0.0010 1593 685 1886 760
rail 0.0010 155 676 333 712
switch-left 0.0034 1138 613 1219 657
switch-left 0.0013 1083 587 1147 633
switch-right 0.0791 1139 625 1211 650
switch-right 0.0722 1134 617 1201 643
switch-right 0.0043 1157 630 1229 657
switch-right 0.0018 1130 605 1206 659
switch-unknown 0.0722 1134 617 1201 644
switch-unknown 0.0188 1130 600 1200 628
switch-unknown 0.0097 1142 595 1216 618
switch-unknown 0.0071 1133 603 1176 637
switch-unknown 0.0025 1181 594 1231 615
switch-unknown 0.0014 1156 636 1215 670
switch-static 0.0215 1080 692 1112 714
switch-static 0.0125 710 629 748 648
switch-static 0.0077 1188 793 1221 822
switch-static 0.0041 1383 920 1446 961
switch-static 0.0041 1061 687 1107 713
switch-static 0.0040 1408 959 1486 1011
switch-static 0.0039 1148 720 1169 746
switch-static 0.0033 1163 603 1243 646
switch-static 0.0030 1385 924 1465 984
switch-static 0.0023 1077 689 1125 727
switch-static 0.0015 1205 603 1248 627
switch-static 0.0012 1122 714 1168 743
switch-static 0.0010 855 651 882 670
switch-static 0.0010 1136 620 1172 646
switch-static 0.0010 1392 928 1487 1009
track-sign-front 0.0610 1094 589 1125 626
track-sign-front 0.0174 587 494 622 532
track-sign-front 0.0056 1097 579 1126 612
track-sign-front 0.0040 1106 591 1145 626
track-sign-front 0.0016 619 496 656 552
track-sign-front 0.0014 1188 797 1221 826
track-sign-front 0.0014 1149 721 1169 751
track-sign-front 0.0011 604 490 648 536
track-sign-front 0.0011 622 712 665 786
track-sign-front 0.0010 621 622 664 873
track-sign-front 0.0010 607 451 642 505
track-signal-back 0.8898 601 281 677 445
track-signal-back 0.0482 768 481 807 528
track-signal-back 0.0305 768 489 792 538
track-signal-back 0.0228 862 511 878 535
track-signal-back 0.0183 774 475 814 509
track-signal-back 0.0124 1000 473 1010 541
track-signal-back 0.0099 788 469 821 572
track-signal-back 0.0061 623 454 642 480
track-signal-back 0.0048 1051 474 1071 550
track-signal-back 0.0046 998 474 1008 501
track-signal-back 0.0045 783 446 812 475
track-signal-back 0.0042 765 503 783 543
track-signal-back 0.0037 1061 445 1094 575
track-signal-back 0.0034 890 514 922 544
track-signal-back 0.0031 908 523 924 547
track-signal-back 0.0027 603 283 675 347
track-signal-back 0.0020 960 526 985 564
track-signal-back 0.0020 1075 362 1090 394
track-signal-back 0.0017 855 476 869 553
track-signal-back 0.0016 800 469 821 549
track-signal-back 0.0016 664 385 715 440
track-signal-back 0.0013 860 506 878 549
pole 0.6220 1093 211 1128 741
pole 0.3083 591 472 654 941
pole 0.2541 1074 232 1119 738
pole 0.1565 507 291 540 729
pole 0.1412 1067 342 1093 677
pole 0.1101 571 323 680 991
pole 0.0958 1220 82 1558 998
pole 0.0235 998 487 1018 598
pole 0.0199 1378 184 1546 1002
pole 0.0181 1078 287 1108 639
pole 0.0165 1106 284 1124 640
pole 0.0160 522 428 545 720
pole 0.0146 1107 195 1154 756
pole 0.0144 1059 481 1092 619
pole 0.0140 600 527 642 875
pole 0.0138 528 542 551 714
pole 0.0113 809 481 832 618
pole 0.0086 504 311 560 792
pole 0.0084 984 479 1019 608
pole 0.0083 609 609 659 1049
pole 0.0059 1042 446 1070 634
pole 0.0058 537 539 693 1034
pole 0.0057 1054 246 1092 696
pole 0.0053 598 261 644 809
pole 0.0049 518 593 542 716
pole 0.0049 592 420 632 623
pole 0.0048 1051 410 1071 608
pole 0.0046 604 471 636 781
pole 0.0044 1428 321 1536 814
pole 0.0041 1037 486 1072 593
pole 0.0039 1081 237 1145 867
pole 0.0037 1065 440 1123 686
pole 0.0034 1060 207 1178 739
pole 0.0033 1044 414 1088 676
pole 0.0032 1069 456 1093 596
pole 0.0028 500 460 553 740
pole 0.0026 512 528 544 714
pole 0.0017 1108 349 1139 652
pole 0.0017 554 582 637 902
pole 0.0015 619 546 667 854
pole 0.0014 1372 417 1552 786
pole 0.0014 1087 582 1135 639
pole 0.0014 535 565 559 682
pole 0.0014 255 485 295 727
pole 0.0013 1294 120 1530 757
pole 0.0013 1052 149 1124 641
pole 0.0012 773 445 835 623
pole 0.0012 776 536 848 626
pole 0.0011 1090 427 1129 686
pole 0.0011 533 503 564 698
pole 0.0010 610 507 714 916
pole 0.0010 806 509 891 609
pole 0.0010 1660 568 1670 674
pole 0.0010 999 471 1013 550
pole 0.0010 473 227 610 778
rail-occluder 0.0887 520 631 545 718
rail-occluder 0.0179 628 765 659 883
rail-occluder 0.0109 503 639 544 727
rail-occluder 0.0108 531 626 559 713
rail-occluder 0.0093 640 767 666 876
rail-occluder 0.0081 536 606 553 694
rail-occluder 0.0046 527 701 592 731
rail-occluder 0.0034 226 677 278 710
rail-occluder 0.0025 510 697 570 735
rail-occluder 0.0024 509 619 567 750
rail-occluder 0.0021 1105 591 1145 628
rail-occluder 0.0020 1477 627 1521 660
rail-occluder 0.0019 1087 587 1126 632
rail-occluder 0.0015 523 671 599 735
rail-occluder 0.0012 775 592 840 620
rail-occluder 0.0011 1202 595 1244 616
