rail 0.9628 961 564 1226 1077
rail 0.9290 9 563 1030 1070
rail 0.1109 1021 569 1058 599
rail 0.0870 1000 566 1055 601
rail 0.0478 874 571 1060 616
rail 0.0160 1025 554 1077 600
rail 0.0143 934 567 1063 601
rail 0.0123 851 555 998 645
rail 0.0115 1027 575 1073 605
rail 0.0050 961 565 1034 619
rail 0.0043 927 558 1018 625
rail 0.0033 1021 536 1067 593
rail 0.0025 1092 605 1760 1074
rail 0.0025 970 548 1028 603
rail 0.0024 922 590 1024 635
rail 0.0018 788 578 1044 678
rail 0.0018 764 584 955 663
rail 0.0016 618 582 1024 777
rail 0.0014 991 541 1051 587
rail 0.0012 515 580 908 863
rail 0.0011 964 593 1006 627
switch-indicator 0.0137 966 604 983 624
switch-indicator 0.0056 973 601 996 618
switch-indicator 0.0031 948 557 996 630
switch-indicator 0.0016 959 593 988 633
switch-unknown 0.0132 1026 577 1072 606
track-sign-front 0.2120 727 571 747 592
track-sign-front 0.0177 1097 534 1116 554
track-sign-front 0.0073 1072 525 1115 566
track-sign-front 0.0066 718 565 736 595
track-sign-front 0.0035 1870 386 1903 416
track-sign-front 0.0028 717 502 737 657
track-sign-front 0.0023 1145 529 1171 555
track-sign-front 0.0018 710 529 759 608
track-sign-front 0.0015 1097 524 1116 568
track-sign-front 0.0015 716 635 738 667
track-sign-front 0.0013 1107 527 1161 560
track-signal-front 0.0186 963 517 980 546
track-signal-front 0.0040 741 510 765 553
track-signal-front 0.0025 961 497 997 565
track-signal-front 0.0017 744 507 766 536
track-signal-back 0.0033 735 508 763 575
pole 0.3396 901 450 930 668
pole 0.0830 900 569 922 668
pole 0.0799 904 530 925 655
pole 0.0643 525 66 622 855
pole 0.0544 896 446 916 644
pole 0.0413 875 455 901 658
pole 0.0298 865 486 891 652
pole 0.0234 918 455 963 650
pole 0.0149 845 512 866 636
pole 0.0143 886 468 944 656
pole 0.0130 951 500 984 606
pole 0.0095 1011 469 1031 591
pole 0.0091 928 512 974 636
pole 0.0075 980 518 1007 599
pole 0.0065 962 510 982 553
pole 0.0058 706 432 724 670
pole 0.0053 849 544 872 644
pole 0.0047 1071 379 1113 659
pole 0.0034 860 530 950 683
pole 0.0033 893 522 994 632
pole 0.0033 719 439 760 681
pole 0.0032 942 541 998 622
pole 0.0030 896 465 909 576
pole 0.0029 1061 442 1089 629
pole 0.0028 1029 532 1071 618
pole 0.0028 1084 364 1116 599
pole 0.0026 1038 515 1088 594
pole 0.0022 470 91 593 844
pole 0.0022 838 529 913 660
pole 0.0021 707 431 741 694
pole 0.0020 1017 479 1050 590
pole 0.0018 963 480 994 581
pole 0.0017 1096 500 1116 576
pole 0.0017 990 509 1050 604
pole 0.0014 1013 441 1060 632
pole 0.0011 714 501 749 700
pole 0.0010 838 462 977 642
pole 0.0010 834 514 882 638
pole 0.0010 548 319 631 876
pole 0.0010 1073 503 1108 597
rail-occluder 0.0993 899 599 914 672
rail-occluder 0.0789 902 577 921 662
rail-occluder 0.0126 885 585 928 675
rail-occluder 0.0084 566 705 633 827
rail-occluder 0.0071 551 700 648 889
rail-occluder 0.0057 498 620 901 981
rail-occluder 0.0047 869 587 911 655
rail-occluder 0.0043 895 623 912 690
rail-occluder 0.0038 80 589 1040 1081
rail-occluder 0.0034 534 654 745 949
rail-occluder 0.0034 631 659 795 863
rail-occluder 0.0032 557 672 684 845
rail-occluder 0.0029 864 605 909 681
rail-occluder 0.0026 669 689 797 797
rail-occluder 0.0019 802 589 979 658
rail-occluder 0.0016 845 609 929 677
rail-occluder 0.0015 916 590 980 648
rail-occluder 0.0013 576 620 829 827
rail-occluder 0.0012 841 587 876 651
