guard-rail 0.3658 954 634 970 666
guard-rail 0.1723 882 633 897 665
guard-rail 0.0723 956 623 975 662
guard-rail 0.0585 965 631 982 666
guard-rail 0.0436 879 641 892 667
guard-rail 0.0365 939 614 966 666
guard-rail 0.0277 952 635 979 672
guard-rail 0.0248 967 644 982 686
guard-rail 0.0210 970 663 987 698
guard-rail 0.0189 1118 623 1170 647
guard-rail 0.0179 879 590 908 658
guard-rail 0.0164 1129 627 1193 653
guard-rail 0.0148 1843 911 1920 1070
guard-rail 0.0119 1149 632 1215 663
guard-rail 0.0074 900 617 941 672
guard-rail 0.0064 1172 639 1238 667
guard-rail 0.0062 1167 646 1218 672
guard-rail 0.0058 884 577 945 661
guard-rail 0.0054 1120 613 1192 644
guard-rail 0.0047 1178 648 1237 677
guard-rail 0.0039 1874 922 1920 1048
guard-rail 0.0031 1231 654 1294 677
guard-rail 0.0030 1223 636 1292 665
guard-rail 0.0030 1199 635 1267 664
guard-rail 0.0030 1199 651 1261 677
guard-rail 0.0030 1093 619 1151 657
guard-rail 0.0028 719 594 787 638
guard-rail 0.0026 705 599 760 638
guard-rail 0.0024 461 702 614 771
guard-rail 0.0023 878 637 904 667
guard-rail 0.0021 705 569 763 612
guard-rail 0.0019 712 624 752 652
guard-rail 0.0019 1142 642 1195 671
guard-rail 0.0018 966 596 1005 671
guard-rail 0.0018 750 594 813 635
guard-rail 0.0017 724 572 789 613
guard-rail 0.0017 1803 884 1924 1045
guard-rail 0.0015 1577 674 1808 715
guard-rail 0.0014 684 607 733 636
guard-rail 0.0012 725 623 780 659
guard-rail 0.0011 1650 677 1736 710
guard-rail 0.0011 1142 605 1220 647
guard-rail 0.0011 680 566 738 609
guard-rail 0.0010 230 752 406 834
train-car 0.4108 10 522 331 663
train-car 0.2878 7 539 687 676
train-car 0.2808 1037 539 1172 589
train-car 0.2472 207 537 594 604
train-car 0.2254 20 527 614 622
train-car 0.0988 1111 539 1209 593
train-car 0.0884 612 547 702 590
train-car 0.0831 270 557 703 624
train-car 0.0551 604 541 673 578
train-car 0.0394 397 548 627 587
train-car 0.0360 1012 562 1131 598
train-car 0.0296 31 477 493 658
train-car 0.0289 625 529 686 583
train-car 0.0246 463 548 564 587
train-car 0.0225 604 528 740 582
train-car 0.0162 555 551 690 592
train-car 0.0132 1094 552 1256 607
train-car 0.0131 23 527 211 632
train-car 0.0118 1207 557 1319 597
train-car 0.0113 635 516 709 586
train-car 0.0093 98 542 131 617
train-car 0.0081 314 537 475 604
train-car 0.0081 2 613 144 685
train-car 0.0071 1023 538 1118 584
train-car 0.0069 1162 545 1242 600
train-car 0.0059 657 553 752 591
train-car 0.0057 945 548 1036 580
train-car 0.0050 1030 506 1147 606
train-car 0.0043 1203 560 1271 606
train-car 0.0040 103 565 348 686
train-car 0.0039 442 555 681 593
train-car 0.0034 248 556 348 643
train-car 0.0032 953 524 1032 594
train-car 0.0031 125 525 187 634
train-car 0.0030 -2 407 320 725
train-car 0.0026 192 533 422 612
train-car 0.0026 218 554 324 603
train-car 0.0025 282 534 359 613
train-car 0.0022 963 551 1139 611
train-car 0.0022 501 535 570 591
train-car 0.0021 333 535 672 585
train-car 0.0021 196 516 817 627
train-car 0.0019 989 509 1255 656
train-car 0.0019 940 524 1001 576
train-car 0.0018 -15 385 689 747
train-car 0.0017 286 484 405 629
train-car 0.0017 517 530 658 583
train-car 0.0017 1060 443 1187 665
train-car 0.0016 327 541 375 608
train-car 0.0016 512 548 612 596
train-car 0.0016 1186 562 1347 617
train-car 0.0015 158 454 314 657
train-car 0.0015 980 544 1051 578
train-car 0.0015 13 161 445 772
train-car 0.0014 0 486 41 632
train-car 0.0014 390 550 444 607
train-car 0.0013 255 569 585 613
train-car 0.0012 113 473 209 665
train-car 0.0012 917 537 986 579
train-car 0.0011 205 511 339 617
train-car 0.0011 -4 482 528 807
train-car 0.0011 3 446 53 609
train-car 0.0011 908 530 925 574
train-car 0.0011 387 547 493 601
train-car 0.0010 423 548 465 603
rail 0.9322 0 573 858 1068
rail 0.9181 802 572 1061 1078
rail 0.8881 993 577 1919 1079
rail 0.7161 1054 589 1915 744
rail 0.5642 387 584 843 785
rail 0.3800 1 572 736 703
rail 0.3600 268 576 737 654
rail 0.2986 1215 607 1916 697
rail 0.2494 1113 608 1917 866
rail 0.1457 893 579 1134 1077
rail 0.0543 1453 627 1918 693
rail 0.0498 1 625 242 696
rail 0.0482 1360 633 1924 750
rail 0.0481 -5 589 320 689
rail 0.0297 875 578 920 625
rail 0.0271 1014 576 1115 606
rail 0.0245 12 631 136 704
rail 0.0243 773 575 881 613
rail 0.0225 848 575 904 612
rail 0.0221 1092 596 1632 653
rail 0.0204 813 577 895 609
rail 0.0201 328 578 696 624
rail 0.0193 1031 565 1147 603
rail 0.0173 374 567 805 692
rail 0.0171 949 562 1038 591
rail 0.0157 316 557 743 612
rail 0.0146 1055 576 1270 623
rail 0.0145 865 557 927 601
rail 0.0141 40 621 172 679
rail 0.0133 723 575 838 613
rail 0.0131 1024 580 1414 645
rail 0.0124 1016 585 1538 683
rail 0.0121 989 575 1057 608
rail 0.0120 882 575 948 633
rail 0.0102 398 658 687 794
rail 0.0097 787 564 865 604
rail 0.0093 1570 663 1922 745
rail 0.0091 222 611 780 889
rail 0.0090 880 592 910 655
rail 0.0089 -4 537 769 814
rail 0.0086 961 568 1041 604
rail 0.0080 42 639 199 692
rail 0.0077 1204 599 1498 641
rail 0.0076 828 551 884 610
rail 0.0074 583 561 716 614
rail 0.0070 1090 605 1223 647
rail 0.0069 1845 926 1919 1076
rail 0.0066 956 565 1130 614
rail 0.0065 887 552 949 595
rail 0.0064 1605 684 1921 808
rail 0.0060 3 631 316 728
rail 0.0058 776 574 833 606
rail 0.0058 1075 595 1287 653
rail 0.0058 -5 605 637 753
rail 0.0055 348 591 654 674
rail 0.0054 914 558 983 587
rail 0.0051 1 641 82 707
rail 0.0050 17 574 213 674
rail 0.0049 1062 603 1182 643
rail 0.0047 1147 580 1326 626
rail 0.0043 750 547 811 608
rail 0.0041 1133 571 1232 613
rail 0.0040 934 564 1008 602
rail 0.0038 1081 582 1199 625
rail 0.0036 1130 592 1339 640
rail 0.0036 1026 591 1153 643
rail 0.0036 71 666 658 929
rail 0.0036 1604 651 1918 702
rail 0.0035 724 573 882 633
rail 0.0035 63 601 158 670
rail 0.0033 616 558 749 604
rail 0.0032 703 559 801 596
rail 0.0031 1783 875 1920 1075
rail 0.0030 1739 720 1921 852
rail 0.0029 1344 610 1584 686
rail 0.0028 5 618 110 668
rail 0.0027 2 753 150 885
rail 0.0026 1745 675 1922 750
rail 0.0026 1317 611 1499 652
rail 0.0026 1591 670 1882 719
rail 0.0025 1691 770 1921 949
rail 0.0025 689 572 782 618
rail 0.0024 1013 552 1352 633
rail 0.0022 1641 686 1883 744
rail 0.0022 236 680 582 856
rail 0.0021 910 567 975 627
rail 0.0021 1186 579 1416 617
rail 0.0021 1419 623 1646 679
rail 0.0020 1211 577 1346 611
rail 0.0020 1721 714 1901 764
rail 0.0019 992 581 1101 634
rail 0.0018 -3 681 263 856
rail 0.0018 1774 791 1921 905
rail 0.0018 1232 586 1482 624
rail 0.0017 783 564 900 624
rail 0.0017 461 627 743 822
rail 0.0017 642 547 792 597
rail 0.0017 1437 703 1926 971
rail 0.0017 1793 816 1921 986
rail 0.0016 1372 628 1461 657
rail 0.0015 803 592 900 1073
rail 0.0014 1597 726 1921 869
rail 0.0014 1852 830 1921 990
rail 0.0014 889 567 992 609
rail 0.0014 1206 604 1437 664
rail 0.0013 689 590 818 643
rail 0.0013 945 560 1029 629
rail 0.0013 777 582 871 634
rail 0.0013 1150 568 1454 633
rail 0.0012 1849 790 1920 926
rail 0.0012 1843 749 1920 867
rail 0.0012 426 583 701 646
rail 0.0012 1051 598 1216 665
rail 0.0012 990 568 1367 712
rail 0.0012 1758 725 1913 800
rail 0.0012 694 565 902 661
rail 0.0011 810 579 1025 828
rail 0.0011 680 567 833 629
rail 0.0010 1849 705 1920 810
rail 0.0010 0 650 170 765
rail 0.0010 1789 671 1924 720
rail 0.0010 808 580 908 638
rail 0.0010 1263 622 1658 759
rail 0.0010 1256 604 1404 641
rail 0.0010 898 558 1768 832
rail 0.0010 1 638 47 698
rail 0.0010 252 594 592 644
rail 0.0010 1495 627 1709 677
switch-indicator 0.0653 1526 953 1621 1042
switch-indicator 0.0093 20 810 95 862
switch-indicator 0.0028 1505 955 1587 1049
switch-left 0.0024 437 687 644 765
switch-left 0.0014 391 718 548 778
switch-left 0.0014 380 686 630 808
switch-left 0.0013 368 736 518 788
switch-left 0.0012 284 757 452 821
switch-left 0.0012 448 709 590 760
switch-right 0.0034 432 697 608 759
switch-right 0.0012 371 726 520 784
switch-right 0.0010 384 648 645 786
switch-unknown 0.0142 1025 579 1101 605
switch-unknown 0.0101 1047 570 1130 599
switch-unknown 0.0076 1109 615 1171 641
switch-unknown 0.0072 1088 611 1157 637
switch-unknown 0.0024 1053 603 1125 635
switch-unknown 0.0017 1035 592 1104 630
switch-unknown 0.0017 1105 579 1173 618
switch-unknown 0.0010 1245 609 1314 636
switch-static 0.0712 1526 952 1621 1043
switch-static 0.0230 56 817 160 854
switch-static 0.0208 10 809 124 862
switch-static 0.0051 36 808 81 856
switch-static 0.0038 16 792 183 859
switch-static 0.0034 1538 956 1681 1049
switch-static 0.0024 1498 955 1591 1051
switch-static 0.0017 1462 967 1606 1075
switch-static 0.0015 211 724 439 816
switch-static 0.0014 2 800 79 853
switch-static 0.0014 1544 974 1637 1063
switch-static 0.0012 33 823 119 876
switch-static 0.0011 -9 781 146 914
switch-static 0.0011 270 749 379 795
track-sign-front 0.0194 100 545 122 618
track-sign-front 0.0038 255 560 288 600
track-sign-front 0.0025 1493 537 1509 558
track-sign-front 0.0016 1350 581 1368 606
track-signal-front 0.0123 908 524 924 570
track-signal-front 0.0013 0 434 18 513
track-signal-back 0.0536 793 529 802 547
track-signal-back 0.0314 910 529 920 551
track-signal-back 0.0072 858 524 875 564
track-signal-back 0.0068 785 522 803 553
track-signal-back 0.0046 854 519 883 594
track-signal-back 0.0043 891 521 927 585
pole 0.7110 1066 131 1110 694
pole 0.3090 212 153 292 694
pole 0.2991 169 50 271 711
pole 0.1875 963 457 974 590
pole 0.1525 659 467 673 593
pole 0.1448 632 405 645 599
pole 0.1172 657 413 670 613
pole 0.0726 962 388 978 602
pole 0.0680 158 312 292 661
pole 0.0644 317 373 336 592
pole 0.0560 660 448 668 583
pole 0.0555 162 328 203 726
pole 0.0475 1232 435 1245 610
pole 0.0415 553 457 562 596
pole 0.0382 634 434 642 581
pole 0.0359 169 376 190 688
pole 0.0308 159 104 228 720
pole 0.0308 112 461 269 693
pole 0.0261 99 528 126 654
pole 0.0226 723 478 745 582
pole 0.0201 217 433 278 689
pole 0.0201 637 506 708 593
pole 0.0196 155 508 202 677
pole 0.0188 1235 450 1243 586
pole 0.0186 577 462 592 595
pole 0.0169 953 492 982 591
pole 0.0166 582 355 594 613
pole 0.0149 1836 261 1880 670
pole 0.0141 724 520 751 587
pole 0.0127 356 417 372 612
pole 0.0125 340 383 369 629
pole 0.0114 959 458 994 595
pole 0.0112 634 380 661 612
pole 0.0105 69 532 157 655
pole 0.0103 634 490 676 608
pole 0.0101 645 452 681 598
pole 0.0100 146 387 220 685
pole 0.0092 624 465 653 593
pole 0.0089 609 382 639 619
pole 0.0087 733 491 756 585
pole 0.0082 1218 487 1254 612
pole 0.0070 547 497 580 598
pole 0.0067 104 592 124 658
pole 0.0067 289 284 334 669
pole 0.0063 957 281 976 589
pole 0.0061 848 513 876 600
pole 0.0054 319 414 333 559
pole 0.0053 103 514 224 666
pole 0.0051 2 417 27 636
pole 0.0049 711 461 719 573
pole 0.0045 778 523 804 577
pole 0.0044 967 441 981 582
pole 0.0040 279 412 351 672
pole 0.0039 149 530 240 708
pole 0.0037 130 523 196 656
pole 0.0036 906 -35 1042 705
pole 0.0036 1078 304 1105 646
pole 0.0035 682 462 730 591
pole 0.0035 567 507 612 596
pole 0.0034 222 317 273 644
pole 0.0033 1214 506 1304 615
pole 0.0032 997 468 1040 597
pole 0.0032 661 515 744 593
pole 0.0031 1055 471 1133 619
pole 0.0031 583 299 599 581
pole 0.0029 1211 549 1262 613
pole 0.0027 1013 527 1071 589
pole 0.0025 559 378 576 605
pole 0.0024 8 416 45 634
pole 0.0024 584 420 592 560
pole 0.0023 94 448 512 647
pole 0.0022 3 518 22 624
pole 0.0022 184 15 245 593
pole 0.0022 992 521 1044 591
pole 0.0022 251 215 333 735
pole 0.0021 952 354 983 602
pole 0.0021 709 456 735 581
pole 0.0021 919 499 986 603
pole 0.0020 506 528 565 594
pole 0.0019 235 381 292 677
pole 0.0019 177 513 272 688
pole 0.0018 9 523 38 624
pole 0.0018 253 556 289 601
pole 0.0017 589 460 637 610
pole 0.0017 790 529 803 566
pole 0.0017 1168 522 1236 602
pole 0.0016 1040 85 1142 699
pole 0.0015 1031 217 1091 706
pole 0.0015 158 581 202 707
pole 0.0015 164 400 214 616
pole 0.0014 163 528 222 664
pole 0.0014 950 40 1119 727
pole 0.0014 1209 440 1267 611
pole 0.0014 241 478 303 647
pole 0.0013 587 391 707 606
pole 0.0013 0 444 22 577
pole 0.0012 939 417 993 605
pole 0.0012 927 71 1013 652
pole 0.0012 938 290 978 575
pole 0.0011 964 402 976 539
pole 0.0011 1065 315 1090 644
pole 0.0011 858 532 883 591
pole 0.0011 525 545 602 597
pole 0.0010 950 517 1014 630
pole 0.0010 1086 359 1113 653
pole 0.0010 1162 506 1215 590
pole 0.0010 231 244 288 571
pole 0.0010 168 463 190 605
pole 0.0010 317 412 348 560
pole 0.0010 187 64 363 599
rail-occluder 0.0606 98 626 119 669
rail-occluder 0.0442 38 633 74 702
rail-occluder 0.0348 23 632 124 702
rail-occluder 0.0332 230 581 286 684
rail-occluder 0.0264 618 573 654 612
rail-occluder 0.0242 245 591 287 659
rail-occluder 0.0241 246 642 272 713
rail-occluder 0.0227 92 633 124 687
rail-occluder 0.0217 8 535 521 683
rail-occluder 0.0201 997 578 1054 610
rail-occluder 0.0195 630 548 720 590
rail-occluder 0.0192 605 542 677 596
rail-occluder 0.0190 1014 581 1072 611
rail-occluder 0.0165 1 633 75 702
rail-occluder 0.0154 164 577 284 716
rail-occluder 0.0152 53 618 115 687
rail-occluder 0.0131 100 610 122 660
rail-occluder 0.0116 1405 633 1439 655
rail-occluder 0.0113 619 566 680 610
rail-occluder 0.0102 669 550 743 596
rail-occluder 0.0094 579 568 690 615
rail-occluder 0.0089 703 537 757 598
rail-occluder 0.0085 26 654 83 705
rail-occluder 0.0082 1421 597 1470 634
rail-occluder 0.0075 582 571 644 619
rail-occluder 0.0069 9 649 155 717
rail-occluder 0.0058 498 571 730 618
rail-occluder 0.0055 248 569 291 639
rail-occluder 0.0054 978 554 1052 609
rail-occluder 0.0052 1398 599 1458 659
rail-occluder 0.0052 1213 567 1259 626
rail-occluder 0.0051 165 559 230 726
rail-occluder 0.0051 91 644 152 683
rail-occluder 0.0050 725 528 749 585
rail-occluder 0.0045 722 541 782 604
rail-occluder 0.0042 564 574 612 621
rail-occluder 0.0038 566 549 617 600
rail-occluder 0.0034 208 548 302 678
rail-occluder 0.0032 1410 591 1456 624
rail-occluder 0.0031 517 594 561 633
rail-occluder 0.0029 1175 571 1250 620
rail-occluder 0.0029 174 624 225 704
rail-occluder 0.0028 1412 629 1462 658
rail-occluder 0.0028 1145 568 1220 613
rail-occluder 0.0028 261 590 314 645
rail-occluder 0.0028 1382 609 1439 653
rail-occluder 0.0027 618 590 649 631
rail-occluder 0.0026 245 600 339 686
rail-occluder 0.0026 19 607 88 675
rail-occluder 0.0025 89 629 356 730
rail-occluder 0.0024 1212 596 1262 638
rail-occluder 0.0024 1018 590 1074 623
rail-occluder 0.0023 564 592 610 635
rail-occluder 0.0023 0 625 39 673
rail-occluder 0.0022 1245 566 1317 614
rail-occluder 0.0021 1347 584 1369 610
rail-occluder 0.0020 349 568 376 610
rail-occluder 0.0019 531 593 591 635
rail-occluder 0.0019 1216 562 1302 628
rail-occluder 0.0018 529 577 599 625
rail-occluder 0.0017 226 631 286 727
rail-occluder 0.0017 1441 601 1489 641
rail-occluder 0.0017 0 607 64 663
rail-occluder 0.0016 459 577 758 659
rail-occluder 0.0016 296 558 337 623
rail-occluder 0.0015 1276 573 1323 608
rail-occluder 0.0015 401 571 437 609
rail-occluder 0.0015 1400 593 1433 622
rail-occluder 0.0014 30 604 490 755
rail-occluder 0.0013 1226 602 1291 639
rail-occluder 0.0013 124 642 179 686
rail-occluder 0.0013 155 656 309 716
rail-occluder 0.0012 293 597 339 640
rail-occluder 0.0012 998 586 1095 629
rail-occluder 0.0011 473 574 552 621
rail-occluder 0.0011 337 560 373 616
rail-occluder 0.0011 1405 641 1446 677
rail-occluder 0.0011 580 588 636 641
rail-occluder 0.0011 158 612 207 721
rail-occluder 0.0011 651 566 713 606
rail-occluder 0.0011 479 594 551 630
rail-occluder 0.0010 1445 586 1481 631
rail-occluder 0.0010 1348 589 1380 617
