crossing 0.0014 0 628 61 661
guard-rail 0.6548 1158 614 1225 675
guard-rail 0.3380 1005 620 1016 690
guard-rail 0.0115 1001 609 1011 675
guard-rail 0.0110 1182 629 1253 685
guard-rail 0.0106 1137 591 1246 689
guard-rail 0.0105 1215 548 1307 578
guard-rail 0.0094 1010 620 1032 682
guard-rail 0.0061 1112 610 1207 676
guard-rail 0.0051 1030 542 1380 838
guard-rail 0.0044 1092 640 1127 689
guard-rail 0.0044 1256 557 1346 586
guard-rail 0.0042 1178 631 1304 699
guard-rail 0.0041 980 516 1041 557
guard-rail 0.0040 1080 634 1117 691
guard-rail 0.0037 1113 580 1290 702
guard-rail 0.0034 1198 663 1325 731
guard-rail 0.0025 1025 527 1081 561
guard-rail 0.0021 1118 603 1185 658
guard-rail 0.0020 1101 645 1151 687
guard-rail 0.0019 1237 545 1362 580
guard-rail 0.0017 1171 541 1372 643
guard-rail 0.0015 1069 531 1104 557
guard-rail 0.0015 998 619 1023 693
guard-rail 0.0012 1079 624 1142 689
guard-rail 0.0012 1185 545 1250 576
train-car 0.0033 826 431 969 477
train-car 0.0010 733 421 883 479
rail 0.9648 461 462 912 1079
rail 0.9309 928 486 1259 1079
rail 0.8892 917 489 1831 1079
rail 0.8367 1 464 820 671
rail 0.7566 921 471 1913 792
rail 0.6999 1030 477 1914 603
rail 0.2752 0 465 699 550
rail 0.1930 1374 511 1925 586
rail 0.1119 1203 489 1913 564
rail 0.1002 4 482 659 605
rail 0.0586 7 481 437 531
rail 0.0308 1554 519 1923 571
rail 0.0288 1694 527 1921 566
rail 0.0260 1051 481 1697 549
rail 0.0175 -2 487 321 522
rail 0.0155 1039 475 1494 525
rail 0.0137 207 459 792 521
rail 0.0134 1206 513 1912 701
rail 0.0131 1361 525 1936 633
rail 0.0109 365 468 816 543
rail 0.0105 698 458 810 489
rail 0.0100 3 496 309 538
rail 0.0094 1505 508 1870 553
rail 0.0090 1654 544 1921 598
rail 0.0087 -1 487 134 521
rail 0.0081 951 599 1508 1073
rail 0.0076 1189 484 1466 528
rail 0.0074 914 476 1021 506
rail 0.0070 5 501 425 592
rail 0.0063 922 470 1425 563
rail 0.0062 -3 497 170 535
rail 0.0062 1703 511 1916 553
rail 0.0058 1130 478 1432 509
rail 0.0056 952 482 1026 510
rail 0.0048 -6 471 315 510
rail 0.0046 1159 484 1316 510
rail 0.0045 81 479 409 513
rail 0.0043 394 448 784 510
rail 0.0042 -1 512 251 586
rail 0.0042 950 487 1003 523
rail 0.0041 1382 474 1931 543
rail 0.0040 1012 495 1085 522
rail 0.0040 1212 547 1906 865
rail 0.0038 1429 511 1762 547
rail 0.0037 735 457 870 486
rail 0.0035 529 470 785 504
rail 0.0035 1123 515 1329 582
rail 0.0034 421 463 696 501
rail 0.0034 1702 569 1914 613
rail 0.0033 186 459 807 580
rail 0.0033 210 436 429 498
rail 0.0032 1014 498 1345 588
rail 0.0027 1751 550 1917 592
rail 0.0027 -3 480 340 570
rail 0.0027 942 458 1406 510
rail 0.0027 1110 478 1314 504
rail 0.0026 364 469 680 520
rail 0.0025 887 475 1017 531
rail 0.0024 1199 514 1411 592
rail 0.0024 846 459 949 489
rail 0.0023 950 487 1169 554
rail 0.0023 1842 505 1921 550
rail 0.0022 -2 466 152 526
rail 0.0022 1845 529 1920 567
rail 0.0022 951 469 1135 507
rail 0.0021 1318 312 1583 583
rail 0.0021 1537 483 1938 606
rail 0.0021 883 441 1005 501
rail 0.0020 1714 523 1920 621
rail 0.0020 -4 500 78 543
rail 0.0020 163 485 481 519
rail 0.0020 1485 525 1796 566
rail 0.0019 1 521 535 673
rail 0.0019 938 485 1420 631
rail 0.0019 1222 504 1487 545
rail 0.0018 1248 496 1483 578
rail 0.0018 -3 480 38 526
rail 0.0017 555 471 815 527
rail 0.0016 1459 503 1779 532
rail 0.0016 1216 498 1398 538
rail 0.0016 1020 473 1123 510
rail 0.0015 1656 493 1936 533
rail 0.0014 714 435 795 503
rail 0.0014 20 383 798 575
rail 0.0014 -2 501 39 550
rail 0.0014 703 470 742 507
rail 0.0014 1253 488 1403 525
rail 0.0013 774 460 924 489
rail 0.0013 1122 478 1340 552
rail 0.0013 334 460 605 502
rail 0.0013 1259 463 1486 545
rail 0.0013 1874 508 1920 556
rail 0.0012 1196 469 1511 514
rail 0.0012 486 477 736 514
rail 0.0012 1037 455 1206 499
rail 0.0012 1165 375 1641 547
rail 0.0011 1287 534 1638 668
rail 0.0011 1066 545 1272 1008
rail 0.0011 877 390 1017 502
rail 0.0011 665 457 832 516
rail 0.0010 1855 511 1919 590
rail 0.0010 0 511 71 580
rail 0.0010 5 543 212 598
rail 0.0010 1765 504 1922 572
rail 0.0010 902 469 1114 574
rail 0.0010 0 556 243 642
rail 0.0010 203 512 436 583
rail 0.0010 176 459 446 504
rail 0.0010 0 508 32 585
rail 0.0010 1071 504 1143 531
rail 0.0010 819 460 1043 559
rail 0.0010 1418 487 1722 524
switch-indicator 0.1196 786 535 809 562
switch-indicator 0.0854 752 521 770 547
switch-indicator 0.0161 1243 486 1258 509
switch-indicator 0.0131 706 494 729 552
switch-indicator 0.0127 792 540 818 561
switch-indicator 0.0070 751 507 770 541
switch-indicator 0.0059 744 517 775 552
switch-indicator 0.0052 712 513 734 558
switch-indicator 0.0036 1065 494 1098 520
switch-indicator 0.0034 1081 498 1141 535
switch-left 0.0096 973 506 1053 551
switch-left 0.0075 1183 538 1287 570
switch-left 0.0036 1168 534 1256 562
switch-left 0.0034 1149 530 1228 555
switch-left 0.0022 981 521 1040 554
switch-left 0.0013 1131 524 1209 552
switch-right 0.2411 990 517 1050 548
switch-right 0.0907 981 511 1042 540
switch-right 0.0619 996 523 1059 558
switch-right 0.0204 961 491 1022 524
switch-right 0.0056 1190 539 1279 568
switch-right 0.0037 1152 532 1225 554
switch-right 0.0030 1171 536 1252 561
switch-unknown 0.0084 1094 512 1146 530
switch-unknown 0.0078 967 482 1010 508
switch-unknown 0.0055 1103 515 1161 536
switch-unknown 0.0051 947 471 995 508
switch-unknown 0.0040 1119 521 1200 545
switch-unknown 0.0035 736 457 805 484
switch-unknown 0.0034 1148 528 1220 552
switch-unknown 0.0021 846 457 905 484
switch-unknown 0.0019 860 457 935 490
switch-unknown 0.0012 1158 530 1256 557
switch-static 0.0360 781 537 814 563
switch-static 0.0283 1066 498 1097 516
switch-static 0.0166 949 505 996 535
switch-static 0.0165 1035 500 1094 528
switch-static 0.0126 1063 502 1115 525
switch-static 0.0121 1021 498 1080 520
switch-static 0.0099 952 486 1004 525
switch-static 0.0096 946 510 974 531
switch-static 0.0087 941 563 980 585
switch-static 0.0063 1047 495 1098 517
switch-static 0.0035 954 520 994 569
switch-static 0.0027 1167 532 1245 555
switch-static 0.0022 1197 519 1275 562
switch-static 0.0017 910 562 947 587
switch-static 0.0013 925 479 977 526
switch-static 0.0013 1110 525 1171 545
switch-static 0.0012 929 572 967 598
switch-static 0.0012 926 543 976 582
switch-static 0.0011 1088 526 1134 548
track-sign-front 0.0438 314 358 328 475
track-sign-front 0.0248 708 471 725 505
track-sign-front 0.0136 1405 459 1426 506
track-sign-front 0.0086 520 403 535 476
track-sign-front 0.0058 1406 448 1423 490
track-sign-front 0.0054 620 463 631 481
track-sign-front 0.0042 1408 417 1430 513
track-sign-front 0.0030 705 443 730 491
track-sign-front 0.0019 318 356 334 465
track-sign-front 0.0018 214 420 227 480
track-sign-front 0.0015 704 437 750 488
track-signal-front 0.5404 310 352 326 392
track-signal-front 0.0208 307 345 330 401
track-signal-front 0.0184 1471 392 1489 417
track-signal-front 0.0065 310 348 341 388
track-signal-front 0.0060 308 331 328 380
track-signal-back 0.3341 584 372 599 397
track-signal-back 0.1702 934 368 949 400
track-signal-back 0.1096 935 363 950 447
track-signal-back 0.0682 586 373 601 413
track-signal-back 0.0252 1465 391 1489 424
track-signal-back 0.0065 579 370 605 401
track-signal-back 0.0050 1469 376 1491 430
track-signal-back 0.0039 936 370 964 401
track-signal-back 0.0029 928 365 956 397
track-signal-back 0.0022 583 365 601 389
track-signal-back 0.0020 1052 352 1067 438
track-signal-back 0.0018 978 389 1001 451
track-signal-back 0.0013 1046 354 1063 384
pole 0.6022 1172 254 1197 509
pole 0.5720 701 122 734 558
pole 0.4712 515 264 537 504
pole 0.4160 1400 172 1429 550
pole 0.3631 936 367 948 505
pole 0.2199 314 385 327 497
pole 0.1891 827 392 839 495
pole 0.1676 1459 401 1479 522
pole 0.1590 588 373 601 490
pole 0.1166 465 289 481 500
pole 0.0770 469 272 495 504
pole 0.0752 1051 361 1070 496
pole 0.0611 933 355 951 461
pole 0.0514 1026 191 1047 482
pole 0.0422 1180 293 1202 501
pole 0.0356 466 339 476 484
pole 0.0351 318 367 333 500
pole 0.0345 584 366 601 423
pole 0.0303 930 360 957 509
pole 0.0299 1407 240 1424 554
pole 0.0196 1466 393 1488 517
pole 0.0170 1412 311 1432 540
pole 0.0162 213 319 229 491
pole 0.0154 309 341 335 506
pole 0.0149 520 425 532 484
pole 0.0148 761 376 789 489
pole 0.0136 1051 380 1086 501
pole 0.0131 939 387 972 507
pole 0.0116 823 446 836 486
pole 0.0113 1157 250 1209 510
pole 0.0111 931 424 954 512
pole 0.0102 1077 398 1096 496
pole 0.0097 503 260 553 505
pole 0.0092 517 372 533 493
pole 0.0091 779 381 825 498
pole 0.0088 711 203 729 547
pole 0.0087 294 410 337 557
pole 0.0077 975 380 999 480
pole 0.0076 576 386 623 498
pole 0.0070 1163 329 1189 506
pole 0.0069 758 387 774 486
pole 0.0067 1412 217 1452 551
pole 0.0067 520 315 536 466
pole 0.0066 1444 377 1495 528
pole 0.0058 465 413 476 491
pole 0.0056 1146 257 1189 508
pole 0.0056 216 374 226 483
pole 0.0056 880 380 930 493
pole 0.0056 1644 246 1671 530
pole 0.0055 848 389 892 488
pole 0.0054 828 368 847 479
pole 0.0054 1030 250 1066 511
pole 0.0051 1433 265 1479 558
pole 0.0049 763 382 781 466
pole 0.0045 1102 402 1137 498
pole 0.0038 528 278 573 492
pole 0.0037 756 408 801 493
pole 0.0036 1176 300 1192 451
pole 0.0036 1030 399 1069 497
pole 0.0030 797 411 875 482
pole 0.0030 1376 215 1415 551
pole 0.0029 914 390 965 502
pole 0.0028 965 412 1016 492
pole 0.0025 1119 379 1143 493
pole 0.0025 1405 409 1458 576
pole 0.0025 1040 339 1073 493
pole 0.0024 1413 414 1534 543
pole 0.0023 0 93 32 562
pole 0.0021 455 314 473 493
pole 0.0021 208 316 239 499
pole 0.0020 1135 264 1169 511
pole 0.0019 861 415 936 485
pole 0.0019 900 440 956 507
pole 0.0018 300 384 341 503
pole 0.0018 822 392 852 490
pole 0.0018 1093 330 1173 510
pole 0.0016 554 403 633 533
pole 0.0016 822 446 875 492
pole 0.0014 1365 163 1436 537
pole 0.0014 1022 259 1043 521
pole 0.0013 1000 383 1042 492
pole 0.0013 921 399 984 536
pole 0.0013 551 369 595 493
pole 0.0013 699 322 728 541
pole 0.0012 716 436 792 492
pole 0.0012 719 124 785 538
pole 0.0012 1058 343 1099 492
pole 0.0011 1407 316 1429 464
pole 0.0011 1093 339 1130 491
pole 0.0011 213 424 226 487
pole 0.0010 706 423 731 514
pole 0.0010 289 423 385 552
pole 0.0010 447 278 505 503
rail-occluder 0.2182 1453 537 1477 566
rail-occluder 0.0596 1239 491 1257 512
rail-occluder 0.0381 1458 405 1480 531
rail-occluder 0.0377 709 476 729 531
rail-occluder 0.0304 1455 519 1483 570
rail-occluder 0.0283 1407 519 1426 552
rail-occluder 0.0258 1117 454 1131 495
rail-occluder 0.0237 618 468 631 483
rail-occluder 0.0198 521 451 532 497
rail-occluder 0.0189 1406 472 1421 531
rail-occluder 0.0182 708 503 732 556
rail-occluder 0.0173 520 431 534 485
rail-occluder 0.0156 1407 528 1448 557
rail-occluder 0.0156 1224 487 1256 507
rail-occluder 0.0153 1441 535 1474 563
rail-occluder 0.0146 1116 457 1146 501
rail-occluder 0.0146 1074 465 1093 510
rail-occluder 0.0093 708 468 730 505
rail-occluder 0.0091 1475 508 1511 528
rail-occluder 0.0074 1458 475 1489 543
rail-occluder 0.0068 1118 425 1138 489
rail-occluder 0.0066 1462 540 1497 568
rail-occluder 0.0054 521 479 539 499
rail-occluder 0.0050 1157 465 1207 508
rail-occluder 0.0049 1136 460 1186 511
rail-occluder 0.0047 1191 487 1248 509
rail-occluder 0.0046 516 479 534 501
rail-occluder 0.0045 1448 436 1485 586
rail-occluder 0.0044 1404 462 1423 511
rail-occluder 0.0043 1401 515 1436 553
rail-occluder 0.0037 362 475 380 494
rail-occluder 0.0036 462 447 479 504
rail-occluder 0.0033 1820 496 1890 526
rail-occluder 0.0032 1195 484 1302 518
rail-occluder 0.0028 1049 456 1097 523
rail-occluder 0.0028 1430 449 1485 540
rail-occluder 0.0028 1816 496 1908 547
rail-occluder 0.0024 578 449 601 500
rail-occluder 0.0023 1112 470 1252 505
rail-occluder 0.0021 1345 498 1503 571
rail-occluder 0.0020 1338 476 1473 551
rail-occluder 0.0019 615 467 632 490
rail-occluder 0.0019 1431 506 1499 580
rail-occluder 0.0019 1374 509 1453 551
rail-occluder 0.0019 1105 412 1132 490
rail-occluder 0.0018 455 480 484 502
rail-occluder 0.0018 223 485 267 503
rail-occluder 0.0017 354 478 383 500
rail-occluder 0.0017 1038 466 1130 509
rail-occluder 0.0017 1400 470 1434 533
rail-occluder 0.0017 1181 475 1245 506
rail-occluder 0.0017 462 460 496 500
rail-occluder 0.0016 1435 421 1508 530
rail-occluder 0.0016 1084 465 1186 499
rail-occluder 0.0016 1015 458 1075 510
rail-occluder 0.0016 1882 530 1921 572
rail-occluder 0.0015 747 503 771 544
rail-occluder 0.0015 1486 509 1546 531
rail-occluder 0.0015 1107 485 1166 532
rail-occluder 0.0014 1232 500 1278 548
rail-occluder 0.0014 771 451 835 488
rail-occluder 0.0014 1371 410 1577 540
rail-occluder 0.0013 980 458 1049 505
rail-occluder 0.0013 1239 487 1322 523
rail-occluder 0.0012 704 469 747 548
rail-occluder 0.0012 1785 496 1842 525
rail-occluder 0.0012 1412 463 1503 530
rail-occluder 0.0011 1145 481 1220 509
rail-occluder 0.0011 999 422 1044 488
rail-occluder 0.0011 692 472 740 509
rail-occluder 0.0010 1776 499 1821 524
rail-occluder 0.0010 1645 497 1699 529
rail-occluder 0.0010 1635 502 1706 545
rail-occluder 0.0010 1266 489 1347 524
rail-occluder 0.0010 1137 415 1189 501
