train-car 0.7334 -2 566 376 742
train-car 0.0145 -13 564 640 705
train-car 0.0135 159 615 474 709
train-car 0.0069 299 626 353 694
train-car 0.0036 278 607 365 690
train-car 0.0023 -28 541 673 822
train-car 0.0021 1338 534 1573 601
train-car 0.0014 51 556 407 664
train-car 0.0012 13 485 428 704
train-car 0.0011 1267 538 1599 627
train-car 0.0010 -1 581 193 747
platform 0.9169 948 584 1912 1075
platform 0.7421 -7 589 918 939
platform 0.0178 1308 561 1913 672
platform 0.0027 1230 530 1830 649
platform 0.0013 1317 495 1877 721
rail 0.9579 724 590 1034 1076
rail 0.8471 13 591 928 1080
rail 0.0082 1380 582 1929 710
track-sign-front 0.0025 416 616 437 650
track-sign-front 0.0023 860 620 874 663
track-sign-front 0.0020 721 748 743 793
track-sign-front 0.0010 1440 534 1469 585
track-sign-front 0.0010 542 603 569 634
track-signal-front 0.0024 1446 539 1468 592
track-signal-front 0.0010 917 563 960 605
person 0.0473 305 628 340 696
person 0.0160 600 586 631 660
person 0.0020 274 630 362 705
person 0.0016 815 566 832 603
person 0.0010 606 616 632 659
pole 0.3491 1589 11 1729 741
pole 0.0377 1827 392 1864 786
pole 0.0344 1832 435 1854 773
pole 0.0045 1432 531 1890 710
pole 0.0027 1822 307 1897 769
pole 0.0027 1577 363 1745 741
pole 0.0025 1794 360 1868 785
pole 0.0024 1484 521 1519 685
pole 0.0016 1610 240 1809 752
pole 0.0014 200 370 237 711
pole 0.0011 1576 16 1669 693
pole 0.0011 1620 430 1915 748
pole 0.0010 1431 532 1572 678
pole 0.0010 1510 14 1817 751
rail-occluder 0.0024 862 617 875 663
rail-occluder 0.0022 815 568 831 604
rail-occluder 0.0016 861 611 882 650
