train-car 0.0050 1361 551 1857 630
train-car 0.0020 1618 458 1908 671
train-car 0.0017 1501 435 1919 733
train-car 0.0013 1565 15 1906 1034
train-car 0.0013 960 544 1060 575
train-car 0.0012 1190 518 1228 575
platform 0.5827 1120 564 1915 988
platform 0.2121 -5 561 816 707
platform 0.0782 1304 585 1911 703
platform 0.0198 1272 584 1926 812
platform 0.0109 37 565 741 645
platform 0.0098 1196 567 1830 667
platform 0.0074 1549 581 1920 665
platform 0.0064 9 536 817 622
platform 0.0063 1466 590 1785 662
platform 0.0042 1529 576 1811 632
platform 0.0033 1546 361 1925 879
platform 0.0028 1511 610 1799 693
platform 0.0026 1426 506 1905 777
platform 0.0020 1526 552 1810 614
platform 0.0014 1428 600 1714 681
rail 0.9324 123 560 1048 1076
rail 0.9128 946 560 1223 1076
rail 0.8654 1100 570 1913 1078
rail 0.7346 1 563 854 904
rail 0.0801 6 566 686 646
rail 0.0656 1372 586 1920 725
rail 0.0486 1 578 650 706
rail 0.0327 1122 444 1181 708
rail 0.0116 1125 533 1188 674
rail 0.0102 1145 490 1215 661
rail 0.0092 1130 547 1218 643
rail 0.0086 -4 585 343 649
rail 0.0081 1131 585 1190 648
rail 0.0080 1057 559 1118 590
rail 0.0077 1152 548 1278 604
rail 0.0072 1046 562 1097 588
rail 0.0053 915 571 1030 602
rail 0.0052 1377 609 1921 833
rail 0.0051 6 596 422 686
rail 0.0048 1105 489 1148 652
rail 0.0047 1185 556 1332 604
rail 0.0047 -17 572 467 620
rail 0.0042 984 578 1235 841
rail 0.0040 -10 581 276 617
rail 0.0034 1024 562 1082 588
rail 0.0033 1473 599 1780 682
rail 0.0033 1540 532 1930 778
rail 0.0032 1172 541 1244 599
rail 0.0029 964 559 1062 585
rail 0.0028 1095 546 1154 640
rail 0.0028 -2 581 162 640
rail 0.0027 1066 567 1126 602
rail 0.0025 1148 539 1212 610
rail 0.0025 1180 566 1782 673
rail 0.0023 1166 565 1295 613
rail 0.0023 932 562 1059 595
rail 0.0023 -1 579 125 619
rail 0.0020 -10 605 543 760
rail 0.0020 1066 543 1128 592
rail 0.0019 1043 569 1091 596
rail 0.0019 1106 562 1257 681
rail 0.0016 1714 539 1912 980
rail 0.0016 1170 570 1245 609
rail 0.0016 -8 606 225 682
rail 0.0015 102 565 798 765
rail 0.0014 1208 549 1593 644
rail 0.0014 1147 547 1389 630
rail 0.0013 1228 573 1300 607
rail 0.0012 -2 617 317 715
rail 0.0011 1182 534 1232 581
rail 0.0011 1583 611 1903 676
rail 0.0011 235 555 856 674
rail 0.0010 864 564 983 595
switch-unknown 0.0264 1049 564 1091 584
switch-unknown 0.0126 1031 563 1079 583
switch-unknown 0.0119 1136 594 1184 636
switch-unknown 0.0100 1057 559 1116 587
switch-unknown 0.0098 1040 553 1099 580
switch-unknown 0.0081 1053 573 1080 590
switch-unknown 0.0063 939 578 1002 601
switch-unknown 0.0040 979 559 1046 580
switch-unknown 0.0038 1131 564 1187 642
switch-unknown 0.0033 953 573 1019 597
switch-unknown 0.0033 1075 573 1116 594
switch-unknown 0.0030 1144 572 1203 618
switch-unknown 0.0030 928 574 1013 608
switch-unknown 0.0029 1072 530 1117 594
switch-unknown 0.0028 1117 535 1168 654
switch-unknown 0.0027 1102 570 1144 613
switch-unknown 0.0018 960 551 1029 592
switch-unknown 0.0012 1010 537 1077 581
switch-unknown 0.0011 1101 524 1151 619
switch-unknown 0.0011 1134 609 1183 674
switch-static 0.0016 948 655 998 676
track-sign-front 0.0212 870 570 883 585
track-sign-front 0.0197 866 490 885 596
track-sign-front 0.0046 1193 520 1223 572
track-sign-front 0.0027 776 245 799 267
track-signal-front 0.7606 1126 418 1155 463
track-signal-front 0.1081 1082 503 1093 522
track-signal-front 0.0519 981 538 992 553
track-signal-front 0.0094 657 488 672 513
track-signal-front 0.0089 961 483 995 570
track-signal-front 0.0077 1078 503 1094 534
track-signal-front 0.0038 1116 417 1166 468
track-signal-front 0.0036 977 534 995 559
track-signal-front 0.0019 1082 488 1123 526
track-signal-front 0.0016 1370 507 1395 577
track-signal-front 0.0013 1082 483 1097 516
track-signal-back 0.0031 1415 500 1430 548
track-signal-back 0.0015 252 439 268 474
track-signal-back 0.0010 1383 495 1429 551
pole 0.5531 1714 -25 1914 1085
pole 0.3718 868 433 887 596
pole 0.3355 1126 446 1150 670
pole 0.2200 751 355 769 610
pole 0.1829 1482 485 1501 652
pole 0.1583 909 431 927 584
pole 0.1470 869 430 901 588
pole 0.1066 282 392 301 633
pole 0.0983 736 373 764 612
pole 0.0823 793 398 812 607
pole 0.0746 725 391 746 607
pole 0.0587 1362 506 1392 643
pole 0.0525 287 508 297 631
pole 0.0438 748 377 783 615
pole 0.0432 1129 421 1164 684
pole 0.0358 1351 303 1377 645
pole 0.0285 860 450 881 595
pole 0.0283 271 411 298 615
pole 0.0281 1356 511 1379 637
pole 0.0280 926 438 953 582
pole 0.0270 523 216 559 610
pole 0.0257 1417 512 1429 618
pole 0.0207 1372 506 1411 644
pole 0.0186 892 425 923 594
pole 0.0171 949 447 970 578
pole 0.0171 726 478 741 602
pole 0.0167 796 439 809 582
pole 0.0163 1291 441 1311 619
pole 0.0162 278 477 300 616
pole 0.0161 1129 488 1146 636
pole 0.0159 1833 -59 1920 1101
pole 0.0148 1107 448 1148 689
pole 0.0133 1231 421 1249 599
pole 0.0119 1353 497 1370 634
pole 0.0119 797 418 824 592
pole 0.0116 1480 525 1496 649
pole 0.0107 760 411 795 620
pole 0.0087 277 507 310 664
pole 0.0077 1287 487 1307 607
pole 0.0077 902 438 935 592
pole 0.0074 1169 434 1193 621
pole 0.0071 246 447 263 606
pole 0.0056 1031 464 1043 570
pole 0.0054 726 449 758 596
pole 0.0051 1164 446 1213 660
pole 0.0045 1426 505 1451 637
pole 0.0045 653 480 673 578
pole 0.0043 1280 386 1317 629
pole 0.0043 260 365 293 623
pole 0.0039 1477 544 1517 670
pole 0.0034 1118 505 1173 683
pole 0.0034 841 437 900 603
pole 0.0033 281 558 299 634
pole 0.0031 962 480 991 570
pole 0.0031 1194 518 1224 574
pole 0.0031 1130 483 1167 623
pole 0.0030 714 397 739 609
pole 0.0030 291 415 317 636
pole 0.0030 264 501 300 669
pole 0.0030 284 442 299 591
pole 0.0030 1489 484 1515 659
pole 0.0029 1582 420 1912 933
pole 0.0027 753 415 767 565
pole 0.0027 1634 102 1878 960
pole 0.0026 629 500 645 592
pole 0.0026 1734 340 1886 1069
pole 0.0026 1235 459 1258 597
pole 0.0024 1416 568 1428 618
pole 0.0021 643 494 665 594
pole 0.0021 797 482 836 605
pole 0.0021 504 466 523 589
pole 0.0021 536 216 581 616
pole 0.0020 1324 324 1382 628
pole 0.0019 729 421 741 564
pole 0.0019 1706 175 1846 843
pole 0.0019 1345 369 1392 662
pole 0.0018 1289 522 1317 610
pole 0.0017 732 378 807 631
pole 0.0017 1163 504 1216 597
pole 0.0016 1419 517 1565 655
pole 0.0016 1751 187 1905 839
pole 0.0016 1370 497 1394 590
pole 0.0015 1730 511 1743 613
pole 0.0014 1119 401 1187 669
pole 0.0014 1142 381 1172 640
pole 0.0014 239 513 346 631
pole 0.0013 1414 500 1432 551
pole 0.0012 987 463 1049 586
pole 0.0011 251 435 265 521
pole 0.0011 844 462 878 614
pole 0.0011 262 407 327 635
pole 0.0011 1192 517 1250 585
pole 0.0010 1359 420 1389 608
pole 0.0010 1265 377 1302 610
pole 0.0010 1125 445 1154 572
pole 0.0010 773 462 827 632
pole 0.0010 1302 363 1340 642
pole 0.0010 1444 490 1516 654
rail-occluder 0.0157 871 570 891 587
rail-occluder 0.0071 1360 568 1391 643
rail-occluder 0.0032 855 568 883 588
rail-occluder 0.0027 1358 577 1378 639
rail-occluder 0.0026 246 552 267 599
rail-occluder 0.0022 1369 548 1414 652
rail-occluder 0.0019 287 587 302 638
rail-occluder 0.0018 894 564 950 593
rail-occluder 0.0017 281 558 300 635
rail-occluder 0.0015 788 573 810 606
rail-occluder 0.0014 1245 575 1288 604
rail-occluder 0.0013 1264 576 1290 602
rail-occluder 0.0013 1308 645 1321 674
rail-occluder 0.0013 790 558 813 600
rail-occluder 0.0012 863 568 890 596
rail-occluder 0.0011 1262 549 1299 606
rail-occluder 0.0010 915 564 982 595
rail-occluder 0.0010 0 579 32 618
