guard-rail 0.1015 917 558 962 585
guard-rail 0.0698 913 564 954 592
guard-rail 0.0372 927 551 974 582
guard-rail 0.0284 908 567 940 597
guard-rail 0.0067 973 540 1016 576
guard-rail 0.0040 895 576 929 605
guard-rail 0.0032 910 554 974 594
guard-rail 0.0026 983 547 1022 598
guard-rail 0.0023 1016 580 1029 620
rail 0.9690 1069 501 1923 1079
rail 0.9534 918 500 1218 1077
rail 0.9366 231 504 1057 1074
rail 0.0052 31 718 674 1069
switch-indicator 0.0010 942 509 969 553
switch-left 0.0029 974 542 1015 575
switch-left 0.0016 968 526 1026 572
switch-right 0.0587 974 524 1022 552
switch-right 0.0167 960 531 1015 564
switch-right 0.0025 933 550 985 578
switch-right 0.0023 973 541 1016 575
switch-unknown 0.0839 975 525 1021 550
switch-unknown 0.0447 980 518 1026 541
switch-unknown 0.0100 1002 507 1040 530
switch-unknown 0.0026 958 522 1013 556
switch-unknown 0.0016 1001 500 1064 534
switch-unknown 0.0013 1019 467 1072 527
track-sign-front 0.0223 1207 509 1222 529
track-sign-front 0.0147 1509 519 1523 585
track-sign-front 0.0131 630 609 643 629
track-sign-front 0.0104 1414 497 1436 550
track-sign-front 0.0080 1411 465 1437 556
track-sign-front 0.0071 1418 515 1436 560
track-sign-front 0.0062 1466 572 1481 594
track-sign-front 0.0031 1455 566 1479 594
track-sign-front 0.0022 939 491 961 530
track-sign-front 0.0021 1419 496 1447 551
track-sign-front 0.0014 621 609 638 634
track-sign-front 0.0012 1207 499 1226 524
track-sign-front 0.0012 1476 538 1510 601
track-signal-front 0.2183 1046 460 1058 474
track-signal-front 0.0199 1044 454 1060 479
track-signal-front 0.0043 1393 398 1422 446
track-signal-front 0.0026 1383 394 1410 425
track-signal-front 0.0017 1389 391 1425 430
track-signal-front 0.0016 1112 436 1130 485
track-signal-front 0.0013 1391 379 1433 439
track-signal-front 0.0011 1391 388 1436 476
track-signal-back 0.0011 1404 419 1437 549
pole 0.0066 1129 273 1150 554
pole 0.0049 1130 202 1169 555
pole 0.0020 1116 317 1135 562
pole 0.0011 1127 361 1148 499
