crossing 0.0011 746 1015 1140 1078
guard-rail 0.8269 1125 498 1202 572
guard-rail 0.6640 932 494 961 583
guard-rail 0.6461 0 674 276 893
guard-rail 0.2143 -1 693 251 1070
guard-rail 0.1004 131 677 287 758
guard-rail 0.0712 188 675 299 736
guard-rail 0.0648 90 667 314 783
guard-rail 0.0520 -2 514 584 828
guard-rail 0.0210 1159 513 1222 573
guard-rail 0.0193 47 607 497 767
guard-rail 0.0160 181 652 335 729
guard-rail 0.0107 984 369 1047 424
guard-rail 0.0097 2 673 184 812
guard-rail 0.0093 -2 777 145 1078
guard-rail 0.0077 200 635 404 752
guard-rail 0.0071 11 643 252 759
guard-rail 0.0068 1 664 147 764
guard-rail 0.0054 1115 484 1175 564
guard-rail 0.0053 1 711 175 912
guard-rail 0.0052 -2 672 88 828
guard-rail 0.0052 95 646 303 719
guard-rail 0.0051 0 664 108 731
guard-rail 0.0048 43 698 226 850
guard-rail 0.0045 126 645 369 820
guard-rail 0.0044 0 742 85 968
guard-rail 0.0043 1117 494 1155 557
guard-rail 0.0043 195 563 439 742
guard-rail 0.0037 945 339 998 367
guard-rail 0.0035 1045 462 1227 653
guard-rail 0.0035 916 488 979 583
guard-rail 0.0034 1081 434 1109 467
guard-rail 0.0034 104 633 342 753
guard-rail 0.0029 84 693 259 806
guard-rail 0.0026 188 681 276 779
guard-rail 0.0019 918 346 984 375
guard-rail 0.0013 247 609 444 699
guard-rail 0.0013 0 666 40 730
guard-rail 0.0012 1076 423 1114 461
guard-rail 0.0012 153 656 252 708
guard-rail 0.0011 22 644 140 714
guard-rail 0.0011 944 495 964 545
guard-rail 0.0011 1108 438 1209 578
guard-rail 0.0011 962 510 985 582
guard-rail 0.0011 136 666 231 721
guard-rail 0.0010 153 667 260 739
rail 0.9431 747 296 1096 1076
rail 0.9414 1002 326 1790 1077
rail 0.7740 -3 316 1062 872
rail 0.6315 1139 293 1926 487
rail 0.4043 1 451 725 826
rail 0.1616 1009 295 1104 340
rail 0.0950 1009 316 1053 348
rail 0.0453 804 294 1396 1078
rail 0.0267 1248 163 1914 678
rail 0.0238 1019 287 1134 331
rail 0.0201 1247 337 1915 428
rail 0.0174 1018 293 1067 322
rail 0.0143 278 397 902 638
rail 0.0126 1029 286 1097 324
rail 0.0066 622 420 772 508
rail 0.0059 1133 292 1701 429
rail 0.0051 988 328 1037 355
rail 0.0048 1047 303 1113 368
rail 0.0036 959 326 1087 452
rail 0.0036 990 267 1122 414
rail 0.0035 -10 695 386 1075
rail 0.0035 1016 326 1123 400
rail 0.0032 249 285 1152 715
rail 0.0029 985 314 1052 359
rail 0.0029 597 322 1026 515
rail 0.0027 572 426 729 524
rail 0.0027 1144 292 1494 401
rail 0.0026 1339 372 1913 475
rail 0.0022 1037 273 1138 319
rail 0.0022 -3 797 113 1067
rail 0.0021 616 393 924 523
rail 0.0018 1453 270 1806 662
rail 0.0017 496 329 905 562
rail 0.0017 1015 376 1335 1048
rail 0.0014 1511 494 1919 1049
rail 0.0012 1313 348 1880 590
rail 0.0011 1016 355 1120 417
rail 0.0011 1466 399 1929 522
switch-indicator 0.2212 665 415 696 449
switch-indicator 0.0185 656 424 723 484
switch-indicator 0.0067 661 407 686 447
switch-indicator 0.0020 678 410 728 442
switch-left 0.1470 989 365 1053 413
switch-left 0.0369 644 432 781 492
switch-left 0.0273 548 449 743 513
switch-left 0.0076 528 461 697 525
switch-left 0.0032 581 419 750 530
switch-left 0.0027 719 429 813 462
switch-left 0.0019 673 418 838 491
switch-left 0.0011 580 471 683 512
switch-left 0.0011 969 334 1074 466
switch-left 0.0010 495 488 645 549
switch-right 0.2908 990 366 1052 411
switch-right 0.1598 997 335 1045 371
switch-right 0.0890 633 431 762 490
switch-right 0.0621 588 439 744 504
switch-right 0.0438 1004 326 1045 357
switch-right 0.0137 679 428 771 461
switch-right 0.0091 549 463 688 511
switch-right 0.0062 708 430 798 456
switch-right 0.0040 732 428 812 451
switch-right 0.0020 528 484 657 530
switch-unknown 0.1561 1005 327 1044 352
switch-unknown 0.1534 1010 318 1050 346
switch-unknown 0.1147 1014 304 1071 338
switch-unknown 0.1047 650 427 761 476
switch-unknown 0.0438 613 440 754 495
switch-unknown 0.0203 689 429 806 469
switch-unknown 0.0137 652 416 727 468
switch-unknown 0.0112 569 449 703 501
switch-unknown 0.0082 599 424 720 480
switch-unknown 0.0053 577 437 697 474
switch-unknown 0.0032 671 440 778 489
switch-unknown 0.0015 999 273 1047 332
switch-static 0.4072 1062 363 1115 382
switch-static 0.1143 1051 360 1100 386
switch-static 0.0783 660 421 729 456
switch-static 0.0412 999 340 1049 379
switch-static 0.0298 656 428 730 479
switch-static 0.0230 988 327 1037 354
switch-static 0.0100 682 427 766 458
switch-static 0.0045 954 326 1003 357
switch-static 0.0041 566 437 678 469
switch-static 0.0039 726 432 807 457
switch-static 0.0027 1058 303 1108 369
switch-static 0.0020 527 443 587 462
switch-static 0.0019 1049 346 1129 396
switch-static 0.0010 674 410 728 443
track-sign-front 0.0015 560 366 589 413
track-sign-front 0.0011 551 319 568 340
track-signal-front 0.0023 1249 193 1263 233
track-signal-front 0.0018 1255 173 1270 240
pole 0.2113 1258 108 1293 367
pole 0.1312 1133 116 1152 313
pole 0.0766 1253 69 1278 369
pole 0.0416 1266 183 1286 364
pole 0.0388 1137 191 1155 316
pole 0.0166 1087 218 1102 321
pole 0.0115 1267 250 1282 362
pole 0.0096 1315 62 1878 877
pole 0.0082 1272 158 1300 362
pole 0.0070 1136 132 1148 281
pole 0.0063 1075 251 1107 324
pole 0.0041 1260 194 1281 342
pole 0.0036 1569 -95 1685 658
pole 0.0036 1128 239 1160 319
pole 0.0032 1085 201 1127 322
pole 0.0028 1266 294 1278 356
pole 0.0024 1127 89 1162 309
pole 0.0023 1241 143 1284 379
pole 0.0021 1126 184 1159 346
pole 0.0019 1254 174 1273 259
pole 0.0017 1436 122 1764 997
pole 0.0017 1251 151 1310 379
pole 0.0017 1248 130 1265 300
pole 0.0016 1446 238 1815 721
pole 0.0014 1140 243 1163 314
pole 0.0013 1257 152 1288 293
pole 0.0013 1547 191 1662 731
pole 0.0011 1163 208 1194 317
pole 0.0010 1220 265 1346 381
rail-occluder 0.0066 1640 490 1920 951
rail-occluder 0.0044 1202 312 1459 415
rail-occluder 0.0023 1079 278 1133 328
rail-occluder 0.0022 1290 322 1373 404
rail-occluder 0.0014 1731 498 1918 836
rail-occluder 0.0014 1123 274 1157 320
