train-car 0.5176 921 -65 1915 1078
train-car 0.0531 938 -19 1887 556
train-car 0.0024 913 497 1891 1071
rail 0.9191 644 574 960 849
rail 0.9044 155 576 665 1080
rail 0.0010 1314 88 1902 948
rail 0.0010 665 562 938 716
rail 0.0010 537 600 1090 1076
track-sign-front 0.0069 1877 0 1919 288
track-sign-front 0.0017 1815 -2 1915 291
track-sign-front 0.0016 745 589 762 616
track-sign-front 0.0012 911 427 936 465
track-signal-front 0.4635 897 331 940 424
track-signal-front 0.0048 1872 4 1919 296
track-signal-front 0.0024 903 320 976 431
person 0.0025 0 641 26 778
