crossing 0.0127 991 618 1028 643
crossing 0.0018 997 610 1065 642
guard-rail 0.0111 897 703 948 727
guard-rail 0.0075 910 695 966 728
guard-rail 0.0043 878 707 938 733
guard-rail 0.0024 919 677 970 718
guard-rail 0.0014 850 718 893 749
platform 0.0015 1018 613 1113 643
rail 0.9531 782 610 1019 1074
rail 0.9474 7 629 1008 1077
rail 0.0866 957 664 1015 716
rail 0.0411 974 634 1021 667
rail 0.0382 932 630 1013 668
rail 0.0226 892 618 1006 665
rail 0.0163 982 622 1023 656
rail 0.0123 966 641 1018 699
rail 0.0117 907 618 984 651
rail 0.0093 989 617 1032 648
rail 0.0060 898 614 962 673
rail 0.0058 940 595 1033 769
rail 0.0020 860 622 976 681
rail 0.0015 979 618 1084 667
rail 0.0013 870 595 1036 735
rail 0.0013 903 599 1013 1082
rail 0.0012 990 609 1072 648
rail 0.0011 20 744 706 1047
rail 0.0010 913 619 1037 708
switch-indicator 0.0340 917 649 939 683
switch-indicator 0.0121 910 618 948 668
switch-indicator 0.0017 884 641 931 690
switch-left 0.0609 962 672 1016 716
switch-right 0.2177 963 673 1014 708
switch-right 0.0575 966 659 1012 694
switch-right 0.0499 977 636 1020 665
switch-right 0.0324 983 632 1022 654
switch-right 0.0133 959 688 1016 722
switch-unknown 0.0239 987 623 1020 651
switch-static 0.0276 921 650 962 681
switch-static 0.0113 914 616 981 666
switch-static 0.0104 902 677 947 719
switch-static 0.0026 1063 674 1097 700
switch-static 0.0018 1076 676 1104 700
switch-static 0.0013 890 681 929 715
switch-static 0.0011 1000 656 1072 687
track-sign-front 0.0883 1098 570 1114 592
track-sign-front 0.0085 909 619 952 648
track-sign-front 0.0037 895 621 931 649
track-sign-front 0.0024 1092 568 1120 595
track-sign-front 0.0015 901 513 921 555
track-sign-front 0.0015 871 575 904 610
track-sign-front 0.0013 1099 568 1140 594
track-sign-front 0.0012 1051 605 1122 646
track-sign-front 0.0011 1094 560 1118 585
track-signal-front 0.0762 1081 565 1113 589
track-signal-front 0.0479 1077 561 1095 583
track-signal-front 0.0244 1097 567 1115 595
track-signal-front 0.0061 874 579 888 598
track-signal-front 0.0047 1072 559 1089 578
track-signal-front 0.0037 1008 562 1026 589
track-signal-front 0.0011 999 589 1029 633
rail-occluder 0.0012 873 630 937 660
