crossing 0.0027 1136 624 1197 644
train-car 0.3779 1615 499 1921 644
train-car 0.0101 1421 472 1898 655
train-car 0.0038 649 524 820 600
train-car 0.0036 628 527 754 606
train-car 0.0029 738 527 907 597
train-car 0.0025 670 538 743 597
train-car 0.0024 871 534 931 609
train-car 0.0022 1718 524 1925 630
train-car 0.0017 539 518 761 621
train-car 0.0015 1579 458 1757 650
train-car 0.0014 1566 461 1883 611
train-car 0.0013 642 539 733 638
train-car 0.0013 1127 559 1392 624
train-car 0.0013 586 500 843 608
train-car 0.0012 1258 505 1874 703
train-car 0.0011 1616 443 1961 722
train-car 0.0010 684 505 894 619
platform 0.9476 -3 590 1023 1076
platform 0.8817 1086 574 1915 899
platform 0.0179 1625 539 1943 650
platform 0.0176 1080 576 1378 623
platform 0.0149 1610 604 1919 680
platform 0.0047 1608 612 1919 779
platform 0.0029 1560 567 1913 709
platform 0.0021 1134 606 1316 648
platform 0.0017 1670 580 1936 658
platform 0.0014 1053 572 1347 662
platform 0.0011 462 576 1010 1046
rail 0.9629 948 569 1216 1076
rail 0.9304 1053 573 1919 1077
rail 0.0128 1041 576 1101 596
rail 0.0126 1063 576 1314 624
rail 0.0111 1047 577 1130 603
rail 0.0100 1053 579 1167 617
rail 0.0073 1064 580 1209 631
rail 0.0065 1066 568 1307 603
rail 0.0062 1633 623 1931 702
rail 0.0053 1099 603 1226 643
rail 0.0024 1063 573 1211 605
rail 0.0019 1022 570 1069 591
rail 0.0016 1034 573 1259 655
rail 0.0014 1644 895 1879 1079
rail 0.0011 1076 587 1167 640
switch-unknown 0.0068 1022 567 1065 590
switch-unknown 0.0059 1072 583 1147 610
switch-unknown 0.0030 1112 603 1175 637
switch-unknown 0.0024 1016 563 1047 586
switch-unknown 0.0022 1126 612 1200 643
switch-unknown 0.0018 1099 584 1172 624
switch-static 0.0093 1186 623 1237 646
switch-static 0.0051 1158 625 1219 646
switch-static 0.0049 1171 618 1220 641
switch-static 0.0025 1196 625 1264 655
switch-static 0.0014 1152 612 1232 641
track-sign-front 0.0665 1654 885 1742 1041
track-signal-front 0.0037 970 513 990 542
person 0.0052 1625 547 1859 646
person 0.0034 1718 553 1763 640
person 0.0015 1727 576 1752 645
person 0.0014 1617 616 1665 720
person 0.0014 1698 551 1741 640
person 0.0013 1609 635 1648 715
pole 0.0761 139 434 226 1006
pole 0.0549 1 388 36 1057
pole 0.0054 67 415 216 1015
pole 0.0050 -2 54 46 992
pole 0.0047 283 568 337 934
pole 0.0035 2 353 82 1070
pole 0.0031 0 187 32 852
pole 0.0026 477 499 508 710
pole 0.0024 1655 443 1682 661
pole 0.0024 47 593 330 1005
pole 0.0023 3 461 166 1063
pole 0.0022 1145 469 1168 597
pole 0.0018 1170 509 1192 599
pole 0.0015 280 552 414 859
pole 0.0014 1150 488 1188 600
pole 0.0013 896 536 941 620
pole 0.0012 1693 934 1728 1075
pole 0.0010 1472 125 1565 798
pole 0.0010 -1 673 41 1105
rail-occluder 0.0619 1652 885 1740 1070
rail-occluder 0.0038 1185 618 1237 642
rail-occluder 0.0034 1689 917 1728 1077
rail-occluder 0.0025 1590 861 1862 1066
rail-occluder 0.0021 74 812 152 1009
rail-occluder 0.0014 1191 616 1257 649
rail-occluder 0.0011 1163 613 1225 642
rail-occluder 0.0010 279 568 418 848
