rail 0.8633 332 542 1707 1079
rail 0.8382 353 591 872 1080
rail 0.3442 41 490 913 1083
rail 0.0016 19 488 701 883
rail 0.0011 453 641 747 1043
track-sign-front 0.2395 335 486 391 551
track-sign-front 0.0141 342 403 399 586
track-sign-front 0.0081 342 446 403 538
track-sign-front 0.0068 357 469 400 531
track-sign-front 0.0061 368 453 400 513
track-sign-front 0.0023 363 378 406 557
track-signal-front 0.0011 676 108 726 187
pole 0.4360 277 315 376 620
pole 0.1215 301 304 347 586
pole 0.0206 326 451 392 595
pole 0.0159 340 331 396 585
pole 0.0060 254 320 316 602
pole 0.0036 359 320 410 551
pole 0.0030 313 290 360 548
pole 0.0025 219 313 358 607
pole 0.0017 316 307 457 585
pole 0.0014 39 277 62 495
rail-occluder 0.6059 234 491 328 595
rail-occluder 0.2588 233 445 378 611
rail-occluder 0.0879 273 487 386 577
rail-occluder 0.0191 372 588 420 697
rail-occluder 0.0160 238 522 367 626
rail-occluder 0.0134 378 609 411 687
rail-occluder 0.0089 313 487 377 607
rail-occluder 0.0075 337 486 388 596
rail-occluder 0.0065 355 569 438 689
rail-occluder 0.0060 306 548 422 683
rail-occluder 0.0039 218 498 293 582
rail-occluder 0.0025 340 565 418 630
rail-occluder 0.0022 229 498 324 676
rail-occluder 0.0022 336 486 421 623
rail-occluder 0.0021 57 333 480 637
rail-occluder 0.0017 169 482 635 765
rail-occluder 0.0016 385 624 422 695
rail-occluder 0.0015 203 500 253 563
rail-occluder 0.0015 347 586 416 652
rail-occluder 0.0014 383 587 431 654
rail-occluder 0.0012 -39 410 537 769
rail-occluder 0.0011 240 487 312 545
rail-occluder 0.0010 250 476 346 551
