crossing 0.0022 1006 557 1079 590
crossing 0.0018 998 553 1033 574
train-car 0.9163 1271 -29 1919 1143
train-car 0.0051 1287 361 1893 748
platform 0.9574 0 555 942 1077
platform 0.0896 1078 547 1278 589
platform 0.0015 1074 522 1279 627
platform 0.0013 9 565 883 823
platform 0.0012 1093 526 1272 569
platform 0.0010 1098 557 1299 611
platform 0.0010 1136 552 1239 585
rail 0.9550 859 556 1156 1074
rail 0.8779 997 553 1332 799
rail 0.0058 1008 562 1123 614
rail 0.0032 1001 560 1089 600
rail 0.0022 980 531 1541 1020
rail 0.0022 3 545 864 690
rail 0.0017 1056 551 1281 637
rail 0.0013 7 575 873 790
rail 0.0010 968 544 1138 638
rail 0.0010 989 556 1056 590
switch-unknown 0.0012 948 547 992 574
track-sign-front 0.0032 842 487 867 529
track-sign-front 0.0018 848 481 865 512
track-sign-front 0.0011 848 507 873 554
track-signal-front 0.0043 933 490 951 525
track-signal-front 0.0017 933 496 954 546
track-signal-front 0.0013 933 486 947 509
track-signal-front 0.0011 903 472 952 534
track-signal-back 0.0038 202 39 296 195
track-signal-back 0.0025 160 7 293 95
track-signal-back 0.0012 162 2 293 51
