guard-rail 0.0031 1688 764 1888 826
guard-rail 0.0016 1718 775 1861 818
guard-rail 0.0011 471 722 552 751
guard-rail 0.0010 496 715 573 746
train-car 0.6474 0 462 403 996
train-car 0.2699 759 627 798 667
train-car 0.1999 1041 628 1229 657
train-car 0.1095 1032 631 1152 654
train-car 0.0846 736 471 795 717
train-car 0.0715 1083 629 1296 661
train-car 0.0448 1053 634 1125 652
train-car 0.0391 1138 626 1242 663
train-car 0.0253 990 630 1090 653
train-car 0.0163 1141 620 1194 670
train-car 0.0162 1086 627 1180 655
train-car 0.0160 1030 622 1279 678
train-car 0.0153 384 651 592 697
train-car 0.0148 1022 642 1204 671
train-car 0.0129 765 609 815 671
train-car 0.0128 115 552 391 884
train-car 0.0115 15 -16 403 1104
train-car 0.0090 1085 613 1248 652
train-car 0.0080 401 658 492 690
train-car 0.0056 1017 622 1070 656
train-car 0.0049 789 608 869 674
train-car 0.0049 988 620 1191 664
train-car 0.0040 1054 642 1293 691
train-car 0.0033 219 546 456 863
train-car 0.0029 968 636 1040 662
train-car 0.0025 763 636 838 673
train-car 0.0022 436 655 499 684
train-car 0.0022 1212 626 1252 668
train-car 0.0021 310 466 408 842
train-car 0.0020 396 634 483 688
train-car 0.0020 452 655 480 683
train-car 0.0020 1731 614 1913 691
train-car 0.0018 369 565 453 738
train-car 0.0016 1826 620 1884 681
train-car 0.0014 1065 644 1164 669
train-car 0.0013 964 622 1031 655
train-car 0.0011 974 628 1123 670
train-car 0.0010 739 568 815 732
rail 0.9238 696 647 992 1078
rail 0.9093 939 650 1699 1076
rail 0.8985 1 655 847 1079
rail 0.7423 728 932 788 1078
rail 0.7232 1044 654 1917 826
rail 0.6844 378 667 733 773
rail 0.4203 1226 654 1913 753
rail 0.4103 392 660 636 699
rail 0.3984 944 906 984 1071
rail 0.3798 386 659 702 720
rail 0.1595 712 907 991 1063
rail 0.1356 457 667 630 726
rail 0.1217 1360 679 1921 802
rail 0.0971 377 710 626 765
rail 0.0787 469 658 698 695
rail 0.0546 860 653 987 1076
rail 0.0543 1562 703 1927 785
rail 0.0529 1548 685 1921 754
rail 0.0425 370 677 613 742
rail 0.0394 214 647 868 902
rail 0.0389 1481 664 1915 729
rail 0.0200 1740 718 1925 792
rail 0.0200 387 645 686 690
rail 0.0186 903 902 979 1057
rail 0.0182 1633 670 1931 706
rail 0.0136 1708 728 1923 828
rail 0.0134 403 658 853 815
rail 0.0129 536 671 754 717
rail 0.0127 959 921 991 1076
rail 0.0119 1086 635 1897 721
rail 0.0118 1769 720 1916 760
rail 0.0116 394 656 549 693
rail 0.0115 1696 703 1922 749
rail 0.0113 1495 712 1920 838
rail 0.0102 938 904 970 1038
rail 0.0098 495 676 774 738
rail 0.0096 1816 725 1899 759
rail 0.0092 1045 645 1478 698
rail 0.0088 1091 658 1647 712
rail 0.0083 719 885 868 1070
rail 0.0082 1714 654 1911 701
rail 0.0078 1834 733 1922 792
rail 0.0073 709 936 765 1079
rail 0.0072 334 693 643 806
rail 0.0067 1776 765 1931 880
rail 0.0063 1212 671 1717 788
rail 0.0059 362 632 677 748
rail 0.0059 916 699 986 1078
rail 0.0056 513 653 706 681
rail 0.0055 1773 673 1960 714
rail 0.0054 1837 724 1921 767
rail 0.0050 1847 698 1923 748
rail 0.0043 577 672 726 706
rail 0.0043 1160 656 1400 695
rail 0.0043 1843 789 1897 844
rail 0.0041 1836 754 1920 830
rail 0.0040 1670 749 1906 862
rail 0.0039 623 675 661 702
rail 0.0037 562 663 656 685
rail 0.0035 376 664 513 700
rail 0.0035 1732 781 1882 835
rail 0.0034 1528 705 1765 739
rail 0.0032 603 676 686 713
rail 0.0029 1761 644 1917 780
rail 0.0029 977 644 1108 677
rail 0.0028 750 926 821 1076
rail 0.0027 497 694 661 742
rail 0.0026 1879 722 1920 771
rail 0.0026 387 712 504 776
rail 0.0024 509 702 750 789
rail 0.0024 1886 733 1919 794
rail 0.0024 429 717 598 755
rail 0.0024 1772 629 1911 713
rail 0.0023 1552 655 1881 705
rail 0.0023 1851 627 1895 720
rail 0.0023 1853 669 1904 714
rail 0.0023 591 659 767 696
rail 0.0022 841 841 986 984
rail 0.0022 1338 680 1586 781
rail 0.0022 512 660 620 706
rail 0.0022 666 672 801 718
rail 0.0021 381 724 557 789
rail 0.0019 679 654 788 688
rail 0.0019 575 641 804 701
rail 0.0019 1281 658 1552 693
rail 0.0018 914 917 958 1079
rail 0.0017 1429 700 1642 784
rail 0.0017 640 910 859 1098
rail 0.0017 451 656 535 689
rail 0.0016 1312 654 1472 685
rail 0.0016 1888 756 1920 826
rail 0.0016 1588 748 1895 818
rail 0.0016 1703 701 1930 894
rail 0.0015 1887 689 1922 752
rail 0.0015 1841 641 1915 790
rail 0.0015 1438 692 1935 941
rail 0.0015 645 662 870 1080
rail 0.0015 1212 676 1891 1021
rail 0.0014 104 573 643 959
rail 0.0014 4 529 415 1123
rail 0.0014 1865 676 1924 716
rail 0.0013 749 806 955 940
rail 0.0013 1259 658 1411 687
rail 0.0013 390 703 565 750
rail 0.0013 1818 793 1901 891
rail 0.0013 541 675 632 718
rail 0.0012 1424 657 1715 702
rail 0.0012 718 884 799 999
rail 0.0012 399 615 615 690
rail 0.0011 1186 670 1371 703
rail 0.0011 660 662 760 695
rail 0.0011 742 916 801 1040
rail 0.0011 234 719 594 842
rail 0.0011 469 670 819 920
rail 0.0011 1017 645 1622 758
rail 0.0010 987 647 1054 675
rail 0.0010 1886 780 1919 850
rail 0.0010 1527 730 1857 795
rail 0.0010 1463 673 1666 731
rail 0.0010 1366 675 1639 713
rail 0.0010 526 641 647 689
rail 0.0010 408 712 719 814
rail 0.0010 1246 686 1807 890
rail 0.0010 1078 564 1904 769
rail 0.0010 717 632 799 702
switch-indicator 0.1155 639 686 653 700
switch-indicator 0.0558 1324 662 1338 678
switch-indicator 0.0210 636 679 653 699
switch-indicator 0.0207 1022 791 1093 881
switch-indicator 0.0087 1027 832 1103 896
switch-indicator 0.0083 635 674 666 702
switch-indicator 0.0026 1047 793 1091 831
switch-left 0.2388 770 892 966 978
switch-left 0.0851 806 881 964 945
switch-left 0.0339 809 856 964 925
switch-left 0.0054 717 910 966 1010
switch-left 0.0019 754 880 920 955
switch-left 0.0015 821 900 937 966
switch-right 0.1372 782 889 962 959
switch-right 0.0534 799 859 953 927
switch-right 0.0058 831 882 943 939
switch-right 0.0041 814 841 961 904
switch-unknown 0.0018 539 701 623 729
switch-unknown 0.0018 702 672 767 717
switch-unknown 0.0014 676 677 742 716
switch-unknown 0.0012 873 658 914 688
switch-unknown 0.0012 708 649 758 689
switch-unknown 0.0010 649 704 721 737
switch-unknown 0.0010 679 699 740 733
switch-static 0.4490 1022 793 1078 820
switch-static 0.4344 652 883 747 923
switch-static 0.2342 1720 845 1790 877
switch-static 0.0942 1724 851 1820 885
switch-static 0.0591 673 874 767 919
switch-static 0.0334 1015 796 1086 853
switch-static 0.0324 1770 860 1823 888
switch-static 0.0118 639 867 705 913
switch-static 0.0087 1005 844 1091 888
switch-static 0.0054 1719 821 1838 889
switch-static 0.0039 618 838 660 905
switch-static 0.0036 680 727 830 1035
switch-static 0.0035 602 802 805 1010
switch-static 0.0033 658 858 751 911
switch-static 0.0032 1042 853 1099 898
switch-static 0.0030 993 846 1063 880
switch-static 0.0030 599 834 701 910
switch-static 0.0028 692 866 801 949
switch-static 0.0027 1093 954 1147 986
switch-static 0.0018 1693 843 1770 872
switch-static 0.0016 1738 792 1880 879
switch-static 0.0010 997 764 1103 901
switch-static 0.0010 780 757 814 778
track-sign-front 0.4945 1846 628 1874 672
track-sign-front 0.0252 1838 610 1870 676
track-sign-front 0.0128 1539 593 1551 675
track-sign-front 0.0081 1539 619 1548 669
track-sign-front 0.0038 1819 618 1861 710
track-signal-front 0.0120 1536 563 1551 654
track-signal-front 0.0101 1872 567 1898 599
track-signal-front 0.0099 1537 574 1550 626
track-signal-front 0.0080 908 605 927 637
track-signal-front 0.0059 1887 528 1906 568
track-signal-front 0.0044 1868 540 1897 625
track-signal-front 0.0043 1893 528 1913 566
track-signal-front 0.0035 1322 606 1335 628
track-signal-front 0.0034 1887 557 1909 599
track-signal-front 0.0027 1882 515 1906 587
track-signal-front 0.0011 1883 553 1907 630
track-signal-front 0.0011 1307 598 1335 638
track-signal-front 0.0010 921 598 974 649
track-signal-back 0.2201 1161 591 1174 609
track-signal-back 0.0794 845 587 861 621
track-signal-back 0.0380 846 583 862 605
track-signal-back 0.0217 1161 565 1177 634
track-signal-back 0.0165 838 591 857 615
track-signal-back 0.0139 909 608 923 625
track-signal-back 0.0121 682 582 696 616
track-signal-back 0.0113 680 580 695 642
track-signal-back 0.0105 1152 619 1216 656
track-signal-back 0.0102 1320 606 1333 626
track-signal-back 0.0092 830 587 861 675
track-signal-back 0.0082 1870 562 1896 614
track-signal-back 0.0062 1539 552 1553 634
track-signal-back 0.0048 1043 589 1054 640
track-signal-back 0.0045 904 603 924 635
track-signal-back 0.0035 1897 528 1912 558
track-signal-back 0.0031 1152 586 1184 616
track-signal-back 0.0022 1355 567 1373 651
track-signal-back 0.0019 954 593 980 634
track-signal-back 0.0018 780 591 811 638
track-signal-back 0.0016 1382 515 1410 652
track-signal-back 0.0015 1359 567 1374 597
track-signal-back 0.0014 849 576 870 597
track-signal-back 0.0011 1132 557 1163 666
fence 0.0043 193 702 842 1077
pole 0.6078 739 425 773 753
pole 0.5366 159 -56 257 1090
pole 0.4707 1818 392 1845 716
pole 0.3632 1158 410 1175 691
pole 0.2770 1392 463 1410 691
pole 0.2639 105 -12 317 1092
pole 0.1369 847 588 860 677
pole 0.1006 1849 799 1863 883
pole 0.0536 679 568 694 683
pole 0.0324 1844 617 1875 679
pole 0.0257 552 443 573 717
pole 0.0218 1832 417 1874 735
pole 0.0214 1158 591 1180 656
pole 0.0208 1865 626 1884 717
pole 0.0169 1809 393 1864 723
pole 0.0155 1541 611 1550 673
pole 0.0153 755 605 790 673
pole 0.0124 1264 490 1281 676
pole 0.0122 1396 548 1412 687
pole 0.0119 542 838 552 947
pole 0.0119 571 521 592 691
pole 0.0105 1377 497 1414 694
pole 0.0101 1542 626 1552 692
pole 0.0098 1537 578 1553 684
pole 0.0094 671 581 692 688
pole 0.0089 1640 423 1660 731
pole 0.0081 1585 565 1602 695
pole 0.0077 792 593 867 683
pole 0.0076 1855 543 1889 706
pole 0.0074 1395 490 1424 700
pole 0.0074 165 186 242 904
pole 0.0073 528 473 556 723
pole 0.0071 831 590 860 673
pole 0.0067 1869 523 1895 657
pole 0.0067 1149 401 1170 704
pole 0.0063 1847 462 1884 744
pole 0.0060 705 458 757 750
pole 0.0058 358 381 395 826
pole 0.0055 1756 599 1773 709
pole 0.0054 558 450 587 714
pole 0.0052 1539 520 1562 683
pole 0.0051 680 565 699 641
pole 0.0051 359 448 420 780
pole 0.0044 528 498 580 743
pole 0.0036 656 566 688 688
pole 0.0035 1575 592 1599 695
pole 0.0034 373 520 436 775
pole 0.0033 1357 553 1404 687
pole 0.0033 1160 485 1171 634
pole 0.0032 1802 454 1834 742
pole 0.0032 343 323 404 881
pole 0.0028 1538 551 1577 692
pole 0.0028 1816 614 1868 722
pole 0.0028 353 417 372 627
pole 0.0026 1538 536 1555 649
pole 0.0024 1266 599 1284 668
pole 0.0024 973 608 1017 664
pole 0.0023 1790 597 1849 699
pole 0.0023 1761 582 1775 687
pole 0.0022 510 494 539 712
pole 0.0021 1336 567 1372 680
pole 0.0020 1466 575 1483 679
pole 0.0020 1402 555 1441 686
pole 0.0019 602 803 614 900
pole 0.0019 676 589 721 694
pole 0.0019 733 581 781 746
pole 0.0019 756 664 789 753
pole 0.0019 519 564 549 685
pole 0.0019 1435 568 1456 678
pole 0.0018 508 573 533 683
pole 0.0017 1822 544 1867 708
pole 0.0017 1791 531 1860 715
pole 0.0016 1159 454 1171 580
pole 0.0015 1897 786 1921 938
pole 0.0014 355 463 372 582
pole 0.0014 1796 567 1833 693
pole 0.0014 1395 511 1416 650
pole 0.0014 1785 383 1849 714
pole 0.0014 381 579 454 723
pole 0.0014 718 614 765 688
pole 0.0013 1145 388 1198 699
pole 0.0013 1629 490 1663 726
pole 0.0013 1755 586 1802 703
pole 0.0013 551 529 581 676
pole 0.0013 619 576 652 683
pole 0.0012 1882 534 1905 652
pole 0.0012 738 591 787 682
pole 0.0012 771 439 810 718
pole 0.0012 183 122 272 822
pole 0.0012 907 611 939 672
pole 0.0012 1251 598 1283 670
pole 0.0011 506 616 572 706
pole 0.0011 605 815 619 904
pole 0.0011 1880 776 1919 1006
pole 0.0011 1145 462 1164 712
pole 0.0011 393 540 486 725
pole 0.0011 486 625 547 699
pole 0.0011 416 576 603 724
pole 0.0010 904 598 925 649
pole 0.0010 943 615 1008 672
pole 0.0010 583 560 626 681
pole 0.0010 833 579 881 699
pole 0.0010 411 552 463 703
pole 0.0010 1790 429 1818 729
pole 0.0010 360 436 389 720
pole 0.0010 1525 545 1565 696
rail-occluder 0.4751 533 680 551 710
rail-occluder 0.2347 1621 709 1642 732
rail-occluder 0.0852 1848 788 1864 874
rail-occluder 0.0535 1750 675 1764 699
rail-occluder 0.0492 1389 657 1403 674
rail-occluder 0.0420 1328 662 1341 679
rail-occluder 0.0344 1166 649 1182 690
rail-occluder 0.0340 1319 663 1335 682
rail-occluder 0.0326 520 676 550 713
rail-occluder 0.0227 744 702 763 756
rail-occluder 0.0220 393 706 424 779
rail-occluder 0.0186 751 692 774 755
rail-occluder 0.0170 1841 795 1883 887
rail-occluder 0.0168 1872 668 1886 713
rail-occluder 0.0161 1581 697 1599 715
rail-occluder 0.0146 1825 728 1867 756
rail-occluder 0.0143 1244 679 1264 696
rail-occluder 0.0140 1165 667 1178 690
rail-occluder 0.0132 1855 663 1890 719
rail-occluder 0.0114 1846 766 1867 848
rail-occluder 0.0108 1743 673 1761 694
rail-occluder 0.0103 1627 710 1665 735
rail-occluder 0.0087 637 683 656 705
rail-occluder 0.0081 385 707 442 792
rail-occluder 0.0076 527 690 586 731
rail-occluder 0.0074 1382 652 1400 675
rail-occluder 0.0070 1836 731 1882 797
rail-occluder 0.0068 444 657 489 689
rail-occluder 0.0065 1800 724 1890 757
rail-occluder 0.0062 390 711 414 802
rail-occluder 0.0060 1845 817 1863 888
rail-occluder 0.0057 1235 659 1270 698
rail-occluder 0.0049 1617 710 1651 737
rail-occluder 0.0043 1827 756 1869 835
rail-occluder 0.0042 1800 748 1894 846
rail-occluder 0.0041 1837 754 1908 855
rail-occluder 0.0040 1856 683 1915 751
rail-occluder 0.0040 1576 698 1615 728
rail-occluder 0.0039 1806 713 1863 752
rail-occluder 0.0037 1843 788 1898 843
rail-occluder 0.0036 1229 654 1257 688
rail-occluder 0.0036 1779 666 1890 714
rail-occluder 0.0035 623 691 656 716
rail-occluder 0.0035 1809 662 1865 715
rail-occluder 0.0034 742 681 784 756
rail-occluder 0.0032 740 683 768 741
rail-occluder 0.0030 356 707 489 796
rail-occluder 0.0029 1265 620 1287 674
rail-occluder 0.0029 1816 737 1872 784
rail-occluder 0.0027 530 656 594 704
rail-occluder 0.0027 1456 653 1485 685
rail-occluder 0.0027 1771 713 1898 752
rail-occluder 0.0026 730 699 759 774
rail-occluder 0.0026 1785 725 1899 798
rail-occluder 0.0025 1249 677 1308 702
rail-occluder 0.0025 1280 670 1332 704
rail-occluder 0.0023 1465 629 1480 679
rail-occluder 0.0023 838 638 864 679
rail-occluder 0.0023 1391 650 1440 692
rail-occluder 0.0023 434 663 500 696
rail-occluder 0.0020 1875 668 1920 722
rail-occluder 0.0020 1557 684 1603 715
rail-occluder 0.0018 1254 649 1309 698
rail-occluder 0.0018 539 827 552 922
rail-occluder 0.0018 1746 668 1818 704
rail-occluder 0.0017 774 684 801 755
rail-occluder 0.0016 1538 688 1643 719
rail-occluder 0.0016 644 764 666 860
rail-occluder 0.0016 652 643 707 696
rail-occluder 0.0016 398 662 481 702
rail-occluder 0.0015 1233 619 1287 679
rail-occluder 0.0015 536 805 557 940
rail-occluder 0.0014 1787 724 1847 753
rail-occluder 0.0013 1374 666 1430 711
rail-occluder 0.0013 1197 670 1313 702
rail-occluder 0.0013 1550 635 1592 705
rail-occluder 0.0012 482 700 555 752
rail-occluder 0.0012 601 802 616 899
rail-occluder 0.0012 1570 640 1607 707
rail-occluder 0.0012 542 823 562 919
rail-occluder 0.0012 659 742 707 846
rail-occluder 0.0011 1713 671 1852 704
rail-occluder 0.0011 639 675 718 708
rail-occluder 0.0011 1260 663 1392 695
rail-occluder 0.0011 1348 669 1411 702
rail-occluder 0.0010 386 670 450 715
rail-occluder 0.0010 453 717 630 1015
