rail 0.8348 775 402 1186 1077
rail 0.0600 1146 495 1913 1068
rail 0.0076 0 475 865 1078
rail 0.0023 1090 443 1556 1067
rail 0.0018 945 390 1295 1070
rail 0.0017 -1 569 506 1053
rail 0.0013 1411 481 1920 925
rail 0.0013 1251 523 1882 810
track-sign-front 0.1469 869 438 881 465
track-sign-front 0.0074 939 404 955 422
track-sign-front 0.0066 867 443 881 480
track-sign-front 0.0022 943 401 971 423
track-sign-front 0.0022 932 402 949 423
track-sign-front 0.0012 861 435 888 468
track-signal-front 0.0250 823 216 846 245
track-signal-front 0.0207 999 293 1012 313
track-signal-front 0.0024 823 220 847 280
track-signal-front 0.0015 1032 293 1048 313
