guard-rail 0.0032 963 712 989 775
guard-rail 0.0013 951 690 988 781
platform 0.7670 397 560 824 660
platform 0.0148 549 495 879 717
platform 0.0054 245 544 699 699
platform 0.0017 329 434 902 806
rail 0.9600 13 549 849 1079
rail 0.9574 864 554 1144 1077
rail 0.6588 3 629 421 909
rail 0.1500 -11 558 795 824
rail 0.0017 229 615 596 714
rail 0.0010 161 628 369 849
switch-indicator 0.0013 1176 759 1207 794
switch-static 0.0018 365 784 431 814
track-sign-front 0.0255 719 560 739 619
track-sign-front 0.0223 718 470 737 720
track-sign-front 0.0219 989 539 1000 562
track-sign-front 0.0189 723 437 744 728
track-sign-front 0.0119 720 504 739 623
track-sign-front 0.0102 992 537 1008 562
track-sign-front 0.0090 724 556 743 608
track-sign-front 0.0052 985 543 997 574
track-sign-front 0.0041 721 562 753 631
track-sign-front 0.0032 1087 614 1106 636
track-sign-front 0.0022 724 516 744 580
track-sign-front 0.0018 103 578 118 603
track-sign-front 0.0017 306 690 348 791
track-sign-front 0.0017 307 626 340 731
track-sign-front 0.0015 0 444 17 470
track-sign-front 0.0010 305 562 337 699
track-sign-front 0.0010 718 563 740 681
track-sign-front 0.0010 1179 757 1210 791
track-sign-front 0.0010 645 508 808 686
track-signal-front 0.0038 817 476 831 502
track-signal-back 0.8574 698 267 754 370
track-signal-back 0.7352 713 380 750 429
track-signal-back 0.6881 342 313 392 423
track-signal-back 0.4478 706 327 755 423
track-signal-back 0.3322 349 281 388 321
track-signal-back 0.0876 347 277 391 360
track-signal-back 0.0047 310 417 330 457
track-signal-back 0.0039 321 340 347 422
track-signal-back 0.0037 319 380 341 431
track-signal-back 0.0029 307 423 327 470
track-signal-back 0.0027 336 414 366 461
track-signal-back 0.0025 335 361 383 429
track-signal-back 0.0025 820 475 836 514
track-signal-back 0.0021 346 420 382 481
track-signal-back 0.0020 1113 419 1158 483
track-signal-back 0.0020 343 387 365 513
track-signal-back 0.0018 299 422 320 463
track-signal-back 0.0017 694 284 752 429
track-signal-back 0.0017 850 471 864 533
track-signal-back 0.0016 960 443 986 501
track-signal-back 0.0015 721 382 772 435
track-signal-back 0.0014 1456 122 1502 219
track-signal-back 0.0011 720 400 750 444
track-signal-back 0.0010 324 279 364 386
track-signal-back 0.0010 836 470 863 513
track-signal-back 0.0010 1464 133 1508 195
pole 0.3455 714 347 747 798
pole 0.2687 454 552 476 705
pole 0.2419 306 322 348 814
pole 0.1141 719 428 741 747
pole 0.1126 305 530 342 799
pole 0.1080 848 470 860 594
pole 0.0791 520 545 529 659
pole 0.0214 298 619 355 804
pole 0.0214 313 653 343 790
pole 0.0155 449 548 491 693
pole 0.0146 445 605 472 721
pole 0.0130 720 556 742 811
pole 0.0121 199 157 234 770
pole 0.0121 514 533 539 662
pole 0.0096 834 464 856 593
pole 0.0095 523 522 551 652
pole 0.0086 459 581 482 741
pole 0.0086 705 490 759 805
pole 0.0083 845 459 864 577
pole 0.0075 695 273 756 851
pole 0.0067 550 540 565 641
pole 0.0066 846 549 860 585
pole 0.0055 305 415 336 743
pole 0.0043 623 500 636 614
pole 0.0041 422 557 507 707
pole 0.0041 719 363 736 652
pole 0.0039 257 549 688 692
pole 0.0034 359 552 555 719
pole 0.0033 317 214 373 775
pole 0.0030 207 531 500 776
pole 0.0025 430 535 645 645
pole 0.0025 626 471 638 595
pole 0.0024 709 422 789 799
pole 0.0023 315 452 347 755
pole 0.0022 248 200 321 819
pole 0.0022 513 466 533 656
pole 0.0022 350 276 391 754
pole 0.0022 493 528 528 654
pole 0.0021 624 539 638 630
pole 0.0020 707 244 744 703
pole 0.0020 454 545 472 643
pole 0.0019 530 460 556 659
pole 0.0017 395 555 453 714
pole 0.0017 274 320 329 813
pole 0.0017 457 549 589 659
pole 0.0016 549 505 568 624
pole 0.0016 712 456 735 596
pole 0.0016 720 603 740 746
pole 0.0015 304 586 333 756
pole 0.0014 677 503 689 597
pole 0.0014 291 388 329 719
pole 0.0011 453 580 475 778
pole 0.0011 514 357 551 663
pole 0.0011 837 497 867 595
pole 0.0010 430 601 477 745
rail-occluder 0.1243 301 637 345 789
rail-occluder 0.0218 397 643 432 698
rail-occluder 0.0181 295 705 342 788
rail-occluder 0.0149 277 654 368 817
rail-occluder 0.0128 1550 812 1680 1066
rail-occluder 0.0016 392 634 416 689
rail-occluder 0.0014 303 650 331 747
rail-occluder 0.0011 1538 820 1807 1077
