crossing 0.6601 314 626 507 670
crossing 0.6179 874 525 980 554
crossing 0.4162 544 524 676 555
crossing 0.3642 1206 543 1300 563
crossing 0.1283 321 629 430 661
crossing 0.0826 549 507 702 551
crossing 0.0676 566 495 717 539
crossing 0.0456 1172 535 1292 559
crossing 0.0325 378 622 538 665
crossing 0.0324 593 516 698 546
crossing 0.0299 130 632 272 660
crossing 0.0237 130 632 226 652
crossing 0.0202 427 524 546 549
crossing 0.0179 1213 539 1299 556
crossing 0.0171 595 479 753 524
crossing 0.0139 516 524 622 549
crossing 0.0135 451 519 585 549
crossing 0.0106 1 669 115 704
crossing 0.0082 600 466 726 506
crossing 0.0072 1156 536 1230 556
crossing 0.0072 109 628 205 656
crossing 0.0069 1192 541 1308 578
crossing 0.0060 295 638 424 668
crossing 0.0058 235 564 592 711
crossing 0.0045 122 632 193 648
crossing 0.0036 481 514 645 557
crossing 0.0035 626 508 727 540
crossing 0.0034 84 624 319 658
crossing 0.0032 105 633 300 675
crossing 0.0032 56 614 322 692
crossing 0.0030 569 440 761 516
crossing 0.0029 1153 521 1302 575
crossing 0.0028 634 456 776 492
crossing 0.0026 929 410 955 426
crossing 0.0025 1132 525 1251 554
crossing 0.0025 -8 580 374 691
crossing 0.0024 1055 370 1134 408
crossing 0.0022 1206 402 1228 432
crossing 0.0021 527 484 743 581
crossing 0.0019 821 376 874 415
crossing 0.0018 1220 448 1300 469
crossing 0.0017 365 634 479 671
crossing 0.0017 125 469 621 807
crossing 0.0016 411 531 495 550
crossing 0.0016 659 482 746 519
crossing 0.0015 30 646 177 689
crossing 0.0015 665 516 738 537
crossing 0.0014 660 461 797 522
crossing 0.0014 396 508 559 557
crossing 0.0014 924 399 958 430
crossing 0.0014 1199 446 1276 467
crossing 0.0013 531 500 649 534
crossing 0.0013 483 405 773 648
crossing 0.0013 815 378 852 420
crossing 0.0012 1203 405 1260 441
crossing 0.0011 22 633 220 700
crossing 0.0011 711 465 784 491
crossing 0.0010 20 659 181 711
crossing 0.0010 579 454 703 500
crossing 0.0010 1124 507 1269 560
crossing 0.0010 0 682 67 733
guard-rail 0.0228 1181 493 1914 1068
guard-rail 0.0036 1691 601 1923 701
guard-rail 0.0017 1543 554 1874 698
guard-rail 0.0015 657 545 883 1059
train-car 0.1847 1061 367 1139 399
train-car 0.0305 1057 349 1136 408
train-car 0.0042 1093 372 1151 405
train-car 0.0026 976 372 1101 402
train-car 0.0019 835 373 913 398
train-car 0.0018 1848 396 1897 464
platform 0.1523 -2 524 506 766
platform 0.0911 599 399 830 466
platform 0.0419 1224 489 1914 820
platform 0.0377 636 393 845 435
platform 0.0190 24 469 378 716
platform 0.0059 567 444 758 513
platform 0.0054 1384 539 1924 948
platform 0.0045 663 383 843 418
platform 0.0040 555 412 793 526
platform 0.0036 0 584 78 720
platform 0.0033 3 651 118 716
platform 0.0032 1107 515 1898 1074
platform 0.0020 630 375 890 477
platform 0.0014 6 446 677 668
platform 0.0013 0 572 65 672
platform 0.0011 704 404 793 444
platform 0.0011 0 606 130 761
platform 0.0010 1057 374 1137 405
rail 0.9162 641 385 1073 1076
rail 0.8835 0 384 904 1040
rail 0.7700 982 387 1917 1073
rail 0.6344 1041 401 1915 700
rail 0.4182 1211 421 1918 574
rail 0.2221 1372 492 1920 720
rail 0.1910 1384 436 1921 535
rail 0.1722 1567 464 1920 535
rail 0.0661 7 530 513 754
rail 0.0395 1554 470 1920 602
rail 0.0321 1692 475 1921 525
rail 0.0287 1534 574 1919 752
rail 0.0166 1646 484 1921 553
rail 0.0116 1666 601 1922 725
rail 0.0111 1384 552 1927 911
rail 0.0076 1751 458 1917 514
rail 0.0065 -9 501 557 1034
rail 0.0049 1744 632 1920 753
rail 0.0044 1533 460 1841 502
rail 0.0040 1831 477 1923 530
rail 0.0038 1003 392 1022 417
rail 0.0033 1789 492 1929 547
rail 0.0033 152 466 627 868
rail 0.0031 1749 497 1922 581
rail 0.0030 2 389 859 724
rail 0.0030 1726 529 1920 685
rail 0.0030 1838 458 1922 507
rail 0.0027 1599 442 1923 504
rail 0.0026 1741 609 1920 694
rail 0.0020 2 554 346 968
rail 0.0020 1828 646 1919 757
rail 0.0017 1597 516 1924 633
rail 0.0016 1753 607 1925 861
rail 0.0016 1877 465 1919 545
rail 0.0014 1664 476 1823 515
rail 0.0013 1825 625 1920 713
rail 0.0013 993 394 1030 417
rail 0.0012 1860 488 1920 608
rail 0.0010 1879 449 1919 512
rail 0.0010 1842 429 1917 485
switch-indicator 0.0199 1005 396 1020 411
switch-static 0.0185 1297 540 1354 560
switch-static 0.0051 1301 547 1357 567
switch-static 0.0018 1292 533 1366 558
switch-static 0.0015 1575 523 1610 547
switch-static 0.0010 1608 466 1682 489
track-sign-front 0.0104 1830 443 1848 477
track-sign-front 0.0078 1214 403 1225 419
track-sign-front 0.0061 1856 351 1880 470
track-sign-front 0.0053 1826 428 1863 480
track-sign-front 0.0050 875 368 910 403
track-sign-front 0.0048 1363 334 1378 361
track-sign-front 0.0047 860 369 898 399
track-sign-front 0.0039 1824 442 1852 492
track-sign-front 0.0035 793 111 906 157
track-sign-front 0.0032 1836 397 1878 460
track-sign-front 0.0030 1361 409 1375 441
track-sign-front 0.0025 1825 387 1852 495
track-sign-front 0.0024 1058 413 1076 428
track-sign-front 0.0023 824 365 851 408
track-sign-front 0.0017 867 374 899 415
track-sign-front 0.0012 881 375 906 419
track-sign-front 0.0011 1810 444 1865 496
track-sign-front 0.0010 779 371 799 402
track-signal-front 0.0100 1004 394 1017 412
track-signal-front 0.0096 890 245 917 263
track-signal-front 0.0072 794 112 903 162
track-signal-front 0.0057 979 350 1007 374
track-signal-front 0.0044 1862 314 1878 404
track-signal-front 0.0024 986 344 1003 366
track-signal-front 0.0011 930 342 962 388
track-signal-front 0.0011 989 345 1025 384
track-signal-front 0.0011 945 342 1001 384
track-signal-front 0.0010 971 360 1028 426
track-signal-back 0.0050 1363 330 1379 354
track-signal-back 0.0023 1866 314 1881 381
track-signal-back 0.0017 836 237 854 301
track-signal-back 0.0017 1073 315 1112 378
track-signal-back 0.0016 1088 321 1102 341
track-signal-back 0.0014 1361 321 1380 369
person 0.6052 117 421 181 628
person 0.0236 135 425 209 622
person 0.0080 1004 396 1017 412
person 0.0022 76 415 216 641
person 0.0015 1053 410 1079 430
person 0.0011 684 388 734 426
person 0.0010 167 453 204 602
person 0.0010 691 384 720 418
pole 0.4722 1820 105 1855 552
pole 0.3312 834 140 852 480
pole 0.0780 887 235 900 428
pole 0.0474 1866 321 1880 451
pole 0.0316 1830 92 1874 559
pole 0.0227 877 177 900 464
pole 0.0111 1857 304 1880 512
pole 0.0102 814 119 871 468
pole 0.0096 1850 204 1884 530
pole 0.0069 831 299 854 425
pole 0.0051 868 297 903 419
pole 0.0037 1856 381 1887 475
pole 0.0037 831 255 848 467
pole 0.0034 835 232 854 355
pole 0.0033 1831 152 1858 485
pole 0.0029 1825 296 1853 549
pole 0.0025 830 133 899 453
pole 0.0024 1826 309 1885 533
pole 0.0019 1831 386 1881 468
pole 0.0019 879 250 907 417
pole 0.0017 825 353 878 412
pole 0.0016 1361 308 1380 388
pole 0.0015 829 241 866 487
pole 0.0014 1838 164 1896 574
pole 0.0013 1213 301 1225 414
pole 0.0010 1799 98 1904 543
rail-occluder 0.0140 622 411 798 478
rail-occluder 0.0028 655 418 754 474
rail-occluder 0.0026 588 425 741 488
rail-occluder 0.0018 617 430 702 486
rail-occluder 0.0018 1637 465 1699 489
rail-occluder 0.0015 614 440 662 490
