crossing 0.0656 733 590 775 603
crossing 0.0376 709 589 762 603
crossing 0.0305 678 589 742 605
crossing 0.0090 781 589 829 604
crossing 0.0065 710 576 759 609
crossing 0.0059 743 589 789 608
crossing 0.0057 669 587 714 607
crossing 0.0051 747 583 809 605
crossing 0.0012 703 594 756 614
guard-rail 0.0020 817 830 872 906
guard-rail 0.0011 776 829 900 911
guard-rail 0.0010 732 820 956 898
platform 0.0018 1586 762 1921 877
platform 0.0011 1743 778 1922 848
rail 0.9297 679 584 1011 1081
rail 0.9029 726 591 1916 1075
rail 0.7807 747 834 925 1074
rail 0.1512 686 744 929 992
rail 0.1046 759 829 795 1078
rail 0.0307 760 830 850 1079
rail 0.0302 827 823 940 1078
rail 0.0272 917 598 1930 858
rail 0.0077 586 583 742 616
rail 0.0053 672 631 776 1043
rail 0.0052 677 587 746 608
rail 0.0042 -6 606 694 1089
rail 0.0041 730 835 756 1079
rail 0.0036 797 587 845 607
rail 0.0036 792 584 903 615
rail 0.0035 746 828 778 1066
rail 0.0030 693 808 1039 1088
rail 0.0025 653 583 730 613
rail 0.0025 736 842 809 1075
rail 0.0021 872 602 943 628
rail 0.0020 823 589 925 623
rail 0.0017 903 600 942 626
rail 0.0014 803 585 961 637
rail 0.0013 554 583 749 643
rail 0.0012 310 593 718 993
rail 0.0010 605 573 782 621
rail 0.0010 637 585 858 1061
switch-indicator 0.5745 630 748 672 869
switch-indicator 0.0653 594 749 634 856
switch-indicator 0.0172 909 604 934 623
switch-indicator 0.0043 890 605 931 625
switch-indicator 0.0011 598 742 624 780
switch-indicator 0.0010 591 747 619 809
switch-left 0.2958 724 826 890 926
switch-left 0.2049 729 836 915 996
switch-right 0.2403 710 826 891 913
switch-right 0.2194 728 839 915 996
switch-right 0.0013 795 828 924 947
switch-right 0.0010 730 826 840 887
switch-unknown 0.0064 802 588 835 603
switch-unknown 0.0018 673 595 705 616
switch-unknown 0.0018 739 594 780 614
switch-unknown 0.0016 777 588 830 607
switch-static 0.0026 603 633 636 658
switch-static 0.0019 911 609 953 629
switch-static 0.0014 597 644 633 671
switch-static 0.0013 682 824 737 859
switch-static 0.0011 703 821 765 870
track-sign-front 0.0041 1319 580 1335 606
track-sign-front 0.0026 719 531 737 574
track-sign-front 0.0023 566 537 586 568
track-sign-front 0.0015 566 549 588 595
track-sign-front 0.0014 666 561 707 612
track-sign-front 0.0013 641 743 665 782
track-sign-front 0.0012 663 547 693 571
track-signal-back 0.0034 601 502 636 531
track-signal-back 0.0023 562 533 584 561
person 0.5205 627 741 675 872
pole 0.0068 1324 595 1337 700
pole 0.0012 1248 569 1262 677
rail-occluder 0.0019 907 599 936 628
rail-occluder 0.0014 877 589 935 625
rail-occluder 0.0012 542 599 589 641
