crossing 0.7306 786 734 1093 1050
crossing 0.5804 176 792 616 994
crossing 0.3897 43 536 895 1073
crossing 0.3138 855 717 998 770
crossing 0.2050 184 887 480 980
crossing 0.1982 381 709 690 863
crossing 0.1486 591 693 728 729
crossing 0.1371 800 605 1064 925
crossing 0.0956 173 718 706 1055
crossing 0.0551 228 839 540 973
crossing 0.0420 905 549 944 571
crossing 0.0372 911 553 940 567
crossing 0.0235 1269 789 1903 1072
crossing 0.0198 610 678 738 711
crossing 0.0138 777 899 1104 1059
crossing 0.0091 859 687 998 806
crossing 0.0085 912 540 956 566
crossing 0.0065 619 664 757 701
crossing 0.0063 309 653 824 918
crossing 0.0058 497 683 734 762
crossing 0.0056 763 502 1095 1025
crossing 0.0046 874 654 979 695
crossing 0.0041 865 669 989 724
crossing 0.0034 848 526 897 558
crossing 0.0033 476 678 726 824
crossing 0.0031 872 521 929 566
crossing 0.0030 298 700 626 932
crossing 0.0023 141 885 493 1052
crossing 0.0015 829 524 881 561
crossing 0.0014 548 685 687 742
crossing 0.0013 71 843 517 1008
crossing 0.0013 217 906 393 983
crossing 0.0011 652 658 754 692
crossing 0.0010 838 749 1024 975
crossing 0.0010 810 719 1046 886
train-car 0.0094 926 509 963 538
train-car 0.0042 907 506 951 539
platform 0.4947 354 542 883 678
platform 0.0911 12 547 887 771
platform 0.0333 627 536 897 697
platform 0.0242 942 548 1339 739
platform 0.0149 1 511 910 972
platform 0.0036 429 492 922 743
platform 0.0036 572 535 893 626
platform 0.0032 449 565 760 675
platform 0.0024 581 590 832 711
platform 0.0015 925 484 1627 745
platform 0.0012 272 478 770 654
rail 0.9458 776 526 1096 1072
rail 0.9204 11 528 907 1079
rail 0.3535 799 662 1068 864
rail 0.0059 946 542 1280 721
rail 0.0053 270 635 863 951
rail 0.0044 1300 798 1922 1079
rail 0.0036 876 514 927 553
rail 0.0025 848 515 901 555
rail 0.0015 730 496 903 659
rail 0.0015 445 518 956 1058
rail 0.0013 948 540 1900 1066
track-sign-front 0.0092 499 554 515 573
track-sign-front 0.0013 1160 561 1179 592
track-signal-front 0.0603 894 433 904 459
track-signal-front 0.0293 924 426 943 455
track-signal-front 0.0258 928 432 939 459
track-signal-front 0.0141 890 426 902 450
track-signal-front 0.0107 889 434 901 463
track-signal-front 0.0099 1557 360 1616 446
track-signal-front 0.0057 893 421 904 437
track-signal-front 0.0041 843 483 856 516
track-signal-front 0.0030 0 195 30 233
track-signal-front 0.0015 1035 521 1060 569
track-signal-front 0.0010 922 417 937 439
track-signal-front 0.0010 -1 196 28 272
fence 0.3335 765 541 899 714
fence 0.0057 602 466 1005 762
fence 0.0016 360 578 833 1069
fence 0.0016 707 475 1098 922
person 0.1873 762 501 787 561
person 0.0829 773 499 795 557
person 0.0445 762 509 804 606
person 0.0441 989 525 1010 567
person 0.0103 838 486 856 534
person 0.0085 832 492 865 552
person 0.0070 709 514 871 618
person 0.0061 961 521 1003 568
person 0.0057 722 499 746 563
person 0.0047 671 523 844 668
person 0.0047 810 490 852 558
person 0.0045 979 517 1017 573
person 0.0043 1034 527 1059 576
person 0.0043 748 486 778 558
person 0.0024 941 508 982 557
person 0.0024 738 506 798 567
person 0.0022 996 517 1018 565
person 0.0021 1858 604 1892 676
person 0.0021 774 507 810 566
person 0.0021 983 534 1007 578
person 0.0017 779 485 815 556
person 0.0013 702 494 734 566
person 0.0012 1859 592 1911 685
pole 0.0149 1207 -3 1243 599
pole 0.0079 1031 191 1049 534
pole 0.0028 1018 167 1052 633
pole 0.0027 989 237 1006 532
pole 0.0024 1218 -1 1255 568
pole 0.0010 1192 -5 1232 570
rail-occluder 0.3213 758 535 905 717
rail-occluder 0.2808 467 827 539 1081
rail-occluder 0.0482 282 725 708 1076
rail-occluder 0.0404 688 528 872 708
rail-occluder 0.0289 410 733 597 1075
rail-occluder 0.0241 752 559 827 726
rail-occluder 0.0138 772 591 813 722
rail-occluder 0.0108 783 586 892 735
rail-occluder 0.0034 474 886 527 1038
rail-occluder 0.0027 813 528 916 689
rail-occluder 0.0015 783 541 880 674
rail-occluder 0.0015 497 858 546 1083
rail-occluder 0.0012 768 652 804 713
rail-occluder 0.0011 763 645 848 714
rail-occluder 0.0010 817 523 851 564
