train-car 0.0242 301 461 835 722
train-car 0.0166 271 431 630 505
train-car 0.0053 -24 385 917 742
train-car 0.0033 215 422 692 579
train-car 0.0012 284 391 735 523
platform 0.9118 -9 525 947 1077
platform 0.0119 48 479 923 824
platform 0.0073 -4 544 324 711
rail 0.9635 890 492 1193 1076
rail 0.1055 -8 518 908 769
rail 0.0608 -1 696 315 874
rail 0.0205 247 458 833 721
rail 0.0141 0 621 320 824
rail 0.0099 -1 555 323 745
rail 0.0084 -3 743 220 884
rail 0.0055 5 580 658 801
rail 0.0043 -8 725 229 819
rail 0.0030 0 696 364 1047
rail 0.0022 -9 443 667 711
rail 0.0021 -9 567 756 1050
rail 0.0014 26 671 367 779
track-sign-front 0.0370 849 471 863 490
track-sign-front 0.0155 299 428 344 508
track-sign-front 0.0101 845 463 860 486
track-sign-front 0.0082 804 478 835 535
track-sign-front 0.0074 831 475 862 520
track-sign-front 0.0068 795 485 809 563
track-sign-front 0.0045 795 525 807 559
track-sign-front 0.0035 951 480 973 512
track-sign-front 0.0035 298 421 337 472
track-sign-front 0.0030 807 465 853 506
track-sign-front 0.0026 516 413 575 503
track-sign-front 0.0025 949 465 968 503
track-sign-front 0.0024 801 472 820 504
track-sign-front 0.0024 842 478 892 525
track-sign-front 0.0022 937 481 966 510
track-sign-front 0.0017 936 456 968 505
track-sign-front 0.0013 895 488 938 517
track-sign-front 0.0013 840 470 870 495
track-sign-front 0.0012 267 405 371 572
track-sign-front 0.0012 424 409 665 519
track-sign-front 0.0012 937 457 962 483
track-sign-front 0.0011 859 489 939 525
track-sign-front 0.0010 986 499 1005 535
track-sign-front 0.0010 978 486 1010 532
track-sign-front 0.0010 524 408 574 467
rail-occluder 0.2464 242 470 796 733
rail-occluder 0.0089 312 519 608 738
rail-occluder 0.0072 184 433 713 585
rail-occluder 0.0027 263 415 722 512
rail-occluder 0.0022 411 489 653 719
rail-occluder 0.0018 409 419 598 508
