guard-rail 0.2717 908 878 927 1039
guard-rail 0.1463 900 866 917 1046
guard-rail 0.0824 918 883 943 1039
guard-rail 0.0738 893 792 912 1055
guard-rail 0.0431 1105 942 1169 1030
guard-rail 0.0423 912 934 925 1056
guard-rail 0.0316 896 874 912 1017
guard-rail 0.0315 537 699 585 763
guard-rail 0.0223 903 937 916 1057
guard-rail 0.0217 1054 848 1548 1043
guard-rail 0.0200 1267 919 1448 1004
guard-rail 0.0172 897 791 926 1051
guard-rail 0.0130 904 859 920 988
guard-rail 0.0121 889 761 906 984
guard-rail 0.0119 891 833 907 966
guard-rail 0.0085 888 795 901 904
guard-rail 0.0067 1092 935 1152 1015
guard-rail 0.0058 925 938 944 1062
guard-rail 0.0056 899 844 917 956
guard-rail 0.0052 884 805 903 1073
guard-rail 0.0050 910 713 995 763
guard-rail 0.0049 520 697 571 761
guard-rail 0.0047 973 715 1010 746
guard-rail 0.0035 932 883 962 1036
guard-rail 0.0031 1256 916 1545 1054
guard-rail 0.0030 941 913 967 1052
guard-rail 0.0030 1164 860 1305 929
guard-rail 0.0030 1265 912 1393 983
guard-rail 0.0027 910 966 923 1077
guard-rail 0.0027 1167 836 1364 1003
guard-rail 0.0025 906 927 933 1063
guard-rail 0.0025 892 863 943 1062
guard-rail 0.0024 509 648 678 765
guard-rail 0.0020 497 705 537 751
guard-rail 0.0020 900 971 915 1080
guard-rail 0.0020 980 746 1011 787
guard-rail 0.0019 884 640 921 1078
guard-rail 0.0019 951 947 975 1063
guard-rail 0.0019 504 689 600 767
guard-rail 0.0017 885 909 903 1053
guard-rail 0.0016 1215 885 1476 1013
guard-rail 0.0015 884 762 900 967
guard-rail 0.0015 895 925 925 1072
guard-rail 0.0014 1188 865 1338 959
guard-rail 0.0014 537 674 614 764
guard-rail 0.0014 1304 925 1407 995
guard-rail 0.0012 921 872 945 966
guard-rail 0.0011 896 816 919 919
guard-rail 0.0010 1176 861 1259 912
guard-rail 0.0010 1258 903 1354 970
train-car 0.8637 1023 518 1207 703
train-car 0.2251 398 568 446 614
train-car 0.0221 1030 598 1150 722
train-car 0.0088 407 572 454 641
train-car 0.0065 938 468 1280 738
train-car 0.0044 385 558 469 660
train-car 0.0042 1339 555 1423 681
train-car 0.0035 313 562 679 632
train-car 0.0033 1202 621 1275 663
train-car 0.0029 293 558 788 661
train-car 0.0029 0 542 130 748
train-car 0.0027 1866 621 1916 675
train-car 0.0022 1092 470 1257 714
train-car 0.0021 1138 579 1303 678
train-car 0.0020 403 568 501 641
train-car 0.0020 -23 547 377 635
train-car 0.0017 1313 540 1355 650
train-car 0.0016 386 574 599 630
train-car 0.0015 1234 560 1425 649
train-car 0.0013 1312 504 1416 685
train-car 0.0013 1281 549 1383 654
train-car 0.0012 410 532 635 630
train-car 0.0012 1812 620 1924 697
train-car 0.0010 1861 629 1917 705
train-car 0.0010 790 575 962 632
train-car 0.0010 852 593 955 643
train-car 0.0010 1207 606 1306 673
platform 0.0512 6 595 422 687
platform 0.0357 81 598 421 652
platform 0.0121 785 607 929 646
platform 0.0103 732 609 878 641
platform 0.0094 8 567 430 633
platform 0.0082 6 595 659 730
platform 0.0037 104 615 358 660
platform 0.0028 835 602 973 635
platform 0.0019 145 585 465 635
platform 0.0013 740 588 903 633
platform 0.0013 769 577 956 638
rail 0.9116 866 611 1227 1077
rail 0.9051 222 615 781 1077
rail 0.8931 908 682 1594 1079
rail 0.7350 1214 650 1919 845
rail 0.6676 1306 636 1910 770
rail 0.6460 874 619 1019 679
rail 0.6377 -3 624 447 847
rail 0.5605 1115 660 1914 987
rail 0.3513 -19 617 658 1020
rail 0.2226 1107 940 1215 1074
rail 0.1807 1 615 426 741
rail 0.1074 912 617 1019 654
rail 0.0785 871 627 957 678
rail 0.0681 20 605 773 826
rail 0.0540 867 617 940 657
rail 0.0481 864 631 922 668
rail 0.0453 931 619 1032 672
rail 0.0444 -16 660 189 746
rail 0.0394 1779 722 1916 808
rail 0.0391 1633 702 1917 807
rail 0.0390 1545 674 1914 757
rail 0.0366 941 653 1009 695
rail 0.0346 1244 623 1838 723
rail 0.0288 1856 743 1915 803
rail 0.0257 3 659 99 745
rail 0.0248 1469 674 1928 807
rail 0.0224 -2 650 246 820
rail 0.0212 1449 655 1950 731
rail 0.0208 901 628 989 688
rail 0.0205 953 618 1019 648
rail 0.0170 1844 729 1920 784
rail 0.0119 1367 643 1731 716
rail 0.0112 2 632 67 726
rail 0.0093 1116 963 1180 1074
rail 0.0084 36 663 129 809
rail 0.0082 1138 964 1243 1078
rail 0.0075 -11 632 279 714
rail 0.0073 797 614 926 671
rail 0.0071 851 603 997 635
rail 0.0071 1824 748 1915 822
rail 0.0070 -1 642 376 1058
rail 0.0065 -3 671 88 815
rail 0.0064 1494 729 1921 839
rail 0.0063 -1 612 120 698
rail 0.0053 952 612 1057 650
rail 0.0050 1844 730 1919 849
rail 0.0049 1874 724 1921 775
rail 0.0047 1749 708 1921 767
rail 0.0046 865 605 963 714
rail 0.0045 1776 741 1918 868
rail 0.0043 110 622 428 705
rail 0.0038 928 625 1098 694
rail 0.0036 1850 705 1918 762
rail 0.0035 833 629 1023 817
rail 0.0034 1 650 41 747
rail 0.0031 1845 778 1919 876
rail 0.0029 898 669 997 708
rail 0.0028 83 638 400 794
rail 0.0027 79 615 384 671
rail 0.0025 -1 678 138 901
rail 0.0025 1434 657 1701 741
rail 0.0025 64 563 658 686
rail 0.0024 1547 672 1880 719
rail 0.0024 218 675 500 1018
rail 0.0023 169 635 676 765
rail 0.0021 166 608 730 718
rail 0.0021 1881 696 1920 758
rail 0.0021 -24 581 241 684
rail 0.0020 1223 655 1495 718
rail 0.0019 1381 633 1522 682
rail 0.0018 1638 664 1933 727
rail 0.0017 972 612 1473 822
rail 0.0016 888 550 1021 648
rail 0.0016 977 644 1031 694
rail 0.0016 1137 793 1334 993
rail 0.0015 990 638 1086 700
rail 0.0015 928 555 1159 672
rail 0.0015 1871 771 1919 850
rail 0.0014 366 673 625 1029
rail 0.0014 616 612 749 646
rail 0.0014 687 609 771 640
rail 0.0014 1103 713 1265 831
rail 0.0014 1351 591 1767 710
rail 0.0013 2 591 37 715
rail 0.0013 461 617 766 744
rail 0.0013 1185 786 1502 1035
rail 0.0013 1294 530 1481 696
rail 0.0012 996 569 1392 1068
rail 0.0012 317 666 713 773
rail 0.0012 908 645 1028 733
rail 0.0012 869 584 1049 702
rail 0.0012 1516 662 1786 744
rail 0.0012 1337 639 1606 693
rail 0.0011 1748 675 1921 735
rail 0.0011 1185 636 1289 694
rail 0.0011 1861 797 1920 975
rail 0.0011 246 739 372 910
rail 0.0011 819 589 1077 757
rail 0.0011 -1 669 213 1032
rail 0.0011 1130 964 1421 1079
rail 0.0011 868 791 1333 1119
rail 0.0010 768 619 879 650
switch-indicator 0.1046 972 663 1002 689
switch-indicator 0.0323 1018 688 1054 727
switch-indicator 0.0162 1053 677 1090 736
switch-indicator 0.0020 1026 678 1101 735
switch-left 0.1866 873 714 983 762
switch-left 0.0536 874 689 966 739
switch-left 0.0024 846 675 1010 823
switch-right 0.3362 878 713 981 761
switch-right 0.2530 870 651 935 686
switch-right 0.1065 869 664 946 696
switch-right 0.0514 870 703 962 748
switch-right 0.0506 874 674 950 710
switch-right 0.0036 903 670 988 707
switch-unknown 0.0515 864 632 922 668
switch-unknown 0.0380 933 617 1008 648
switch-unknown 0.0355 962 619 1015 643
switch-unknown 0.0037 648 629 714 647
switch-unknown 0.0030 979 613 1031 645
switch-unknown 0.0015 669 625 736 645
switch-unknown 0.0013 697 612 757 637
switch-static 0.1563 1158 793 1227 824
switch-static 0.0942 951 659 1003 693
switch-static 0.0643 273 794 334 829
switch-static 0.0543 968 664 1010 699
switch-static 0.0522 1009 696 1056 726
switch-static 0.0179 973 698 1022 734
switch-static 0.0152 269 802 317 835
switch-static 0.0103 280 791 340 816
switch-static 0.0094 816 710 873 733
switch-static 0.0091 937 705 1000 739
switch-static 0.0046 914 669 983 706
switch-static 0.0038 731 699 772 730
switch-static 0.0035 1412 741 1485 765
switch-static 0.0034 1143 789 1212 818
switch-static 0.0022 1187 794 1244 828
switch-static 0.0020 811 715 853 740
switch-static 0.0018 1401 737 1466 760
switch-static 0.0016 906 651 1028 729
switch-static 0.0013 1443 750 1493 782
switch-static 0.0013 776 709 843 734
switch-static 0.0012 733 702 801 734
switch-static 0.0010 966 712 1014 749
track-sign-front 0.2167 548 587 566 606
track-sign-front 0.0486 544 591 567 652
track-sign-front 0.0120 1421 529 1434 569
track-sign-front 0.0100 543 583 571 616
track-sign-front 0.0073 315 608 328 628
track-sign-front 0.0055 221 627 239 650
track-sign-front 0.0036 864 556 885 633
track-sign-front 0.0036 437 583 460 646
track-sign-front 0.0025 298 608 330 632
track-sign-front 0.0023 1218 620 1263 662
track-sign-front 0.0016 542 527 568 630
track-signal-back 0.1726 612 528 627 559
track-signal-back 0.1441 868 528 884 570
track-signal-back 0.0611 610 525 631 572
track-signal-back 0.0380 868 541 883 594
track-signal-back 0.0244 107 526 122 560
track-signal-back 0.0190 98 523 118 571
track-signal-back 0.0125 345 526 360 555
track-signal-back 0.0103 703 528 718 592
track-signal-back 0.0076 508 492 524 546
track-signal-back 0.0076 1418 510 1432 574
track-signal-back 0.0070 92 537 110 571
track-signal-back 0.0069 869 553 890 599
track-signal-back 0.0066 92 542 113 590
track-signal-back 0.0060 216 484 231 520
track-signal-back 0.0045 651 489 664 515
track-signal-back 0.0043 862 542 880 611
track-signal-back 0.0041 1423 533 1436 570
track-signal-back 0.0027 507 482 529 566
track-signal-back 0.0021 644 486 663 520
track-signal-back 0.0021 1781 473 1814 520
track-signal-back 0.0019 949 504 971 545
track-signal-back 0.0017 945 503 962 530
track-signal-back 0.0016 87 532 110 618
track-signal-back 0.0016 945 496 964 572
track-signal-back 0.0016 200 475 232 529
track-signal-back 0.0013 951 505 968 530
track-signal-back 0.0012 1412 468 1429 570
track-signal-back 0.0010 862 519 891 601
track-signal-back 0.0010 655 490 671 516
track-signal-back 0.0010 553 429 567 462
pole 0.6391 1475 32 1535 823
pole 0.5670 547 428 569 664
pole 0.4539 1357 420 1381 680
pole 0.3411 1349 421 1369 673
pole 0.2979 1687 -7 1778 819
pole 0.2906 769 365 801 695
pole 0.1143 28 399 46 721
pole 0.1130 647 510 660 639
pole 0.1119 749 362 768 686
pole 0.1006 953 503 972 640
pole 0.0959 610 521 628 636
pole 0.0902 1205 378 1220 683
pole 0.0738 1360 430 1398 687
pole 0.0706 947 490 967 646
pole 0.0506 608 505 661 643
pole 0.0483 1707 313 1769 807
pole 0.0440 1337 414 1360 695
pole 0.0434 21 402 57 743
pole 0.0430 1553 400 1568 661
pole 0.0408 1844 285 1870 725
pole 0.0351 397 569 458 639
pole 0.0350 1366 399 1425 706
pole 0.0280 610 517 631 587
pole 0.0245 704 520 718 617
pole 0.0223 1417 497 1437 671
pole 0.0221 1208 390 1241 713
pole 0.0203 1374 513 1423 677
pole 0.0202 1422 526 1435 639
pole 0.0178 553 396 578 663
pole 0.0171 1359 554 1401 686
pole 0.0146 949 527 980 651
pole 0.0137 1021 486 1041 659
pole 0.0132 517 456 542 646
pole 0.0129 12 409 86 789
pole 0.0118 1387 560 1420 689
pole 0.0118 1400 513 1437 674
pole 0.0103 1342 469 1388 711
pole 0.0102 650 484 663 598
pole 0.0102 542 560 572 671
pole 0.0084 551 467 565 618
pole 0.0080 780 456 802 700
pole 0.0072 966 510 992 637
pole 0.0072 702 512 738 633
pole 0.0072 1367 408 1384 622
pole 0.0071 648 509 686 640
pole 0.0070 1197 373 1215 684
pole 0.0067 1464 362 1529 772
pole 0.0066 1540 -11 1807 833
pole 0.0064 1351 484 1365 636
pole 0.0061 1362 504 1385 653
pole 0.0057 7 412 35 739
pole 0.0056 743 357 809 721
pole 0.0053 498 493 575 656
pole 0.0051 188 464 202 647
pole 0.0050 1343 560 1389 681
pole 0.0048 1531 393 1573 742
pole 0.0047 1554 462 1566 606
pole 0.0043 529 430 592 665
pole 0.0040 429 567 468 640
pole 0.0039 1320 500 1355 672
pole 0.0039 1382 539 1445 685
pole 0.0034 1416 533 1455 663
pole 0.0034 779 420 839 703
pole 0.0030 1677 215 1824 921
pole 0.0029 545 605 576 668
pole 0.0029 727 375 763 686
pole 0.0028 548 547 595 662
pole 0.0028 32 466 43 604
pole 0.0027 645 584 669 647
pole 0.0027 1416 500 1433 581
pole 0.0027 -1 524 121 727
pole 0.0027 1334 487 1358 632
pole 0.0026 1452 22 1578 796
pole 0.0025 1513 312 1558 749
pole 0.0025 746 514 769 639
pole 0.0024 318 406 335 662
pole 0.0023 1313 541 1348 649
pole 0.0022 692 549 729 637
pole 0.0022 1369 450 1382 577
pole 0.0021 1834 272 1882 741
pole 0.0021 780 523 804 645
pole 0.0020 1499 386 1534 718
pole 0.0020 1852 345 1877 666
pole 0.0019 1342 471 1353 604
pole 0.0019 32 368 45 617
pole 0.0019 1398 477 1498 730
pole 0.0018 187 494 199 619
pole 0.0018 1323 449 1373 667
pole 0.0018 6 528 66 725
pole 0.0017 1746 284 1862 767
pole 0.0017 759 530 815 671
pole 0.0017 866 562 886 637
pole 0.0016 537 401 565 628
pole 0.0016 639 506 670 644
pole 0.0016 588 542 649 637
pole 0.0015 14 173 49 751
pole 0.0015 764 563 833 652
pole 0.0014 779 336 806 646
pole 0.0014 751 460 765 606
pole 0.0014 1206 462 1218 607
pole 0.0014 1016 478 1057 683
pole 0.0012 1459 489 1561 740
pole 0.0012 1552 436 1584 684
pole 0.0012 916 500 964 648
pole 0.0012 0 -1 58 838
pole 0.0012 1481 389 1521 720
pole 0.0012 34 429 43 560
pole 0.0011 1237 426 1264 677
pole 0.0011 768 335 853 794
pole 0.0011 742 423 779 669
pole 0.0011 1544 491 1566 696
pole 0.0010 857 586 941 644
pole 0.0010 102 519 128 634
pole 0.0010 0 108 38 725
pole 0.0010 623 573 666 651
pole 0.0010 914 542 1014 647
pole 0.0010 739 553 773 646
rail-occluder 0.5953 388 673 411 740
rail-occluder 0.5893 1281 672 1301 716
rail-occluder 0.5544 65 672 95 733
rail-occluder 0.3949 1065 679 1091 735
rail-occluder 0.3696 1393 646 1414 681
rail-occluder 0.0934 1 751 16 807
rail-occluder 0.0602 1818 729 1834 794
rail-occluder 0.0581 40 669 105 770
rail-occluder 0.0475 1243 627 1261 662
rail-occluder 0.0370 1811 729 1833 769
rail-occluder 0.0357 227 632 240 650
rail-occluder 0.0308 5 660 89 746
rail-occluder 0.0304 1866 764 1914 808
rail-occluder 0.0285 0 670 56 756
rail-occluder 0.0250 545 614 565 660
rail-occluder 0.0222 1800 730 1838 795
rail-occluder 0.0207 1363 630 1414 682
rail-occluder 0.0175 1793 725 1918 835
rail-occluder 0.0135 3 743 25 802
rail-occluder 0.0129 1375 643 1414 691
rail-occluder 0.0127 1788 739 1848 839
rail-occluder 0.0120 1230 633 1263 692
rail-occluder 0.0119 1810 736 1838 834
rail-occluder 0.0119 1764 720 1885 799
rail-occluder 0.0117 0 706 21 812
rail-occluder 0.0117 427 569 457 646
rail-occluder 0.0115 1818 733 1917 796
rail-occluder 0.0085 1793 726 1848 775
rail-occluder 0.0073 6 667 121 808
rail-occluder 0.0070 1831 749 1916 823
rail-occluder 0.0069 0 744 18 878
rail-occluder 0.0068 -1 739 26 834
rail-occluder 0.0066 0 642 33 790
rail-occluder 0.0066 1047 679 1103 736
rail-occluder 0.0062 980 646 1026 694
rail-occluder 0.0061 385 668 439 736
rail-occluder 0.0060 1236 625 1271 664
rail-occluder 0.0060 406 571 453 645
rail-occluder 0.0055 1853 769 1920 841
rail-occluder 0.0054 1373 560 1422 685
rail-occluder 0.0054 224 630 242 656
rail-occluder 0.0054 1357 616 1383 674
rail-occluder 0.0047 1347 644 1429 689
rail-occluder 0.0044 1058 634 1090 736
rail-occluder 0.0041 -6 720 37 823
rail-occluder 0.0039 1245 620 1292 671
rail-occluder 0.0036 1019 637 1057 697
rail-occluder 0.0030 1253 665 1300 714
rail-occluder 0.0029 1009 643 1136 730
rail-occluder 0.0029 1355 538 1436 681
rail-occluder 0.0028 1773 724 1830 767
rail-occluder 0.0027 977 622 1035 672
rail-occluder 0.0027 1384 637 1432 680
rail-occluder 0.0026 1390 656 1417 700
rail-occluder 0.0026 1058 606 1116 738
rail-occluder 0.0025 1376 649 1447 693
rail-occluder 0.0024 437 582 461 644
rail-occluder 0.0024 1799 714 1828 765
rail-occluder 0.0023 1813 760 1920 863
rail-occluder 0.0023 1801 778 1849 837
rail-occluder 0.0021 986 619 1189 729
rail-occluder 0.0020 74 643 139 713
rail-occluder 0.0020 1662 675 1688 713
rail-occluder 0.0020 546 645 568 667
rail-occluder 0.0019 213 643 588 769
rail-occluder 0.0019 1033 674 1138 740
rail-occluder 0.0018 1201 632 1271 699
rail-occluder 0.0018 1705 743 1891 840
rail-occluder 0.0018 1767 731 1832 799
rail-occluder 0.0018 344 666 458 740
rail-occluder 0.0017 372 669 410 733
rail-occluder 0.0017 1289 677 1342 718
rail-occluder 0.0017 0 718 38 969
rail-occluder 0.0016 383 678 415 774
rail-occluder 0.0016 18 600 138 716
rail-occluder 0.0014 595 578 627 646
rail-occluder 0.0014 7 604 99 696
rail-occluder 0.0012 1242 660 1351 729
rail-occluder 0.0012 206 639 250 679
rail-occluder 0.0012 1757 755 1842 830
rail-occluder 0.0012 42 615 115 695
rail-occluder 0.0011 1416 636 1487 675
rail-occluder 0.0010 411 585 489 643
rail-occluder 0.0010 217 625 246 650
rail-occluder 0.0010 87 664 166 725
