guard-rail 0.3719 195 982 339 1078
guard-rail 0.0908 1082 696 1355 920
guard-rail 0.0496 928 648 1001 685
guard-rail 0.0399 192 1014 294 1079
guard-rail 0.0376 919 635 998 668
guard-rail 0.0279 1015 659 1094 699
guard-rail 0.0255 1017 942 1029 1077
guard-rail 0.0231 909 626 952 658
guard-rail 0.0213 849 631 896 662
guard-rail 0.0198 891 600 946 638
guard-rail 0.0170 839 602 904 640
guard-rail 0.0161 745 630 814 658
guard-rail 0.0159 820 604 883 640
guard-rail 0.0154 740 648 808 691
guard-rail 0.0148 1171 721 1340 885
guard-rail 0.0141 877 597 931 634
guard-rail 0.0133 727 638 801 667
guard-rail 0.0115 1077 677 1185 884
guard-rail 0.0100 746 666 804 705
guard-rail 0.0096 823 623 889 652
guard-rail 0.0092 752 615 811 647
guard-rail 0.0084 996 679 1093 804
guard-rail 0.0084 1044 665 1116 719
guard-rail 0.0082 770 613 841 642
guard-rail 0.0074 867 622 923 658
guard-rail 0.0068 906 598 986 654
guard-rail 0.0066 99 955 370 1081
guard-rail 0.0062 973 620 1054 662
guard-rail 0.0059 1048 687 1120 750
guard-rail 0.0059 864 642 887 669
guard-rail 0.0057 974 573 1030 610
guard-rail 0.0056 1033 651 1329 859
guard-rail 0.0049 723 659 806 717
guard-rail 0.0045 174 1025 261 1078
guard-rail 0.0041 909 642 956 680
guard-rail 0.0039 693 646 778 682
guard-rail 0.0038 1216 737 1394 921
guard-rail 0.0035 1022 965 1039 1077
guard-rail 0.0031 1104 680 1270 856
guard-rail 0.0030 561 719 692 769
guard-rail 0.0030 940 658 1020 764
guard-rail 0.0029 250 819 533 969
guard-rail 0.0027 795 622 867 649
guard-rail 0.0026 962 674 1038 801
guard-rail 0.0025 1437 950 1658 1071
guard-rail 0.0024 677 639 792 692
guard-rail 0.0024 1007 952 1020 1066
guard-rail 0.0023 1043 683 1133 812
guard-rail 0.0023 352 827 532 901
guard-rail 0.0022 178 737 613 975
guard-rail 0.0022 191 834 504 1067
guard-rail 0.0022 278 863 502 1011
guard-rail 0.0021 1011 587 1048 620
guard-rail 0.0021 925 655 998 703
guard-rail 0.0019 1064 796 1347 1075
guard-rail 0.0019 1011 937 1037 1081
guard-rail 0.0018 735 621 789 653
guard-rail 0.0018 325 852 513 926
guard-rail 0.0018 1094 762 1175 881
guard-rail 0.0018 209 944 349 1055
guard-rail 0.0017 949 679 1002 802
guard-rail 0.0016 347 801 543 879
guard-rail 0.0016 1092 735 1222 897
guard-rail 0.0015 106 996 308 1076
guard-rail 0.0015 867 645 908 675
guard-rail 0.0015 1069 670 1144 721
guard-rail 0.0015 1069 688 1150 755
guard-rail 0.0014 1063 713 1157 857
guard-rail 0.0014 969 705 1017 827
guard-rail 0.0014 1019 718 1118 855
guard-rail 0.0013 1006 602 1066 650
guard-rail 0.0012 751 634 833 709
guard-rail 0.0012 142 878 388 1057
guard-rail 0.0012 960 706 994 822
guard-rail 0.0011 586 730 677 776
guard-rail 0.0011 277 759 535 886
guard-rail 0.0011 1208 761 1313 871
guard-rail 0.0011 1 990 120 1071
guard-rail 0.0011 526 702 739 763
guard-rail 0.0010 676 651 755 686
guard-rail 0.0010 1120 795 1201 888
guard-rail 0.0010 1271 854 1374 917
rail 0.9117 4 552 933 1074
rail 0.7898 952 599 1344 1079
rail 0.5318 962 558 1194 865
rail 0.3887 999 656 1168 874
rail 0.3611 196 982 342 1077
rail 0.2125 991 639 1630 1065
rail 0.1776 847 555 1225 1042
rail 0.1492 986 651 1248 952
rail 0.1369 461 569 981 809
rail 0.0957 1057 663 1362 942
rail 0.0736 957 684 1140 937
rail 0.0724 867 590 1142 803
rail 0.0476 318 568 1034 953
rail 0.0430 863 578 1060 1078
rail 0.0384 986 677 1099 748
rail 0.0342 962 649 1096 832
rail 0.0301 975 615 1160 776
rail 0.0286 870 572 918 602
rail 0.0274 1008 584 1306 875
rail 0.0245 959 570 1008 595
rail 0.0220 946 660 1057 766
rail 0.0196 730 557 1187 847
rail 0.0172 926 605 1093 745
rail 0.0169 882 568 929 595
rail 0.0127 1066 676 1195 886
rail 0.0120 1 707 657 1000
rail 0.0108 892 622 1048 767
rail 0.0104 595 561 999 731
rail 0.0099 1022 634 1137 751
rail 0.0095 16 851 522 1078
rail 0.0093 119 948 356 1079
rail 0.0083 947 544 975 576
rail 0.0070 719 652 827 721
rail 0.0062 1111 781 1611 987
rail 0.0060 872 557 970 605
rail 0.0057 718 546 1089 1070
rail 0.0056 1034 723 1279 909
rail 0.0054 -5 886 323 1074
rail 0.0054 908 583 988 619
rail 0.0051 935 546 971 596
rail 0.0047 15 763 523 941
rail 0.0042 972 554 1012 585
rail 0.0041 979 564 1019 595
rail 0.0040 945 543 960 572
rail 0.0039 965 649 1028 878
rail 0.0038 219 942 372 1062
rail 0.0038 0 992 327 1082
rail 0.0038 655 622 920 756
rail 0.0037 895 615 1014 885
rail 0.0032 878 553 920 585
rail 0.0031 911 556 992 593
rail 0.0031 939 666 1056 863
rail 0.0031 746 565 1110 742
rail 0.0030 930 555 1027 605
rail 0.0028 951 674 1051 1078
rail 0.0028 10 808 423 986
rail 0.0026 945 660 1009 822
rail 0.0026 1056 789 1356 1079
rail 0.0025 880 573 1008 647
rail 0.0024 848 571 935 628
rail 0.0023 725 579 961 685
rail 0.0023 463 790 855 980
rail 0.0022 859 557 924 611
rail 0.0022 835 574 891 603
rail 0.0022 561 602 863 786
rail 0.0021 251 662 751 952
rail 0.0020 718 572 801 604
rail 0.0019 1024 926 1365 1078
rail 0.0019 1 971 186 1079
rail 0.0018 1448 808 1666 923
rail 0.0017 190 897 484 1069
rail 0.0014 1038 639 1273 822
rail 0.0014 762 576 826 603
rail 0.0014 364 695 1013 1055
rail 0.0014 916 538 988 578
rail 0.0014 923 651 1005 709
rail 0.0013 686 658 865 758
rail 0.0011 713 558 851 610
rail 0.0011 779 577 875 609
rail 0.0010 973 866 1311 1059
rail 0.0010 664 573 829 688
switch-indicator 0.0872 947 546 957 564
switch-indicator 0.0471 705 576 719 603
switch-indicator 0.0204 941 542 965 588
switch-indicator 0.0121 743 582 795 606
switch-indicator 0.0025 698 575 730 609
switch-indicator 0.0011 852 522 904 598
switch-left 0.2265 977 819 1174 920
switch-left 0.1043 1191 848 1389 921
switch-left 0.0718 966 688 1315 1075
switch-left 0.0658 936 641 1069 713
switch-left 0.0423 930 653 1027 705
switch-left 0.0366 960 794 1153 890
switch-left 0.0311 985 958 1350 1076
switch-left 0.0297 991 679 1090 744
switch-left 0.0193 1183 820 1396 956
switch-left 0.0128 998 866 1183 936
switch-left 0.0125 968 850 1300 1048
switch-left 0.0114 1277 843 1463 916
switch-left 0.0111 -5 931 318 1074
switch-left 0.0111 985 737 1195 901
switch-left 0.0099 1171 835 1347 902
switch-left 0.0091 974 803 1246 962
switch-left 0.0068 1214 872 1420 954
switch-left 0.0059 1124 773 1351 900
switch-left 0.0045 1215 866 1360 931
switch-left 0.0045 1055 819 1255 914
switch-left 0.0045 924 617 1040 684
switch-left 0.0032 -2 881 238 1016
switch-left 0.0032 1059 790 1201 894
switch-left 0.0027 18 853 303 946
switch-left 0.0024 1162 834 1556 1029
switch-left 0.0021 970 617 1071 683
switch-left 0.0019 16 818 413 960
switch-left 0.0017 1193 765 1402 919
switch-left 0.0013 962 721 1105 916
switch-left 0.0013 1236 867 1480 1005
switch-left 0.0012 -4 938 167 1072
switch-left 0.0011 1230 856 1341 912
switch-right 0.2681 977 809 1179 903
switch-right 0.2481 956 648 1087 705
switch-right 0.1629 918 638 1022 682
switch-right 0.1467 988 662 1093 716
switch-right 0.1408 968 637 1068 679
switch-right 0.1379 981 681 1182 897
switch-right 0.0810 1189 846 1384 923
switch-right 0.0545 1132 762 1415 950
switch-right 0.0539 935 644 1044 698
switch-right 0.0385 987 676 1099 751
switch-right 0.0341 977 609 1158 781
switch-right 0.0236 1008 658 1106 700
switch-right 0.0129 1190 817 1530 939
switch-right 0.0118 1030 636 1130 750
switch-right 0.0113 1214 794 1392 941
switch-right 0.0097 819 612 884 642
switch-right 0.0081 907 613 989 651
switch-right 0.0076 920 622 1012 658
switch-right 0.0069 948 624 1043 656
switch-right 0.0056 889 606 948 637
switch-right 0.0051 1027 778 1233 905
switch-right 0.0050 744 629 813 663
switch-right 0.0048 726 638 802 672
switch-right 0.0019 976 580 1030 607
switch-right 0.0018 771 619 841 643
switch-right 0.0016 537 717 694 774
switch-right 0.0010 697 639 779 678
switch-unknown 0.1401 972 572 1010 591
switch-unknown 0.1368 869 574 918 601
switch-unknown 0.0426 956 572 1005 602
switch-unknown 0.0355 974 557 1009 579
switch-unknown 0.0280 948 548 972 570
switch-unknown 0.0209 883 568 926 593
switch-unknown 0.0139 803 603 864 631
switch-unknown 0.0116 878 576 942 618
switch-unknown 0.0101 882 541 917 584
switch-unknown 0.0082 912 576 985 621
switch-unknown 0.0080 824 578 888 624
switch-unknown 0.0079 838 611 904 641
switch-unknown 0.0077 978 566 1021 593
switch-unknown 0.0074 875 601 933 634
switch-unknown 0.0073 799 590 861 624
switch-unknown 0.0068 925 612 1004 658
switch-unknown 0.0044 956 612 1040 657
switch-unknown 0.0016 770 615 888 662
switch-static 0.5768 1438 840 1633 938
switch-static 0.3685 1100 643 1156 666
switch-static 0.3319 577 859 797 948
switch-static 0.2368 1392 837 1563 930
switch-static 0.1930 1352 840 1510 915
switch-static 0.0626 1203 809 1534 925
switch-static 0.0582 635 644 678 666
switch-static 0.0387 755 585 800 606
switch-static 0.0255 1317 834 1467 902
switch-static 0.0247 1460 839 1557 919
switch-static 0.0229 1055 650 1125 690
switch-static 0.0201 1076 642 1137 668
switch-static 0.0177 638 892 806 953
switch-static 0.0146 1028 605 1196 766
switch-static 0.0138 524 870 736 943
switch-static 0.0100 1087 630 1161 676
switch-static 0.0079 762 586 820 609
switch-static 0.0077 1104 638 1180 668
switch-static 0.0065 1336 838 1430 891
switch-static 0.0050 1285 849 1546 951
switch-static 0.0040 633 868 738 943
switch-static 0.0038 1446 829 1599 894
switch-static 0.0038 1293 818 1406 879
switch-static 0.0035 761 578 823 602
switch-static 0.0027 841 567 887 604
switch-static 0.0024 591 886 741 953
switch-static 0.0023 752 621 813 650
switch-static 0.0018 643 869 873 944
switch-static 0.0017 1037 639 1089 684
switch-static 0.0017 1404 862 1502 927
switch-static 0.0017 638 633 677 657
switch-static 0.0016 1389 780 1682 991
switch-static 0.0015 635 648 702 683
switch-static 0.0014 607 900 810 991
switch-static 0.0013 674 881 779 943
switch-static 0.0012 1099 583 1152 608
switch-static 0.0012 1488 844 1600 921
switch-static 0.0012 794 574 857 609
switch-static 0.0011 983 540 1031 582
switch-static 0.0011 1435 884 1607 962
switch-static 0.0011 1458 836 1757 949
switch-static 0.0010 1495 874 1658 930
switch-static 0.0010 586 880 691 938
switch-static 0.0010 612 845 763 923
track-sign-front 0.6552 1330 482 1359 567
track-sign-front 0.2964 342 489 371 575
track-sign-front 0.2199 1056 526 1067 543
track-sign-front 0.0472 705 574 719 602
track-sign-front 0.0146 894 523 906 541
track-sign-front 0.0107 1334 484 1379 568
track-sign-front 0.0105 946 541 957 558
track-sign-front 0.0080 1054 527 1068 554
track-sign-front 0.0079 1331 480 1358 521
track-sign-front 0.0074 1059 524 1080 541
track-sign-front 0.0066 1315 478 1369 573
track-sign-front 0.0044 896 512 912 543
track-sign-front 0.0040 1054 500 1068 548
track-sign-front 0.0035 346 426 377 590
track-sign-front 0.0031 1324 469 1354 547
track-sign-front 0.0020 1106 560 1138 596
track-sign-front 0.0019 855 477 889 572
track-sign-front 0.0018 346 545 368 575
track-sign-front 0.0015 1114 548 1131 581
track-sign-front 0.0014 703 546 723 593
track-sign-front 0.0013 855 527 875 588
track-sign-front 0.0011 352 491 399 570
track-sign-front 0.0010 348 554 376 575
track-signal-front 0.0602 704 379 728 403
track-signal-front 0.0011 699 360 730 422
track-signal-front 0.0011 706 366 735 477
track-signal-back 0.0053 892 502 907 542
track-signal-back 0.0031 1023 449 1052 485
track-signal-back 0.0027 1023 457 1038 485
track-signal-back 0.0025 1024 449 1040 475
pole 0.1174 713 383 736 596
pole 0.0091 722 398 748 603
pole 0.0083 820 437 831 576
pole 0.0055 860 444 878 571
pole 0.0024 701 380 750 599
pole 0.0021 851 422 875 587
pole 0.0020 1112 347 1128 613
pole 0.0020 861 435 886 615
pole 0.0016 717 452 741 591
pole 0.0016 818 421 835 623
pole 0.0014 813 441 829 571
rail-occluder 0.0040 704 571 727 604
rail-occluder 0.0020 721 570 798 607
