guard-rail 0.0207 1006 689 1031 762
guard-rail 0.0165 1013 635 1035 671
guard-rail 0.0128 994 691 1036 791
guard-rail 0.0053 920 683 1048 774
guard-rail 0.0044 1008 621 1032 665
guard-rail 0.0040 992 626 1025 667
guard-rail 0.0016 925 694 1091 819
guard-rail 0.0013 1002 685 1049 765
guard-rail 0.0011 945 675 1032 739
guard-rail 0.0010 996 680 1034 747
rail 0.9156 785 487 1212 1071
rail 0.2918 804 687 1110 1078
rail 0.0026 863 536 1166 935
rail 0.0011 987 503 1253 1068
switch-indicator 0.0041 1212 649 1255 731
switch-left 0.1777 870 684 1053 782
switch-left 0.0046 845 700 1102 865
switch-right 0.3500 884 674 1047 778
switch-right 0.1210 890 674 1015 733
switch-right 0.0021 899 669 1001 712
switch-static 0.3321 770 663 885 703
switch-static 0.2540 738 675 839 708
switch-static 0.0778 734 685 836 722
switch-static 0.0777 826 667 894 694
switch-static 0.0470 1044 659 1107 691
switch-static 0.0412 801 650 857 683
switch-static 0.0409 741 659 865 715
switch-static 0.0174 1013 637 1039 673
switch-static 0.0150 1066 647 1108 675
switch-static 0.0133 1020 648 1061 684
switch-static 0.0087 764 684 880 719
switch-static 0.0057 778 648 845 688
switch-static 0.0052 1035 644 1119 699
switch-static 0.0042 731 676 798 703
switch-static 0.0036 804 622 852 661
switch-static 0.0033 1071 657 1125 687
switch-static 0.0029 736 647 902 733
switch-static 0.0027 738 694 848 739
switch-static 0.0026 705 680 774 709
switch-static 0.0024 863 666 911 692
switch-static 0.0024 1201 655 1254 735
switch-static 0.0022 800 659 916 714
switch-static 0.0018 693 705 816 753
switch-static 0.0016 808 625 880 679
switch-static 0.0014 838 637 900 682
switch-static 0.0013 1010 656 1081 712
switch-static 0.0012 687 618 944 776
switch-static 0.0011 1080 574 1117 609
switch-static 0.0010 788 600 812 633
switch-static 0.0010 1070 636 1130 667
track-sign-front 0.1154 763 436 782 455
track-sign-front 0.0885 1065 461 1088 479
track-sign-front 0.0475 799 563 822 586
track-sign-front 0.0429 1066 453 1102 477
track-sign-front 0.0088 1082 430 1115 473
track-sign-front 0.0045 1312 671 1343 702
track-sign-front 0.0044 1096 417 1123 454
track-sign-front 0.0032 794 564 817 605
track-sign-front 0.0031 766 437 798 457
track-sign-front 0.0024 755 428 787 455
track-sign-front 0.0017 1084 449 1115 504
track-sign-front 0.0016 1009 449 1027 470
track-sign-front 0.0016 772 523 784 551
track-sign-front 0.0015 977 473 1007 502
track-sign-front 0.0015 772 517 784 573
track-sign-front 0.0013 1081 574 1115 604
track-sign-front 0.0012 1091 483 1118 512
track-sign-front 0.0010 1258 501 1333 550
track-signal-front 0.0017 1470 424 1489 453
track-signal-back 0.3444 1089 349 1114 375
track-signal-back 0.2257 1094 377 1120 413
track-signal-back 0.0073 1103 388 1131 415
track-signal-back 0.0018 1090 347 1117 415
track-signal-back 0.0011 1085 323 1116 382
