crossing 0.0245 727 847 1018 1075
crossing 0.0041 745 832 1007 951
crossing 0.0033 799 838 980 879
guard-rail 0.0041 3 825 250 995
guard-rail 0.0021 0 818 488 1076
guard-rail 0.0021 8 830 169 939
guard-rail 0.0013 6 819 163 886
rail 0.9385 723 569 1012 1077
rail 0.9251 0 571 903 1071
rail 0.0036 -5 589 812 863
rail 0.0019 -7 757 533 1064
rail 0.0017 339 606 677 1040
rail 0.0012 1882 559 1919 1064
rail 0.0011 1735 657 1924 1075
switch-static 0.2334 1036 817 1137 869
switch-static 0.0027 1009 794 1160 902
switch-static 0.0018 983 823 1111 882
track-sign-front 0.7729 1142 585 1198 675
track-sign-front 0.0173 730 612 741 626
track-sign-front 0.0065 551 584 566 612
track-sign-front 0.0059 920 525 953 565
track-sign-front 0.0058 954 549 978 589
track-sign-front 0.0039 940 548 970 592
track-sign-front 0.0023 661 624 679 644
track-sign-front 0.0023 552 578 570 602
track-sign-front 0.0021 552 595 565 635
track-sign-front 0.0019 1325 498 1420 559
track-sign-front 0.0019 859 562 878 586
track-sign-front 0.0014 1081 573 1206 674
track-sign-front 0.0012 969 533 1000 600
track-sign-front 0.0011 1143 629 1195 677
track-sign-front 0.0010 667 502 679 601
track-signal-front 0.0080 866 560 884 580
track-signal-front 0.0076 860 539 889 591
track-signal-front 0.0073 921 529 945 565
track-signal-front 0.0064 928 532 941 554
track-signal-front 0.0021 875 529 908 585
track-signal-front 0.0014 868 554 913 581
track-signal-front 0.0012 1322 513 1400 573
track-signal-front 0.0012 868 510 889 566
pole 0.0105 668 404 682 653
pole 0.0012 662 397 690 653
rail-occluder 0.0013 772 572 800 611
rail-occluder 0.0011 776 578 823 613
rail-occluder 0.0010 727 608 744 632
