rail 0.9511 713 543 1508 1077
rail 0.9430 692 533 972 1073
rail 0.3744 5 516 618 679
rail 0.0089 8 530 615 856
rail 0.0039 19 496 649 603
rail 0.0018 695 532 740 571
rail 0.0010 3 464 715 751
rail 0.0010 687 541 826 1066
switch-indicator 0.1354 246 533 282 587
switch-indicator 0.0209 153 523 386 601
switch-indicator 0.0023 219 530 295 589
switch-unknown 0.0508 706 546 749 566
switch-unknown 0.0056 700 535 740 564
switch-unknown 0.0040 722 552 770 573
switch-unknown 0.0033 714 528 784 577
switch-unknown 0.0017 717 543 778 571
track-sign-front 0.1647 516 578 527 612
track-sign-front 0.0934 981 465 1002 500
track-sign-front 0.0445 653 468 677 562
track-sign-front 0.0425 763 524 784 549
track-sign-front 0.0169 519 635 548 658
track-sign-front 0.0162 515 578 532 638
track-sign-front 0.0110 517 617 548 663
track-sign-front 0.0106 656 516 673 615
track-sign-front 0.0058 982 535 998 558
track-sign-front 0.0057 595 519 624 557
track-sign-front 0.0054 517 571 532 606
track-sign-front 0.0053 656 570 672 608
track-sign-front 0.0043 731 473 752 528
track-sign-front 0.0038 980 513 1000 566
track-sign-front 0.0035 741 465 758 532
track-sign-front 0.0033 525 632 560 662
track-sign-front 0.0033 509 576 535 615
track-sign-front 0.0028 975 584 990 619
track-sign-front 0.0023 582 505 612 555
track-sign-front 0.0023 620 491 661 567
track-sign-front 0.0023 978 474 1002 518
track-sign-front 0.0021 686 474 715 532
track-sign-front 0.0020 768 520 797 547
track-sign-front 0.0019 523 638 549 671
track-sign-front 0.0013 561 491 579 533
track-sign-front 0.0012 772 540 806 577
track-sign-front 0.0010 757 492 792 552
track-signal-front 0.5053 983 464 1001 492
track-signal-front 0.4391 660 445 679 472
track-signal-front 0.0166 662 439 684 467
track-signal-front 0.0063 663 441 711 473
track-signal-front 0.0041 979 458 1007 504
track-signal-back 0.1641 659 446 678 474
pole 0.1709 658 481 673 605
pole 0.0464 655 443 678 587
pole 0.0021 680 481 720 591
pole 0.0018 656 426 680 529
pole 0.0016 684 412 714 564
pole 0.0015 625 479 661 579
pole 0.0013 697 531 740 571
pole 0.0011 637 458 692 612
rail-occluder 0.0215 254 534 299 588
rail-occluder 0.0069 595 526 617 559
rail-occluder 0.0021 235 543 309 634
