crossing 0.3532 928 597 980 613
crossing 0.1103 831 556 884 570
crossing 0.0675 930 580 980 603
crossing 0.0659 851 555 892 571
crossing 0.0215 812 556 867 571
crossing 0.0209 967 544 1002 568
crossing 0.0208 864 555 918 572
crossing 0.0150 963 540 1042 577
crossing 0.0148 934 560 987 602
crossing 0.0134 843 551 895 577
crossing 0.0062 932 545 975 566
crossing 0.0054 909 595 971 614
crossing 0.0038 1754 667 1921 716
crossing 0.0032 1773 697 1923 819
crossing 0.0030 896 544 943 567
crossing 0.0026 1756 659 1918 696
crossing 0.0022 1761 678 1922 756
crossing 0.0016 882 550 948 590
crossing 0.0015 768 537 847 568
crossing 0.0013 1839 667 1921 711
crossing 0.0010 1829 715 1920 868
train-car 0.0032 973 532 1022 565
platform 0.2280 973 545 1062 572
platform 0.0206 990 551 1071 577
platform 0.0048 969 532 1072 581
platform 0.0040 980 534 1052 560
platform 0.0020 970 551 1076 593
rail 0.9634 743 543 1069 1078
rail 0.9602 2 551 884 1074
rail 0.0485 1117 567 1908 719
rail 0.0106 1346 605 1918 731
rail 0.0024 1154 539 1928 834
rail 0.0018 1699 690 1925 840
rail 0.0018 1459 639 1921 826
rail 0.0017 1617 657 1923 792
rail 0.0016 14 556 693 674
track-sign-front 0.0043 977 526 1051 563
track-sign-front 0.0034 972 529 1017 565
track-sign-front 0.0032 1025 482 1050 520
track-sign-front 0.0020 1010 518 1067 564
track-sign-front 0.0012 281 532 302 575
track-sign-front 0.0011 1025 460 1066 507
track-sign-front 0.0011 742 515 771 555
track-signal-front 0.0047 564 8 685 77
track-signal-front 0.0023 1051 442 1068 486
track-signal-front 0.0021 814 456 834 500
track-signal-front 0.0016 1378 380 1394 490
track-signal-front 0.0010 250 351 298 428
track-signal-front 0.0010 1359 486 1384 556
track-signal-back 0.0062 1359 470 1383 524
track-signal-back 0.0011 559 5 680 70
person 0.0021 284 538 303 578
pole 0.2322 522 69 556 665
pole 0.0901 1503 505 1519 747
pole 0.0795 1077 82 1103 657
pole 0.0330 1669 41 1711 698
pole 0.0317 1683 375 1701 646
pole 0.0277 1368 165 1396 626
pole 0.0212 408 301 434 625
pole 0.0124 1379 278 1395 587
pole 0.0077 538 82 580 660
pole 0.0076 1505 556 1518 699
pole 0.0040 1063 73 1113 670
pole 0.0038 1674 410 1695 643
pole 0.0029 904 430 933 565
pole 0.0020 1685 456 1697 601
pole 0.0019 513 160 569 742
pole 0.0018 1081 212 1098 551
pole 0.0018 1496 534 1527 751
pole 0.0017 1673 328 1706 618
pole 0.0017 1363 327 1394 603
pole 0.0017 893 436 921 571
pole 0.0014 251 305 294 643
pole 0.0012 1500 458 1515 715
pole 0.0011 527 269 555 601
pole 0.0011 581 412 601 604
pole 0.0010 392 293 447 640
