train-car 0.6783 0 517 647 681
train-car 0.5134 590 535 748 581
train-car 0.0199 535 543 592 586
train-car 0.0157 -5 531 767 795
train-car 0.0146 529 551 781 603
train-car 0.0142 482 542 753 588
train-car 0.0130 678 544 783 573
train-car 0.0091 651 539 747 573
train-car 0.0089 730 546 773 571
train-car 0.0079 715 544 761 570
train-car 0.0069 525 542 636 581
train-car 0.0058 151 513 519 644
train-car 0.0055 333 550 775 626
train-car 0.0028 256 550 458 646
train-car 0.0026 510 544 600 597
train-car 0.0022 554 540 696 579
train-car 0.0020 376 515 427 640
train-car 0.0019 504 493 842 660
train-car 0.0018 2 397 810 734
train-car 0.0016 152 546 409 661
train-car 0.0015 477 564 747 618
train-car 0.0011 -1 508 267 700
platform 0.0036 2 620 515 862
platform 0.0035 0 857 79 978
platform 0.0010 -2 795 160 980
rail 0.9714 6 552 868 1077
rail 0.9577 726 559 1019 1073
rail 0.8618 880 599 1923 920
rail 0.4380 1 553 789 717
rail 0.0987 721 564 845 592
rail 0.0623 612 554 848 609
rail 0.0550 1167 698 1927 925
rail 0.0519 864 581 900 607
rail 0.0269 637 552 824 590
rail 0.0247 12 600 607 746
rail 0.0222 676 568 830 608
rail 0.0188 539 555 791 619
rail 0.0157 768 566 869 593
rail 0.0129 879 586 939 612
rail 0.0101 739 567 816 597
rail 0.0096 457 571 773 634
rail 0.0090 906 610 992 658
rail 0.0085 875 590 960 628
rail 0.0082 875 592 994 651
rail 0.0078 825 568 893 594
rail 0.0069 867 575 937 627
rail 0.0058 827 576 900 610
rail 0.0053 919 610 1078 727
rail 0.0050 720 549 803 593
rail 0.0047 578 581 834 636
rail 0.0042 -1 616 343 752
rail 0.0042 893 603 1548 818
rail 0.0034 0 658 30 781
rail 0.0034 709 574 797 603
rail 0.0033 189 566 805 672
rail 0.0031 -5 518 604 815
rail 0.0031 900 583 964 619
rail 0.0031 585 563 745 611
rail 0.0025 2 656 64 780
rail 0.0024 -2 645 109 773
rail 0.0023 791 569 910 621
rail 0.0022 425 564 706 612
rail 0.0021 0 584 32 759
rail 0.0021 1337 744 1715 874
rail 0.0021 542 541 866 649
rail 0.0019 793 569 856 607
rail 0.0018 9 602 110 696
rail 0.0018 840 567 1034 679
rail 0.0017 -2 580 72 750
rail 0.0016 874 566 979 629
rail 0.0016 430 572 834 695
rail 0.0015 2 567 36 677
rail 0.0014 1579 777 1923 941
rail 0.0014 7 583 60 672
rail 0.0013 140 595 506 704
rail 0.0013 859 560 898 584
rail 0.0012 701 546 768 583
rail 0.0012 781 554 863 580
rail 0.0012 1197 716 1643 884
rail 0.0011 836 564 1069 799
rail 0.0011 1262 670 1884 836
rail 0.0010 1019 531 1768 761
rail 0.0010 1309 714 1599 810
rail 0.0010 1414 757 1627 862
switch-indicator 0.0143 1549 715 1580 743
switch-indicator 0.0081 940 623 983 664
switch-indicator 0.0022 1537 714 1582 752
switch-unknown 0.2862 869 589 902 611
switch-unknown 0.1194 865 581 899 605
switch-unknown 0.0365 880 587 937 611
switch-unknown 0.0147 826 564 893 592
switch-unknown 0.0093 882 591 953 625
switch-unknown 0.0064 905 587 954 611
switch-unknown 0.0053 858 552 895 587
switch-unknown 0.0015 830 543 883 590
switch-static 0.0101 891 579 942 607
switch-static 0.0035 933 641 964 664
switch-static 0.0034 1547 715 1584 748
switch-static 0.0019 0 854 93 937
switch-static 0.0014 452 708 485 745
switch-static 0.0013 191 825 238 863
switch-static 0.0012 927 636 969 671
track-sign-front 0.0621 385 614 406 646
track-sign-front 0.0179 388 597 407 640
track-sign-front 0.0101 1835 477 1886 551
track-sign-front 0.0038 1831 526 1893 597
track-sign-front 0.0021 1826 485 1906 601
track-sign-front 0.0014 895 508 950 602
track-sign-front 0.0013 5 557 55 648
track-sign-front 0.0013 905 558 969 608
track-sign-front 0.0013 924 494 957 602
track-sign-front 0.0012 507 690 527 714
track-sign-front 0.0012 508 687 534 708
track-signal-front 0.2044 396 464 418 499
track-signal-front 0.0190 704 478 713 497
track-signal-front 0.0178 390 459 412 496
track-signal-front 0.0157 794 499 805 556
track-signal-front 0.0128 706 479 717 496
track-signal-front 0.0061 391 456 420 520
track-signal-front 0.0053 792 482 803 538
track-signal-front 0.0035 618 487 627 519
track-signal-front 0.0022 615 484 625 507
track-signal-front 0.0019 396 498 411 546
track-signal-front 0.0016 398 455 429 510
track-signal-front 0.0015 663 492 673 539
track-signal-front 0.0013 706 480 721 517
track-signal-front 0.0013 390 481 407 586
track-signal-front 0.0012 308 499 322 537
track-signal-front 0.0011 1084 407 1108 437
track-signal-front 0.0011 703 476 715 504
track-signal-back 0.0047 388 462 418 512
track-signal-back 0.0026 378 447 397 508
pole 0.1731 6 -7 119 784
pole 0.0660 1803 -12 1919 698
pole 0.0267 395 509 404 641
pole 0.0137 392 460 405 667
pole 0.0085 936 463 949 593
pole 0.0062 789 528 811 591
pole 0.0053 782 481 809 573
pole 0.0051 792 497 807 564
pole 0.0025 736 524 822 597
pole 0.0022 637 516 725 582
pole 0.0018 916 444 950 618
pole 0.0013 0 212 88 805
rail-occluder 0.3284 966 623 983 663
rail-occluder 0.2280 981 641 1047 724
rail-occluder 0.0577 383 614 405 647
rail-occluder 0.0495 1289 685 1362 821
rail-occluder 0.0325 985 629 1048 671
rail-occluder 0.0275 958 620 989 663
rail-occluder 0.0187 962 625 985 685
rail-occluder 0.0167 1305 731 1358 837
rail-occluder 0.0161 949 637 1061 737
rail-occluder 0.0137 1301 672 1355 769
rail-occluder 0.0095 1269 698 1353 776
rail-occluder 0.0094 1296 739 1400 841
rail-occluder 0.0082 1252 681 1348 804
rail-occluder 0.0066 378 616 402 668
rail-occluder 0.0065 986 637 1073 701
rail-occluder 0.0052 1218 670 1372 779
rail-occluder 0.0042 1257 705 1320 772
rail-occluder 0.0037 1307 736 1389 802
rail-occluder 0.0036 936 612 1014 664
rail-occluder 0.0032 913 608 981 660
rail-occluder 0.0031 387 615 411 668
rail-occluder 0.0026 662 583 709 612
rail-occluder 0.0025 977 664 1061 771
rail-occluder 0.0024 504 608 521 662
rail-occluder 0.0023 927 592 1075 774
rail-occluder 0.0023 946 618 1143 716
rail-occluder 0.0022 1097 634 1160 666
rail-occluder 0.0021 975 620 1054 659
rail-occluder 0.0021 506 609 529 677
rail-occluder 0.0021 375 605 416 672
rail-occluder 0.0020 982 635 1099 745
rail-occluder 0.0020 971 670 1045 738
rail-occluder 0.0018 1429 769 1464 903
rail-occluder 0.0018 675 586 728 614
rail-occluder 0.0018 371 567 429 667
rail-occluder 0.0017 668 597 703 621
rail-occluder 0.0015 1312 745 1520 856
rail-occluder 0.0014 1363 758 1496 895
rail-occluder 0.0014 1296 720 1365 889
rail-occluder 0.0013 958 661 1004 713
rail-occluder 0.0013 1244 729 1345 844
rail-occluder 0.0011 1100 635 1165 692
rail-occluder 0.0010 515 626 549 661
rail-occluder 0.0010 628 577 740 612
rail-occluder 0.0010 6 600 61 682
rail-occluder 0.0010 504 624 528 719
rail-occluder 0.0010 379 596 416 642
