crossing 0.1042 989 677 1036 694
crossing 0.0710 999 623 1026 636
crossing 0.0040 996 619 1028 642
crossing 0.0028 14 816 220 922
crossing 0.0019 991 670 1068 692
crossing 0.0016 1004 614 1043 634
crossing 0.0013 5 843 216 974
platform 0.8715 1080 684 1558 1074
platform 0.3111 154 648 908 1073
platform 0.0043 322 638 883 904
platform 0.0017 1130 716 1488 966
platform 0.0013 386 824 843 1076
rail 0.9530 884 600 1094 1076
rail 0.8440 5 670 668 945
rail 0.0150 815 625 1022 662
rail 0.0070 988 616 1028 638
rail 0.0068 755 630 1005 674
rail 0.0040 245 631 873 885
rail 0.0032 156 667 748 828
rail 0.0022 590 645 769 754
rail 0.0021 644 636 950 714
rail 0.0017 808 636 1028 689
rail 0.0016 935 608 1019 640
rail 0.0015 809 639 949 680
rail 0.0015 906 614 1035 656
rail 0.0014 346 642 751 792
rail 0.0012 788 613 1030 712
rail 0.0011 546 680 682 751
rail 0.0011 227 735 469 871
rail 0.0010 2 786 504 1080
track-sign-front 0.0122 1110 572 1126 604
track-sign-front 0.0050 1110 573 1135 612
track-sign-front 0.0046 237 95 267 129
track-sign-front 0.0028 92 784 122 821
track-sign-front 0.0025 227 93 262 138
track-sign-front 0.0018 1002 605 1028 628
track-sign-front 0.0014 1087 660 1104 683
track-sign-front 0.0010 1076 533 1089 560
track-signal-front 0.0016 1076 522 1092 553
track-signal-front 0.0014 1078 533 1090 556
person 0.7856 1564 698 1689 1000
person 0.7396 1172 619 1212 749
person 0.6721 1684 805 1777 1060
person 0.6174 1239 628 1281 748
person 0.2493 1168 620 1272 754
person 0.2302 1219 624 1255 723
person 0.0912 1176 615 1211 691
person 0.0843 1137 649 1159 675
person 0.0640 1229 622 1262 707
person 0.0315 1252 638 1309 775
person 0.0190 1136 620 1196 709
person 0.0177 1309 683 1357 788
person 0.0176 1134 621 1169 678
person 0.0145 1198 613 1241 688
person 0.0135 1227 618 1250 674
person 0.0094 1568 694 1677 856
person 0.0092 1660 776 1753 973
person 0.0075 1295 660 1339 772
person 0.0065 1245 657 1287 775
person 0.0065 1188 613 1215 676
person 0.0054 1650 833 1753 1071
person 0.0050 1164 662 1216 764
person 0.0046 1682 824 1762 961
person 0.0041 1149 602 1169 665
person 0.0030 1323 711 1379 800
person 0.0026 1698 795 1767 914
person 0.0024 1714 789 1806 1042
person 0.0020 1635 775 1696 998
person 0.0019 1268 649 1319 754
person 0.0018 1185 589 1251 709
person 0.0017 1551 749 1637 1008
person 0.0015 1349 705 1397 796
person 0.0015 1695 879 1775 1022
person 0.0014 1526 705 1645 923
person 0.0013 1564 794 1645 925
person 0.0013 1647 844 1715 1022
person 0.0011 1119 608 1200 665
pole 0.4372 572 418 610 823
pole 0.4130 505 365 548 845
pole 0.3698 620 464 654 796
pole 0.3312 516 381 604 845
pole 0.3141 87 52 141 1106
pole 0.1212 660 483 690 755
pole 0.1185 635 470 673 778
pole 0.1104 595 476 636 813
pole 0.0288 689 487 719 747
pole 0.0283 92 242 128 959
pole 0.0151 623 609 653 766
pole 0.0150 63 42 171 1026
pole 0.0147 584 435 623 783
pole 0.0130 853 472 869 679
pole 0.0128 512 510 544 825
pole 0.0085 699 492 734 741
pole 0.0073 641 651 670 757
pole 0.0064 639 568 708 763
pole 0.0039 857 528 870 669
pole 0.0038 489 548 697 832
pole 0.0036 658 629 703 763
pole 0.0028 671 574 728 765
pole 0.0028 551 380 668 824
pole 0.0027 663 570 691 720
pole 0.0026 843 555 870 683
pole 0.0026 852 565 878 681
pole 0.0025 585 602 645 799
pole 0.0024 652 437 712 751
pole 0.0022 101 228 154 895
pole 0.0022 506 597 566 820
pole 0.0021 506 621 539 803
pole 0.0021 740 517 766 729
pole 0.0018 680 643 719 745
pole 0.0015 687 575 723 715
pole 0.0014 813 564 833 683
pole 0.0014 980 586 1019 633
pole 0.0014 630 590 676 735
pole 0.0013 349 590 750 847
pole 0.0011 1164 485 1206 672
pole 0.0011 455 355 627 844
pole 0.0010 93 123 246 1035
pole 0.0010 598 420 732 783
pole 0.0010 566 277 625 805
pole 0.0010 37 337 137 1071
rail-occluder 0.0066 640 668 665 761
rail-occluder 0.0029 625 665 660 768
rail-occluder 0.0018 621 648 686 762
rail-occluder 0.0010 1122 871 1542 1079
