guard-rail 0.0075 1770 670 1906 721
guard-rail 0.0032 1805 678 1917 741
guard-rail 0.0010 1774 674 1861 712
train-car 0.1699 920 507 959 570
train-car 0.0514 1161 512 1203 536
train-car 0.0311 1038 515 1101 542
train-car 0.0299 1143 510 1169 536
train-car 0.0211 914 509 999 561
train-car 0.0194 1139 512 1185 539
train-car 0.0185 1176 503 1204 540
train-car 0.0153 910 466 957 572
train-car 0.0119 1047 518 1136 541
train-car 0.0091 1093 519 1142 542
train-car 0.0062 1130 508 1160 537
train-car 0.0055 1008 519 1120 551
train-car 0.0038 945 522 1128 566
train-car 0.0032 1333 525 1354 546
train-car 0.0030 1318 524 1368 548
train-car 0.0028 917 505 1081 557
train-car 0.0027 1242 523 1385 550
train-car 0.0024 1012 502 1148 554
train-car 0.0019 911 497 968 595
train-car 0.0016 1178 505 1223 554
train-car 0.0015 1110 501 1136 545
train-car 0.0015 844 446 944 576
train-car 0.0014 1290 524 1435 559
train-car 0.0011 1087 501 1159 546
rail 0.9706 1025 539 1391 1077
rail 0.9226 1156 536 1918 1014
rail 0.8982 -3 550 1074 1076
rail 0.8415 1214 538 1921 746
rail 0.7843 0 560 896 849
rail 0.1386 5 566 801 691
rail 0.1108 1218 540 1600 607
rail 0.0436 1460 548 1917 687
rail 0.0336 1230 550 1494 597
rail 0.0319 941 539 1108 571
rail 0.0274 1206 541 1730 650
rail 0.0155 1239 522 1456 557
rail 0.0154 1574 589 1916 717
rail 0.0128 1267 557 1543 620
rail 0.0094 1388 563 1618 617
rail 0.0078 1221 531 1397 568
rail 0.0072 909 519 1019 573
rail 0.0069 1409 563 1470 598
rail 0.0069 908 544 1082 588
rail 0.0067 1441 564 1567 598
rail 0.0066 1353 551 1510 594
rail 0.0065 1720 634 1920 744
rail 0.0062 14 592 698 764
rail 0.0046 1318 557 1445 594
rail 0.0045 1265 530 1562 586
rail 0.0043 1765 659 1919 730
rail 0.0039 1343 546 1463 586
rail 0.0034 255 556 905 663
rail 0.0033 74 531 1045 733
rail 0.0031 1486 565 1559 594
rail 0.0029 1652 574 1917 665
rail 0.0029 28 506 829 648
rail 0.0026 1571 547 1914 628
rail 0.0024 1212 530 1354 554
rail 0.0021 -1 598 536 706
rail 0.0021 1217 542 1405 590
rail 0.0018 1419 558 1447 587
rail 0.0018 1455 573 1630 628
rail 0.0017 1827 666 1919 742
rail 0.0016 977 532 1067 568
rail 0.0016 951 527 1036 570
rail 0.0015 1399 569 1650 657
rail 0.0015 1705 618 1915 694
rail 0.0014 951 491 1095 557
rail 0.0013 576 554 842 591
rail 0.0013 997 526 1082 561
rail 0.0013 1284 498 1432 605
rail 0.0013 925 524 1117 583
rail 0.0012 1828 645 1920 715
rail 0.0011 1787 678 1921 781
rail 0.0011 1491 537 1937 815
rail 0.0010 -5 613 319 729
rail 0.0010 344 582 841 820
rail 0.0010 1732 649 1897 708
rail 0.0010 976 548 1057 576
rail 0.0010 1272 553 1402 587
switch-indicator 0.1689 1433 568 1449 591
switch-indicator 0.0093 1106 524 1128 539
switch-unknown 0.0078 1470 574 1534 604
switch-unknown 0.0073 1341 562 1422 589
switch-unknown 0.0069 1481 569 1530 592
switch-unknown 0.0049 1457 570 1586 614
switch-unknown 0.0033 1370 576 1439 608
switch-unknown 0.0033 1360 548 1445 581
switch-unknown 0.0024 1433 573 1516 609
switch-unknown 0.0018 1333 539 1423 587
switch-unknown 0.0017 1420 589 1629 641
switch-unknown 0.0015 1480 602 1566 631
switch-unknown 0.0015 957 553 1031 580
switch-unknown 0.0011 1501 578 1580 618
switch-static 0.0925 838 706 917 743
switch-static 0.0100 944 614 981 634
switch-static 0.0063 1492 566 1553 591
switch-static 0.0011 943 619 981 649
switch-static 0.0011 958 606 998 628
switch-static 0.0010 944 595 994 630
track-sign-front 0.0963 551 568 566 592
track-sign-front 0.0425 1335 528 1352 542
track-sign-front 0.0179 550 564 564 581
track-sign-front 0.0118 1615 475 1630 530
track-sign-front 0.0044 1171 519 1209 546
track-sign-front 0.0024 1615 457 1632 506
track-sign-front 0.0023 549 547 565 598
track-sign-front 0.0022 1119 518 1160 548
track-sign-front 0.0021 1616 478 1633 565
track-sign-front 0.0013 549 563 585 604
track-sign-front 0.0012 1615 508 1630 574
track-sign-front 0.0011 545 566 570 597
track-signal-front 0.0816 1145 512 1167 534
track-signal-front 0.0713 1130 513 1162 536
track-signal-front 0.0580 1242 492 1254 509
track-signal-front 0.0555 1175 502 1204 539
track-signal-front 0.0542 1105 521 1131 538
track-signal-front 0.0318 1108 506 1135 540
track-signal-front 0.0255 1334 527 1354 542
track-signal-front 0.0145 1059 515 1127 544
track-signal-front 0.0121 921 471 957 573
track-signal-front 0.0021 1333 470 1373 564
track-signal-front 0.0021 933 466 954 521
track-signal-front 0.0017 1049 490 1132 551
track-signal-front 0.0013 1236 489 1254 519
track-signal-back 0.4453 869 435 889 480
track-signal-back 0.2674 745 438 760 486
track-signal-back 0.1899 1349 454 1362 475
track-signal-back 0.0370 1343 452 1355 474
track-signal-back 0.0331 866 436 892 511
track-signal-back 0.0302 863 434 882 483
track-signal-back 0.0280 1351 461 1365 483
track-signal-back 0.0052 739 432 763 495
track-signal-back 0.0050 1341 446 1356 481
track-signal-back 0.0025 905 449 951 572
track-signal-back 0.0013 1338 451 1374 479
track-signal-back 0.0012 1322 437 1364 502
track-signal-back 0.0011 1027 479 1043 517
pole 0.2580 550 368 568 620
pole 0.2017 867 428 885 589
pole 0.1224 1198 442 1210 563
pole 0.0569 1002 450 1018 566
pole 0.0502 1127 360 1143 561
pole 0.0376 870 509 885 572
pole 0.0285 870 439 900 575
pole 0.0260 1614 293 1631 581
pole 0.0219 741 463 753 586
pole 0.0164 807 492 826 584
pole 0.0149 857 452 880 590
pole 0.0130 912 458 956 578
pole 0.0112 998 465 1037 567
pole 0.0106 553 375 578 625
pole 0.0081 1185 495 1214 562
pole 0.0078 1655 284 1672 580
pole 0.0076 1129 376 1139 514
pole 0.0054 894 494 937 583
pole 0.0048 734 517 754 591
pole 0.0043 971 484 1026 566
pole 0.0022 1022 504 1088 550
pole 0.0021 1613 416 1630 563
pole 0.0020 1000 434 1013 556
pole 0.0019 1420 422 1431 548
pole 0.0019 551 418 564 569
pole 0.0016 0 0 63 836
pole 0.0015 1621 283 1659 578
pole 0.0014 532 362 584 622
pole 0.0014 856 437 929 580
pole 0.0014 735 460 766 596
pole 0.0014 1190 447 1220 562
pole 0.0014 1312 330 1330 529
pole 0.0012 1336 516 1386 557
pole 0.0012 1121 385 1158 575
pole 0.0011 827 493 889 601
rail-occluder 0.2429 1432 567 1450 591
rail-occluder 0.1288 806 542 821 582
rail-occluder 0.0919 551 570 566 602
rail-occluder 0.0532 918 517 960 572
rail-occluder 0.0268 1333 527 1349 543
rail-occluder 0.0152 1197 531 1210 548
rail-occluder 0.0077 872 534 886 594
rail-occluder 0.0076 1423 558 1447 586
rail-occluder 0.0058 1422 562 1460 597
rail-occluder 0.0049 803 540 830 580
rail-occluder 0.0046 1330 525 1352 550
rail-occluder 0.0043 871 524 890 572
rail-occluder 0.0039 1426 566 1498 596
rail-occluder 0.0035 1401 563 1475 605
rail-occluder 0.0032 554 580 587 610
rail-occluder 0.0030 1508 558 1563 587
rail-occluder 0.0027 544 569 573 606
rail-occluder 0.0026 914 518 1006 575
rail-occluder 0.0021 1357 570 1417 602
rail-occluder 0.0021 921 538 958 582
rail-occluder 0.0021 1488 564 1556 595
rail-occluder 0.0019 870 555 905 600
rail-occluder 0.0017 920 549 943 580
rail-occluder 0.0016 789 558 824 624
rail-occluder 0.0014 1516 553 1568 579
rail-occluder 0.0011 727 545 771 594
rail-occluder 0.0010 1103 520 1131 544
rail-occluder 0.0010 801 531 836 599
rail-occluder 0.0010 1198 527 1260 559
