crossing 0.0022 1802 694 1876 718
crossing 0.0019 1849 686 1919 723
crossing 0.0018 1824 688 1900 719
guard-rail 0.0049 978 498 1058 571
guard-rail 0.0048 812 554 897 593
guard-rail 0.0047 1002 517 1089 570
guard-rail 0.0033 957 502 1034 556
guard-rail 0.0025 793 558 856 594
guard-rail 0.0016 858 567 889 606
guard-rail 0.0015 932 499 1012 548
rail 0.9126 873 480 1924 1050
rail 0.9050 693 468 1068 1076
rail 0.6518 845 484 1151 590
rail 0.5226 811 481 955 585
rail 0.4453 695 463 882 1085
rail 0.3990 1007 506 1922 801
rail 0.3537 1284 554 1920 758
rail 0.1467 813 475 843 494
rail 0.1240 803 470 842 490
rail 0.1104 798 537 881 595
rail 0.0977 810 473 850 504
rail 0.0755 821 485 928 541
rail 0.0583 857 479 944 523
rail 0.0545 887 483 956 513
rail 0.0459 1483 630 1919 743
rail 0.0447 814 479 872 527
rail 0.0425 804 488 870 582
rail 0.0364 865 476 1055 544
rail 0.0350 878 477 935 502
rail 0.0327 847 495 933 562
rail 0.0319 896 481 946 504
rail 0.0277 835 510 1010 594
rail 0.0269 836 486 992 557
rail 0.0241 787 491 898 611
rail 0.0172 834 490 920 525
rail 0.0170 967 509 1111 579
rail 0.0160 826 479 918 510
rail 0.0118 1570 645 1906 715
rail 0.0118 899 492 1252 630
rail 0.0110 876 519 974 586
rail 0.0095 796 470 843 511
rail 0.0080 914 491 1081 578
rail 0.0071 910 478 960 508
rail 0.0035 1257 574 1882 899
rail 0.0035 1476 586 1919 699
rail 0.0032 882 499 953 538
rail 0.0031 1652 649 1919 751
rail 0.0030 814 423 874 501
rail 0.0028 779 442 843 499
rail 0.0027 783 459 837 489
rail 0.0025 814 451 872 488
rail 0.0022 1594 629 1921 817
rail 0.0020 1732 681 1899 738
rail 0.0016 1323 515 1887 674
rail 0.0016 915 472 1006 512
rail 0.0014 903 458 1155 558
rail 0.0013 1580 650 1800 697
rail 0.0013 1880 736 1920 891
rail 0.0013 1765 673 1920 833
rail 0.0013 1785 669 1918 749
rail 0.0012 744 467 820 492
rail 0.0011 1642 607 1927 696
rail 0.0011 1861 680 1920 820
rail 0.0011 1552 629 1874 690
rail 0.0011 1024 523 1242 610
rail 0.0010 877 545 1111 607
rail 0.0010 1310 564 1732 698
switch-indicator 0.7221 1202 776 1252 904
switch-indicator 0.0490 933 542 959 576
switch-indicator 0.0132 902 525 958 582
switch-indicator 0.0131 893 529 994 587
switch-indicator 0.0073 939 531 969 572
switch-indicator 0.0061 926 565 982 600
switch-indicator 0.0034 916 498 971 546
switch-indicator 0.0024 1199 752 1253 846
switch-indicator 0.0023 1175 774 1245 875
switch-indicator 0.0019 940 475 976 499
switch-indicator 0.0018 1124 809 1246 902
switch-indicator 0.0016 926 524 986 577
switch-left 0.3886 795 552 881 593
switch-left 0.1235 1107 577 1210 608
switch-left 0.0401 1084 562 1212 616
switch-left 0.0332 1001 531 1120 579
switch-left 0.0331 1021 549 1143 587
switch-left 0.0224 984 540 1169 602
switch-left 0.0095 1124 582 1249 621
switch-left 0.0027 1021 523 1098 565
switch-left 0.0024 756 560 857 604
switch-left 0.0022 1152 595 1251 624
switch-left 0.0014 1062 525 1257 629
switch-right 0.4320 798 551 881 593
switch-right 0.1766 1108 575 1213 614
switch-right 0.1053 1044 560 1172 600
switch-right 0.0262 1022 549 1141 588
switch-right 0.0257 1004 533 1117 579
switch-right 0.0138 1138 588 1265 622
switch-unknown 0.1645 900 486 948 505
switch-unknown 0.0992 812 477 848 498
switch-unknown 0.0983 908 490 958 508
switch-unknown 0.0471 882 478 934 500
switch-unknown 0.0452 809 467 840 486
switch-unknown 0.0398 911 481 959 501
switch-unknown 0.0329 814 486 862 513
switch-unknown 0.0212 873 485 936 510
switch-unknown 0.0040 925 491 990 518
switch-unknown 0.0040 900 452 937 494
switch-unknown 0.0010 919 454 967 490
switch-static 0.3962 736 562 781 595
switch-static 0.3787 1016 581 1081 607
switch-static 0.3252 905 576 957 599
switch-static 0.1156 1132 862 1188 902
switch-static 0.0749 1020 573 1113 605
switch-static 0.0507 1883 842 1919 869
switch-static 0.0233 1022 558 1145 599
switch-static 0.0176 877 568 935 599
switch-static 0.0159 919 579 993 604
switch-static 0.0114 1573 677 1660 714
switch-static 0.0106 927 567 982 601
switch-static 0.0076 744 553 801 588
switch-static 0.0074 798 474 843 504
switch-static 0.0068 953 585 1027 608
switch-static 0.0064 899 560 968 599
switch-static 0.0059 1016 590 1072 614
switch-static 0.0052 722 569 776 604
switch-static 0.0049 1590 689 1658 719
switch-static 0.0039 1172 767 1268 898
switch-static 0.0039 1559 670 1650 705
switch-static 0.0033 1881 832 1920 893
switch-static 0.0027 1560 603 1590 626
switch-static 0.0026 998 571 1068 608
switch-static 0.0024 954 559 1107 608
switch-static 0.0022 745 467 809 493
switch-static 0.0021 1117 846 1193 906
switch-static 0.0015 1093 889 1164 937
switch-static 0.0010 1188 591 1255 616
switch-static 0.0010 1121 866 1198 920
switch-static 0.0010 1099 900 1149 947
track-sign-front 0.5551 341 658 393 712
track-sign-front 0.0407 344 654 390 687
track-sign-front 0.0109 338 678 395 735
track-sign-front 0.0050 1137 674 1160 709
track-sign-front 0.0044 745 480 764 497
track-sign-front 0.0040 742 472 774 494
track-sign-front 0.0039 1199 856 1251 896
track-sign-front 0.0020 1004 480 1027 504
track-sign-front 0.0019 727 439 744 468
track-sign-front 0.0019 735 455 755 490
track-sign-front 0.0015 726 439 768 495
track-sign-front 0.0011 1101 905 1146 943
track-sign-front 0.0011 316 655 388 735
track-signal-back 0.2102 805 402 815 425
track-signal-back 0.0665 806 396 816 414
track-signal-back 0.0389 857 403 867 431
track-signal-back 0.0285 863 390 883 435
track-signal-back 0.0279 864 393 883 473
track-signal-back 0.0206 870 393 881 413
track-signal-back 0.0183 803 402 817 434
track-signal-back 0.0176 802 406 822 446
track-signal-back 0.0137 853 401 870 456
track-signal-back 0.0107 920 405 936 427
track-signal-back 0.0099 770 406 785 446
track-signal-back 0.0069 867 390 897 428
track-signal-back 0.0029 905 397 940 455
track-signal-back 0.0028 855 392 867 412
track-signal-back 0.0026 809 394 823 411
track-signal-back 0.0015 865 389 897 478
track-signal-back 0.0015 760 357 780 410
track-signal-back 0.0012 917 390 933 414
track-signal-back 0.0011 755 351 774 406
track-signal-back 0.0010 756 410 782 451
track-signal-back 0.0010 758 380 779 439
track-signal-back 0.0010 922 404 952 446
pole 0.0157 865 399 884 493
