rail 0.9656 977 545 1921 1075
rail 0.9615 903 541 1179 1077
switch-indicator 0.0756 335 948 396 1078
switch-indicator 0.0010 1184 590 1197 618
switch-static 0.0012 318 940 457 1072
track-sign-front 0.8575 569 633 632 839
track-sign-front 0.8173 1741 611 1789 785
track-sign-front 0.3356 894 548 907 582
track-sign-front 0.2960 1101 542 1115 580
track-sign-front 0.0820 928 508 941 528
track-sign-front 0.0137 1100 530 1114 568
track-sign-front 0.0040 893 500 909 590
track-sign-front 0.0035 1896 452 1919 484
track-sign-front 0.0033 1096 539 1121 582
track-sign-front 0.0032 891 540 903 579
track-sign-front 0.0029 1095 521 1112 557
track-sign-front 0.0020 1759 603 1824 792
track-sign-front 0.0019 888 546 915 585
track-sign-front 0.0019 972 514 998 532
track-sign-front 0.0012 1101 534 1134 578
track-sign-front 0.0010 868 382 883 406
track-sign-front 0.0010 1023 514 1047 541
track-signal-front 0.0029 984 514 999 529
track-signal-front 0.0024 929 505 944 529
