rail 0.9677 210 493 928 1077
rail 0.9511 895 491 1315 1076
rail 0.0015 1851 713 1920 1078
track-sign-front 0.1715 996 494 1008 508
track-sign-front 0.0597 1315 559 1343 662
track-sign-front 0.0576 860 492 874 518
track-sign-front 0.0144 1321 533 1346 619
track-sign-front 0.0137 1313 595 1341 649
track-sign-front 0.0133 991 498 1004 517
track-sign-front 0.0116 1003 494 1015 505
track-sign-front 0.0102 858 467 875 517
track-sign-front 0.0093 992 490 1009 512
track-sign-front 0.0061 966 440 984 490
track-sign-front 0.0057 856 493 873 535
track-sign-front 0.0047 977 479 999 523
track-sign-front 0.0046 1325 530 1347 577
track-sign-front 0.0039 841 431 876 522
track-sign-front 0.0032 1051 484 1066 520
track-sign-front 0.0019 1030 482 1063 520
track-sign-front 0.0016 1049 463 1067 499
track-sign-front 0.0013 817 446 847 506
track-sign-front 0.0012 1320 501 1348 577
track-sign-front 0.0011 861 473 904 525
track-sign-front 0.0011 1308 535 1352 657
track-signal-front 0.0593 968 442 982 461
track-signal-front 0.0025 1890 0 1920 113
track-signal-front 0.0010 968 433 987 452
track-signal-back 0.0040 1893 0 1920 134
pole 0.0090 893 417 912 510
pole 0.0038 858 464 876 518
pole 0.0025 845 419 868 514
pole 0.0017 886 426 907 518
pole 0.0015 847 409 885 514
