crossing 0.0050 1039 707 1068 727
crossing 0.0023 984 715 1045 744
crossing 0.0012 1014 726 1069 754
guard-rail 0.0238 1012 859 1030 909
guard-rail 0.0179 1016 851 1038 888
guard-rail 0.0170 962 879 978 922
guard-rail 0.0138 998 764 1040 1048
guard-rail 0.0112 1001 778 1074 826
guard-rail 0.0097 702 836 747 881
guard-rail 0.0091 929 849 1001 954
guard-rail 0.0083 712 836 745 866
guard-rail 0.0060 1024 818 1056 858
guard-rail 0.0054 1010 866 1033 935
guard-rail 0.0054 692 876 714 939
guard-rail 0.0048 695 760 754 814
guard-rail 0.0044 962 857 1034 921
guard-rail 0.0044 690 844 727 916
guard-rail 0.0043 672 817 780 884
guard-rail 0.0041 665 836 753 888
guard-rail 0.0039 610 801 744 1021
guard-rail 0.0038 674 839 738 925
guard-rail 0.0036 683 864 715 957
guard-rail 0.0034 1003 822 1049 855
guard-rail 0.0034 723 760 779 811
guard-rail 0.0033 594 782 694 876
guard-rail 0.0029 702 774 749 838
guard-rail 0.0026 720 736 783 799
guard-rail 0.0026 666 754 746 833
guard-rail 0.0025 693 744 763 795
guard-rail 0.0024 645 740 798 840
guard-rail 0.0022 967 784 1030 828
guard-rail 0.0020 965 760 1034 809
guard-rail 0.0019 1039 811 1068 847
guard-rail 0.0018 658 879 713 935
guard-rail 0.0016 904 813 1025 991
guard-rail 0.0016 743 755 795 814
guard-rail 0.0016 698 850 747 903
guard-rail 0.0015 1029 776 1084 841
guard-rail 0.0015 924 876 982 938
guard-rail 0.0014 996 1000 1019 1071
guard-rail 0.0013 609 769 697 830
guard-rail 0.0013 987 972 1012 1060
guard-rail 0.0012 1001 939 1025 1032
guard-rail 0.0012 636 759 724 868
guard-rail 0.0012 1006 849 1044 893
guard-rail 0.0010 986 939 1014 1040
guard-rail 0.0010 1003 856 1037 915
guard-rail 0.0010 583 890 605 981
rail 0.9089 827 722 1073 1077
rail 0.7203 553 708 901 1077
rail 0.4438 877 717 1053 763
rail 0.4286 588 713 873 873
rail 0.2159 864 720 982 757
rail 0.1847 566 726 719 981
rail 0.1541 584 814 697 887
rail 0.0748 870 726 930 757
rail 0.0407 579 736 784 911
rail 0.0393 838 722 917 751
rail 0.0366 784 717 930 754
rail 0.0263 915 728 1075 799
rail 0.0224 711 714 940 763
rail 0.0198 922 721 1013 759
rail 0.0164 885 730 1019 772
rail 0.0120 914 782 1011 1034
rail 0.0116 551 874 754 1078
rail 0.0104 923 762 1060 1089
rail 0.0096 651 710 893 817
rail 0.0094 992 757 1080 813
rail 0.0092 623 773 1041 1077
rail 0.0092 577 777 720 878
rail 0.0074 631 733 788 823
rail 0.0064 1007 752 1104 829
rail 0.0063 836 866 1017 1039
rail 0.0061 813 712 894 749
rail 0.0056 578 728 744 847
rail 0.0053 745 694 943 751
rail 0.0051 622 792 794 894
rail 0.0048 620 680 967 783
rail 0.0043 586 775 686 838
rail 0.0041 986 766 1056 1079
rail 0.0036 954 759 1043 812
rail 0.0035 841 699 1091 818
rail 0.0033 862 737 964 767
rail 0.0032 964 722 1055 759
rail 0.0030 650 729 767 774
rail 0.0026 634 720 827 786
rail 0.0026 744 711 874 751
rail 0.0026 950 725 1025 795
rail 0.0025 696 727 805 815
rail 0.0024 753 719 843 757
rail 0.0020 532 511 930 1012
rail 0.0020 926 749 1023 807
rail 0.0017 699 723 959 1037
rail 0.0016 967 727 1106 851
rail 0.0016 1039 757 1181 837
rail 0.0014 725 724 925 786
rail 0.0013 832 702 949 762
rail 0.0013 456 838 699 1079
rail 0.0012 848 723 995 960
rail 0.0011 974 708 1090 1046
rail 0.0011 861 728 1048 883
rail 0.0010 708 723 805 777
rail 0.0010 931 701 1073 756
switch-indicator 0.0033 759 851 792 891
switch-left 0.2289 583 822 696 886
switch-left 0.0196 870 735 927 763
switch-left 0.0074 569 831 728 916
switch-left 0.0026 840 916 1016 1050
switch-right 0.2892 583 819 694 880
switch-right 0.0500 872 737 926 760
switch-right 0.0174 995 774 1075 813
switch-right 0.0034 980 740 1053 811
switch-right 0.0015 861 766 938 800
switch-right 0.0012 981 784 1061 819
switch-unknown 0.2069 871 728 928 756
switch-unknown 0.0427 883 720 957 754
switch-unknown 0.0395 844 722 918 750
switch-unknown 0.0143 910 712 980 757
switch-unknown 0.0129 865 741 920 764
switch-unknown 0.0047 952 712 1027 750
switch-unknown 0.0029 769 719 830 758
switch-unknown 0.0025 980 723 1049 755
switch-unknown 0.0024 748 726 814 761
switch-unknown 0.0020 741 735 804 786
switch-static 0.0127 763 851 790 882
switch-static 0.0079 743 843 788 884
switch-static 0.0069 925 733 1009 779
switch-static 0.0067 917 735 981 769
switch-static 0.0054 755 843 798 872
switch-static 0.0051 715 836 780 867
switch-static 0.0033 705 825 790 875
switch-static 0.0028 939 755 1002 799
switch-static 0.0012 751 851 800 892
switch-static 0.0011 935 761 974 796
track-sign-front 0.0249 1049 701 1069 719
track-sign-front 0.0081 532 794 561 820
track-sign-front 0.0029 536 790 576 815
track-sign-front 0.0022 1103 678 1128 712
track-sign-front 0.0019 1115 683 1132 709
track-sign-front 0.0012 1052 693 1075 724
track-sign-front 0.0011 1063 662 1112 727
track-signal-front 0.0034 632 591 653 623
track-signal-back 0.1254 1002 644 1013 665
track-signal-back 0.1229 954 616 969 673
track-signal-back 0.0765 717 592 734 648
track-signal-back 0.0140 1001 637 1014 673
track-signal-back 0.0131 813 522 840 554
track-signal-back 0.0043 711 583 738 656
track-signal-back 0.0030 714 560 737 625
track-signal-back 0.0025 633 587 658 622
track-signal-back 0.0016 704 555 735 673
track-signal-back 0.0014 949 570 975 717
track-signal-back 0.0011 971 600 1010 672
pole 0.6394 815 516 844 772
pole 0.1545 772 548 789 767
pole 0.1390 956 634 967 752
pole 0.1050 952 586 970 744
pole 0.0891 825 529 862 765
pole 0.0611 805 545 829 776
pole 0.0561 839 549 867 745
pole 0.0407 773 601 786 738
pole 0.0326 1072 554 1099 757
pole 0.0168 948 551 976 764
pole 0.0117 1001 639 1014 689
pole 0.0105 775 570 787 704
pole 0.0090 938 702 997 754
pole 0.0089 764 556 784 775
pole 0.0080 835 598 856 771
pole 0.0074 911 607 931 737
pole 0.0072 1001 636 1021 741
pole 0.0053 806 646 860 777
pole 0.0049 844 608 873 734
pole 0.0046 801 494 854 776
pole 0.0044 739 639 860 808
pole 0.0041 810 580 834 731
pole 0.0038 746 522 790 785
pole 0.0035 805 698 851 749
pole 0.0035 905 636 941 749
pole 0.0031 892 614 919 730
pole 0.0026 551 190 668 1056
pole 0.0026 955 561 973 674
pole 0.0025 798 620 831 758
pole 0.0023 884 638 925 746
pole 0.0022 491 241 598 1073
pole 0.0022 527 281 761 1033
pole 0.0022 581 358 643 945
pole 0.0021 970 625 1019 752
pole 0.0020 597 335 677 897
pole 0.0019 789 692 832 764
pole 0.0018 622 422 763 967
pole 0.0018 828 563 856 714
pole 0.0017 1061 519 1094 750
pole 0.0017 1062 555 1107 811
pole 0.0015 1163 82 1248 1030
pole 0.0015 932 635 993 752
pole 0.0014 764 525 799 755
pole 0.0014 917 573 937 742
pole 0.0013 397 344 521 1077
pole 0.0013 662 409 739 907
pole 0.0012 511 365 583 945
pole 0.0012 914 559 990 768
pole 0.0011 446 330 562 1077
pole 0.0011 676 584 831 873
pole 0.0010 757 703 809 760
pole 0.0010 847 641 896 745
pole 0.0010 448 -31 792 1055
rail-occluder 0.0096 819 719 894 754
rail-occluder 0.0053 829 710 875 747
rail-occluder 0.0049 804 715 853 755
