crossing 0.0030 1109 582 1161 604
crossing 0.0010 1127 582 1179 603
rail 0.8964 933 587 1181 1078
rail 0.8964 1171 594 1901 1077
rail 0.0015 -2 845 345 1073
rail 0.0013 1394 658 1637 1023
rail 0.0012 1161 587 1595 927
rail 0.0011 362 692 832 1082
track-sign-front 0.1094 1808 62 1858 109
track-sign-front 0.0139 1372 105 1416 127
track-sign-front 0.0035 1199 533 1211 555
track-sign-front 0.0017 1816 53 1904 112
track-sign-front 0.0014 1200 527 1213 563
track-sign-front 0.0011 1228 558 1251 578
car 0.0069 1067 553 1111 586
car 0.0012 1073 554 1145 589
car 0.0011 362 727 834 1047
person 0.0068 688 509 716 586
person 0.0032 1890 578 1920 679
person 0.0027 698 523 724 579
pole 0.0011 1751 544 1862 1081
rail-occluder 0.0042 1900 908 1919 1077
