guard-rail 0.0054 1271 537 1342 568
guard-rail 0.0024 1816 583 1912 619
guard-rail 0.0017 1265 516 1317 558
guard-rail 0.0015 1884 579 1921 629
guard-rail 0.0015 1817 594 1912 636
guard-rail 0.0014 1791 578 1885 614
train-car 0.6611 1186 464 1241 511
train-car 0.1424 1470 477 1926 523
train-car 0.1143 1777 455 1923 516
train-car 0.0697 1478 444 1599 502
train-car 0.0519 1581 444 1894 518
train-car 0.0514 1627 489 1923 544
train-car 0.0403 1182 481 1240 538
train-car 0.0354 1686 434 1918 540
train-car 0.0287 1394 452 1803 514
train-car 0.0248 1688 480 1929 527
train-car 0.0232 1122 481 1207 510
train-car 0.0225 1180 439 1248 548
train-car 0.0188 1173 464 1300 502
train-car 0.0158 1547 464 1797 508
train-car 0.0143 1545 440 1584 505
train-car 0.0128 1901 475 1919 523
train-car 0.0125 1884 480 1920 523
train-car 0.0117 1191 476 1372 511
train-car 0.0104 1528 423 1655 528
train-car 0.0079 1477 405 1916 597
train-car 0.0078 1190 465 1275 529
train-car 0.0067 1680 447 1764 513
train-car 0.0062 1876 459 1918 531
train-car 0.0061 1206 415 1244 538
train-car 0.0054 1466 450 1542 507
train-car 0.0051 1538 428 1605 510
train-car 0.0049 1496 437 1740 521
train-car 0.0047 1839 451 1908 523
train-car 0.0036 1758 453 1853 516
train-car 0.0034 1343 454 1456 503
train-car 0.0032 1697 378 1831 531
train-car 0.0029 1287 469 1425 508
train-car 0.0026 1795 425 1923 543
train-car 0.0023 1577 474 1847 573
train-car 0.0020 1556 412 1620 535
train-car 0.0020 1658 432 1690 510
train-car 0.0018 1468 383 1611 563
train-car 0.0015 1417 427 1705 561
train-car 0.0012 1174 445 1225 500
train-car 0.0012 1278 480 1541 533
train-car 0.0011 1472 421 1532 522
train-car 0.0011 1162 400 1263 581
train-car 0.0010 1161 475 1273 561
train-car 0.0010 1519 449 1703 584
platform 0.1662 1170 473 1239 519
platform 0.1564 1237 490 1374 515
platform 0.0677 1116 483 1191 509
platform 0.0528 1219 484 1414 522
platform 0.0385 1247 496 1362 535
platform 0.0212 1239 479 1412 507
platform 0.0185 1197 478 1296 530
platform 0.0078 1169 492 1234 536
platform 0.0078 1228 490 1294 539
platform 0.0061 1295 484 1454 523
platform 0.0054 1230 449 1499 518
platform 0.0025 1257 472 1356 513
platform 0.0024 1236 458 1325 522
rail 0.9225 1035 491 1471 1079
rail 0.8892 1239 504 1917 987
rail 0.8211 1413 505 1918 648
rail 0.7219 1078 765 1433 1078
rail 0.3546 1455 490 1928 569
rail 0.2467 1012 664 1400 971
rail 0.1611 1533 513 1923 591
rail 0.0917 1587 502 1948 556
rail 0.0747 1686 506 1929 545
rail 0.0505 1686 524 1926 570
rail 0.0276 1249 762 1464 1076
rail 0.0218 1070 786 1095 1089
rail 0.0200 1691 542 1925 599
rail 0.0106 1588 536 1916 623
rail 0.0104 1343 478 1928 740
rail 0.0092 1749 568 1918 619
rail 0.0091 1153 668 1554 1059
rail 0.0084 1617 478 1945 535
rail 0.0073 1784 550 1922 601
rail 0.0047 1057 756 1313 976
rail 0.0045 1040 580 1281 1026
rail 0.0041 1805 592 1915 638
rail 0.0037 1839 580 1918 629
rail 0.0032 1848 597 1922 640
rail 0.0032 1087 782 1125 1088
rail 0.0031 1840 522 1919 610
rail 0.0031 1722 516 1923 627
rail 0.0029 1359 488 1493 518
rail 0.0027 1059 818 1089 1079
rail 0.0024 1390 497 1564 544
rail 0.0024 1890 508 1921 588
rail 0.0021 1842 496 1924 547
rail 0.0020 1085 757 1420 896
rail 0.0016 1379 482 1518 528
rail 0.0016 1768 564 1920 695
rail 0.0016 1883 574 1920 634
rail 0.0015 1043 515 1155 1082
rail 0.0015 1437 467 1656 520
rail 0.0014 1481 498 1804 551
rail 0.0013 1803 502 1906 543
rail 0.0013 1885 539 1920 613
rail 0.0013 1427 498 1661 546
rail 0.0012 1342 481 1583 536
rail 0.0012 1381 634 1906 1078
rail 0.0011 1799 602 1918 674
rail 0.0011 1350 499 1498 536
rail 0.0011 1718 581 1908 652
rail 0.0011 1829 544 1920 670
switch-indicator 0.0602 957 663 994 714
switch-left 0.2463 1075 750 1335 915
switch-left 0.0153 1066 749 1295 848
switch-left 0.0095 1062 711 1438 996
switch-right 0.2469 1075 750 1335 919
switch-right 0.0118 1073 740 1304 832
switch-right 0.0029 1077 716 1301 795
switch-unknown 0.0011 1304 571 1354 598
switch-static 0.6119 807 747 943 833
switch-static 0.3556 1339 742 1464 821
switch-static 0.0356 1290 742 1423 818
switch-static 0.0273 957 664 995 712
switch-static 0.0151 1362 740 1433 790
switch-static 0.0082 808 696 917 806
switch-static 0.0080 1304 756 1462 849
switch-static 0.0064 1370 765 1466 835
switch-static 0.0059 1299 756 1383 813
switch-static 0.0048 787 739 1084 837
switch-static 0.0029 800 753 913 877
switch-static 0.0024 860 751 955 825
switch-static 0.0021 781 696 957 904
switch-static 0.0017 1316 763 1393 843
switch-static 0.0016 1301 714 1551 832
switch-static 0.0012 813 662 861 800
switch-static 0.0012 1288 744 1347 791
switch-static 0.0010 803 680 1013 824
track-sign-front 0.5842 820 671 855 725
track-sign-front 0.2124 1657 467 1687 493
track-sign-front 0.0221 1076 506 1090 525
track-sign-front 0.0158 1121 484 1169 511
track-sign-front 0.0086 1642 461 1683 497
track-sign-front 0.0081 1331 582 1352 603
track-sign-front 0.0073 1069 507 1091 538
track-sign-front 0.0049 1058 490 1092 526
track-sign-front 0.0043 1567 459 1755 499
track-sign-front 0.0041 1657 445 1691 499
track-sign-front 0.0020 1030 490 1058 530
track-sign-front 0.0017 811 660 858 751
track-signal-back 0.7325 1229 367 1253 418
track-signal-back 0.4020 1773 362 1791 415
track-signal-back 0.2476 1453 393 1466 424
track-signal-back 0.2177 1574 397 1586 426
track-signal-back 0.0584 1778 362 1798 411
track-signal-back 0.0447 1451 383 1468 474
track-signal-back 0.0372 1570 393 1587 440
track-signal-back 0.0285 1450 384 1462 428
track-signal-back 0.0281 1205 426 1226 449
track-signal-back 0.0193 1565 388 1601 435
track-signal-back 0.0137 1224 408 1250 450
track-signal-back 0.0121 1766 359 1789 444
track-signal-back 0.0078 1240 336 1270 359
track-signal-back 0.0076 1449 359 1463 453
track-signal-back 0.0061 1472 256 1499 544
track-signal-back 0.0054 1225 338 1259 361
track-signal-back 0.0046 1468 371 1496 429
track-signal-back 0.0029 1444 390 1485 433
track-signal-back 0.0025 1571 350 1587 462
track-signal-back 0.0024 1195 418 1235 458
track-signal-back 0.0021 1230 376 1252 476
track-signal-back 0.0020 1186 431 1217 454
track-signal-back 0.0018 1084 365 1108 416
track-signal-back 0.0018 1240 362 1288 417
track-signal-back 0.0016 1125 424 1146 452
track-signal-back 0.0015 1228 337 1267 382
track-signal-back 0.0014 1776 359 1805 455
track-signal-back 0.0013 1200 361 1263 424
track-signal-back 0.0011 1272 387 1297 481
pole 0.6841 1496 231 1516 573
pole 0.5879 1656 179 1685 612
pole 0.4563 1388 310 1403 527
pole 0.4394 1355 296 1374 530
pole 0.3677 1365 293 1389 527
pole 0.3423 1601 170 1627 603
pole 0.2723 1442 358 1459 545
pole 0.1158 1604 263 1619 594
pole 0.0862 1727 390 1742 520
pole 0.0776 1758 385 1773 528
pole 0.0705 1768 350 1795 529
pole 0.0559 1449 325 1469 529
pole 0.0514 1374 299 1405 535
pole 0.0509 1496 281 1538 558
pole 0.0356 1583 280 1620 595
pole 0.0334 1649 380 1695 599
pole 0.0329 1334 340 1352 517
pole 0.0329 1721 368 1740 557
pole 0.0282 1715 430 1758 523
pole 0.0277 1760 343 1784 538
pole 0.0267 1561 422 1587 513
pole 0.0259 1567 309 1603 522
pole 0.0233 1764 449 1777 545
pole 0.0186 1421 323 1453 536
pole 0.0150 1349 375 1372 521
pole 0.0140 1694 381 1861 532
pole 0.0138 1336 304 1359 528
pole 0.0125 1575 173 1654 605
pole 0.0122 1639 182 1696 618
pole 0.0118 1647 400 1745 583
pole 0.0089 1791 400 1815 526
pole 0.0083 1548 166 1619 596
pole 0.0082 1472 247 1553 569
pole 0.0079 1459 411 1880 586
pole 0.0075 1320 385 1349 519
pole 0.0069 1785 358 1806 521
pole 0.0063 1510 429 1586 508
pole 0.0058 1385 432 1413 516
pole 0.0057 1659 392 1688 549
pole 0.0057 1687 444 1756 513
pole 0.0056 1572 372 1625 499
pole 0.0056 1765 448 1793 550
pole 0.0054 1603 365 1619 503
pole 0.0045 1434 401 1464 526
pole 0.0043 1484 381 1517 559
pole 0.0043 1503 221 1521 530
pole 0.0041 1598 395 1622 527
pole 0.0040 1786 452 1823 515
pole 0.0038 1436 404 1491 549
pole 0.0038 1337 449 1381 518
pole 0.0038 1353 326 1369 474
pole 0.0036 1743 352 1799 535
pole 0.0035 1382 354 1413 529
pole 0.0033 1497 355 1525 505
pole 0.0033 1352 423 1413 529
pole 0.0032 1850 393 1906 527
pole 0.0031 1323 378 1415 568
pole 0.0029 1725 371 1740 480
pole 0.0029 1488 355 1514 504
pole 0.0029 1485 409 1562 529
pole 0.0027 1721 278 1733 551
pole 0.0025 1479 420 1514 521
pole 0.0025 1605 164 1620 488
pole 0.0024 1347 291 1409 540
pole 0.0024 1897 371 1918 539
pole 0.0024 1284 398 1331 519
pole 0.0023 1515 230 1541 540
pole 0.0022 1406 413 1469 536
pole 0.0022 1591 399 1643 553
pole 0.0021 1497 325 1513 475
pole 0.0019 1624 226 1678 582
pole 0.0019 1472 448 1526 551
pole 0.0017 1554 452 1591 532
pole 0.0016 1262 405 1300 525
pole 0.0016 1661 372 1683 502
pole 0.0014 1562 421 1615 527
pole 0.0013 1325 308 1381 522
pole 0.0011 1273 365 1296 496
pole 0.0011 1702 447 1770 539
pole 0.0011 1760 362 1831 521
pole 0.0010 1281 466 1375 512
pole 0.0010 1855 368 1881 522
pole 0.0010 1504 323 1520 472
rail-occluder 0.0562 1899 481 1918 527
rail-occluder 0.0070 1598 509 1618 601
rail-occluder 0.0059 1656 465 1688 505
rail-occluder 0.0047 1763 502 1794 548
rail-occluder 0.0034 1661 462 1702 523
rail-occluder 0.0017 1598 497 1625 570
rail-occluder 0.0016 1583 490 1621 564
rail-occluder 0.0014 1384 504 1414 536
rail-occluder 0.0013 1741 503 1819 549
rail-occluder 0.0012 1489 495 1537 552
rail-occluder 0.0012 1486 510 1518 588
rail-occluder 0.0011 1487 459 1541 529
