crossing 0.0175 1001 607 1045 625
crossing 0.0098 924 606 956 627
crossing 0.0029 1012 593 1065 628
crossing 0.0024 981 595 1021 628
platform 0.9463 3 593 917 1077
platform 0.8294 1060 605 1911 919
rail 0.9602 749 575 1030 1076
rail 0.9528 970 597 1816 1074
rail 0.0056 923 572 974 622
rail 0.0031 988 599 1045 625
rail 0.0028 910 571 952 620
rail 0.0018 -11 630 826 1078
rail 0.0013 946 577 993 616
rail 0.0013 1008 603 1064 628
rail 0.0012 911 603 952 634
rail 0.0010 967 574 1004 623
track-sign-front 0.7663 518 512 581 581
track-sign-front 0.0156 1074 550 1092 573
track-sign-front 0.0098 223 136 288 233
track-sign-front 0.0080 1101 568 1113 585
track-sign-front 0.0069 862 549 893 579
track-sign-front 0.0055 873 545 894 574
track-sign-front 0.0047 1395 600 1414 625
track-sign-front 0.0025 1048 559 1070 606
track-sign-front 0.0024 1096 570 1118 614
track-sign-front 0.0023 1055 539 1090 618
track-sign-front 0.0017 1097 560 1116 582
track-sign-front 0.0016 926 550 977 620
track-sign-front 0.0016 1061 549 1118 600
track-sign-front 0.0015 1066 518 1092 600
track-sign-front 0.0014 854 564 875 584
track-sign-front 0.0013 874 552 921 597
track-sign-front 0.0012 662 76 698 94
track-sign-front 0.0011 219 114 279 203
track-sign-front 0.0011 1067 551 1110 640
track-sign-front 0.0010 901 554 948 615
track-signal-front 0.6895 969 494 986 528
track-signal-front 0.4969 1072 490 1091 528
track-signal-front 0.0219 969 492 985 513
track-signal-front 0.0090 1076 491 1108 528
track-signal-front 0.0011 964 488 988 539
pole 0.0445 977 521 990 633
pole 0.0198 956 525 994 636
pole 0.0132 975 563 993 626
pole 0.0116 969 518 987 603
pole 0.0019 18 26 258 975
pole 0.0012 177 189 257 1026
pole 0.0011 114 78 305 933
rail-occluder 0.0044 955 569 987 620
