crossing 0.7958 1005 635 1139 708
crossing 0.7885 661 608 852 682
crossing 0.0036 749 607 855 667
crossing 0.0033 901 580 1227 786
crossing 0.0028 657 588 864 755
crossing 0.0022 627 523 875 718
crossing 0.0021 640 605 791 667
crossing 0.0016 703 609 816 670
crossing 0.0015 842 428 1343 843
crossing 0.0013 987 631 1076 704
crossing 0.0010 479 401 971 817
guard-rail 0.0011 7 1004 102 1074
train-car 0.0082 1845 545 1918 622
train-car 0.0080 1842 554 1921 698
rail 0.9654 -7 491 923 1077
rail 0.9619 896 493 1335 1076
rail 0.0956 1754 590 1917 736
rail 0.0257 1832 593 1922 736
rail 0.0157 1724 579 1898 671
rail 0.0054 1793 581 1925 685
rail 0.0053 1742 583 1872 636
rail 0.0052 1883 601 1920 738
rail 0.0031 1787 599 1882 702
rail 0.0024 1718 596 1918 831
rail 0.0022 1766 598 1851 641
rail 0.0015 1847 588 1920 667
rail 0.0014 1752 588 1824 623
rail 0.0012 1650 578 1896 711
rail 0.0012 1862 609 1920 882
rail 0.0011 1769 606 1855 727
track-sign-front 0.8623 1490 746 1552 827
track-sign-front 0.8589 231 664 298 746
track-sign-front 0.6444 690 532 715 565
track-sign-front 0.5784 1204 581 1226 608
track-sign-front 0.0404 848 493 862 536
track-sign-front 0.0287 1430 806 1466 840
track-sign-front 0.0257 862 426 876 458
track-sign-front 0.0227 849 466 870 535
track-sign-front 0.0205 996 446 1010 490
track-sign-front 0.0192 1057 534 1069 550
track-sign-front 0.0104 997 476 1007 507
track-sign-front 0.0050 1436 801 1475 832
track-sign-front 0.0046 226 651 296 817
track-sign-front 0.0045 839 431 877 540
track-sign-front 0.0038 840 428 882 477
track-sign-front 0.0028 680 528 731 568
track-sign-front 0.0027 1053 530 1068 546
track-sign-front 0.0023 837 438 853 469
track-sign-front 0.0021 1204 571 1229 621
track-sign-front 0.0018 330 318 411 356
track-sign-front 0.0016 835 505 855 538
track-sign-front 0.0016 1416 804 1463 862
track-sign-front 0.0015 0 369 17 461
track-sign-front 0.0012 1207 588 1228 650
track-sign-front 0.0011 1438 810 1494 874
track-sign-front 0.0011 831 473 856 533
track-sign-front 0.0010 1448 828 1510 892
track-sign-front 0.0010 1063 429 1083 452
track-sign-front 0.0010 1055 530 1071 555
track-signal-front 0.0027 0 204 21 242
track-signal-front 0.0015 1732 505 1790 570
track-signal-back 0.1572 998 440 1012 463
track-signal-back 0.0573 864 422 878 447
track-signal-back 0.0240 866 415 881 440
track-signal-back 0.0106 990 407 1005 431
track-signal-back 0.0055 865 407 897 445
track-signal-back 0.0035 991 399 1013 426
track-signal-back 0.0024 888 403 911 430
track-signal-back 0.0019 991 435 1017 462
track-signal-back 0.0012 990 388 1006 416
person 0.0053 1731 493 1789 600
person 0.0012 1733 510 1772 629
pole 0.0208 858 421 875 530
pole 0.0081 849 462 868 537
pole 0.0048 860 422 877 464
pole 0.0046 331 358 359 602
pole 0.0015 1843 445 1886 675
pole 0.0014 847 422 875 553
