crossing 0.8504 1172 683 1299 763
crossing 0.0131 1063 582 1404 982
crossing 0.0038 1119 626 1339 802
crossing 0.0030 1163 734 1299 776
crossing 0.0015 1215 689 1321 774
crossing 0.0010 958 516 1460 904
guard-rail 0.0015 1283 683 1309 766
rail 0.9376 1123 582 1466 1075
track-sign-front 0.1476 1465 539 1479 554
track-sign-front 0.0907 1465 540 1479 581
track-sign-front 0.0416 1320 541 1331 561
track-sign-front 0.0140 1320 547 1333 570
track-sign-front 0.0099 1886 671 1918 784
track-sign-front 0.0054 1413 558 1439 622
track-sign-front 0.0038 1413 557 1432 599
track-sign-front 0.0034 1511 476 1523 501
track-sign-front 0.0019 1321 547 1348 570
track-sign-front 0.0015 1854 582 1918 644
track-sign-front 0.0010 1666 307 1697 332
track-signal-front 0.0049 1510 461 1525 530
person 0.1298 1004 589 1042 677
person 0.0256 998 595 1031 648
person 0.0052 1017 590 1054 671
person 0.0039 1023 594 1045 643
person 0.0019 992 599 1032 681
pole 0.3572 1412 254 1436 665
pole 0.1918 1515 -8 1569 826
pole 0.1349 1460 360 1477 606
pole 0.0629 1446 327 1474 635
pole 0.0189 1416 251 1431 593
pole 0.0173 1464 532 1480 562
pole 0.0117 1463 432 1478 579
pole 0.0085 1410 474 1440 667
pole 0.0076 1510 463 1526 589
pole 0.0058 1501 147 1544 756
pole 0.0047 1415 595 1441 668
pole 0.0045 1396 257 1448 668
pole 0.0043 1502 363 1526 609
pole 0.0039 1483 385 1522 628
pole 0.0034 1455 389 1486 609
pole 0.0034 1428 269 1466 612
pole 0.0034 1462 396 1474 539
pole 0.0030 1514 485 1530 608
pole 0.0030 1495 432 1520 609
pole 0.0024 1416 90 1460 672
pole 0.0015 1483 10 1590 792
pole 0.0013 1523 14 1628 826
pole 0.0011 1510 433 1524 542
pole 0.0010 1512 -14 1552 602
pole 0.0010 1480 438 1532 577
rail-occluder 0.1498 1464 543 1481 604
rail-occluder 0.0331 1415 570 1442 666
rail-occluder 0.0263 1440 560 1483 617
rail-occluder 0.0205 1464 536 1481 569
rail-occluder 0.0164 1464 555 1493 604
rail-occluder 0.0078 1414 555 1433 643
rail-occluder 0.0028 1459 521 1498 579
rail-occluder 0.0012 1461 571 1505 608
