guard-rail 0.1481 701 829 843 1075
guard-rail 0.0027 1014 803 1036 1080
guard-rail 0.0025 839 820 985 1059
guard-rail 0.0018 876 837 948 1072
guard-rail 0.0010 543 814 952 1082
rail 0.9611 649 454 1049 1074
rail 0.9601 1068 432 1896 1079
rail 0.7938 1217 440 1923 703
rail 0.0887 683 816 1018 1075
rail 0.0776 1357 458 1934 611
rail 0.0599 1543 497 1917 641
rail 0.0467 708 840 838 1073
rail 0.0050 1275 411 1894 562
rail 0.0049 1645 500 1917 591
rail 0.0046 1503 368 1855 628
rail 0.0037 1404 489 1913 780
rail 0.0022 1754 529 1919 616
rail 0.0019 1252 445 1693 569
rail 0.0019 814 833 989 1078
rail 0.0015 1535 467 1822 601
rail 0.0015 1313 462 1599 531
rail 0.0012 1754 551 1921 735
rail 0.0010 1520 508 1699 612
rail 0.0010 1754 494 1921 571
rail 0.0010 1408 473 1647 577
switch-indicator 0.4231 512 697 588 816
switch-indicator 0.0849 1109 569 1152 666
switch-indicator 0.0088 1481 576 1503 665
switch-indicator 0.0022 11 895 146 1072
switch-indicator 0.0018 1474 624 1508 671
switch-indicator 0.0014 1472 578 1520 685
switch-indicator 0.0010 1106 549 1146 636
switch-left 0.0530 697 823 975 1079
switch-left 0.0432 735 811 1020 982
switch-left 0.0027 771 808 1054 917
switch-right 0.0190 759 807 1017 923
switch-right 0.0140 690 809 1011 1042
switch-static 0.0142 502 692 596 817
switch-static 0.0033 2 901 162 1078
switch-static 0.0013 4 879 159 992
track-sign-front 0.0137 842 424 871 442
track-sign-front 0.0092 1107 565 1152 649
track-sign-front 0.0065 1889 780 1917 859
track-sign-front 0.0020 838 426 871 457
track-sign-front 0.0018 10 884 155 942
track-sign-front 0.0015 379 284 508 367
track-signal-front 0.0061 1163 351 1180 384
track-signal-front 0.0034 1130 375 1151 417
track-signal-front 0.0032 1132 389 1147 417
track-signal-front 0.0014 1169 327 1186 365
track-signal-back 0.0014 1174 318 1192 351
pole 0.1118 1307 385 1324 486
pole 0.0162 1664 367 1727 688
pole 0.0100 1560 395 1816 672
pole 0.0076 1302 414 1328 490
pole 0.0074 1311 359 1328 477
pole 0.0042 1617 439 1727 623
pole 0.0037 1293 366 1327 488
pole 0.0015 1665 276 1775 677
pole 0.0010 1216 360 1241 462
rail-occluder 0.0374 1307 444 1324 485
rail-occluder 0.0192 1621 452 1786 664
rail-occluder 0.0126 1595 482 1745 632
rail-occluder 0.0098 1652 444 1736 669
rail-occluder 0.0096 1541 488 1849 662
rail-occluder 0.0068 1112 567 1151 695
rail-occluder 0.0032 1302 422 1330 488
rail-occluder 0.0024 1655 497 1730 616
rail-occluder 0.0011 1577 512 1807 729
