rail 0.9729 860 458 1192 1078
rail 0.9654 0 458 913 1078
rail 0.0404 900 456 948 470
rail 0.0205 921 456 955 471
rail 0.0143 886 454 925 471
rail 0.0035 878 454 929 479
switch-indicator 0.0248 732 530 749 557
switch-indicator 0.0066 385 673 415 713
switch-indicator 0.0052 432 661 497 716
switch-indicator 0.0015 381 673 459 732
switch-indicator 0.0013 379 675 417 736
switch-static 0.3260 1374 973 1488 1065
switch-static 0.1284 1259 824 1336 888
switch-static 0.1124 1247 838 1401 967
switch-static 0.1019 1269 867 1452 1008
switch-static 0.0986 1303 861 1381 922
switch-static 0.0949 1317 891 1485 1059
switch-static 0.0501 435 677 493 709
switch-static 0.0175 1249 807 1350 929
switch-static 0.0175 1218 859 1375 1006
switch-static 0.0139 1324 900 1436 975
switch-static 0.0108 422 670 499 719
switch-static 0.0081 330 723 376 749
switch-static 0.0067 1256 815 1324 858
switch-static 0.0063 1361 934 1461 1053
switch-static 0.0041 412 695 482 732
switch-static 0.0028 1345 907 1446 1025
switch-static 0.0027 1384 948 1564 1068
switch-static 0.0023 1238 860 1329 960
switch-static 0.0018 1235 898 1434 1058
switch-static 0.0018 1209 823 1338 952
switch-static 0.0013 1311 850 1422 950
switch-static 0.0013 1261 878 1353 985
switch-static 0.0012 412 711 473 748
switch-static 0.0012 390 694 462 742
switch-static 0.0011 378 677 465 728
switch-static 0.0010 1349 937 1496 1096
track-sign-front 0.1532 1595 562 1638 667
track-sign-front 0.1517 733 533 747 556
track-sign-front 0.0275 1597 603 1632 664
track-sign-front 0.0152 1522 633 1578 729
track-sign-front 0.0115 1567 567 1622 690
track-sign-front 0.0100 1569 575 1601 726
track-sign-front 0.0079 1535 590 1587 734
track-sign-front 0.0050 385 672 411 710
track-sign-front 0.0048 1499 468 1541 565
track-sign-front 0.0038 1481 448 1543 593
track-sign-front 0.0034 703 463 724 485
track-sign-front 0.0028 942 454 969 472
track-sign-front 0.0020 1601 601 1648 679
track-sign-front 0.0019 726 530 753 559
track-sign-front 0.0017 1565 538 1666 681
track-sign-front 0.0014 1585 545 1635 632
track-sign-front 0.0013 1141 611 1165 651
track-sign-front 0.0013 1461 449 1503 601
track-sign-front 0.0011 1587 571 1652 701
track-sign-front 0.0011 1508 504 1548 551
track-sign-front 0.0010 856 436 905 477
track-signal-front 0.0025 938 401 954 427
track-signal-front 0.0012 931 402 957 459
track-signal-back 0.8407 1277 139 1331 316
track-signal-back 0.8003 426 146 482 306
track-signal-back 0.0232 864 391 875 411
track-signal-back 0.0035 392 148 502 316
track-signal-back 0.0022 858 384 874 403
track-signal-back 0.0016 1268 130 1375 320
track-signal-back 0.0016 428 236 472 310
track-signal-back 0.0012 860 397 883 469
pole 0.0018 111 -20 252 755
