crossing 0.0012 1188 441 1238 466
crossing 0.0012 1200 458 1261 501
guard-rail 0.0225 1194 438 1738 1079
guard-rail 0.0016 1200 467 1255 531
guard-rail 0.0015 1198 475 1235 512
rail 0.9622 687 425 1262 1075
rail 0.9463 1203 425 1916 1078
rail 0.0018 1015 432 1226 1071
rail 0.0012 809 457 1070 1051
switch-unknown 0.0013 1194 465 1235 498
track-sign-front 0.0606 1006 438 1019 455
track-sign-front 0.0461 1219 366 1233 384
track-sign-front 0.0125 1001 431 1018 450
track-sign-front 0.0093 1059 388 1075 452
track-sign-front 0.0043 1056 366 1076 429
track-sign-front 0.0037 1063 391 1078 431
track-sign-front 0.0037 1052 399 1072 426
track-sign-front 0.0015 1052 432 1071 472
track-sign-front 0.0014 1031 435 1066 470
track-signal-front 0.6304 1057 364 1076 385
track-signal-front 0.0405 1219 367 1234 385
track-signal-front 0.0205 1061 360 1077 379
