train-car 0.0012 940 525 993 561
train-car 0.0011 921 532 1014 559
rail 0.9599 880 548 1150 1075
rail 0.9524 950 549 1923 1077
rail 0.9523 1 550 883 1074
rail 0.0010 980 567 1611 940
track-sign-front 0.6729 1219 553 1240 584
track-sign-front 0.0506 628 567 641 590
track-sign-front 0.0501 717 559 729 578
track-sign-front 0.0232 627 564 642 620
track-sign-front 0.0134 1219 557 1237 604
track-sign-front 0.0130 631 561 643 583
track-sign-front 0.0112 714 553 727 572
track-sign-front 0.0109 624 591 641 626
track-sign-front 0.0081 1091 535 1102 558
track-sign-front 0.0065 1873 666 1896 685
track-sign-front 0.0050 470 258 496 293
track-sign-front 0.0041 1090 507 1103 559
track-sign-front 0.0037 629 574 648 631
track-sign-front 0.0034 1871 615 1900 752
track-sign-front 0.0032 623 559 640 600
track-sign-front 0.0030 1873 655 1907 695
track-sign-front 0.0029 1089 546 1099 577
track-sign-front 0.0027 629 561 646 594
track-sign-front 0.0021 1868 654 1892 697
track-sign-front 0.0019 1086 467 1102 539
track-sign-front 0.0018 1031 484 1045 561
track-sign-front 0.0010 1087 411 1105 599
pole 0.0376 846 414 865 633
pole 0.0296 1225 265 1243 610
pole 0.0239 1086 352 1101 611
pole 0.0221 851 470 872 585
pole 0.0101 832 392 865 654
pole 0.0078 825 384 853 662
pole 0.0042 1221 309 1246 729
pole 0.0025 1881 548 1919 855
pole 0.0025 839 442 869 579
pole 0.0024 978 448 1008 571
pole 0.0015 836 530 862 616
pole 0.0013 1088 418 1099 551
pole 0.0013 950 489 992 568
pole 0.0012 807 381 847 656
pole 0.0012 1010 439 1044 571
pole 0.0011 871 483 909 568
pole 0.0010 1208 259 1256 643
rail-occluder 0.0030 835 581 852 629
