crossing 0.0021 831 463 853 477
rail 0.9706 705 465 1076 1076
rail 0.0373 1739 620 1925 810
rail 0.0061 1629 637 1915 836
rail 0.0057 1832 670 1919 819
rail 0.0049 1762 662 1918 902
rail 0.0027 1855 681 1919 901
rail 0.0017 1682 650 1920 1019
rail 0.0013 1876 691 1920 1012
rail 0.0012 1882 683 1917 808
switch-static 0.0587 903 601 972 635
switch-static 0.0466 759 529 795 547
switch-static 0.0316 755 529 802 556
switch-static 0.0173 751 561 801 584
switch-static 0.0139 744 537 794 564
switch-static 0.0110 920 589 1003 626
switch-static 0.0061 879 489 907 503
switch-static 0.0057 898 602 934 630
switch-static 0.0031 762 525 817 546
switch-static 0.0028 911 612 981 650
switch-static 0.0024 914 610 1025 658
switch-static 0.0023 973 576 1014 617
switch-static 0.0020 750 570 805 602
switch-static 0.0016 915 577 978 610
switch-static 0.0015 899 577 982 628
switch-static 0.0012 728 573 790 608
switch-static 0.0011 949 600 1025 637
switch-static 0.0010 762 534 815 562
track-sign-front 0.0594 996 462 1012 486
track-sign-front 0.0044 993 471 1011 508
track-sign-front 0.0033 991 456 1016 492
track-sign-front 0.0024 868 459 921 503
track-sign-front 0.0023 991 492 1010 561
track-sign-front 0.0016 896 460 919 482
track-sign-front 0.0015 822 464 853 480
track-sign-front 0.0013 903 448 921 473
track-sign-front 0.0013 988 568 1011 604
track-sign-front 0.0012 848 461 905 495
track-sign-front 0.0011 877 444 923 482
track-signal-front 0.8269 995 311 1031 378
track-signal-front 0.0394 999 389 1027 413
track-signal-front 0.0143 995 377 1023 401
track-signal-front 0.0086 1010 392 1039 414
track-signal-front 0.0010 1015 385 1054 409
track-signal-front 0.0010 925 402 952 422
track-signal-back 0.8348 677 305 711 372
track-signal-back 0.1101 683 377 707 408
track-signal-back 0.0586 1000 390 1027 413
track-signal-back 0.0069 661 302 727 377
track-signal-back 0.0042 664 408 694 443
track-signal-back 0.0040 656 412 671 438
track-signal-back 0.0027 681 374 710 427
track-signal-back 0.0023 686 403 704 442
track-signal-back 0.0012 1036 394 1066 417
track-signal-back 0.0010 685 384 705 458
fence 0.0123 1697 604 1918 822
fence 0.0024 1610 488 1922 911
pole 0.0051 1891 130 1919 627
pole 0.0016 1897 234 1918 531
pole 0.0015 -10 7 157 1117
pole 0.0015 1768 559 1899 800
pole 0.0012 1876 86 1923 757
pole 0.0010 1713 95 1890 927
rail-occluder 0.0035 1706 566 1916 799
rail-occluder 0.0017 1655 388 1921 875
rail-occluder 0.0011 1889 660 1917 799
