train-car 0.0033 0 488 126 647
platform 0.0729 669 713 1876 1071
platform 0.0204 0 601 151 720
platform 0.0046 -2 617 185 777
platform 0.0035 -1 538 159 685
platform 0.0029 1084 718 1616 963
platform 0.0028 0 624 98 766
platform 0.0022 157 574 1669 1073
platform 0.0019 1 602 85 699
platform 0.0019 1306 781 1900 1053
platform 0.0017 1 607 151 888
platform 0.0015 553 659 1467 1028
rail 0.8502 1 742 556 1078
rail 0.0230 -1 750 270 1078
rail 0.0038 -2 622 130 759
rail 0.0029 2 676 181 1028
rail 0.0026 131 792 399 1031
rail 0.0019 35 689 1397 1087
rail 0.0018 0 597 152 905
rail 0.0018 103 820 255 1046
rail 0.0014 4 770 228 962
rail 0.0011 0 654 44 1052
rail 0.0011 47 797 301 983
rail 0.0011 0 616 84 717
rail 0.0010 1441 129 1866 997
track-sign-front 0.0123 118 461 145 487
track-sign-front 0.0027 1308 771 1399 840
person 0.5973 485 631 539 773
person 0.2091 438 636 486 760
person 0.0134 508 651 558 779
person 0.0045 671 645 732 771
person 0.0031 500 627 549 744
person 0.0029 1 487 114 645
person 0.0020 26 500 91 612
person 0.0014 -2 512 21 635
person 0.0013 634 641 720 771
person 0.0012 13 505 70 635
person 0.0011 1 534 73 689
