guard-rail 0.7493 769 699 902 835
guard-rail 0.2284 473 701 677 800
guard-rail 0.0946 439 707 665 856
guard-rail 0.0843 -1 577 942 1074
guard-rail 0.0764 973 577 1003 601
guard-rail 0.0663 990 565 1021 591
guard-rail 0.0466 538 686 711 772
guard-rail 0.0433 196 762 549 1024
guard-rail 0.0277 991 558 1036 580
guard-rail 0.0243 1034 550 1080 575
guard-rail 0.0233 216 800 495 952
guard-rail 0.0227 1087 588 1106 631
guard-rail 0.0209 302 723 578 946
guard-rail 0.0179 309 662 815 1013
guard-rail 0.0166 730 670 925 937
guard-rail 0.0121 810 693 916 801
guard-rail 0.0112 591 677 719 748
guard-rail 0.0101 48 704 668 1060
guard-rail 0.0089 1094 598 1113 639
guard-rail 0.0075 490 499 1098 1078
guard-rail 0.0069 713 727 865 851
guard-rail 0.0065 283 770 543 895
guard-rail 0.0059 416 722 693 952
guard-rail 0.0058 439 739 596 841
guard-rail 0.0049 548 708 658 772
guard-rail 0.0044 985 569 1034 610
guard-rail 0.0043 8 804 516 1041
guard-rail 0.0042 529 716 637 795
guard-rail 0.0032 630 673 720 730
guard-rail 0.0029 1032 570 1057 626
guard-rail 0.0026 1043 562 1090 616
guard-rail 0.0025 523 612 903 833
guard-rail 0.0024 777 641 949 850
guard-rail 0.0024 1053 543 1107 607
guard-rail 0.0024 641 661 747 719
guard-rail 0.0024 492 715 601 816
guard-rail 0.0022 466 735 614 897
guard-rail 0.0018 390 747 583 880
guard-rail 0.0017 504 691 877 1077
guard-rail 0.0014 852 675 941 748
guard-rail 0.0014 285 804 451 920
guard-rail 0.0012 463 687 607 776
guard-rail 0.0012 957 598 996 624
guard-rail 0.0011 613 643 776 736
guard-rail 0.0011 601 654 978 1009
guard-rail 0.0011 974 595 1017 627
guard-rail 0.0011 1033 585 1050 642
guard-rail 0.0011 351 774 711 1060
guard-rail 0.0011 946 584 977 614
rail 0.9590 1019 508 1332 1079
rail 0.9392 10 509 1030 1074
rail 0.2717 1025 519 1069 543
rail 0.1075 1008 515 1059 536
rail 0.0136 1033 510 1082 532
rail 0.0084 1015 512 1076 552
rail 0.0083 396 612 992 1062
rail 0.0049 1047 513 1104 545
rail 0.0042 502 986 623 1072
rail 0.0040 995 544 1045 580
rail 0.0035 981 511 1034 540
rail 0.0021 -2 761 526 1067
rail 0.0010 441 743 785 1075
switch-left 0.0241 1041 544 1077 571
switch-left 0.0014 1027 520 1084 566
switch-right 0.2165 1039 537 1076 558
switch-right 0.0381 1041 545 1077 569
switch-right 0.0124 1035 553 1078 574
switch-right 0.0053 994 548 1047 576
switch-static 0.0208 994 546 1043 579
switch-static 0.0127 488 696 526 719
switch-static 0.0098 1094 545 1139 564
switch-static 0.0094 457 694 526 727
switch-static 0.0090 1046 537 1094 561
switch-static 0.0047 1044 508 1106 550
switch-static 0.0022 1090 548 1139 577
switch-static 0.0017 1112 540 1144 566
switch-static 0.0011 433 691 507 735
track-sign-front 0.0565 1127 504 1140 520
track-sign-front 0.0130 1117 498 1142 522
track-sign-front 0.0076 1111 506 1141 534
track-sign-front 0.0070 831 496 844 515
track-sign-front 0.0025 1204 539 1237 555
track-sign-front 0.0021 1127 475 1148 515
track-sign-front 0.0013 1128 486 1161 525
track-sign-front 0.0013 935 472 969 518
track-sign-front 0.0011 1100 469 1127 500
track-signal-back 0.0046 944 474 964 500
track-signal-back 0.0028 946 466 992 500
track-signal-back 0.0022 1002 469 1033 506
track-signal-back 0.0018 970 464 1012 498
