0.681810587644577
0.37267621519953703
0.26101966604243876
0.21169964151327
0.19607344540052635
0.18987119717653408
0.18425446298233297
0.18080914006676785
0.1784440271383108
0.1758979531914689
0.17481013751307198
0.17407445859077364
0.17116972478323206
0.17113451735917912
0.16986664429653522
0.16870626509189607
0.16764202492181646
0.16706968483536744
0.1654729464719462
0.16576062371564465
0.1652561871811401
0.16250765510769777
0.16283665341000225
0.16307569291702537
0.16055138824984086
0.16146680102791897
0.1591968666675479
0.1605690978294195
0.16080480058525884
0.1611532758141673
0.1587847817775815
0.15747325642164364
0.158078111257664
0.1586715730816819
0.15658775526423788
0.15594161617201427
0.1561637071329494
0.156652091616808
0.15617926439573598
0.15528586011293322
0.15514877798945403
0.1551325812242752
0.1560848306084788
0.15516672820545907
0.15367560660423235
0.15351353828297104
0.15397405596666558
0.15315824026285216
0.1543953793339951
0.15256534995034685
0.15118792453824087
0.1500950021452682
0.15018062154914058
0.14787713304855102
0.1475492453852365
0.1466741812610349
0.14564164202920227
0.14625206218902456
0.14552525794783303
0.14461863602316657
0.14453971910961838
0.1437816085683745
0.14353685037687766
0.14140200994389002
0.14163852309764818
0.14094921794048576
0.1408468137473561
0.14084671422146086
0.14035358371776205
0.13891642836983814
0.1390040486357933
0.13931263343885888
0.13832009387917296
0.13697392351405566
0.13730742870721707
0.137808016843574
0.137302278987197
0.1371585782530696
0.13607822332617847
0.1368889438031718
0.13533655509006146
0.13574365602676258
0.1350137295764546
0.13554738924600357
0.1357850744107435
0.13492097459560218
0.1349234344654305
0.1329794710978519
0.1338273093970709
0.13313619541220886
0.13461004166409027
0.13271513229539228
0.13191027663821397
0.13259749216742295
0.13242447154466497
0.13162422445277835
0.13214062512960545
0.13142195515507876
0.13189213255117105
0.13141115657811941
0.13230939807240352
0.13023836836218833
0.12998771078364793
0.12996928523792778
0.1310108206126579
0.12945683650499165
0.13013223446039265
0.1298804909510668
0.13124515194185946
0.12835636937687564
0.12893372257781582
0.12944637985770094
0.12890041188098664
0.13000435827429904
0.1296259549641332
0.12706767209740572
0.1290370642792347
0.12812237382628197
0.12771656559996827
0.1274193502269512
0.12785352083832718
0.12675375065138172
0.12750986894202787
0.12781853324105574
0.12683749394707902
0.12670456032420313
0.12673761894883112
0.1276803659491761
0.12651779277380124
0.12674271599497905
0.12594637754698132
0.12611507811518602
0.12567978333248647
0.12456013731831728
0.12601167602941046
0.12423175675577895
0.12452781340757081
0.12556498319257137
0.12409034639943478
0.12486057044115177
0.12540044592216956
0.12403545092011607
0.12324355826821438
0.1253025806920473
0.12383760731927185
0.12390337059664172
0.12409077598605045
0.12411081709487494
0.124155343323946
0.12303925730114759
0.1230614539842273
0.12263452038168907
0.12394581596518672
0.12296851473145706
0.12285273390453916
0.12345451452704363
0.12284714369926342
0.12372243983107944
0.12183414753093276
0.12163367462019588
0.1218832690008851
0.12152467441073683
0.12251436213074729
0.12128788962267166
0.12193679366000863
0.12244501878009285
0.12091316116410633
0.1223565204545509
0.12101641494867414
0.12024411034098892
0.12057114087565
0.11984657264033029
0.12102157276037127
0.12118665089094362
0.12094179793845776
0.12004260529958924
0.12066757103731465
0.12010720685817475
0.12045938793656438
0.12045537176173787
0.12145198481374009
0.11948383968583373
0.12015695363976235
0.11940133258007293
0.11835136819024418
0.12032491199152415
0.11963507749660071
0.11896108381969984
0.1188736759472725
0.11783261399629504
0.11860684159883234
0.11853977712087853
0.11861375239352848
0.11840361476291057
0.11895497663076533
0.11758278322427772
0.11776125545418539
0.11820534337745156
0.11791207653491996
0.11865713329509248
0.11827295070817304
0.11821535756421643
0.11791015031725861
0.1174134841665279
0.11740375064140142
0.11715559339107469
0.11653260543595913
0.11760550130938374
0.11826312030817188
0.1171378948660784
0.11625073777381764
0.11598766851563787
0.1181716809092566
0.11785026686482651
0.11710763234038686
0.11633955011534136
0.11585506091630736
0.11708139345742935
0.11645031029055285
0.11621824149475542
0.11691501140594482
0.11509451762188312
0.11603768698351327
0.11616766833981802
0.11599396872659062
0.11594452653513398
0.11646703570041546
0.11553998171936634
0.11591439281785211
0.11519727845524633
0.11618159307643425
0.11584324803809787
0.11569690716474555
0.11430715447248414
0.11349239241938258
0.11397433923773988
0.11463850604933362
0.11482539405656415
0.11481863097396008
0.11478128710458445
0.11371660774876904
0.11402085037078968
0.11390985401217328
0.11528597449840501
0.11388971401855003
0.11462552783101104
0.1138129502881405
0.11483466909375302
0.11323177178585252
0.11380881570106328
0.11428538798246272
0.1135068133300127
0.11403581276535987
0.11313176735542542
0.1143432974988638
0.11200498039292735
0.1139322204125482
0.1121645008408746
0.11282919926005741
0.11238050265021102
0.11286255365540815
0.1139665270267531
0.11291369553222212
0.1128878568667312
0.11294216674774192
0.1109987524186456
0.11114658482892568
0.11379769123917402
0.11261872820729434
0.1116409068017505
0.1128516056509905
0.11259012090605358
0.1125929634065129
0.111773659340864
0.11222284761972205
0.11208957898062329
0.11245108248535977
0.11099473139227822
0.11220131121402563
0.11133881528363672
0.11164001108602035
0.11161227579726729
0.11120507387920868
0.10981143184526022
0.11104255178293516
0.1110561509811601
0.11133698394825292
0.11094743614626486
0.1115138290579929
0.11081663832761521
0.1098914090110812
0.11003550786611646
0.10948666819306307
0.1094879322966864
0.11032738432634709
0.11019435838557953
0.11035059803100519
0.11007746806324914
0.11115933310153872
0.11091191073836282
0.108970409666383
0.10981622440523879
0.10970244168542152
0.1085527571654597
0.10874818367666976
0.1093792286723159
0.10875403818696044
0.10900408045150513
0.10935245939465456
0.10856842263493427
0.10765422795747602
0.10831320356837539
0.10825515465680943
0.10889420488546062
0.10850166884619136
0.10839162993916246
0.10938806992977164
0.11014929077652998
0.10882172158291173
0.10835221246924512
0.10865187783573949
0.10719060743617458
0.10881143499945485
0.10689499830437262
0.10811343026715656
0.10722095536631207
0.10753325762790303
0.10748572285438693
0.1071744738969692
0.107771269405304
0.10753272596833317
0.10712660911471344
0.10791999585060186
0.10664372991683871
0.10599101215254429
0.10725754135569861
0.10801283944138261
0.10790272429585457
0.10590142699521642
0.10583253334774527
0.10703670909238416
0.10698586466700531
0.10591463690926863
0.10600436317712762
0.10588583301666171
0.10643041523736577
0.1065023805859477
0.10650534539721733
0.10484153941966766
0.10536990515714469
0.0743273708103008
0.07410255855945654
0.0736530041711968
0.07368228421654813
0.07358214386500592
0.07327596743612788
0.07250030979860661
0.07252593475372292
0.07261358252618202
0.0721874086229607
0.07233613709550957
0.07202981706102227
0.0721490066758422
0.0713567100378663
0.0716499007371969
0.07144304440291815
0.07141029495139455
0.07096416095141754
0.07079636333293693
0.0704760498172322
0.07089913269115049
0.07078955960135128
0.06992338586512
0.07043093760866065
0.07012522574947323
0.07041141258249449
0.0698674158648003
0.07001615340799787
0.07006632713384406
0.06985310342942559
0.06951807893292848
0.06949761700491573
0.06937559759894082
0.06897808956198914
0.06903829070371251
0.06929372095091399
0.06910008148745049
0.06922456384744755
0.06881434661011364
0.06879519334192886
0.06856002519990123
0.06859112945926744
0.06846138749184996
0.0684721210754888
0.06833978874045749
0.0682257886109657
0.06833048827599647
0.06837919454068639
0.06786093937103138
0.06798405525122964
0.06778081294235795
0.06811762494576531
0.06789708742222121
0.06768653558263946
0.06740304264564846
0.06715624507429988
0.06739371587890525
0.06726650962129582
0.06720460369143375
0.0670732716141745
0.06704898514719897
0.066842952526586
0.06719142352772313
0.06675503700971604
0.06681225420257379
0.06614541238996871
0.0667520790945652
0.06661485996703768
0.06662073107652886
0.066467822732967
0.06634151626291664
0.06653776148897271
0.0659926497399114
0.0659440720930349
0.06604809798300267
0.0658066537231207
0.06611634936443594
0.06589190223535826
0.06603248249306236
0.0657057287561339
0.06584976641244666
0.06596872136863165
0.06550340564964816
0.0655327218216519
0.06543088729471662
0.06547363305161166
0.06547348785192468
0.06566511850890726
0.06557076718918113
0.06489662219618642
0.06539672007567661
0.06522263082307439
0.06508417409346547
0.06517971903952055
0.06512871850715127
0.06527130714682645
0.06492317596147226
0.06520546078681946
0.06496353924794253
0.06483809583235618
0.0648654185322135
0.06468884967440783
0.06465787263803704
0.06462602003715759
0.06438707626143167
0.06474902557079182
0.06461648393509
0.06467035136423832
0.06466653788852138
0.06477623881642208
0.06443412620141063
0.06448806784180708
0.06449022004597409
0.06444839151619479
0.06443700438668562
0.06439506006968576
0.06451091886779596
0.06456238228048003
0.06442842062476069
0.06448057096364886
0.0645742351492477
0.0643240193901367
0.06429881181481273
0.06451981099712294
0.06395133146366408
0.06449880136480166
0.06404156667548556
0.06441324821045233
0.0640321065346862
0.06414402758832588
0.06451874346753886
0.06442109183516613
0.06426407244316368
0.06411228095896022
0.0643033272131931
0.06423862677847231
0.06393118105655493
0.0640469204634428
0.06415109756554283
0.06414509248421636
0.06425755263934302
0.06397383817753126
0.06430402439694072
0.06398820618903914
0.06431854718992877
0.06437846857101419
0.06401137404663618
0.06425843575839386
0.06394374519586563
0.06404238330243632
0.11267947339734366
0.11413074872174929
0.11417898974099824
0.11289181802854982
0.11228729294136514
0.11319822525215703
0.11363488550102988
0.11360033208201098
0.11220549663832022
0.11279345875562624
0.11399455812088279
0.11325899392019871
0.11306299267466678
0.11351430747051572
0.11254281533318897
0.11355484410427337
0.11244628621741783
0.11257299255839615
0.11346949671590051
0.11275270113418269
0.11278701414202535
0.11231027756666029
0.1127125583589077
0.1126995152512262
0.11249396944808406
0.11175732052949972
0.11185510337006214
0.11302708733913511
0.11291555462535037
0.11147739596145098
0.11182217714051867
0.11213768323840097
0.11126885667096736
0.1122145300341207
0.11126934246614922
0.11165517064374547
0.11238559884733931
0.1114039009047109
0.11260915802315224
0.11079595754312914
0.11242560746018276
0.11166442223759585
0.1119094594100187
0.11210732768441356
0.11237383578405824
0.11015664507136788
0.1120608864482059
0.10965281532600868
0.11105340253128562
0.11048554845674094
0.11136874875356985
0.11066755966045136
0.11153202668525451
0.11049877661605213
0.11018539719110311
0.1100146118984666
0.11073600920133812
0.11096108541932218
0.11006178270245708
0.11045788457227308
0.0778932003780853
0.07756488569254098
0.07739171557301698
0.07703861170556656
0.07652388124964958
0.07592872066726518
0.07622496784599715
0.07616381560300672
0.07629347205335317
0.07615200451813466
0.07553345103596532
0.07562979654690553
0.07601474747061729
0.07558356257545394
0.075521566909413
0.07530887910966264
0.07507606049956278
0.07460435394977415
0.07480251072624396
0.07491132247066776
0.07453942827360574
0.07468935411510079
0.07431854752087316
0.07473646691718767
0.07385504909379538
0.07389851388369882
0.07424503797015479
0.07398262292493221
0.07377954862665298
0.07394303873527881
0.07370971859714319
0.07380684688687325
0.07396987968579281
0.07303380045260108
0.0733890350128329
0.07338855062113252
0.0734017695105353
0.07304546776725802
0.07317141474679459
0.07293045241818871
0.07264183797808581
0.07277588012606599
0.07278318256139756
0.07246232465082823
0.07253710621491422
0.07260436944143717
0.07219871012277382
0.07204111150877421
0.07247287787843583
0.07248172904689644
0.07229689803234367
0.07213093712059564
0.07193911432526832
0.0721360937627249
0.07193817363748717
0.07188007728478243
0.0717445201305456
0.07168063968420028
0.07171147198871125
0.07210272565310778
0.07141097217451695
0.07137004545088424
0.07133714994199054
0.07131625508326431
0.07145328560714112
0.07109596962325795
0.07143513388758482
0.07085144571786703
0.0708025629697151
0.0710367905192597
0.07087105037861093
0.0709877235425073
0.07105113768646884
0.07082204661050508
0.07029131734093955
0.07064517821336902
0.07125261359263298
0.07060714502667272
0.0703625715575939
0.06999243554161039
0.07041681058878123
0.0706456494539283
0.07030720317433047
0.07023280862458917
0.0703969026460897
0.0703490168982467
0.0697369503593722
0.07001240569664989
0.06999710614598074
0.06985095142451829
0.06964506511251593
0.06970214634094127
0.06958634058923223
0.06945371809740399
0.06975119495114615
0.06963736093494781
0.06945024194239184
0.06910954059729743
0.0692495467704396
0.06941427451580069
0.06971461328482906
0.06951115802796774
0.06910417817186477
0.06919697991810565
0.06888261687790238
0.06908598478970139
0.0690108988260807
0.06893980706673722
0.06894313114327054
0.06903851524341938
0.06892379423560098
0.06871858168999816
0.06863254293106323
0.06889302935884442
0.06875148005783557
0.06860730910543786
0.0686146407626396
0.06845954264145951
0.06837230595911659
0.06868829506254473
0.06847416483905426
0.06860993329522222
0.06807834775468638
0.06861357543357582
0.06842001419254513
0.06856044730128244
0.06840973980724811
0.06839287368537382
0.06829713597720445
0.06787170772982198
0.06816884576407976
0.06800175920821899
0.0681776319565468
0.06783132437010143
0.06792598541739375
0.0677995790056018
0.06783424117710701
0.06850432432148346
0.06809686297594114
0.0676737965366175
0.06759081002064915
0.06777249449907347
0.0676288488472617
0.06807418268087298
0.06775576396910257
0.06755473641462104
0.06755371578037739
0.06739813993836558
0.06742147467164106
0.0673326492136301
0.06752026947431786
0.06716756270548632
0.06717143903464771
0.06727252357401127
0.06753313758865345
0.06728144382494827
0.06737274135094742
0.0675474957757911
0.0673501134958378
0.06703214560483778
0.06706126994171809
0.0671660625397466
0.06723824955176476
0.0670441944845194
0.0673856474285902
0.06718060042449209
0.06707207013874553
0.06721033652334713
0.066557849779032
0.06681109783781129
0.06660983374472275
0.0673965118738801
0.0665796919097734
0.06690138225811859
0.06695815118592839
0.06700782218818055
0.06657320252338121
0.06694568022219248
0.06658730643779733
0.06662936384767987
0.06699728300405103
0.06626882093070552
0.06685442772022514
0.06691361988006636
0.06646922938525676
0.06664885189817395
0.06679468739691169
0.06681239416086396
0.06666844037556371
0.06645945644136085
0.06654108351226463
0.06671090565275314
0.06628088172265263
0.06645912570489007
0.0668470521219248
0.06666663646004921
0.06634759605797225
0.06623226252579412
0.06624449838039487
0.06633421933754932
0.06618908560553262
0.06644617060069428
0.06638123603580996
0.06645682488763055
0.06635267972772897
0.06663691255935403
0.06663994523155135
0.06617946650746256
0.06620310860317807
0.06620214662926141
0.06632581674602142
0.06613565996115985
0.06644581643821196
0.06630589623264102
0.06648786987156369
0.06633595195274021
0.066511891600351
0.06631059850197892
0.0662176147796387
0.06611767061227976
0.06628071372938711
0.06623591405534467
0.06593752315397873
0.06632161765944126
0.06625318366081216
0.0664093603661587
0.06614676951322444
0.06643232044785521
0.06627083213696647
0.06612697705453219
0.06600314522551935
0.06607528705756331
0.06645824990646784
0.06627861728328605
0.06587165349791216
0.06589893305370974
0.06619305038001648
0.065949997193245
0.06584947747719842
0.06605248031921165
