0
0.07007193308148428
0.11456542809714958
0.14138405002603927
0.15810113513030902
0.17158070504212034
0.17764905131403824
0.1876928110223389
0.20641154018777005
0.22064833754680002
0.2367723361283817
0.24686663753623544
0.24765338466803274
0.25537361347036625
0.25735243850983774
0.2624509946249813
0.26819981158107603
0.28088643520733736
0.28718709905195394
0.2971232296801269
0.3000261317135103
0.3077451007404281
0.3119272807999922
0.31524862379228435
0.31176168899104006
0.31931400149448486
0.31900977189409613
0.31988704308826027
0.31696618040836944
0.31860691717217543
0.3187217469408993
0.3213073177045794
0.32170724334629974
0.3215375507874765
0.3236027200440289
0.32070377821948737
0.3233738209245472
0.32272173026933176
0.3221907530616476
0.3194998622596674
0.3166111713879711
0.314351129085688
0.31459606822373376
0.3130439566314782
0.31334461289657206
0.31023811351876585
0.31003471970765417
0.3094455471170583
0.3067058058805798
0.306086504182644
0.30458624756618397
0.3154669091562455
0.3165384572288002
0.31500001650848464
0.3156162060716995
0.3141242584935509
0.31343525088991747
0.31786278829197145
0.3169966497104897
0.31569723183190684
0.31802733952555756
0.318770410181587
0.3174791705671008
0.314724165394754
0.31767101073022846
0.31510209322902866
0.31286816224195335
0.31071922596914353
0.3145047323775047
0.3107074751023939
0.30924787336052767
0.3070026460617997
0.3056531836586625
0.3066598319414897
0.30539526975628306
0.3058619853964991
0.3031914343088845
0.30255808390959193
0.30228459009948283
0.30276569524533914
0.30179352591978914
